9.626400145052502189e-02 2.786316407573509180e-01 8.041836176679834081e-02 2.046274723841517984e-02 1.066694583815626547e-02 1.867556988855548217e-02 8.464425737759612156e-02 1.496617325549353117e-01 1.262894237244338025e-01 8.926965311766922595e-02 1.971314702674174454e-02 2.530251925882277819e-02
1.953929866735959475e-01 9.068507605665904192e-02 5.489623497944480512e-02 9.819839763873462746e-02 4.090899291085582645e-02 7.950633411493886193e-02 1.265523642595456910e-01 9.182869909914095907e-02 7.271075132127451102e-02 2.513380180513327330e-02 3.219163226391412447e-02 9.199472887676224397e-02
1.207446129930396239e-01 1.220582931074153249e-01 1.825092315471818494e-01 1.201693767895780085e-01 1.327027751837720482e-01 7.071170224741844812e-02 4.244093413206914689e-02 5.342523278923638069e-02 4.651475997826117620e-02 3.494799486355203849e-02 2.776075495031234477e-02 4.601433141816357181e-02
3.025125823180414147e-02 6.055920598179564962e-02 1.707446819780130132e-01 2.603552230998162353e-01 1.432289494374887895e-01 2.539844889593277644e-02 5.644169892821358087e-02 9.874296713708295703e-02 5.972553930712494463e-02 4.510200481739615186e-02 2.706105489496550207e-02 2.238896729036650435e-02
1.561154172370028959e-01 1.152189127623553522e-01 5.925575103243051200e-02 1.128358257891680927e-01 8.282467435201561201e-02 8.043450537877666617e-02 4.053529935439339343e-02 2.750730635718689338e-02 4.110860580974208534e-02 3.633352836271686037e-02 1.001647697541707543e-01 1.476654038100409239e-01
8.624261516811643213e-02 8.691041123051311545e-02 1.466496849379272660e-01 3.104771045624641901e-01 1.313644934956036403e-01 4.221894108092177911e-02 1.605627018935628508e-02 8.935713970926680710e-03 4.968836934405152991e-03 2.072769096667462577e-02 6.930001601065421957e-02 7.614822145243629881e-02
9.554361388872516236e-02 5.238736867499718675e-02 4.287584805915418962e-02 5.475683177663979301e-02 7.768353141873923784e-02 3.509863107535066140e-02 4.002973879002509616e-02 8.722882718148690373e-02 1.204627595727768841e-01 8.154379418480695030e-02 1.199907199361327642e-01 1.923983354411652191e-01
6.434208336729718182e-03 1.852760298243915152e-02 4.627274890152206777e-02 3.768218423474101186e-01 8.801108853828587542e-02 1.500437800320536530e-01 1.886180953599948529e-01 6.641823780496182439e-02 1.599863283784069140e-02 2.847327083149998883e-02 9.535996632490368816e-03 4.844495394771775910e-03
1.228461996581632631e-01 1.629640494696778241e-01 1.198863654673000267e-01 4.283095140346437901e-02 6.658470250302769844e-02 5.211335250857954821e-02 3.043238182857051569e-02 1.629816026032741491e-02 1.241848709952363648e-02 2.886872814144153532e-02 1.245426483797176520e-01 2.202139732802065319e-01
5.595581083181729032e-02 1.915412788136874878e-01 1.855683229634321474e-01 1.446699859643208741e-01 1.882046163747864154e-01 1.237722242885866408e-01 4.165764730897557333e-02 1.773241144357106530e-02 1.205549551523978774e-02 1.397968665084424120e-02 8.254558931387117118e-03 1.660796091335132313e-02
2.570130715166306090e-01 1.018158286294959525e-01 2.883521989702713534e-02 1.811682324181566189e-02 7.892269630160785032e-03 8.919317791508202253e-03 1.057310943250253099e-02 5.839368445807517627e-02 1.300738834210357353e-01 1.133770800060976136e-01 1.290754733292919787e-01 1.359142386463587926e-01
6.576820646193164144e-02 6.912377111134226926e-02 2.787475771388563117e-02 3.455312089311219498e-02 5.657986033862891229e-02 1.302305293770855688e-01 6.816784136386713766e-02 1.801619292265291550e-01 1.012122777840256393e-01 8.637111582916856545e-02 1.363622374593793096e-01 4.359435244104400975e-02
1.536356339285246120e-01 1.446421046419437972e-01 7.436565196915390086e-02 4.575752588424725209e-02 7.216616763002144108e-02 1.560849099156889075e-01 1.103332040734193442e-01 7.126649496151307717e-02 2.843901959086084924e-02 2.086826022574634482e-02 4.430072219499651964e-02 7.814030498388399582e-02
4.639633233786537303e-02 3.414760961746259038e-02 2.348679051099101384e-02 1.858149885106977206e-02 4.092481936841809581e-02 7.601808504837982705e-02 1.450300021319053667e-01 1.314002287798930191e-01 8.310462412176818081e-02 7.485132824361748205e-02 2.010017742106257888e-01 1.250569067780034627e-01
7.222884819575722815e-02 4.193118085897515335e-02 5.288106522520845398e-02 7.330803393423625247e-02 4.696875483106815324e-02 5.176536212884409044e-02 6.267204054009967162e-02 1.066487838997169507e-01 8.454840493570014992e-02 1.011471208952368639e-01 1.355710156773359820e-01 1.703293888778208975e-01
1.502666235294535524e-01 1.726594304714601791e-01 4.200376831543964351e-02 3.368953347244470903e-02 2.496425349439208158e-02 1.094867281597465408e-01 6.696356227980557185e-02 4.457176065387309649e-02 1.240369767075688856e-01 1.241455574026296832e-01 5.268830581877257530e-02 5.452349969441355054e-02
9.687264936279957328e-02 9.348959871205875238e-02 4.568934189407561353e-02 1.393703382391052459e-02 2.230218150309034794e-02 6.938906093576084622e-02 1.413158261032600171e-01 9.650051911901111334e-02 3.202414520826115524e-02 4.735258047574469886e-02 1.832128722500055984e-01 1.579141906120216932e-01
3.163798156822812679e-02 4.770756892565437834e-02 2.004046920250472374e-01 9.764952214021085930e-02 3.466427735252174125e-02 4.846059582553448319e-02 1.834854954561453699e-01 1.517378807698415988e-01 7.362961185010478971e-02 6.355130863715129086e-02 3.387307739939082740e-02 3.319798805016954679e-02
7.415840814043861418e-02 2.016674344778483785e-01 1.073619681108936852e-01 4.957231300258434226e-02 1.140852078365911099e-01 8.617646964186255476e-02 1.252124288953256059e-01 8.382048888163269595e-02 2.382172130579282912e-02 1.536395259196201256e-02 2.700410351684966875e-02 9.175550359821844915e-02
2.062424662815558543e-02 1.422722553724944244e-02 1.593599590263234875e-02 5.101839247856709142e-02 2.662324332780057756e-01 1.276282525612768837e-01 6.169532428599550089e-02 6.014855421799757823e-02 1.227238045932887156e-01 1.398484329025935224e-01 8.162653936517201558e-02 3.829079824906594931e-02
3.333879487686217113e-02 7.846500263509617601e-02 7.937522960389575832e-02 9.680784401092562552e-02 4.055835162010250350e-02 7.458123502272670513e-02 5.148125801747474584e-02 4.745459847514103824e-02 1.609618803936087028e-01 1.897969083369150933e-01 7.863151678054484950e-02 6.854738022670688047e-02
1.084079930177447512e-02 4.767875079105915459e-02 9.669994667756925955e-02 1.131661572546424355e-01 9.455536738975443833e-02 1.714191807775617971e-01 6.873549306514964430e-02 6.898044948302045620e-02 1.729076815449105964e-01 9.877933893195098292e-02 4.502574253438108853e-02 1.121109224822585890e-02
1.173160814787502781e-01 8.343992597975402603e-02 7.317958858260692478e-02 4.346865546402757519e-02 7.561655718249143954e-02 2.020543020641453191e-01 7.087832808120102246e-02 2.788256345628765953e-02 2.181191287305195292e-02 2.311269623365446585e-02 6.042992613139812341e-02 2.008094624726313171e-01
4.504859623990793704e-02 3.132639456736090178e-02 4.411207873675924984e-02 8.504598251203315806e-02 1.319296346177828982e-01 1.594679384892058183e-01 1.820437674711423981e-01 7.700776397043587740e-02 6.429766992185834140e-02 8.191603597581254004e-02 4.190182076667253036e-02 5.590231673102835641e-02
1.627702942541664755e-01 1.586072920856228530e-01 9.912827157157313995e-02 3.305999497071765436e-02 1.878236106038966638e-02 6.676871950098576224e-03 4.567313241900692114e-03 5.689530394470889048e-03 2.780559326572979578e-02 1.040391767736822681e-01 2.685885148416424228e-01 1.102847855900055546e-01
2.915229011970755374e-02 7.921526659414204752e-02 1.093335319075064149e-01 1.030543186566738462e-01 1.032478998490398425e-01 9.084156597857881432e-02 1.634004126917668054e-01 1.476632696325499983e-01 1.159438947705954959e-01 3.583133917336353558e-02 1.165349607918726368e-02 1.066271454688859192e-02
6.741545473984050796e-02 4.029138978941400329e-02 3.406393008895165775e-02 6.603646651593506056e-02 1.142681573492353997e-01 7.797630558343857099e-02 8.436086307063228595e-02 1.027636196480127412e-01 6.483449731473986399e-02 9.264428101780805558e-02 1.568921432514985004e-01 9.845289163049351921e-02
6.488668276542067237e-02 2.221616907774488781e-02 1.968179533117392355e-02 3.490745353759369674e-02 5.275629698608912121e-02 8.842783378605365008e-02 1.064484982364280463e-01 1.289260278773532165e-01 5.780492536063565334e-02 7.986393466502875182e-02 7.649586021960333437e-02 2.675845221568751153e-01
1.140808483107705468e-01 8.698836739754776948e-02 4.802033837260463733e-02 3.930365473448692304e-02 5.373923618927837348e-02 3.436454149580414619e-02 3.510506984477505116e-02 6.248129981597082272e-02 8.297846031151132062e-02 2.152730986845633743e-01 1.461414348529260221e-01 8.152364998976101285e-02
5.811356225760297423e-02 3.695593650930645291e-02 5.371025962041286322e-02 6.236213131936917120e-02 1.304549845994894541e-01 1.719975543376601190e-01 1.088907713985629855e-01 3.189199857591561160e-02 4.096919581048594217e-02 5.472406668754592474e-02 1.459823624696197364e-01 1.039471764140291465e-01
1.820145665331426160e-02 4.038724939551818771e-02 9.707384839874258486e-02 2.565463993112393482e-01 3.727770960356063812e-02 4.986991352528620525e-02 1.422476912874031385e-01 1.138958985969842630e-01 1.096254341066969368e-01 5.610845466093107581e-02 5.464128151576468778e-02 2.412466294455866550e-02
6.349657574644232416e-02 9.637298097420847476e-02 7.123013673272891866e-02 9.439919046061469310e-02 1.300830524992452331e-01 1.071355898346835200e-01 9.647033537952660887e-02 9.672517280596157341e-02 8.554878469397372842e-02 7.327991978694987918e-02 3.742902000152384390e-02 4.782924108414088327e-02
2.491570677369951692e-02 2.511316733890810171e-02 5.549159239015534484e-02 7.203804182458936611e-02 1.317945127662687732e-01 1.361880183312195736e-01 5.677530467200082864e-02 6.168131620063711795e-02 1.165703651204982871e-01 1.771960314664234037e-01 9.494861972199956923e-02 4.728732339360023490e-02
6.652025347727925919e-02 5.543099066983678963e-02 6.935584282304071979e-02 1.300757329682887820e-01 4.040390214372082539e-02 5.700094742452349594e-02 1.540452323237397336e-01 4.389807606720482619e-02 4.229308274163876696e-02 1.067355116922679148e-01 1.466955029042602277e-01 8.754492476419903357e-02
1.230065213828158144e-01 6.267497514992953489e-02 5.939095761850357591e-02 1.927244302370957341e-01 8.966740623347782546e-02 2.009516306209765263e-02 8.998775868079868928e-03 2.098808945040040591e-02 5.048438834682267284e-02 6.214685486054295771e-02 1.432674227816997936e-01 1.665550150085340630e-01
2.054409382922042782e-02 3.228749582823647185e-02 5.737028232912892711e-02 1.439895380957686710e-01 1.326079765006389910e-01 1.311961815189381375e-01 1.367590067944171317e-01 7.727599219707345646e-02 7.991579568214091100e-02 1.032557439230376711e-01 4.453614196142387238e-02 4.026175133997568489e-02
1.836320374134187972e-01 9.838338274084149071e-02 3.767942238421603807e-02 2.078281821449572131e-02 2.013293337118881449e-02 2.399444617204168212e-02 6.914714158163337565e-02 2.214172823033100923e-01 1.404571618167242408e-01 1.554623449456427053e-02 2.200887209360126787e-02 1.468182674139643096e-01
5.481299503110406007e-02 1.379245006084505176e-01 1.738786738693466893e-01 1.373103557166104327e-01 5.718460156625049945e-02 1.363636062406756860e-02 6.350795694269710523e-03 9.408835942438600192e-03 2.947627155476936767e-02 7.277071521058178782e-02 1.445425303808371420e-01 1.627033638012737593e-01
2.124608958470582815e-02 1.023590278350788585e-01 1.998775161409692969e-01 6.561035846702259478e-02 6.638063080142102279e-02 4.463886279641557375e-02 7.145961300986583553e-02 1.777792611459589889e-01 9.669050988882788022e-02 5.770749259768391537e-02 6.991217641794936211e-02 2.633846131410107205e-02
5.707129780510170752e-02 4.129037507793783396e-02 2.912363063020928164e-02 6.115447963942811926e-02 1.556136731215302937e-01 1.598672357613699080e-01 6.774890335189143187e-02 8.076650028382852120e-02 9.414966611456287993e-02 1.096398000276544299e-01 7.000480095540802250e-02 7.356963723107774744e-02
1.661096434090346130e-01 1.005928964991935903e-01 5.120126361461897757e-02 2.899386372665023817e-02 1.164494994930136695e-01 8.525980646665344553e-02 1.462471930847659141e-01 9.859534445862248864e-02 4.810630768962108339e-02 3.918922214975092966e-02 3.529522970179845009e-02 8.395972970627685328e-02
5.879721080026596713e-02 8.208167568999211183e-02 3.106630776104265523e-01 1.028299686396668133e-01 1.888570888141690579e-02 4.067589972085038259e-03 2.690214936085476728e-03 5.477081166899500260e-03 1.796261594711334036e-02 3.785874427214038634e-02 2.610879891916659257e-01 9.759812289224212289e-02
1.097295963052609680e-01 5.098548084444895490e-02 3.775500934374625972e-02 8.838285547646107521e-02 1.550833216679981807e-01 1.566894402434364786e-01 1.222036858247029095e-01 1.419904513109526978e-01 2.982731835993366470e-02 2.301129838636829447e-02 1.940612292455361210e-02 6.493541931213728247e-02
5.066769188620471459e-02 5.778182351806838979e-02 6.720813096415863275e-02 7.197276682584562157e-02 3.012565541591568502e-02 4.408422404032110581e-02 4.133779576099499281e-02 4.872002038831288462e-02 8.831759953620912929e-02 1.587997781818731302e-01 2.423378554543412222e-01 9.864665802775451908e-02
2.038740458536806022e-01 1.216158509951499322e-01 5.123632622929813474e-02 3.477904875624228398e-02 5.054653058953018085e-02 5.758105308899382629e-02 4.048040750932231646e-02 3.891886115226561582e-02 4.548006946787825494e-02 1.203269495037053161e-01 8.711204410917325336e-02 1.480488127447606439e-01
5.907378052592092421e-02 1.633477050025636812e-01 2.103648029403279163e-01 7.408498445016040157e-02 4.243439887500762009e-02 6.163905374263806136e-02 1.276821515115111327e-01 7.186198388741013576e-02 3.677128135512949814e-02 4.442861773311540530e-02 5.543734933273457982e-02 5.287389064348091416e-02
1.579468086703661803e-02 8.616269537132223433e-03 2.085931752514549875e-02 9.451773214664185851e-02 2.059679068516065414e-01 8.176971817857758840e-02 1.344057142368744739e-01 1.151715096577320130e-01 1.375018861648827362e-01 5.338738974010861366e-02 8.164672586724443237e-02 5.036114922701750291e-02
3.095439725285551932e-02 5.668285343734628945e-02 2.032375140621367759e-01 2.047093460555660660e-01 4.856155591740621280e-02 1.658986145820879818e-02 2.444955271039609204e-02 5.439892197646101213e-02 1.209384774821781611e-01 6.298122261993055471e-02 1.320405863288391934e-01 4.445571069867562675e-02
1.632390912905652969e-01 1.429437132519713327e-01 1.248544163968943882e-01 1.383827531433728941e-01 7.048036965897608308e-02 2.342867572676936294e-02 1.422837721533829099e-02 1.549370473983971777e-02 2.197688569273574880e-02 2.526975266415363783e-02 4.232365787463839707e-02 2.173786023447448201e-01
1.976028792519976193e-02 3.004174000684989992e-02 6.009056338550602255e-02 2.852746250801920791e-01 1.032517252252432849e-01 9.088629021615773906e-02 1.752089995890390162e-01 8.891651221524531079e-02 5.874583432741652123e-02 3.208243000402194456e-02 2.304094256493485759e-02 3.270004946019336445e-02
1.311361604280931736e-01 4.111706489733756020e-02 9.061545804414802840e-03 1.564232518417307122e-02 4.676112256993491395e-02 3.629151022128005583e-02 8.723296132519661739e-02 1.286816861756859554e-01 1.039801628590711069e-01 6.877813996149784170e-02 8.606773230669745312e-02 2.452495882666175520e-01
4.386900236829665428e-02 3.831909466419820831e-02 6.694112305099562954e-02 5.728302977378730426e-02 1.050721373547646581e-01 1.601939371074518892e-01 7.727154494101570736e-02 1.414973884683176364e-01 1.315869032029353680e-01 7.561814238884287387e-02 5.586748292035102759e-02 4.648021375904334840e-02
1.509174332269406713e-02 3.958563941929493790e-02 1.028202028197577889e-01 9.488673036723516141e-02 9.963551293409150800e-02 1.088484937199498542e-01 7.881043945699403586e-02 4.864896333844744708e-02 4.596275274694890806e-02 1.900862610054453450e-01 1.420392645661294195e-01 3.358399630301191208e-02
1.634014441483978494e-02 4.876331394709337505e-03 3.113215244699760794e-03 5.476435849111640358e-03 1.798355317292025385e-02 6.582961016595022252e-02 1.200646400980621559e-01 2.068842808804643441e-01 1.789014562546859255e-01 1.418629969809075408e-01 1.462886381197694430e-01 9.237869742387977423e-02
1.417999508410039688e-01 4.831328017934240215e-02 4.465155392705855847e-02 1.473010944934830327e-02 1.815428783527891013e-02 1.428696887670801580e-02 5.846618701682312902e-02 2.975769457636926463e-01 1.395751184394442013e-01 9.909538180444334154e-02 4.618824005351439971e-02 7.716197581334224842e-02
6.652631171419363942e-02 4.975048823622590238e-02 6.453342010221049807e-02 6.414696293159953544e-02 1.169711558644780658e-01 8.502262104185537295e-02 3.982442688682803766e-02 9.197014260751842918e-02 1.708338836092949120e-01 6.298824291197867298e-02 6.270874725320910170e-02 1.247235968406078532e-01
5.888712414119391669e-02 1.143629378806236968e-01 2.579529562711376789e-01 1.306212427361552186e-01 2.617735377263493701e-01 9.723334677908761214e-02 3.419283267782820962e-02 9.545885025785204314e-03 4.480181272331025533e-03 3.215222737216362828e-03 7.660628424925264301e-03 2.007410432736665001e-02
2.147648343170671659e-02 1.117599656496993943e-02 8.744885872272819063e-03 2.038562696590470041e-02 5.509739383317595329e-02 1.173199961525310669e-01 2.169730532914829757e-01 8.811381829908783436e-02 7.015055405064110627e-02 2.616427641711122076e-01 8.018123432856072430e-02 4.873819303855421448e-02
1.980456414656312294e-02 5.717411798956188035e-03 1.111544390789426760e-03 3.576784768754159675e-03 2.347529592406414831e-02 8.760398027494378792e-02 3.311969324601345965e-01 9.515527074365323634e-02 6.828846901234553179e-02 2.505206496309568820e-01 8.198636601892585196e-02 3.156273082991326029e-02
8.328276362995032378e-02 1.665239835284143821e-01 3.189857043559048144e-02 1.888889758967280535e-02 1.526386033347516130e-02 1.888965474572698935e-02 1.875158294157645150e-02 2.120145506360441787e-02 7.882343693689061737e-02 2.058133814792233451e-01 1.466278458465568313e-01 1.940345674693182143e-01
4.230039617431158305e-02 5.396241051287671564e-02 1.547299287411266766e-01 1.113772038678368936e-01 4.141286988339951125e-02 2.231605406094328004e-02 4.244892614626463723e-02 1.648529914647795525e-01 1.922357546608025602e-01 6.736429814364798541e-02 3.649842043858629592e-02 7.050074590542454445e-02
1.733078911037264636e-01 1.907929067840825887e-01 1.266747642787366956e-01 1.046422152011218798e-01 4.998614769665338242e-02 2.548255903938717593e-02 1.567099160089292786e-02 2.441877285847868922e-02 3.858988195822715683e-02 4.698899019540369454e-02 8.999430033054263423e-02 1.134505789527472108e-01
2.440508714617271868e-02 5.421361903049953801e-02 2.524323299993357431e-02 3.976128586249109975e-02 1.369993900819681532e-01 8.347052180735556326e-02 9.893230073135446390e-02 1.145594465289166003e-01 1.424267198198199691e-01 2.069155030493511904e-01 5.377390281006111383e-02 1.929899013207620612e-02
5.833622079702888152e-02 6.353653068208586774e-02 5.941621413899536575e-02 3.255896054941359585e-02 2.759235812644942817e-02 5.300632396589557288e-02 4.987408035284658647e-02 9.394063311097218538e-02 8.398481943840840902e-02 1.413854228176960603e-01 2.247584665778417923e-01 1.116099694423664523e-01
7.189961185634903551e-02 4.829056415464996754e-02 2.971389435634562079e-02 4.534199612571007676e-02 8.095083817878971633e-02 1.729173327782419778e-01 9.166551938014085021e-02 1.323848911145442675e-01 4.369995309439363845e-02 2.751711545884626131e-02 7.251196270012291722e-02 1.831063208018655630e-01
1.613593680209949102e-02 1.605176534650787704e-02 8.319732792210588618e-03 1.606209148729349431e-02 4.093227844352690520e-02 7.246430493804945083e-02 9.950603828326774758e-02 9.525047580257059443e-02 1.143002484672517860e-01 2.010645598852306426e-01 2.745466286297253422e-01 4.536593912226623282e-02
1.004755185497437087e-02 2.513010522279644776e-02 7.587961559255976263e-02 3.178544173370352333e-01 1.724064457764308278e-01 9.978417364439513826e-02 1.475491451194198833e-01 8.824786016327336446e-02 2.278243271366291178e-02 1.496738294638956523e-02 1.446895541087656230e-02 1.088191421818617173e-02
9.013428160666907274e-02 9.649602592985216665e-02 1.238773294086638055e-01 1.364698897964467528e-01 7.007091314784136271e-02 1.847816013299396348e-02 9.256397955215796627e-03 4.291551956251147930e-03 7.372832424332517211e-03 4.714735928007324217e-02 2.600622179902977726e-01 1.363430403713624117e-01
3.932221528326357296e-02 3.959568192459864133e-02 9.329582544514024300e-02 3.498205306594467934e-02 8.367438962065854025e-02 5.013772143633700440e-02 6.857674000706165396e-02 8.245677447562443918e-02 1.292911338940737898e-01 1.744153186678182310e-01 1.433793837044949893e-01 6.087276247498456250e-02
1.367108949319658373e-01 9.862547396003411293e-02 8.502931440429339904e-02 2.711522661955328983e-02 2.151123610327522473e-02 1.418026523046513748e-02 6.773021586805660910e-02 2.620433353941613586e-01 1.103760146096210426e-01 5.110120627536159782e-02 4.322609022711676463e-02 8.235072637609558432e-02
9.652369869665954755e-03 2.135465819933848181e-02 3.813206807112040631e-02 9.696749973457516325e-02 1.410259777178226315e-01 1.398647183070486355e-01 1.382523021091055793e-01 1.294054722645494593e-01 1.135893872706943697e-01 1.219180731227108294e-01 3.825610888056953096e-02 1.158136445279905891e-02
3.632377256035099200e-02 9.773228535739017508e-02 2.259730837096066980e-01 6.848459267776668691e-02 2.548268116911908340e-02 1.561042896082690846e-02 2.767823190276389941e-02 3.641719649998487185e-02 5.517211220118960202e-02 1.630249411228133771e-01 1.616137930622917607e-01 8.648688077589586354e-02
5.328255160135617063e-02 5.081488316432896529e-02 5.211892874051678864e-02 1.056382950726903192e-01 1.317807365822352139e-01 9.543949676842466978e-02 8.661536313376966278e-02 9.526584063161348814e-02 8.404778828424297465e-02 1.357971403585793158e-01 6.711491555342821713e-02 4.208406010881406839e-02
7.958416342905302865e-02 3.736999292427754804e-02 9.715700721900245168e-03 4.508791676226256255e-03 4.456010032563371970e-02 1.499847466859545175e-01 1.000498789637664643e-01 1.351421433856166421e-01 9.082013196097893371e-02 1.179398947730398023e-01 1.437203505364759992e-01 8.660410461707696017e-02
1.714178219896452804e-01 1.216703956518765534e-01 5.787591010993800578e-02 2.271743970514618002e-02 1.885800927154637763e-02 1.907074468249632393e-02 1.423718335701116416e-02 3.093874332616788556e-02 6.430613514084004834e-02 1.567655463024481000e-01 1.965967843042168151e-01 1.255452861586673352e-01
5.138820243666617806e-03 2.278043869069455718e-02 1.243076941023194965e-01 2.382273979929575569e-01 1.011046615089172956e-01 1.122148172281483003e-01 2.003267653501129564e-01 1.164595600026208932e-01 5.396105356152107457e-02 1.578098317959528152e-02 6.581065766887594752e-03 3.116742372558411675e-03
6.556179458237564039e-02 6.622387338687114877e-02 1.638824426364780540e-01 1.213243799984396881e-01 4.067737252340765386e-02 3.022794784900180443e-02 8.712356898989079279e-02 1.452830350683692040e-01 6.075648426349751496e-02 8.288704766469190410e-02 7.606637916867314830e-02 5.998567386830368220e-02
2.190766736381455360e-02 5.371476933578190477e-02 6.695437737135177814e-02 1.257995512156173668e-01 1.961451883130861107e-01 9.853390100139128305e-02 9.978807634495537315e-02 1.228918283352448404e-01 1.148244198245321201e-01 3.722965349773187105e-02 3.543666896988398318e-02 2.677389842660901631e-02
7.555962269449353896e-02 6.029901865588301046e-02 5.938975654787392172e-02 2.285753474350989134e-02 1.632716422338580456e-02 3.565830298543727628e-02 7.287098607477013323e-02 2.714891012403231052e-01 7.287404792691928868e-02 7.666547785390241676e-02 1.149980561744901597e-01 1.210109308790116994e-01
1.221582629173658258e-01 7.866642528443920646e-02 5.175999838458773816e-02 6.932692235567600170e-02 6.017054557562530326e-02 8.194318837336865557e-02 1.337724316767988364e-01 7.451189139283732887e-02 3.999351103413353870e-02 5.291268358330115246e-02 1.461722464317030123e-01 8.861189299016343501e-02
1.019443648074741249e-01 1.341306247393398432e-01 1.223331490947698885e-01 7.238049767413320956e-02 1.530823913685644688e-01 1.441664276530642552e-01 4.765953901643385504e-02 6.879401446991492697e-02 4.492632554299668540e-02 2.979349956920303646e-02 3.803219675215535611e-02 4.275696931195065859e-02
9.607661130084164947e-02 4.522651164065831508e-02 4.382994233258113992e-02 5.869118973149647228e-02 1.051857994631159310e-01 1.289367655289395675e-01 8.727640753102432203e-02 6.401707187884231320e-02 4.616748316028834037e-02 5.603705825750123631e-02 1.203609960967678971e-01 1.481941630779426422e-01
1.087042472646542052e-01 9.553215456324437582e-02 9.814843695955526026e-02 5.576670774425560029e-02 2.334927619974997565e-02 1.117936264161687940e-02 1.081393391492843116e-02 1.629785359665479952e-02 5.991313542901595401e-02 2.515520205252462782e-01 1.648608261202515746e-01 1.038820450408266954e-01
2.215158809116325039e-02 9.123866010937543847e-02 1.991828298938388975e-01 1.111079315524060446e-01 5.729545844970150570e-02 4.695649330723450365e-02 3.758964567076611418e-02 6.938061960092277436e-02 9.623654715026869200e-02 1.557177852571210996e-01 8.903205767108843260e-02 2.411038324611347594e-02
7.377992919796717841e-02 1.521415569944457036e-01 2.062336452082908222e-01 6.313122201953134949e-02 5.857871578559210174e-02 4.005460641538992339e-02 4.592875931919880583e-02 2.764436477457841990e-02 4.351735314703730761e-02 9.734902299617424759e-02 9.404004486599612522e-02 9.760077927579835499e-02
7.571415831122778328e-02 7.272372312342438583e-02 5.242089020152900652e-02 3.641642132207953408e-02 2.117338544165006664e-02 7.698956670865043928e-02 1.381324140669540346e-01 2.373987644983947543e-01 1.095253785480627545e-01 5.506859446220265658e-02 7.078801887567855167e-02 5.364868444014636584e-02
5.981938776872052638e-02 3.166444628219783342e-02 1.943086426744086714e-02 1.213049129203194049e-02 8.111096819567804178e-03 1.453109299296664880e-02 2.356728651903718802e-02 5.643691169938690189e-02 1.168717593876299060e-01 2.251594241708931299e-01 2.430746414235782360e-01 1.892025973765490698e-01
3.762709551613695885e-02 3.468597551239645249e-02 3.524447244568999771e-02 4.991058714463086909e-02 1.330412386385156631e-01 2.016001435581744605e-01 5.774909033962111887e-02 1.957826155313550573e-02 4.648651975833255345e-02 1.079484787961490500e-01 9.884705348527994540e-02 1.772810832519371715e-01
1.179541946814328529e-01 1.568403756180226094e-01 8.916591170580626113e-02 3.347116381950576008e-02 3.897415958428494115e-02 3.674078181333335913e-02 2.813102754151936002e-02 2.863653646047688989e-02 8.214076348309939934e-02 7.703990329177028140e-02 1.223401656982172070e-01 1.885650163025311687e-01
1.194465803612609067e-01 1.917281026156877899e-01 1.734357952334583119e-01 9.939988572521539500e-02 3.580597180003150526e-02 3.947527558780207502e-02 2.158635190694881828e-02 2.073108200324777148e-02 4.094226639906321796e-02 7.874162871614548420e-02 1.053658617865743385e-01 7.334119786456469448e-02
3.748114227503426821e-02 9.671324061646686954e-02 1.960284154715239147e-01 8.415100697800775853e-02 4.788077229664317036e-02 5.688432226741551440e-02 7.278279349715080504e-02 7.152091986529228451e-02 1.041965358900421440e-01 1.228346672155399000e-01 6.859398196319684005e-02 4.093220166368637808e-02
4.256908821540988930e-02 5.022064001759238977e-02 1.454931293746928866e-01 1.789343342354498545e-01 7.208504720432253043e-02 1.729125707551360663e-02 3.686697555099091583e-02 3.144414578163224477e-02 7.273464510623470214e-02 2.231246832662821533e-01 7.815831017275159942e-02 5.107774399912763663e-02
1.039670133821840592e-01 1.436046678093808870e-01 5.573145395978954669e-02 3.281868959005536379e-02 1.371958099285711108e-02 7.144070234557325580e-03 1.518807433123594078e-02 2.938658255117140503e-02 5.196245328837946487e-02 2.501637373113509977e-01 1.116555039548436101e-01 1.846581725941943697e-01
2.639549393941308802e-02 1.353840642517069315e-01 2.372503073421611264e-01 6.870680805746322284e-02 7.090314259028693278e-02 5.682008669298332926e-02 8.332822439151368887e-02 1.052979455209183679e-01 6.441463685081788570e-02 5.585027164529051541e-02 6.970500728564535398e-02 2.594401143179964758e-02
1.301732038617240961e-01 1.051359835015431010e-01 1.092435872011376374e-01 5.522162172188168489e-02 3.406546808067299759e-02 2.618218546015590661e-02 3.245167177743875364e-02 5.053867655799423875e-02 8.460356376753419561e-02 5.239394796922837438e-02 1.199319646692801333e-01 2.000581254314087454e-01
2.285369024349691303e-01 1.274244353848537625e-01 5.200986376859807747e-02 8.574515092540087313e-02 2.183667285910833866e-01 1.172868507386006370e-01 3.102209732909776488e-02 1.586118696798673178e-02 2.243931318427388327e-02 2.320533986129316717e-02 1.926946560598391534e-02 5.883266520785870868e-02
1.452984169757832178e-01 3.394363306297636940e-01 1.335731402826761949e-01 4.560329751986971769e-02 4.247156114631360502e-02 2.430952246448516568e-02 2.637036866851977593e-02 3.089502061124853316e-02 3.842700432805918470e-02 3.938076604549684695e-02 4.903561003471229585e-02 8.519896129307151511e-02
8.526278927017627574e-02 1.210591296988476340e-01 6.001359124639377152e-02 9.579208427068944265e-02 6.925333680892609145e-02 2.032794709166221847e-02 3.714700334631127615e-02 1.780330495876646379e-01 1.703508783339091059e-01 1.008949905409695091e-01 3.888220428495804681e-02 2.298299551949217062e-02
2.121748288114556208e-02 3.380762478918404590e-02 5.250514191312842527e-02 7.271550852677753640e-02 7.955453892872468846e-02 1.468169108385945498e-01 5.854604348882331416e-02 4.891901463513806392e-02 1.165588593921165483e-01 2.716503938915743044e-01 7.590449637160477658e-02 2.180398434318806672e-02
1.487772450016630957e-02 5.585120719322917045e-03 3.811595238895071781e-03 1.880320508588069484e-02 6.484390816977859962e-02 7.547759773731246846e-02 1.831966707530800764e-01 1.556350366371423155e-01 1.952720223345606188e-01 1.445667978873230175e-01 1.012560659696578602e-01 3.667425496688007935e-02
