9.626400145052502189e-02 1.629036422612481771e-01 8.762652198850276464e-02 4.333771405815445982e-02 2.499199014165189719e-02 1.943795261333934599e-02 3.081992509187533175e-02 3.789962862864705573e-02 3.575864987025849373e-02 3.489107708404542985e-02 2.655213993122410715e-02 4.704595665929399428e-02
1.629036422612481771e-01 2.786316407573509180e-01 1.492088827596900757e-01 7.262290763432847907e-02 3.992567665222369888e-02 2.815975737426954992e-02 4.137159312927269489e-02 4.959664189766579273e-02 4.713772782141824325e-02 4.797428080356321012e-02 4.043689563170699275e-02 7.762186450169392127e-02
8.762652198850276464e-02 1.492088827596900757e-01 8.041836176679834081e-02 3.966693063298219746e-02 2.263649968131654922e-02 1.723065769957174420e-02 2.688590024126556732e-02 3.286936454930847878e-02 3.100768815620882218e-02 3.044227544545631894e-02 2.361169218522837787e-02 4.253826497236080917e-02
4.333771405815445982e-02 7.262290763432847907e-02 3.966693063298219746e-02 2.046274723841517984e-02 1.309065819965557834e-02 1.204865661118010786e-02 2.120134291309488592e-02 2.684573013800134120e-02 2.501461482417852156e-02 2.300125561047883585e-02 1.486339655168904261e-02 2.237914237207250245e-02
2.499199014165189719e-02 3.992567665222369888e-02 2.263649968131654922e-02 1.309065819965557834e-02 1.066694583815626547e-02 1.283720719380054484e-02 2.546760022009223606e-02 3.323623161720984376e-02 3.065968311055667153e-02 2.659191683329718142e-02 1.391265858795322566e-02 1.515006193466059310e-02
1.943795261333934599e-02 2.815975737426954992e-02 1.723065769957174420e-02 1.204865661118010786e-02 1.283720719380054484e-02 1.867556988855548217e-02 3.940537046274425470e-02 5.214796661321118021e-02 4.789992034481403010e-02 4.043269039399529502e-02 1.873518069123958699e-02 1.510755426193106238e-02
3.081992509187533175e-02 4.137159312927269489e-02 2.688590024126556732e-02 2.120134291309488592e-02 2.546760022009223606e-02 3.940537046274425470e-02 8.464425737759612156e-02 1.124532313773158043e-01 1.031873263147218139e-01 8.647861622944419402e-02 3.866974948654540445e-02 2.771880756017201797e-02
3.789962862864705573e-02 4.959664189766579273e-02 3.286936454930847878e-02 2.684573013800134120e-02 3.323623161720984376e-02 5.214796661321118021e-02 1.124532313773158043e-01 1.496617325549353117e-01 1.373644938361592294e-01 1.149798570410066334e-01 5.101655900909631003e-02 3.554350194945903041e-02
3.575864987025849373e-02 4.713772782141824325e-02 3.100768815620882218e-02 2.501461482417852156e-02 3.065968311055667153e-02 4.789992034481403010e-02 1.031873263147218139e-01 1.373644938361592294e-01 1.262894237244338025e-01 1.058709760639707509e-01 4.709937298723369109e-02 3.310959518820104364e-02
3.489107708404542985e-02 4.797428080356321012e-02 3.044227544545631894e-02 2.300125561047883585e-02 2.659191683329718142e-02 4.043269039399529502e-02 8.647861622944419402e-02 1.149798570410066334e-01 1.058709760639707509e-01 8.926965311766922595e-02 4.035953577211137677e-02 2.997338359178236197e-02
2.655213993122410715e-02 4.043689563170699275e-02 2.361169218522837787e-02 1.486339655168904261e-02 1.391265858795322566e-02 1.873518069123958699e-02 3.866974948654540445e-02 5.101655900909631003e-02 4.709937298723369109e-02 4.035953577211137677e-02 1.971314702674174454e-02 1.821810167578839096e-02
4.704595665929399428e-02 7.762186450169392127e-02 4.253826497236080917e-02 2.237914237207250245e-02 1.515006193466059310e-02 1.510755426193106238e-02 2.771880756017201797e-02 3.554350194945903041e-02 3.310959518820104364e-02 2.997338359178236197e-02 1.821810167578839096e-02 2.530251925882277819e-02
1.953929866735959475e-01 1.314566010509813920e-01 9.417644512994070849e-02 1.087713989317524166e-01 6.198560241743478194e-02 7.173802251700399368e-02 8.411871785240279675e-02 7.429178899718624773e-02 7.346125058635606664e-02 5.435982999977159030e-02 7.537911457683704741e-02 1.331366871470360813e-01
1.314566010509813920e-01 9.068507605665904192e-02 6.738903567825621499e-02 8.046871406391949144e-02 4.657003739707775425e-02 5.477319046657889989e-02 6.435685558285306196e-02 5.617030410236703575e-02 5.439977577560807520e-02 3.881979575376248714e-02 5.175434778834493016e-02 8.982741135065894222e-02
9.417644512994070849e-02 6.738903567825621499e-02 5.489623497944480512e-02 7.079539136653242859e-02 4.271251422623966593e-02 5.252814307183845816e-02 6.242716788854934390e-02 5.347760397576602209e-02 4.978129188744312428e-02 3.277737783611112121e-02 3.954123609302268028e-02 6.526089183039868180e-02
1.087713989317524166e-01 8.046871406391949144e-02 7.079539136653242859e-02 9.819839763873462746e-02 6.151363665411696546e-02 7.860451154872778734e-02 9.445576500698295297e-02 8.001899220542771363e-02 7.247476996210919231e-02 4.476402828514808308e-02 4.914150828506153035e-02 7.673687004743828810e-02
6.198560241743478194e-02 4.657003739707775425e-02 4.271251422623966593e-02 6.151363665411696546e-02 4.090899291085582645e-02 5.536855003364636596e-02 6.795944138092402387e-02 5.748441221954891239e-02 5.124431465603900004e-02 3.014837553469584819e-02 3.042635803077325951e-02 4.482556774365192842e-02
7.173802251700399368e-02 5.477319046657889989e-02 5.252814307183845816e-02 7.860451154872778734e-02 5.536855003364636596e-02 7.950633411493886193e-02 9.963354645204965110e-02 8.428517439564199576e-02 7.422021229092828909e-02 4.186219484423830267e-02 3.887285237713564157e-02 5.356202922220612561e-02
8.411871785240279675e-02 6.435685558285306196e-02 6.242716788854934390e-02 9.445576500698295297e-02 6.795944138092402387e-02 9.963354645204965110e-02 1.265523642595456910e-01 1.073695337429154129e-01 9.435577247138492163e-02 5.254373365962629328e-02 4.743830006017624862e-02 6.371263941518193197e-02
7.429178899718624773e-02 5.617030410236703575e-02 5.347760397576602209e-02 8.001899220542771363e-02 5.748441221954891239e-02 8.428517439564199576e-02 1.073695337429154129e-01 9.182869909914095907e-02 8.117700323332920076e-02 4.547224232804657207e-02 4.149477767410521267e-02 5.618824762926145910e-02
7.346125058635606664e-02 5.439977577560807520e-02 4.978129188744312428e-02 7.247476996210919231e-02 5.124431465603900004e-02 7.422021229092828909e-02 9.435577247138492163e-02 8.117700323332920076e-02 7.271075132127451102e-02 4.153790548232345198e-02 3.935402360250540854e-02 5.492757525314702349e-02
5.435982999977159030e-02 3.881979575376248714e-02 3.277737783611112121e-02 4.476402828514808308e-02 3.014837553469584819e-02 4.186219484423830267e-02 5.254373365962629328e-02 4.547224232804657207e-02 4.153790548232345198e-02 2.513380180513327330e-02 2.631410856393183798e-02 3.950298316044609237e-02
7.537911457683704741e-02 5.175434778834493016e-02 3.954123609302268028e-02 4.914150828506153035e-02 3.042635803077325951e-02 3.887285237713564157e-02 4.743830006017624862e-02 4.149477767410521267e-02 3.935402360250540854e-02 2.631410856393183798e-02 3.219163226391412447e-02 5.300861364436824930e-02
1.331366871470360813e-01 8.982741135065894222e-02 6.526089183039868180e-02 7.673687004743828810e-02 4.482556774365192842e-02 5.356202922220612561e-02 6.371263941518193197e-02 5.618824762926145910e-02 5.492757525314702349e-02 3.950298316044609237e-02 5.300861364436824930e-02 9.199472887676224397e-02
1.207446129930396239e-01 1.181836759488229666e-01 1.333570673887078395e-01 1.025296539232379289e-01 1.015542199288144848e-01 7.536102539651709509e-02 6.016570867453353844e-02 6.886672246064992620e-02 6.572863953055065045e-02 5.895922769504909067e-02 5.517189710478692666e-02 7.368711127239707670e-02
1.181836759488229666e-01 1.220582931074153249e-01 1.431634677522338750e-01 1.086139306019345968e-01 1.044432021123854748e-01 7.552612962268580310e-02 5.894925080856332211e-02 6.648016684180799163e-02 6.309560920958305619e-02 5.652766170894682474e-02 5.305101625060015119e-02 7.131428339217887880e-02
1.333570673887078395e-01 1.431634677522338750e-01 1.825092315471818494e-01 1.405828578989689603e-01 1.338181419065642697e-01 9.427365519642511016e-02 7.141470410824329873e-02 7.870273998874774413e-02 7.372157656232203315e-02 6.532814401519929093e-02 6.057709657394956537e-02 8.059063408236921688e-02
1.025296539232379289e-01 1.086139306019345968e-01 1.405828578989689603e-01 1.201693767895780085e-01 1.213320555253723787e-01 8.573460281352228429e-02 6.412883969611248014e-02 6.962162243730465883e-02 6.423108240859769225e-02 5.572962272019568036e-02 4.994704020214323081e-02 6.384887283142735848e-02
1.015542199288144848e-01 1.044432021123854748e-01 1.338181419065642697e-01 1.213320555253723787e-01 1.327027751837720482e-01 9.540289510729797751e-02 7.156528932970507295e-02 7.749350237983956835e-02 7.093929883761694588e-02 6.065506235659054446e-02 5.289584628551475404e-02 6.524525205624595592e-02
7.536102539651709509e-02 7.552612962268580310e-02 9.427365519642511016e-02 8.573460281352228429e-02 9.540289510729797751e-02 7.071170224741844812e-02 5.407050715236193239e-02 5.922649434516820410e-02 5.438265414334585157e-02 4.642789377448942878e-02 4.021262052234388096e-02 4.904633926654085319e-02
6.016570867453353844e-02 5.894925080856332211e-02 7.141470410824329873e-02 6.412883969611248014e-02 7.156528932970507295e-02 5.407050715236193239e-02 4.244093413206914689e-02 4.726593248071517955e-02 4.368747137467327707e-02 3.739784179185700469e-02 3.238815956193947382e-02 3.939391387557936164e-02
6.886672246064992620e-02 6.648016684180799163e-02 7.870273998874774413e-02 6.962162243730465883e-02 7.749350237983956835e-02 5.922649434516820410e-02 4.726593248071517955e-02 5.342523278923638069e-02 4.969809550537868104e-02 4.270194088485541883e-02 3.707974930396856772e-02 4.516290436253548451e-02
6.572863953055065045e-02 6.309560920958305619e-02 7.372157656232203315e-02 6.423108240859769225e-02 7.093929883761694588e-02 5.438265414334585157e-02 4.368747137467327707e-02 4.969809550537868104e-02 4.651475997826117620e-02 4.016023208971834096e-02 3.506959853092022489e-02 4.296595660833178731e-02
5.895922769504909067e-02 5.652766170894682474e-02 6.532814401519929093e-02 5.572962272019568036e-02 6.065506235659054446e-02 4.642789377448942878e-02 3.739784179185700469e-02 4.270194088485541883e-02 4.016023208971834096e-02 3.494799486355203849e-02 3.083810095381917665e-02 3.822910596729362648e-02
5.517189710478692666e-02 5.305101625060015119e-02 6.057709657394956537e-02 4.994704020214323081e-02 5.289584628551475404e-02 4.021262052234388096e-02 3.238815956193947382e-02 3.707974930396856772e-02 3.506959853092022489e-02 3.083810095381917665e-02 2.776075495031234477e-02 3.520064044202584480e-02
7.368711127239707670e-02 7.131428339217887880e-02 8.059063408236921688e-02 6.384887283142735848e-02 6.524525205624595592e-02 4.904633926654085319e-02 3.939391387557936164e-02 4.516290436253548451e-02 4.296595660833178731e-02 3.822910596729362648e-02 3.520064044202584480e-02 4.601433141816357181e-02
3.025125823180414147e-02 4.163581220328060883e-02 6.405147942729140509e-02 7.124168287481424944e-02 5.683928551208930480e-02 2.651321886349624485e-02 3.978117407833486885e-02 5.204718183503172224e-02 4.050335440681793187e-02 3.534408387105186788e-02 2.766394752072736177e-02 2.565937177265360108e-02
4.163581220328060883e-02 6.055920598179564962e-02 9.811228272651377480e-02 1.108806009105149371e-01 8.394331333849941457e-02 3.685796266703986190e-02 5.200430163681304951e-02 6.702120659044144557e-02 5.209555685802870484e-02 4.556799316674267630e-02 3.595842881969599225e-02 3.404013689170262008e-02
6.405147942729140509e-02 9.811228272651377480e-02 1.707446819780130132e-01 1.985937768249411151e-01 1.429095470957255087e-01 5.859227939689676257e-02 7.641444559752376409e-02 9.639502719281486942e-02 7.473424116310883880e-02 6.550476591440423935e-02 5.214638086944843598e-02 5.045145202669630569e-02
7.124168287481424944e-02 1.108806009105149371e-01 1.985937768249411151e-01 2.603552230998162353e-01 1.839667043509401467e-01 7.103102265780213143e-02 8.589189590849469202e-02 1.058262058835624519e-01 8.161275225473763051e-02 7.143576169926818542e-02 5.698352662159054255e-02 5.549289650594233653e-02
5.683928551208930480e-02 8.394331333849941457e-02 1.429095470957255087e-01 1.839667043509401467e-01 1.432289494374887895e-01 5.752237798657430790e-02 7.333392352190770680e-02 9.170953186096053589e-02 7.074476981598495917e-02 6.168419064857018352e-02 4.866180311328476005e-02 4.617919640079316129e-02
2.651321886349624485e-02 3.685796266703986190e-02 5.859227939689676257e-02 7.103102265780213143e-02 5.752237798657430790e-02 2.539844889593277644e-02 3.595750772055835570e-02 4.624668852008349818e-02 3.580367667193652681e-02 3.115104518424225213e-02 2.432969363948980432e-02 2.251216916636644694e-02
3.978117407833486885e-02 5.200430163681304951e-02 7.641444559752376409e-02 8.589189590849469202e-02 7.333392352190770680e-02 3.595750772055835570e-02 5.644169892821358087e-02 7.438068653995266732e-02 5.776097963229408216e-02 5.016739013362160604e-02 3.885608985340659183e-02 3.517802196155203620e-02
5.204718183503172224e-02 6.702120659044144557e-02 9.639502719281486942e-02 1.058262058835624519e-01 9.170953186096053589e-02 4.624668852008349818e-02 7.438068653995266732e-02 9.874296713708295703e-02 7.676309572987288776e-02 6.666121531386211274e-02 5.154563153575336676e-02 4.644989776211636001e-02
4.050335440681793187e-02 5.209555685802870484e-02 7.473424116310883880e-02 8.161275225473763051e-02 7.074476981598495917e-02 3.580367667193652681e-02 5.776097963229408216e-02 7.676309572987288776e-02 5.972553930712494463e-02 5.188587209248084198e-02 4.012764038401524236e-02 3.616097049735904345e-02
3.534408387105186788e-02 4.556799316674267630e-02 6.550476591440423935e-02 7.143576169926818542e-02 6.168419064857018352e-02 3.115104518424225213e-02 5.016739013362160604e-02 6.666121531386211274e-02 5.188587209248084198e-02 4.510200481739615186e-02 3.490519555329529150e-02 3.149412768232171672e-02
2.766394752072736177e-02 3.595842881969599225e-02 5.214638086944843598e-02 5.698352662159054255e-02 4.866180311328476005e-02 2.432969363948980432e-02 3.885608985340659183e-02 5.154563153575336676e-02 4.012764038401524236e-02 3.490519555329529150e-02 2.706105489496550207e-02 2.450391685189122482e-02
2.565937177265360108e-02 3.404013689170262008e-02 5.045145202669630569e-02 5.549289650594233653e-02 4.617919640079316129e-02 2.251216916636644694e-02 3.517802196155203620e-02 4.644989776211636001e-02 3.616097049735904345e-02 3.149412768232171672e-02 2.450391685189122482e-02 2.238896729036650435e-02
1.561154172370028959e-01 1.292125510792380139e-01 8.302505505988960754e-02 9.787189844148370954e-02 8.025257008388354818e-02 7.874548300516444332e-02 5.809934015281623121e-02 5.148252912054574609e-02 6.749698387341168671e-02 6.840261074219866622e-02 1.176137002473964244e-01 1.476565320740616805e-01
1.292125510792380139e-01 1.152189127623553522e-01 7.812031192095453269e-02 9.609188728347735353e-02 7.911222264149359029e-02 7.704431059815185223e-02 5.576248549841066049e-02 4.772914510653080561e-02 6.022694704646716635e-02 5.833501080890583779e-02 9.669062704561448562e-02 1.196394307117433636e-01
8.302505505988960754e-02 7.812031192095453269e-02 5.925575103243051200e-02 7.906432319351416882e-02 6.626471220855220667e-02 6.452131665334691346e-02 4.589834457028221792e-02 3.787264685232080708e-02 4.566315020164000288e-02 4.150075851472911914e-02 6.483254829436882472e-02 7.711021273933085785e-02
9.787189844148370954e-02 9.609188728347735353e-02 7.906432319351416882e-02 1.128358257891680927e-01 9.599105815166904254e-02 9.365509366117594214e-02 6.598097359997316669e-02 5.322492650917725471e-02 6.223986295863694063e-02 5.391229578583577042e-02 8.009186744748197917e-02 9.163588820272026980e-02
8.025257008388354818e-02 7.911222264149359029e-02 6.626471220855220667e-02 9.599105815166904254e-02 8.282467435201561201e-02 8.131309170501982431e-02 5.732036478740270419e-02 4.613421184705029238e-02 5.369587270213582730e-02 4.600702525517083585e-02 6.744512790299357630e-02 7.600329579905025501e-02
7.874548300516444332e-02 7.704431059815185223e-02 6.452131665334691346e-02 9.365509366117594214e-02 8.131309170501982431e-02 8.043450537877666617e-02 5.689598271984924738e-02 4.594838042844128639e-02 5.362632334078655527e-02 4.596808886319473514e-02 6.731985965458248122e-02 7.539830992933885256e-02
5.809934015281623121e-02 5.576248549841066049e-02 4.589834457028221792e-02 6.598097359997316669e-02 5.732036478740270419e-02 5.689598271984924738e-02 4.053529935439339343e-02 3.306166915773624954e-02 3.900394751919462888e-02 3.383351621458551006e-02 5.010168018657107369e-02 5.624637093590713344e-02
5.148252912054574609e-02 4.772914510653080561e-02 3.787264685232080708e-02 5.322492650917725471e-02 4.613421184705029238e-02 4.594838042844128639e-02 3.306166915773624954e-02 2.750730635718689338e-02 3.316465624335727946e-02 2.949454919227510394e-02 4.470872276056023220e-02 5.061361296831762280e-02
6.749698387341168671e-02 6.022694704646716635e-02 4.566315020164000288e-02 6.223986295863694063e-02 5.369587270213582730e-02 5.362632334078655527e-02 3.900394751919462888e-02 3.316465624335727946e-02 4.110860580974208534e-02 3.771254460624183513e-02 5.879202069802208497e-02 6.731163453181987499e-02
6.840261074219866622e-02 5.833501080890583779e-02 4.150075851472911914e-02 5.391229578583577042e-02 4.600702525517083585e-02 4.596808886319473514e-02 3.383351621458551006e-02 2.949454919227510394e-02 3.771254460624183513e-02 3.633352836271686037e-02 5.907444550949787765e-02 6.898546272761958698e-02
1.176137002473964244e-01 9.669062704561448562e-02 6.483254829436882472e-02 8.009186744748197917e-02 6.744512790299357630e-02 6.731985965458248122e-02 5.010168018657107369e-02 4.470872276056023220e-02 5.879202069802208497e-02 5.907444550949787765e-02 1.001647697541707543e-01 1.193402216375986785e-01
1.476565320740616805e-01 1.196394307117433636e-01 7.711021273933085785e-02 9.163588820272026980e-02 7.600329579905025501e-02 7.539830992933885256e-02 5.624637093590713344e-02 5.061361296831762280e-02 6.731163453181987499e-02 6.898546272761958698e-02 1.193402216375986785e-01 1.476654038100409239e-01
8.624261516811643213e-02 8.486969140439842851e-02 9.763995479706319425e-02 1.132444913709687861e-01 8.469796431248140245e-02 5.412009946722322329e-02 3.563398393970185207e-02 2.733892128466697963e-02 2.057913258113769697e-02 4.206024361700938519e-02 7.690903102013377235e-02 8.078028119385685657e-02
8.486969140439842851e-02 8.691041123051311545e-02 1.058677030877605285e-01 1.284074614051288199e-01 9.139706129811031587e-02 5.619473598180390467e-02 3.604020494979644218e-02 2.715437468580410990e-02 2.016736415775876451e-02 4.094155795672176079e-02 7.474723893551518672e-02 7.865098368860524991e-02
9.763995479706319425e-02 1.058677030877605285e-01 1.466496849379272660e-01 1.955980947047600282e-01 1.286549790378759828e-01 7.358598636098284684e-02 4.469106472813647729e-02 3.235321173340197087e-02 2.329644215767073118e-02 4.654389521127620666e-02 8.463183553032205264e-02 8.917007571466886717e-02
1.132444913709687861e-01 1.284074614051288199e-01 1.955980947047600282e-01 3.104771045624641901e-01 1.921126050102103522e-01 1.020357530133824686e-01 5.814442803311895003e-02 4.000015054532455455e-02 2.761480205416944056e-02 5.392390327402814265e-02 9.742725804674068346e-02 1.024851798489593846e-01
8.469796431248140245e-02 9.139706129811031587e-02 1.286549790378759828e-01 1.921126050102103522e-01 1.313644934956036403e-01 7.243163448575272445e-02 4.230198801904228728e-02 2.967239638376937064e-02 2.082798818375300454e-02 4.104742208196067443e-02 7.431165832263515736e-02 7.791413462800335366e-02
5.412009946722322329e-02 5.619473598180390467e-02 7.358598636098284684e-02 1.020357530133824686e-01 7.243163448575272445e-02 4.221894108092177911e-02 2.559547034107821292e-02 1.846443773937993249e-02 1.325686979808618493e-02 2.644497928706842499e-02 4.802522076853754651e-02 5.030820982487799187e-02
3.563398393970185207e-02 3.604020494979644218e-02 4.469106472813647729e-02 5.814442803311895003e-02 4.230198801904228728e-02 2.559547034107821292e-02 1.605627018935628508e-02 1.186653922123112256e-02 8.679531518383007405e-03 1.748237915993574101e-02 3.183014871605895774e-02 3.333836371903849821e-02
2.733892128466697963e-02 2.715437468580410990e-02 3.235321173340197087e-02 4.000015054532455455e-02 2.967239638376937064e-02 1.846443773937993249e-02 1.186653922123112256e-02 8.935713970926680710e-03 6.627279318239753803e-03 1.344357223784182001e-02 2.452306720290896302e-02 2.568604809992520305e-02
2.057913258113769697e-02 2.016736415775876451e-02 2.329644215767073118e-02 2.761480205416944056e-02 2.082798818375300454e-02 1.325686979808618493e-02 8.679531518383007405e-03 6.627279318239753803e-03 4.968836934405152991e-03 1.013447305929980266e-02 1.851404782790858766e-02 1.939394351833359509e-02
4.206024361700938519e-02 4.094155795672176079e-02 4.654389521127620666e-02 5.392390327402814265e-02 4.104742208196067443e-02 2.644497928706842499e-02 1.748237915993574101e-02 1.344357223784182001e-02 1.013447305929980266e-02 2.072769096667462577e-02 3.789467787795010312e-02 3.969792842910597336e-02
7.690903102013377235e-02 7.474723893551518672e-02 8.463183553032205264e-02 9.742725804674068346e-02 7.431165832263515736e-02 4.802522076853754651e-02 3.183014871605895774e-02 2.452306720290896302e-02 1.851404782790858766e-02 3.789467787795010312e-02 6.930001601065421957e-02 7.260648626352478319e-02
8.078028119385685657e-02 7.865098368860524991e-02 8.917007571466886717e-02 1.024851798489593846e-01 7.791413462800335366e-02 5.030820982487799187e-02 3.333836371903849821e-02 2.568604809992520305e-02 1.939394351833359509e-02 3.969792842910597336e-02 7.260648626352478319e-02 7.614822145243629881e-02
9.554361388872516236e-02 6.880176174589119897e-02 5.762316416506257921e-02 5.997585271386099426e-02 6.826841946172525211e-02 4.522189490752082791e-02 4.716679866104303565e-02 6.832499306209202650e-02 8.244616942062185649e-02 7.687736853968163420e-02 1.021404052572660176e-01 1.330735188206624287e-01
6.880176174589119897e-02 5.238736867499718675e-02 4.605849712580735444e-02 4.950513515868466830e-02 5.710777057097200793e-02 3.779590145882817664e-02 3.913924482189035103e-02 5.605951881244649465e-02 6.602899779031956573e-02 5.827236485830664114e-02 7.305126692604752003e-02 9.312369491872315996e-02
5.762316416506257921e-02 4.605849712580735444e-02 4.287584805915418962e-02 4.776643546292474313e-02 5.595082027571366551e-02 3.711848681989017573e-02 3.837447113059028192e-02 5.461297920286416197e-02 6.303791122856762519e-02 5.262758132275809075e-02 6.164498331989533286e-02 7.614078181112954313e-02
5.997585271386099426e-02 4.950513515868466830e-02 4.776643546292474313e-02 5.475683177663979301e-02 6.493179339114221738e-02 4.323902217742475046e-02 4.480820633209218334e-02 6.368668188963268195e-02 7.269738461906627425e-02 5.847030718061732579e-02 6.501809326506433062e-02 7.805938482048299654e-02
6.826841946172525211e-02 5.710777057097200793e-02 5.595082027571366551e-02 6.493179339114221738e-02 7.768353141873923784e-02 5.195722673027844407e-02 5.411075394838599228e-02 7.709941928006476541e-02 8.772886812622558705e-02 6.933679459472522066e-02 7.499581211925901436e-02 8.843505378592236843e-02
4.522189490752082791e-02 3.779590145882817664e-02 3.711848681989017573e-02 4.323902217742475046e-02 5.195722673027844407e-02 3.509863107535066140e-02 3.705100813438927387e-02 5.331597037502233682e-02 6.090877817046605469e-02 4.777350012555399428e-02 5.079198362437691017e-02 5.892524996514692665e-02
4.716679866104303565e-02 3.913924482189035103e-02 3.837447113059028192e-02 4.480820633209218334e-02 5.411075394838599228e-02 3.705100813438927387e-02 4.002973879002509616e-02 5.859298789917266603e-02 6.750519663246527802e-02 5.260681278912152786e-02 5.486247599982661122e-02 6.225526122438546778e-02
6.832499306209202650e-02 5.605951881244649465e-02 5.461297920286416197e-02 6.368668188963268195e-02 7.709941928006476541e-02 5.331597037502233682e-02 5.859298789917266603e-02 8.722882718148690373e-02 1.014790220810687510e-01 7.906430884773357759e-02 8.174399004190355256e-02 9.142683073297297458e-02
8.244616942062185649e-02 6.602899779031956573e-02 6.303791122856762519e-02 7.269738461906627425e-02 8.772886812622558705e-02 6.090877817046605469e-02 6.750519663246527802e-02 1.014790220810687510e-01 1.204627595727768841e-01 9.549699263937437566e-02 1.003538351564864511e-01 1.124057727957601532e-01
7.687736853968163420e-02 5.827236485830664114e-02 5.262758132275809075e-02 5.847030718061732579e-02 6.933679459472522066e-02 4.777350012555399428e-02 5.260681278912152786e-02 7.906430884773357759e-02 9.549699263937437566e-02 8.154379418480695030e-02 9.295022415403353389e-02 1.080628156758179498e-01
1.021404052572660176e-01 7.305126692604752003e-02 6.164498331989533286e-02 6.501809326506433062e-02 7.499581211925901436e-02 5.079198362437691017e-02 5.486247599982661122e-02 8.174399004190355256e-02 1.003538351564864511e-01 9.295022415403353389e-02 1.199907199361327642e-01 1.473633649277918956e-01
1.330735188206624287e-01 9.312369491872315996e-02 7.614078181112954313e-02 7.805938482048299654e-02 8.843505378592236843e-02 5.892524996514692665e-02 6.225526122438546778e-02 9.142683073297297458e-02 1.124057727957601532e-01 1.080628156758179498e-01 1.473633649277918956e-01 1.923983354411652191e-01
6.434208336729718182e-03 1.058528810845520314e-02 1.502484279071286330e-02 3.905341225855727544e-02 2.281013478882376252e-02 2.873203879442093323e-02 3.089208722201181034e-02 1.846968350258494651e-02 9.198645278168375572e-03 1.244048142097293336e-02 7.317630379007556557e-03 5.425667354270385066e-03
1.058528810845520314e-02 1.852760298243915152e-02 2.818554079040645061e-02 7.629737859316634840e-02 3.956955234992395876e-02 4.302970757732176715e-02 4.443706034114222603e-02 2.664601256006910932e-02 1.339456591856715527e-02 1.829207843117192436e-02 1.089775044647745168e-02 8.387712628157063116e-03
1.502484279071286330e-02 2.818554079040645061e-02 4.627274890152206777e-02 1.304054319790084460e-01 6.014463750765742384e-02 5.405090066481071931e-02 5.231464297243221262e-02 3.151062839368438950e-02 1.607570750779314939e-02 2.228867949056854633e-02 1.353944295059409872e-02 1.099506537846233270e-02
3.905341225855727544e-02 7.629737859316634840e-02 1.304054319790084460e-01 3.768218423474101186e-01 1.632414763688792569e-01 1.292969650642877555e-01 1.187379534482634613e-01 7.178968407250513328e-02 3.707762003525869737e-02 5.204221124343666460e-02 3.209979409667072098e-02 2.711865226439613002e-02
2.281013478882376252e-02 3.956955234992395876e-02 6.014463750765742384e-02 1.632414763688792569e-01 8.801108853828587542e-02 9.678905027931583582e-02 9.915352649780372063e-02 5.915813822662505106e-02 2.960844526692234593e-02 4.027334012428415017e-02 2.392363364751720622e-02 1.827759155380922693e-02
2.873203879442093323e-02 4.302970757732176715e-02 5.405090066481071931e-02 1.292969650642877555e-01 9.678905027931583582e-02 1.500437800320536530e-01 1.656828209201837709e-01 9.813747635699709981e-02 4.820039376424969935e-02 6.427848362065026466e-02 3.723283064559633482e-02 2.636520524881097796e-02
3.089208722201181034e-02 4.443706034114222603e-02 5.231464297243221262e-02 1.187379534482634613e-01 9.915352649780372063e-02 1.656828209201837709e-01 1.886180953599948529e-01 1.117722830631693309e-01 5.473890275690321272e-02 7.276580118179466761e-02 4.194849841693388398e-02 2.924943361105046546e-02
1.846968350258494651e-02 2.664601256006910932e-02 3.151062839368438950e-02 7.178968407250513328e-02 5.915813822662505106e-02 9.813747635699709981e-02 1.117722830631693309e-01 6.641823780496182439e-02 3.256662082987587387e-02 4.333528924239572755e-02 2.499363190276049015e-02 1.744766744921009277e-02
9.198645278168375572e-03 1.339456591856715527e-02 1.607570750779314939e-02 3.707762003525869737e-02 2.960844526692234593e-02 4.820039376424969935e-02 5.473890275690321272e-02 3.256662082987587387e-02 1.599863283784069140e-02 2.132489894301594149e-02 1.231427614340113372e-02 8.627333169155183834e-03
1.244048142097293336e-02 1.829207843117192436e-02 2.228867949056854633e-02 5.204221124343666460e-02 4.027334012428415017e-02 6.427848362065026466e-02 7.276580118179466761e-02 4.333528924239572755e-02 2.132489894301594149e-02 2.847327083149998883e-02 1.646370170567919983e-02 1.157890127752871784e-02
7.317630379007556557e-03 1.089775044647745168e-02 1.353944295059409872e-02 3.209979409667072098e-02 2.392363364751720622e-02 3.723283064559633482e-02 4.194849841693388398e-02 2.499363190276049015e-02 1.231427614340113372e-02 1.646370170567919983e-02 9.535996632490368816e-03 6.741538096261030441e-03
5.425667354270385066e-03 8.387712628157063116e-03 1.099506537846233270e-02 2.711865226439613002e-02 1.827759155380922693e-02 2.636520524881097796e-02 2.924943361105046546e-02 1.744766744921009277e-02 8.627333169155183834e-03 1.157890127752871784e-02 6.741538096261030441e-03 4.844495394771775910e-03
1.228461996581632631e-01 1.306038303409010060e-01 1.061880625311048543e-01 6.256180065808671087e-02 7.623534758586873739e-02 6.759049848212078659e-02 5.253639088945563640e-02 3.983603301192108204e-02 3.637123187704387195e-02 5.573663964678644833e-02 1.139957035802067475e-01 1.536589854599017535e-01
1.306038303409010060e-01 1.629640494696778241e-01 1.366546455299610385e-01 7.952239248027288820e-02 9.538446515778872814e-02 8.335694572027742277e-02 6.358147162882393788e-02 4.654280258981613461e-02 3.969563294075399706e-02 5.643112632223594438e-02 1.098971869948894009e-01 1.455373172026387940e-01
1.061880625311048543e-01 1.366546455299610385e-01 1.198863654673000267e-01 7.070537901132381564e-02 8.556392215535774115e-02 7.473221043537647823e-02 5.672165809114487756e-02 4.102719979850557447e-02 3.410127551461884787e-02 4.699359065288285370e-02 8.949408440076286886e-02 1.163829361103258797e-01
6.256180065808671087e-02 7.952239248027288820e-02 7.070537901132381564e-02 4.283095140346437901e-02 5.288624558470476911e-02 4.643951129547249645e-02 3.528428530764622650e-02 2.548367453569462537e-02 2.108262070450950959e-02 2.888164909905425320e-02 5.473277690444977583e-02 7.026115205295235810e-02
7.623534758586873739e-02 9.538446515778872814e-02 8.556392215535774115e-02 5.288624558470476911e-02 6.658470250302769844e-02 5.878603050306517586e-02 4.474103745497933632e-02 3.231881353251610245e-02 2.670720254932842930e-02 3.652959720952324296e-02 6.910629591493774870e-02 8.783668469452921013e-02
6.759049848212078659e-02 8.335694572027742277e-02 7.473221043537647823e-02 4.643951129547249645e-02 5.878603050306517586e-02 5.211335250857954821e-02 3.975437098206550945e-02 2.879482947303041787e-02 2.390956157714339836e-02 3.289022542557190620e-02 6.245415330413917054e-02 7.923835657953906542e-02
5.253639088945563640e-02 6.358147162882393788e-02 5.672165809114487756e-02 3.528428530764622650e-02 4.474103745497933632e-02 3.975437098206550945e-02 3.043238182857051569e-02 2.215358203708060747e-02 1.857017352121665549e-02 2.583361207181381416e-02 4.942759398877827337e-02 6.279245701817198766e-02
3.983603301192108204e-02 4.654280258981613461e-02 4.102719979850557447e-02 2.548367453569462537e-02 3.231881353251610245e-02 2.879482947303041787e-02 2.215358203708060747e-02 1.629816026032741491e-02 1.393819068158045488e-02 1.984359312278497628e-02 3.855497766973972618e-02 4.920216360142014300e-02
3.637123187704387195e-02 3.969563294075399706e-02 3.410127551461884787e-02 2.108262070450950959e-02 2.670720254932842930e-02 2.390956157714339836e-02 1.857017352121665549e-02 1.393819068158045488e-02 1.241848709952363648e-02 1.848666313480713808e-02 3.694720215064217772e-02 4.757090968018248822e-02
5.573663964678644833e-02 5.643112632223594438e-02 4.699359065288285370e-02 2.888164909905425320e-02 3.652959720952324296e-02 3.289022542557190620e-02 2.583361207181381416e-02 1.984359312278497628e-02 1.848666313480713808e-02 2.886872814144153532e-02 5.935560153240071468e-02 7.709079876168199730e-02
1.139957035802067475e-01 1.098971869948894009e-01 8.949408440076286886e-02 5.473277690444977583e-02 6.910629591493774870e-02 6.245415330413917054e-02 4.942759398877827337e-02 3.855497766973972618e-02 3.694720215064217772e-02 5.935560153240071468e-02 1.245426483797176520e-01 1.629328190878253646e-01
1.536589854599017535e-01 1.455373172026387940e-01 1.163829361103258797e-01 7.026115205295235810e-02 8.783668469452921013e-02 7.923835657953906542e-02 6.279245701817198766e-02 4.920216360142014300e-02 4.757090968018248822e-02 7.709079876168199730e-02 1.629328190878253646e-01 2.202139732802065319e-01
5.595581083181729032e-02 1.027550044915359617e-01 9.824375760784756495e-02 7.799737814918983325e-02 7.648374446608641186e-02 6.207928377210104876e-02 3.793567947526867157e-02 2.626841188571577002e-02 2.288590811315879478e-02 2.568023492871082669e-02 2.063974482790000703e-02 3.024122513520349081e-02
1.027550044915359617e-01 1.915412788136874878e-01 1.824976077767164195e-01 1.403635320884535909e-01 1.328718958383818816e-01 1.071379746593019433e-01 6.580980157381402518e-02 4.591824930157896445e-02 4.033657069431058340e-02 4.559728517965534050e-02 3.703597368263431000e-02 5.495306157114457357e-02
9.824375760784756495e-02 1.824976077767164195e-01 1.855683229634321474e-01 1.488907275317330470e-01 1.429182971802263058e-01 1.135840597610688618e-01 6.866023873974594349e-02 4.713450520751300693e-02 4.076822469394243698e-02 4.551629662572038992e-02 3.643139729191388620e-02 5.315550973660079781e-02
7.799737814918983325e-02 1.403635320884535909e-01 1.488907275317330470e-01 1.446699859643208741e-01 1.545776842947491070e-01 1.221573800612383298e-01 7.144214410621563260e-02 4.712939175725860269e-02 3.909711012833383403e-02 4.208777112906864071e-02 3.210043241566681860e-02 4.414524112335941469e-02
7.648374446608641186e-02 1.328718958383818816e-01 1.429182971802263058e-01 1.545776842947491070e-01 1.882046163747864154e-01 1.504668436470338044e-01 8.649842587282721706e-02 5.569097391273481606e-02 4.493249387468945671e-02 4.711551571986538622e-02 3.459184223417775123e-02 4.519045198072199621e-02
6.207928377210104876e-02 1.071379746593019433e-01 1.135840597610688618e-01 1.221573800612383298e-01 1.504668436470338044e-01 1.237722242885866408e-01 7.143644176318275640e-02 4.600613099387915877e-02 3.707938170132769884e-02 3.881265856646318180e-02 2.838560709127251058e-02 3.687336729237704336e-02
3.793567947526867157e-02 6.580980157381402518e-02 6.866023873974594349e-02 7.144214410621563260e-02 8.649842587282721706e-02 7.143644176318275640e-02 4.165764730897557333e-02 2.703720165817036225e-02 2.194832948181757101e-02 2.311238845720060137e-02 1.702879471735654210e-02 2.234476281789742058e-02
2.626841188571577002e-02 4.591824930157896445e-02 4.713450520751300693e-02 4.712939175725860269e-02 5.569097391273481606e-02 4.600613099387915877e-02 2.703720165817036225e-02 1.773241144357106530e-02 1.453828223706631929e-02 1.543773060035347200e-02 1.149439190631922243e-02 1.529601410980381201e-02
2.288590811315879478e-02 4.033657069431058340e-02 4.076822469394243698e-02 3.909711012833383403e-02 4.493249387468945671e-02 3.707938170132769884e-02 2.194832948181757101e-02 1.453828223706631929e-02 1.205549551523978774e-02 1.292386868296788519e-02 9.738226667768081282e-03 1.316235507062950283e-02
2.568023492871082669e-02 4.559728517965534050e-02 4.551629662572038992e-02 4.208777112906864071e-02 4.711551571986538622e-02 3.881265856646318180e-02 2.311238845720060137e-02 1.543773060035347200e-02 1.292386868296788519e-02 1.397968665084424120e-02 1.065279406652510849e-02 1.460614269188216172e-02
2.063974482790000703e-02 3.703597368263431000e-02 3.643139729191388620e-02 3.210043241566681860e-02 3.459184223417775123e-02 2.838560709127251058e-02 1.702879471735654210e-02 1.149439190631922243e-02 9.738226667768081282e-03 1.065279406652510849e-02 8.254558931387117118e-03 1.155560444533020557e-02
3.024122513520349081e-02 5.495306157114457357e-02 5.315550973660079781e-02 4.414524112335941469e-02 4.519045198072199621e-02 3.687336729237704336e-02 2.234476281789742058e-02 1.529601410980381201e-02 1.316235507062950283e-02 1.460614269188216172e-02 1.155560444533020557e-02 1.660796091335132313e-02
2.570130715166306090e-01 1.589734468219390073e-01 8.183323802517485090e-02 6.070601448946762180e-02 3.699297330782506943e-02 3.544697077334244689e-02 3.506921276202246140e-02 7.820178806685390560e-02 1.140747683006319985e-01 1.123490900528100606e-01 1.392239313977604309e-01 1.752121813512317328e-01
1.589734468219390073e-01 1.018158286294959525e-01 5.331943825442997387e-02 4.021144470642149665e-02 2.483420133787070383e-02 2.414199462618621742e-02 2.417475407636014706e-02 5.424956064676740575e-02 7.924665683900355972e-02 7.693403800622219957e-02 9.203672545073035560e-02 1.106468309531336847e-01
8.183323802517485090e-02 5.331943825442997387e-02 2.883521989702713534e-02 2.244241302600600771e-02 1.422140005101158421e-02 1.420073243391007170e-02 1.453514775671627297e-02 3.299048126677352200e-02 4.841002939446782671e-02 4.633731779075795504e-02 5.309629961843877893e-02 5.950326704295420821e-02
6.070601448946762180e-02 4.021144470642149665e-02 2.244241302600600771e-02 1.811682324181566189e-02 1.181005151057763942e-02 1.212806131967306827e-02 1.268808306284853991e-02 2.911677329900171085e-02 4.291935466818423695e-02 4.058123451122241931e-02 4.465966429209700800e-02 4.648516498195277152e-02
3.699297330782506943e-02 2.483420133787070383e-02 1.422140005101158421e-02 1.181005151057763942e-02 7.892269630160785032e-03 8.296971428618387517e-03 8.834057827993326006e-03 2.044854005807567043e-02 3.025444512465234187e-02 2.837058640225149225e-02 3.031036332335300398e-02 2.970399835730236013e-02
3.544697077334244689e-02 2.414199462618621742e-02 1.420073243391007170e-02 1.212806131967306827e-02 8.296971428618387517e-03 8.919317791508202253e-03 9.651678859570231306e-03 2.251607662531003237e-02 3.342649494528259629e-02 3.112531694473293781e-02 3.238862103490508515e-02 2.994656388284475806e-02
3.506921276202246140e-02 2.417475407636014706e-02 1.453514775671627297e-02 1.268808306284853991e-02 8.834057827993326006e-03 9.651678859570231306e-03 1.057310943250253099e-02 2.481046730353184820e-02 3.692956050234235538e-02 3.422614074867354889e-02 3.495857889967055737e-02 3.092081418362342682e-02
7.820178806685390560e-02 5.424956064676740575e-02 3.299048126677352200e-02 2.911677329900171085e-02 2.044854005807567043e-02 2.251607662531003237e-02 2.481046730353184820e-02 5.839368445807517627e-02 8.703696621205876671e-02 8.049464545513942970e-02 8.150225162561505754e-02 7.052719963184012064e-02
1.140747683006319985e-01 7.924665683900355972e-02 4.841002939446782671e-02 4.291935466818423695e-02 3.025444512465234187e-02 3.342649494528259629e-02 3.692956050234235538e-02 8.703696621205876671e-02 1.300738834210357353e-01 1.204262695853480503e-01 1.216869129676433903e-01 1.042200522231600257e-01
1.123490900528100606e-01 7.693403800622219957e-02 4.633731779075795504e-02 4.058123451122241931e-02 2.837058640225149225e-02 3.112531694473293781e-02 3.422614074867354889e-02 8.049464545513942970e-02 1.204262695853480503e-01 1.133770800060976136e-01 1.169800846944825529e-01 1.019741891984768389e-01
1.392239313977604309e-01 9.203672545073035560e-02 5.309629961843877893e-02 4.465966429209700800e-02 3.031036332335300398e-02 3.238862103490508515e-02 3.495857889967055737e-02 8.150225162561505754e-02 1.216869129676433903e-01 1.169800846944825529e-01 1.290754733292919787e-01 1.208191466120911856e-01
1.752121813512317328e-01 1.106468309531336847e-01 5.950326704295420821e-02 4.648516498195277152e-02 2.970399835730236013e-02 2.994656388284475806e-02 3.092081418362342682e-02 7.052719963184012064e-02 1.042200522231600257e-01 1.019741891984768389e-01 1.208191466120911856e-01 1.359142386463587926e-01
6.576820646193164144e-02 6.710061518160495564e-02 4.195606388808020837e-02 4.436453980316548695e-02 5.286642509070607621e-02 7.549917540808351313e-02 5.331552536995301517e-02 8.142029681159124177e-02 6.746207155497987995e-02 6.924966816387739810e-02 9.013244001618792023e-02 5.278447125357920572e-02
