4.017944030126155419e-01 2.074023261403876717e-01 6.950726031603450539e-02 -4.679126179450759232e-02 -5.727330406256708750e-02 -2.303348133489654861e-03 5.612860987787912648e-02 4.673913292998006785e-02 -7.188952670250234323e-02 -2.089303215262252045e-01
2.074023261403876717e-01 4.183962049393630256e-01 2.090261334605408861e-01 6.759351053230497341e-02 -4.262039658067656722e-02 -5.730023275815294970e-02 -4.893703918967992963e-03 5.338582735966816706e-02 4.654090317212977029e-02 -6.329229452829515656e-02
6.950726031603450539e-02 2.090261334605408861e-01 3.987364365219232543e-01 2.094437742414660408e-01 7.494133850029285893e-02 -4.181419352252011695e-02 -5.725650515447369693e-02 -6.050091592279564431e-03 5.674619384468899963e-02 4.830890035721421838e-02
-4.679126179450759232e-02 6.759351053230497341e-02 2.094437742414660408e-01 3.905479320566532797e-01 2.154996855017751733e-01 8.081779337755364001e-02 -4.077127068218076855e-02 -5.843453639392434673e-02 -4.330682553459194034e-03 5.631590620692542015e-02
-5.727330406256708750e-02 -4.262039658067656722e-02 7.494133850029285893e-02 2.154996855017751733e-01 3.898686073287200293e-01 2.136977073711623376e-01 7.279957020076621710e-02 -4.194219051037615525e-02 -5.696871647443808168e-02 -1.345285140517913161e-03
-2.303348133489654861e-03 -5.730023275815294970e-02 -4.181419352252011695e-02 8.081779337755364001e-02 2.136977073711623376e-01 3.838154037021529463e-01 2.107499260813580633e-01 7.375943955091554538e-02 -4.560777142151695163e-02 -5.810658612044047877e-02
5.612860987787912648e-02 -4.893703918967992963e-03 -5.725650515447369693e-02 -4.077127068218076855e-02 7.279957020076621710e-02 2.107499260813580633e-01 4.037575986634158731e-01 2.105333189756620760e-01 6.805444571361704553e-02 -4.661834738554419821e-02
4.673913292998006785e-02 5.338582735966816706e-02 -6.050091592279564431e-03 -5.843453639392434673e-02 -4.194219051037615525e-02 7.375943955091554538e-02 2.105333189756620760e-01 4.063533070721030982e-01 2.077764091954607539e-01 6.788757432452266483e-02
-7.188952670250234323e-02 4.654090317212977029e-02 5.674619384468899963e-02 -4.330682553459194034e-03 -5.696871647443808168e-02 -4.560777142151695163e-02 6.805444571361704553e-02 2.077764091954607539e-01 4.012921361152209654e-01 2.116432782759334330e-01
-2.089303215262252045e-01 -6.329229452829515656e-02 4.830890035721421838e-02 5.631590620692542015e-02 -1.345285140517913161e-03 -5.810658612044047877e-02 -4.661834738554419821e-02 6.788757432452266483e-02 2.116432782759334330e-01 4.054379705878341511e-01
3.764045957396892628e-01 2.144169838591795663e-01 7.279145990407223654e-02 -4.613506365819493305e-02 -5.877830871703312171e-02 -1.610037091376115368e-04 5.996508747663546052e-02 4.680797865550695436e-02 -7.260880926222600118e-02 -2.142279191942033645e-01
2.144169838591795663e-01 3.873465266569766641e-01 2.100353379002826149e-01 7.151599924029847233e-02 -4.660324572144215749e-02 -5.572859074323269213e-02 3.479085586137921002e-03 5.874397671252484798e-02 4.124174661127646968e-02 -7.916229520866147062e-02
7.279145990407223654e-02 2.100353379002826149e-01 4.158096070729364047e-01 2.087764359122087354e-01 6.557314086922338969e-02 -4.342091767890794013e-02 -5.529326307264509355e-02 2.371362479151547555e-03 5.309659005451804192e-02 3.964955643638561761e-02
-4.613506365819493305e-02 7.151599924029847233e-02 2.087764359122087354e-01 4.047557254718017750e-01 2.062526687408865467e-01 6.690547324043086275e-02 -4.781963399864250230e-02 -5.721049425473197919e-02 2.226605531878073693e-03 5.807590378360050209e-02
-5.877830871703312171e-02 -4.660324572144215749e-02 6.557314086922338969e-02 2.062526687408865467e-01 3.970877408283875476e-01 2.123645846879916865e-01 7.598751164394255964e-02 -4.726594410612830477e-02 -5.582370184891569109e-02 3.276412497787186719e-03
-1.610037091376115368e-04 -5.572859074323269213e-02 -4.342091767890794013e-02 6.690547324043086275e-02 2.123645846879916865e-01 4.117322402073430032e-01 2.116519540205915040e-01 6.731386584645605853e-02 -4.317686248231181190e-02 -5.400949985137062231e-02
5.996508747663546052e-02 3.479085586137921002e-03 -5.529326307264509355e-02 -4.781963399864250230e-02 7.598751164394255964e-02 2.116519540205915040e-01 3.877867039621982759e-01 2.094658176553496620e-01 7.108714667420409916e-02 -4.604792879150376717e-02
4.680797865550695436e-02 5.874397671252484798e-02 2.371362479151547555e-03 -5.721049425473197919e-02 -4.726594410612830477e-02 6.731386584645605853e-02 2.094658176553496620e-01 4.056029629324834351e-01 2.087613850632001611e-01 6.607982047917884683e-02
-7.260880926222600118e-02 4.124174661127646968e-02 5.309659005451804192e-02 2.226605531878073693e-03 -5.582370184891569109e-02 -4.317686248231181190e-02 7.108714667420409916e-02 2.087613850632001611e-01 4.118737126333744669e-01 2.074508830526260450e-01
-2.142279191942033645e-01 -7.916229520866147062e-02 3.964955643638561761e-02 5.807590378360050209e-02 3.276412497787186719e-03 -5.400949985137062231e-02 -4.604792879150376717e-02 6.607982047917884683e-02 2.074508830526260450e-01 4.016001844948094979e-01
4.056352196305079150e-01 2.123934354318313678e-01 7.387774797111276714e-02 -4.183326451160510051e-02 -5.704987263262753516e-02 -1.773207216672594965e-03 5.561057842937194851e-02 4.449339957738105561e-02 -6.823726615907489690e-02 -2.097648702210245242e-01
2.123934354318313678e-01 3.881382064322896341e-01 2.122675517675994272e-01 7.380502696788823758e-02 -4.427048946220893400e-02 -5.752185499755991388e-02 -4.536289201828273701e-04 5.757749871842046674e-02 4.513954805090415745e-02 -7.397011711224468766e-02
7.387774797111276714e-02 2.122675517675994272e-01 3.921030750372918039e-01 2.117520894620057992e-01 7.213246980044676904e-02 -4.624210837829759169e-02 -5.756244247702303751e-02 2.045263343126629395e-03 5.857245597979603147e-02 4.394986481596958178e-02
-4.183326451160510051e-02 7.380502696788823758e-02 2.117520894620057992e-01 4.025156398783150680e-01 2.100489528442754383e-01 6.886432464311645352e-02 -4.514716166665275199e-02 -5.534412217324610056e-02 2.703043566630785287e-03 5.639782132880458154e-02
-5.704987263262753516e-02 -4.427048946220893400e-02 7.213246980044676904e-02 2.100489528442754383e-01 4.059672738590490160e-01 2.084851082690380997e-01 6.812098934512723913e-02 -4.612772025286012573e-02 -5.666005264262196500e-02 2.140270947631301227e-03
-1.773207216672594965e-03 -5.752185499755991388e-02 -4.624210837829759169e-02 6.886432464311645352e-02 2.084851082690380997e-01 3.990018763739243690e-01 2.105554129216779535e-01 7.154593129363341630e-02 -4.690763724707260052e-02 -5.698741880310977115e-02
5.561057842937194851e-02 -4.536289201828273701e-04 -5.756244247702303751e-02 -4.514716166665275199e-02 6.812098934512723913e-02 2.105554129216779535e-01 4.078230357772392178e-01 2.099713457621008306e-01 6.823244060119920684e-02 -4.549073486524365939e-02
4.449339957738105561e-02 5.757749871842046674e-02 2.045263343126629395e-03 -5.534412217324610056e-02 -4.612772025286012573e-02 7.154593129363341630e-02 2.099713457621008306e-01 3.974036600747093417e-01 2.106345496416285046e-01 7.265351208162715291e-02
-6.823726615907489690e-02 4.513954805090415745e-02 5.857245597979603147e-02 2.703043566630785287e-03 -5.666005264262196500e-02 -4.690763724707260052e-02 6.823244060119920684e-02 2.106345496416285046e-01 4.045356863899225996e-01 2.101156323243125179e-01
-2.097648702210245242e-01 -7.397011711224468766e-02 4.394986481596958178e-02 5.639782132880458154e-02 2.140270947631301227e-03 -5.698741880310977115e-02 -4.549073486524365939e-02 7.265351208162715291e-02 2.101156323243125179e-01 3.968763265467456502e-01
3.932829912214114154e-01 2.112912420020434945e-01 7.464021307638220304e-02 -4.597357650124817008e-02 -5.900079817128418835e-02 -3.446424814673708717e-03 5.711721303222148938e-02 5.007618244030325599e-02 -6.693106233586437748e-02 -2.074908548661008600e-01
2.112912420020434945e-01 4.003424636754419619e-01 2.123155547236831864e-01 7.081688080140932651e-02 -4.438314031247718450e-02 -5.804022753824453901e-02 -4.302852786391631740e-03 5.657560035641878704e-02 4.695292547713626752e-02 -6.643517166394133366e-02
7.464021307638220304e-02 2.123155547236831864e-01 3.997001869357160730e-01 2.096895148029821465e-01 7.241430660759670679e-02 -4.163505332855123309e-02 -5.702990768449438946e-02 -5.181468039573118925e-03 5.458206694478633797e-02 4.422837453995482476e-02
-4.597357650124817008e-02 7.081688080140932651e-02 2.096895148029821465e-01 3.987826202416180355e-01 2.116905554589295912e-01 7.508488981212053937e-02 -4.198711829056438194e-02 -5.916285584327271585e-02 -3.714303506963220931e-03 5.504701376105403804e-02
-5.900079817128418835e-02 -4.438314031247718450e-02 7.241430660759670679e-02 2.116905554589295912e-01 3.922594081152074308e-01 2.123201447108066242e-01 7.494737407862281375e-02 -4.358980071082348140e-02 -5.617328859236517258e-02 3.175765599577380248e-04
-3.446424814673708717e-03 -5.804022753824453901e-02 -4.163505332855123309e-02 7.508488981212053937e-02 2.123201447108066242e-01 3.906999734901350774e-01 2.136751871158925620e-01 7.644929084422305565e-02 -4.343502069412998046e-02 -5.532263494589624575e-02
5.711721303222148938e-02 -4.302852786391631740e-03 -5.702990768449438946e-02 -4.198711829056438194e-02 7.494737407862281375e-02 2.136751871158925620e-01 3.939809422907528669e-01 2.122625580678150770e-01 6.864567479047999077e-02 -4.591984956616425306e-02
5.007618244030325599e-02 5.657560035641878704e-02 -5.181468039573118925e-03 -5.916285584327271585e-02 -4.358980071082348140e-02 7.644929084422305565e-02 2.122625580678150770e-01 3.981129771467497025e-01 2.066321713781796021e-01 6.410378091490748220e-02
-6.693106233586437748e-02 4.695292547713626752e-02 5.458206694478633797e-02 -3.714303506963220931e-03 -5.617328859236517258e-02 -4.343502069412998046e-02 6.864567479047999077e-02 2.066321713781796021e-01 4.138329790339752012e-01 2.074731077019180692e-01
-2.074908548661008600e-01 -6.643517166394133366e-02 4.422837453995482476e-02 5.504701376105403804e-02 3.175765599577380248e-04 -5.532263494589624575e-02 -4.591984956616425306e-02 6.410378091490748220e-02 2.074731077019180692e-01 4.190054578489965653e-01
4.103762698318467739e-01 2.126571403317620845e-01 7.207189111487383171e-02 -4.044686527244856916e-02 -5.689060298519191955e-02 -3.625814241946022885e-03 5.519583722616044213e-02 4.714605173601296717e-02 -6.090371228134214276e-02 -2.090344665885274233e-01
2.126571403317620845e-01 3.661081320363792635e-01 2.132455860611923160e-01 7.823833910121025248e-02 -4.581760558506275949e-02 -5.912543400726972403e-02 -2.597864694534270449e-03 5.953140458796958578e-02 4.791220112580026058e-02 -7.642309134136385240e-02
7.207189111487383171e-02 2.132455860611923160e-01 3.980636220964769434e-01 2.126368488772167886e-01 6.952688988007939275e-02 -4.449442944179823195e-02 -5.758447756601638157e-02 8.583277783410245363e-05 5.571341280787957956e-02 4.182568820246539143e-02
-4.044686527244856916e-02 7.823833910121025248e-02 2.126368488772167886e-01 4.098991073620760206e-01 2.056690905525954127e-01 6.548030013852290665e-02 -4.338173703135226461e-02 -5.477010598357200111e-02 2.637601728545969915e-04 5.440886174533331870e-02
-5.689060298519191955e-02 -4.581760558506275949e-02 6.952688988007939275e-02 2.056690905525954127e-01 4.003348318799432315e-01 2.103012102188223931e-01 7.562418723953059918e-02 -4.598315662242974389e-02 -5.823770327053900964e-02 1.792153862914987400e-03
-3.625814241946022885e-03 -5.912543400726972403e-02 -4.449442944179823195e-02 6.548030013852290665e-02 2.103012102188223931e-01 4.004969510709728842e-01 2.135579542873649872e-01 7.217565056897021214e-02 -4.525809675140193833e-02 -5.390299515649175227e-02
5.519583722616044213e-02 -2.597864694534270449e-03 -5.758447756601638157e-02 -4.338173703135226461e-02 7.562418723953059918e-02 2.135579542873649872e-01 3.926591120842537475e-01 2.117406882752532193e-01 7.194601429491520594e-02 -4.496075102956546832e-02
4.714605173601296717e-02 5.953140458796958578e-02 8.583277783410245363e-05 -5.477010598357200111e-02 -4.598315662242974389e-02 7.217565056897021214e-02 2.117406882752532193e-01 3.958076149143416322e-01 2.103872366819175554e-01 6.618309897721409707e-02
-6.090371228134214276e-02 4.791220112580026058e-02 5.571341280787957956e-02 2.637601728545969915e-04 -5.823770327053900964e-02 -4.525809675140193833e-02 7.194601429491520594e-02 2.103872366819175554e-01 4.128917205138015190e-01 2.034839123130392224e-01
-2.090344665885274233e-01 -7.642309134136385240e-02 4.182568820246539143e-02 5.440886174533331870e-02 1.792153862914987400e-03 -5.390299515649175227e-02 -4.496075102956546832e-02 6.618309897721409707e-02 2.034839123130392224e-01 4.133626382099149787e-01
3.905178016785190165e-01 2.116377011501316963e-01 7.531652175272049443e-02 -4.638397178857962128e-02 -5.897542636160385543e-02 1.684298210717660206e-04 5.706074672514625801e-02 4.728708062439508641e-02 -7.134744403851558947e-02 -2.086209246848352572e-01
2.116377011501316963e-01 4.077450907386170331e-01 2.105883068092879173e-01 6.575521700377200129e-02 -4.574613315780334810e-02 -5.644185466927456596e-02 -1.260622397193521976e-04 5.724525484078341053e-02 4.496448075777013942e-02 -6.729038459392122640e-02
7.531652175272049443e-02 2.105883068092879173e-01 3.993957529176778154e-01 2.080722519308481899e-01 7.214168573956511454e-02 -4.450135597230996110e-02 -5.619046260041164753e-02 -1.519325198687937820e-03 5.635678351193886687e-02 4.473097078795520293e-02
-4.638397178857962128e-02 6.575521700377200129e-02 2.080722519308481899e-01 4.056657761908071258e-01 2.123411873735358835e-01 7.256744861510849853e-02 -4.347522320927327960e-02 -5.869240789704334438e-02 -2.054592103554246391e-03 5.487290951637977671e-02
-5.897542636160385543e-02 -4.574613315780334810e-02 7.214168573956511454e-02 2.123411873735358835e-01 3.964447755466992129e-01 2.099249784867156521e-01 7.051755235357218266e-02 -4.492463804473036115e-02 -5.616352290617941667e-02 -9.781655735914794592e-04
1.684298210717660206e-04 -5.644185466927456596e-02 -4.450135597230996110e-02 7.256744861510849853e-02 2.099249784867156521e-01 3.921491469990499579e-01 2.129466108601994478e-01 7.762494363452498991e-02 -4.366533984224110765e-02 -5.733416639778278479e-02
5.706074672514625801e-02 -1.260622397193521976e-04 -5.619046260041164753e-02 -4.347522320927327960e-02 7.051755235357218266e-02 2.129466108601994478e-01 4.040083428426850531e-01 2.116933249767588843e-01 6.748281036409800593e-02 -4.405762303274400604e-02
4.728708062439508641e-02 5.724525484078341053e-02 -1.519325198687937820e-03 -5.869240789704334438e-02 -4.492463804473036115e-02 7.762494363452498991e-02 2.116933249767588843e-01 3.904682612721496193e-01 2.082816596280073207e-01 7.148047926058045953e-02
-7.134744403851558947e-02 4.496448075777013942e-02 5.635678351193886687e-02 -2.054592103554246391e-03 -5.616352290617941667e-02 -4.366533984224110765e-02 6.748281036409800593e-02 2.082816596280073207e-01 4.068186198200073878e-01 2.118760017206837987e-01
-2.086209246848352572e-01 -6.729038459392122640e-02 4.473097078795520293e-02 5.487290951637977671e-02 -9.781655735914794592e-04 -5.733416639778278479e-02 -4.405762303274400604e-02 7.148047926058045953e-02 2.118760017206837987e-01 4.067864319937876116e-01
4.008033675091715042e-01 2.103894597887354667e-01 6.776935151027260740e-02 -4.524350400361366875e-02 -5.312573328579657528e-02 8.959080871555424527e-03 5.712883290099522726e-02 3.783231984921016366e-02 -7.812236484104295720e-02 -2.133931011505256492e-01
2.103894597887354667e-01 3.998365627270906164e-01 2.077624026524102774e-01 6.375673127158285047e-02 -5.071101549478523179e-02 -5.748752820651803486e-02 8.380482841120865528e-03 5.895435829130253602e-02 4.410224259918341105e-02 -7.372411886415225490e-02
6.776935151027260740e-02 2.077624026524102774e-01 4.103944630949308281e-01 2.057015254281052419e-01 6.166868843252580612e-02 -5.111983815713326551e-02 -5.447441464484243517e-02 5.904607060249938803e-03 5.859504800969489446e-02 4.537211754046750756e-02
-4.524350400361366875e-02 6.375673127158285047e-02 2.057015254281052419e-01 4.257024396737656424e-01 2.053227287843054638e-01 6.409271318583840971e-02 -4.520958988157407210e-02 -5.382146037419854867e-02 -5.244854434076472866e-04 5.432914432194231591e-02
-5.312573328579657528e-02 -5.071101549478523179e-02 6.166868843252580612e-02 2.053227287843054638e-01 4.096862003793997342e-01 2.091529469835773924e-01 7.072699579522417901e-02 -4.362811000712320947e-02 -5.879430258509401458e-02 -7.344823297748545761e-03
8.959080871555424527e-03 -5.748752820651803486e-02 -5.111983815713326551e-02 6.409271318583840971e-02 2.091529469835773924e-01 3.973922303973258519e-01 2.110522076240577416e-01 7.311447582865807093e-02 -4.343505953445822576e-02 -5.964203588926297872e-02
5.712883290099522726e-02 8.380482841120865528e-03 -5.447441464484243517e-02 -4.520958988157407210e-02 7.072699579522417901e-02 2.110522076240577416e-01 3.942105249884737539e-01 2.131833403157856466e-01 7.957437484533247396e-02 -3.825689577491822591e-02
3.783231984921016366e-02 5.895435829130253602e-02 5.904607060249938803e-03 -5.382146037419854867e-02 -4.362811000712320947e-02 7.311447582865807093e-02 2.131833403157856466e-01 3.967664114270569309e-01 2.134634399929724036e-01 7.638750254061792144e-02
-7.812236484104295720e-02 4.410224259918341105e-02 5.859504800969489446e-02 -5.244854434076472866e-04 -5.879430258509401458e-02 -4.343505953445822576e-02 7.957437484533247396e-02 2.134634399929724036e-01 3.731160143398939422e-01 2.130686624972106258e-01
-2.133931011505256492e-01 -7.372411886415225490e-02 4.537211754046750756e-02 5.432914432194231591e-02 -7.344823297748545761e-03 -5.964203588926297872e-02 -3.825689577491822591e-02 7.638750254061792144e-02 2.130686624972106258e-01 3.920917854628864774e-01
4.127810196453203240e-01 2.073525350836918635e-01 6.730835649478031368e-02 -4.545616989238194378e-02 -5.656827698402817906e-02 6.763533963962523911e-04 5.522787114086886995e-02 4.454401693583984884e-02 -6.989256045894919056e-02 -2.078832540000955520e-01
2.073525350836918635e-01 4.061140441164103887e-01 2.094185155606640425e-01 7.077077792057062666e-02 -4.563764088941269642e-02 -5.664510926116848172e-02 -3.087398875785905264e-04 5.723068789290057523e-02 4.732718752221423686e-02 -6.587737842048241310e-02
6.730835649478031368e-02 2.094185155606640425e-01 3.993184203515039998e-01 2.121276559390187777e-01 7.420028285387564315e-02 -4.437993052651543341e-02 -5.641438375227506019e-02 -1.338745102714562242e-03 5.760064698065495148e-02 4.663577586333452624e-02
-4.545616989238194378e-02 7.077077792057062666e-02 2.121276559390187777e-01 3.953412724679258861e-01 2.128799412018235748e-01 7.269429411305608491e-02 -4.339647420995645932e-02 -5.786454261418685213e-02 -2.869386233933936704e-03 5.535638491872064970e-02
-5.656827698402817906e-02 -4.563764088941269642e-02 7.420028285387564315e-02 2.128799412018235748e-01 3.959616043784538464e-01 2.096780995356707922e-01 6.905360755863701461e-02 -4.513635946751121120e-02 -5.877664148827846380e-02 -2.613340501651593983e-03
6.763533963962523911e-04 -5.664510926116848172e-02 -4.437993052651543341e-02 7.269429411305608491e-02 2.096780995356707922e-01 4.005019025402135613e-01 2.095037692816976993e-01 7.257465354978942518e-02 -4.443220767817544770e-02 -5.669873429446124768e-02
5.522787114086886995e-02 -3.087398875785905264e-04 -5.641438375227506019e-02 -4.339647420995645932e-02 6.905360755863701461e-02 2.095037692816976993e-01 4.079299372292145565e-01 2.111158321383492520e-01 7.300255435325474218e-02 -4.218406355885525455e-02
4.454401693583984884e-02 5.723068789290057523e-02 -1.338745102714562242e-03 -5.786454261418685213e-02 -4.513635946751121120e-02 7.257465354978942518e-02 2.111158321383492520e-01 3.883672236170167547e-01 2.132545693207414383e-01 7.539884508528502116e-02
-6.989256045894919056e-02 4.732718752221423686e-02 5.760064698065495148e-02 -2.869386233933936704e-03 -5.877664148827846380e-02 -4.443220767817544770e-02 7.300255435325474218e-02 2.132545693207414383e-01 3.901792895835580754e-01 2.122183277130275936e-01
-2.078832540000955520e-01 -6.587737842048241310e-02 4.663577586333452624e-02 5.535638491872064970e-02 -2.613340501651593983e-03 -5.669873429446124768e-02 -4.218406355885525455e-02 7.539884508528502116e-02 2.122183277130275936e-01 4.035052860703939315e-01
4.028772465384049539e-01 2.107165276103082352e-01 6.823026841778989660e-02 -4.337162586743571746e-02 -5.419000237781393392e-02 -9.132186636360294140e-04 5.620650794362170438e-02 4.352925266233127755e-02 -7.064061631580825784e-02 -2.134902172974262047e-01
2.107165276103082352e-01 3.915449122528920634e-01 2.103663374860928470e-01 7.341741614543537131e-02 -4.552959465768503799e-02 -6.015320737009317853e-02 -2.778986173362180730e-03 5.610577088099762133e-02 4.708340683204651628e-02 -7.469192752952959202e-02
6.823026841778989660e-02 2.103663374860928470e-01 4.012601496987818206e-01 2.109788167829356187e-01 6.882057353382738107e-02 -4.541570449908002849e-02 -5.768007392302776370e-02 -1.145582421247139191e-03 5.612495286910500897e-02 4.557168231963794336e-02
-4.337162586743571746e-02 7.341741614543537131e-02 2.109788167829356187e-01 4.091974105764764058e-01 2.072133589971873191e-01 7.014772181406635221e-02 -4.308092357670469108e-02 -5.401695960729530066e-02 -6.012215545626617245e-04 5.778463803755611028e-02
-5.419000237781393392e-02 -4.552959465768503799e-02 6.882057353382738107e-02 2.072133589971873191e-01 3.927483941478281393e-01 2.149141991760867565e-01 8.069935279393350425e-02 -4.164364026092722687e-02 -5.803683091697703356e-02 -8.616738788882102309e-04
-9.132186636360294140e-04 -6.015320737009317853e-02 -4.541570449908002849e-02 7.014772181406635221e-02 2.149141991760867565e-01 3.979870420974589984e-01 2.117488439338288952e-01 6.521393136287144399e-02 -4.644281341328398982e-02 -5.732577893546384612e-02
5.620650794362170438e-02 -2.778986173362180730e-03 -5.768007392302776370e-02 -4.308092357670469108e-02 8.069935279393350425e-02 2.117488439338288952e-01 3.804428045079426557e-01 2.089927531226314084e-01 7.604691404727506598e-02 -4.685859560842925431e-02
4.352925266233127755e-02 5.610577088099762133e-02 -1.145582421247139191e-03 -5.401695960729530066e-02 -4.164364026092722687e-02 6.521393136287144399e-02 2.089927531226314084e-01 4.253074388462482203e-01 2.099108276892162062e-01 6.266304963146902829e-02
-7.064061631580825784e-02 4.708340683204651628e-02 5.612495286910500897e-02 -6.012215545626617245e-04 -5.803683091697703356e-02 -4.644281341328398982e-02 7.604691404727506598e-02 2.099108276892162062e-01 3.936764333555741180e-01 2.060362214224003008e-01
-2.134902172974262047e-01 -7.469192752952959202e-02 4.557168231963794336e-02 5.778463803755611028e-02 -8.616738788882102309e-04 -5.732577893546384612e-02 -4.685859560842925431e-02 6.266304963146902829e-02 2.060362214224003008e-01 4.049581679783864074e-01
4.115999363107903375e-01 2.135341233762398372e-01 7.323692134054592129e-02 -4.101354753389585550e-02 -5.541826323896562739e-02 -1.489809630777060283e-03 5.370105630690136939e-02 4.262064912591159022e-02 -6.559344492560198470e-02 -2.089556938153287469e-01
2.135341233762398372e-01 4.000441060024536033e-01 2.090880231487359797e-01 6.848574302140608694e-02 -4.271226893180658790e-02 -5.747226269228190854e-02 -3.081987850035012872e-03 5.567960442829660711e-02 4.492382038758653551e-02 -7.464133193901151264e-02
7.323692134054592129e-02 2.090880231487359797e-01 3.791505887781719819e-01 2.118606314301353377e-01 7.785578375322678435e-02 -4.737533373940952530e-02 -6.034844723285403417e-02 -1.461070064239981901e-04 5.858133471569482165e-02 4.788469897689493632e-02
-4.101354753389585550e-02 6.848574302140608694e-02 2.118606314301353377e-01 4.131100261121721240e-01 2.111958428667958521e-01 6.714830717424535855e-02 -4.359412561811871339e-02 -5.335918411672872785e-02 2.316550556967512161e-03 5.774135254555569363e-02
-5.541826323896562739e-02 -4.271226893180658790e-02 7.785578375322678435e-02 2.111958428667958521e-01 3.964472658991902154e-01 2.094381416604698676e-01 7.396317609950385508e-02 -4.319252753483525387e-02 -5.572972867917999618e-02 1.244245463260704697e-03
-1.489809630777060283e-03 -5.747226269228190854e-02 -4.737533373940952530e-02 6.714830717424535855e-02 2.094381416604698676e-01 3.947741729978282432e-01 2.129583390893172445e-01 7.007276407672594076e-02 -4.785253670431964534e-02 -6.068278735975478344e-02
5.370105630690136939e-02 -3.081987850035012872e-03 -6.034844723285403417e-02 -4.359412561811871339e-02 7.396317609950385508e-02 2.129583390893172445e-01 4.008135284813169052e-01 2.071744787434947610e-01 6.566221285918108497e-02 -4.838180686287798377e-02
4.262064912591159022e-02 5.567960442829660711e-02 -1.461070064239981901e-04 -5.335918411672872785e-02 -4.319252753483525387e-02 7.007276407672594076e-02 2.071744787434947610e-01 4.106422995554043220e-01 2.103960879870247491e-01 7.349531764520360333e-02
-6.559344492560198470e-02 4.492382038758653551e-02 5.858133471569482165e-02 2.316550556967512161e-03 -5.572972867917999618e-02 -4.785253670431964534e-02 6.566221285918108497e-02 2.103960879870247491e-01 4.074264137690206677e-01 2.098739209740919931e-01
-2.089556938153287469e-01 -7.464133193901151264e-02 4.788469897689493632e-02 5.774135254555569363e-02 1.244245463260704697e-03 -6.068278735975478344e-02 -4.838180686287798377e-02 7.349531764520360333e-02 2.098739209740919931e-01 3.859916620936553189e-01
4.046083431289821952e-01 2.087887893716841026e-01 7.063113187357958345e-02 -4.361749930287157212e-02 -5.752767718516717255e-02 -6.061174138997487033e-03 5.433933978722055996e-02 4.724894798803728341e-02 -6.937876546107125952e-02 -2.095091771130282443e-01
2.087887893716841026e-01 4.004725305406331426e-01 2.113248736033948028e-01 7.318382355313607368e-02 -4.283396505326548392e-02 -6.004172792637472306e-02 -7.260146849658766395e-03 5.491608333490825833e-02 4.936484110463298935e-02 -6.627981416739772702e-02
7.063113187357958345e-02 2.113248736033948028e-01 3.976515770783078940e-01 2.111375383436171482e-01 7.501992471738577750e-02 -4.086491649624091060e-02 -5.673206156000398792e-02 -5.154827471743414144e-03 5.716339556834803409e-02 4.605776748621681627e-02
-4.361749930287157212e-02 7.318382355313607368e-02 2.111375383436171482e-01 3.928026633262495793e-01 2.138953382377205836e-01 7.986043487619434722e-02 -3.950487448194445889e-02 -5.704072293580259023e-02 -3.049527093282773660e-03 5.563536862839258551e-02
-5.752767718516717255e-02 -4.283396505326548392e-02 7.501992471738577750e-02 2.138953382377205836e-01 3.849869006800963889e-01 2.145880036392163737e-01 7.460863275436030451e-02 -4.337402464896084053e-02 -5.838289859932156017e-02 9.230190249484652434e-04
-6.061174138997487033e-03 -6.004172792637472306e-02 -4.086491649624091060e-02 7.986043487619434722e-02 2.145880036392163737e-01 3.853090942189065782e-01 2.104536376779408413e-01 7.036844380212992078e-02 -4.799839796355804405e-02 -5.616776748904198091e-02
5.433933978722055996e-02 -7.260146849658766395e-03 -5.673206156000398792e-02 -3.950487448194445889e-02 7.460863275436030451e-02 2.104536376779408413e-01 4.051786590116281395e-01 2.096750188360798628e-01 6.795661895861494772e-02 -4.648767412628248413e-02
4.724894798803728341e-02 5.491608333490825833e-02 -5.154827471743414144e-03 -5.704072293580259023e-02 -4.337402464896084053e-02 7.036844380212992078e-02 2.096750188360798628e-01 4.135882382757105069e-01 2.068080974543327899e-01 6.308103148852338415e-02
-6.937876546107125952e-02 4.936484110463298935e-02 5.716339556834803409e-02 -3.049527093282773660e-03 -5.838289859932156017e-02 -4.799839796355804405e-02 6.795661895861494772e-02 2.068080974543327899e-01 4.010347672764170701e-01 2.082916325455246853e-01
-2.095091771130282443e-01 -6.627981416739772702e-02 4.605776748621681627e-02 5.563536862839258551e-02 9.230190249484652434e-04 -5.616776748904198091e-02 -4.648767412628248413e-02 6.308103148852338415e-02 2.082916325455246853e-01 4.143672264630716140e-01
4.089158607504336240e-01 2.080647244136853424e-01 6.296962882809639672e-02 -4.660188067947924895e-02 -5.476000871191008534e-02 3.867986805299278991e-03 5.643011315013157780e-02 4.174112596398089903e-02 -7.365341060561370057e-02 -2.124252052189219975e-01
2.080647244136853424e-01 4.076214520634414140e-01 2.059967768515981179e-01 6.642047272818379922e-02 -4.762988319205722215e-02 -5.716190102059486022e-02 1.384946436900008539e-03 5.630859710630181647e-02 4.589191160547516357e-02 -7.175713620504250989e-02
6.296962882809639672e-02 2.059967768515981179e-01 4.129754945086097084e-01 2.088382855740902044e-01 6.857776322418444870e-02 -4.609563257261828362e-02 -5.636840906966257558e-02 -4.006325633972319120e-04 5.664115418038205563e-02 4.732741878719341072e-02
-4.660188067947924895e-02 6.642047272818379922e-02 2.088382855740902044e-01 4.058452576166229897e-01 2.103056015099570852e-01 7.281996508853610939e-02 -4.325871575228511928e-02 -5.566163986454807089e-02 -3.167704050861273012e-03 5.644143454682641614e-02
-5.476000871191008534e-02 -4.762988319205722215e-02 6.857776322418444870e-02 2.103056015099570852e-01 3.928976881558047252e-01 2.137994462722634104e-01 7.583132912600963615e-02 -4.260749825171632893e-02 -5.935546586182090245e-02 -5.386860891484965101e-03
3.867986805299278991e-03 -5.716190102059486022e-02 -4.609563257261828362e-02 7.281996508853610939e-02 2.137994462722634104e-01 3.930139356938744388e-01 2.110938269270937195e-01 7.011489687857545838e-02 -4.418035112329868341e-02 -5.886056910033506812e-02
5.643011315013157780e-02 1.384946436900008539e-03 -5.636840906966257558e-02 -4.325871575228511928e-02 7.583132912600963615e-02 2.110938269270937195e-01 3.964896249672562600e-01 2.098858080275207982e-01 7.459520771165364939e-02 -4.301878650901011514e-02
4.174112596398089903e-02 5.630859710630181647e-02 -4.006325633972319120e-04 -5.566163986454807089e-02 -4.260749825171632893e-02 7.011489687857545838e-02 2.098858080275207982e-01 4.056374488944243795e-01 2.121570803111887948e-01 7.377723009922546038e-02
-7.365341060561370057e-02 4.589191160547516357e-02 5.664115418038205563e-02 -3.167704050861273012e-03 -5.935546586182090245e-02 -4.418035112329868341e-02 7.459520771165364939e-02 2.121570803111887948e-01 3.868347993901034565e-01 2.123752131201215587e-01
-2.124252052189219975e-01 -7.175713620504250989e-02 4.732741878719341072e-02 5.644143454682641614e-02 -5.386860891484965101e-03 -5.886056910033506812e-02 -4.301878650901011514e-02 7.377723009922546038e-02 2.123752131201215587e-01 3.897684379594321680e-01
4.199259344151763385e-01 2.092226675915103418e-01 6.635008921217319666e-02 -4.504242932626043028e-02 -5.435652005729469521e-02 5.530467520361691952e-05 5.550208069516841813e-02 4.590772014015867541e-02 -6.034407002771845219e-02 -2.064794025039379255e-01
2.092226675915103418e-01 4.033746281353518537e-01 2.091839376449426413e-01 7.191341232586237475e-02 -4.379967210456398030e-02 -5.718109984715005756e-02 -5.248232433911978641e-03 5.563092546889671086e-02 4.773563903061651958e-02 -6.846842874554311120e-02
6.635008921217319666e-02 2.091839376449426413e-01 3.913689095664354411e-01 2.136082082164333928e-01 7.536762098413002375e-02 -4.360363054879892036e-02 -6.071131960749800299e-02 -6.899207793412846790e-03 5.458288466757618695e-02 4.975898104066329986e-02
-4.504242932626043028e-02 7.191341232586237475e-02 2.136082082164333928e-01 4.025593403053656649e-01 2.095302990182779657e-01 6.925559069890069308e-02 -4.210640553640550982e-02 -5.693083369872262850e-02 -4.949007907576305834e-03 5.739917457616346141e-02
-5.435652005729469521e-02 -4.379967210456398030e-02 7.536762098413002375e-02 2.095302990182779657e-01 3.927473305591961394e-01 2.118951250575469847e-01 8.072930083064698559e-02 -3.994195740357563834e-02 -5.683561319359280162e-02 -3.534352418920429749e-03
5.530467520361691952e-05 -5.718109984715005756e-02 -4.360363054879892036e-02 6.925559069890069308e-02 2.118951250575469847e-01 3.989150046050184417e-01 2.143216597074983631e-01 7.335988967002150807e-02 -4.203524624145259236e-02 -5.808977560700941123e-02
5.550208069516841813e-02 -5.248232433911978641e-03 -6.071131960749800299e-02 -4.210640553640550982e-02 8.072930083064698559e-02 2.143216597074983631e-01 3.754685208664666485e-01 2.115347721099917755e-01 7.476244499778926522e-02 -4.714038813773079734e-02
4.590772014015867541e-02 5.563092546889671086e-02 -6.899207793412846790e-03 -5.693083369872262850e-02 -3.994195740357563834e-02 7.335988967002150807e-02 2.115347721099917755e-01 4.006330061563718736e-01 2.124117326491380686e-01 6.949235098381016662e-02
-6.034407002771845219e-02 4.773563903061651958e-02 5.458288466757618695e-02 -4.949007907576305834e-03 -5.683561319359280162e-02 -4.203524624145259236e-02 7.476244499778926522e-02 2.124117326491380686e-01 4.099779960753101582e-01 2.057277719584661158e-01
-2.064794025039379255e-01 -6.846842874554311120e-02 4.975898104066329986e-02 5.739917457616346141e-02 -3.534352418920429749e-03 -5.808977560700941123e-02 -4.714038813773079734e-02 6.949235098381016662e-02 2.057277719584661158e-01 4.050293293153058305e-01
4.040947633400265304e-01 2.080961940430412493e-01 6.778974605078938453e-02 -4.475043251002302352e-02 -5.585762089860506208e-02 -7.696317102293436570e-04 5.530240081398808683e-02 4.483255680932553972e-02 -7.268171925246245946e-02 -2.112023550629999191e-01
2.080961940430412493e-01 4.008253051254105359e-01 2.097632653545805081e-01 7.057303578497434171e-02 -4.678777489280451507e-02 -5.983118413608961433e-02 -2.323152619772793186e-03 5.707524477656612805e-02 4.887406641899488119e-02 -6.783017607603941679e-02
6.778974605078938453e-02 2.097632653545805081e-01 4.039102369492292288e-01 2.103333443120171675e-01 7.120182448977493972e-02 -4.410285957162560222e-02 -5.564499621585857619e-02 -1.996495121176833365e-03 5.687108833499626703e-02 4.558685848804980290e-02
-4.475043251002302352e-02 7.057303578497434171e-02 2.103333443120171675e-01 4.048616893939389061e-01 2.108995301905838837e-01 7.405016073157810741e-02 -4.135993628193598837e-02 -5.661149454854882968e-02 -3.475559385670116963e-03 5.532999888582999792e-02
-5.585762089860506208e-02 -4.678777489280451507e-02 7.120182448977493972e-02 2.108995301905838837e-01 3.867885501259292758e-01 2.138018127469855367e-01 7.598007577557028269e-02 -4.343731790199793080e-02 -5.947873592805624082e-02 -2.581517104071372366e-03
-7.696317102293436570e-04 -5.983118413608961433e-02 -4.410285957162560222e-02 7.405016073157810741e-02 2.138018127469855367e-01 3.950018465770981368e-01 2.105985083038490746e-01 6.941805601944317505e-02 -4.588892796117916006e-02 -5.687352816536951627e-02
5.530240081398808683e-02 -2.323152619772793186e-03 -5.564499621585857619e-02 -4.135993628193598837e-02 7.598007577557028269e-02 2.105985083038490746e-01 3.959703930262565841e-01 2.110288622274055503e-01 7.509110375086501532e-02 -4.365657424865652947e-02
4.483255680932553972e-02 5.707524477656612805e-02 -1.996495121176833365e-03 -5.661149454854882968e-02 -4.343731790199793080e-02 6.941805601944317505e-02 2.110288622274055503e-01 4.102206200671464353e-01 2.103240429952041302e-01 6.640471581914168808e-02
-7.268171925246245946e-02 4.887406641899488119e-02 5.687108833499626703e-02 -3.475559385670116963e-03 -5.947873592805624082e-02 -4.588892796117916006e-02 7.509110375086501532e-02 2.103240429952041302e-01 3.862152798009631516e-01 2.092773584008670862e-01
-2.112023550629999191e-01 -6.783017607603941679e-02 4.558685848804980290e-02 5.532999888582999792e-02 -2.581517104071372366e-03 -5.687352816536951627e-02 -4.365657424865652947e-02 6.640471581914168808e-02 2.092773584008670862e-01 4.121113155940097084e-01
4.035365155432297790e-01 2.066929597016048947e-01 6.613745336961379673e-02 -4.776350028408937742e-02 -5.667090831969080755e-02 1.399942518272581475e-03 5.877147294841976455e-02 4.587928120842802576e-02 -7.240350991071889397e-02 -2.106009669281353469e-01
2.066929597016048947e-01 4.010939397274340679e-01 2.113628622059211537e-01 7.536545107270711807e-02 -4.540389642408256682e-02 -5.604861818543474539e-02 1.259881376356224419e-03 5.688042712943454371e-02 4.563744779040465605e-02 -6.779595939688522199e-02
6.613745336961379673e-02 2.113628622059211537e-01 4.118773296701484510e-01 2.110526079035101310e-01 6.756365841020313401e-02 -4.308613252963253148e-02 -5.563202640678023558e-02 -1.068955927505139437e-03 5.578309639415376248e-02 4.469426872650195115e-02
-4.776350028408937742e-02 7.536545107270711807e-02 2.110526079035101310e-01 3.844186650609196509e-01 2.102579832956348593e-01 7.405003604810564410e-02 -4.611098146120254371e-02 -5.925972549393450362e-02 -2.513482368921141075e-03 5.717883028655945665e-02
-5.667090831969080755e-02 -4.540389642408256682e-02 6.756365841020313401e-02 2.102579832956348593e-01 4.046958431113977239e-01 2.112104607035328596e-01 6.888817140263039929e-02 -4.530537426788112942e-02 -5.799142103490222133e-02 -1.331482947841501185e-03
1.399942518272581475e-03 -5.604861818543474539e-02 -4.308613252963253148e-02 7.405003604810564410e-02 2.112104607035328596e-01 4.057834195005193823e-01 2.080581619892642176e-01 7.088667504717371948e-02 -4.257101009490686649e-02 -5.457363025908040094e-02
5.877147294841976455e-02 1.259881376356224419e-03 -5.563202640678023558e-02 -4.611098146120254371e-02 6.888817140263039929e-02 2.080581619892642176e-01 3.979127957766236956e-01 2.130511286494484180e-01 7.696895394285752090e-02 -4.298112788946574503e-02
4.587928120842802576e-02 5.688042712943454371e-02 -1.068955927505139437e-03 -5.925972549393450362e-02 -4.530537426788112942e-02 7.088667504717371948e-02 2.130511286494484180e-01 3.908350471227101108e-01 2.127706425229697329e-01 7.093915801419854728e-02
-7.240350991071889397e-02 4.563744779040465605e-02 5.578309639415376248e-02 -2.513482368921141075e-03 -5.799142103490222133e-02 -4.257101009490686649e-02 7.696895394285752090e-02 2.127706425229697329e-01 3.929841154873473519e-01 2.104155067657578759e-01
-2.106009669281353469e-01 -6.779595939688522199e-02 4.469426872650195115e-02 5.717883028655945665e-02 -1.331482947841501185e-03 -5.457363025908040094e-02 -4.298112788946574503e-02 7.093915801419854728e-02 2.104155067657578759e-01 4.068623289996728953e-01
4.033757317482564719e-01 2.099590969717915201e-01 7.015541267445268847e-02 -4.520830118876876386e-02 -5.606342533145465545e-02 8.532480739726927988e-05 5.743930722653541043e-02 4.439247990604269084e-02 -7.066969025489656941e-02 -2.105464515474654297e-01
2.099590969717915201e-01 4.053307694942250294e-01 2.103555040044440549e-01 7.221634000089076355e-02 -4.291296993438889484e-02 -5.607722594614463624e-02 -8.038183883549156975e-04 5.543767650247391487e-02 4.401065631317346849e-02 -7.102743303377793971e-02
7.015541267445268847e-02 2.103555040044440549e-01 3.958471232611369683e-01 2.117923479685732968e-01 7.244549078288994859e-02 -4.499556404008934335e-02 -5.851361914838824896e-02 -7.675075913229936720e-04 5.710634553141599734e-02 4.656324973513693150e-02
-4.520830118876876386e-02 7.221634000089076355e-02 2.117923479685732968e-01 3.933044422281731789e-01 2.111581161708808996e-01 7.172425885271072055e-02 -4.627337847156962058e-02 -5.690536201927680338e-02 8.040019845414149088e-04 5.876045979361102511e-02
-5.606342533145465545e-02 -4.291296993438889484e-02 7.244549078288994859e-02 2.111581161708808996e-01 4.034504158216558611e-01 2.106739983268637872e-01 7.087157182810376044e-02 -4.406380933596554250e-02 -5.586841976971698709e-02 7.246373513387308757e-04
8.532480739726927988e-05 -5.607722594614463624e-02 -4.499556404008934335e-02 7.172425885271072055e-02 2.106739983268637872e-01 4.021992551966490081e-01 2.099005260761306613e-01 6.950677604375163354e-02 -4.496000569379862005e-02 -5.763088357880417900e-02
5.743930722653541043e-02 -8.038183883549156975e-04 -5.851361914838824896e-02 -4.627337847156962058e-02 7.087157182810376044e-02 2.099005260761306613e-01 3.969843534565609122e-01 2.100314238006787682e-01 7.119769223047103801e-02 -4.689476599877421409e-02
