1.886168476281327167e-01 2.304149147330807335e-01 1.591083274210658705e-01 1.156879426919149578e-01 8.006517816262648246e-02 3.746719109022829397e-02 8.922771136547866244e-03 -1.803862792848111643e-02 -3.896982919438130022e-02 -6.760595573899588762e-02 -7.297385320720722879e-02 -1.232501693243079760e-01
2.304149147330807335e-01 3.461296721687849853e-01 2.212890812588678702e-01 1.537538299984814172e-01 1.095743638546105292e-01 6.105604838665166373e-02 3.748515250794114129e-02 7.895264729286087177e-03 -1.849808511049607848e-02 -5.337565610213296230e-02 -7.384501232987839003e-02 -1.400074942439070158e-01
1.591083274210658705e-01 2.212890812588678702e-01 1.747851893941768098e-01 1.310868920153480111e-01 9.795098397811902169e-02 6.030135196274986897e-02 4.809504307091441722e-02 2.618592340657431572e-02 4.306736749618318184e-03 -2.396251254043542389e-02 -4.847824902819496823e-02 -1.001326760686064715e-01
1.156879426919149578e-01 1.537538299984814172e-01 1.310868920153480111e-01 1.095555514799428920e-01 8.888168825515886662e-02 6.273040688671609189e-02 6.318037544086005375e-02 4.772666863606946086e-02 2.861893005021455549e-02 5.747696342131135977e-03 -2.577358524739525869e-02 -7.044367432178968991e-02
8.006517816262648246e-02 1.095743638546105292e-01 9.795098397811902169e-02 8.888168825515886662e-02 8.163615212816180411e-02 6.904858236740521460e-02 8.602997440017515207e-02 7.681104161515282802e-02 5.791206359775747520e-02 3.951303953709119771e-02 -1.411610424679181353e-03 -4.170182642074118928e-02
3.746719109022829397e-02 6.105604838665166373e-02 6.030135196274986897e-02 6.273040688671609189e-02 6.904858236740521460e-02 7.456084195279687188e-02 1.130897739080940073e-01 1.110403290306480606e-01 8.917183262219663398e-02 7.478423578250564807e-02 2.585061993446349793e-02 -7.443934733228805070e-03
8.922771136547866244e-03 3.748515250794114129e-02 4.809504307091441722e-02 6.318037544086005375e-02 8.602997440017515207e-02 1.130897739080940073e-01 1.970712219032909607e-01 2.029551464790995130e-01 1.624921643271937666e-01 1.425666235162936779e-01 6.496615953759235507e-02 2.513715555285449960e-02
-1.803862792848111643e-02 7.895264729286087177e-03 2.618592340657431572e-02 4.772666863606946086e-02 7.681104161515282802e-02 1.110403290306480606e-01 2.029551464790995130e-01 2.377776778117776102e-01 1.979099987134413374e-01 1.744015081253323107e-01 8.503260525025307937e-02 4.748228835918068269e-02
-3.896982919438130022e-02 -1.849808511049607848e-02 4.306736749618318184e-03 2.861893005021455549e-02 5.791206359775747520e-02 8.917183262219663398e-02 1.624921643271937666e-01 1.979099987134413374e-01 2.083274882004286233e-01 1.989561220934565056e-01 9.863462334283205901e-02 6.278537469080550104e-02
-6.760595573899588762e-02 -5.337565610213296230e-02 -2.396251254043542389e-02 5.747696342131135977e-03 3.951303953709119771e-02 7.478423578250564807e-02 1.425666235162936779e-01 1.744015081253323107e-01 1.989561220934565056e-01 2.187564819990133191e-01 1.140808472356304865e-01 8.367059501823617684e-02
-7.297385320720722879e-02 -7.384501232987839003e-02 -4.847824902819496823e-02 -2.577358524739525869e-02 -1.411610424679181353e-03 2.585061993446349793e-02 6.496615953759235507e-02 8.503260525025307937e-02 9.863462334283205901e-02 1.140808472356304865e-01 7.000721372522708541e-02 6.792597086776205884e-02
-1.232501693243079760e-01 -1.400074942439070158e-01 -1.001326760686064715e-01 -7.044367432178968991e-02 -4.170182642074118928e-02 -7.443934733228805070e-03 2.513715555285449960e-02 4.748228835918068269e-02 6.278537469080550104e-02 8.367059501823617684e-02 6.792597086776205884e-02 9.277566160826719588e-02
2.733626561744729178e-01 1.827524535102008629e-01 1.265889277264015955e-01 1.291437806130932286e-01 5.371836573253592484e-02 1.640471742410849060e-02 -1.694706822543709177e-02 -4.340227357282594456e-02 -7.357218996939145217e-02 -7.643003556514588182e-02 -1.169055061218437497e-01 -1.937870030363427476e-01
1.827524535102008629e-01 1.450593163060770185e-01 1.174542292577138713e-01 1.353325280937923702e-01 6.339361132585011327e-02 3.745060590636800635e-02 1.309189161175423541e-02 -1.202617925109320321e-02 -3.729716140358538268e-02 -4.694805167892294323e-02 -7.784853111894896038e-02 -1.292941966581820368e-01
1.265889277264015955e-01 1.174542292577138713e-01 1.234652824357121981e-01 1.673960819938315192e-01 8.478128685319377689e-02 6.430381306242169415e-02 4.508453827458994839e-02 2.004317879651564341e-02 -1.657135608465384533e-03 -2.158467545298504292e-02 -5.029213652878147811e-02 -8.910509479434251812e-02
1.291437806130932286e-01 1.353325280937923702e-01 1.673960819938315192e-01 2.587268297204512457e-01 1.384199173842990682e-01 1.187099900894185295e-01 9.846585343148922531e-02 6.463933284833425774e-02 4.030271661863724791e-02 4.630920569883970918e-04 -3.933086239542445128e-02 -8.596622453621761972e-02
5.371836573253592484e-02 6.339361132585011327e-02 8.478128685319377689e-02 1.384199173842990682e-01 9.091840328523773107e-02 1.040539070488216283e-01 1.033026233703606411e-01 7.646399674128168122e-02 6.222954222305183275e-02 2.692329752732918260e-02 1.482427082357308176e-03 -2.582698613651528835e-02
1.640471742410849060e-02 3.745060590636800635e-02 6.430381306242169415e-02 1.187099900894185295e-01 1.040539070488216283e-01 1.613844351733588200e-01 1.813938293914181821e-01 1.393020970544490700e-01 1.215119156379439597e-01 6.785959358491487625e-02 4.014433974563250129e-02 1.446184245495435103e-02
-1.694706822543709177e-02 1.309189161175423541e-02 4.508453827458994839e-02 9.846585343148922531e-02 1.033026233703606411e-01 1.813938293914181821e-01 2.303537828025599143e-01 1.836516699905181849e-01 1.626090531406980677e-01 9.540100996442210657e-02 6.721359026445372642e-02 4.573695441895267444e-02
-4.340227357282594456e-02 -1.202617925109320321e-02 2.004317879651564341e-02 6.463933284833425774e-02 7.646399674128168122e-02 1.393020970544490700e-01 1.836516699905181849e-01 1.800912569683316145e-01 1.778233766978786767e-01 1.063227624073563304e-01 7.965901663642400987e-02 6.418156445532803567e-02
-7.357218996939145217e-02 -3.729716140358538268e-02 -1.657135608465384533e-03 4.030271661863724791e-02 6.222954222305183275e-02 1.215119156379439597e-01 1.626090531406980677e-01 1.778233766978786767e-01 2.055414560625662135e-01 1.274716184765281035e-01 1.011239729801396980e-01 8.986875209396139041e-02
-7.643003556514588182e-02 -4.694805167892294323e-02 -2.158467545298504292e-02 4.630920569883970918e-04 2.692329752732918260e-02 6.785959358491487625e-02 9.540100996442210657e-02 1.063227624073563304e-01 1.274716184765281035e-01 8.677802548901038249e-02 7.798367417314000516e-02 8.009330663103600423e-02
-1.169055061218437497e-01 -7.784853111894896038e-02 -5.029213652878147811e-02 -3.933086239542445128e-02 1.482427082357308176e-03 4.014433974563250129e-02 6.721359026445372642e-02 7.965901663642400987e-02 1.011239729801396980e-01 7.798367417314000516e-02 8.572992761954982555e-02 1.063231861252246363e-01
-1.937870030363427476e-01 -1.292941966581820368e-01 -8.910509479434251812e-02 -8.596622453621761972e-02 -2.582698613651528835e-02 1.446184245495435103e-02 4.573695441895267444e-02 6.418156445532803567e-02 8.986875209396139041e-02 8.009330663103600423e-02 1.063231861252246363e-01 1.585886279626737005e-01
2.244802961493674587e-01 1.787954036227376031e-01 1.590336056834709688e-01 9.578597962595941651e-02 5.130222872456078470e-02 2.928766017588870646e-03 -3.171618110047995376e-02 -6.581511204083181910e-02 -8.447661767619822626e-02 -1.000731257763227133e-01 -1.128585758422164936e-01 -1.518387355609273903e-01
1.787954036227376031e-01 1.781828670439383477e-01 1.898039725258974519e-01 1.262453015997223593e-01 9.027173897141574366e-02 4.170023541794228711e-02 5.188892675489332508e-03 -2.361525285077606395e-02 -4.491020542644031527e-02 -6.303432181120877109e-02 -7.867439414110077855e-02 -1.135432868617684554e-01
1.590336056834709688e-01 1.898039725258974519e-01 2.593902684376679368e-01 1.867686750166162590e-01 1.507816822640463683e-01 9.136378944615833331e-02 4.713899125326648232e-02 2.081732416363431259e-02 -6.968301169419003661e-03 -3.273682452806871146e-02 -5.618195462884137403e-02 -9.356288678218065147e-02
9.578597962595941651e-02 1.262453015997223593e-01 1.867686750166162590e-01 1.724883313719123845e-01 1.715135857086990401e-01 1.176301337509902539e-01 7.571696656450692398e-02 5.990236834289095619e-02 3.708560829625774657e-02 1.328306221063715181e-02 -1.288151656552675994e-02 -4.581358487946992492e-02
5.130222872456078470e-02 9.027173897141574366e-02 1.507816822640463683e-01 1.715135857086990401e-01 2.203386808378161033e-01 1.661711100673197161e-01 1.175311113725669709e-01 1.068216603740472226e-01 8.404663541062837306e-02 5.924111804946890353e-02 2.754315595186716814e-02 -6.107241151059605161e-03
2.928766017588870646e-03 4.170023541794228711e-02 9.136378944615833331e-02 1.176301337509902539e-01 1.661711100673197161e-01 1.445173490390365412e-01 1.149418279475216964e-01 1.159644589848815022e-01 9.804549030241140051e-02 7.657651380900659666e-02 4.889495796595735855e-02 2.502092116867970367e-02
-3.171618110047995376e-02 5.188892675489332508e-03 4.713899125326648232e-02 7.571696656450692398e-02 1.175311113725669709e-01 1.149418279475216964e-01 1.101135317228756350e-01 1.279567759409785677e-01 1.146372445946717417e-01 9.211823190280396534e-02 6.418244211585960590e-02 4.628218536937158539e-02
-6.581511204083181910e-02 -2.361525285077606395e-02 2.081732416363431259e-02 5.990236834289095619e-02 1.068216603740472226e-01 1.159644589848815022e-01 1.279567759409785677e-01 1.724868573024260776e-01 1.632335103065012394e-01 1.324534163965936928e-01 9.389187038196906976e-02 7.402914525941449442e-02
-8.447661767619822626e-02 -4.491020542644031527e-02 -6.968301169419003661e-03 3.708560829625774657e-02 8.404663541062837306e-02 9.804549030241140051e-02 1.146372445946717417e-01 1.632335103065012394e-01 1.710022364099182957e-01 1.451370012669718768e-01 1.054420669499754049e-01 8.683597496522046932e-02
-1.000731257763227133e-01 -6.303432181120877109e-02 -3.273682452806871146e-02 1.328306221063715181e-02 5.924111804946890353e-02 7.657651380900659666e-02 9.211823190280396534e-02 1.324534163965936928e-01 1.451370012669718768e-01 1.363744196395601516e-01 1.064668627207530499e-01 9.480730588780558743e-02
-1.128585758422164936e-01 -7.867439414110077855e-02 -5.618195462884137403e-02 -1.288151656552675994e-02 2.754315595186716814e-02 4.889495796595735855e-02 6.418244211585960590e-02 9.389187038196906976e-02 1.054420669499754049e-01 1.064668627207530499e-01 9.497457301698333798e-02 9.637539789487739594e-02
-1.518387355609273903e-01 -1.135432868617684554e-01 -9.356288678218065147e-02 -4.581358487946992492e-02 -6.107241151059605161e-03 2.502092116867970367e-02 4.628218536937158539e-02 7.402914525941449442e-02 8.683597496522046932e-02 9.480730588780558743e-02 9.637539789487739594e-02 1.156505890285000338e-01
9.504472786424328357e-02 9.677480807269926710e-02 1.070618599810965743e-01 8.940282277949865297e-02 5.506418143620483291e-02 1.176724118503786514e-03 -4.469645875626195031e-02 -7.365422527412773812e-02 -7.348982433258220703e-02 -8.812241071339158016e-02 -8.983908003147667021e-02 -9.173137347165999378e-02
9.677480807269926710e-02 1.271727484747310344e-01 1.691696389372713827e-01 1.547221936498106298e-01 1.138462062018709697e-01 2.952891625480819418e-02 -8.925516826930766576e-03 -3.619498581263660281e-02 -4.179307280756663218e-02 -5.382576198414613933e-02 -6.117251156406197654e-02 -7.450435437328550847e-02
1.070618599810965743e-01 1.691696389372713827e-01 2.641605011732116592e-01 2.538822577372936706e-01 1.919424573566725911e-01 6.446661830312944153e-02 3.137698710227139476e-02 4.093256972769007684e-03 -1.044035975070095254e-02 -2.291192538825799485e-02 -3.764600792885229585e-02 -6.394689630719062323e-02
8.940282277949865297e-02 1.547221936498106298e-01 2.538822577372936706e-01 3.269146474618012110e-01 2.461849452548863781e-01 8.714798383421248906e-02 6.195957454453360214e-02 4.048685510492532058e-02 2.044709771518315317e-02 8.953885202787843778e-03 -9.939047723035211029e-03 -4.128378002534708463e-02
5.506418143620483291e-02 1.138462062018709697e-01 1.919424573566725911e-01 2.461849452548863781e-01 2.264154548888494267e-01 8.713736173876993063e-02 8.024811935778232430e-02 7.089544211579357214e-02 4.833828281411423761e-02 3.949090322182077784e-02 2.032871007274051137e-02 -9.933014040549383722e-03
1.176724118503786514e-03 2.952891625480819418e-02 6.446661830312944153e-02 8.714798383421248906e-02 8.713736173876993063e-02 4.361462115564706393e-02 6.225327699669165604e-02 7.093329184883923055e-02 5.244071909155000738e-02 4.622676978018916416e-02 3.476128964082501882e-02 2.003646212338294069e-02
-4.469645875626195031e-02 -8.925516826930766576e-03 3.137698710227139476e-02 6.195957454453360214e-02 8.024811935778232430e-02 6.225327699669165604e-02 1.302610952523565457e-01 1.683831460190144125e-01 1.257010622058551685e-01 1.101951982125174423e-01 8.975944848901327988e-02 7.047653437684819888e-02
-7.365422527412773812e-02 -3.619498581263660281e-02 4.093256972769007684e-03 4.048685510492532058e-02 7.089544211579357214e-02 7.093329184883923055e-02 1.683831460190144125e-01 2.342564199218531429e-01 1.757790858973612147e-01 1.512501801439617155e-01 1.228569700449893554e-01 1.006133162763479388e-01
-7.348982433258220703e-02 -4.179307280756663218e-02 -1.044035975070095254e-02 2.044709771518315317e-02 4.833828281411423761e-02 5.244071909155000738e-02 1.257010622058551685e-01 1.757790858973612147e-01 1.524936841464075987e-01 1.448905377648142812e-01 1.200362873805400354e-01 9.815736382768924795e-02
-8.812241071339158016e-02 -5.382576198414613933e-02 -2.291192538825799485e-02 8.953885202787843778e-03 3.949090322182077784e-02 4.622676978018916416e-02 1.101951982125174423e-01 1.512501801439617155e-01 1.448905377648142812e-01 1.626301079596874644e-01 1.412681464760942029e-01 1.164282387475478603e-01
-8.983908003147667021e-02 -6.117251156406197654e-02 -3.764600792885229585e-02 -9.939047723035211029e-03 2.032871007274051137e-02 3.476128964082501882e-02 8.975944848901327988e-02 1.228569700449893554e-01 1.200362873805400354e-01 1.412681464760942029e-01 1.321171676753198909e-01 1.133374996040864002e-01
-9.173137347165999378e-02 -7.450435437328550847e-02 -6.394689630719062323e-02 -4.128378002534708463e-02 -9.933014040549383722e-03 2.003646212338294069e-02 7.047653437684819888e-02 1.006133162763479388e-01 9.815736382768924795e-02 1.164282387475478603e-01 1.133374996040864002e-01 1.049188240258922128e-01
2.271936597252657841e-01 1.923184770446108582e-01 1.100194636849755464e-01 9.231650248343571674e-02 5.054547312413466831e-02 2.580296328043586371e-02 -1.582782312063079613e-03 -3.070745427428846902e-02 -7.087622431407164525e-02 -8.951846179948813598e-02 -1.570199111789302993e-01 -1.984333998529649035e-01
1.923184770446108582e-01 1.962340180554020264e-01 1.273935231283599145e-01 1.274341986265097315e-01 8.525874358707974388e-02 6.619251745720867997e-02 3.506629983891596664e-02 5.342661527771385040e-03 -2.773778221857680498e-02 -5.622320113939410779e-02 -1.151449143410281095e-01 -1.533387460803474489e-01
1.100194636849755464e-01 1.273935231283599145e-01 1.061660659424819853e-01 1.343331359138110193e-01 1.012329097442284664e-01 8.866692913912019303e-02 6.010407287394214926e-02 3.814431058279171144e-02 2.195629383801120382e-02 -9.564730687703474482e-03 -4.936387640817371109e-02 -7.983378453461387192e-02
9.231650248343571674e-02 1.274341986265097315e-01 1.343331359138110193e-01 2.088182362049960106e-01 1.689656378630297329e-01 1.545163061166126839e-01 1.113683019842123811e-01 8.442670963018640562e-02 7.562163511728160759e-02 2.823093266260743792e-02 -1.180058924801565684e-02 -5.218387974529779122e-02
5.054547312413466831e-02 8.525874358707974388e-02 1.012329097442284664e-01 1.689656378630297329e-01 1.587670611019659506e-01 1.600807430129909670e-01 1.181611271598950186e-01 9.218221585921129724e-02 8.888577813058254340e-02 4.611053799969856704e-02 2.086817257266638734e-02 -1.333602793662142134e-02
2.580296328043586371e-02 6.619251745720867997e-02 8.866692913912019303e-02 1.545163061166126839e-01 1.600807430129909670e-01 1.882495758709176181e-01 1.453423813454146063e-01 1.162958265178275497e-01 1.161269349293952147e-01 6.792270429017197020e-02 4.930612297205053118e-02 1.524072544251478881e-02
-1.582782312063079613e-03 3.506629983891596664e-02 6.010407287394214926e-02 1.113683019842123811e-01 1.181611271598950186e-01 1.453423813454146063e-01 1.254853842013359255e-01 1.093149093381458326e-01 1.163279905071976372e-01 7.255308853885131248e-02 6.177289060081627564e-02 3.511708299648992615e-02
-3.070745427428846902e-02 5.342661527771385040e-03 3.814431058279171144e-02 8.442670963018640562e-02 9.218221585921129724e-02 1.162958265178275497e-01 1.093149093381458326e-01 1.091958054459522265e-01 1.277588138504209270e-01 8.555719547742322850e-02 8.228305499628464637e-02 5.956051628009643301e-02
-7.087622431407164525e-02 -2.773778221857680498e-02 2.195629383801120382e-02 7.562163511728160759e-02 8.888577813058254340e-02 1.161269349293952147e-01 1.163279905071976372e-01 1.277588138504209270e-01 1.653247196025000032e-01 1.192546629242249023e-01 1.265941103701882509e-01 1.024393353329894757e-01
-8.951846179948813598e-02 -5.622320113939410779e-02 -9.564730687703474482e-03 2.823093266260743792e-02 4.611053799969856704e-02 6.792270429017197020e-02 7.255308853885131248e-02 8.555719547742322850e-02 1.192546629242249023e-01 1.010984935205096469e-01 1.272792894683945075e-01 1.142103507937402423e-01
-1.570199111789302993e-01 -1.151449143410281095e-01 -4.936387640817371109e-02 -1.180058924801565684e-02 2.086817257266638734e-02 4.930612297205053118e-02 6.177289060081627564e-02 8.228305499628464637e-02 1.265941103701882509e-01 1.272792894683945075e-01 1.937044037492317017e-01 1.896001623420097149e-01
-1.984333998529649035e-01 -1.533387460803474489e-01 -7.983378453461387192e-02 -5.218387974529779122e-02 -1.333602793662142134e-02 1.524072544251478881e-02 3.511708299648992615e-02 5.956051628009643301e-02 1.024393353329894757e-01 1.142103507937402423e-01 1.896001623420097149e-01 2.197625765794396502e-01
1.718230890787244836e-01 1.443566650767332538e-01 1.149151439167487715e-01 7.148644572865855973e-02 1.533380889136701231e-02 -2.950205390698669786e-02 -5.926354361636895773e-02 -7.469550132025397360e-02 -5.986236148410858937e-02 -1.022896332270846753e-01 -1.535523688756586513e-01 -1.590231490700221295e-01
1.443566650767332538e-01 1.496842283413459818e-01 1.512995159843920634e-01 1.317383837959552328e-01 7.184742489357603956e-02 1.811818945871134304e-02 -1.866943409341942361e-02 -3.960436429877620818e-02 -3.805410442693904494e-02 -7.074953838581012067e-02 -1.080788622952792710e-01 -1.182926639404791175e-01
1.149151439167487715e-01 1.512995159843920634e-01 2.084758974108641139e-01 2.334389391959310056e-01 1.536695433473363737e-01 8.514025591097937329e-02 3.925170046209845026e-02 1.040162086813910432e-02 -9.186392920235330467e-03 -3.418439544577287631e-02 -6.168901433406764889e-02 -7.839884836292385084e-02
7.148644572865855973e-02 1.317383837959552328e-01 2.334389391959310056e-01 3.678747225477454474e-01 2.419246608056236647e-01 1.505928412157013785e-01 9.800266973814758531e-02 6.473432546688556721e-02 2.479343563555400434e-02 1.235260462798789746e-02 -1.521521415574732684e-03 -2.687968028477183760e-02
1.533380889136701231e-02 7.184742489357603956e-02 1.536695433473363737e-01 2.419246608056236647e-01 2.176891659728978912e-01 1.558201015298999736e-01 1.148436934979364665e-01 8.686437399453431074e-02 4.251136447570370153e-02 4.231087878495096155e-02 4.290146360394708758e-02 2.055810391304870380e-02
-2.950205390698669786e-02 1.811818945871134304e-02 8.514025591097937329e-02 1.505928412157013785e-01 1.558201015298999736e-01 1.352955364997027454e-01 1.135811934317490779e-01 9.445676901727416419e-02 5.132929901250123106e-02 5.975417325379026728e-02 7.015143282038907580e-02 5.306777109675027415e-02
-5.926354361636895773e-02 -1.866943409341942361e-02 3.925170046209845026e-02 9.800266973814758531e-02 1.148436934979364665e-01 1.135811934317490779e-01 1.080711232371555225e-01 9.709415446119712412e-02 5.667666666407764064e-02 7.193294909738968956e-02 8.940964655282335194e-02 7.479608394488514167e-02
-7.469550132025397360e-02 -3.960436429877620818e-02 1.040162086813910432e-02 6.473432546688556721e-02 8.686437399453431074e-02 9.445676901727416419e-02 9.709415446119712412e-02 9.311785555212688525e-02 5.775588210146519186e-02 7.849144627512995298e-02 1.012988534265226725e-01 8.674264606402677658e-02
-5.986236148410858937e-02 -3.805410442693904494e-02 -9.186392920235330467e-03 2.479343563555400434e-02 4.251136447570370153e-02 5.132929901250123106e-02 5.667666666407764064e-02 5.775588210146519186e-02 3.964785459160457409e-02 6.014362961269069385e-02 8.222349175520801690e-02 6.948244899667924135e-02
-1.022896332270846753e-01 -7.074953838581012067e-02 -3.418439544577287631e-02 1.235260462798789746e-02 4.231087878495096155e-02 5.975417325379026728e-02 7.193294909738968956e-02 7.849144627512995298e-02 6.014362961269069385e-02 1.024775167202241766e-01 1.479748828927898163e-01 1.221384516957504662e-01
-1.535523688756586513e-01 -1.080788622952792710e-01 -6.168901433406764889e-02 -1.521521415574732684e-03 4.290146360394708758e-02 7.015143282038907580e-02 8.940964655282335194e-02 1.012988534265226725e-01 8.222349175520801690e-02 1.479748828927898163e-01 2.277152869935081814e-01 1.877220631229450376e-01
-1.590231490700221295e-01 -1.182926639404791175e-01 -7.839884836292385084e-02 -2.687968028477183760e-02 2.055810391304870380e-02 5.306777109675027415e-02 7.479608394488514167e-02 8.674264606402677658e-02 6.948244899667924135e-02 1.221384516957504662e-01 1.877220631229450376e-01 1.781277230541001289e-01
1.680799785416774994e-01 1.389704496641323561e-01 1.111821069799583950e-01 8.881427189995003135e-02 7.474560146515354941e-02 3.742927629449973453e-02 1.305279052903511941e-02 -1.515441724665686322e-02 -5.365388836818782425e-02 -8.502757223544137044e-02 -1.365502670660257989e-01 -1.901762697514555178e-01
1.389704496641323561e-01 1.363869053581399093e-01 1.223665825652872075e-01 1.087535238117213754e-01 1.017854412890440707e-01 5.973660605778322030e-02 3.972514287018475559e-02 2.216486572255791168e-02 -1.190065791026341871e-02 -4.854697628257061831e-02 -9.343560058890441888e-02 -1.376084792549770175e-01
1.111821069799583950e-01 1.223665825652872075e-01 1.276419344642763520e-01 1.292231692532858078e-01 1.320259409134637574e-01 8.075218311770611390e-02 6.121319592439515567e-02 5.154461861927826793e-02 2.343336480808919098e-02 -1.664737310793130975e-02 -5.868136453882667747e-02 -9.920947048741080021e-02
8.881427189995003135e-02 1.087535238117213754e-01 1.292231692532858078e-01 1.569754378158093044e-01 1.772650052590923342e-01 1.090341552299755878e-01 8.484580396695247384e-02 7.945065181404091514e-02 5.630839669905490785e-02 1.362806607531859282e-02 -2.731716843933369027e-02 -6.890418100464934525e-02
7.474560146515354941e-02 1.017854412890440707e-01 1.320259409134637574e-01 1.772650052590923342e-01 2.261901926475411440e-01 1.418141235161256009e-01 1.128122771491054388e-01 1.105793489768141374e-01 8.950100776665237401e-02 4.239893306855348210e-02 6.979820304722359403e-04 -4.549217088713888857e-02
3.742927629449973453e-02 5.973660605778322030e-02 8.075218311770611390e-02 1.090341552299755878e-01 1.418141235161256009e-01 9.908714371239348007e-02 8.932146809310077817e-02 9.740415330975266128e-02 8.559080998409966667e-02 4.888394928513464799e-02 2.124263750220370395e-02 -1.044252616881006374e-02
1.305279052903511941e-02 3.972514287018475559e-02 6.121319592439515567e-02 8.484580396695247384e-02 1.128122771491054388e-01 8.932146809310077817e-02 9.811096319622922279e-02 1.235582870536401368e-01 1.179399842035885326e-01 7.464608860737816098e-02 4.891362376548163970e-02 2.081847188126119061e-02
-1.515441724665686322e-02 2.216486572255791168e-02 5.154461861927826793e-02 7.945065181404091514e-02 1.105793489768141374e-01 9.740415330975266128e-02 1.235582870536401368e-01 1.791422142785165095e-01 1.839781341681021587e-01 1.221268807559964115e-01 9.139498580863146537e-02 6.201291948066724874e-02
-5.365388836818782425e-02 -1.190065791026341871e-02 2.343336480808919098e-02 5.630839669905490785e-02 8.950100776665237401e-02 8.559080998409966667e-02 1.179399842035885326e-01 1.839781341681021587e-01 2.161495024729330194e-01 1.556115417280818924e-01 1.298908379495186116e-01 1.057448494788185700e-01
-8.502757223544137044e-02 -4.854697628257061831e-02 -1.664737310793130975e-02 1.362806607531859282e-02 4.239893306855348210e-02 4.888394928513464799e-02 7.464608860737816098e-02 1.221268807559964115e-01 1.556115417280818924e-01 1.393203510530857114e-01 1.423129044720086722e-01 1.343889551347097200e-01
-1.365502670660257989e-01 -9.343560058890441888e-02 -5.868136453882667747e-02 -2.731716843933369027e-02 6.979820304722359403e-04 2.124263750220370395e-02 4.891362376548163970e-02 9.139498580863146537e-02 1.298908379495186116e-01 1.423129044720086722e-01 1.859644566928733145e-01 2.012442700179730426e-01
-1.901762697514555178e-01 -1.376084792549770175e-01 -9.920947048741080021e-02 -6.890418100464934525e-02 -4.549217088713888857e-02 -1.044252616881006374e-02 2.081847188126119061e-02 6.201291948066724874e-02 1.057448494788185700e-01 1.343889551347097200e-01 2.012442700179730426e-01 2.669509197665254074e-01
1.214734499657698086e-01 1.409594779102819884e-01 8.460564725256801422e-02 9.530959692021416518e-02 4.320300344573130280e-02 1.066683414933256371e-02 -2.875488263630952834e-02 -4.230501118855248266e-02 -4.626012386808646404e-02 -9.697456099297623033e-02 -8.638980981225435896e-02 -9.745754003866914650e-02
1.409594779102819884e-01 1.716695778980678322e-01 1.096086946542760843e-01 1.382236410204704946e-01 6.913470804823491911e-02 3.623903688723221356e-02 -9.706276325001110886e-03 -3.221692403391242937e-02 -4.119629632443507633e-02 -8.992328517206370220e-02 -8.670202651046499120e-02 -1.066256795234832022e-01
8.460564725256801422e-02 1.096086946542760843e-01 9.058277171114847981e-02 1.625854025201355912e-01 7.849414691600965777e-02 5.393041414227817132e-02 2.361241065500772202e-02 -8.499268429624227180e-04 -1.565536871522645382e-02 -4.392130385860761044e-02 -4.645025768974004460e-02 -6.109946368141682543e-02
9.530959692021416518e-02 1.382236410204704946e-01 1.625854025201355912e-01 4.049250338586557474e-01 1.820063992487676308e-01 1.317873583924036307e-01 8.918326471931899146e-02 3.867563954713690300e-02 1.897772903038854458e-03 -2.796038831472847513e-02 -4.060074544476528768e-02 -6.285248870003291854e-02
4.320300344573130280e-02 6.913470804823491911e-02 7.849414691600965777e-02 1.820063992487676308e-01 1.128665355551759231e-01 1.224760346380804749e-01 1.074515124495123847e-01 5.992623857097221368e-02 2.416411807072856716e-02 1.899853573168053950e-02 -6.532598511044651179e-04 -2.061691192394866229e-02
1.066683414933256371e-02 3.623903688723221356e-02 5.393041414227817132e-02 1.317873583924036307e-01 1.224760346380804749e-01 1.956849814041074498e-01 2.015796538141991223e-01 1.214425892217840253e-01 6.048235544043184531e-02 7.369190113353908667e-02 3.871845966810949502e-02 1.270837630103116220e-02
-2.875488263630952834e-02 -9.706276325001110886e-03 2.361241065500772202e-02 8.918326471931899146e-02 1.074515124495123847e-01 2.015796538141991223e-01 2.424230940756591235e-01 1.535325557909632543e-01 8.235022618613600798e-02 1.106393399781840647e-01 6.937385993898174952e-02 4.524266859941424024e-02
-4.230501118855248266e-02 -3.221692403391242937e-02 -8.499268429624227180e-04 3.867563954713690300e-02 5.992623857097221368e-02 1.214425892217840253e-01 1.535325557909632543e-01 1.121815485925092282e-01 7.228989063960292172e-02 1.148915146133419329e-01 7.462862994507121761e-02 5.291251225394598412e-02
-4.626012386808646404e-02 -4.119629632443507633e-02 -1.565536871522645382e-02 1.897772903038854458e-03 2.416411807072856716e-02 6.048235544043184531e-02 8.235022618613600798e-02 7.228989063960292172e-02 6.378941842559887609e-02 1.245133256221791496e-01 8.076236315783076603e-02 5.614017350670741369e-02
-9.697456099297623033e-02 -8.992328517206370220e-02 -4.392130385860761044e-02 -2.796038831472847513e-02 1.899853573168053950e-02 7.369190113353908667e-02 1.106393399781840647e-01 1.148915146133419329e-01 1.245133256221791496e-01 2.718256166042402056e-01 1.752156626974186171e-01 1.188363361088244363e-01
-8.638980981225435896e-02 -8.670202651046499120e-02 -4.645025768974004460e-02 -4.060074544476528768e-02 -6.532598511044651179e-04 3.871845966810949502e-02 6.937385993898174952e-02 7.462862994507121761e-02 8.076236315783076603e-02 1.752156626974186171e-01 1.231806256316360926e-01 9.389005387850964113e-02
-9.745754003866914650e-02 -1.066256795234832022e-01 -6.109946368141682543e-02 -6.285248870003291854e-02 -2.061691192394866229e-02 1.270837630103116220e-02 4.524266859941424024e-02 5.291251225394598412e-02 5.614017350670741369e-02 1.188363361088244363e-01 9.389005387850964113e-02 8.939734627742981776e-02
1.714847593433945216e-01 1.758977691261451870e-01 1.262944242682478291e-01 5.555723752923276415e-02 3.420704824536776462e-02 1.048123736488016169e-02 -9.807226563355826016e-03 -2.683480480417096276e-02 -4.281951672241492840e-02 -7.414864486087680007e-02 -1.421308701726108348e-01 -1.924633088256619828e-01
1.758977691261451870e-01 2.369475286434592765e-01 1.922840556735200268e-01 9.998360475371899370e-02 9.088465959736551081e-02 6.468333099922443652e-02 4.101338086234511404e-02 1.655741029516907825e-02 -1.106331490494582778e-02 -4.718810109672109954e-02 -1.094167536106500360e-01 -1.599740952350425793e-01
1.262944242682478291e-01 1.922840556735200268e-01 1.897941309126645326e-01 1.151230032775495543e-01 1.267097097259041460e-01 1.035306202814123278e-01 8.123650743165232446e-02 5.638799763263648707e-02 2.508962979671433211e-02 -7.081841122201513843e-03 -5.256341751382673233e-02 -9.936829851924219859e-02
5.555723752923276415e-02 9.998360475371899370e-02 1.151230032775495543e-01 8.974731872086953721e-02 1.228995892397538731e-01 1.079166110277819668e-01 8.755800267781686796e-02 6.647074678188798214e-02 4.148553982980358185e-02 2.226205979557509262e-02 2.931753287788099391e-03 -2.862398659616353230e-02
3.420704824536776462e-02 9.088465959736551081e-02 1.267097097259041460e-01 1.228995892397538731e-01 2.015259191255221460e-01 1.850132356591856209e-01 1.493967692180327989e-01 1.148639427365221455e-01 7.845843548214423424e-02 5.764295301004813271e-02 4.774870483795160686e-02 1.061762245144029504e-02
1.048123736488016169e-02 6.468333099922443652e-02 1.035306202814123278e-01 1.079166110277819668e-01 1.850132356591856209e-01 1.933738598909077733e-01 1.645396393780022282e-01 1.274570119777583832e-01 8.825002503076188887e-02 6.911139800798635213e-02 6.704614903692909800e-02 3.628348085983010285e-02
-9.807226563355826016e-03 4.101338086234511404e-02 8.123650743165232446e-02 8.755800267781686796e-02 1.493967692180327989e-01 1.645396393780022282e-01 1.618375148263672958e-01 1.323244171223060539e-01 9.409747838538742859e-02 7.706907735406445803e-02 8.090664336677411139e-02 5.575406085249146743e-02
-2.683480480417096276e-02 1.655741029516907825e-02 5.638799763263648707e-02 6.647074678188798214e-02 1.148639427365221455e-01 1.274570119777583832e-01 1.323244171223060539e-01 1.180433246708914308e-01 8.853801755330027723e-02 7.737937380340666194e-02 8.774995382769812391e-02 6.895692779928606908e-02
-4.281951672241492840e-02 -1.106331490494582778e-02 2.508962979671433211e-02 4.148553982980358185e-02 7.845843548214423424e-02 8.825002503076188887e-02 9.409747838538742859e-02 8.853801755330027723e-02 7.242157269865401314e-02 7.049060447063804080e-02 8.947181493096738325e-02 7.943677520873122788e-02
-7.414864486087680007e-02 -4.718810109672109954e-02 -7.081841122201513843e-03 2.226205979557509262e-02 5.764295301004813271e-02 6.911139800798635213e-02 7.706907735406445803e-02 7.737937380340666194e-02 7.049060447063804080e-02 8.075259615950736158e-02 1.186435732959158218e-01 1.176054661005338786e-01
-1.421308701726108348e-01 -1.094167536106500360e-01 -5.256341751382673233e-02 2.931753287788099391e-03 4.774870483795160686e-02 6.704614903692909800e-02 8.090664336677411139e-02 8.774995382769812391e-02 8.947181493096738325e-02 1.186435732959158218e-01 2.016921423434354099e-01 2.166600021500582618e-01
-1.924633088256619828e-01 -1.599740952350425793e-01 -9.936829851924219859e-02 -2.862398659616353230e-02 1.061762245144029504e-02 3.628348085983010285e-02 5.575406085249146743e-02 6.895692779928606908e-02 7.943677520873122788e-02 1.176054661005338786e-01 2.166600021500582618e-01 2.823793326643267432e-01
1.232862206040849645e-01 1.693584205225592831e-01 1.336182483165605506e-01 8.387612146831616156e-02 3.642262222744270528e-02 -1.042359541401688058e-02 -3.326780215326895912e-02 -4.966028165383175319e-02 -6.713611534051246166e-02 -9.086160349175315121e-02 -7.530719521506240577e-02 -9.011519021989926326e-02
1.693584205225592831e-01 2.662344550582804170e-01 2.201367644119189004e-01 1.493059554239366815e-01 9.216311732887366714e-02 2.795187866323707582e-02 -1.294827946179550118e-02 -3.932374486949019587e-02 -6.277370143658289603e-02 -9.147296928161102736e-02 -8.337308078896518704e-02 -1.115364256741919469e-01
1.336182483165605506e-01 2.201367644119189004e-01 2.397720709882498191e-01 1.891849590571324513e-01 1.434528638960050340e-01 8.226491823031695239e-02 3.261914804849949667e-02 1.168423239875704400e-03 -2.487326507594219555e-02 -5.182558106010103083e-02 -5.586974300593539056e-02 -8.362785878325271205e-02
8.387612146831616156e-02 1.493059554239366815e-01 1.891849590571324513e-01 1.995697284889867418e-01 1.883178780371227434e-01 1.337853579003400184e-01 7.785004157697614224e-02 4.587096229754486498e-02 2.305846162474242678e-02 3.868061556329604675e-03 -1.606014701558775709e-02 -4.350284752072955397e-02
3.642262222744270528e-02 9.216311732887366714e-02 1.434528638960050340e-01 1.883178780371227434e-01 2.408851533969503245e-01 1.985909180049647837e-01 1.286766535955286839e-01 9.206574366803288445e-02 7.179992787011138522e-02 6.199383699803822506e-02 2.662662995161326623e-02 -1.067695372389057106e-03
-1.042359541401688058e-02 2.795187866323707582e-02 8.226491823031695239e-02 1.337853579003400184e-01 1.985909180049647837e-01 2.058424338540885967e-01 1.464123655959110870e-01 1.132825547448703674e-01 9.685794619825204010e-02 9.454810893519277615e-02 5.476949160052704130e-02 3.366223231345939759e-02
-3.326780215326895912e-02 -1.294827946179550118e-02 3.261914804849949667e-02 7.785004157697614224e-02 1.286766535955286839e-01 1.464123655959110870e-01 1.199537655300007277e-01 1.037412862114484302e-01 9.712924302725385595e-02 1.008063303652815129e-01 6.193813728925780249e-02 4.607157830247990415e-02
-4.966028165383175319e-02 -3.932374486949019587e-02 1.168423239875704400e-03 4.587096229754486498e-02 9.206574366803288445e-02 1.132825547448703674e-01 1.037412862114484302e-01 1.051898810771407511e-01 1.111122925729245287e-01 1.228729818595417217e-01 7.604827291603184769e-02 5.883665611049161692e-02
-6.713611534051246166e-02 -6.277370143658289603e-02 -2.487326507594219555e-02 2.305846162474242678e-02 7.179992787011138522e-02 9.685794619825204010e-02 9.712924302725385595e-02 1.111122925729245287e-01 1.348754045478832153e-01 1.593569588971942008e-01 9.843747984332824885e-02 7.618649700765917077e-02
-9.086160349175315121e-02 -9.147296928161102736e-02 -5.182558106010103083e-02 3.868061556329604675e-03 6.199383699803822506e-02 9.454810893519277615e-02 1.008063303652815129e-01 1.228729818595417217e-01 1.593569588971942008e-01 2.021529162988042194e-01 1.266166658547283053e-01 9.971989138920338280e-02
-7.530719521506240577e-02 -8.337308078896518704e-02 -5.586974300593539056e-02 -1.606014701558775709e-02 2.662662995161326623e-02 5.476949160052704130e-02 6.193813728925780249e-02 7.604827291603184769e-02 9.843747984332824885e-02 1.266166658547283053e-01 8.548040595250913642e-02 7.443078249166486249e-02
-9.011519021989926326e-02 -1.115364256741919469e-01 -8.362785878325271205e-02 -4.350284752072955397e-02 -1.067695372389057106e-03 3.366223231345939759e-02 4.607157830247990415e-02 5.883665611049161692e-02 7.618649700765917077e-02 9.971989138920338280e-02 7.443078249166486249e-02 7.675756420302048966e-02
3.176161161501697139e-01 2.123374941349961131e-01 1.284333132821694479e-01 1.099004341257435458e-01 6.821364319074516014e-02 4.932335432273519948e-02 1.806844432148719745e-02 3.558888942662877079e-04 -3.148817374140098352e-02 -7.919132369521179882e-02 -1.505467746568664167e-01 -2.112088065707730944e-01
2.123374941349961131e-01 1.761365337410473186e-01 1.232351623516527300e-01 1.207682451025732101e-01 8.276108608662793853e-02 6.867957281954059634e-02 3.592601557121662126e-02 3.411776760695338362e-02 1.470335455322137504e-02 -2.870739544061032614e-02 -8.725578377133975938e-02 -1.372364318690798557e-01
1.284333132821694479e-01 1.232351623516527300e-01 1.089722655695693487e-01 1.259879170241963720e-01 9.284197540920192948e-02 8.192831150476484470e-02 4.688198852722585269e-02 5.390943091777584961e-02 4.459094194811603906e-02 1.076755367327084448e-02 -3.293032499178797506e-02 -7.653869024839138335e-02
1.099004341257435458e-01 1.207682451025732101e-01 1.259879170241963720e-01 1.665011474072088382e-01 1.290604718877678692e-01 1.180798139809981634e-01 6.996511902031296581e-02 8.533564472596072426e-02 8.057019797172770836e-02 4.555122802180903291e-02 2.029618557275671750e-03 -5.276999963715751918e-02
6.821364319074516014e-02 8.276108608662793853e-02 9.284197540920192948e-02 1.290604718877678692e-01 1.065102019873504502e-01 1.024583261590326921e-01 6.375903582490043131e-02 8.268690752673617250e-02 8.254070275141126012e-02 5.561214238104203456e-02 2.542521765684128965e-02 -2.082483951297479929e-02
4.932335432273519948e-02 6.867957281954059634e-02 8.192831150476484470e-02 1.180798139809981634e-01 1.024583261590326921e-01 1.055146508823080337e-01 7.035758917758469511e-02 9.859061598122464964e-02 1.027511208729721542e-01 7.426201148268413155e-02 4.735226312764058421e-02 -3.115138179443253594e-04
1.806844432148719745e-02 3.592601557121662126e-02 4.688198852722585269e-02 6.996511902031296581e-02 6.375903582490043131e-02 7.035758917758469511e-02 5.399960361899602823e-02 8.677306289687661267e-02 9.583974606167430799e-02 7.003344084843349249e-02 5.068514483669542270e-02 1.657595753651049802e-02
3.558888942662877079e-04 3.411776760695338362e-02 5.390943091777584961e-02 8.533564472596072426e-02 8.268690752673617250e-02 9.859061598122464964e-02 8.677306289687661267e-02 1.586597349368814580e-01 1.839190351939753443e-01 1.337257625663264837e-01 1.018070010181117147e-01 5.016658189969309956e-02
-3.148817374140098352e-02 1.470335455322137504e-02 4.459094194811603906e-02 8.057019797172770836e-02 8.254070275141126012e-02 1.027511208729721542e-01 9.583974606167430799e-02 1.839190351939753443e-01 2.344993830768136167e-01 1.773056900340219677e-01 1.422523809189329969e-01 8.383172335094626892e-02
-7.919132369521179882e-02 -2.870739544061032614e-02 1.076755367327084448e-02 4.555122802180903291e-02 5.561214238104203456e-02 7.426201148268413155e-02 7.003344084843349249e-02 1.337257625663264837e-01 1.773056900340219677e-01 1.685503049792713148e-01 1.645999451563114613e-01 1.174392489478002649e-01
-1.505467746568664167e-01 -8.725578377133975938e-02 -3.293032499178797506e-02 2.029618557275671750e-03 2.542521765684128965e-02 4.735226312764058421e-02 5.068514483669542270e-02 1.018070010181117147e-01 1.422523809189329969e-01 1.645999451563114613e-01 2.082360629276276409e-01 1.760159548656640149e-01
-2.112088065707730944e-01 -1.372364318690798557e-01 -7.653869024839138335e-02 -5.276999963715751918e-02 -2.082483951297479929e-02 -3.115138179443253594e-04 1.657595753651049802e-02 5.016658189969309956e-02 8.383172335094626892e-02 1.174392489478002649e-01 1.760159548656640149e-01 1.948039947227577784e-01
