3.924787382282266535e-01 2.694835741996256528e-01 6.658152663609642752e-02 -7.111692209322055536e-02 -8.222607797820011277e-02 -1.538792603659165995e-02 7.001460921142499405e-02 6.156173267875763438e-02 -8.351461426883913242e-02 -2.566037666096069314e-01
2.694835741996256528e-01 5.014721346943994407e-01 2.763705249740687764e-01 6.769892495679433186e-02 -5.260773023085855982e-02 -7.833544558311948680e-02 -2.898943576641915473e-02 5.469987811041132630e-02 7.269587021220511036e-02 -4.330224894605067681e-02
6.658152663609642752e-02 2.763705249740687764e-01 3.746911512714242720e-01 2.429110758485110433e-01 1.125457812376662731e-01 -1.026055290062821354e-02 -7.427821825037769776e-02 -3.504437454769562116e-02 6.870052456970188182e-02 7.981174404323737592e-02
-7.111692209322055536e-02 6.769892495679433186e-02 2.429110758485110433e-01 3.567103152828386969e-01 2.720608600414001765e-01 1.312315794319587337e-01 -1.746887329387225574e-02 -8.177557357035275531e-02 -2.580072297737643489e-02 6.773438022533073699e-02
-8.222607797820011277e-02 -5.260773023085855982e-02 1.125457812376662731e-01 2.720608600414001765e-01 3.675228076851085324e-01 2.450997043942634845e-01 9.945753823660723192e-02 -4.091903018015656535e-02 -8.116075379054427108e-02 -7.023541648656640018e-03
-1.538792603659165995e-02 -7.833544558311948680e-02 -1.026055290062821354e-02 1.312315794319587337e-01 2.450997043942634845e-01 2.981741888742954760e-01 2.447451535165957037e-01 9.645170346484077672e-02 -5.973416715601625321e-02 -7.749922341671042214e-02
7.001460921142499405e-02 -2.898943576641915473e-02 -7.427821825037769776e-02 -1.746887329387225574e-02 9.945753823660723192e-02 2.447451535165957037e-01 4.248031207977652768e-01 2.853930607140970910e-01 6.581377814583080910e-02 -7.836095985131576180e-02
6.156173267875763438e-02 5.469987811041132630e-02 -3.504437454769562116e-02 -8.177557357035275531e-02 -4.091903018015656535e-02 9.645170346484077672e-02 2.853930607140970910e-01 4.334471880155896795e-01 2.492066240209445949e-01 6.055083131831925231e-02
-8.351461426883913242e-02 7.269587021220511036e-02 6.870052456970188182e-02 -2.580072297737643489e-02 -8.116075379054427108e-02 -5.973416715601625321e-02 6.581377814583080910e-02 2.492066240209445949e-01 4.064464270942410584e-01 2.773508837566783791e-01
-2.566037666096069314e-01 -4.330224894605067681e-02 7.981174404323737592e-02 6.773438022533073699e-02 -7.023541648656640018e-03 -7.749922341671042214e-02 -7.836095985131576180e-02 6.055083131831925231e-02 2.773508837566783791e-01 4.442539280561060844e-01
2.730918558360371229e-01 2.310141201171890257e-01 9.251650370270436685e-02 -5.886284866069396715e-02 -7.744585421554206484e-02 8.542717563728386906e-04 8.392629006262464220e-02 7.193800627603336162e-02 -8.683761195878696160e-02 -2.496362173188783895e-01
2.310141201171890257e-01 3.360374735658819279e-01 2.616908634428437574e-01 6.918488903458629158e-02 -6.545949123709600415e-02 -6.530844008304168002e-02 3.294697921998097218e-02 9.038485984767904990e-02 2.302759124250761472e-02 -1.293434445977116876e-01
9.251650370270436685e-02 2.616908634428437574e-01 4.918941063925398316e-01 2.820471051602922441e-01 5.878819686259108279e-02 -6.984445193090316195e-02 -6.087479372093956148e-02 1.056387548637245828e-02 5.758061969063463237e-02 1.814080375103993906e-02
-5.886284866069396715e-02 6.918488903458629158e-02 2.820471051602922441e-01 4.100119931065694390e-01 2.349152783816272905e-01 6.807987203028223466e-02 -6.211167282588851701e-02 -8.398223388684636359e-02 5.249227374484181051e-03 8.689021501384192048e-02
-7.744585421554206484e-02 -6.545949123709600415e-02 5.878819686259108279e-02 2.349152783816272905e-01 3.707560088478754623e-01 2.885596309739222320e-01 9.190831494413156944e-02 -6.395750867957651631e-02 -6.384565696067463769e-02 3.019882157318493771e-02
8.542717563728386906e-04 -6.530844008304168002e-02 -6.984445193090316195e-02 6.807987203028223466e-02 2.885596309739222320e-01 4.917597490010330308e-01 2.621927902920013209e-01 7.270333589999865287e-02 -5.266284477967690669e-02 -6.252152286604749365e-02
8.392629006262464220e-02 3.294697921998097218e-02 -6.087479372093956148e-02 -6.211167282588851701e-02 9.190831494413156944e-02 2.621927902920013209e-01 3.144725941405336345e-01 2.432195933976215863e-01 8.365710675342677427e-02 -6.848588483355472212e-02
7.193800627603336162e-02 9.038485984767904990e-02 1.056387548637245828e-02 -8.398223388684636359e-02 -6.395750867957651631e-02 7.270333589999865287e-02 2.432195933976215863e-01 4.328131229874604413e-01 2.756758080756726015e-01 4.528964150190667448e-02
-8.683761195878696160e-02 2.302759124250761472e-02 5.758061969063463237e-02 5.249227374484181051e-03 -6.384565696067463769e-02 -5.266284477967690669e-02 8.365710675342677427e-02 2.756758080756726015e-01 4.559227515372729078e-01 2.632604904538257129e-01
-2.496362173188783895e-01 -1.293434445977116876e-01 1.814080375103993906e-02 8.689021501384192048e-02 3.019882157318493771e-02 -6.252152286604749365e-02 -6.848588483355472212e-02 4.528964150190667448e-02 2.632604904538257129e-01 4.232403445848075263e-01
4.449878337948193763e-01 2.688393112098592663e-01 1.089421541888158512e-01 -3.578739330916720640e-02 -8.392478245734696918e-02 -1.204273054423754021e-02 7.354854429951349082e-02 5.735651778548828822e-02 -7.383650381919253103e-02 -2.632588331291682571e-01
2.688393112098592663e-01 3.291440646794430158e-01 2.449177200184532444e-01 9.731487848483097447e-02 -4.826473256121331656e-02 -7.521512562052015682e-02 -5.546956436802082807e-03 7.600934439111699248e-02 6.004616487081151227e-02 -9.399563677172048659e-02
1.089421541888158512e-01 2.449177200184532444e-01 3.586624611518289818e-01 2.632187626335850128e-01 8.966186021407301920e-02 -6.419155948150613578e-02 -8.345206234802865497e-02 1.693169965020276460e-02 9.200330593821015590e-02 4.171524632967231472e-02
-3.578739330916720640e-02 9.731487848483097447e-02 2.632187626335850128e-01 4.174123272203739132e-01 2.747526584299487262e-01 6.900599444259988835e-02 -6.924069820457967595e-02 -6.331452872419157663e-02 1.914684760847058451e-02 7.161605090093210724e-02
-8.392478245734696918e-02 -4.826473256121331656e-02 8.966186021407301920e-02 2.747526584299487262e-01 4.315572312966662327e-01 2.538123840674732512e-01 7.355845574813558996e-02 -6.306124364210694000e-02 -7.870686620591799132e-02 8.971792201773940573e-03
-1.204273054423754021e-02 -7.521512562052015682e-02 -6.419155948150613578e-02 6.900599444259988835e-02 2.538123840674732512e-01 3.829455199381441854e-01 2.740065719031806180e-01 8.006698448537091783e-02 -7.080092819844743812e-02 -7.328942587049357138e-02
7.354854429951349082e-02 -5.546956436802082807e-03 -8.345206234802865497e-02 -6.924069820457967595e-02 7.355845574813558996e-02 2.740065719031806180e-01 4.538727456202083510e-01 2.624345177857369538e-01 6.951802763441848609e-02 -6.040865441445061185e-02
5.735651778548828822e-02 7.600934439111699248e-02 1.693169965020276460e-02 -6.331452872419157663e-02 -6.306124364210694000e-02 8.006698448537091783e-02 2.624345177857369538e-01 3.774089214183702357e-01 2.669270121471079560e-01 9.178618372976295181e-02
-7.383650381919253103e-02 6.004616487081151227e-02 9.200330593821015590e-02 1.914684760847058451e-02 -7.870686620591799132e-02 -7.080092819844743812e-02 6.951802763441848609e-02 2.669270121471079560e-01 4.347988498352339803e-01 2.634007960611778332e-01
-2.632588331291682571e-01 -9.399563677172048659e-02 4.171524632967231472e-02 7.161605090093210724e-02 8.971792201773940573e-03 -7.328942587049357138e-02 -6.040865441445061185e-02 9.178618372976295181e-02 2.634007960611778332e-01 3.692100450449135041e-01
3.492179486760949025e-01 2.568371994482948617e-01 9.676273546593230912e-02 -5.852556215808382700e-02 -8.574260616282182446e-02 -2.102342549608201411e-02 7.109585303127166633e-02 8.479357461457487366e-02 -4.766891845511585235e-02 -2.570067503059099701e-01
2.568371994482948617e-01 4.182775463938870342e-01 2.749106209910494591e-01 8.031449076308661006e-02 -5.951156097200137329e-02 -8.580567973983713181e-02 -2.025062891443772661e-02 7.091562150014800447e-02 7.677324455272639681e-02 -7.237352384986986409e-02
9.676273546593230912e-02 2.749106209910494591e-01 4.009296761668800779e-01 2.596033756904456702e-01 9.382542491738526946e-02 -3.644708200619101168e-02 -7.702166742449446935e-02 -2.786504042397149744e-02 5.923449793020337667e-02 5.185844124355934448e-02
-5.852556215808382700e-02 8.031449076308661006e-02 2.596033756904456702e-01 3.945025504039775255e-01 2.642735988536564773e-01 1.116157051387828836e-01 -3.328052554626334536e-02 -8.752166467486688362e-02 -2.845382490633499226e-02 7.366155868665773265e-02
-8.574260616282182446e-02 -5.951156097200137329e-02 9.382542491738526946e-02 2.642735988536564773e-01 3.582326431307913950e-01 2.547945390792767384e-01 1.041302944001153696e-01 -3.802285438087817104e-02 -7.610487703475338206e-02 7.737928864032740141e-03
-2.102342549608201411e-02 -8.580567973983713181e-02 -3.644708200619101168e-02 1.116157051387828836e-01 2.547945390792767384e-01 3.580484004540916421e-01 2.620925338076111055e-01 1.087727278326970637e-01 -4.258956226167240344e-02 -6.828377029397536546e-02
7.109585303127166633e-02 -2.025062891443772661e-02 -7.702166742449446935e-02 -3.328052554626334536e-02 1.041302944001153696e-01 2.620925338076111055e-01 3.811642215469656647e-01 2.648432094200460218e-01 8.159302734973078453e-02 -7.778687702565950657e-02
8.479357461457487366e-02 7.091562150014800447e-02 -2.786504042397149744e-02 -8.752166467486688362e-02 -3.802285438087817104e-02 1.087727278326970637e-01 2.648432094200460218e-01 3.865522479040527370e-01 2.544202493213023053e-01 3.860772319456855228e-02
-4.766891845511585235e-02 7.677324455272639681e-02 5.923449793020337667e-02 -2.845382490633499226e-02 -7.610487703475338206e-02 -4.258956226167240344e-02 8.159302734973078453e-02 2.544202493213023053e-01 4.563979271670024485e-01 2.794595768449023576e-01
-2.570067503059099701e-01 -7.237352384986986409e-02 5.185844124355934448e-02 7.366155868665773265e-02 7.737928864032740141e-03 -6.828377029397536546e-02 -7.778687702565950657e-02 3.860772319456855228e-02 2.794595768449023576e-01 4.966768381562614021e-01
4.741441724347824627e-01 2.124279664646173682e-01 8.980766847986032531e-02 -2.309192690586173158e-02 -7.755077494200246502e-02 -2.673080959588390593e-02 6.409308391586682196e-02 8.815803015135231790e-02 -2.576079854925089271e-02 -2.954289810013995821e-01
2.124279664646173682e-01 1.877841091322342559e-01 2.058169330609184722e-01 1.049951508606096484e-01 -3.849340456649331943e-02 -7.155976051268621296e-02 -1.292409353834461302e-02 6.945140109475481105e-02 5.799543505241600005e-02 -9.496713216885313558e-02
8.980766847986032531e-02 2.058169330609184722e-01 4.168578736773599358e-01 2.972023010733338966e-01 7.016328758797157894e-02 -7.399499686937546783e-02 -8.246771081950769744e-02 1.151410969626931804e-02 7.327017512500645646e-02 2.741029208155616390e-02
-2.309192690586173158e-02 1.049951508606096484e-01 2.972023010733338966e-01 4.555340483279443631e-01 2.390609783125042243e-01 5.582035979773711243e-02 -5.055972003212811511e-02 -5.661357598772240318e-02 1.269667566781075563e-03 5.681088866133095217e-02
-7.755077494200246502e-02 -3.849340456649331943e-02 7.016328758797157894e-02 2.390609783125042243e-01 3.813943304053462047e-01 2.718801148489518593e-01 1.162311737164027081e-01 -5.373831025058092847e-02 -8.948203291925767300e-02 7.604466404361251777e-03
-2.673080959588390593e-02 -7.155976051268621296e-02 -7.399499686937546783e-02 5.582035979773711243e-02 2.718801148489518593e-01 4.174927134982250321e-01 2.734676717978004046e-01 7.538781756796170130e-02 -5.989779394579508587e-02 -5.234465527836446030e-02
6.409308391586682196e-02 -1.292409353834461302e-02 -8.246771081950769744e-02 -5.055972003212811511e-02 1.162311737164027081e-01 2.734676717978004046e-01 3.680438122077351326e-01 2.447002634721833492e-01 9.213735038504160257e-02 -5.158133116182188338e-02
8.815803015135231790e-02 6.945140109475481105e-02 1.151410969626931804e-02 -5.661357598772240318e-02 -5.373831025058092847e-02 7.538781756796170130e-02 2.447002634721833492e-01 3.848515995285070046e-01 2.794489178413533947e-01 5.202725732924622093e-02
-2.576079854925089271e-02 5.799543505241600005e-02 7.327017512500645646e-02 1.269667566781075563e-03 -8.948203291925767300e-02 -5.989779394579508587e-02 9.213735038504160257e-02 2.794489178413533947e-01 4.646995142360747511e-01 2.381450667275648858e-01
-2.954289810013995821e-01 -9.496713216885313558e-02 2.741029208155616390e-02 5.681088866133095217e-02 7.604466404361251777e-03 -5.234465527836446030e-02 -5.158133116182188338e-02 5.202725732924622093e-02 2.381450667275648858e-01 4.491978265517869162e-01
3.289586983983716628e-01 2.673002348797656746e-01 1.034046254775459195e-01 -6.371025311648245704e-02 -8.575893321434754912e-02 2.532402841427000995e-04 7.882454803635678686e-02 6.007707586923009824e-02 -7.968472769603632266e-02 -2.393846405682666934e-01
2.673002348797656746e-01 4.602335746714316667e-01 2.755273777896319887e-01 5.459396302617917918e-02 -7.297954517261333318e-02 -7.353601548633501017e-02 4.614486340080872426e-03 7.812714819920613118e-02 6.671927022323581591e-02 -7.131201783984594811e-02
1.034046254775459195e-01 2.755273777896319887e-01 3.834907310946541470e-01 2.515482192077072021e-01 8.819173574159586138e-02 -4.704298623270782020e-02 -7.429259611688468490e-02 -9.090196706392775911e-03 7.099635347767753457e-02 4.948345101266416607e-02
-6.371025311648245704e-02 5.459396302617917918e-02 2.515482192077072021e-01 4.395240302976389790e-01 2.834584984974080069e-01 9.260754006001033212e-02 -5.726213728402770875e-02 -8.605974609787973850e-02 -1.610442790028444177e-02 6.723441476408559270e-02
-8.575893321434754912e-02 -7.297954517261333318e-02 8.819173574159586138e-02 2.834584984974080069e-01 3.825948042655944459e-01 2.393469068432502456e-01 8.164886954222447257e-02 -4.487700798008254638e-02 -7.320463915921898712e-02 -1.407152637941393343e-03
2.532402841427000995e-04 -7.353601548633501017e-02 -4.704298623270782020e-02 9.260754006001033212e-02 2.393469068432502456e-01 3.526467016096331841e-01 2.772898790112443557e-01 1.168551946262851166e-01 -4.244123900257625037e-02 -7.687522228923554524e-02
7.882454803635678686e-02 4.614486340080872426e-03 -7.429259611688468490e-02 -5.726213728402770875e-02 8.164886954222447257e-02 2.772898790112443557e-01 4.438080046428944936e-01 2.662938230945376406e-01 7.480364660530411380e-02 -6.423652387530481844e-02
6.007707586923009824e-02 7.812714819920613118e-02 -9.090196706392775911e-03 -8.605974609787973850e-02 -4.487700798008254638e-02 1.168551946262851166e-01 2.662938230945376406e-01 3.269737417161548976e-01 2.384498607412970927e-01 7.997432186145812805e-02
-7.968472769603632266e-02 6.671927022323581591e-02 7.099635347767753457e-02 -1.610442790028444177e-02 -7.320463915921898712e-02 -4.244123900257625037e-02 7.480364660530411380e-02 2.384498607412970927e-01 4.394312279805894228e-01 2.951640480500228314e-01
-2.393846405682666934e-01 -7.131201783984594811e-02 4.948345101266416607e-02 6.723441476408559270e-02 -1.407152637941393343e-03 -7.687522228923554524e-02 -6.423652387530481844e-02 7.997432186145812805e-02 2.951640480500228314e-01 4.423384853230401537e-01
4.216812314333804323e-01 2.596365403469698685e-01 6.420380809350163809e-02 -6.798893464173422219e-02 -3.803296492866403700e-02 4.476818017366610003e-02 6.709354924101069984e-02 8.591799921488422684e-03 -1.111875610057989350e-01 -2.792539701833004484e-01
2.596365403469698685e-01 3.977703403846187813e-01 2.565711172892108372e-01 4.829481369790719625e-02 -9.119907534542294469e-02 -7.054369825076613199e-02 4.063465350137489274e-02 8.973680312821566418e-02 3.539944421944789255e-02 -9.379487740374216342e-02
6.420380809350163809e-02 2.565711172892108372e-01 4.408351350944343383e-01 2.716754245757317943e-01 8.653729617851362715e-03 -9.478906122165377257e-02 -4.674862458714314217e-02 4.107136147843173934e-02 7.499772918381986120e-02 6.027552772649101553e-02
-6.798893464173422219e-02 4.829481369790719625e-02 2.716754245757317943e-01 5.218940797996713954e-01 2.659616705451613994e-01 5.016515426316262016e-02 -6.303135285147618005e-02 -6.679013520805023030e-02 -2.491937790708337840e-03 6.450471994569956236e-02
-3.803296492866403700e-02 -9.119907534542294469e-02 8.653729617851362715e-03 2.659616705451613994e-01 4.395587234668930643e-01 2.634574236857285534e-01 8.000108415154341679e-02 -5.228025233971646257e-02 -7.572829388353258251e-02 -4.969861172900539442e-02
4.476818017366610003e-02 -7.054369825076613199e-02 -9.478906122165377257e-02 5.016515426316262016e-02 2.634574236857285534e-01 3.869745576354644001e-01 2.509337053575995125e-01 9.817327317392049446e-02 -2.942624485964459233e-02 -8.891610040640970936e-02
6.709354924101069984e-02 4.063465350137489274e-02 -4.674862458714314217e-02 -6.303135285147618005e-02 8.000108415154341679e-02 2.509337053575995125e-01 3.759744602377179667e-01 2.787553753781449872e-01 1.171120762814061300e-01 -2.430335570044188983e-03
8.591799921488422684e-03 8.973680312821566418e-02 4.107136147843173934e-02 -6.679013520805023030e-02 -5.228025233971646257e-02 9.817327317392049446e-02 2.787553753781449872e-01 4.067416585399140638e-01 2.323418537522380645e-01 1.213769880412347985e-01
-1.111875610057989350e-01 3.539944421944789255e-02 7.499772918381986120e-02 -2.491937790708337840e-03 -7.572829388353258251e-02 -2.942624485964459233e-02 1.171120762814061300e-01 2.323418537522380645e-01 2.346514638079127968e-01 2.234678898318072648e-01
-2.792539701833004484e-01 -9.379487740374216342e-02 6.027552772649101553e-02 6.450471994569956236e-02 -4.969861172900539442e-02 -8.891610040640970936e-02 -2.430335570044188983e-03 1.213769880412347985e-01 2.234678898318072648e-01 3.739183495999979234e-01
4.601933539094970604e-01 2.672981585615554212e-01 6.585204093377949874e-02 -6.475777875273314166e-02 -7.721112906233693063e-02 2.495779298475418045e-04 7.268282735015621498e-02 4.853108668302924533e-02 -7.620981947292550240e-02 -2.659458634548323985e-01
2.672981585615554212e-01 4.247561163175857524e-01 2.623131914753629168e-01 8.015501375908619386e-02 -5.692832789606532690e-02 -7.576870018780813842e-02 -3.578830570823185019e-04 7.669175025091172493e-02 7.709636572384087616e-02 -4.858360642083905945e-02
6.585204093377949874e-02 2.623131914753629168e-01 4.008250281363435752e-01 2.642849154392105659e-01 1.002365246568804463e-01 -4.672048232577666327e-02 -7.758066245627348589e-02 -4.100674013694368021e-03 7.797394199701000728e-02 7.622207710525610858e-02
-6.475777875273314166e-02 8.015501375908619386e-02 2.642849154392105659e-01 3.846634060361890373e-01 2.677158003865742764e-01 9.545695053189785784e-02 -5.554744776894793290e-02 -8.032335618277811062e-02 -2.070828798716046679e-02 6.253739276948473702e-02
-7.721112906233693063e-02 -5.692832789606532690e-02 1.002365246568804463e-01 2.677158003865742764e-01 3.795610999660027352e-01 2.541303156943809927e-01 7.774234673851881938e-02 -5.946988396610178307e-02 -8.937899266123833231e-02 -2.043530210778774989e-02
2.495779298475418045e-04 -7.576870018780813842e-02 -4.672048232577666327e-02 9.545695053189785784e-02 2.541303156943809927e-01 3.924187962964330589e-01 2.734812527064213183e-01 8.731211191825552498e-02 -5.077360563288354361e-02 -7.602871575239053548e-02
7.268282735015621498e-02 -3.578830570823185019e-04 -7.758066245627348589e-02 -5.554744776894793290e-02 7.774234673851881938e-02 2.734812527064213183e-01 4.510519829202499498e-01 2.618930194269385447e-01 9.991279975476907715e-02 -3.409837620948141801e-02
4.853108668302924533e-02 7.669175025091172493e-02 -4.100674013694368021e-03 -8.032335618277811062e-02 -5.946988396610178307e-02 8.731211191825552498e-02 2.618930194269385447e-01 3.310502961820057100e-01 2.477557302887627155e-01 1.080119468129432797e-01
-7.620981947292550240e-02 7.709636572384087616e-02 7.797394199701000728e-02 -2.070828798716046679e-02 -8.937899266123833231e-02 -5.077360563288354361e-02 9.991279975476907715e-02 2.477557302887627155e-01 3.542434631377140430e-01 2.646387625589556869e-01
-2.659458634548323985e-01 -4.858360642083905945e-02 7.622207710525610858e-02 6.253739276948473702e-02 -2.043530210778774989e-02 -7.602871575239053548e-02 -3.409837620948141801e-02 1.080119468129432797e-01 2.646387625589556869e-01 4.212364570979693634e-01
4.292603769036216210e-01 2.469765067734373543e-01 6.997705277060609075e-02 -5.026357288710207177e-02 -5.605736623326967871e-02 -4.571725009751928873e-03 5.816680592480950179e-02 7.232692089766061538e-02 -7.700188772292262951e-02 -2.951903145935611539e-01
2.469765067734373543e-01 3.420569730653322260e-01 2.531512378798417284e-01 1.040814241522099587e-01 -6.380348396972400360e-02 -1.053863409985305866e-01 -2.350164709152637033e-02 7.797821204909660686e-02 4.934219829563482596e-02 -9.393381733531570854e-02
6.997705277060609075e-02 2.531512378798417284e-01 4.050017892700099598e-01 2.859756314788551856e-01 5.983622458836471841e-02 -7.509796257630124705e-02 -6.926446831302694729e-02 -3.239267113514986141e-03 6.453617757447518977e-02 6.046853262919942018e-02
-5.026357288710207177e-02 1.040814241522099587e-01 2.859756314788551856e-01 4.520582076183463638e-01 2.433457699970330845e-01 8.708911227010046607e-02 -2.434084371847348993e-02 -7.022548736286464421e-02 5.393489311739333575e-04 8.109819219750435959e-02
-5.605736623326967871e-02 -6.380348396972400360e-02 5.983622458836471841e-02 2.433457699970330845e-01 3.610985106527320188e-01 2.822025931304141255e-01 1.175639092987430523e-01 -3.570171373800033049e-02 -7.097345560474882520e-02 -1.836032864954752208e-02
-4.571725009751928873e-03 -1.053863409985305866e-01 -7.509796257630124705e-02 8.708911227010046607e-02 2.822025931304141255e-01 4.255146401917143661e-01 2.300258087253543304e-01 6.929594855411266852e-02 -6.130523728850678644e-02 -8.646866043485423869e-02
5.816680592480950179e-02 -2.350164709152637033e-02 -6.926446831302694729e-02 -2.434084371847348993e-02 1.175639092987430523e-01 2.300258087253543304e-01 2.582005604161279333e-01 2.580501064710450931e-01 8.801461097056521854e-02 -5.663412420226918847e-02
7.232692089766061538e-02 7.797821204909660686e-02 -3.239267113514986141e-03 -7.022548736286464421e-02 -3.570171373800033049e-02 6.929594855411266852e-02 2.580501064710450931e-01 5.681700067898630691e-01 2.973976698273225749e-01 5.509207874261499299e-02
-7.700188772292262951e-02 4.934219829563482596e-02 6.453617757447518977e-02 5.393489311739333575e-04 -7.097345560474882520e-02 -6.130523728850678644e-02 8.801461097056521854e-02 2.973976698273225749e-01 3.229092785476378458e-01 2.223711436123158025e-01
-2.951903145935611539e-01 -9.393381733531570854e-02 6.046853262919942018e-02 8.109819219750435959e-02 -1.836032864954752208e-02 -8.646866043485423869e-02 -5.663412420226918847e-02 5.509207874261499299e-02 2.223711436123158025e-01 4.357296565446151515e-01
4.793867036116533642e-01 3.045804222441060860e-01 8.773714853755240628e-02 -4.897261752147541447e-02 -6.520924664136720783e-02 5.319700521573907017e-04 5.859847297741102579e-02 4.605956473277031393e-02 -6.655238851215208862e-02 -2.385921788638914187e-01
3.045804222441060860e-01 4.067415580065147362e-01 2.116860373942338336e-01 8.441422380087500177e-02 -3.338164412602293019e-02 -7.863389487719467386e-02 -2.963118843201965891e-02 6.513980182976980560e-02 5.953521773746055928e-02 -8.968899270208628705e-02
8.773714853755240628e-02 2.116860373942338336e-01 2.499334537979857052e-01 2.539922069980489194e-01 1.076695752683518165e-01 -5.780180587855993091e-02 -8.707348330037112394e-02 -3.161521713891711841e-05 7.820764534483698460e-02 4.796776938945178370e-02
-4.897261752147541447e-02 8.441422380087500177e-02 2.539922069980489194e-01 4.978976275328436674e-01 2.905419729681390506e-01 5.878664393865466742e-02 -6.489600163009662248e-02 -6.094275135266606636e-02 2.859509119845419015e-02 8.548568996373293039e-02
-6.520924664136720783e-02 -3.338164412602293019e-02 1.076695752683518165e-01 2.905419729681390506e-01 3.745091291450168280e-01 2.367846347124170081e-01 9.613935488562184994e-02 -3.944302555558414081e-02 -6.413934578803462405e-02 2.033457109098180809e-03
5.319700521573907017e-04 -7.863389487719467386e-02 -5.780180587855993091e-02 5.878664393865466742e-02 2.367846347124170081e-01 3.840840691337593649e-01 2.785596325715994914e-01 7.893143007191970317e-02 -8.892917146074612311e-02 -9.688678729927290012e-02
5.859847297741102579e-02 -2.963118843201965891e-02 -8.707348330037112394e-02 -6.489600163009662248e-02 9.613935488562184994e-02 2.785596325715994914e-01 4.140800391813620474e-01 2.495226884066390760e-01 3.576049439491740117e-02 -7.484886797683079629e-02
4.605956473277031393e-02 6.513980182976980560e-02 -3.161521713891711841e-05 -6.094275135266606636e-02 -3.944302555558414081e-02 7.893143007191970317e-02 2.495226884066390760e-01 4.553262726933082760e-01 2.884987715380194495e-01 9.549008974180235587e-02
-6.655238851215208862e-02 5.953521773746055928e-02 7.820764534483698460e-02 2.859509119845419015e-02 -6.413934578803462405e-02 -8.892917146074612311e-02 3.576049439491740117e-02 2.884987715380194495e-01 4.491795758729716370e-01 2.443225125888057458e-01
-2.385921788638914187e-01 -8.968899270208628705e-02 4.796776938945178370e-02 8.548568996373293039e-02 2.033457109098180809e-03 -9.688678729927290012e-02 -7.484886797683079629e-02 9.549008974180235587e-02 2.443225125888057458e-01 2.888615710245781565e-01
4.202080545361155939e-01 2.597011587735440497e-01 8.741566292633481949e-02 -5.170365763909118284e-02 -8.309391293384474353e-02 -4.128649751614289765e-02 4.822387837308853703e-02 7.223625284484914977e-02 -5.804893834261669328e-02 -2.711297652891964116e-01
2.597011587735440497e-01 4.040285914871972195e-01 2.684199294231957023e-01 9.457887967496797499e-02 -4.221896120793675045e-02 -8.861992408090677009e-02 -4.426413976096645053e-02 6.234806241090164874e-02 8.067542227998289461e-02 -5.182562149846513949e-02
8.741566292633481949e-02 2.684199294231957023e-01 3.861289577996448452e-01 2.594882920330599529e-01 1.086995991115069782e-01 -1.312067292349039516e-02 -7.168826542484493802e-02 -2.294039627193697473e-02 7.219948720727459301e-02 7.048086759503183196e-02
-5.170365763909118284e-02 9.457887967496797499e-02 2.594882920330599529e-01 3.700215391876842119e-01 2.572967708973870060e-01 1.304636790536494728e-01 -8.784245258823712016e-03 -7.874182541847138395e-02 -2.248511371614527951e-02 6.798350468744046582e-02
-8.309391293384474353e-02 -4.221896120793675045e-02 1.086995991115069782e-01 2.572967708973870060e-01 3.280188439585123295e-01 2.457991738728309006e-01 1.089056834126947704e-01 -4.949465285547781368e-02 -8.404779177804583279e-02 -1.053095008865977383e-03
-4.128649751614289765e-02 -8.861992408090677009e-02 -1.312067292349039516e-02 1.304636790536494728e-01 2.457991738728309006e-01 3.160639844591671688e-01 2.485665946384465752e-01 7.475963014578884680e-02 -7.276681929306494379e-02 -7.002497714020550212e-02
4.822387837308853703e-02 -4.426413976096645053e-02 -7.168826542484493802e-02 -8.784245258823712016e-03 1.089056834126947704e-01 2.485665946384465752e-01 4.287758971970587196e-01 2.809668554720983757e-01 5.573106943020888354e-02 -7.641871238310460335e-02
7.223625284484914977e-02 6.234806241090164874e-02 -2.294039627193697473e-02 -7.874182541847138395e-02 -4.949465285547781368e-02 7.475963014578884680e-02 2.809668554720983757e-01 4.723263693685096354e-01 2.547042315331309315e-01 5.119751152006128680e-02
-5.804893834261669328e-02 8.067542227998289461e-02 7.219948720727459301e-02 -2.248511371614527951e-02 -8.404779177804583279e-02 -7.276681929306494379e-02 5.573106943020888354e-02 2.547042315331309315e-01 3.896050409790639546e-01 2.664415314046651440e-01
-2.711297652891964116e-01 -5.182562149846513949e-02 7.048086759503183196e-02 6.798350468744046582e-02 -1.053095008865977383e-03 -7.002497714020550212e-02 -7.641871238310460335e-02 5.119751152006128680e-02 2.664415314046651440e-01 4.848227210270473764e-01
4.592445285519586862e-01 2.674151885687230390e-01 4.217168549793504084e-02 -7.798379488396564585e-02 -5.531381421069798965e-02 2.353170361277529682e-02 7.342037869178796861e-02 3.602747471797269896e-02 -9.843255486492566431e-02 -2.693908355092234919e-01
2.674151885687230390e-01 4.248209047923182657e-01 2.586439008689453423e-01 5.417752430819429421e-02 -7.364137967700190579e-02 -7.821166620043022710e-02 2.993361691103258761e-03 7.661419345449030360e-02 5.386912004097954565e-02 -7.786331770402482588e-02
4.217168549793504084e-02 2.586439008689453423e-01 4.626381251831271912e-01 2.729854862469029420e-01 6.159217791062230468e-02 -6.568113080406609572e-02 -7.259198878322634108e-02 3.273784089646116554e-03 7.373468418978645911e-02 7.374809556571410019e-02
-7.798379488396564585e-02 5.417752430819429421e-02 2.729854862469029420e-01 4.331103420518553904e-01 2.563273901328957383e-01 9.754883967552553659e-02 -3.698333135108653608e-02 -7.501701937521029762e-02 -1.801220859404550206e-02 6.449833476983976577e-02
-5.531381421069798965e-02 -7.364137967700190579e-02 6.159217791062230468e-02 2.563273901328957383e-01 3.679220598136689890e-01 2.661782595694643372e-01 1.094745303372836043e-01 -4.599956357479697416e-02 -8.630016950689328725e-02 -3.784333859129698774e-02
2.353170361277529682e-02 -7.821166620043022710e-02 -6.568113080406609572e-02 9.754883967552553659e-02 2.661782595694643372e-01 3.681717892437222361e-01 2.539389643919648387e-01 8.482530083005679344e-02 -5.050463351242304860e-02 -8.853495051067516997e-02
7.342037869178796861e-02 2.993361691103258761e-03 -7.259198878322634108e-02 -3.698333135108653608e-02 1.094745303372836043e-01 2.539389643919648387e-01 3.738777248850796431e-01 2.690975895856123623e-01 9.842286634577461502e-02 -3.831463325281252164e-02
3.602747471797269896e-02 7.661419345449030360e-02 3.273784089646116554e-03 -7.501701937521029762e-02 -4.599956357479697416e-02 8.482530083005679344e-02 2.690975895856123623e-01 4.421772972435923932e-01 2.642784482211385511e-01 1.054853624783760047e-01
-9.843255486492566431e-02 5.386912004097954565e-02 7.373468418978645911e-02 -1.801220859404550206e-02 -8.630016950689328725e-02 -5.050463351242304860e-02 9.842286634577461502e-02 2.642784482211385511e-01 3.212304201362773393e-01 2.399120527976882911e-01
-2.693908355092234919e-01 -7.786331770402482588e-02 7.374809556571410019e-02 6.449833476983976577e-02 -3.784333859129698774e-02 -8.853495051067516997e-02 -3.831463325281252164e-02 1.054853624783760047e-01 2.399120527976882911e-01 3.468068080984061941e-01
5.053473263707628504e-01 2.733133850190635483e-01 5.277326196211247489e-02 -6.483930190714926045e-02 -5.709730315914086918e-02 6.641610792194421221e-03 6.165234596145898610e-02 7.598250554027080605e-02 -3.786303551730473005e-02 -2.693971278868243502e-01
2.733133850190635483e-01 4.140467931731254270e-01 2.465395833765732791e-01 1.013144519083861717e-01 -4.481189917175208703e-02 -9.135922273818876393e-02 -3.603771072966162337e-02 5.323045021043849162e-02 7.505770782311575740e-02 -4.986074932172805674e-02
5.277326196211247489e-02 2.465395833765732791e-01 3.516100647843271032e-01 2.755102020236593341e-01 9.451981607700191135e-02 -5.443390508975624181e-02 -7.906662604265390915e-02 -4.135648754645830649e-02 5.348274208280454772e-02 8.006886277183433709e-02
-6.483930190714926045e-02 1.013144519083861717e-01 2.755102020236593341e-01 4.267610031054499542e-01 2.539058192119555413e-01 8.874340046436757223e-02 -2.689262858476818355e-02 -7.930619407605664362e-02 -2.020255197240570719e-02 7.829893646154705011e-02
-5.709730315914086918e-02 -4.481189917175208703e-02 9.451981607700191135e-02 2.539058192119555413e-01 3.534820619059535485e-01 2.693056902356226190e-01 1.192432654989847018e-01 -1.105195944467253673e-02 -6.654534320970489913e-02 -2.384726512172417878e-02
6.641610792194421221e-03 -9.135922273818876393e-02 -5.443390508975624181e-02 8.874340046436757223e-02 2.693056902356226190e-01 4.198589657639676953e-01 2.424813711546409400e-01 1.075237436946862996e-01 -3.886939696622158935e-02 -9.003943893331667336e-02
6.165234596145898610e-02 -3.603771072966162337e-02 -7.906662604265390915e-02 -2.689262858476818355e-02 1.192432654989847018e-01 2.424813711546409400e-01 2.471829599918164422e-01 2.264742201549667933e-01 9.030930199535100455e-02 -5.617851390866853561e-02
7.598250554027080605e-02 5.323045021043849162e-02 -4.135648754645830649e-02 -7.930619407605664362e-02 -1.105195944467253673e-02 1.075237436946862996e-01 2.264742201549667933e-01 4.205705118893599548e-01 2.887498690689497272e-01 6.600420990451548453e-02
-3.786303551730473005e-02 7.505770782311575740e-02 5.348274208280454772e-02 -2.020255197240570719e-02 -6.654534320970489913e-02 -3.886939696622158935e-02 9.030930199535100455e-02 2.887498690689497272e-01 4.569986028542606382e-01 2.475446446931271471e-01
-2.693971278868243502e-01 -4.986074932172805674e-02 8.006886277183433709e-02 7.829893646154705011e-02 -2.384726512172417878e-02 -9.003943893331667336e-02 -5.617851390866853561e-02 6.600420990451548453e-02 2.475446446931271471e-01 4.041417101609851015e-01
4.163026439133057921e-01 2.484175640691625997e-01 7.057333100835903872e-02 -5.839611539618362601e-02 -6.550721922643223949e-02 -9.946577220605641242e-03 6.039032561617667383e-02 6.040691188690797825e-02 -8.148416960424970101e-02 -2.889296058633064046e-01
2.484175640691625997e-01 4.045464094648406617e-01 2.662051334331450025e-01 7.619066444166872065e-02 -6.889250222446667571e-02 -1.004523259032378824e-01 -1.581303916285283634e-02 8.362164480177312897e-02 6.997431907007049812e-02 -5.797636433968452602e-02
7.057333100835903872e-02 2.662051334331450025e-01 4.211478423717682773e-01 2.720109090391312212e-01 7.617812972680025607e-02 -5.368634741846464026e-02 -6.492097178853752093e-02 -2.023400697178905170e-03 6.914855961167445941e-02 7.152370263643148540e-02
-5.839611539618362601e-02 7.619066444166872065e-02 2.720109090391312212e-01 4.362845232879014601e-01 2.557384005770935720e-01 1.136296988838430833e-01 -2.616241481999336677e-02 -8.420279574324662786e-02 -2.375021730468814679e-02 6.402127797738926818e-02
-6.550721922643223949e-02 -6.889250222446667571e-02 7.617812972680025607e-02 2.557384005770935720e-01 3.203902379362817965e-01 2.580232968289775108e-01 1.019932039094373494e-01 -4.851115981454198756e-02 -7.723980777964568889e-02 -2.394437322286034273e-02
-9.946577220605641242e-03 -1.004523259032378824e-01 -5.368634741846464026e-02 1.136296988838430833e-01 2.580232968289775108e-01 3.853615648305985797e-01 2.501542555083379193e-01 8.042519077774752667e-02 -5.304036604375515773e-02 -8.598494937194563204e-02
6.039032561617667383e-02 -1.581303916285283634e-02 -6.492097178853752093e-02 -2.616241481999336677e-02 1.019932039094373494e-01 2.501542555083379193e-01 3.721616890092869223e-01 2.805288477912768474e-01 9.562532353677731523e-02 -5.019094086265264015e-02
6.040691188690797825e-02 8.362164480177312897e-02 -2.023400697178905170e-03 -8.420279574324662786e-02 -4.851115981454198756e-02 8.042519077774752667e-02 2.805288477912768474e-01 4.730737304593921611e-01 2.521375519410101740e-01 7.757427984344668348e-02
-8.148416960424970101e-02 6.997431907007049812e-02 6.914855961167445941e-02 -2.375021730468814679e-02 -7.723980777964568889e-02 -5.304036604375515773e-02 9.562532353677731523e-02 2.521375519410101740e-01 2.901976816700678752e-01 2.457122558841650650e-01
-2.889296058633064046e-01 -5.797636433968452602e-02 7.152370263643148540e-02 6.402127797738926818e-02 -2.394437322286034273e-02 -8.598494937194563204e-02 -5.019094086265264015e-02 7.757427984344668348e-02 2.457122558841650650e-01 4.805336770565480364e-01
4.145953768940986439e-01 2.383910600560079085e-01 5.775973141960480395e-02 -6.211231332159833363e-02 -7.875413651008164595e-02 4.883077858999966200e-03 8.972228530460657492e-02 6.393748357327247445e-02 -8.371826692662771852e-02 -2.827887131249814945e-01
2.383910600560079085e-01 3.930788519030743999e-01 2.909116139956392511e-01 9.564026064459195398e-02 -5.467713314720003964e-02 -6.729744624450105517e-02 1.295969329271333403e-02 7.239125192086152960e-02 5.724521114806904037e-02 -6.838313336873090564e-02
5.775973141960480395e-02 2.909116139956392511e-01 4.854978103045420323e-01 2.523639237239840849e-01 7.660524045487718259e-02 -4.855120617585863968e-02 -7.399276970384918717e-02 -1.151869114502236842e-02 6.785713697153103463e-02 7.441755724624478374e-02
-6.211231332159833363e-02 9.564026064459195398e-02 2.523639237239840849e-01 2.853011769902510930e-01 2.386535490356949951e-01 9.676882233558463386e-02 -5.647610409974924278e-02 -8.308944167124159008e-02 -2.053136668837421408e-02 7.161045456915660079e-02
-7.875413651008164595e-02 -5.467713314720003964e-02 7.660524045487718259e-02 2.386535490356949951e-01 4.367842727014871196e-01 2.874700776673001501e-01 6.639524859155096492e-02 -6.966392648530550513e-02 -8.696166372034724867e-02 -1.716030342392791969e-03
4.883077858999966200e-03 -6.729744624450105517e-02 -4.855120617585863968e-02 9.676882233558463386e-02 2.874700776673001501e-01 4.291047363081753607e-01 2.490581817420602084e-01 8.213554947217127644e-02 -3.596970395628004691e-02 -6.323403345619608984e-02
8.972228530460657492e-02 1.295969329271333403e-02 -7.399276970384918717e-02 -5.647610409974924278e-02 6.639524859155096492e-02 2.490581817420602084e-01 3.903304279286214928e-01 2.681679369465768126e-01 1.237497255142057800e-01 -4.088279427597434068e-02
6.393748357327247445e-02 7.239125192086152960e-02 -1.151869114502236842e-02 -8.308944167124159008e-02 -6.966392648530550513e-02 8.213554947217127644e-02 2.681679369465768126e-01 3.585045059769815801e-01 2.570044206776682105e-01 8.083063368478604627e-02
-8.371826692662771852e-02 5.724521114806904037e-02 6.785713697153103463e-02 -2.053136668837421408e-02 -8.696166372034724867e-02 -3.596970395628004691e-02 1.237497255142057800e-01 2.570044206776682105e-01 3.612720461615840373e-01 2.570943473850965111e-01
-2.827887131249814945e-01 -6.838313336873090564e-02 7.441755724624478374e-02 7.161045456915660079e-02 -1.716030342392791969e-03 -6.323403345619608984e-02 -4.088279427597434068e-02 8.083063368478604627e-02 2.570943473850965111e-01 4.455307948311805211e-01
4.200407435040199311e-01 2.726283499336918381e-01 7.462994825692786938e-02 -6.071221522194587827e-02 -7.520254473876919477e-02 7.366892027755443662e-03 8.257171593106965579e-02 5.582910141830466078e-02 -8.967269452502474314e-02 -2.591849801496243222e-01
2.726283499336918381e-01 4.306047755576699609e-01 2.644740101079659511e-01 9.451133294764958725e-02 -4.379795149813075356e-02 -7.428934008996113114e-02 -7.802752239474205695e-03 6.900138469448355294e-02 5.444907176862034959e-02 -8.239206530281964480e-02
7.462994825692786938e-02 2.644740101079659511e-01 3.766277217029678770e-01 2.567990962497680441e-01 9.642347029779532730e-02 -5.691865658991304699e-02 -8.773168192390642939e-02 -9.556892158522138983e-03 8.022442794280972012e-02 6.753695708783659379e-02
-6.071221522194587827e-02 9.451133294764958725e-02 2.567990962497680441e-01 3.609780847166469964e-01 2.625984037496189027e-01 8.300574782786046546e-02 -6.381854040290628471e-02 -7.771106696159130189e-02 1.087067421786822724e-02 8.711935015475905097e-02
-7.520254473876919477e-02 -4.379795149813075356e-02 9.642347029779532730e-02 2.625984037496189027e-01 4.253330316027109648e-01 2.736487508235391219e-01 8.285893034097824295e-02 -5.752287308685472000e-02 -7.117904419421547391e-02 7.152801578012745604e-03
7.366892027755443662e-03 -7.428934008996113114e-02 -5.691865658991304699e-02 8.300574782786046546e-02 2.736487508235391219e-01 4.123940147896133501e-01 2.585882276631706334e-01 8.183148689931646347e-02 -6.117114642104572175e-02 -8.164589334810841426e-02
8.257171593106965579e-02 -7.802752239474205695e-03 -8.773168192390642939e-02 -6.381854040290628471e-02 8.285893034097824295e-02 2.585882276631706334e-01 3.751223185556950002e-01 2.615039326023488320e-01 8.076872129163069347e-02 -6.570658638221919812e-02
