2.161602171043922049e-01 2.863142295081944622e-01 1.640393945095841299e-01 8.580088703759665425e-02 4.198756417495082272e-02 9.213092929013795562e-03 -2.184537220766748916e-02 -6.180323341034400786e-02 -1.088155403818883149e-01 -1.778913775294556909e-01
2.863142295081944622e-01 4.439322026675096011e-01 2.723657751177611663e-01 1.622448939467283080e-01 1.072775664203525908e-01 7.323435392653496190e-02 7.630316658643077066e-02 3.756639359090030439e-02 -4.786193021454215879e-02 -1.745068043650473688e-01
1.640393945095841299e-01 2.723657751177611663e-01 1.777881968908935351e-01 1.129461724781887638e-01 8.244349771825577877e-02 6.624585047274844651e-02 8.507355447228892587e-02 6.797805073928778197e-02 9.510718200680922871e-03 -7.740966571845249444e-02
8.580088703759665425e-02 1.622448939467283080e-01 1.129461724781887638e-01 7.818262619767193944e-02 6.368120695066076253e-02 5.878292040341577540e-02 8.583765325318135075e-02 8.196159500291651245e-02 4.194507716777629014e-02 -1.757113060200268806e-02
4.198756417495082272e-02 1.072775664203525908e-01 8.244349771825577877e-02 6.368120695066076253e-02 5.881093421927530152e-02 6.153190976119329858e-02 9.843278916719655491e-02 1.033474297886964044e-01 7.073295224207284959e-02 2.262549049304023174e-02
9.213092929013795562e-03 7.323435392653496190e-02 6.624585047274844651e-02 5.878292040341577540e-02 6.153190976119329858e-02 7.157632422268486727e-02 1.221479131164761311e-01 1.352114986728272239e-01 1.044229052892676896e-01 6.015299403976155646e-02
-2.184537220766748916e-02 7.630316658643077066e-02 8.507355447228892587e-02 8.583765325318135075e-02 9.843278916719655491e-02 1.221479131164761311e-01 2.169504190307314229e-01 2.464114350083441984e-01 1.997085713458729428e-01 1.347982296275895553e-01
-6.180323341034400786e-02 3.756639359090030439e-02 6.797805073928778197e-02 8.196159500291651245e-02 1.033474297886964044e-01 1.352114986728272239e-01 2.464114350083441984e-01 2.921255331140720224e-01 2.467339782228614720e-01 1.837725923724762567e-01
-1.088155403818883149e-01 -4.786193021454215879e-02 9.510718200680922871e-03 4.194507716777629014e-02 7.073295224207284959e-02 1.044229052892676896e-01 1.997085713458729428e-01 2.467339782228614720e-01 2.288686660214214463e-01 1.975155913445440503e-01
-1.778913775294556909e-01 -1.745068043650473688e-01 -7.740966571845249444e-02 -1.757113060200268806e-02 2.262549049304023174e-02 6.015299403976155646e-02 1.347982296275895553e-01 1.837725923724762567e-01 1.975155913445440503e-01 2.156048805313468264e-01
5.141016634185387180e-02 6.259894717286955401e-02 1.035861173881397201e-01 6.645540586315300258e-02 2.646214474583640994e-02 -7.749504703189435441e-03 -3.499783169753965112e-02 -8.143849855497944934e-02 -1.094691709563555965e-01 -8.846938209577415169e-02
6.259894717286955401e-02 9.692059960997138901e-02 1.806191733970601010e-01 1.314733836361712260e-01 8.345821275012821339e-02 6.125196249702045959e-02 -9.687936109380949467e-04 -5.735529879733416297e-02 -9.550496482792375508e-02 -8.769720331141461767e-02
1.035861173881397201e-01 1.806191733970601010e-01 3.552877005030673496e-01 2.675556813171802717e-01 1.874994526204730450e-01 1.692448265656867346e-01 3.858236310420172510e-02 -5.457312947296658057e-02 -1.219920076960541305e-01 -1.259936456487824874e-01
6.645540586315300258e-02 1.314733836361712260e-01 2.675556813171802717e-01 2.169224947314467855e-01 1.689260559554012775e-01 1.763011100789629582e-01 6.363388786544654785e-02 2.231465100683430961e-03 -4.679174885578672033e-02 -6.488301116681498282e-02
2.646214474583640994e-02 8.345821275012821339e-02 1.874994526204730450e-01 1.689260559554012775e-01 1.579322016208262736e-01 1.987465488854354700e-01 9.889416002536424721e-02 7.142482268405150880e-02 4.163033782293433516e-02 5.085303342647465308e-03
-7.749504703189435441e-03 6.125196249702045959e-02 1.692448265656867346e-01 1.763011100789629582e-01 1.987465488854354700e-01 2.922784102671850404e-01 1.712968168218941822e-01 1.710327673620999356e-01 1.520828571058001066e-01 8.308928411514085455e-02
-3.499783169753965112e-02 -9.687936109380949467e-04 3.858236310420172510e-02 6.363388786544654785e-02 9.889416002536424721e-02 1.712968168218941822e-01 1.205018056843110280e-01 1.497793283576418222e-01 1.549874080137249588e-01 1.012475674277390353e-01
-8.143849855497944934e-02 -5.735529879733416297e-02 -5.457312947296658057e-02 2.231465100683430961e-03 7.142482268405150880e-02 1.710327673620999356e-01 1.497793283576418222e-01 2.254540218832117582e-01 2.564282436407799293e-01 1.815862360287723021e-01
-1.094691709563555965e-01 -9.550496482792375508e-02 -1.219920076960541305e-01 -4.679174885578672033e-02 4.163033782293433516e-02 1.520828571058001066e-01 1.549874080137249588e-01 2.564282436407799293e-01 3.107177997995221874e-01 2.266494923951106744e-01
-8.846938209577415169e-02 -8.769720331141461767e-02 -1.259936456487824874e-01 -6.488301116681498282e-02 5.085303342647465308e-03 8.308928411514085455e-02 1.012475674277390353e-01 1.815862360287723021e-01 2.266494923951106744e-01 1.725747995586050521e-01
2.406020209374447882e-01 1.568309742980806554e-01 1.378910105636647621e-01 1.376646984178260258e-01 1.005913739572242005e-01 2.011431734005819649e-02 -6.745097846234443528e-02 -1.266746274284083484e-01 -1.982700036872532268e-01 -2.030231998305672414e-01
1.568309742980806554e-01 1.101318962446068556e-01 1.075680981876290798e-01 1.202361216195716870e-01 1.036493737326413256e-01 4.865732974771364017e-02 -5.133159026541580551e-03 -5.717674692007305992e-02 -1.117488007957824492e-01 -1.251191815247887085e-01
1.378910105636647621e-01 1.075680981876290798e-01 1.207561816051883341e-01 1.519249377305704474e-01 1.488895793311241778e-01 9.650149468066923641e-02 5.438375354318196464e-02 -1.141599202830001492e-02 -7.136643388747287986e-02 -9.900027386470466872e-02
1.376646984178260258e-01 1.202361216195716870e-01 1.519249377305704474e-01 2.099146138259592731e-01 2.223792127240881988e-01 1.646769197839526577e-01 1.292997255868379991e-01 3.871020417065427349e-02 -3.599925445621347808e-02 -8.438491057218175384e-02
1.005913739572242005e-01 1.036493737326413256e-01 1.488895793311241778e-01 2.223792127240881988e-01 2.558043452151754771e-01 2.083853126733704597e-01 1.917149982794826291e-01 9.366083988338827493e-02 2.036684458588599797e-02 -4.239008530669114566e-02
2.011431734005819649e-02 4.865732974771364017e-02 9.650149468066923641e-02 1.646769197839526577e-01 2.083853126733704597e-01 1.952762702301630571e-01 2.108723645844189087e-01 1.343222895289198360e-01 8.635333361104323424e-02 2.557386548338214799e-02
-6.745097846234443528e-02 -5.133159026541580551e-03 5.438375354318196464e-02 1.292997255868379991e-01 1.917149982794826291e-01 2.108723645844189087e-01 2.682603422547559791e-01 2.030474129019509133e-01 1.752110787003667569e-01 1.064638933787054736e-01
-1.266746274284083484e-01 -5.717674692007305992e-02 -1.141599202830001492e-02 3.871020417065427349e-02 9.366083988338827493e-02 1.343222895289198360e-01 2.030474129019509133e-01 1.832116531638419143e-01 1.901085052451744195e-01 1.425514964124185158e-01
-1.982700036872532268e-01 -1.117488007957824492e-01 -7.136643388747287986e-02 -3.599925445621347808e-02 2.036684458588599797e-02 8.635333361104323424e-02 1.752110787003667569e-01 1.901085052451744195e-01 2.313770231532261967e-01 1.960640320885323751e-01
-2.030231998305672414e-01 -1.251191815247887085e-01 -9.900027386470466872e-02 -8.438491057218175384e-02 -4.239008530669114566e-02 2.557386548338214799e-02 1.064638933787054736e-01 1.425514964124185158e-01 1.960640320885323751e-01 1.846656533696388602e-01
1.437515976419060926e-01 1.450199062864910293e-01 1.254077881426055585e-01 9.818805862316165589e-02 6.506055764849308365e-02 3.930954876968878464e-02 6.088997955540525683e-03 -5.025370549232004158e-02 -1.443561752717951729e-01 -2.121784185142711054e-01
1.450199062864910293e-01 2.040145516762291444e-01 2.078113795753378790e-01 1.809567698537197789e-01 1.357878000697120835e-01 1.085114253753904218e-01 8.151692199159624175e-02 3.286249316464572717e-02 -4.599441705905012168e-02 -1.403448280103601342e-01
1.254077881426055585e-01 2.078113795753378790e-01 2.285027388083851752e-01 2.062774529904558007e-01 1.593789229616385805e-01 1.341713595783399215e-01 1.139632251453273071e-01 7.620698286323075721e-02 1.685670883771535344e-02 -8.052210709474150185e-02
9.818805862316165589e-02 1.809567698537197789e-01 2.062774529904558007e-01 1.934051217114178267e-01 1.524902639112620806e-01 1.316046130472581510e-01 1.172722805599556162e-01 8.972356127564221073e-02 4.815866857641643017e-02 -3.824618475950036789e-02
6.506055764849308365e-02 1.357878000697120835e-01 1.593789229616385805e-01 1.524902639112620806e-01 1.238841274940090109e-01 1.100042434341653441e-01 1.021579641106203501e-01 8.563749724102638627e-02 6.222772324188386578e-02 -3.767969423036035374e-03
3.930954876968878464e-02 1.085114253753904218e-01 1.341713595783399215e-01 1.316046130472581510e-01 1.100042434341653441e-01 1.020636785237471755e-01 1.005372106367707491e-01 9.390107683626795765e-02 8.681778952675744954e-02 3.294126220378833236e-02
6.088997955540525683e-03 8.151692199159624175e-02 1.139632251453273071e-01 1.172722805599556162e-01 1.021579641106203501e-01 1.005372106367707491e-01 1.084560009958441262e-01 1.162351393884563378e-01 1.328005337390910645e-01 9.050311607553264415e-02
-5.025370549232004158e-02 3.286249316464572717e-02 7.620698286323075721e-02 8.972356127564221073e-02 8.563749724102638627e-02 9.390107683626795765e-02 1.162351393884563378e-01 1.489361738446828565e-01 2.057230832112501573e-01 1.841730489079079214e-01
-1.443561752717951729e-01 -4.599441705905012168e-02 1.685670883771535344e-02 4.815866857641643017e-02 6.222772324188386578e-02 8.681778952675744954e-02 1.328005337390910645e-01 2.057230832112501573e-01 3.330326497113780260e-01 3.448345669609325093e-01
-2.121784185142711054e-01 -1.403448280103601342e-01 -8.052210709474150185e-02 -3.824618475950036789e-02 -3.767969423036035374e-03 3.294126220378833236e-02 9.050311607553264415e-02 1.841730489079079214e-01 3.448345669609325093e-01 4.139533595924007048e-01
2.644758135210272809e-01 1.060453823468922030e-01 1.105422233226326656e-01 1.080242090058316923e-01 6.404259852893617877e-02 2.348900948877006428e-02 -3.361710751454634327e-02 -1.122803385071403232e-01 -2.334380812344900302e-01 -2.805508711802037758e-01
1.060453823468922030e-01 5.337409723436345454e-02 7.922746425934164283e-02 9.491342125406584951e-02 7.000675630851105335e-02 5.133877172372128955e-02 1.952177735058455155e-02 -1.852281831019857161e-02 -6.918265829978102743e-02 -9.937957156367563383e-02
1.105422233226326656e-01 7.922746425934164283e-02 1.594267083446710420e-01 2.126526914209249663e-01 1.698942196460156429e-01 1.447250546936274807e-01 9.236578828537778119e-02 3.910298057441477515e-02 -1.749710314461033062e-02 -7.418653947097854362e-02
1.080242090058316923e-01 9.491342125406584951e-02 2.126526914209249663e-01 2.961860149859179558e-01 2.409078225913227622e-01 2.111477872750623097e-01 1.450183287434829438e-01 8.270963776555606550e-02 2.481926406183413564e-02 -4.994462178913859629e-02
6.404259852893617877e-02 7.000675630851105335e-02 1.698942196460156429e-01 2.409078225913227622e-01 2.045175438502004339e-01 1.853642443726362665e-01 1.332108359569205147e-01 8.695199994645230746e-02 5.012598926649309422e-02 -1.065694671350802744e-02
2.348900948877006428e-02 5.133877172372128955e-02 1.447250546936274807e-01 2.111477872750623097e-01 1.853642443726362665e-01 1.768490897230384495e-01 1.349229834292244856e-01 1.013322548278846880e-01 8.342848038428588020e-02 3.094929066796082984e-02
-3.361710751454634327e-02 1.952177735058455155e-02 9.236578828537778119e-02 1.450183287434829438e-01 1.332108359569205147e-01 1.349229834292244856e-01 1.144720715936716759e-01 1.041097058772580686e-01 1.146816229151868954e-01 8.118369481338642835e-02
-1.122803385071403232e-01 -1.852281831019857161e-02 3.910298057441477515e-02 8.270963776555606550e-02 8.695199994645230746e-02 1.013322548278846880e-01 1.041097058772580686e-01 1.231032117390988556e-01 1.729037823581162647e-01 1.584534163974789245e-01
-2.334380812344900302e-01 -6.918265829978102743e-02 -1.749710314461033062e-02 2.481926406183413564e-02 5.012598926649309422e-02 8.342848038428588020e-02 1.146816229151868954e-01 1.729037823581162647e-01 2.837705815010069799e-01 2.891353531101208407e-01
-2.805508711802037758e-01 -9.937957156367563383e-02 -7.418653947097854362e-02 -4.994462178913859629e-02 -1.065694671350802744e-02 3.094929066796082984e-02 8.118369481338642835e-02 1.584534163974789245e-01 2.891353531101208407e-01 3.238248675070030114e-01
1.381910912594759566e-01 1.709446112556685382e-01 1.250949605180225188e-01 9.610223495046230080e-02 4.284912736804739886e-02 -3.243312990229871989e-03 -4.966041290601602709e-02 -7.829419638276827187e-02 -1.477010391885808793e-01 -1.729654935052624132e-01
1.709446112556685382e-01 2.591727720931351620e-01 2.198547978083413845e-01 2.039988452254044571e-01 1.293618997541301496e-01 6.911134788197534351e-02 2.495107268572631723e-02 -3.367304076826725667e-02 -1.148827427033034948e-01 -1.685884461037092386e-01
1.250949605180225188e-01 2.198547978083413845e-01 2.092761788043013826e-01 2.146166296624683612e-01 1.519259806062305262e-01 1.040899028785480240e-01 8.063232069594518381e-02 2.035782149841090793e-02 -3.712080403660900779e-02 -9.329149362608504803e-02
9.610223495046230080e-02 2.039988452254044571e-01 2.146166296624683612e-01 2.421724837191455149e-01 1.846937679004183597e-01 1.431133359074863998e-01 1.351837930260090526e-01 6.840693630424304894e-02 2.654962444172503239e-02 -3.644139494116442612e-02
4.284912736804739886e-02 1.293618997541301496e-01 1.519259806062305262e-01 1.846937679004183597e-01 1.531549418483874603e-01 1.314581353380317730e-01 1.396604270505962253e-01 8.746206003494241821e-02 7.108780831543121126e-02 2.188901648893934807e-02
-3.243312990229871989e-03 6.911134788197534351e-02 1.040899028785480240e-01 1.431133359074863998e-01 1.314581353380317730e-01 1.282060512046389045e-01 1.526609101352129627e-01 1.103388512501792262e-01 1.159089029328170262e-01 7.633895092455558751e-02
-4.966041290601602709e-02 2.495107268572631723e-02 8.063232069594518381e-02 1.351837930260090526e-01 1.396604270505962253e-01 1.526609101352129627e-01 1.998353045551800322e-01 1.580466946571275899e-01 1.867390217720901746e-01 1.475013499336995104e-01
-7.829419638276827187e-02 -3.367304076826725667e-02 2.035782149841090793e-02 6.840693630424304894e-02 8.746206003494241821e-02 1.103388512501792262e-01 1.580466946571275899e-01 1.390879303886907170e-01 1.829874454856459387e-01 1.610838863247608943e-01
-1.477010391885808793e-01 -1.148827427033034948e-01 -3.712080403660900779e-02 2.654962444172503239e-02 7.108780831543121126e-02 1.159089029328170262e-01 1.867390217720901746e-01 1.829874454856459387e-01 2.670269130593615481e-01 2.541842211811470298e-01
-1.729654935052624132e-01 -1.685884461037092386e-01 -9.329149362608504803e-02 -3.644139494116442612e-02 2.188901648893934807e-02 7.633895092455558751e-02 1.475013499336995104e-01 1.610838863247608943e-01 2.541842211811470298e-01 2.638763330676828778e-01
2.122877419322247994e-01 1.941084032232862633e-01 1.553588719853094546e-01 6.059122857211547697e-02 -6.515324648927879603e-02 -1.190906789767240681e-01 -1.386090623562518109e-01 -1.420317141469676914e-01 -1.001533388815612213e-01 -1.565386369692515767e-01
1.941084032232862633e-01 1.954263381318080972e-01 1.901759716549137891e-01 1.397225544120730967e-01 -1.602328678153283397e-03 -7.688537903416910180e-02 -1.082173624923620237e-01 -1.177090027906766423e-01 -8.586583302673597706e-02 -1.382248120262234425e-01
1.553588719853094546e-01 1.901759716549137891e-01 2.557119979571487178e-01 2.986843579928577519e-01 1.290780964816896081e-01 1.246964861577335229e-02 -4.257540961191715045e-02 -6.501335241224925898e-02 -5.529482843685421672e-02 -9.984438029091968758e-02
6.059122857211547697e-02 1.397225544120730967e-01 2.986843579928577519e-01 4.933696477825738613e-01 3.129389075485728977e-01 1.569117330013035660e-01 7.683742163480722365e-02 3.811152940733963934e-02 7.514807042872315157e-03 -1.620258270859043295e-02
-6.515324648927879603e-02 -1.602328678153283397e-03 1.290780964816896081e-01 3.129389075485728977e-01 2.608557741952739484e-01 1.789980316810319549e-01 1.319874575619632562e-01 1.051752668753276471e-01 5.878774848752220394e-02 6.945090594569246212e-02
-1.190906789767240681e-01 -7.688537903416910180e-02 1.246964861577335229e-02 1.569117330013035660e-01 1.789980316810319549e-01 1.565393529035934428e-01 1.375795723474512733e-01 1.222639998515551163e-01 7.531121133588791761e-02 1.016270855668686829e-01
-1.386090623562518109e-01 -1.082173624923620237e-01 -4.257540961191715045e-02 7.683742163480722365e-02 1.319874575619632562e-01 1.375795723474512733e-01 1.340810652385144575e-01 1.252702228671412898e-01 7.983755477654547184e-02 1.120888097415132928e-01
-1.420317141469676914e-01 -1.177090027906766423e-01 -6.501335241224925898e-02 3.811152940733963934e-02 1.051752668753276471e-01 1.222639998515551163e-01 1.252702228671412898e-01 1.206372218479492137e-01 7.838388589533105966e-02 1.123742584655457732e-01
-1.001533388815612213e-01 -8.586583302673597706e-02 -5.529482843685421672e-02 7.514807042872315157e-03 5.878774848752220394e-02 7.531121133588791761e-02 7.983755477654547184e-02 7.838388589533105966e-02 5.247290053776890867e-02 7.756433294326231520e-02
-1.565386369692515767e-01 -1.382248120262234425e-01 -9.984438029091968758e-02 -1.620258270859043295e-02 6.945090594569246212e-02 1.016270855668686829e-01 1.120888097415132928e-01 1.123742584655457732e-01 7.756433294326231520e-02 1.186179594731449904e-01
3.405362041630253800e-01 2.738160908109442682e-01 1.826176181679380617e-01 9.847552138452322912e-02 3.353700256424572979e-02 -1.759968712285707448e-02 -6.455231652088541661e-02 -8.437016765938368246e-02 -1.454375505020633896e-01 -2.573953412119990292e-01
2.738160908109442682e-01 2.450530072029885043e-01 1.858340769499699785e-01 1.268375415213066626e-01 8.186712999646827971e-02 4.910045300110214839e-02 1.810717324353869340e-02 -2.673937810427713321e-02 -9.054370014500176533e-02 -1.907708322211605079e-01
1.826176181679380617e-01 1.858340769499699785e-01 1.663321538267828192e-01 1.388062662838841776e-01 1.177947291909394179e-01 1.057352764810414458e-01 9.305099230806515576e-02 3.010962295801386523e-02 -2.920916405187981568e-02 -1.082519874443297336e-01
9.847552138452322912e-02 1.268375415213066626e-01 1.388062662838841776e-01 1.403509802180398780e-01 1.410374279229525685e-01 1.468176574237009535e-01 1.496393973191139648e-01 7.525537791256069198e-02 2.299025053769514215e-02 -3.441812192871755716e-02
3.353700256424572979e-02 8.186712999646827971e-02 1.177947291909394179e-01 1.410374279229525685e-01 1.603497593341382532e-01 1.813451953163286168e-01 1.966211551113626332e-01 1.116334155079664464e-01 6.407764397653174793e-02 2.310538942478723365e-02
-1.759968712285707448e-02 4.910045300110214839e-02 1.057352764810414458e-01 1.468176574237009535e-01 1.813451953163286168e-01 2.190442654705356262e-01 2.471611749940861857e-01 1.474913245224691027e-01 1.005466412822509092e-01 7.070304612706651559e-02
-6.455231652088541661e-02 1.810717324353869340e-02 9.305099230806515576e-02 1.496393973191139648e-01 1.966211551113626332e-01 2.471611749940861857e-01 2.919593626102209294e-01 1.792587576822827489e-01 1.329934151684944721e-01 1.135953718211730606e-01
-8.437016765938368246e-02 -2.673937810427713321e-02 3.010962295801386523e-02 7.525537791256069198e-02 1.116334155079664464e-01 1.474913245224691027e-01 1.792587576822827489e-01 1.176314664341140959e-01 9.917625189531602270e-02 1.029742964306089581e-01
-1.454375505020633896e-01 -9.054370014500176533e-02 -2.920916405187981568e-02 2.299025053769514215e-02 6.407764397653174793e-02 1.005466412822509092e-01 1.329934151684944721e-01 9.917625189531602270e-02 1.045713253538604337e-01 1.372369396910517736e-01
-2.573953412119990292e-01 -1.907708322211605079e-01 -1.082519874443297336e-01 -3.441812192871755716e-02 2.310538942478723365e-02 7.070304612706651559e-02 1.135953718211730606e-01 1.029742964306089581e-01 1.372369396910517736e-01 2.141714753862955511e-01
1.767169505798578399e-01 1.451431974796318358e-01 1.592134700859237362e-01 1.710506997827330733e-01 9.697432927774743416e-02 5.108549966723955477e-02 -1.551057578758540875e-02 -1.120431393502194783e-01 -1.005766780358851864e-01 -1.619795150587712840e-01
1.451431974796318358e-01 1.310494953694096021e-01 1.548310581511185835e-01 1.743708245579952965e-01 1.061074194799943721e-01 7.186819891387641324e-02 1.777880468438470044e-02 -2.630541625923262655e-02 -5.360821913807686107e-02 -1.184267622832187589e-01
1.592134700859237362e-01 1.548310581511185835e-01 1.953338853877837900e-01 2.279774561010320943e-01 1.436245148504194380e-01 1.081006696421833446e-01 4.843543009034735614e-02 3.272387557075233377e-02 -3.178126701568094459e-02 -1.164941854963643247e-01
1.710506997827330733e-01 1.743708245579952965e-01 2.279774561010320943e-01 2.763503435109895823e-01 1.773538810369938157e-01 1.404323766029940690e-01 7.568455898740919507e-02 8.523575192271001799e-02 -1.221087900665151355e-02 -1.144971128102202362e-01
9.697432927774743416e-02 1.061074194799943721e-01 1.436245148504194380e-01 1.773538810369938157e-01 1.196167302526688347e-01 1.030098335865097803e-01 6.758273477193937895e-02 1.022171103199202291e-01 1.688042415053435386e-02 -5.327888424338009243e-02
5.108549966723955477e-02 7.186819891387641324e-02 1.081006696421833446e-01 1.404323766029940690e-01 1.030098335865097803e-01 1.031160357967821073e-01 8.744895622575102334e-02 1.676928499570597419e-01 5.894764794567149829e-02 -3.562553306341862455e-03
-1.551057578758540875e-02 1.777880468438470044e-02 4.843543009034735614e-02 7.568455898740919507e-02 6.758273477193937895e-02 8.744895622575102334e-02 1.004348818611203731e-01 2.302699750058984918e-01 1.046618347657579939e-01 6.074884098851820319e-02
-1.120431393502194783e-01 -2.630541625923262655e-02 3.272387557075233377e-02 8.523575192271001799e-02 1.022171103199202291e-01 1.676928499570597419e-01 2.302699750058984918e-01 5.739484626778750265e-01 2.785172339118993090e-01 2.054669946048162943e-01
-1.005766780358851864e-01 -5.360821913807686107e-02 -3.178126701568094459e-02 -1.221087900665151355e-02 1.688042415053435386e-02 5.894764794567149829e-02 1.046618347657579939e-01 2.785172339118993090e-01 1.513053403859693502e-01 1.380257485688676233e-01
-1.619795150587712840e-01 -1.184267622832187589e-01 -1.164941854963643247e-01 -1.144971128102202362e-01 -5.327888424338009243e-02 -3.562553306341862455e-03 6.074884098851820319e-02 2.054669946048162943e-01 1.380257485688676233e-01 1.721278741775437993e-01
2.927474979484806505e-01 2.169642651903235797e-01 1.313255499835251638e-01 1.873583492573683285e-01 9.913554056942754100e-02 2.528752004032402620e-02 -5.019690351340944795e-02 -1.358448714919718303e-01 -1.737264852591062225e-01 -1.654873847808318033e-01
2.169642651903235797e-01 1.726881822557649881e-01 1.159127375699116336e-01 1.832070611610758792e-01 1.084280739163633739e-01 5.135269984727910964e-02 4.832295463950610909e-04 -5.760072819324380672e-02 -9.797995164686335023e-02 -1.122399140179146659e-01
1.313255499835251638e-01 1.159127375699116336e-01 9.184096190801477322e-02 1.654939208751855240e-01 1.071392080421116610e-01 6.839956403197799961e-02 4.272138924022896023e-02 1.363528226479670570e-02 -2.459980571142543135e-02 -5.615002683355430069e-02
1.873583492573683285e-01 1.832070611610758792e-01 1.654939208751855240e-01 3.259010646703276448e-01 2.198507115548827273e-01 1.569788559938737060e-01 1.282429441397855419e-01 9.671117024483566471e-02 2.059565079433259976e-02 -6.107838767952731424e-02
9.913554056942754100e-02 1.084280739163633739e-01 1.071392080421116610e-01 2.198507115548827273e-01 1.582128082168410277e-01 1.249852360249705252e-01 1.185347367252261169e-01 1.108146808361310798e-01 5.467829730421384926e-02 -1.703408563771264053e-02
2.528752004032402620e-02 5.135269984727910964e-02 6.839956403197799961e-02 1.569788559938737060e-01 1.249852360249705252e-01 1.166238509103254967e-01 1.329879841822156905e-01 1.492593510380710309e-01 1.023899747587788123e-01 2.645951788506186939e-02
-5.019690351340944795e-02 4.832295463950610909e-04 4.272138924022896023e-02 1.282429441397855419e-01 1.185347367252261169e-01 1.329879841822156905e-01 1.785536707500411380e-01 2.255437560578754386e-01 1.775739804146827250e-01 7.992602666895962105e-02
-1.358448714919718303e-01 -5.760072819324380672e-02 1.363528226479670570e-02 9.671117024483566471e-02 1.108146808361310798e-01 1.492593510380710309e-01 2.255437560578754386e-01 3.112643895988137510e-01 2.623725737054495299e-01 1.401534107457436118e-01
-1.737264852591062225e-01 -9.797995164686335023e-02 -2.459980571142543135e-02 2.059565079433259976e-02 5.467829730421384926e-02 1.023899747587788123e-01 1.775739804146827250e-01 2.623725737054495299e-01 2.412511377344495334e-01 1.465741703547012165e-01
-1.654873847808318033e-01 -1.122399140179146659e-01 -5.615002683355430069e-02 -6.107838767952731424e-02 -1.703408563771264053e-02 2.645951788506186939e-02 7.992602666895962105e-02 1.401534107457436118e-01 1.465741703547012165e-01 1.109164360069405525e-01
2.684834728597913500e-01 2.181840613519561711e-01 1.627609756650096329e-01 1.099056086055797132e-01 6.746695263580074209e-02 4.838388332666827829e-02 3.675675271257217852e-02 -2.518217567563002871e-02 -1.274735081959861016e-01 -2.824211167769614117e-01
2.181840613519561711e-01 1.968938096906913127e-01 1.578779175785698097e-01 1.144705673482523112e-01 7.942437739409988207e-02 7.359060190401528478e-02 9.172301711263337876e-02 5.334335374537365476e-02 -5.832581007217976787e-02 -2.024326421953308308e-01
1.627609756650096329e-01 1.578779175785698097e-01 1.346240058674317841e-01 1.024513891796194898e-01 7.598839298215777360e-02 7.812767461364374111e-02 1.101275686111695684e-01 8.931791160347210545e-02 -1.329851075727313085e-02 -1.339334286941762098e-01
1.099056086055797132e-01 1.144705673482523112e-01 1.024513891796194898e-01 8.176047407258672794e-02 6.415935360068945881e-02 7.099590737933673956e-02 1.073449717606644871e-01 9.931144699448671287e-02 1.482663065520078809e-02 -7.704673649974562444e-02
6.746695263580074209e-02 7.942437739409988207e-02 7.598839298215777360e-02 6.415935360068945881e-02 5.408397536718596854e-02 6.490753509646479680e-02 1.048502448784134344e-01 1.069093202284380345e-01 3.708758615633130779e-02 -3.138338062308047849e-02
4.838388332666827829e-02 7.359060190401528478e-02 7.812767461364374111e-02 7.099590737933673956e-02 6.490753509646479680e-02 8.483350461592363556e-02 1.456185778639321748e-01 1.595940497586616769e-01 7.691243691691795892e-02 6.241491515409519804e-03
3.675675271257217852e-02 9.172301711263337876e-02 1.101275686111695684e-01 1.073449717606644871e-01 1.048502448784134344e-01 1.456185778639321748e-01 2.616429060417211905e-01 2.993896063433951760e-01 1.660108055561599349e-01 6.624882677722145063e-02
-2.518217567563002871e-02 5.334335374537365476e-02 8.931791160347210545e-02 9.931144699448671287e-02 1.069093202284380345e-01 1.595940497586616769e-01 2.993896063433951760e-01 3.700072412579590853e-01 2.334142265564253249e-01 1.529693831618368083e-01
-1.274735081959861016e-01 -5.832581007217976787e-02 -1.329851075727313085e-02 1.482663065520078809e-02 3.708758615633130779e-02 7.691243691691795892e-02 1.660108055561599349e-01 2.334142265564253249e-01 1.973041497540203304e-01 2.141250535244646758e-01
-2.824211167769614117e-01 -2.024326421953308308e-01 -1.339334286941762098e-01 -7.704673649974562444e-02 -3.138338062308047849e-02 6.241491515409519804e-03 6.624882677722145063e-02 1.529693831618368083e-01 2.141250535244646758e-01 3.503664604726886567e-01
2.706389268483317956e-01 2.406230407713796926e-01 1.915687602922261368e-01 8.919056783849416137e-02 3.705921306895004460e-04 -5.896630513689870429e-02 -1.069238742470937087e-01 -1.547706268444409561e-01 -1.315989577268847632e-01 -1.711927157609288430e-01
2.406230407713796926e-01 2.564056220959685661e-01 2.540872708587398332e-01 1.694100986655567298e-01 7.167139959104644464e-02 1.193370249119954547e-02 -3.069956497046436722e-02 -6.938858152728279161e-02 -7.854705818004231732e-02 -1.313319553212421165e-01
1.915687602922261368e-01 2.540872708587398332e-01 3.125129124081287846e-01 2.538549129060014287e-01 1.509272365500808344e-01 9.443903411346819821e-02 6.103457543755910070e-02 3.576532004500494744e-02 -1.122897997140867056e-02 -7.685573564017357528e-02
8.919056783849416137e-02 1.694100986655567298e-01 2.538549129060014287e-01 2.432726569842337261e-01 1.699235899473059419e-01 1.342544447845703814e-01 1.193060127987171093e-01 1.135918993214346528e-01 4.966905974310194261e-02 -5.947181498642735778e-03
3.705921306895004460e-04 7.167139959104644464e-02 1.509272365500808344e-01 1.699235899473059419e-01 1.375713995567895420e-01 1.257847161002016712e-01 1.270707140342885455e-01 1.354429467278485955e-01 7.639501128513014050e-02 4.126296754004513817e-02
-5.896630513689870429e-02 1.193370249119954547e-02 9.443903411346819821e-02 1.342544447845703814e-01 1.257847161002016712e-01 1.305980345091132533e-01 1.440919198321358174e-01 1.632042199300822449e-01 1.013004507637674800e-01 7.633568552521184658e-02
-1.069238742470937087e-01 -3.069956497046436722e-02 6.103457543755910070e-02 1.193060127987171093e-01 1.270707140342885455e-01 1.440919198321358174e-01 1.698768995866009324e-01 1.999621534212413232e-01 1.291372999174000558e-01 1.085447490825721950e-01
-1.547706268444409561e-01 -6.938858152728279161e-02 3.576532004500494744e-02 1.135918993214346528e-01 1.354429467278485955e-01 1.632042199300822449e-01 1.999621534212413232e-01 2.440705387267061988e-01 1.612030558945175274e-01 1.430208984817447349e-01
-1.315989577268847632e-01 -7.854705818004231732e-02 -1.122897997140867056e-02 4.966905974310194261e-02 7.639501128513014050e-02 1.013004507637674800e-01 1.291372999174000558e-01 1.612030558945175274e-01 1.124170250055958192e-01 1.090256847425005726e-01
-1.711927157609288430e-01 -1.313319553212421165e-01 -7.685573564017357528e-02 -5.947181498642735778e-03 4.126296754004513817e-02 7.633568552521184658e-02 1.085447490825721950e-01 1.430208984817447349e-01 1.090256847425005726e-01 1.226359842785309379e-01
4.189270397104404298e-01 2.850151580282385688e-01 1.605477557069632244e-01 1.213838333795533853e-01 6.398071780167860489e-02 3.243056994414634381e-02 -1.101717098673943990e-02 -8.100830842202515203e-02 -1.774758919503091614e-01 -2.634464030517352229e-01
2.850151580282385688e-01 2.301734979323645791e-01 1.587362933589257508e-01 1.531525670922063709e-01 1.039587418782094708e-01 8.514073399569209444e-02 3.905391135938207636e-02 1.735783506558281897e-02 -4.566128365523516863e-02 -1.418745919311370229e-01
1.605477557069632244e-01 1.587362933589257508e-01 1.342079878724506126e-01 1.524998041649493485e-01 1.151242180222521727e-01 1.064780279556752363e-01 6.470950827112975645e-02 7.585540741830340550e-02 4.336474600377814015e-02 -4.476529087550111530e-02
1.213838333795533853e-01 1.531525670922063709e-01 1.524998041649493485e-01 1.932455675581497001e-01 1.536966778047378357e-01 1.491578641318120624e-01 9.851237317960021000e-02 1.333942579114832938e-01 1.123364830012391624e-01 7.076570938105060556e-03
6.398071780167860489e-02 1.039587418782094708e-01 1.151242180222521727e-01 1.536966778047378357e-01 1.272837560366255061e-01 1.274602627139211353e-01 8.744369731148832203e-02 1.249742727242985213e-01 1.161472777488997965e-01 3.298207630125937068e-02
3.243056994414634381e-02 8.514073399569209444e-02 1.064780279556752363e-01 1.491578641318120624e-01 1.274602627139211353e-01 1.320726825726581399e-01 9.389438261687929610e-02 1.402956523312241521e-01 1.389998144321160090e-01 5.769165674325755361e-02
-1.101717098673943990e-02 3.905391135938207636e-02 6.470950827112975645e-02 9.851237317960021000e-02 8.744369731148832203e-02 9.389438261687929610e-02 7.107859895242556181e-02 1.136584320569802437e-01 1.212281272020557521e-01 6.624432835366415862e-02
-8.100830842202515203e-02 1.735783506558281897e-02 7.585540741830340550e-02 1.333942579114832938e-01 1.249742727242985213e-01 1.402956523312241521e-01 1.136584320569802437e-01 1.952402060248709104e-01 2.228274898433227624e-01 1.463282413965769913e-01
-1.774758919503091614e-01 -4.566128365523516863e-02 4.336474600377814015e-02 1.123364830012391624e-01 1.161472777488997965e-01 1.389998144321160090e-01 1.212281272020557521e-01 2.228274898433227624e-01 2.778564516991732236e-01 2.142091915458438078e-01
-2.634464030517352229e-01 -1.418745919311370229e-01 -4.476529087550111530e-02 7.076570938105060556e-03 3.298207630125937068e-02 5.769165674325755361e-02 6.624432835366415862e-02 1.463282413965769913e-01 2.142091915458438078e-01 2.199142116408415726e-01
2.293501882905324973e-01 1.875256086821784351e-01 1.576744426582148972e-01 1.187311218697008897e-01 4.685833630909302938e-02 3.635878348289933726e-03 -4.351612550369581001e-02 -1.097296781793943021e-01 -1.258365996748826432e-01 -2.545259066529181324e-01
1.875256086821784351e-01 1.887914885538318766e-01 1.920696648946272622e-01 1.722540113283298757e-01 9.248401388851365534e-02 6.355329241409610197e-02 3.098067998671707665e-02 -7.418586316573203866e-03 -5.983313668660401874e-02 -1.726106222289756631e-01
1.576744426582148972e-01 1.920696648946272622e-01 2.262617391325623395e-01 2.228123213634056465e-01 1.330223826290841127e-01 1.143634673955848391e-01 9.269681968228339619e-02 7.627451051119024661e-02 -7.326250133928235118e-03 -1.108677720306094905e-01
1.187311218697008897e-01 1.722540113283298757e-01 2.228123213634056465e-01 2.358009231323743293e-01 1.484984659405758911e-01 1.392495283333552436e-01 1.276168540290470721e-01 1.287928546737251989e-01 3.171692998267218455e-02 -5.392727874350544681e-02
4.685833630909302938e-02 9.248401388851365534e-02 1.330223826290841127e-01 1.484984659405758911e-01 1.001344503563186272e-01 1.024250103509012355e-01 1.028826884481193193e-01 1.159020971445083176e-01 4.618178927136892126e-02 5.294979262243764036e-03
3.635878348289933726e-03 6.355329241409610197e-02 1.143634673955848391e-01 1.392495283333552436e-01 1.024250103509012355e-01 1.167174933363761408e-01 1.289447065805572612e-01 1.592950421182957599e-01 8.101336605391626366e-02 6.120476770351524626e-02
-4.351612550369581001e-02 3.098067998671707665e-02 9.269681968228339619e-02 1.276168540290470721e-01 1.028826884481193193e-01 1.289447065805572612e-01 1.552401817464300060e-01 2.054348737225777655e-01 1.179099334924239850e-01 1.207514047363333620e-01
-1.097296781793943021e-01 -7.418586316573203866e-03 7.627451051119024661e-02 1.287928546737251989e-01 1.159020971445083176e-01 1.592950421182957599e-01 2.054348737225777655e-01 2.897381259879547311e-01 1.797346673822838026e-01 2.122673189139119843e-01
-1.258365996748826432e-01 -5.983313668660401874e-02 -7.326250133928235118e-03 3.171692998267218455e-02 4.618178927136892126e-02 8.101336605391626366e-02 1.179099334924239850e-01 1.797346673822838026e-01 1.310036665277463097e-01 1.885871307980551137e-01
-2.545259066529181324e-01 -1.726106222289756631e-01 -1.108677720306094905e-01 -5.392727874350544681e-02 5.294979262243764036e-03 6.120476770351524626e-02 1.207514047363333620e-01 2.122673189139119843e-01 1.885871307980551137e-01 3.269617429358745997e-01
2.148201898088087092e-01 1.949891734320029490e-01 1.941754945159374635e-01 6.923552084730405509e-02 7.037229481308811263e-03 -4.318986276849591521e-02 -7.057381337263643473e-02 -9.308634772885482356e-02 -1.406670765350616359e-01 -2.171044276912856841e-01
1.949891734320029490e-01 2.086822781685469252e-01 2.423042497956967578e-01 1.149934528928991950e-01 8.432678105931359913e-02 3.995705934204295262e-02 -4.240852712995414261e-03 -4.389812075225185684e-02 -9.683267763828479202e-02 -1.735300913504211062e-01
1.941754945159374635e-01 2.423042497956967578e-01 3.214595681770467950e-01 1.768537391176557838e-01 1.766441194913613844e-01 1.341198659642909297e-01 6.728673377780258757e-02 4.749837144489010843e-03 -6.015534297668279073e-02 -1.462479031110814343e-01
6.923552084730405509e-02 1.149934528928991950e-01 1.768537391176557838e-01 1.176788637288838368e-01 1.492679821676087260e-01 1.360329622079323175e-01 9.037088823466973841e-02 4.650202655136428942e-02 1.197730508474383927e-02 -2.805056680770314295e-02
7.037229481308811263e-03 8.432678105931359913e-02 1.766441194913613844e-01 1.492679821676087260e-01 2.335462251186085636e-01 2.370653512684787190e-01 1.764867629754303113e-01 1.172632532924231391e-01 8.502972754184931481e-02 5.768188478762983212e-02
-4.318986276849591521e-02 3.995705934204295262e-02 1.341198659642909297e-01 1.360329622079323175e-01 2.370653512684787190e-01 2.578926315766605915e-01 2.010958365052726848e-01 1.438742109746452558e-01 1.209394648814039464e-01 1.100689674938835211e-01
-7.057381337263643473e-02 -4.240852712995414261e-03 6.728673377780258757e-02 9.037088823466973841e-02 1.764867629754303113e-01 2.010958365052726848e-01 1.661687456046364308e-01 1.268508552438131209e-01 1.174980497502250421e-01 1.221412128446625611e-01
-9.308634772885482356e-02 -4.389812075225185684e-02 4.749837144489010843e-03 4.650202655136428942e-02 1.172632532924231391e-01 1.438742109746452558e-01 1.268508552438131209e-01 1.063323018000739972e-01 1.104457052257756672e-01 1.295060727096696840e-01
-1.406670765350616359e-01 -9.683267763828479202e-02 -6.015534297668279073e-02 1.197730508474383927e-02 8.502972754184931481e-02 1.209394648814039464e-01 1.174980497502250421e-01 1.104457052257756672e-01 1.305983615259710684e-01 1.705580398341583204e-01
-2.171044276912856841e-01 -1.735300913504211062e-01 -1.462479031110814343e-01 -2.805056680770314295e-02 5.768188478762983212e-02 1.100689674938835211e-01 1.221412128446625611e-01 1.295060727096696840e-01 1.705580398341583204e-01 2.428208344907628324e-01
2.317298233317241773e-01 2.348788784620469694e-01 1.639501740715146871e-01 1.104986041427999388e-01 7.804560719755135323e-02 1.996237333367987393e-02 -4.397350260407974221e-02 -1.171880095492245921e-01 -1.607087554644118510e-01 -1.735894700790605594e-01
2.348788784620469694e-01 2.580056585006053060e-01 1.934262304480954819e-01 1.485655026003802892e-01 1.327684557589425274e-01 7.589689369564606158e-02 4.575384761704831202e-03 -6.943502219232149109e-02 -1.270236170712211732e-01 -1.601043050643156385e-01
1.639501740715146871e-01 1.934262304480954819e-01 1.592626903192084220e-01 1.382512379936521874e-01 1.435990686058290500e-01 1.049977765245732608e-01 4.850860952289011430e-02 -3.508833832803260645e-03 -5.667054054839212873e-02 -9.814789002715547384e-02
1.104986041427999388e-01 1.485655026003802892e-01 1.382512379936521874e-01 1.401892615330629366e-01 1.678738360253498318e-01 1.434252581705173224e-01 9.583812847857910155e-02 6.058195924092325824e-02 7.145809172001954708e-03 -4.664581065053430287e-02
7.804560719755135323e-02 1.327684557589425274e-01 1.435990686058290500e-01 1.678738360253498318e-01 2.256042368602862169e-01 2.111909762606762608e-01 1.628479842152281698e-01 1.374839976586023083e-01 7.358563431912791553e-02 -3.216724519858203592e-03
1.996237333367987393e-02 7.589689369564606158e-02 1.049977765245732608e-01 1.434252581705173224e-01 2.111909762606762608e-01 2.161343357869109083e-01 1.835508723310266266e-01 1.767338238844388953e-01 1.211227062506292640e-01 4.361362708742445166e-02
-4.397350260407974221e-02 4.575384761704831202e-03 4.850860952289011430e-02 9.583812847857910155e-02 1.628479842152281698e-01 1.835508723310266266e-01 1.761211313087140684e-01 1.917939463747986018e-01 1.530460159128394226e-01 8.607899475570673919e-02
-1.171880095492245921e-01 -6.943502219232149109e-02 -3.508833832803260645e-03 6.058195924092325824e-02 1.374839976586023083e-01 1.767338238844388953e-01 1.917939463747986018e-01 2.358198818668670316e-01 2.095882685718449823e-01 1.432704241233607179e-01
