1.552447313987466992e-01 2.132732951397657284e-01 9.326723569730338559e-02 4.170525112253219147e-02 2.722922962071196856e-02 2.836264961665823509e-02 6.620008891054764144e-02 1.052320447224517896e-01 1.203398072978890954e-01 1.491456664733932236e-01
3.532972150361368691e-02 5.583863356599429173e-02 1.432955193337374644e-01 1.183495629412429362e-01 1.059572866380606715e-01 1.527950828382802217e-01 8.488745292209140536e-02 1.093656118345677497e-01 1.205437019271564797e-01 7.363742649525517603e-02
8.743313364571278501e-02 5.240312835444702055e-02 5.954191732594703301e-02 9.489877686949704794e-02 1.241580066021334694e-01 1.186457289351635636e-01 1.498485450701776966e-01 1.135804472969823564e-01 1.142141835432128327e-01 8.527613235672608372e-02
1.179576904571804641e-01 9.087446617013197891e-02 6.317693687927507240e-02 4.182862688664612527e-02 2.879432512915965081e-02 3.182031203795417790e-02 5.232470724654839089e-02 1.001116534100660316e-01 2.125741342030371683e-01 2.605371475800011827e-01
1.448165729610366159e-01 4.511805877916411078e-02 6.500532011731828541e-02 8.895559311501899380e-02 7.078439644935541342e-02 7.045913515393444071e-02 6.867991637445562680e-02 9.188627726605075319e-02 1.687908548170846401e-01 1.855038749665813280e-01
9.535556588081803286e-02 1.341326501038177521e-01 1.097968469371939648e-01 1.081318030717513118e-01 7.458507684450500774e-02 6.334704180366319826e-02 8.319322015724707475e-02 7.376872878765758368e-02 1.238098878824134275e-01 1.338791785309328963e-01
4.685998508519990946e-02 9.106705968226946890e-02 1.922933193802854046e-01 3.347435493144979013e-01 1.832801567218558247e-01 7.562549240601110223e-02 3.239825544460449985e-02 1.671002660550678295e-02 8.435967771941631221e-03 1.858618758782773495e-02
1.814658573148363041e-01 1.466092346288761505e-01 1.049847637037983894e-01 7.807648168011632750e-02 6.948377354841497877e-02 7.699651605132362686e-02 9.152551636374559041e-02 5.820119501296981690e-02 6.864468969870154980e-02 1.240119719972174184e-01
8.968177678276459397e-02 6.043887412997397957e-02 6.785515944113693076e-02 8.219942747416358886e-02 5.385391129642702612e-02 6.345151741936917722e-02 7.870543965237837558e-02 2.761529590565149905e-01 1.168101459684529886e-01 1.108507887788183904e-01
1.274169431862660073e-01 8.486992417494268470e-02 5.314959773760805084e-02 1.138296980963534599e-01 7.812457174610519528e-02 7.299297295526105400e-02 1.029565193560328107e-01 1.549666374863839513e-01 1.326021101608516606e-01 7.909102510019511145e-02
1.425656816703113616e-01 8.134481101652463186e-02 4.384719424136266502e-02 2.514475797670593857e-02 2.019027090928310689e-02 3.532933657120003457e-02 1.027559235384705588e-01 1.785442854398521795e-01 1.567232984894298409e-01 2.135544401468595643e-01
1.476212065592583111e-01 1.739733223914268212e-01 1.983253277796465652e-01 1.440461808415722800e-01 7.471072294121580692e-02 5.000005969513669768e-02 4.615632090004467836e-02 5.572420201206445406e-02 4.277510344825791178e-02 6.666755343137663326e-02
2.587906816833777102e-01 1.465193111872577780e-01 6.889634428344355854e-02 5.226561100169153928e-02 2.959468734202127388e-02 2.811723314823515521e-02 2.615385900704623318e-02 7.619988829695054089e-02 1.436239359525270931e-01 1.698384480974494681e-01
1.443792014122940726e-01 1.161826406867710326e-01 1.074922460415359271e-01 9.083190315042719010e-02 4.711923881098190742e-02 5.078152866704066515e-02 6.688801067852020998e-02 1.148101476291097378e-01 8.714588159980900250e-02 1.743692013235103311e-01
1.189827680769640628e-01 1.277374557444050374e-01 1.649107941081384143e-01 8.255012982565787527e-02 1.061181361755821478e-01 1.000761710920004127e-01 6.930715908105067324e-02 5.295535199098211354e-02 6.615720934262804553e-02 1.112048245625912452e-01
1.103008857418205368e-01 1.141536346020166626e-01 8.278882864806619279e-02 7.637394954807540104e-02 1.032377026710742385e-01 1.042893379826661526e-01 9.566578883426207769e-02 1.168425157927054092e-01 1.087173860185712826e-01 8.762997016074222656e-02
6.619830985269947732e-02 8.288311576159566874e-02 1.198206693340123641e-01 1.207014681405594592e-01 1.017610669010896030e-01 9.519790637705399794e-02 1.593514297342822628e-01 1.212240053549189511e-01 7.579945127007110817e-02 5.706257727371705918e-02
1.146119973554612231e-01 9.814370310537523512e-02 6.119857254784730888e-02 5.769939712204497778e-02 6.336359711043390575e-02 9.269996585995046723e-02 9.179347624298161978e-02 1.139382254942188366e-01 1.410728551393003738e-01 1.654782100223861074e-01
1.843565252486699391e-01 1.526139559468694673e-01 5.772177749530252311e-02 4.815389439946010652e-02 3.481725967556351109e-02 8.170118930610793806e-02 6.679733915613979278e-02 6.058850102515324354e-02 1.347481689687743955e-01 1.785013887779592356e-01
1.046206546338261795e-01 9.375696403031644199e-02 1.119521094353695401e-01 1.315572130114626981e-01 8.596977765812562067e-02 3.947456039951936779e-02 4.753670977523583724e-02 9.238234783763782376e-02 1.515767041609780708e-01 1.411729590575285243e-01
3.354844357218145223e-02 7.607194187895405246e-02 2.045492373286507959e-01 1.852719587376187027e-01 1.064578850025501844e-01 8.027833520785011834e-02 1.523915335107210445e-01 9.153173197679918827e-02 4.112820187415412720e-02 2.877073091052070528e-02
1.572865380217810249e-01 1.364432916437161858e-01 8.887439990815508561e-02 8.184316046714995574e-02 5.748002519722629489e-02 6.082694359033939679e-02 6.782461684095660026e-02 1.461084303521789085e-01 1.167428825348789667e-01 8.656971144361735870e-02
1.565491043004095251e-01 1.149075160003352747e-01 1.297800750242381340e-01 9.759577949938778862e-02 4.760772899755939813e-02 4.191412860528333922e-02 6.000795469213231897e-02 1.263033380276104567e-01 1.083059018375990279e-01 1.170284730154447089e-01
4.586732832206021071e-02 7.498876231859681607e-02 2.053791603330483717e-01 1.476175588142204509e-01 1.016933394881569808e-01 8.552394968434731681e-02 1.073497608461687070e-01 1.054550430967509944e-01 7.452281074288009954e-02 5.160228635376999662e-02
7.980345168340469142e-02 1.006537222544741511e-01 8.896356209574821094e-02 9.326766838925056036e-02 5.641008695314913418e-02 8.949968587438725254e-02 8.075811071327282376e-02 8.059854705571425915e-02 1.627876237931682180e-01 1.672575411874308582e-01
3.557412913579482971e-02 4.256367069058168695e-02 4.035530049183219670e-02 9.553881528936558620e-02 1.476762487307599070e-01 1.625758342923931676e-01 1.439126571457636783e-01 1.911995020613777851e-01 9.126464812319273756e-02 4.933919403893830685e-02
2.402657897587868185e-01 1.584024637905222521e-01 9.817968357525878875e-02 4.433480764987848821e-02 4.277700974142224777e-02 4.628821257453553939e-02 5.204657608810581149e-02 4.541391639191172391e-02 7.785812095875802030e-02 1.944334194708205454e-01
5.909007640777824699e-02 3.800484359879435781e-02 4.015902817438679606e-02 4.618665846418865822e-02 8.414784109452368155e-02 1.889800015655632992e-01 1.722941620438144528e-01 1.296764725648701100e-01 1.250813913111425979e-01 1.163795247749380424e-01
1.425526747503741420e-01 1.446675582065024834e-01 1.384307566426412062e-01 6.982733247539904542e-02 5.200037329910572881e-02 5.585920625607718182e-02 4.542603233290181536e-02 8.198325909545373102e-02 1.295744386072837373e-01 1.396783683342609217e-01
1.243534424723164861e-01 7.149249831522642984e-02 5.891028531461382778e-02 3.534215685574335075e-02 2.994972474826479089e-02 2.980691080028163853e-02 7.025394970721883514e-02 1.531162964521580183e-01 2.708897318702266355e-01 1.558850034639497895e-01
5.918546179017935421e-02 7.722035742315436213e-02 8.668324277239773668e-02 8.838373600139882991e-02 1.012340913331734038e-01 1.062183552918472690e-01 1.529824058983582646e-01 1.399945342752424438e-01 1.194340116032493460e-01 6.866380361099894136e-02
4.705402066276563600e-02 3.592259673396802633e-02 6.314768376474694245e-02 7.442487668438677040e-02 8.472020823595000083e-02 1.299810348986377706e-01 1.758858888497061845e-01 1.375366264293362006e-01 1.329049481274873212e-01 1.184221156130152858e-01
1.178641613748534905e-01 1.618010584729301371e-01 2.055867626120997937e-01 1.281170041889177491e-01 5.859946259664799983e-02 3.938272403105796959e-02 4.397152446031505485e-02 6.298364401619586939e-02 7.808049777183918849e-02 1.036131604751427820e-01
6.358071685794910999e-02 8.526487959080046586e-02 6.689591024890126358e-02 9.787148697408638853e-02 9.847397022521506282e-02 2.242074808102482164e-01 1.620706039910939367e-01 9.786971757085974333e-02 5.618437314007693195e-02 4.758086059076871432e-02
7.831545232823253211e-02 5.668920803691974292e-02 5.805014832239696609e-02 8.609243294299495641e-02 1.069472888748587980e-01 1.953979606212253861e-01 1.564826502296570998e-01 9.626411858306826996e-02 8.943892171089271037e-02 7.632181834975385049e-02
1.093385497909038356e-01 1.022969747455099998e-01 1.411814540113736638e-01 1.568438469988661654e-01 1.134138895885316717e-01 5.202296659935886497e-02 5.497867361641681216e-02 5.818433718446062303e-02 1.066781886903042098e-01 1.050611187742740288e-01
5.178652853777936105e-02 6.766018333208248525e-02 9.800462291396136449e-02 1.627705980681456444e-01 5.685544107648130702e-02 8.361319445363682434e-02 1.557896653329365333e-01 1.336043157301825546e-01 1.206445630748398112e-01 6.927088747995444051e-02
1.349397000572488126e-01 9.246689225634778520e-02 7.984008063496755847e-02 8.838216314376459715e-02 7.276242014394565527e-02 8.917942263223579968e-02 1.130754856037621825e-01 1.062018813761083091e-01 1.057876968045977917e-01 1.173642573470216749e-01
1.559215588633686145e-01 1.358598141433636775e-01 7.964263590974890450e-02 6.840426584161361789e-02 4.881813131981066478e-02 4.773154875428126109e-02 7.358758380282326428e-02 8.697841964191294073e-02 1.350308815148408281e-01 1.680251602082364071e-01
7.979256622136601806e-02 6.914186695556218121e-02 8.610854463090135413e-02 1.062254264535578696e-01 8.240067292445564517e-02 7.779711884078861772e-02 9.918234298591240006e-02 1.071101029694711410e-01 1.234190365972113734e-01 1.688223214207734135e-01
4.082110759629224706e-02 6.410460861044192660e-02 1.296922674735620229e-01 6.969555007571939798e-02 7.815184131074331964e-02 1.381214591973470573e-01 1.700251679027980078e-01 1.309840870989300299e-01 1.135731794587789001e-01 6.483073127538727110e-02
1.040207985296323356e-01 1.547555271644817654e-01 8.778129132215785335e-02 3.539978641575548812e-02 2.669397336421096972e-02 5.221006035980480658e-02 9.567524975215817296e-02 1.083517808005926286e-01 1.690007062721716191e-01 1.661108260190344854e-01
4.663897193751943837e-02 5.562932877073895055e-02 7.595936191249087754e-02 1.379206958811701189e-01 1.435532498592933248e-01 1.479861791770943347e-01 1.431597321370723375e-01 9.046577775623110274e-02 7.849241752308930287e-02 8.019428504530046187e-02
8.858279524434159446e-02 1.260115248754782591e-01 1.682092928017356881e-01 1.332497191822851756e-01 8.988657140810200896e-02 7.346139481430866147e-02 6.704972064680675414e-02 5.371998204080154216e-02 7.287125446304215659e-02 1.269577445230985202e-01
7.257886230265370164e-02 2.831937202412409746e-02 4.398858249486574390e-02 1.153182629327619002e-01 8.019137381708590917e-02 1.591941235688355827e-01 1.816986722309248403e-01 1.574051973740502874e-01 1.013699055252156866e-01 5.993564772948249686e-02
3.793736441068142756e-02 3.150313147440601119e-02 4.859471868996583649e-02 7.889559915309127258e-02 1.223590289811781473e-01 1.408774380800577597e-01 8.746645618390402888e-02 1.642762031110868715e-01 2.079219668440611402e-01 8.016809307156738673e-02
9.969134850650664126e-02 8.236869535600346848e-02 9.896692236183551872e-02 1.592020477298426440e-01 1.147195628346971558e-01 9.325833445086664786e-02 1.158759599913939398e-01 7.521777766081301497e-02 7.645910606233279061e-02 8.424024504570831740e-02
5.604169821433393345e-02 8.325796605657169447e-02 1.457003272593326848e-01 1.532862670927603033e-01 9.748423958102658826e-02 1.074682573959907239e-01 1.073464293264269620e-01 1.058544897845202781e-01 7.378591092538244745e-02 6.977441436365455774e-02
1.353369420156749769e-01 9.506317403918598807e-02 6.481865145501539138e-02 4.668572654566525981e-02 1.075798512470764468e-01 9.391258601279330043e-02 1.352425227589719170e-01 1.172963607907524797e-01 9.384040087669298646e-02 1.102237842581715310e-01
1.455847912664818763e-02 3.539151241996937175e-02 8.562022177431347081e-02 1.676909992836490559e-01 3.630154452725216085e-01 2.007419344162102437e-01 7.554195680528349999e-02 2.932313405610616902e-02 1.589126560324727322e-02 1.222505124205106736e-02
8.892523659153038496e-02 5.764300464920213418e-02 1.476316892755072940e-01 9.936751650681827086e-02 1.040904363083918621e-01 6.098738648232937543e-02 5.381672973502148183e-02 9.872382392766382297e-02 1.481838943001218822e-01 1.406302822234135608e-01
1.778323368685722217e-01 2.010050786153878555e-01 7.725736166017954654e-02 6.296647307712807673e-02 4.098790595562686045e-02 5.853958585739908738e-02 5.469490271212187893e-02 7.404653426862686794e-02 1.022769051403750878e-01 1.503929158445825032e-01
3.200929438804701876e-02 3.441096065589715342e-02 3.580268414989861564e-02 5.003977281214375128e-02 9.375753707606629406e-02 1.630329059533468516e-01 2.283237538770280795e-01 1.507781470564550086e-01 1.366886548813473490e-01 7.515628914976987818e-02
9.087345628222581739e-02 7.700886036189791284e-02 9.648493235118302258e-02 1.026836561160495015e-01 8.129209145090564304e-02 7.667181308812220930e-02 8.004796036148087435e-02 1.430489809536663326e-01 1.183173030396811876e-01 1.335709459947877209e-01
8.698412291935152252e-02 1.760652490543130888e-01 2.077239468758631247e-01 1.104606217011572383e-01 7.199957687110068727e-02 7.202559897878814399e-02 9.718850994384313491e-02 6.696603251457201866e-02 4.797875883818047971e-02 6.260758230283061665e-02
7.131374522500459612e-02 4.061640024934991267e-02 2.618424574428306062e-02 2.466538538818202619e-02 4.731265506215768385e-02 1.273354543293743757e-01 2.157976151651157526e-01 1.382692092691130692e-01 1.830475423359977372e-01 1.254577472314216124e-01
8.868503135223781975e-02 6.733600700185901622e-02 1.120820746845485744e-01 1.010863509962354745e-01 7.001405513345675125e-02 8.671636442984723137e-02 1.745807834889595567e-01 1.715886289215320382e-01 7.557316065860866794e-02 5.233754333271475878e-02
7.717759721111294713e-02 6.960627637175360871e-02 8.612822658967517198e-02 5.629282003743408397e-02 9.964641582570404887e-02 7.922846716749157303e-02 1.260055838873097023e-01 1.497780361249227699e-01 1.321086493126055750e-01 1.240279274719908037e-01
9.485178232068310067e-02 6.089827376721639735e-02 5.954583840703148861e-02 7.298508859561431139e-02 8.968096670711724061e-02 8.396595469191234229e-02 8.564037166651790323e-02 1.986223976815756076e-01 1.329087342127990290e-01 1.209005919495324127e-01
8.968663751469527212e-02 2.103843481080332756e-01 1.251796888984033074e-01 1.094700064844243426e-01 1.348148054198539947e-01 8.254459222720808564e-02 6.418142471791921100e-02 4.956697213951877234e-02 5.107422972407738015e-02 8.309729476586624752e-02
1.235733622084439348e-01 7.289973196159554858e-02 3.406211759673428291e-02 4.905351707873753520e-02 9.157822624913293519e-02 7.446457998570960024e-02 1.206554643634200896e-01 1.551672945453983765e-01 1.492373225629634592e-01 1.293083834478644112e-01
1.245582867189636844e-01 1.955400537164118657e-01 1.093366102746287510e-01 6.441324602848540193e-02 6.767929397218516718e-02 5.553753771610021872e-02 7.950725532410835017e-02 1.086259357386029356e-01 7.741084681351438623e-02 1.173909336969994888e-01
1.109006605797080297e-01 6.228979876482157452e-02 4.315983522371176495e-02 3.593451076545606249e-02 3.782458187601490246e-02 8.451996302972596131e-02 1.584441847143280013e-01 1.534136115727167959e-01 1.560991700457266540e-01 1.574136834277906072e-01
1.070073089167930952e-01 1.271647722437668493e-01 1.221012048349005702e-01 2.551609890963465466e-01 2.072763049304591765e-01 7.552972540572412685e-02 2.545836184293937682e-02 1.688016741046706459e-02 2.117053614806664597e-02 4.225062917053672151e-02
3.712678113378661826e-02 5.848041152394382880e-02 8.854947024029134750e-02 1.436715602720648743e-01 1.438047617202376227e-01 1.173475065988474897e-01 1.189503935541035284e-01 1.227105382649101156e-01 1.204060139811123364e-01 4.895256271070252962e-02
4.308853726777546467e-02 2.520952969731413140e-02 3.760748607287602019e-02 4.050945991361626364e-02 1.028842676128827877e-01 2.958387536573536813e-01 2.047879223339275634e-01 1.437838173131566200e-01 5.999146179715141025e-02 4.629876433394611301e-02
6.924375591153109077e-02 6.998904033507810651e-02 9.045206177899781097e-02 9.304047934131724762e-02 1.342514409761655370e-01 1.128847776496943039e-01 7.258424138463420716e-02 1.154094411567313100e-01 1.593981594040977945e-01 8.274660206175261934e-02
5.319733502971026734e-02 1.078307262277124201e-01 1.019702653558338667e-01 1.149513163328324539e-01 1.846421051506280109e-01 1.273664488393301542e-01 1.590897666962180212e-01 7.596135280462093520e-02 4.267061177430656743e-02 3.232007178880749731e-02
1.064003534988104266e-01 7.968023759874329204e-02 9.213254606170592775e-02 9.609961905136384097e-02 9.532770902963877413e-02 8.741582601746301917e-02 7.678496187759029090e-02 9.982555314980537386e-02 1.306374348308194655e-01 1.356957588840596030e-01
1.278672800327995407e-01 1.111878798032056442e-01 1.093592120832106440e-01 2.198749690516705324e-01 1.202458173288071669e-01 1.140816346014189020e-01 9.203795017722762872e-02 4.471161907079616166e-02 1.888423231785425066e-02 4.174940553300983404e-02
1.135336475077168283e-01 1.431996753192333327e-01 2.672893024040763899e-01 1.139249135269298635e-01 5.331065158555375189e-02 6.988127201006923139e-02 3.426261173337002280e-02 2.852072555670040477e-02 4.585229287257770736e-02 1.302249074837727449e-01
5.971387135945623037e-02 4.702505957116924484e-02 4.480687235124090895e-02 5.291491869721100250e-02 5.197712034067683562e-02 5.178018118195920616e-02 1.125410040139224466e-01 2.129839549470724513e-01 1.844292795420876263e-01 1.818277379952040196e-01
6.447906830977602477e-02 6.582908842432665109e-02 1.209276619701267624e-01 1.035881698219238978e-01 6.374361813188716974e-02 5.250684792141836754e-02 7.603160591450265626e-02 1.681953124505026209e-01 1.852047183027306920e-01 9.949390875280553215e-02
8.450341802318364626e-02 1.968953385039774462e-01 2.010866004654359163e-01 1.840680128688644557e-01 1.170426452958310409e-01 8.070437814445913238e-02 4.250689769034223658e-02 2.681394627500206795e-02 2.362201481238664080e-02 4.275674792051763207e-02
9.418332245211055720e-02 8.239974616653254758e-02 1.032903734689972763e-01 1.031031583876555191e-01 9.890842226280571747e-02 1.316098293514646467e-01 6.977420718373864017e-02 7.371799573385087734e-02 1.418156000652849580e-01 1.011973449275591075e-01
1.075013276758570169e-01 1.167152305270251211e-01 1.241106978232123792e-01 1.365795907943600229e-01 5.865184045376035937e-02 4.000584520205895112e-02 6.645963484497260931e-02 1.116922332345041680e-01 1.323192937399458313e-01 1.059643057043036518e-01
3.072075536267329654e-02 5.859430216411849746e-02 6.914860079328120912e-02 1.195751678867842255e-01 1.295597552870480229e-01 1.869249662218128161e-01 2.290826269550806926e-01 1.154825235790583604e-01 3.625431865637183254e-02 2.465698309377129666e-02
8.090218032729504238e-02 9.169055783199220322e-02 1.140696348932058873e-01 1.676750230375465001e-01 1.137054768543608874e-01 1.355577592240981011e-01 6.624712898019213814e-02 4.438336667889680037e-02 6.775778833560104630e-02 1.180110838368112480e-01
9.082054511231126004e-02 7.749338477688727522e-02 4.081887349990234726e-02 4.670005290128136782e-02 7.208261988760483741e-02 9.789811529812056379e-02 1.201424782874477848e-01 1.261496438184311342e-01 1.508238917999141782e-01 1.770703946180994803e-01
1.352975026892640764e-01 3.928378053892486732e-02 2.352949868239763084e-02 3.566476848627142537e-02 7.992882105132678716e-02 2.299410301982714178e-01 1.576790818315408904e-01 8.812626584166141641e-02 1.018528689691002714e-01 1.086963817112412134e-01
2.802346667947595155e-02 3.922354366787519919e-02 6.481488076460023562e-02 8.738873912508066111e-02 1.311700762624481431e-01 1.554199788677677607e-01 1.692705210379589209e-01 1.693370106271878117e-01 1.089680044169683282e-01 4.638377855063703648e-02
3.395402535873119632e-02 3.057439530113727558e-02 4.035679826243906976e-02 1.094222244516131898e-01 3.010503997114978292e-01 2.074508002420705211e-01 1.080885950388497108e-01 6.656397069677100209e-02 7.406471028520636435e-02 2.847408065168411523e-02
9.284773887232636302e-02 5.585288866127255392e-02 6.522854041254724788e-02 8.011731638905103536e-02 1.166824749269465139e-01 1.479392364460253018e-01 1.374007963916529240e-01 9.824689643500103542e-02 1.131956699910762476e-01 9.248844147410073546e-02
9.213224801136250808e-02 5.290492072048125910e-02 5.531943521679877351e-02 4.265916966335701888e-02 9.858051531342747198e-02 2.253110010817567510e-01 1.500375203407411928e-01 1.059917056498798360e-01 8.504322087395989327e-02 9.202026312823546883e-02
5.121254430818866776e-02 5.192476586881435152e-02 5.741259093070874564e-02 9.546301187929495669e-02 1.282042460394904326e-01 1.411147252043404021e-01 1.451958148274080096e-01 1.287119707198629281e-01 1.036613061808376451e-01 9.709902404105402729e-02
5.138522513904528882e-02 3.542999688030614575e-02 5.254403135687372994e-02 1.296819214034783396e-01 2.265114159469659438e-01 1.245586602822707223e-01 8.945234449075578631e-02 8.380995156731739504e-02 1.139783385806139582e-01 9.264811435237277348e-02
8.554534940082017536e-02 1.557148906847082015e-01 1.662733106198219790e-01 1.333267755878518868e-01 9.594934777538327575e-02 6.755859441287043188e-02 5.436702230695325544e-02 7.498555320070071639e-02 8.730074585895009065e-02 7.897841015194007053e-02
9.574359031689733124e-02 1.431708169562166955e-01 1.445324710677520497e-01 1.897277792052947665e-01 1.239219160571807671e-01 8.598566786596401057e-02 7.464081548126856591e-02 5.448975484452735218e-02 4.586544874355859280e-02 4.192173946133995188e-02
8.163771092025665088e-02 1.251050565200954034e-01 9.947845822057913012e-02 8.451950567026805805e-02 6.168630676702979709e-02 9.353072873044884772e-02 1.296636397985204137e-01 9.456012042649537819e-02 1.247443191000210394e-01 1.050741538462852537e-01
8.591182852400738867e-02 5.288637700983152279e-02 5.294560496838239538e-02 5.608688239774257955e-02 4.631792869515180544e-02 7.069450609214295023e-02 1.063524961852158057e-01 1.828116010583381024e-01 2.116764713742772808e-01 1.343163036949100997e-01
2.228650458187070998e-02 3.879330327362309760e-02 1.123994812393211695e-01 1.862716158298486913e-01 1.303414455617310508e-01 1.380408075922995026e-01 1.680236010224833709e-01 1.094184810687210962e-01 6.372045674604479015e-02 3.070430308405672215e-02
8.715818438181180405e-02 5.828169132681734754e-02 7.962624970136289448e-02 8.810020876539237378e-02 1.559456012775899403e-01 1.335704333733380711e-01 7.311660908498433809e-02 6.276069521914347249e-02 1.124861297508266134e-01 1.489541971187332559e-01
8.722298755768881362e-02 1.421863192330291015e-01 1.418530730783806315e-01 9.833505848040668962e-02 5.335041481540073877e-02 6.740544668790683647e-02 7.106948331007924280e-02 1.044527219209604729e-01 1.404840810740998203e-01 9.364041384204778440e-02
9.875382693718728899e-02 8.910515178593292340e-02 7.497507464769234686e-02 4.093519366031757312e-02 5.445302920600474106e-02 7.186354668934492873e-02 1.127393671457322666e-01 1.508078673319994123e-01 1.853819360846206132e-01 1.209850065111678363e-01
5.099760317573898138e-02 5.903519522946376608e-02 7.393046028638061706e-02 1.579652431493928366e-01 8.193668618900179501e-02 9.531894484475861296e-02 1.209830797119236523e-01 1.362525303294183088e-01 1.364383512724420544e-01 8.714190581147954195e-02
8.063332699072038590e-02 1.013871746985717803e-01 9.199380701325070298e-02 1.060587690202315359e-01 1.391522963861616113e-01 1.010921409292229178e-01 7.321228331207157991e-02 8.173466851347607753e-02 1.366364540845058095e-01 8.809907905178769594e-02
1.060033490428861497e-01 1.261020553948886402e-01 1.254824055713679720e-01 9.410499753217420327e-02 1.374372162114400608e-01 1.235775129146898105e-01 6.250016579274757234e-02 8.260397841676390962e-02 7.205512266485282480e-02 7.013319645818900938e-02
1.095836602276774457e-01 7.964797166365898684e-02 8.047217330648795408e-02 6.558092540826551686e-02 7.495032394133710474e-02 8.940529219415840889e-02 1.230492560577963745e-01 1.404898302362517504e-01 1.208521066519920861e-01 1.159684603123746494e-01
6.258534042182566093e-02 9.058281908235524260e-02 1.518332741181461221e-01 1.762781649011412322e-01 1.443030311947475774e-01 1.100663388652368957e-01 1.007610015210060606e-01 7.157962403989362454e-02 4.860728977203468415e-02 4.340311608361307333e-02
5.397950624325247027e-02 3.863936683660137289e-02 6.639595277383200655e-02 1.669624692632017404e-01 1.350190087479340995e-01 8.431482858453634432e-02 6.255859693801105181e-02 1.159778405382476812e-01 1.695020980227711915e-01 1.066503320516119513e-01
