1.552447313987466992e-01 1.801444602531652450e-01 1.190077619003482023e-01 7.952717811733209241e-02 6.383483938566802962e-02 6.421394964611651379e-02 9.683194446668703936e-02 1.219498998328702732e-01 1.322492448028436129e-01 1.501933234404037032e-01
1.801444602531652450e-01 2.132732951397657284e-01 1.404770283087696248e-01 9.319494449824343441e-02 7.410361696811854082e-02 7.382415051938753803e-02 1.106125097303874982e-01 1.388601683961950273e-01 1.506065110004776164e-01 1.718931181248548046e-01
1.190077619003482023e-01 1.404770283087696248e-01 9.326723569730338559e-02 6.210812601511740694e-02 4.952505967888618660e-02 4.944312509119808130e-02 7.415159305058692529e-02 9.300954530109042939e-02 1.005512470816785353e-01 1.141797957738511921e-01
7.952717811733209241e-02 9.319494449824343441e-02 6.210812601511740694e-02 4.170525112253219147e-02 3.351266054270432559e-02 3.368118535089666132e-02 5.070163864822338495e-02 6.359708572168867868e-02 6.845314120459961016e-02 7.709634122864428285e-02
6.383483938566802962e-02 7.410361696811854082e-02 4.952505967888618660e-02 3.351266054270432559e-02 2.722922962071196856e-02 2.763750364280537913e-02 4.184172872421751399e-02 5.251818175051070625e-02 5.624073506121970295e-02 6.270357000446150075e-02
6.421394964611651379e-02 7.382415051938753803e-02 4.944312509119808130e-02 3.368118535089666132e-02 2.763750364280537913e-02 2.836264961665823509e-02 4.322109930183688775e-02 5.431552886476240238e-02 5.789428385767253493e-02 6.391396215254634139e-02
9.683194446668703936e-02 1.106125097303874982e-01 7.415159305058692529e-02 5.070163864822338495e-02 4.184172872421751399e-02 4.322109930183688775e-02 6.620008891054764144e-02 8.330725168331369612e-02 8.856968488511110515e-02 9.719431510256248963e-02
1.219498998328702732e-01 1.388601683961950273e-01 9.300954530109042939e-02 6.359708572168867868e-02 5.251818175051070625e-02 5.431552886476240238e-02 8.330725168331369612e-02 1.052320447224517896e-01 1.120245679751268042e-01 1.228121317118714695e-01
1.322492448028436129e-01 1.506065110004776164e-01 1.005512470816785353e-01 6.845314120459961016e-02 5.624073506121970295e-02 5.789428385767253493e-02 8.856968488511110515e-02 1.120245679751268042e-01 1.203398072978890954e-01 1.328106754464482009e-01
1.501933234404037032e-01 1.718931181248548046e-01 1.141797957738511921e-01 7.709634122864428285e-02 6.270357000446150075e-02 6.391396215254634139e-02 9.719431510256248963e-02 1.228121317118714695e-01 1.328106754464482009e-01 1.491456664733932236e-01
3.532972150361368691e-02 4.392838646737012159e-02 6.933761282007323834e-02 6.301541843323510417e-02 5.963491753263679140e-02 7.123577414043313905e-02 5.369062442127665868e-02 6.102845133401041400e-02 6.416056111703234699e-02 5.059792747366002874e-02
4.392838646737012159e-02 5.583863356599429173e-02 8.909317204797598255e-02 8.067881041287028321e-02 7.549776613939990222e-02 8.907508103839670288e-02 6.626061585152619171e-02 7.436159980337680997e-02 7.786696789991648382e-02 6.180532605857366746e-02
6.933761282007323834e-02 8.909317204797598255e-02 1.432955193337374644e-01 1.296042857698558870e-01 1.206359834219598581e-01 1.414454811376040788e-01 1.044424903434181540e-01 1.163373205950263556e-01 1.214878554153787787e-01 9.670776546337715718e-02
6.301541843323510417e-02 8.067881041287028321e-02 1.296042857698558870e-01 1.183495629412429362e-01 1.109606430449248810e-01 1.306054068435508753e-01 9.618387432076531962e-02 1.067263840404897718e-01 1.110822633731828463e-01 8.818185348758839082e-02
5.963491753263679140e-02 7.549776613939990222e-02 1.206359834219598581e-01 1.109606430449248810e-01 1.059572866380606715e-01 1.262143082724609955e-01 9.297761153027352121e-02 1.029939961147505190e-01 1.068012517624213897e-01 8.428224673386029708e-02
7.123577414043313905e-02 8.907508103839670288e-02 1.414454811376040788e-01 1.306054068435508753e-01 1.262143082724609955e-01 1.527950828382802217e-01 1.129407093383922034e-01 1.253089757013284011e-01 1.296837836719732240e-01 1.017587731336774548e-01
5.369062442127665868e-02 6.626061585152619171e-02 1.044424903434181540e-01 9.618387432076531962e-02 9.297761153027352121e-02 1.129407093383922034e-01 8.488745292209140536e-02 9.548746917487178909e-02 9.923268471122442813e-02 7.754533941640096018e-02
6.102845133401041400e-02 7.436159980337680997e-02 1.163373205950263556e-01 1.067263840404897718e-01 1.029939961147505190e-01 1.253089757013284011e-01 9.548746917487178909e-02 1.093656118345677497e-01 1.143599224148807020e-01 8.906914953170522176e-02
6.416056111703234699e-02 7.786696789991648382e-02 1.214878554153787787e-01 1.110822633731828463e-01 1.068012517624213897e-01 1.296837836719732240e-01 9.923268471122442813e-02 1.143599224148807020e-01 1.205437019271564797e-01 9.392844374376160821e-02
5.059792747366002874e-02 6.180532605857366746e-02 9.670776546337715718e-02 8.818185348758839082e-02 8.428224673386029708e-02 1.017587731336774548e-01 7.754533941640096018e-02 8.906914953170522176e-02 9.392844374376160821e-02 7.363742649525517603e-02
8.743313364571278501e-02 6.741422003866744117e-02 7.089035937441172386e-02 8.804305134455048254e-02 9.974757552273219585e-02 9.757996687673015090e-02 1.099485153571886503e-01 9.714341683401622740e-02 9.859044181768487902e-02 8.602281954165449940e-02
6.741422003866744117e-02 5.240312835444702055e-02 5.552942852534667462e-02 6.926899319159708635e-02 7.847931680854182412e-02 7.641943431957727573e-02 8.555560214568258548e-02 7.510938129522409801e-02 7.586809258310960036e-02 6.616159250779415912e-02
7.089035937441172386e-02 5.552942852534667462e-02 5.954191732594703301e-02 7.483218293425028533e-02 8.492311705826825763e-02 8.232572714755616305e-02 9.150140699877928885e-02 7.964808719022943573e-02 7.988074660713917474e-02 6.948983586675440416e-02
8.804305134455048254e-02 6.926899319159708635e-02 7.483218293425028533e-02 9.489877686949704794e-02 1.080786448057604043e-01 1.045719617932308054e-01 1.156738538234188263e-01 9.997979920998859016e-02 9.960860276812974479e-02 8.635517991007959915e-02
9.974757552273219585e-02 7.847931680854182412e-02 8.492311705826825763e-02 1.080786448057604043e-01 1.241580066021334694e-01 1.205427034976082612e-01 1.333409820125767975e-01 1.147421040970212081e-01 1.136927254859749770e-01 9.812218892947563442e-02
9.757996687673015090e-02 7.641943431957727573e-02 8.232572714755616305e-02 1.045719617932308054e-01 1.205427034976082612e-01 1.186457289351635636e-01 1.323190098825474670e-01 1.138373433559825842e-01 1.124140043506812181e-01 9.650054861917009563e-02
1.099485153571886503e-01 8.555560214568258548e-02 9.150140699877928885e-02 1.156738538234188263e-01 1.333409820125767975e-01 1.323190098825474670e-01 1.498485450701776966e-01 1.294728923740063875e-01 1.278462432291307127e-01 1.093054907264994213e-01
9.714341683401622740e-02 7.510938129522409801e-02 7.964808719022943573e-02 9.997979920998859016e-02 1.147421040970212081e-01 1.138373433559825842e-01 1.294728923740063875e-01 1.135804472969823564e-01 1.131068459957491890e-01 9.680248066715846367e-02
9.859044181768487902e-02 7.586809258310960036e-02 7.988074660713917474e-02 9.960860276812974479e-02 1.136927254859749770e-01 1.124140043506812181e-01 1.278462432291307127e-01 1.131068459957491890e-01 1.142141835432128327e-01 9.820784420867935405e-02
8.602281954165449940e-02 6.616159250779415912e-02 6.948983586675440416e-02 8.635517991007959915e-02 9.812218892947563442e-02 9.650054861917009563e-02 1.093054907264994213e-01 9.680248066715846367e-02 9.820784420867935405e-02 8.527613235672608372e-02
1.179576904571804641e-01 1.027266272863827379e-01 8.492614621346138148e-02 6.884154560522878774e-02 5.712925418200237582e-02 6.013964627544653163e-02 7.717183089091539383e-02 1.067480942542492622e-01 1.555984387889721987e-01 1.737003502569293423e-01
1.027266272863827379e-01 9.087446617013197891e-02 7.553864603054555316e-02 6.126468541172991333e-02 5.071418314674901867e-02 5.312949226636543010e-02 6.774891461203508269e-02 9.300842865138575499e-02 1.345064955074708468e-01 1.496084789723332586e-01
8.492614621346138148e-02 7.553864603054555316e-02 6.317693687927507240e-02 5.133421708890599511e-02 4.247877462616062028e-02 4.442138584964760301e-02 5.648122207853610577e-02 7.723650536857057380e-02 1.111930997301456420e-01 1.232743921840572521e-01
6.884154560522878774e-02 6.126468541172991333e-02 5.133421708890599511e-02 4.182862688664612527e-02 3.465719811805463568e-02 3.626030884645931041e-02 4.609059506063822864e-02 6.295032592468458033e-02 9.043306039667095564e-02 9.997954742055606414e-02
5.712925418200237582e-02 5.071418314674901867e-02 4.247877462616062028e-02 3.465719811805463568e-02 2.879432512915965081e-02 3.020281260254666089e-02 3.846376944954504884e-02 5.258026717924627058e-02 7.549783039958112008e-02 8.323128201509603918e-02
6.013964627544653163e-02 5.312949226636543010e-02 4.442138584964760301e-02 3.626030884645931041e-02 3.020281260254666089e-02 3.182031203795417790e-02 4.068391195859988319e-02 5.577106655932370649e-02 8.014648231327105299e-02 8.808167440080361121e-02
7.717183089091539383e-02 6.774891461203508269e-02 5.648122207853610577e-02 4.609059506063822864e-02 3.846376944954504884e-02 4.068391195859988319e-02 5.232470724654839089e-02 7.207172227028180167e-02 1.038167945859865549e-01 1.137695651983496314e-01
1.067480942542492622e-01 9.300842865138575499e-02 7.723650536857057380e-02 6.295032592468458033e-02 5.258026717924627058e-02 5.577106655932370649e-02 7.207172227028180167e-02 1.001116534100660316e-01 1.449754728837025497e-01 1.585753389740550690e-01
1.555984387889721987e-01 1.345064955074708468e-01 1.111930997301456420e-01 9.043306039667095564e-02 7.549783039958112008e-02 8.014648231327105299e-02 1.038167945859865549e-01 1.449754728837025497e-01 2.125741342030371683e-01 2.329275885271877566e-01
1.737003502569293423e-01 1.496084789723332586e-01 1.232743921840572521e-01 9.997954742055606414e-02 8.323128201509603918e-02 8.808167440080361121e-02 1.137695651983496314e-01 1.585753389740550690e-01 2.329275885271877566e-01 2.605371475800011827e-01
1.448165729610366159e-01 8.015903399148013864e-02 9.338154288516412049e-02 1.070340610972919104e-01 9.528577322497810975e-02 9.582983391322358324e-02 9.614626640074147579e-02 1.127388645361964981e-01 1.537717099919012065e-01 1.628383387878875044e-01
8.015903399148013864e-02 4.511805877916411078e-02 5.353277595618675944e-02 6.182474423393916063e-02 5.501123863835581662e-02 5.503267026699652786e-02 5.465028149720319722e-02 6.324778610024218983e-02 8.530394048855707845e-02 8.983371483568582117e-02
9.338154288516412049e-02 5.353277595618675944e-02 6.500532011731828541e-02 7.578552695865937994e-02 6.740708153698179994e-02 6.702282188478903002e-02 6.575412398146840420e-02 7.490446979017365003e-02 9.964455979961686638e-02 1.042377070163496011e-01
1.070340610972919104e-01 6.182474423393916063e-02 7.578552695865937994e-02 8.895559311501899380e-02 7.919588727279829043e-02 7.858384744458223048e-02 7.669016336243598964e-02 8.671441619891710750e-02 1.145628180871172408e-01 1.193657010761710879e-01
9.528577322497810975e-02 5.501123863835581662e-02 6.740708153698179994e-02 7.919588727279829043e-02 7.078439644935541342e-02 7.040650026191543065e-02 6.875883020372008936e-02 7.769549784156400130e-02 1.024758589455303237e-01 1.064839764084911794e-01
9.582983391322358324e-02 5.503267026699652786e-02 6.702282188478903002e-02 7.858384744458223048e-02 7.040650026191543065e-02 7.045913515393444071e-02 6.916823692708518045e-02 7.848270085272146535e-02 1.037030854389764389e-01 1.075351739733393791e-01
9.614626640074147579e-02 5.465028149720319722e-02 6.575412398146840420e-02 7.669016336243598964e-02 6.875883020372008936e-02 6.916823692708518045e-02 6.867991637445562680e-02 7.876564582178381679e-02 1.047651593901177403e-01 1.085431651612595028e-01
1.127388645361964981e-01 6.324778610024218983e-02 7.490446979017365003e-02 8.671441619891710750e-02 7.769549784156400130e-02 7.848270085272146535e-02 7.876564582178381679e-02 9.188627726605075319e-02 1.235926609354601885e-01 1.281410459581091843e-01
1.537717099919012065e-01 8.530394048855707845e-02 9.964455979961686638e-02 1.145628180871172408e-01 1.024758589455303237e-01 1.037030854389764389e-01 1.047651593901177403e-01 1.235926609354601885e-01 1.687908548170846401e-01 1.756088177659943517e-01
1.628383387878875044e-01 8.983371483568582117e-02 1.042377070163496011e-01 1.193657010761710879e-01 1.064839764084911794e-01 1.075351739733393791e-01 1.085431651612595028e-01 1.281410459581091843e-01 1.756088177659943517e-01 1.855038749665813280e-01
9.535556588081803286e-02 1.120999210093697601e-01 1.003219444336774652e-01 9.858828548837864081e-02 8.185243117998411422e-02 7.554783677352952531e-02 8.660739945384721139e-02 8.207848771039338853e-02 1.067193720092590170e-01 1.120079170358625753e-01
1.120999210093697601e-01 1.341326501038177521e-01 1.206278189669318102e-01 1.184585912255224638e-01 9.775698685740964733e-02 8.941107580712925884e-02 1.015976873401837483e-01 9.555606764093450833e-02 1.235774376165349048e-01 1.299759655977695827e-01
1.003219444336774652e-01 1.206278189669318102e-01 1.097968469371939648e-01 1.084154523649998036e-01 8.938711741544708156e-02 8.142147454045224608e-02 9.203579724750098057e-02 8.600580329996383722e-02 1.105842302597415810e-01 1.160370597530362702e-01
9.858828548837864081e-02 1.184585912255224638e-01 1.084154523649998036e-01 1.081318030717513118e-01 8.941593841673731169e-02 8.144510086930477344e-02 9.188436030628469031e-02 8.547950319763616966e-02 1.093738174449429557e-01 1.143101040490270143e-01
8.185243117998411422e-02 9.775698685740964733e-02 8.938711741544708156e-02 8.941593841673731169e-02 7.458507684450500774e-02 6.835607351858852265e-02 7.737645603959891760e-02 7.194257813619214792e-02 9.185082433727669027e-02 9.555462141896212125e-02
7.554783677352952531e-02 8.941107580712925884e-02 8.142147454045224608e-02 8.144510086930477344e-02 6.835607351858852265e-02 6.334704180366319826e-02 7.224522088729273817e-02 6.733936259020506521e-02 8.597020902178012514e-02 8.901613057871607393e-02
8.660739945384721139e-02 1.015976873401837483e-01 9.203579724750098057e-02 9.188436030628469031e-02 7.737645603959891760e-02 7.224522088729273817e-02 8.319322015724707475e-02 7.792485312600253011e-02 9.970782404931488596e-02 1.029125907173215476e-01
8.207848771039338853e-02 9.555606764093450833e-02 8.600580329996383722e-02 8.547950319763616966e-02 7.194257813619214792e-02 6.733936259020506521e-02 7.792485312600253011e-02 7.376872878765758368e-02 9.508321268776698254e-02 9.815117228368358537e-02
1.067193720092590170e-01 1.235774376165349048e-01 1.105842302597415810e-01 1.093738174449429557e-01 9.185082433727669027e-02 8.597020902178012514e-02 9.970782404931488596e-02 9.508321268776698254e-02 1.238098878824134275e-01 1.281108021248096307e-01
1.120079170358625753e-01 1.299759655977695827e-01 1.160370597530362702e-01 1.143101040490270143e-01 9.555462141896212125e-02 8.901613057871607393e-02 1.029125907173215476e-01 9.815117228368358537e-02 1.281108021248096307e-01 1.338791785309328963e-01
4.685998508519990946e-02 6.518727570137429483e-02 9.391500888830681126e-02 1.219027455419347677e-01 9.064296078976422089e-02 5.859310771644624105e-02 3.854459713087267370e-02 2.779204009403867665e-02 1.982463130327467501e-02 2.948929849058441743e-02
6.518727570137429483e-02 9.106705968226946890e-02 1.316147968579344796e-01 1.708392640515086769e-01 1.265286509833980499e-01 8.158051248449740833e-02 5.359427389412052545e-02 3.861924555192230296e-02 2.754526234029157361e-02 4.098184591415170164e-02
9.391500888830681126e-02 1.316147968579344796e-01 1.922933193802854046e-01 2.508060800921759759e-01 1.846269708010246369e-01 1.184604238958602285e-01 7.758041345971783409e-02 5.578988236423647329e-02 3.972921803258559759e-02 5.903984787023032477e-02
1.219027455419347677e-01 1.708392640515086769e-01 2.508060800921759759e-01 3.347435493144979013e-01 2.451520695577066034e-01 1.562907420887349463e-01 1.018727171098661594e-01 7.300234845745721957e-02 5.181033496291669038e-02 7.676251638639097763e-02
9.064296078976422089e-02 1.265286509833980499e-01 1.846269708010246369e-01 2.451520695577066034e-01 1.832801567218558247e-01 1.172292690314847008e-01 7.637812884295958060e-02 5.465894428737821248e-02 3.870636723453646511e-02 5.721117028737627425e-02
5.859310771644624105e-02 8.158051248449740833e-02 1.184604238958602285e-01 1.562907420887349463e-01 1.172292690314847008e-01 7.562549240601110223e-02 4.940576649444762547e-02 3.538559758774480202e-02 2.505549390546862876e-02 3.701764361494983002e-02
3.854459713087267370e-02 5.359427389412052545e-02 7.758041345971783409e-02 1.018727171098661594e-01 7.637812884295958060e-02 4.940576649444762547e-02 3.239825544460449985e-02 2.324424852213002185e-02 1.647405886829582389e-02 2.435384172630491312e-02
2.779204009403867665e-02 3.861924555192230296e-02 5.578988236423647329e-02 7.300234845745721957e-02 5.465894428737821248e-02 3.538559758774480202e-02 2.324424852213002185e-02 1.671002660550678295e-02 1.186011900195087926e-02 1.755316586772601856e-02
1.982463130327467501e-02 2.754526234029157361e-02 3.972921803258559759e-02 5.181033496291669038e-02 3.870636723453646511e-02 2.505549390546862876e-02 1.647405886829582389e-02 1.186011900195087926e-02 8.435967771941631221e-03 1.250906727687000827e-02
2.948929849058441743e-02 4.098184591415170164e-02 5.903984787023032477e-02 7.676251638639097763e-02 5.721117028737627425e-02 3.701764361494983002e-02 2.435384172630491312e-02 1.755316586772601856e-02 1.250906727687000827e-02 1.858618758782773495e-02
1.814658573148363041e-01 1.619428916837805377e-01 1.351979422467184111e-01 1.146205896326208118e-01 1.062605937954210766e-01 1.105816910938702269e-01 1.206925422093115818e-01 9.841588436331917544e-02 1.095079394738996820e-01 1.490846203835848316e-01
1.619428916837805377e-01 1.466092346288761505e-01 1.231117349638148617e-01 1.045127649564590588e-01 9.678353771423239826e-02 1.004755310244698358e-01 1.093172971298857765e-01 8.871001442365294976e-02 9.809355978746109317e-02 1.329395111800678597e-01
1.351979422467184111e-01 1.231117349638148617e-01 1.049847637037983894e-01 8.989621623328797329e-02 8.360215557015847343e-02 8.684823187747622852e-02 9.424886489412719059e-02 7.590676238647584007e-02 8.302562922509700016e-02 1.114827112786692942e-01
1.146205896326208118e-01 1.045127649564590588e-01 8.989621623328797329e-02 7.807648168011632750e-02 7.324003268939593969e-02 7.636560055794749946e-02 8.279176767034446272e-02 6.618735451776346090e-02 7.157370346598486421e-02 9.512741200899350880e-02
1.062605937954210766e-01 9.678353771423239826e-02 8.360215557015847343e-02 7.324003268939593969e-02 6.948377354841497877e-02 7.288124452395897124e-02 7.907968558689776328e-02 6.287058983458088113e-02 6.736442096748106179e-02 8.875388124513097776e-02
1.105816910938702269e-01 1.004755310244698358e-01 8.684823187747622852e-02 7.636560055794749946e-02 7.288124452395897124e-02 7.699651605132362686e-02 8.375764194147782005e-02 6.642092484184433654e-02 7.081150660206242398e-02 9.280064884167261996e-02
1.206925422093115818e-01 1.093172971298857765e-01 9.424886489412719059e-02 8.279176767034446272e-02 7.907968558689776328e-02 8.375764194147782005e-02 9.152551636374559041e-02 7.267158165308904016e-02 7.750472792581972192e-02 1.015010640991881735e-01
9.841588436331917544e-02 8.871001442365294976e-02 7.590676238647584007e-02 6.618735451776346090e-02 6.287058983458088113e-02 6.642092484184433654e-02 7.267158165308904016e-02 5.820119501296981690e-02 6.267897864728502744e-02 8.264050726393545876e-02
1.095079394738996820e-01 9.809355978746109317e-02 8.302562922509700016e-02 7.157370346598486421e-02 6.736442096748106179e-02 7.081150660206242398e-02 7.750472792581972192e-02 6.267897864728502744e-02 6.864468969870154980e-02 9.160495686094002887e-02
1.490846203835848316e-01 1.329395111800678597e-01 1.114827112786692942e-01 9.512741200899350880e-02 8.875388124513097776e-02 9.280064884167261996e-02 1.015010640991881735e-01 8.264050726393545876e-02 9.160495686094002887e-02 1.240119719972174184e-01
8.968177678276459397e-02 7.329219251491742027e-02 7.700280432719334989e-02 8.434269399306841553e-02 6.837557166916823082e-02 7.377301409665740217e-02 8.024960037177440719e-02 1.459839102800922217e-01 9.876376338955721035e-02 9.898143145390615738e-02
7.329219251491742027e-02 6.043887412997397957e-02 6.384338883752802007e-02 6.999936749625708388e-02 5.650066051656228716e-02 6.046963549416359274e-02 6.507268629873051713e-02 1.175109570812213067e-01 7.974512030950196839e-02 8.033942323728099355e-02
7.700280432719334989e-02 6.384338883752802007e-02 6.785515944113693076e-02 7.455879882735494402e-02 6.005565440896461216e-02 6.397988060409486033e-02 6.839071434628042623e-02 1.229247685540614810e-01 8.342546406621770272e-02 8.413851109922454441e-02
8.434269399306841553e-02 6.999936749625708388e-02 7.455879882735494402e-02 8.219942747416358886e-02 6.628832325618956578e-02 7.066612833197813415e-02 7.551890518301329625e-02 1.356824090749765011e-01 9.180009456375176624e-02 9.226423077946652174e-02
6.837557166916823082e-02 5.650066051656228716e-02 6.005565440896461216e-02 6.628832325618956578e-02 5.385391129642702612e-02 5.795493090293136335e-02 6.254038514537771376e-02 1.130501762346948214e-01 7.582426234981649860e-02 7.535940907717746107e-02
7.377301409665740217e-02 6.046963549416359274e-02 6.397988060409486033e-02 7.066612833197813415e-02 5.795493090293136335e-02 6.345151741936917722e-02 6.971938598610327720e-02 1.274608386309649677e-01 8.433824721881616471e-02 8.233712115750535521e-02
8.024960037177440719e-02 6.507268629873051713e-02 6.839071434628042623e-02 7.551890518301329625e-02 6.254038514537771376e-02 6.971938598610327720e-02 7.870543965237837558e-02 1.463338115162971242e-01 9.525310454363003498e-02 9.099234747928991451e-02
1.459839102800922217e-01 1.175109570812213067e-01 1.229247685540614810e-01 1.356824090749765011e-01 1.130501762346948214e-01 1.274608386309649677e-01 1.463338115162971242e-01 2.761529590565149905e-01 1.776977172547953843e-01 1.672849180928553670e-01
9.876376338955721035e-02 7.974512030950196839e-02 8.342546406621770272e-02 9.180009456375176624e-02 7.582426234981649860e-02 8.433824721881616471e-02 9.525310454363003498e-02 1.776977172547953843e-01 1.168101459684529886e-01 1.121400353575962711e-01
9.898143145390615738e-02 8.033942323728099355e-02 8.413851109922454441e-02 9.226423077946652174e-02 7.535940907717746107e-02 8.233712115750535521e-02 9.099234747928991451e-02 1.672849180928553670e-01 1.121400353575962711e-01 1.108507887788183904e-01
1.274169431862660073e-01 1.035548761907390120e-01 8.088710315632378911e-02 1.161666662638776160e-01 9.614850311371078706e-02 9.281584932121743348e-02 1.094775132520173777e-01 1.339272506880654356e-01 1.258757167945686595e-01 9.957565475394364318e-02
1.035548761907390120e-01 8.486992417494268470e-02 6.670303916236015873e-02 9.619019288098454301e-02 7.941519380974795816e-02 7.621989909866921931e-02 8.931105044128623272e-02 1.086930779633596134e-01 1.019396118382857042e-01 8.074242736218122107e-02
8.088710315632378911e-02 6.670303916236015873e-02 5.314959773760805084e-02 7.740644351466088868e-02 6.386832649354909353e-02 6.101179107865212226e-02 7.102646761069170145e-02 8.588580769104783852e-02 8.011172365786752014e-02 6.320871126661634087e-02
1.161666662638776160e-01 9.619019288098454301e-02 7.740644351466088868e-02 1.138296980963534599e-01 9.394341739603656594e-02 8.949068113569466631e-02 1.037222650292107112e-01 1.248157783959239486e-01 1.158634191227932153e-01 9.103339926802903048e-02
9.614850311371078706e-02 7.941519380974795816e-02 6.386832649354909353e-02 9.394341739603656594e-02 7.812457174610519528e-02 7.495601430724363468e-02 8.731241399044184504e-02 1.051960132141090409e-01 9.727819670158913135e-02 7.585918113074535674e-02
9.281584932121743348e-02 7.621989909866921931e-02 6.101179107865212226e-02 8.949068113569466631e-02 7.495601430724363468e-02 7.299297295526105400e-02 8.601832465514368253e-02 1.041410606721779736e-01 9.590600637595571298e-02 7.398658298809492051e-02
1.094775132520173777e-01 8.931105044128623272e-02 7.102646761069170145e-02 1.037222650292107112e-01 8.731241399044184504e-02 8.601832465514368253e-02 1.029565193560328107e-01 1.255933301222992848e-01 1.153563563923092339e-01 8.812194320540940595e-02
1.339272506880654356e-01 1.086930779633596134e-01 8.588580769104783852e-02 1.248157783959239486e-01 1.051960132141090409e-01 1.041410606721779736e-01 1.255933301222992848e-01 1.549666374863839513e-01 1.425161068417558907e-01 1.083600618296943902e-01
1.258757167945686595e-01 1.019396118382857042e-01 8.011172365786752014e-02 1.158634191227932153e-01 9.727819670158913135e-02 9.590600637595571298e-02 1.153563563923092339e-01 1.425161068417558907e-01 1.326021101608516606e-01 1.014344272140044051e-01
9.957565475394364318e-02 8.074242736218122107e-02 6.320871126661634087e-02 9.103339926802903048e-02 7.585918113074535674e-02 7.398658298809492051e-02 8.812194320540940595e-02 1.083600618296943902e-01 1.014344272140044051e-01 7.909102510019511145e-02
1.425656816703113616e-01 1.072648895585165546e-01 7.836915992056672775e-02 5.901380041241387209e-02 5.234052778257033273e-02 6.821358855580281211e-02 1.150278519046218917e-01 1.519471575938720898e-01 1.461419470397556652e-01 1.732550679129374049e-01
1.072648895585165546e-01 8.134481101652463186e-02 5.958200425148606205e-02 4.488760019700160919e-02 3.979181345097149158e-02 5.181261201235258518e-02 8.727954722550440581e-02 1.150094109061592373e-01 1.100773111164183027e-01 1.299523314844811261e-01
7.836915992056672775e-02 5.958200425148606205e-02 4.384719424136266502e-02 3.312678384364639572e-02 2.943658777767992063e-02 3.839860754448864988e-02 6.472543981859117668e-02 8.514491225907164229e-02 8.100873242896794446e-02 9.504658324090432819e-02
5.901380041241387209e-02 4.488760019700160919e-02 3.312678384364639572e-02 2.514475797670593857e-02 2.245022184347875149e-02 2.940349138270255749e-02 4.966391872579273975e-02 6.525587236385840817e-02 6.165807836227539529e-02 7.179078528129875791e-02
5.234052778257033273e-02 3.979181345097149158e-02 2.943658777767992063e-02 2.245022184347875149e-02 2.019027090928310689e-02 2.661385290934121378e-02 4.511035545779205902e-02 5.922419393682763072e-02 5.548330086024671343e-02 6.396984890432291793e-02
6.821358855580281211e-02 5.181261201235258518e-02 3.839860754448864988e-02 2.940349138270255749e-02 2.661385290934121378e-02 3.532933657120003457e-02 6.012688907730856513e-02 7.891139693692653112e-02 7.333902413489243322e-02 8.376600620197605096e-02
1.150278519046218917e-01 8.727954722550440581e-02 6.472543981859117668e-02 4.966391872579273975e-02 4.511035545779205902e-02 6.012688907730856513e-02 1.027559235384705588e-01 1.349560759882778294e-01 1.248234917145576717e-01 1.417295019682381640e-01
1.519471575938720898e-01 1.150094109061592373e-01 8.514491225907164229e-02 6.525587236385840817e-02 5.922419393682763072e-02 7.891139693692653112e-02 1.349560759882778294e-01 1.785442854398521795e-01 1.654080363436090939e-01 1.877240544365287589e-01
1.461419470397556652e-01 1.100773111164183027e-01 8.100873242896794446e-02 6.165807836227539529e-02 5.548330086024671343e-02 7.333902413489243322e-02 1.248234917145576717e-01 1.654080363436090939e-01 1.567232984894298409e-01 1.805957443462990197e-01
1.732550679129374049e-01 1.299523314844811261e-01 9.504658324090432819e-02 7.179078528129875791e-02 6.396984890432291793e-02 8.376600620197605096e-02 1.417295019682381640e-01 1.877240544365287589e-01 1.805957443462990197e-01 2.135544401468595643e-01
1.476212065592583111e-01 1.590090201408389525e-01 1.668487534103867131e-01 1.409473448232664849e-01 1.016064201255526267e-01 8.326711296539372753e-02 8.013204491522857298e-02 8.839824975560850451e-02 7.834012219821416545e-02 9.879365515516320972e-02
1.590090201408389525e-01 1.739733223914268212e-01 1.838481621668621724e-01 1.549804263568956286e-01 1.111141755548636090e-01 9.050504704852556370e-02 8.664854240861924461e-02 9.526759804047776892e-02 8.429174695254532113e-02 1.062214491600426136e-01
1.668487534103867131e-01 1.838481621668621724e-01 1.983253277796465652e-01 1.677580485138711608e-01 1.198320648777204123e-01 9.707203194217961517e-02 9.243125823818013065e-02 1.011687897636389388e-01 8.910548485335291480e-02 1.117413963715772202e-01
1.409473448232664849e-01 1.549804263568956286e-01 1.677580485138711608e-01 1.440461808415722800e-01 1.032350207629211397e-01 8.363907728626505944e-02 7.952290205083555052e-02 8.681909346799060456e-02 7.610656912636862281e-02 9.486517837665692232e-02
1.016064201255526267e-01 1.111141755548636090e-01 1.198320648777204123e-01 1.032350207629211397e-01 7.471072294121580692e-02 6.086460249741010298e-02 5.802229889918057715e-02 6.335375126137757218e-02 5.537004942302053978e-02 6.870185686432367378e-02
8.326711296539372753e-02 9.050504704852556370e-02 9.707203194217961517e-02 8.363907728626505944e-02 6.086460249741010298e-02 5.000005969513669768e-02 4.789986737608215028e-02 5.239131211962967660e-02 4.570926189279954366e-02 5.652448957421170317e-02
8.013204491522857298e-02 8.664854240861924461e-02 9.243125823818013065e-02 7.952290205083555052e-02 5.802229889918057715e-02 4.789986737608215028e-02 4.615632090004467836e-02 5.062560834481150129e-02 4.416083762073474972e-02 5.452998246660104020e-02
8.839824975560850451e-02 9.526759804047776892e-02 1.011687897636389388e-01 8.681909346799060456e-02 6.335375126137757218e-02 5.239131211962967660e-02 5.062560834481150129e-02 5.572420201206445406e-02 4.868729569501790977e-02 6.017659953856389909e-02
7.834012219821416545e-02 8.429174695254532113e-02 8.910548485335291480e-02 7.610656912636862281e-02 5.537004942302053978e-02 4.570926189279954366e-02 4.416083762073474972e-02 4.868729569501790977e-02 4.277510344825791178e-02 5.316327842503366929e-02
9.879365515516320972e-02 1.062214491600426136e-01 1.117413963715772202e-01 9.486517837665692232e-02 6.870185686432367378e-02 5.652448957421170317e-02 5.452998246660104020e-02 6.017659953856389909e-02 5.316327842503366929e-02 6.666755343137663326e-02
2.587906816833777102e-01 1.932339023165524083e-01 1.312847871114724008e-01 1.132047019998885240e-01 8.481491324014849009e-02 8.244187475780295760e-02 7.941591066784824127e-02 1.352169287828335897e-01 1.867223879142209664e-01 2.071885376628721520e-01
1.932339023165524083e-01 1.465193111872577780e-01 9.996116183652435649e-02 8.629964201130504997e-02 6.458180524050390059e-02 6.263049390686038775e-02 6.011453776082088807e-02 1.020145176582384489e-01 1.403607364310490713e-01 1.550527245541338806e-01
1.312847871114724008e-01 9.996116183652435649e-02 6.889634428344355854e-02 5.980668135883333847e-02 4.481865444290494827e-02 4.345979617054526734e-02 4.164364807024302506e-02 7.053269115812541012e-02 9.669724716177233170e-02 1.060576764752331758e-01
1.132047019998885240e-01 8.629964201130504997e-02 5.980668135883333847e-02 5.226561100169153928e-02 3.926211303801445396e-02 3.811021494381186536e-02 3.650247746682803995e-02 6.177019609172869352e-02 8.445194123552884902e-02 9.203856815214299381e-02
8.481491324014849009e-02 6.458180524050390059e-02 4.481865444290494827e-02 3.926211303801445396e-02 2.959468734202127388e-02 2.879674398950269124e-02 2.762432487751601690e-02 4.678448022318475175e-02 6.388965877264859983e-02 6.931405655286365652e-02
8.244187475780295760e-02 6.263049390686038775e-02 4.345979617054526734e-02 3.811021494381186536e-02 2.879674398950269124e-02 2.811723314823515521e-02 2.705071220044287517e-02 4.590380483288904884e-02 6.266824167249225586e-02 6.771778906799093278e-02
7.941591066784824127e-02 6.011453776082088807e-02 4.164364807024302506e-02 3.650247746682803995e-02 2.762432487751601690e-02 2.705071220044287517e-02 2.615385900704623318e-02 4.455035723398392822e-02 6.088006730902688346e-02 6.556496937456504637e-02
1.352169287828335897e-01 1.020145176582384489e-01 7.053269115812541012e-02 6.177019609172869352e-02 4.678448022318475175e-02 4.590380483288904884e-02 4.455035723398392822e-02 7.619988829695054089e-02 1.042912884627340692e-01 1.120664795970794381e-01
1.867223879142209664e-01 1.403607364310490713e-01 9.669724716177233170e-02 8.445194123552884902e-02 6.388965877264859983e-02 6.266824167249225586e-02 6.088006730902688346e-02 1.042912884627340692e-01 1.436239359525270931e-01 1.547499084657803781e-01
2.071885376628721520e-01 1.550527245541338806e-01 1.060576764752331758e-01 9.203856815214299381e-02 6.931405655286365652e-02 6.771778906799093278e-02 6.556496937456504637e-02 1.120664795970794381e-01 1.547499084657803781e-01 1.698384480974494681e-01
1.443792014122940726e-01 1.283882338865490191e-01 1.216033090793801619e-01 1.107552116025035394e-01 7.982493682286449788e-02 8.272953199067231700e-02 9.476801719649860511e-02 1.243854719342913362e-01 1.103476195818952066e-01 1.574756760318612447e-01
1.283882338865490191e-01 1.161826406867710326e-01 1.110094011163119676e-01 1.012296004405053296e-01 7.262820598951939821e-02 7.474672324188083583e-02 8.501420923352559500e-02 1.109062824207515535e-01 9.783924680862994550e-02 1.390129236955164049e-01
1.216033090793801619e-01 1.110094011163119676e-01 1.074922460415359271e-01 9.844700805127698517e-02 7.050572810918911970e-02 7.228002249373326193e-02 8.180622417400559843e-02 1.061844354483466313e-01 9.304343636227445369e-02 1.314007134215526840e-01
1.107552116025035394e-01 1.012296004405053296e-01 9.844700805127698517e-02 9.083190315042719010e-02 6.518729622630851928e-02 6.688648014052152313e-02 7.564074137820042676e-02 9.796794486376929345e-02 8.537900531719554154e-02 1.199210494945665423e-01
7.982493682286449788e-02 7.262820598951939821e-02 7.050572810918911970e-02 6.518729622630851928e-02 4.711923881098190742e-02 4.867193769889116561e-02 5.526174419445635533e-02 7.164774661641480635e-02 6.218001051952198877e-02 8.690264965548043230e-02
8.272953199067231700e-02 7.474672324188083583e-02 7.228002249373326193e-02 6.688648014052152313e-02 4.867193769889116561e-02 5.078152866704066515e-02 5.804175303809253755e-02 7.545787533146502968e-02 6.523517715790105864e-02 9.071114683171679904e-02
9.476801719649860511e-02 8.501420923352559500e-02 8.180622417400559843e-02 7.564074137820042676e-02 5.526174419445635533e-02 5.804175303809253755e-02 6.688801067852020998e-02 8.734443731202794214e-02 7.540297219242063365e-02 1.045631229415620311e-01
1.243854719342913362e-01 1.109062824207515535e-01 1.061844354483466313e-01 9.796794486376929345e-02 7.164774661641480635e-02 7.545787533146502968e-02 8.734443731202794214e-02 1.148101476291097378e-01 9.931083047603700420e-02 1.378179600725790432e-01
1.103476195818952066e-01 9.783924680862994550e-02 9.304343636227445369e-02 8.537900531719554154e-02 6.218001051952198877e-02 6.523517715790105864e-02 7.540297219242063365e-02 9.931083047603700420e-02 8.714588159980900250e-02 1.223210299568349008e-01
1.574756760318612447e-01 1.390129236955164049e-01 1.314007134215526840e-01 1.199210494945665423e-01 8.690264965548043230e-02 9.071114683171679904e-02 1.045631229415620311e-01 1.378179600725790432e-01 1.223210299568349008e-01 1.743692013235103311e-01
1.189827680769640628e-01 1.223242260219665201e-01 1.369406823144473928e-01 9.631279038990234187e-02 1.073478090758109293e-01 1.036851000662460942e-01 8.710003749067835033e-02 7.739642234236324136e-02 8.763278860737513942e-02 1.144193251431259162e-01
1.223242260219665201e-01 1.277374557444050374e-01 1.441178423863549163e-01 1.010135721780616447e-01 1.120241838941160029e-01 1.076606437653765402e-01 8.998138627553556312e-02 7.953065754229515782e-02 8.965246346396793520e-02 1.169042372007566694e-01
1.369406823144473928e-01 1.441178423863549163e-01 1.649107941081384143e-01 1.157382178716144377e-01 1.283397713969033627e-01 1.229993504646798019e-01 1.023039709257190788e-01 8.983302533376466559e-02 1.006099597365257003e-01 1.306856150605698597e-01
9.631279038990234187e-02 1.010135721780616447e-01 1.157382178716144377e-01 8.255012982565787527e-02 9.277383027869480492e-02 8.924205318543222687e-02 7.402376511683259053e-02 6.455557008880072334e-02 7.168877365168871418e-02 9.244521644105233027e-02
1.073478090758109293e-01 1.120241838941160029e-01 1.283397713969033627e-01 9.277383027869480492e-02 1.061181361755821478e-01 1.026458168246605213e-01 8.497900673467173593e-02 7.363237124419508284e-02 8.107763767449543968e-02 1.037502422288380383e-01
1.036851000662460942e-01 1.076606437653765402e-01 1.229993504646798019e-01 8.924205318543222687e-02 1.026458168246605213e-01 1.000761710920004127e-01 8.301203665303563684e-02 7.186357195674621112e-02 7.893346803134304590e-02 1.006766287102124069e-01
8.710003749067835033e-02 8.998138627553556312e-02 1.023039709257190788e-01 7.402376511683259053e-02 8.497900673467173593e-02 8.301203665303563684e-02 6.930715908105067324e-02 6.028341072971264702e-02 6.643130298187388538e-02 8.480254293614647443e-02
7.739642234236324136e-02 7.953065754229515782e-02 8.983302533376466559e-02 6.455557008880072334e-02 7.363237124419508284e-02 7.186357195674621112e-02 6.028341072971264702e-02 5.295535199098211354e-02 5.884721668667974165e-02 7.545069747132901461e-02
8.763278860737513942e-02 8.965246346396793520e-02 1.006099597365257003e-01 7.168877365168871418e-02 8.107763767449543968e-02 7.893346803134304590e-02 6.643130298187388538e-02 5.884721668667974165e-02 6.615720934262804553e-02 8.540444809390716763e-02
1.144193251431259162e-01 1.169042372007566694e-01 1.306856150605698597e-01 9.244521644105233027e-02 1.037502422288380383e-01 1.006766287102124069e-01 8.480254293614647443e-02 7.545069747132901461e-02 8.540444809390716763e-02 1.112048245625912452e-01
1.103008857418205368e-01 1.117076711517711735e-01 9.440088777141442122e-02 8.938618272054921210e-02 1.022409954618096195e-01 1.022060369940074875e-01 9.826891233239723467e-02 1.093161055112572000e-01 1.069814198819817874e-01 9.766314862608313496e-02
1.117076711517711735e-01 1.141536346020166626e-01 9.672618019987520854e-02 9.157661935809244258e-02 1.045363893551981282e-01 1.040762261239251002e-01 9.953227281212007060e-02 1.102059320710215701e-01 1.076629115762569311e-01 9.846664934861083796e-02
9.440088777141442122e-02 9.672618019987520854e-02 8.278882864806619279e-02 7.897393518122508560e-02 9.050871826432166367e-02 9.002334155024538376e-02 8.569499224159239648e-02 9.432380125674610927e-02 9.162380036906951630e-02 8.341207536429449954e-02
8.938618272054921210e-02 9.157661935809244258e-02 7.897393518122508560e-02 7.637394954807540104e-02 8.829472547125329085e-02 8.796548116093599878e-02 8.343730259009327077e-02 9.127248444554197926e-02 8.798071290227402197e-02 7.945339398091014194e-02
1.022409954618096195e-01 1.045363893551981282e-01 9.050871826432166367e-02 8.829472547125329085e-02 1.032377026710742385e-01 1.032728907460433443e-01 9.786493834825618632e-02 1.066382723267477739e-01 1.021258446228808930e-01 9.149280044851261506e-02
1.022060369940074875e-01 1.040762261239251002e-01 9.002334155024538376e-02 8.796548116093599878e-02 1.032728907460433443e-01 1.042893379826661526e-01 9.929482350181943751e-02 1.083195697068658481e-01 1.034019194217150051e-01 9.205343544895988606e-02
9.826891233239723467e-02 9.953227281212007060e-02 8.569499224159239648e-02 8.343730259009327077e-02 9.786493834825618632e-02 9.929482350181943751e-02 9.566578883426207769e-02 1.050993788079285784e-01 1.003817712699958675e-01 8.900018896502975840e-02
1.093161055112572000e-01 1.102059320710215701e-01 9.432380125674610927e-02 9.127248444554197926e-02 1.066382723267477739e-01 1.083195697068658481e-01 1.050993788079285784e-01 1.168425157927054092e-01 1.120770622816498752e-01 9.929857847888672040e-02
1.069814198819817874e-01 1.076629115762569311e-01 9.162380036906951630e-02 8.798071290227402197e-02 1.021258446228808930e-01 1.034019194217150051e-01 1.003817712699958675e-01 1.120770622816498752e-01 1.087173860185712826e-01 9.690773608280249529e-02
9.766314862608313496e-02 9.846664934861083796e-02 8.341207536429449954e-02 7.945339398091014194e-02 9.149280044851261506e-02 9.205343544895988606e-02 8.900018896502975840e-02 9.929857847888672040e-02 9.690773608280249529e-02 8.762997016074222656e-02
