2.909329445325116725e-01 2.150634414888580592e-01 1.095063955090783830e-01 1.892048855439648972e-02 -4.685447335433002430e-02 -6.312975474169467416e-02 -4.967117082867417849e-02 1.909172099919571527e-02 1.081447647018535796e-01 2.134870055622710705e-01
2.150634414888580592e-01 3.661402633853711452e-01 2.119975136333175081e-01 1.127594914482367844e-01 3.046791662338319689e-02 -3.048349198411712951e-02 -6.334099557655051282e-02 -5.102482928769493803e-02 1.307820198760264487e-02 1.080435817171360030e-01
1.095063955090783830e-01 2.119975136333175081e-01 2.877186056153669957e-01 2.094772777015441456e-01 1.196374622080695893e-01 4.710663441976210841e-02 -2.343473645982966508e-02 -6.060351966362394899e-02 -5.147733518423867199e-02 9.860217199141232264e-03
1.892048855439648972e-02 1.127594914482367844e-01 2.094772777015441456e-01 2.710337121194597021e-01 2.038476772527535730e-01 1.198165107188417233e-01 4.726553902169997740e-02 -2.830107313788693402e-02 -6.628938439271812866e-02 -5.503948455651443833e-02
-4.685447335433002430e-02 3.046791662338319689e-02 1.196374622080695893e-01 2.038476772527535730e-01 2.832733613503770065e-01 2.011838553365661864e-01 1.211717721675530102e-01 3.724746480617631417e-02 -4.334523884428122947e-02 -7.318377112322595190e-02
-6.312975474169467416e-02 -3.048349198411712951e-02 4.710663441976210841e-02 1.198165107188417233e-01 2.011838553365661864e-01 2.430892055991780154e-01 2.042692277399778822e-01 1.135982452937294856e-01 2.503670987093023492e-02 -4.678266296766099563e-02
-4.967117082867417849e-02 -6.334099557655051282e-02 -2.343473645982966508e-02 4.726553902169997740e-02 1.211717721675530102e-01 2.042692277399778822e-01 3.174572881009439240e-01 2.148782578483330319e-01 1.154546172313754004e-01 1.795515113525842851e-02
1.909172099919571527e-02 -5.102482928769493803e-02 -6.060351966362394899e-02 -2.830107313788693402e-02 3.724746480617631417e-02 1.135982452937294856e-01 2.148782578483330319e-01 3.181014033972768273e-01 2.170698227147041526e-01 1.121880382999301123e-01
1.081447647018535796e-01 1.307820198760264487e-02 -5.147733518423867199e-02 -6.628938439271812866e-02 -4.334523884428122947e-02 2.503670987093023492e-02 1.154546172313754004e-01 2.170698227147041526e-01 3.005114991857829598e-01 2.107772211594731715e-01
2.134870055622710705e-01 1.080435817171360030e-01 9.860217199141232264e-03 -5.503948455651443833e-02 -7.318377112322595190e-02 -4.678266296766099563e-02 1.795515113525842851e-02 1.121880382999301123e-01 2.107772211594731715e-01 3.217417167137316403e-01
2.277534485557342614e-01 1.897052226740993941e-01 1.152859006219484200e-01 3.710782946348537004e-02 -4.175341698543476310e-02 -6.958818663843888142e-02 -4.451914895545966422e-02 2.718139800645114068e-02 1.158932893121394636e-01 1.974565057111057897e-01
1.897052226740993941e-01 2.601392258313848238e-01 2.143608362498297115e-01 1.223407804869610510e-01 2.145057463451109647e-02 -5.226846374490505542e-02 -6.694179227800085841e-02 -3.908926375831785205e-02 3.864520975872999531e-02 1.133834939254024510e-01
1.152859006219484200e-01 2.143608362498297115e-01 3.630803146187909780e-01 2.148492140599397582e-01 1.046767973167459231e-01 8.750017529212969145e-03 -4.690544271996594655e-02 -6.356089509079285160e-02 -3.157747631838880853e-02 3.767679268849082053e-02
3.710782946348537004e-02 1.223407804869610510e-01 2.148492140599397582e-01 3.021473126041186452e-01 2.100576558634819624e-01 1.079827071292118190e-01 2.745544926764531546e-02 -4.042171096842289701e-02 -5.804546732023636857e-02 -3.266461185611096996e-02
-4.175341698543476310e-02 2.145057463451109647e-02 1.046767973167459231e-01 2.100576558634819624e-01 2.756410358716776532e-01 2.111503401131866742e-01 1.171398800959802255e-01 3.192624180532022821e-02 -4.279210109887009172e-02 -6.662574013228245162e-02
-6.958818663843888142e-02 -5.226846374490505542e-02 8.750017529212969145e-03 1.079827071292118190e-01 2.111503401131866742e-01 3.629001280813303199e-01 2.080351585511112655e-01 1.107368363976397319e-01 1.424245837873570897e-02 -5.214168667612559260e-02
-4.451914895545966422e-02 -6.694179227800085841e-02 -4.690544271996594655e-02 2.745544926764531546e-02 1.171398800959802255e-01 2.080351585511112655e-01 2.457535063017343147e-01 2.037593817262007279e-01 1.022589547036689278e-01 2.094447754947522528e-02
2.718139800645114068e-02 -3.908926375831785205e-02 -6.356089509079285160e-02 -4.042171096842289701e-02 3.192624180532022821e-02 1.107368363976397319e-01 2.037593817262007279e-01 3.161043334295580709e-01 2.144967202129539618e-01 1.230191562151748685e-01
1.158932893121394636e-01 3.864520975872999531e-02 -3.157747631838880853e-02 -5.804546732023636857e-02 -4.279210109887009172e-02 1.424245837873570897e-02 1.022589547036689278e-01 2.144967202129539618e-01 3.375410348858478571e-01 2.224611711748593623e-01
1.974565057111057897e-01 1.133834939254024510e-01 3.767679268849082053e-02 -3.266461185611096996e-02 -6.662574013228245162e-02 -5.214168667612559260e-02 2.094447754947522528e-02 1.230191562151748685e-01 2.224611711748593623e-01 3.089396598198235200e-01
3.304495899340824661e-01 2.080897569093981270e-01 1.173709060597472875e-01 3.378356584198116686e-02 -3.686131484021876181e-02 -6.679001232310403935e-02 -4.769659968597100841e-02 2.316267539253337102e-02 1.169146094617349585e-01 2.142744170950220961e-01
2.080897569093981270e-01 2.584734245455169166e-01 2.020482758402546986e-01 1.142462090416179465e-01 3.392126182713896265e-02 -4.223805241495896812e-02 -6.821118897826075611e-02 -4.368421379176164188e-02 3.066412852856126997e-02 1.180993477450935636e-01
1.173709060597472875e-01 2.020482758402546986e-01 2.786965606441866306e-01 2.105290881959411553e-01 1.198771922284865288e-01 2.627202704739681205e-02 -4.781234455313178311e-02 -6.682974414431566701e-02 -3.776499605816280303e-02 3.763272643773182824e-02
3.378356584198116686e-02 1.142462090416179465e-01 2.105290881959411553e-01 3.115830510496654382e-01 2.166852846038203884e-01 1.138207537466924824e-01 1.768280831261796748e-02 -4.985324208919242328e-02 -6.731515892523950995e-02 -3.660550049188503186e-02
-3.686131484021876181e-02 3.392126182713896265e-02 1.198771922284865288e-01 2.166852846038203884e-01 3.199885057956604051e-01 2.120509600559230545e-01 1.088369486195050750e-01 2.025098302029957470e-02 -4.749237907218856192e-02 -6.335770822160970150e-02
-6.679001232310403935e-02 -4.223805241495896812e-02 2.627202704739681205e-02 1.138207537466924824e-01 2.120509600559230545e-01 2.846644388536009318e-01 2.111097813890673858e-01 1.135882093936712162e-01 2.434594974446559201e-02 -4.556028539297175134e-02
-4.769659968597100841e-02 -6.821118897826075611e-02 -4.781234455313178311e-02 1.768280831261796748e-02 1.088369486195050750e-01 2.111097813890673858e-01 3.346038775214560390e-01 2.150507067256834381e-01 1.165084417039418119e-01 2.269023044891247537e-02
2.316267539253337102e-02 -4.368421379176164188e-02 -6.682974414431566701e-02 -4.985324208919242328e-02 2.025098302029957470e-02 1.135882093936712162e-01 2.150507067256834381e-01 2.845402277715564088e-01 2.109244475764627258e-01 1.082237662250417620e-01
1.169146094617349585e-01 3.066412852856126997e-02 -3.776499605816280303e-02 -6.731515892523950995e-02 -4.749237907218856192e-02 2.434594974446559201e-02 1.165084417039418119e-01 2.109244475764627258e-01 3.190533327316122936e-01 2.095991049637743187e-01
2.142744170950220961e-01 1.180993477450935636e-01 3.763272643773182824e-02 -3.660550049188503186e-02 -6.335770822160970150e-02 -4.556028539297175134e-02 2.269023044891247537e-02 1.082237662250417620e-01 2.095991049637743187e-01 2.779469911526596948e-01
2.584874027595086554e-01 2.059109635028448793e-01 1.135036968638232086e-01 3.511148171113614991e-02 -3.771743924919124247e-02 -6.649393828417454744e-02 -5.634072823224794968e-02 7.535283955542693840e-03 1.091576378193990088e-01 2.093216407116071376e-01
2.059109635028448793e-01 3.124524753672022204e-01 2.133394838714939845e-01 1.237777162586591595e-01 3.198907155910622052e-02 -3.920362445269154339e-02 -6.993482580194393394e-02 -5.726556393331372341e-02 1.153668368987097008e-02 1.033901544056206462e-01
1.135036968638232086e-01 2.133394838714939845e-01 3.010528161761170662e-01 2.154032627807825895e-01 1.145483153650802000e-01 3.402123334683278266e-02 -3.474966485770472624e-02 -6.390884342681658892e-02 -4.835970688311051757e-02 1.954091812802066785e-02
3.511148171113614991e-02 1.237777162586591595e-01 2.154032627807825895e-01 2.937559953449368488e-01 2.035596234241315861e-01 1.165382010697451065e-01 4.258669433098741242e-02 -2.576650962223921842e-02 -6.200427236793750602e-02 -4.350499748761724184e-02
-3.771743924919124247e-02 3.198907155910622052e-02 1.145483153650802000e-01 2.035596234241315861e-01 2.735383323718148518e-01 2.075389861914684608e-01 1.253335052945180883e-01 4.746640481351061674e-02 -3.583362789442774698e-02 -6.443948799389570548e-02
-6.649393828417454744e-02 -3.920362445269154339e-02 3.402123334683278266e-02 1.165382010697451065e-01 2.075389861914684608e-01 2.774483554816288278e-01 2.086384352872214243e-01 1.201710990534495538e-01 2.753825392899291249e-02 -4.724488286351541388e-02
-5.634072823224794968e-02 -6.993482580194393394e-02 -3.474966485770472624e-02 4.258669433098741242e-02 1.253335052945180883e-01 2.086384352872214243e-01 2.907818115541938031e-01 2.071290254480587789e-01 1.059845652328907928e-01 1.054690101454511600e-02
7.535283955542693840e-03 -5.726556393331372341e-02 -6.390884342681658892e-02 -2.576650962223921842e-02 4.746640481351061674e-02 1.201710990534495538e-01 2.071290254480587789e-01 2.798424520421189943e-01 2.128074368617070000e-01 1.083712933876074258e-01
1.091576378193990088e-01 1.153668368987097008e-02 -4.835970688311051757e-02 -6.200427236793750602e-02 -3.583362789442774698e-02 2.753825392899291249e-02 1.059845652328907928e-01 2.128074368617070000e-01 3.434167733421734092e-01 2.188139017731683955e-01
2.093216407116071376e-01 1.033901544056206462e-01 1.954091812802066785e-02 -4.350499748761724184e-02 -6.443948799389570548e-02 -4.724488286351541388e-02 1.054690101454511600e-02 1.083712933876074258e-01 2.188139017731683955e-01 3.692235855603041572e-01
3.511847876064946306e-01 1.876182640033157434e-01 1.109806443330186576e-01 3.765164353321723278e-02 -3.406977499922253516e-02 -7.206819020723431723e-02 -5.711170444813618019e-02 5.724117877814098240e-03 1.177648150554451989e-01 2.196477512894751682e-01
1.876182640033157434e-01 1.859836714372573307e-01 1.873018545528972179e-01 1.119067154486876881e-01 3.762659336607424715e-02 -3.786949204035194166e-02 -6.259606202461318047e-02 -4.723327287644618622e-02 1.966220017982754642e-02 1.044372426793236386e-01
1.109806443330186576e-01 1.873018545528972179e-01 3.155455787794927969e-01 2.185270572414899914e-01 1.256255882808433588e-01 2.245605223833803399e-02 -4.756523493700258454e-02 -7.054025181021629509e-02 -4.726850619417075072e-02 3.278427345774679452e-02
3.765164353321723278e-02 1.119067154486876881e-01 2.185270572414899914e-01 3.319908886757981792e-01 2.169298104181880404e-01 1.073066258575828547e-01 2.090765745040450846e-02 -4.309266120112917320e-02 -6.278360818359676743e-02 -3.116006851807747932e-02
-3.406977499922253516e-02 3.762659336607424715e-02 1.256255882808433588e-01 2.169298104181880404e-01 2.816087861660042657e-01 2.051829849795158700e-01 1.117936781474980490e-01 3.638640574131130068e-02 -3.268267405105415579e-02 -5.654023536662843019e-02
-7.206819020723431723e-02 -3.786949204035194166e-02 2.245605223833803399e-02 1.073066258575828547e-01 2.051829849795158700e-01 3.066278065147875487e-01 2.122886757583178907e-01 1.249690931924655884e-01 3.590427278472252404e-02 -4.678243380513696231e-02
-5.711170444813618019e-02 -6.259606202461318047e-02 -4.756523493700258454e-02 2.090765745040450846e-02 1.117936781474980490e-01 2.122886757583178907e-01 2.859555368400517050e-01 2.108103844556320494e-01 1.128032998557127325e-01 1.467305887294638109e-02
5.724117877814098240e-03 -4.723327287644618622e-02 -7.054025181021629509e-02 -4.309266120112917320e-02 3.638640574131130068e-02 1.249690931924655884e-01 2.108103844556320494e-01 2.829860720166458288e-01 2.071096880268996909e-01 1.013674396640322495e-01
1.177648150554451989e-01 1.966220017982754642e-02 -4.726850619417075072e-02 -6.278360818359676743e-02 -3.268267405105415579e-02 3.590427278472252404e-02 1.128032998557127325e-01 2.071096880268996909e-01 3.293359137037832896e-01 2.200838399296777825e-01
2.196477512894751682e-01 1.044372426793236386e-01 3.278427345774679452e-02 -3.116006851807747932e-02 -5.654023536662843019e-02 -4.678243380513696231e-02 1.467305887294638109e-02 1.013674396640322495e-01 2.200838399296777825e-01 3.287809582596883939e-01
2.524511806443164863e-01 2.035825238517622315e-01 1.084216797007786087e-01 2.616886387350022061e-02 -4.258466800462014368e-02 -6.308392047600508423e-02 -4.587183101285130515e-02 2.810271762781575006e-02 1.161839065405844973e-01 2.112753022959355242e-01
2.035825238517622315e-01 3.373863072023624565e-01 2.129915887546998676e-01 1.192262784404925224e-01 2.212127179927821444e-02 -4.624817480968933942e-02 -7.135880865402524642e-02 -4.488823465761571097e-02 2.206473319043323125e-02 1.089843475741904544e-01
1.084216797007786087e-01 2.129915887546998676e-01 2.865067654820240839e-01 2.170159588878984025e-01 1.113884891221680329e-01 2.742905038574991461e-02 -4.244638577105722815e-02 -6.045128921771775188e-02 -4.339749578767371219e-02 2.267550351441698087e-02
2.616886387350022061e-02 1.192262784404925224e-01 2.170159588878984025e-01 3.205005067086492687e-01 2.065500094880323156e-01 1.131930786446692649e-01 3.174053236822074742e-02 -3.424988872898834802e-02 -6.546495085795386859e-02 -4.730263580581190591e-02
-4.258466800462014368e-02 2.212127179927821444e-02 1.113884891221680329e-01 2.065500094880323156e-01 2.885247571172890879e-01 2.110243430000803000e-01 1.223244356210440309e-01 3.789052640123752314e-02 -3.931464167498465584e-02 -6.530297193453907245e-02
-6.308392047600508423e-02 -4.624817480968933942e-02 2.742905038574991461e-02 1.131930786446692649e-01 2.110243430000803000e-01 2.720994250744007692e-01 2.101369989333600197e-01 1.131633038757108439e-01 2.837795388011759082e-02 -4.092708991505115967e-02
-4.587183101285130515e-02 -7.135880865402524642e-02 -4.244638577105722815e-02 3.174053236822074742e-02 1.223244356210440309e-01 2.101369989333600197e-01 3.291467389905624596e-01 2.046191436363447580e-01 1.101942450553652642e-01 2.244478120473388655e-02
2.810271762781575006e-02 -4.488823465761571097e-02 -6.045128921771775188e-02 -3.424988872898834802e-02 3.789052640123752314e-02 1.131633038757108439e-01 2.046191436363447580e-01 2.509379125891765261e-01 2.095810284393684886e-01 1.145569619339964484e-01
1.161839065405844973e-01 2.206473319043323125e-02 -4.339749578767371219e-02 -6.546495085795386859e-02 -3.931464167498465584e-02 2.837795388011759082e-02 1.101942450553652642e-01 2.095810284393684886e-01 3.305475375878514921e-01 2.154823270671942514e-01
2.112753022959355242e-01 1.089843475741904544e-01 2.267550351441698087e-02 -4.730263580581190591e-02 -6.530297193453907245e-02 -4.092708991505115967e-02 2.244478120473388655e-02 1.145569619339964484e-01 2.154823270671942514e-01 3.318988686033687019e-01
3.112531958498959139e-01 2.145891730872771241e-01 1.085945509393700104e-01 4.280328080571292604e-03 -6.122959891056781179e-02 -6.124941086222032705e-02 -2.209018176447926848e-02 4.603455780441911144e-02 1.160636835900736158e-01 2.145790909026434878e-01
2.145891730872771241e-01 2.902907116796988873e-01 2.095451016537085986e-01 9.614874937090397977e-02 -2.761136044822348496e-03 -5.908193334502805094e-02 -6.057255966469747566e-02 -2.460191411357638344e-02 4.571838321259892590e-02 1.281180000429961163e-01
1.085945509393700104e-01 2.095451016537085986e-01 3.204895067610960546e-01 2.163971638941141196e-01 1.096839044104950811e-01 -1.583738052847950958e-03 -5.932138876320852683e-02 -6.870937089404993703e-02 -3.305815826332236113e-02 3.053183007328707024e-02
4.280328080571292604e-03 9.614874937090397977e-02 2.163971638941141196e-01 3.869785056848600302e-01 2.180367379807074957e-01 9.945167506075061614e-02 8.449178062097347994e-03 -4.782843727841690207e-02 -5.952156239464222870e-02 -5.002900712960686030e-02
-6.122959891056781179e-02 -2.761136044822348496e-03 1.096839044104950811e-01 2.180367379807074957e-01 3.213608600200462684e-01 2.087706329363656077e-01 1.074002157444039207e-01 3.368680040219737548e-02 -3.075665358417726397e-02 -6.779184057063741831e-02
-6.124941086222032705e-02 -5.908193334502805094e-02 -1.583738052847950958e-03 9.945167506075061614e-02 2.087706329363656077e-01 2.862198799053281006e-01 2.095354264459677318e-01 1.290529255256199215e-01 4.869529981564477139e-02 -2.008066672364321875e-02
-2.209018176447926848e-02 -6.057255966469747566e-02 -5.932138876320852683e-02 8.449178062097347994e-03 1.074002157444039207e-01 2.095354264459677318e-01 2.847419139524038356e-01 2.145277784978770752e-01 1.181679173502379193e-01 4.998901347817300000e-02
4.603455780441911144e-02 -2.460191411357638344e-02 -6.870937089404993703e-02 -4.782843727841690207e-02 3.368680040219737548e-02 1.290529255256199215e-01 2.145277784978770752e-01 3.061171318277982056e-01 1.922691270043700995e-01 1.190716557138328385e-01
1.160636835900736158e-01 4.571838321259892590e-02 -3.305815826332236113e-02 -5.952156239464222870e-02 -3.075665358417726397e-02 4.869529981564477139e-02 1.181679173502379193e-01 1.922691270043700995e-01 2.063179157851376400e-01 1.888212006234494811e-01
2.145790909026434878e-01 1.281180000429961163e-01 3.053183007328707024e-02 -5.002900712960686030e-02 -6.779184057063741831e-02 -2.008066672364321875e-02 4.998901347817300000e-02 1.190716557138328385e-01 1.888212006234494811e-01 2.862303785337342865e-01
3.385245070975982928e-01 2.144110188956668273e-01 1.064841002835674177e-01 1.848495755077556729e-02 -4.403005853188103613e-02 -6.222602923444681133e-02 -3.834687361297278718e-02 3.120855695772005792e-02 1.169337741861572744e-01 2.187693400268799215e-01
2.144110188956668273e-01 3.098515020430142597e-01 2.126542010513629843e-01 1.165857758184110776e-01 3.333746265068127101e-02 -3.899248305525060410e-02 -6.546721828061474735e-02 -4.598692481203218996e-02 1.816033434333385460e-02 1.120618301738057487e-01
1.064841002835674177e-01 2.126542010513629843e-01 2.992244928030018958e-01 2.127512286864526314e-01 1.196777560042797256e-01 3.292334812827717172e-02 -4.154185508315015596e-02 -6.788852348230040024e-02 -5.361535754910874696e-02 1.117906671709411812e-02
1.848495755077556729e-02 1.165857758184110776e-01 2.127512286864526314e-01 2.928985245264865700e-01 2.081342997549521789e-01 1.128104422565618103e-01 2.590466684562302280e-02 -4.395056547442534323e-02 -7.088011388718545858e-02 -5.391256551223989890e-02
-4.403005853188103613e-02 3.333746265068127101e-02 1.196777560042797256e-01 2.081342997549521789e-01 2.864447164434531512e-01 2.096968603531225994e-01 1.160072421372737306e-01 2.973985162614508487e-02 -3.994854386076317210e-02 -6.725351590401235091e-02
-6.222602923444681133e-02 -3.899248305525060410e-02 3.292334812827717172e-02 1.128104422565618103e-01 2.096968603531225994e-01 2.936870654604721853e-01 2.152877591793211365e-01 1.194148775136679025e-01 3.574876697615812782e-02 -3.703659669802401161e-02
-3.834687361297278718e-02 -6.546721828061474735e-02 -4.154185508315015596e-02 2.590466684562302280e-02 1.160072421372737306e-01 2.152877591793211365e-01 3.346035324762183238e-01 2.105877128137423060e-01 1.169384792568344267e-01 3.368146674976672805e-02
3.120855695772005792e-02 -4.598692481203218996e-02 -6.788852348230040024e-02 -4.395056547442534323e-02 2.973985162614508487e-02 1.194148775136679025e-01 2.105877128137423060e-01 2.600683078281237348e-01 2.003357390284272455e-01 1.131710285032774543e-01
1.169337741861572744e-01 1.816033434333385460e-02 -5.361535754910874696e-02 -7.088011388718545858e-02 -3.994854386076317210e-02 3.574876697615812782e-02 1.169384792568344267e-01 2.003357390284272455e-01 2.737406006138775050e-01 2.093786299081980551e-01
2.187693400268799215e-01 1.120618301738057487e-01 1.117906671709411812e-02 -5.391256551223989890e-02 -6.725351590401235091e-02 -3.703659669802401161e-02 3.368146674976672805e-02 1.131710285032774543e-01 2.093786299081980551e-01 3.109567507077566906e-01
3.262245515764316539e-01 2.112885958639162676e-01 1.094401126565287541e-01 1.893443684944345895e-02 -4.763060129813371374e-02 -6.909958803195798138e-02 -4.420451576174472957e-02 1.290110731288168604e-02 1.114043258209895804e-01 2.135330161738865362e-01
2.112885958639162676e-01 2.678682034094490572e-01 2.075352590817284570e-01 1.096524098109519091e-01 2.827553131470759290e-02 -4.167553885403355723e-02 -5.857385464853167439e-02 -4.367266293118791942e-02 2.954564678987808141e-02 1.181737890978484945e-01
1.094401126565287541e-01 2.075352590817284570e-01 3.059394649005570122e-01 2.122129694417157764e-01 1.189515772140111310e-01 2.687204965784219593e-02 -3.779765516019059635e-02 -6.472803016005215793e-02 -4.362437375896682790e-02 2.667273115215380158e-02
1.893443684944345895e-02 1.096524098109519091e-01 2.122129694417157764e-01 3.390215713823824806e-01 2.173476896210806142e-01 1.170665805755357614e-01 3.294695472173828077e-02 -3.514156142496238644e-02 -5.845398637289886401e-02 -4.077989531397454431e-02
-4.763060129813371374e-02 2.827553131470759290e-02 1.189515772140111310e-01 2.173476896210806142e-01 2.623004016242690417e-01 2.015570243636295167e-01 1.033988460757375161e-01 3.014917188600862996e-02 -3.502515938956760055e-02 -6.347226319677184980e-02
-6.909958803195798138e-02 -4.167553885403355723e-02 2.687204965784219593e-02 1.170665805755357614e-01 2.015570243636295167e-01 3.141743463796891067e-01 1.976745140925059152e-01 1.141283383630525006e-01 3.061216305933887188e-02 -4.421147624856392594e-02
-4.420451576174472957e-02 -5.857385464853167439e-02 -3.779765516019059635e-02 3.294695472173828077e-02 1.033988460757375161e-01 1.976745140925059152e-01 2.106757001077856351e-01 1.974319951787482652e-01 1.028084982888828741e-01 2.112552523893505146e-02
1.290110731288168604e-02 -4.367266293118791942e-02 -6.472803016005215793e-02 -3.514156142496238644e-02 3.014917188600862996e-02 1.141283383630525006e-01 1.974319951787482652e-01 4.018520559214004972e-01 1.997287980982296318e-01 1.034487863322024748e-01
1.114043258209895804e-01 2.954564678987808141e-02 -4.362437375896682790e-02 -5.845398637289886401e-02 -3.502515938956760055e-02 3.061216305933887188e-02 1.028084982888828741e-01 1.997287980982296318e-01 2.485106748198636639e-01 2.117478250894632708e-01
2.135330161738865362e-01 1.181737890978484945e-01 2.667273115215380158e-02 -4.077989531397454431e-02 -6.347226319677184980e-02 -4.421147624856392594e-02 2.112552523893505146e-02 1.034487863322024748e-01 2.117478250894632708e-01 3.234330298781742941e-01
3.597119085005281436e-01 2.188651423396350271e-01 1.164341482606659484e-01 2.499842424238164426e-02 -3.662121953240018296e-02 -6.500990910839501979e-02 -5.204212868322950769e-02 1.294034775967312784e-02 1.002506546135326360e-01 2.067411408244944071e-01
2.188651423396350271e-01 3.172608348465563166e-01 1.986554935547194534e-01 1.018625503682881323e-01 2.855870246355340231e-02 -3.985273971955191619e-02 -6.765974301122486267e-02 -4.342267999248807658e-02 2.671226118782962095e-02 1.230254279234713199e-01
1.164341482606659484e-01 1.986554935547194534e-01 2.096157634896339272e-01 1.916638138072380149e-01 1.090325503792556189e-01 3.562177024446189222e-02 -3.376155854799142708e-02 -5.684662811344581845e-02 -3.588628912895131667e-02 3.893179365771410466e-02
2.499842424238164426e-02 1.018625503682881323e-01 1.916638138072380149e-01 3.639044016546685301e-01 2.168406563320701141e-01 1.281582642522989812e-01 3.170133881613827059e-02 -4.441271954768082758e-02 -6.933116880866115050e-02 -3.765589352839130571e-02
-3.662121953240018296e-02 2.855870246355340231e-02 1.090325503792556189e-01 2.168406563320701141e-01 2.820371356505232407e-01 2.114364384589302037e-01 1.053156363184546973e-01 1.889962455367732302e-02 -4.888365137068155508e-02 -5.843262611372379567e-02
-6.500990910839501979e-02 -3.985273971955191619e-02 3.562177024446189222e-02 1.281582642522989812e-01 2.114364384589302037e-01 2.784914424318545301e-01 1.980320631442364365e-01 1.062271760324395575e-01 2.209773868646395384e-02 -4.078732531127522015e-02
-5.204212868322950769e-02 -6.765974301122486267e-02 -3.376155854799142708e-02 3.170133881613827059e-02 1.053156363184546973e-01 1.980320631442364365e-01 2.927812826523025214e-01 2.214607801681207078e-01 1.278462033598269654e-01 2.606799376222174863e-02
1.294034775967312784e-02 -4.342267999248807658e-02 -5.684662811344581845e-02 -4.441271954768082758e-02 1.889962455367732302e-02 1.062271760324395575e-01 2.214607801681207078e-01 3.370145331014251511e-01 2.192629104711462940e-01 1.042293640226448631e-01
1.002506546135326360e-01 2.671226118782962095e-02 -3.588628912895131667e-02 -6.933116880866115050e-02 -4.888365137068155508e-02 2.209773868646395384e-02 1.278462033598269654e-01 2.192629104711462940e-01 3.307806592427990910e-01 1.960353207251962493e-01
2.067411408244944071e-01 1.230254279234713199e-01 3.893179365771410466e-02 -3.765589352839130571e-02 -5.843262611372379567e-02 -4.078732531127522015e-02 2.606799376222174863e-02 1.042293640226448631e-01 1.960353207251962493e-01 2.284020384297146267e-01
3.143895726273170932e-01 2.140237593800616289e-01 1.070161760205045470e-01 2.615016553117533588e-02 -3.886875338898757720e-02 -6.434101193971092369e-02 -5.408396559814480919e-02 6.801270094810508288e-03 1.107747750811154536e-01 2.172277730791940531e-01
2.140237593800616289e-01 2.951057616690211383e-01 2.081566895499720182e-01 1.198658413973771597e-01 4.567556078543652531e-02 -2.200435728790814047e-02 -6.245407550636968008e-02 -5.433861255673056584e-02 1.700556329572492503e-02 1.136418815053022446e-01
1.070161760205045470e-01 2.081566895499720182e-01 2.949361432269491656e-01 2.120736128021755151e-01 1.277481300824593047e-01 5.129501251577871235e-02 -2.518462129428745977e-02 -6.229638603570038236e-02 -5.044752311684085055e-02 1.528448081736526881e-02
2.615016553117533588e-02 1.198658413973771597e-01 2.120736128021755151e-01 2.821883085388916523e-01 2.057067368850091782e-01 1.185617733347166386e-01 4.106652960620676279e-02 -3.183395267811936491e-02 -6.570608815102066402e-02 -4.775513570135166141e-02
-3.886875338898757720e-02 4.567556078543652531e-02 1.277481300824593047e-01 2.057067368850091782e-01 2.596247862491227743e-01 1.928399188122597585e-01 1.136191282990284962e-01 3.420050187078713111e-02 -4.388498004443386336e-02 -6.984529580635059909e-02
-6.434101193971092369e-02 -2.200435728790814047e-02 5.129501251577871235e-02 1.185617733347166386e-01 1.928399188122597585e-01 2.487471451782220511e-01 2.089812905505217810e-01 1.194387558569270369e-01 2.301688924009035603e-02 -5.335001743201552016e-02
-5.408396559814480919e-02 -6.245407550636968008e-02 -2.518462129428745977e-02 4.106652960620676279e-02 1.136191282990284962e-01 2.089812905505217810e-01 3.234313670144504105e-01 2.186492857935861123e-01 1.122441860109404388e-01 5.949133352610059752e-03
6.801270094810508288e-03 -5.433861255673056584e-02 -6.229638603570038236e-02 -3.183395267811936491e-02 3.420050187078713111e-02 1.194387558569270369e-01 2.186492857935861123e-01 3.477829003667040064e-01 2.122818842178680054e-01 9.807975326847311048e-02
1.107747750811154536e-01 1.700556329572492503e-02 -5.044752311684085055e-02 -6.570608815102066402e-02 -4.388498004443386336e-02 2.301688924009035603e-02 1.122441860109404388e-01 2.122818842178680054e-01 2.786297067891520540e-01 2.112690783001053285e-01
2.172277730791940531e-01 1.136418815053022446e-01 1.528448081736526881e-02 -4.775513570135166141e-02 -6.984529580635059909e-02 -5.335001743201552016e-02 5.949133352610059752e-03 9.807975326847311048e-02 2.112690783001053285e-01 3.551643083401707091e-01
3.371613302199557016e-01 2.177176925915621508e-01 1.056730060110387115e-01 3.452260346561903705e-03 -5.775411417521641999e-02 -6.820759192287205452e-02 -3.541922896362795226e-02 3.282597590006381544e-02 1.156187538689933819e-01 2.109802047569849792e-01
2.177176925915621508e-01 3.080061406740772223e-01 2.140228615946581925e-01 1.050132926264638056e-01 1.461960867568442776e-02 -4.828379643859648240e-02 -6.193190696074979407e-02 -3.797319339719069237e-02 3.379620173209765821e-02 1.175544110278275850e-01
1.056730060110387115e-01 2.140228615946581925e-01 3.356158905486755772e-01 2.161137274231151317e-01 1.171055705324527824e-01 2.810034411766847845e-02 -4.003789004845734883e-02 -6.559086049230031246e-02 -4.656085956978305712e-02 1.444553232694641837e-02
3.452260346561903705e-03 1.050132926264638056e-01 2.161137274231151317e-01 3.220517833959880560e-01 2.143903182154388298e-01 1.155646939917120003e-01 3.200995077305243686e-02 -3.854031007107509843e-02 -6.544264935644072967e-02 -5.483312692459118426e-02
-5.775411417521641999e-02 1.461960867568442776e-02 1.171055705324527824e-01 2.143903182154388298e-01 2.775012326270193119e-01 2.032413877328364260e-01 1.127263843077450922e-01 3.506633325729317102e-02 -3.595716395416422018e-02 -6.873118546213977109e-02
-6.820759192287205452e-02 -4.828379643859648240e-02 2.810034411766847845e-02 1.155646939917120003e-01 2.032413877328364260e-01 2.820217125338488895e-01 2.078738906966941524e-01 1.226480178305508206e-01 3.700285428557091583e-02 -3.565584615398671720e-02
-3.541922896362795226e-02 -6.193190696074979407e-02 -4.003789004845734883e-02 3.200995077305243686e-02 1.127263843077450922e-01 2.078738906966941524e-01 2.825349373331607628e-01 2.156725952796475498e-01 1.194694352439030216e-01 3.804742907010562336e-02
3.282597590006381544e-02 -3.797319339719069237e-02 -6.559086049230031246e-02 -3.854031007107509843e-02 3.506633325729317102e-02 1.226480178305508206e-01 2.156725952796475498e-01 3.283708442645660863e-01 2.062570570254257107e-01 1.149222324236262166e-01
1.156187538689933819e-01 3.379620173209765821e-02 -4.656085956978305712e-02 -6.544264935644072967e-02 -3.595716395416422018e-02 3.700285428557091583e-02 1.194694352439030216e-01 2.062570570254257107e-01 2.549343822109098601e-01 2.008741215682518511e-01
2.109802047569849792e-01 1.175544110278275850e-01 1.444553232694641837e-02 -5.483312692459118426e-02 -6.873118546213977109e-02 -3.565584615398671720e-02 3.804742907010562336e-02 1.149222324236262166e-01 2.008741215682518511e-01 2.718017461917989763e-01
3.726519876693883959e-01 2.162510718836310741e-01 1.143447417095983520e-01 1.831127858229147920e-02 -4.246219976498477600e-02 -6.723891848578988917e-02 -4.721351970796332925e-02 4.140489927135287615e-03 9.417726166701649582e-02 2.097530070847877237e-01
2.162510718836310741e-01 3.155353490744076672e-01 2.126182378878214430e-01 1.067991062129045876e-01 2.779153744590975167e-02 -3.974263216576828101e-02 -6.124750846533884990e-02 -5.543881741798549478e-02 3.946948790033207727e-04 1.075383802739740546e-01
1.143447417095983520e-01 2.126182378878214430e-01 2.610729756821066339e-01 2.008805405632663743e-01 1.124914702505970115e-01 4.022069043418121520e-02 -2.680871417423823233e-02 -6.529493243704481698e-02 -5.717417677228358447e-02 1.686725327506099353e-02
1.831127858229147920e-02 1.067991062129045876e-01 2.008805405632663743e-01 3.216469776682721604e-01 2.129630088592957549e-01 1.306142938602510295e-01 4.335967046047824180e-02 -3.001752859113675578e-02 -6.309525108706957874e-02 -4.776706134858139247e-02
-4.246219976498477600e-02 2.779153744590975167e-02 1.124914702505970115e-01 2.129630088592957549e-01 2.614632530533372856e-01 2.109834675017742134e-01 1.088371220369343806e-01 3.804087010906807148e-02 -2.831375298853943540e-02 -5.846706425856185163e-02
-6.723891848578988917e-02 -3.974263216576828101e-02 4.022069043418121520e-02 1.306142938602510295e-01 2.109834675017742134e-01 3.135339996550849939e-01 1.892949850468449435e-01 1.130230763432773650e-01 3.801827981862265088e-02 -3.640818049266551781e-02
-4.721351970796332925e-02 -6.124750846533884990e-02 -2.680871417423823233e-02 4.335967046047824180e-02 1.088371220369343806e-01 1.892949850468449435e-01 2.102244699880145284e-01 1.996364075687059869e-01 1.174436234216796049e-01 3.412565254205948695e-02
4.140489927135287615e-03 -5.543881741798549478e-02 -6.529493243704481698e-02 -3.001752859113675578e-02 3.804087010906807148e-02 1.130230763432773650e-01 1.996364075687059869e-01 3.227551100753205393e-01 2.167300559876392807e-01 1.179212821105582315e-01
9.417726166701649582e-02 3.946948790033207727e-04 -5.717417677228358447e-02 -6.309525108706957874e-02 -2.831375298853943540e-02 3.801827981862265088e-02 1.174436234216796049e-01 2.167300559876392807e-01 3.336296422928022309e-01 2.165784921004594299e-01
2.097530070847877237e-01 1.075383802739740546e-01 1.686725327506099353e-02 -4.776706134858139247e-02 -5.846706425856185163e-02 -3.640818049266551781e-02 3.412565254205948695e-02 1.179212821105582315e-01 2.165784921004594299e-01 2.874862348412667856e-01
3.149925166188140002e-01 2.136349047082931052e-01 1.012773715234857597e-01 1.393305319970630091e-02 -4.853678256104962396e-02 -6.604675331618008183e-02 -4.328370534379132745e-02 2.023356160993968617e-02 1.127096847122908974e-01 2.170580337371167678e-01
2.136349047082931052e-01 2.909845720999809648e-01 2.095801619332072208e-01 1.148662416337747350e-01 3.168970240122179205e-02 -3.685543887580104705e-02 -6.228221693973798323e-02 -4.614914181725901510e-02 2.571390998646529147e-02 1.167688777642205966e-01
1.012773715234857597e-01 2.095801619332072208e-01 3.138767912258809134e-01 2.172188205564734576e-01 1.224961306953595841e-01 3.464013104996912368e-02 -3.792891949550397657e-02 -6.609983225738522150e-02 -4.784429686889219574e-02 1.321209370837066188e-02
1.393305319970630091e-02 1.148662416337747350e-01 2.172188205564734576e-01 3.283664499703929929e-01 2.106740411257405077e-01 1.130398633072936532e-01 3.161042143117803044e-02 -3.649065655407913306e-02 -6.243006682848324662e-02 -5.042308218099131323e-02
-4.853678256104962396e-02 3.168970240122179205e-02 1.224961306953595841e-01 2.106740411257405077e-01 2.481178301021867427e-01 1.950073655537008788e-01 1.099383901897169197e-01 3.668282312310808257e-02 -3.347443216960834661e-02 -6.713770732707102784e-02
-6.604675331618008183e-02 -3.685543887580104705e-02 3.464013104996912368e-02 1.130398633072936532e-01 1.950073655537008788e-01 2.914543347599799494e-01 2.128394858916899945e-01 1.279126999891880279e-01 3.559901969439062397e-02 -4.301953344590331296e-02
-4.328370534379132745e-02 -6.228221693973798323e-02 -3.792891949550397657e-02 3.161042143117803044e-02 1.099383901897169197e-01 2.128394858916899945e-01 2.783869345996962119e-01 2.142371348645720208e-01 1.092474785278879645e-01 2.211015434202161234e-02
2.023356160993968617e-02 -4.614914181725901510e-02 -6.609983225738522150e-02 -3.649065655407913306e-02 3.668282312310808257e-02 1.279126999891880279e-01 2.142371348645720208e-01 3.494456640356454757e-01 1.987581595093762810e-01 1.029587457352917623e-01
1.127096847122908974e-01 2.571390998646529147e-02 -4.784429686889219574e-02 -6.243006682848324662e-02 -3.347443216960834661e-02 3.559901969439062397e-02 1.092474785278879645e-01 1.987581595093762810e-01 2.268112730348923745e-01 2.040750423140307024e-01
2.170580337371167678e-01 1.167688777642205966e-01 1.321209370837066188e-02 -5.042308218099131323e-02 -6.713770732707102784e-02 -4.301953344590331296e-02 2.211015434202161234e-02 1.029587457352917623e-01 2.040750423140307024e-01 3.575636335525293474e-01
3.009376832473726338e-01 2.144697158641139245e-01 1.142544362955905529e-01 2.620811165435595752e-02 -4.413184607933749726e-02 -6.191192323481232301e-02 -3.484964593030871749e-02 3.355792614579049954e-02 1.165253690595887959e-01 2.109105083226765764e-01
2.144697158641139245e-01 2.934291087879373761e-01 2.138996648652079502e-01 1.125532631569625686e-01 2.787356643172912013e-02 -4.093486864361261385e-02 -6.396091277146241649e-02 -4.555620800175660262e-02 2.098175581236562393e-02 1.061128499126635927e-01
1.142544362955905529e-01 2.138996648652079502e-01 3.589378147002165176e-01 2.032726261329871886e-01 1.086635309157152063e-01 2.200926311293037799e-02 -4.566528842244085146e-02 -7.024372024493893973e-02 -4.998504193960711522e-02 1.318543602102999202e-02
2.620811165435595752e-02 1.125532631569625686e-01 2.032726261329871886e-01 2.309641348956905094e-01 2.018067523351408377e-01 1.091499993545328173e-01 2.984452409987647242e-02 -4.098165346465636877e-02 -6.368592518319063367e-02 -4.641839792511251450e-02
-4.413184607933749726e-02 2.787356643172912013e-02 1.086635309157152063e-01 2.018067523351408377e-01 3.254977722709579968e-01 2.150472404548904315e-01 1.232645117242086724e-01 2.806902244179625833e-02 -4.101857247681230806e-02 -6.715884774661734502e-02
-6.191192323481232301e-02 -4.093486864361261385e-02 2.200926311293037799e-02 1.091499993545328173e-01 2.150472404548904315e-01 3.187326060295932462e-01 2.182836640926934801e-01 1.140703723087359012e-01 3.130210148641640600e-02 -3.880316261293668273e-02
-3.484964593030871749e-02 -6.396091277146241649e-02 -4.566528842244085146e-02 2.984452409987647242e-02 1.232645117242086724e-01 2.182836640926934801e-01 2.894328827060022036e-01 2.021528320403755963e-01 1.127165159337023270e-01 3.567534374561145277e-02
3.355792614579049954e-02 -4.555620800175660262e-02 -7.024372024493893973e-02 -4.098165346465636877e-02 2.806902244179625833e-02 1.140703723087359012e-01 2.021528320403755963e-01 2.737645173839846624e-01 2.061775783740821544e-01 1.213411589054396861e-01
1.165253690595887959e-01 2.098175581236562393e-02 -4.998504193960711522e-02 -6.368592518319063367e-02 -4.101857247681230806e-02 3.130210148641640600e-02 1.127165159337023270e-01 2.061775783740821544e-01 2.782270930910298867e-01 2.147015504285908760e-01
2.109105083226765764e-01 1.061128499126635927e-01 1.318543602102999202e-02 -4.641839792511251450e-02 -6.715884774661734502e-02 -3.880316261293668273e-02 3.567534374561145277e-02 1.213411589054396861e-01 2.147015504285908760e-01 3.300763868872136908e-01
3.133113551480031234e-01 2.176507499393609824e-01 1.218061321635384164e-01 2.947147546155074946e-02 -4.357035295437220596e-02 -6.694813464546783832e-02 -4.298381781560989268e-02 2.609182151223219531e-02 1.094920765602415691e-01 2.071690229065603073e-01
2.176507499393609824e-01 3.208991978380368870e-01 2.136084243946051175e-01 1.118747531779962223e-01 2.655913979676716510e-02 -4.191774159678325617e-02 -6.509832595282680212e-02 -4.489165959356786195e-02 2.346617359182936666e-02 1.145927336985817502e-01
1.218061321635384164e-01 2.136084243946051175e-01 2.838327467140044913e-01 2.034147858701794709e-01 1.134035849603485524e-01 3.256205067329551173e-02 -4.000317573760411860e-02 -6.771254595897013839e-02 -4.607959266592583092e-02 2.856587387312831822e-02
2.947147546155074946e-02 1.118747531779962223e-01 2.034147858701794709e-01 2.755095996842948369e-01 2.122807713477796454e-01 1.220057829998115184e-01 3.067190722317765517e-02 -4.573827220037694763e-02 -6.827589246981236037e-02 -4.208028453015530412e-02
-4.357035295437220596e-02 2.655913979676716510e-02 1.134035849603485524e-01 2.122807713477796454e-01 3.182563483519631475e-01 2.163915317231494273e-01 1.148814246419204710e-01 2.154276571023324566e-02 -4.683064493117355259e-02 -6.661258562552488383e-02
-6.694813464546783832e-02 -4.191774159678325617e-02 3.256205067329551173e-02 1.220057829998115184e-01 2.163915317231494273e-01 3.075334913389425884e-01 2.084999395746920947e-01 1.088185732180669552e-01 2.399472848320695351e-02 -4.390723852363910551e-02
-4.298381781560989268e-02 -6.509832595282680212e-02 -4.000317573760411860e-02 3.067190722317765517e-02 1.148814246419204710e-01 2.084999395746920947e-01 2.796581649727889474e-01 2.113435017443397179e-01 1.186738924459894012e-01 3.086181817554639606e-02
2.609182151223219531e-02 -4.489165959356786195e-02 -6.771254595897013839e-02 -4.573827220037694763e-02 2.154276571023324566e-02 1.088185732180669552e-01 2.113435017443397179e-01 3.191095305331168586e-01 2.167873989331302043e-01 1.181639445498061103e-01
