1.709195008917341885e-01 1.630594032001627114e-01 1.198109478023412083e-01 8.821311301697162821e-02 6.201421235347753108e-02 3.130195694137801604e-02 2.034929903674480398e-04 -2.908886626783981078e-02 -5.517778711403313607e-02 -8.349945665059946287e-02 -1.084562012710315326e-01 -1.440893409733240149e-01
1.630594032001627114e-01 1.972595048939343454e-01 1.594937260201388929e-01 1.206777187183793870e-01 8.972586128533252547e-02 5.920005340218865292e-02 3.186405864380856268e-02 1.555895002291244299e-03 -2.908227482430651017e-02 -5.917013961288764695e-02 -8.448815749369141537e-02 -1.208635463949236655e-01
1.198109478023412083e-01 1.594937260201388929e-01 1.654082637580127635e-01 1.437998489403097824e-01 1.141036232519140048e-01 8.111139617304724547e-02 5.643897958321014013e-02 3.047919727868734358e-02 1.275181145467977305e-03 -2.993659322346606949e-02 -5.683978039552426559e-02 -8.667353901676827510e-02
8.821311301697162821e-02 1.206777187183793870e-01 1.437998489403097824e-01 1.584487499037294800e-01 1.429942579591801377e-01 1.093735397273865456e-01 8.298252651666836177e-02 5.770110015692792027e-02 3.144271616971270472e-02 1.218161523452455149e-03 -3.063425006270549533e-02 -6.114654733354515925e-02
6.201421235347753108e-02 8.972586128533252547e-02 1.141036232519140048e-01 1.429942579591801377e-01 1.574280983872484163e-01 1.369382377724973898e-01 1.135806855762998974e-01 8.553644584782493787e-02 5.984197594123683017e-02 3.352522650163465567e-02 -3.157824333558257451e-04 -3.363890761608068214e-02
3.130195694137801604e-02 5.920005340218865292e-02 8.111139617304724547e-02 1.093735397273865456e-01 1.369382377724973898e-01 1.486252634937607897e-01 1.435597634694906199e-01 1.158934662371418345e-01 8.597779512999706442e-02 6.206824248318265624e-02 3.104173394236204100e-02 -4.909010711032218022e-04
2.034929903674480398e-04 3.186405864380856268e-02 5.643897958321014013e-02 8.298252651666836177e-02 1.135806855762998974e-01 1.435597634694906199e-01 1.742119893325785041e-01 1.578087805999572879e-01 1.211371599266863885e-01 9.210342487186815030e-02 6.055434288534700116e-02 3.189428637159207741e-02
-2.908886626783981078e-02 1.555895002291244299e-03 3.047919727868734358e-02 5.770110015692792027e-02 8.553644584782493787e-02 1.158934662371418345e-01 1.578087805999572879e-01 1.786330199323202250e-01 1.540783037466315619e-01 1.219523289175273861e-01 8.485419945501818106e-02 5.781938900811558341e-02
-5.517778711403313607e-02 -2.908227482430651017e-02 1.275181145467977305e-03 3.144271616971270472e-02 5.984197594123683017e-02 8.597779512999706442e-02 1.211371599266863885e-01 1.540783037466315619e-01 1.719295900453608195e-01 1.554904631320693786e-01 1.132379332731986848e-01 8.264628151583335025e-02
-8.349945665059946287e-02 -5.917013961288764695e-02 -2.993659322346606949e-02 1.218161523452455149e-03 3.352522650163465567e-02 6.206824248318265624e-02 9.210342487186815030e-02 1.219523289175273861e-01 1.554904631320693786e-01 1.775208833421243471e-01 1.448381072415309279e-01 1.137240196089906730e-01
-1.084562012710315326e-01 -8.448815749369141537e-02 -5.683978039552426559e-02 -3.063425006270549533e-02 -3.157824333558257451e-04 3.104173394236204100e-02 6.055434288534700116e-02 8.485419945501818106e-02 1.132379332731986848e-01 1.448381072415309279e-01 1.463348817049474893e-01 1.336161790952146156e-01
-1.440893409733240149e-01 -1.208635463949236655e-01 -8.667353901676827510e-02 -6.114654733354515925e-02 -3.363890761608068214e-02 -4.909010711032218022e-04 3.189428637159207741e-02 5.781938900811558341e-02 8.264628151583335025e-02 1.137240196089906730e-01 1.336161790952146156e-01 1.532802543142459395e-01
1.875617180864241340e-01 1.553381291698703315e-01 1.165100120117436161e-01 9.101769987690074004e-02 5.757162939695108922e-02 2.993655125154656010e-02 -6.711291092030662042e-04 -3.149985610231124944e-02 -6.072970510574533798e-02 -8.468202292596924141e-02 -1.181173559592939570e-01 -1.589498967156260656e-01
1.553381291698703315e-01 1.625197652808561544e-01 1.408131031993659354e-01 1.187060366015522811e-01 8.094891623395078506e-02 5.580845559956218449e-02 2.941231996872330570e-02 -1.246542093159085703e-03 -3.208821485072348850e-02 -5.734887777531696984e-02 -8.511906021429133107e-02 -1.187917247527152664e-01
1.165100120117436161e-01 1.408131031993659354e-01 1.578027359036758281e-01 1.536609766981476000e-01 1.106323685368744147e-01 8.209302069762827725e-02 5.695796581479165704e-02 2.925777501982956483e-02 -4.698308605715724104e-04 -2.996555492372699955e-02 -5.802964501232936445e-02 -8.543382560284376592e-02
9.101769987690074004e-02 1.187060366015522811e-01 1.536609766981476000e-01 1.846003131564943056e-01 1.474558942335613965e-01 1.171395367680168609e-01 8.816458196406436187e-02 6.017278020186399290e-02 3.297152046941169423e-02 2.986406546656543426e-06 -3.277544927413469228e-02 -6.247498206161530843e-02
5.757162939695108922e-02 8.094891623395078506e-02 1.106323685368744147e-01 1.474558942335613965e-01 1.477590988840656872e-01 1.385983467820438020e-01 1.134648943038608082e-01 8.307423013080150742e-02 5.914196287979529149e-02 3.065585013983230731e-02 9.618592188151551441e-04 -2.945710720799281021e-02
2.993655125154656010e-02 5.580845559956218449e-02 8.209302069762827725e-02 1.171395367680168609e-01 1.385983467820438020e-01 1.670577990547816305e-01 1.553664279553635952e-01 1.188344680894148908e-01 8.960084503065379735e-02 6.045077912162064721e-02 3.332320416630599191e-02 2.146740020756270680e-03
-6.711291092030662042e-04 2.941231996872330570e-02 5.695796581479165704e-02 8.816458196406436187e-02 1.134648943038608082e-01 1.553664279553635952e-01 1.785267066385265999e-01 1.525825242990314079e-01 1.204774715561216514e-01 8.594286619453489484e-02 5.980571329891543747e-02 3.196885999116430566e-02
-3.149985610231124944e-02 -1.246542093159085703e-03 2.925777501982956483e-02 6.017278020186399290e-02 8.307423013080150742e-02 1.188344680894148908e-01 1.525825242990314079e-01 1.666233250719545977e-01 1.513422499912124020e-01 1.136452042363892689e-01 8.402282146337504420e-02 5.779899932333135842e-02
-6.072970510574533798e-02 -3.208821485072348850e-02 -4.698308605715724104e-04 3.297152046941169423e-02 5.914196287979529149e-02 8.960084503065379735e-02 1.204774715561216514e-01 1.513422499912124020e-01 1.744067159544936962e-01 1.467640664660956329e-01 1.152995692817547074e-01 8.566780359940054379e-02
-8.468202292596924141e-02 -5.734887777531696984e-02 -2.996555492372699955e-02 2.986406546656543426e-06 3.065585013983230731e-02 6.045077912162064721e-02 8.594286619453489484e-02 1.136452042363892689e-01 1.467640664660956329e-01 1.516484494690749640e-01 1.362537399566194352e-01 1.101802888289691584e-01
-1.181173559592939570e-01 -8.511906021429133107e-02 -5.802964501232936445e-02 -3.277544927413469228e-02 9.618592188151551441e-04 3.332320416630599191e-02 5.980571329891543747e-02 8.402282146337504420e-02 1.152995692817547074e-01 1.362537399566194352e-01 1.527122532862883186e-01 1.427632007586188134e-01
-1.589498967156260656e-01 -1.187917247527152664e-01 -8.543382560284376592e-02 -6.247498206161530843e-02 -2.945710720799281021e-02 2.146740020756270680e-03 3.196885999116430566e-02 5.779899932333135842e-02 8.566780359940054379e-02 1.101802888289691584e-01 1.427632007586188134e-01 1.687811192133637506e-01
1.764527095957708347e-01 1.523604667997101592e-01 1.216122044673382252e-01 8.654849855143947890e-02 5.941468456495619527e-02 2.793992948943505028e-02 -4.836221489641983132e-03 -3.552606331107040910e-02 -6.128192862942012653e-02 -8.691997252584460210e-02 -1.156583295054163657e-01 -1.492476625539640167e-01
1.523604667997101592e-01 1.678599181197022727e-01 1.544861102829259702e-01 1.160207249815697061e-01 8.598521239605200206e-02 5.638411415511347669e-02 2.695692049879474042e-02 -2.872668512511570606e-03 -3.192430063264124068e-02 -5.819143400215589373e-02 -8.322995430949726992e-02 -1.141767896597940396e-01
1.216122044673382252e-01 1.544861102829259702e-01 1.818464297631640636e-01 1.540511954964083052e-01 1.207965686571302322e-01 8.601183748861100653e-02 5.692928720292407541e-02 2.990968679578562273e-02 -9.734138706375475292e-04 -3.156346972337766010e-02 -5.847026125420635989e-02 -8.601474819937771077e-02
8.654849855143947890e-02 1.160207249815697061e-01 1.540511954964083052e-01 1.669761798875594172e-01 1.515101719307842543e-01 1.149788425121527347e-01 8.225287459261840239e-02 5.745098333333636953e-02 3.046659546102265664e-02 9.953804070734204642e-04 -2.853871338043938166e-02 -5.669192974660647311e-02
5.941468456495619527e-02 8.598521239605200206e-02 1.207965686571302322e-01 1.515101719307842543e-01 1.761808043310083005e-01 1.515923072617999245e-01 1.153506810365576146e-01 8.703654036715502418e-02 6.068461071858194389e-02 3.420506173217009727e-02 3.940042981621844076e-03 -2.805010086402585229e-02
2.793992948943505028e-02 5.638411415511347669e-02 8.601183748861100653e-02 1.149788425121527347e-01 1.515923072617999245e-01 1.631462078946249450e-01 1.418687599057021909e-01 1.152564340922191122e-01 8.617947258714450665e-02 6.127911835211873742e-02 3.481659604175790790e-02 4.535973856416292485e-03
-4.836221489641983132e-03 2.695692049879474042e-02 5.692928720292407541e-02 8.225287459261840239e-02 1.153506810365576146e-01 1.418687599057021909e-01 1.552485232978705609e-01 1.449917157810141077e-01 1.151936389685062345e-01 8.639208616058217938e-02 6.067879498165592439e-02 3.458228450621289585e-02
-3.552606331107040910e-02 -2.872668512511570606e-03 2.990968679578562273e-02 5.745098333333636953e-02 8.703654036715502418e-02 1.152564340922191122e-01 1.449917157810141077e-01 1.690350113598746984e-01 1.510200841392381199e-01 1.184595057642280763e-01 8.719946770264816460e-02 6.134552137312887510e-02
-6.128192862942012653e-02 -3.192430063264124068e-02 -9.734138706375475292e-04 3.046659546102265664e-02 6.068461071858194389e-02 8.617947258714450665e-02 1.151936389685062345e-01 1.510200841392381199e-01 1.678971646877617241e-01 1.484154041313534012e-01 1.147902397830964649e-01 8.526671289800158426e-02
-8.691997252584460210e-02 -5.819143400215589373e-02 -3.156346972337766010e-02 9.953804070734204642e-04 3.420506173217009727e-02 6.127911835211873742e-02 8.639208616058217938e-02 1.184595057642280763e-01 1.484154041313534012e-01 1.634695038528426181e-01 1.428047163765251426e-01 1.130088988573094283e-01
-1.156583295054163657e-01 -8.322995430949726992e-02 -5.847026125420635989e-02 -2.853871338043938166e-02 3.940042981621844076e-03 3.481659604175790790e-02 6.067879498165592439e-02 8.719946770264816460e-02 1.147902397830964649e-01 1.428047163765251426e-01 1.544900977686509691e-01 1.396177342622384465e-01
-1.492476625539640167e-01 -1.141767896597940396e-01 -8.601474819937771077e-02 -5.669192974660647311e-02 -2.805010086402585229e-02 4.535973856416292485e-03 3.458228450621289585e-02 6.134552137312887510e-02 8.526671289800158426e-02 1.130088988573094283e-01 1.396177342622384465e-01 1.573974494411682357e-01
1.596979604302079525e-01 1.449930170759693993e-01 1.178914763743509897e-01 8.848996364138847492e-02 6.136222051148771534e-02 2.691688862493884365e-02 -5.035956197414229348e-03 -3.558719775469033203e-02 -5.931454367881434930e-02 -8.431376666921414076e-02 -1.114325446553109944e-01 -1.414566425534953820e-01
1.449930170759693993e-01 1.637779821617496301e-01 1.522250419106790376e-01 1.207680427911921595e-01 8.949899309233726175e-02 5.441253663095507731e-02 2.776073326709112277e-02 -3.255560983049944623e-03 -3.152870933385579222e-02 -5.659113444274087301e-02 -8.102687065666590305e-02 -1.120624099550062563e-01
1.178914763743509897e-01 1.522250419106790376e-01 1.814311458812513655e-01 1.643180062208566272e-01 1.252351508585015372e-01 8.121238412272974161e-02 5.701623149171317767e-02 2.858002725622901113e-02 -2.086528807441710969e-03 -3.014688126404345067e-02 -5.587240658994498815e-02 -8.456652892848839920e-02
8.848996364138847492e-02 1.207680427911921595e-01 1.643180062208566272e-01 1.965592622514429344e-01 1.672484001660804465e-01 1.115990388456242904e-01 8.455408502140107641e-02 5.779664609143875253e-02 2.923804177114922020e-02 1.483961647881094914e-03 -2.796982169671237070e-02 -5.838993054408878058e-02
6.136222051148771534e-02 8.949899309233726175e-02 1.252351508585015372e-01 1.672484001660804465e-01 1.796805906537026487e-01 1.348433482310792408e-01 1.122099011343625774e-01 8.508444012104751653e-02 5.729614177296307731e-02 3.336350831152053165e-02 4.121289609534477781e-03 -2.941996998445923009e-02
2.691688862493884365e-02 5.441253663095507731e-02 8.121238412272974161e-02 1.115990388456242904e-01 1.348433482310792408e-01 1.285283159840131528e-01 1.287344561738126281e-01 1.083436739473759569e-01 7.871823845140163423e-02 5.707699887379225762e-02 3.349289677383152086e-02 4.401566506418846947e-03
-5.035956197414229348e-03 2.776073326709112277e-02 5.701623149171317767e-02 8.455408502140107641e-02 1.122099011343625774e-01 1.287344561738126281e-01 1.631534610714883149e-01 1.553323710930319124e-01 1.180931573358197650e-01 8.962327335999054068e-02 6.506848017068181389e-02 3.777963805423607824e-02
-3.558719775469033203e-02 -3.255560983049944623e-03 2.858002725622901113e-02 5.779664609143875253e-02 8.508444012104751653e-02 1.083436739473759569e-01 1.553323710930319124e-01 1.795764042077050426e-01 1.514974532471896618e-01 1.197453008678242836e-01 9.069787762821475419e-02 6.461201331330515552e-02
-5.931454367881434930e-02 -3.152870933385579222e-02 -2.086528807441710969e-03 2.923804177114922020e-02 5.729614177296307731e-02 7.871823845140163423e-02 1.180931573358197650e-01 1.514974532471896618e-01 1.616936861094065425e-01 1.463682653031597725e-01 1.161231244917497185e-01 8.657532411981562481e-02
-8.431376666921414076e-02 -5.659113444274087301e-02 -3.014688126404345067e-02 1.483961647881094914e-03 3.336350831152053165e-02 5.707699887379225762e-02 8.962327335999054068e-02 1.197453008678242836e-01 1.463682653031597725e-01 1.673561462977576075e-01 1.485559239551371979e-01 1.160046592625013639e-01
-1.114325446553109944e-01 -8.102687065666590305e-02 -5.587240658994498815e-02 -2.796982169671237070e-02 4.121289609534477781e-03 3.349289677383152086e-02 6.506848017068181389e-02 9.069787762821475419e-02 1.161231244917497185e-01 1.485559239551371979e-01 1.616471149828089815e-01 1.425848210066724686e-01
-1.414566425534953820e-01 -1.120624099550062563e-01 -8.456652892848839920e-02 -5.838993054408878058e-02 -2.941996998445923009e-02 4.401566506418846947e-03 3.777963805423607824e-02 6.461201331330515552e-02 8.657532411981562481e-02 1.160046592625013639e-01 1.425848210066724686e-01 1.568979299684667983e-01
1.769746214573422460e-01 1.554926980483160304e-01 1.140392817174639001e-01 8.638096736423138411e-02 5.659245448597399752e-02 2.975030856955880598e-02 -1.696287736631924394e-04 -3.061554579926299008e-02 -6.035972385752780972e-02 -8.466384844340993365e-02 -1.203843906720057783e-01 -1.553053832024617886e-01
1.554926980483160304e-01 1.730456993886804740e-01 1.443213489448197107e-01 1.180534743854225743e-01 8.440194718708213251e-02 5.929432805341625784e-02 3.174093937988711756e-02 9.572414631919207509e-04 -3.107934642190071650e-02 -5.791883202243990059e-02 -8.825785525298421308e-02 -1.197745938105737040e-01
1.140392817174639001e-01 1.443213489448197107e-01 1.528541607976264816e-01 1.457539338830804443e-01 1.118940519525999377e-01 8.441436441380011091e-02 5.824288152380797251e-02 3.196646137612461913e-02 3.084644908793281182e-03 -2.714812546401419724e-02 -5.696049726148844083e-02 -8.316516653002678505e-02
8.638096736423138411e-02 1.180534743854225743e-01 1.457539338830804443e-01 1.749062107175413661e-01 1.512765504763438629e-01 1.205615213306478611e-01 8.833688257641310326e-02 6.195279280701046498e-02 3.646028257628691760e-02 3.705235192218846174e-03 -2.933965367505138311e-02 -5.805810540741537101e-02
5.659245448597399752e-02 8.440194718708213251e-02 1.118940519525999377e-01 1.512765504763438629e-01 1.642416341430069093e-01 1.496308026077173836e-01 1.153513240219315450e-01 8.526978845054043743e-02 6.218572235225333644e-02 3.294603733717863664e-02 3.334266525064138662e-03 -2.750360831422874602e-02
2.975030856955880598e-02 5.929432805341625784e-02 8.441436441380011091e-02 1.205615213306478611e-01 1.496308026077173836e-01 1.717513396171588547e-01 1.485742123135087023e-01 1.154642686270605234e-01 8.914675601292171292e-02 5.956793166782724941e-02 3.423929306795053806e-02 3.209863923115714810e-03
-1.696287736631924394e-04 3.174093937988711756e-02 5.824288152380797251e-02 8.833688257641310326e-02 1.153513240219315450e-01 1.485742123135087023e-01 1.593919261987704061e-01 1.408520487423285950e-01 1.162254931917379580e-01 8.260425955143975429e-02 5.912780710601888562e-02 3.188385006890798873e-02
-3.061554579926299008e-02 9.572414631919207509e-04 3.196646137612461913e-02 6.195279280701046498e-02 8.526978845054043743e-02 1.154642686270605234e-01 1.408520487423285950e-01 1.560305844884962434e-01 1.470452750067554049e-01 1.108854402779829440e-01 8.470881068592471530e-02 5.843448362634648396e-02
-6.035972385752780972e-02 -3.107934642190071650e-02 3.084644908793281182e-03 3.646028257628691760e-02 6.218572235225333644e-02 8.914675601292171292e-02 1.162254931917379580e-01 1.470452750067554049e-01 1.706155315989043297e-01 1.442678782552027084e-01 1.178843610092239619e-01 8.746199754247786784e-02
-8.466384844340993365e-02 -5.791883202243990059e-02 -2.714812546401419724e-02 3.705235192218846174e-03 3.294603733717863664e-02 5.956793166782724941e-02 8.260425955143975429e-02 1.108854402779829440e-01 1.442678782552027084e-01 1.520940704032910651e-01 1.440262140643342459e-01 1.144628961643245901e-01
-1.203843906720057783e-01 -8.825785525298421308e-02 -5.696049726148844083e-02 -2.933965367505138311e-02 3.334266525064138662e-03 3.423929306795053806e-02 5.912780710601888562e-02 8.470881068592471530e-02 1.178843610092239619e-01 1.440262140643342459e-01 1.723691066603533217e-01 1.549417825065026177e-01
-1.553053832024617886e-01 -1.197745938105737040e-01 -8.316516653002678505e-02 -5.805810540741537101e-02 -2.750360831422874602e-02 3.209863923115714810e-03 3.188385006890798873e-02 5.843448362634648396e-02 8.746199754247786784e-02 1.144628961643245901e-01 1.549417825065026177e-01 1.757251145288279137e-01
1.677723980139203541e-01 1.482261615265626498e-01 1.153622888911279981e-01 8.503946271898848996e-02 5.354649946990422404e-02 2.294216671904544119e-02 -9.440158884433686587e-03 -3.947889514935611771e-02 -6.075544287789816367e-02 -8.796256348137170000e-02 -1.187469582681816432e-01 -1.476871249932372732e-01
1.482261615265626498e-01 1.637684071018746801e-01 1.476931817387727719e-01 1.190000056543334683e-01 8.318489661466248186e-02 5.388575693250392817e-02 2.396045754979886366e-02 -7.087483052248278945e-03 -3.378591666267542759e-02 -6.032961057189066556e-02 -8.606955673621519143e-02 -1.143440892728686820e-01
1.153622888911279981e-01 1.476931817387727719e-01 1.736054873813471233e-01 1.640003834863096033e-01 1.202789267456346456e-01 8.492418591539331596e-02 5.666404920282380742e-02 2.861652705495234400e-02 -1.708847139901647876e-03 -3.030645861163029642e-02 -5.666999357055506337e-02 -8.231326299053867701e-02
8.503946271898848996e-02 1.190000056543334683e-01 1.640003834863096033e-01 2.036811547033568481e-01 1.664207576998397720e-01 1.215768264100391682e-01 8.823906421907565245e-02 6.183123255260000728e-02 3.151587572833339235e-02 3.881868600335581718e-03 -2.545265464054506308e-02 -5.413627957596330031e-02
5.354649946990422404e-02 8.318489661466248186e-02 1.202789267456346456e-01 1.664207576998397720e-01 1.757170920714058726e-01 1.472154584034186531e-01 1.143617369063066602e-01 8.642339876254798159e-02 5.650795525324272400e-02 3.458010848134480258e-02 8.739247739031643508e-03 -2.206307172970189967e-02
2.294216671904544119e-02 5.388575693250392817e-02 8.492418591539331596e-02 1.215768264100391682e-01 1.472154584034186531e-01 1.594145404676850231e-01 1.432511550171934045e-01 1.160296528807376049e-01 8.063589448304485374e-02 5.978339793977903438e-02 3.840968201817094446e-02 9.488773616707163461e-03
-9.440158884433686587e-03 2.396045754979886366e-02 5.666404920282380742e-02 8.823906421907565245e-02 1.143617369063066602e-01 1.432511550171934045e-01 1.611227302316920462e-01 1.471299497875772078e-01 1.080331234961772469e-01 8.473365993040354871e-02 6.439163054708624268e-02 3.909315163408202953e-02
-3.947889514935611771e-02 -7.087483052248278945e-03 2.861652705495234400e-02 6.183123255260000728e-02 8.642339876254798159e-02 1.160296528807376049e-01 1.471299497875772078e-01 1.616773293894813723e-01 1.323099695739102799e-01 1.116880801462857009e-01 8.993374914792806596e-02 6.493597472664230930e-02
-6.075544287789816367e-02 -3.378591666267542759e-02 -1.708847139901647876e-03 3.151587572833339235e-02 5.650795525324272400e-02 8.063589448304485374e-02 1.080331234961772469e-01 1.323099695739102799e-01 1.324347471746807059e-01 1.295254332487545956e-01 1.121417862199110410e-01 8.431402852786354374e-02
-8.796256348137170000e-02 -6.032961057189066556e-02 -3.030645861163029642e-02 3.881868600335581718e-03 3.458010848134480258e-02 5.978339793977903438e-02 8.473365993040354871e-02 1.116880801462857009e-01 1.295254332487545956e-01 1.566826278676830553e-01 1.518976795189345419e-01 1.179681241088030574e-01
-1.187469582681816432e-01 -8.606955673621519143e-02 -5.666999357055506337e-02 -2.545265464054506308e-02 8.739247739031643508e-03 3.840968201817094446e-02 6.439163054708624268e-02 8.993374914792806596e-02 1.121417862199110410e-01 1.518976795189345419e-01 1.784225664404943124e-01 1.530694134842916776e-01
-1.476871249932372732e-01 -1.143440892728686820e-01 -8.231326299053867701e-02 -5.413627957596330031e-02 -2.206307172970189967e-02 9.488773616707163461e-03 3.909315163408202953e-02 6.493597472664230930e-02 8.431402852786354374e-02 1.179681241088030574e-01 1.530694134842916776e-01 1.657009191563794115e-01
1.657267376285615212e-01 1.457325217616660951e-01 1.145367453266906144e-01 8.470472249044327939e-02 6.047440588606459860e-02 3.234912284940055088e-02 3.180777992508813934e-03 -2.819904154219851980e-02 -5.789818312796241040e-02 -8.388978496945237451e-02 -1.174974083819774751e-01 -1.544975470365843873e-01
1.457325217616660951e-01 1.621982255104579274e-01 1.451111877679426287e-01 1.146172761600123824e-01 8.769750043379340165e-02 5.965194750914250971e-02 3.415273407686247181e-02 4.277517420144770315e-03 -2.837479526350634648e-02 -5.632277994495284157e-02 -8.466422294375584856e-02 -1.176834080320560416e-01
1.145367453266906144e-01 1.451111877679426287e-01 1.607679048826540780e-01 1.446957089309930666e-01 1.180181556222293926e-01 8.477039631809149545e-02 6.001805532233585316e-02 3.436454634548194442e-02 2.928705562302164229e-03 -2.855740523722933438e-02 -5.751728386701965290e-02 -8.618904641920066556e-02
8.470472249044327939e-02 1.146172761600123824e-01 1.446957089309930666e-01 1.645879412993503099e-01 1.532741263864219050e-01 1.150043387361560365e-01 8.544280316730368252e-02 6.109031569953940477e-02 3.379587555557702488e-02 2.146085154437326475e-03 -2.938772387880011008e-02 -5.896228967269415144e-02
6.047440588606459860e-02 8.769750043379340165e-02 1.180181556222293926e-01 1.532741263864219050e-01 1.782207171976454840e-01 1.485575412051821365e-01 1.160336063843760979e-01 8.832202493859793446e-02 6.213880394394200035e-02 3.262691540963863490e-02 1.046766114027924879e-03 -3.215766844681210157e-02
3.234912284940055088e-02 5.965194750914250971e-02 8.477039631809149545e-02 1.150043387361560365e-01 1.485575412051821365e-01 1.528133628137770539e-01 1.366127651989890723e-01 1.122632678653444488e-01 8.471774815005597703e-02 5.665627295215948378e-02 3.002287535879794717e-02 -9.598051431989700327e-04
3.180777992508813934e-03 3.415273407686247181e-02 6.001805532233585316e-02 8.544280316730368252e-02 1.160336063843760979e-01 1.366127651989890723e-01 1.533780192448994384e-01 1.449513051912502126e-01 1.167489212219520178e-01 8.321304743048531238e-02 5.734517260770526093e-02 2.990261381694576601e-02
-2.819904154219851980e-02 4.277517420144770315e-03 3.436454634548194442e-02 6.109031569953940477e-02 8.832202493859793446e-02 1.122632678653444488e-01 1.449513051912502126e-01 1.711174135157664811e-01 1.555507437313686236e-01 1.163984488863566147e-01 8.577747183885890692e-02 5.971144323314751812e-02
-5.789818312796241040e-02 -2.837479526350634648e-02 2.928705562302164229e-03 3.379587555557702488e-02 6.213880394394200035e-02 8.471774815005597703e-02 1.167489212219520178e-01 1.555507437313686236e-01 1.763244387396511181e-01 1.489190191490200044e-01 1.169781010966627899e-01 8.829604090791765003e-02
-8.388978496945237451e-02 -5.632277994495284157e-02 -2.855740523722933438e-02 2.146085154437326475e-03 3.262691540963863490e-02 5.665627295215948378e-02 8.321304743048531238e-02 1.163984488863566147e-01 1.489190191490200044e-01 1.600081000644054674e-01 1.459087494502063487e-01 1.182075314788513520e-01
-1.174974083819774751e-01 -8.466422294375584856e-02 -5.751728386701965290e-02 -2.938772387880011008e-02 1.046766114027924879e-03 3.002287535879794717e-02 5.734517260770526093e-02 8.577747183885890692e-02 1.169781010966627899e-01 1.459087494502063487e-01 1.705425196885985151e-01 1.577555150561498198e-01
-1.544975470365843873e-01 -1.176834080320560416e-01 -8.618904641920066556e-02 -5.896228967269415144e-02 -3.215766844681210157e-02 -9.598051431989700327e-04 2.990261381694576601e-02 5.971144323314751812e-02 8.829604090791765003e-02 1.182075314788513520e-01 1.577555150561498198e-01 1.843146194142318284e-01
1.631416806693689880e-01 1.508781291026795313e-01 1.082312506234370253e-01 8.746185649245589999e-02 5.416638214095542692e-02 2.670060494428506265e-02 -5.849565455162204948e-03 -3.612244721228657224e-02 -5.948233354315957122e-02 -8.970817297854313810e-02 -1.111308327137716656e-01 -1.417060110099445658e-01
1.508781291026795313e-01 1.674157806804503212e-01 1.360904791315357965e-01 1.209304066529081900e-01 8.132960753433317314e-02 5.544233934595491770e-02 2.529664016173936714e-02 -8.052409052300446915e-03 -3.682750798734054504e-02 -6.648871090466416944e-02 -8.691840959297561509e-02 -1.178108870279618026e-01
1.082312506234370253e-01 1.360904791315357965e-01 1.454938122943065792e-01 1.567370163398541238e-01 1.103007814097195644e-01 8.060814161130293309e-02 5.392576197442928987e-02 2.437002091865021064e-02 -5.666565523165031405e-03 -3.452882032089173853e-02 -5.573151340528081227e-02 -8.020889987794679876e-02
8.746185649245589999e-02 1.209304066529081900e-01 1.567370163398541238e-01 2.158702183007676079e-01 1.638911817921200331e-01 1.239659353014779947e-01 9.109231385517171931e-02 5.995449554907429646e-02 2.688843573335138529e-02 -3.631405391481836407e-03 -3.280403062438472933e-02 -6.015511921209092810e-02
5.416638214095542692e-02 8.132960753433317314e-02 1.103007814097195644e-01 1.638911817921200331e-01 1.570905578873963426e-01 1.416115139241463927e-01 1.137797347237839568e-01 8.119773195057700121e-02 5.037465639303113224e-02 2.821956030555059641e-02 2.559852276100434663e-05 -2.791229826346612944e-02
2.670060494428506265e-02 5.544233934595491770e-02 8.060814161130293309e-02 1.239659353014779947e-01 1.416115139241463927e-01 1.723313209152392833e-01 1.603651297559828270e-01 1.198980517654838207e-01 8.011438708994181312e-02 5.998483965994546446e-02 3.217319662839288746e-02 3.157899575727643113e-03
-5.849565455162204948e-03 2.529664016173936714e-02 5.392576197442928987e-02 9.109231385517171931e-02 1.137797347237839568e-01 1.603651297559828270e-01 1.867515060492065115e-01 1.546254938152925029e-01 1.089879825750030284e-01 8.805059876032057808e-02 6.026695565035011803e-02 3.450799246013070559e-02
-3.612244721228657224e-02 -8.052409052300446915e-03 2.437002091865021064e-02 5.995449554907429646e-02 8.119773195057700121e-02 1.198980517654838207e-01 1.546254938152925029e-01 1.579685617625569416e-01 1.286734852163276543e-01 1.150807957536609388e-01 8.448069699292432011e-02 5.990163710938388453e-02
-5.948233354315957122e-02 -3.682750798734054504e-02 -5.666565523165031405e-03 2.688843573335138529e-02 5.037465639303113224e-02 8.011438708994181312e-02 1.089879825750030284e-01 1.286734852163276543e-01 1.359171232093862869e-01 1.439059468344698056e-01 1.113691267980881361e-01 8.206623836945831085e-02
-8.970817297854313810e-02 -6.648871090466416944e-02 -3.452882032089173853e-02 -3.631405391481836407e-03 2.821956030555059641e-02 5.998483965994546446e-02 8.805059876032057808e-02 1.150807957536609388e-01 1.439059468344698056e-01 1.869957831266103876e-01 1.569776969139999312e-01 1.189188241065454177e-01
-1.111308327137716656e-01 -8.691840959297561509e-02 -5.573151340528081227e-02 -3.280403062438472933e-02 2.559852276100434663e-05 3.217319662839288746e-02 6.026695565035011803e-02 8.448069699292432011e-02 1.113691267980881361e-01 1.569776969139999312e-01 1.593885847125595112e-01 1.373606538017748957e-01
-1.417060110099445658e-01 -1.178108870279618026e-01 -8.020889987794679876e-02 -6.015511921209092810e-02 -2.791229826346612944e-02 3.157899575727643113e-03 3.450799246013070559e-02 5.990163710938388453e-02 8.206623836945831085e-02 1.189188241065454177e-01 1.373606538017748957e-01 1.516350703921532650e-01
1.649546507570986975e-01 1.517228877259826914e-01 1.179020984263835226e-01 7.925084347413813290e-02 5.454640105969985053e-02 2.715232833826106140e-02 -1.913993851932290890e-03 -3.046998768738204411e-02 -5.628855730466229834e-02 -8.330782003595033069e-02 -1.192584414268519633e-01 -1.542758062053947166e-01
1.517228877259826914e-01 1.813464427283552061e-01 1.591024265203707100e-01 1.129150494502843965e-01 8.491025526813653079e-02 5.773472573000354435e-02 3.082148845865151365e-02 1.256489091717611327e-03 -2.908076276851854353e-02 -5.805484331585788332e-02 -8.885523601725196785e-02 -1.210490437711790601e-01
1.179020984263835226e-01 1.591024265203707100e-01 1.735964602322245531e-01 1.401551643389505331e-01 1.152990178052066828e-01 8.567204745057335757e-02 6.007365943808840036e-02 3.416060583901483344e-02 4.000895315075485639e-03 -2.801716834935451261e-02 -5.976424806613065549e-02 -8.833352095232319123e-02
7.925084347413813290e-02 1.129150494502843965e-01 1.401551643389505331e-01 1.450824234780448141e-01 1.414084874244660728e-01 1.132448472899036107e-01 8.440387844781610527e-02 6.042603134155132005e-02 3.505388844741495757e-02 5.788495207383712905e-03 -2.576720187168640708e-02 -5.457280744344110424e-02
5.454640105969985053e-02 8.491025526813653079e-02 1.152990178052066828e-01 1.414084874244660728e-01 1.738882909158851464e-01 1.555678728271741584e-01 1.203667274604884319e-01 9.012393870040910637e-02 6.422400857142963881e-02 3.701585874720748903e-02 6.079349828641776241e-03 -2.682760831135294968e-02
2.715232833826106140e-02 5.773472573000354435e-02 8.567204745057335757e-02 1.132448472899036107e-01 1.555678728271741584e-01 1.713752369374248463e-01 1.490022601744805386e-01 1.167337753750822132e-01 8.685610205372203130e-02 6.057486841777715708e-02 3.471442872077054598e-02 3.943659539385133313e-03
-1.913993851932290890e-03 3.082148845865151365e-02 6.007365943808840036e-02 8.440387844781610527e-02 1.203667274604884319e-01 1.490022601744805386e-01 1.644710141238977519e-01 1.464724906061277698e-01 1.146512345036995034e-01 8.432518638930371069e-02 5.988150977242749640e-02 3.334913508535783389e-02
-3.046998768738204411e-02 1.256489091717611327e-03 3.416060583901483344e-02 6.042603134155132005e-02 9.012393870040910637e-02 1.167337753750822132e-01 1.464724906061277698e-01 1.619444359730544125e-01 1.419675848994270129e-01 1.110875696449694916e-01 8.477952697357882261e-02 5.959894940649856226e-02
-5.628855730466229834e-02 -2.908076276851854353e-02 4.000895315075485639e-03 3.505388844741495757e-02 6.422400857142963881e-02 8.685610205372203130e-02 1.146512345036995034e-01 1.419675848994270129e-01 1.507355645176930992e-01 1.340192212795198734e-01 1.115621110888779799e-01 8.486925753184981769e-02
-8.330782003595033069e-02 -5.805484331585788332e-02 -2.801716834935451261e-02 5.788495207383712905e-03 3.701585874720748903e-02 6.057486841777715708e-02 8.432518638930371069e-02 1.110875696449694916e-01 1.340192212795198734e-01 1.484191427025204901e-01 1.437991963966574471e-01 1.175737219436827630e-01
-1.192584414268519633e-01 -8.885523601725196785e-02 -5.976424806613065549e-02 -2.576720187168640708e-02 6.079349828641776241e-03 3.471442872077054598e-02 5.988150977242749640e-02 8.477952697357882261e-02 1.115621110888779799e-01 1.437991963966574471e-01 1.761794356714659338e-01 1.625362428054364927e-01
-1.542758062053947166e-01 -1.210490437711790601e-01 -8.833352095232319123e-02 -5.457280744344110424e-02 -2.682760831135294968e-02 3.943659539385133313e-03 3.334913508535783389e-02 5.959894940649856226e-02 8.486925753184981769e-02 1.175737219436827630e-01 1.625362428054364927e-01 1.880069019623341608e-01
1.594478754197330983e-01 1.521620543801802672e-01 1.176371875434805980e-01 8.411341316068640661e-02 5.659028605642703325e-02 2.471147895938198558e-02 -8.364520063146167403e-03 -3.700738087293029693e-02 -6.114601600163967199e-02 -8.684111335548684585e-02 -1.098584522106797051e-01 -1.395384938367996153e-01
1.521620543801802672e-01 1.835826794666321482e-01 1.601511529796499356e-01 1.200300587310224321e-01 8.795652670046855137e-02 5.716220601530873358e-02 2.484803354769127282e-02 -6.525058674207375939e-03 -3.544873238977967744e-02 -6.234494724974090629e-02 -8.476952724360958813e-02 -1.161020001062362250e-01
1.176371875434805980e-01 1.601511529796499356e-01 1.791515474816884890e-01 1.535786166321078117e-01 1.198427808026174407e-01 8.573263028339753178e-02 5.505418662474455271e-02 2.653636944588762259e-02 -3.351435818354622179e-03 -3.302113081187050408e-02 -5.744521300433290401e-02 -8.470072041506612748e-02
8.411341316068640661e-02 1.200300587310224321e-01 1.535786166321078117e-01 1.712981208998830829e-01 1.547217741405983171e-01 1.178695106377494750e-01 8.269503730180582934e-02 5.555743106375998774e-02 2.878174507638417423e-02 9.967820582749368358e-06 -2.868307011802798817e-02 -5.638244537345131480e-02
5.659028605642703325e-02 8.795652670046855137e-02 1.198427808026174407e-01 1.547217741405983171e-01 1.802861632842912565e-01 1.564938569235930776e-01 1.164515298317338188e-01 8.476492461932609579e-02 5.869493828548606046e-02 3.371198737319376637e-02 3.450435253521809409e-03 -2.719107540357776354e-02
2.471147895938198558e-02 5.716220601530873358e-02 8.573263028339753178e-02 1.178695106377494750e-01 1.564938569235930776e-01 1.731649290799895102e-01 1.472356414773058342e-01 1.148992916383343582e-01 8.581249326578133108e-02 6.294587857182895596e-02 3.556684603065995987e-02 6.901866690365406759e-03
-8.364520063146167403e-03 2.484803354769127282e-02 5.505418662474455271e-02 8.269503730180582934e-02 1.164515298317338188e-01 1.472356414773058342e-01 1.580353025144202173e-01 1.413321813765004431e-01 1.131143126445263158e-01 8.826785631059692883e-02 6.143307081432060335e-02 3.749347244583661753e-02
-3.700738087293029693e-02 -6.525058674207375939e-03 2.653636944588762259e-02 5.555743106375998774e-02 8.476492461932609579e-02 1.148992916383343582e-01 1.413321813765004431e-01 1.569628081825324428e-01 1.426706002524398831e-01 1.180079693622176767e-01 8.581309646929134727e-02 6.238929166978199325e-02
-6.114601600163967199e-02 -3.544873238977967744e-02 -3.351435818354622179e-03 2.878174507638417423e-02 5.869493828548606046e-02 8.581249326578133108e-02 1.131143126445263158e-01 1.426706002524398831e-01 1.612555381558989920e-01 1.507936607772124016e-01 1.140871742314106263e-01 8.606687220705762364e-02
-8.684111335548684585e-02 -6.234494724974090629e-02 -3.302113081187050408e-02 9.967820582749368358e-06 3.371198737319376637e-02 6.294587857182895596e-02 8.826785631059692883e-02 1.180079693622176767e-01 1.507936607772124016e-01 1.741405630176479646e-01 1.461885307532903300e-01 1.157851403417595876e-01
-1.098584522106797051e-01 -8.476952724360958813e-02 -5.744521300433290401e-02 -2.868307011802798817e-02 3.450435253521809409e-03 3.556684603065995987e-02 6.143307081432060335e-02 8.581309646929134727e-02 1.140871742314106263e-01 1.461885307532903300e-01 1.509826988945262849e-01 1.361867171112053632e-01
-1.395384938367996153e-01 -1.161020001062362250e-01 -8.470072041506612748e-02 -5.638244537345131480e-02 -2.719107540357776354e-02 6.901866690365406759e-03 3.749347244583661753e-02 6.238929166978199325e-02 8.606687220705762364e-02 1.157851403417595876e-01 1.361867171112053632e-01 1.516917736027574570e-01
1.928746104483817225e-01 1.602963862400663686e-01 1.180448395619103918e-01 8.914284489626621288e-02 6.007844322416679844e-02 3.472628498078278447e-02 4.610215971482369349e-03 -2.661828382354502337e-02 -5.679283967613721340e-02 -8.524741341853236953e-02 -1.210977411160455153e-01 -1.591803735030131450e-01
1.602963862400663686e-01 1.698114238054494463e-01 1.433451600259093850e-01 1.164327675218515268e-01 8.454137473031125838e-02 6.163235484471806663e-02 3.424541834229631598e-02 7.543634275648337939e-03 -2.374354207668676400e-02 -5.391959134659782271e-02 -8.459012362850064359e-02 -1.175783591813045204e-01
1.180448395619103918e-01 1.433451600259093850e-01 1.543451461670066194e-01 1.447007459569415178e-01 1.118672372107117757e-01 8.620504297399052274e-02 5.827889582741997004e-02 3.729097854196675860e-02 8.867648517009425399e-03 -2.366935570561190874e-02 -5.471096783369512606e-02 -8.253309446771905922e-02
8.914284489626621288e-02 1.164327675218515268e-01 1.447007459569415178e-01 1.687161110665658381e-01 1.463434046246590847e-01 1.189777695232811933e-01 8.426363473126860515e-02 6.412549687944338328e-02 3.895107267683332875e-02 6.461757018712894346e-03 -2.729948149029051349e-02 -5.753672180169049771e-02
6.007844322416679844e-02 8.454137473031125838e-02 1.118672372107117757e-01 1.463434046246590847e-01 1.568622345566548781e-01 1.444224558387558754e-01 1.078568659121405260e-01 8.635299485856141877e-02 6.294421914680853325e-02 3.511628828580289768e-02 4.546792928928726496e-03 -2.822249346296359582e-02
3.472628498078278447e-02 6.163235484471806663e-02 8.620504297399052274e-02 1.189777695232811933e-01 1.444224558387558754e-01 1.623541448483617478e-01 1.352907985228133936e-01 1.157934477390251127e-01 8.947439183351921232e-02 6.169397032600193453e-02 3.454967863518530746e-02 6.781297937554454577e-04
4.610215971482369349e-03 3.424541834229631598e-02 5.827889582741997004e-02 8.426363473126860515e-02 1.078568659121405260e-01 1.352907985228133936e-01 1.383008405259842921e-01 1.366105681745031775e-01 1.128904104802567199e-01 8.201602582007699871e-02 5.709744172702908849e-02 2.786274526712685662e-02
-2.661828382354502337e-02 7.543634275648337939e-03 3.729097854196675860e-02 6.412549687944338328e-02 8.635299485856141877e-02 1.157934477390251127e-01 1.366105681745031775e-01 1.675518233860828488e-01 1.553009886142806550e-01 1.177131621833877873e-01 8.688941229011101774e-02 5.695393070780706279e-02
-5.679283967613721340e-02 -2.374354207668676400e-02 8.867648517009425399e-03 3.895107267683332875e-02 6.294421914680853325e-02 8.947439183351921232e-02 1.128904104802567199e-01 1.553009886142806550e-01 1.780772625636223572e-01 1.519718444710817518e-01 1.188962941772443022e-01 8.469114832385574165e-02
-8.524741341853236953e-02 -5.391959134659782271e-02 -2.366935570561190874e-02 6.461757018712894346e-03 3.511628828580289768e-02 6.169397032600193453e-02 8.201602582007699871e-02 1.177131621833877873e-01 1.519718444710817518e-01 1.661735556154834703e-01 1.504133357081909872e-01 1.149469935822133443e-01
-1.210977411160455153e-01 -8.459012362850064359e-02 -5.471096783369512606e-02 -2.729948149029051349e-02 4.546792928928726496e-03 3.454967863518530746e-02 5.709744172702908849e-02 8.688941229011101774e-02 1.188962941772443022e-01 1.504133357081909872e-01 1.736623029200003998e-01 1.518438980443869712e-01
-1.591803735030131450e-01 -1.175783591813045204e-01 -8.253309446771905922e-02 -5.753672180169049771e-02 -2.822249346296359582e-02 6.781297937554454577e-04 2.786274526712685662e-02 5.695393070780706279e-02 8.469114832385574165e-02 1.149469935822133443e-01 1.518438980443869712e-01 1.712705440964069625e-01
