4.154421565875446865e-01 2.928058591944884270e-01 -9.423767310440282416e-03 -9.824159133928206389e-02 -4.688838973036176666e-02 3.749269627409622385e-02 7.622599711465742611e-02 -1.369758334923608031e-02 -8.956429544844303481e-02 -2.504294700217400346e-02 1.370399042666134992e-01 3.223947517629840998e-01
2.928058591944884270e-01 6.229247224015219686e-01 3.271309446880501515e-01 4.996188931488638324e-02 -9.432959383698079348e-02 -8.879856388058729455e-02 -1.454373871765008569e-02 7.350368372597693156e-02 3.300846129362906833e-02 -7.006742622960933364e-02 -6.782770267729804070e-02 2.661243887389902474e-02
-9.423767310440282416e-03 3.271309446880501515e-01 3.707819626834240045e-01 2.679178235565918831e-01 1.203786317870977340e-01 -1.426994482294450910e-02 -7.960853787969938977e-02 -1.002316492433319613e-02 6.643942969275379307e-02 3.194891491946171003e-02 -7.014903831678731549e-02 -1.295666192211550050e-01
-9.824159133928206389e-02 4.996188931488638324e-02 2.679178235565918831e-01 3.710957932302741957e-01 3.215241342944304970e-01 1.385316357780297936e-01 -2.981403270744955453e-02 -9.218595675476268236e-02 1.096046650165626024e-03 7.983155868453174764e-02 1.769627085455647772e-02 -6.824916370174624602e-02
-4.688838973036176666e-02 -9.432959383698079348e-02 1.203786317870977340e-01 3.215241342944304970e-01 3.966689811234573870e-01 2.667803318107078159e-01 1.079946131256298986e-01 -7.750636571580318823e-02 -7.671233928725812445e-02 3.640512714016983647e-02 7.387158967015985955e-02 4.959956292362951991e-02
3.749269627409622385e-02 -8.879856388058729455e-02 -1.426994482294450910e-02 1.385316357780297936e-01 2.667803318107078159e-01 2.838404553293464860e-01 2.710387938518626361e-01 7.737765897493975586e-02 -7.437355689009145232e-02 -6.248598164813051747e-02 3.696847582233581120e-02 9.267950975911616596e-02
7.622599711465742611e-02 -1.454373871765008569e-02 -7.960853787969938977e-02 -2.981403270744955453e-02 1.079946131256298986e-01 2.710387938518626361e-01 4.713187377332571648e-01 3.466691395717272917e-01 3.693283625850293794e-02 -1.311793310179708572e-01 -4.856308450654601983e-02 4.783019352816882119e-02
-1.369758334923608031e-02 7.350368372597693156e-02 -1.002316492433319613e-02 -9.218595675476268236e-02 -7.750636571580318823e-02 7.737765897493975586e-02 3.466691395717272917e-01 4.739575643805582494e-01 2.844757189334858327e-01 3.671760432463870572e-02 -7.483325267376432499e-02 -8.888565284436783509e-02
-8.956429544844303481e-02 3.300846129362906833e-02 6.643942969275379307e-02 1.096046650165626024e-03 -7.671233928725812445e-02 -7.437355689009145232e-02 3.693283625850293794e-02 2.844757189334858327e-01 4.185927420300954993e-01 3.432252217494782820e-01 7.535866069731164685e-02 -7.746975063776570525e-02
-2.504294700217400346e-02 -7.006742622960933364e-02 3.194891491946171003e-02 7.983155868453174764e-02 3.640512714016983647e-02 -6.248598164813051747e-02 -1.311793310179708572e-01 3.671760432463870572e-02 3.432252217494782820e-01 5.177836399948272383e-01 2.754467253709612651e-01 1.094254798996804889e-01
1.370399042666134992e-01 -6.782770267729804070e-02 -7.014903831678731549e-02 1.769627085455647772e-02 7.387158967015985955e-02 3.696847582233581120e-02 -4.856308450654601983e-02 -7.483325267376432499e-02 7.535866069731164685e-02 2.754467253709612651e-01 2.656459082318503029e-01 2.569673717145778413e-01
3.223947517629840998e-01 2.661243887389902474e-02 -1.295666192211550050e-01 -6.824916370174624602e-02 4.959956292362951991e-02 9.267950975911616596e-02 4.783019352816882119e-02 -8.888565284436783509e-02 -7.746975063776570525e-02 1.094254798996804889e-01 2.569673717145778413e-01 3.919473362738342681e-01
5.470581539788974546e-01 3.482759981445311959e-01 9.067392102903223949e-02 -9.666785952306071461e-02 -6.759599583797998301e-02 2.780405517976949209e-03 6.018762639574778972e-02 1.476493522947294572e-02 -6.327596639391717959e-02 -5.232696077177236699e-02 5.101020701735712454e-02 2.904616564056632377e-01
3.482759981445311959e-01 3.943083244102296159e-01 2.446454973840407332e-01 6.858281342772422351e-02 -5.953272979496686268e-02 -8.934941909170622532e-02 1.117080644481672352e-02 8.312183951021812067e-02 2.917793520030127069e-02 -8.875529074929736084e-02 -1.350778104353231868e-01 1.133819013754758590e-02
9.067392102903223949e-02 2.446454973840407332e-01 3.095827476572912129e-01 3.255859348039218393e-01 8.350204748431398760e-02 -6.212271715817585527e-02 -6.508855956904008311e-02 3.147770757846951595e-02 6.833836132181242418e-02 -1.080065646682619104e-02 -8.852167456427245673e-02 -7.860493934792125992e-02
-9.666785952306071461e-02 6.858281342772422351e-02 3.255859348039218393e-01 5.963013490799535798e-01 2.952183086301846116e-01 8.175829450259217146e-02 -8.244688889318513292e-02 -6.836672774983555689e-02 2.801849980742730784e-02 7.041371155956435701e-02 4.879628512891057146e-02 -3.803160796298966917e-02
-6.759599583797998301e-02 -5.953272979496686268e-02 8.350204748431398760e-02 2.952183086301846116e-01 2.496458065729313947e-01 2.345566420852643053e-01 9.746794617752069234e-02 -5.036605588791252808e-02 -7.586042470245760172e-02 1.346927541397666822e-02 7.740364579941950984e-02 4.955776011814022608e-02
2.780405517976949209e-03 -8.934941909170622532e-02 -6.212271715817585527e-02 8.175829450259217146e-02 2.345566420852643053e-01 4.328463471438946386e-01 3.617526707594305169e-01 5.691304777777738549e-02 -1.310431384214366668e-01 -6.807023346900675786e-02 3.581870954836671034e-02 8.301895584602532463e-02
6.018762639574778972e-02 1.117080644481672352e-02 -6.508855956904008311e-02 -8.244688889318513292e-02 9.746794617752069234e-02 3.617526707594305169e-01 4.837977344093172816e-01 2.743763960359589804e-01 4.320739887598283591e-02 -6.720777692044860308e-02 -7.479812772335740767e-02 -1.123966223685436173e-02
1.476493522947294572e-02 8.312183951021812067e-02 3.147770757846951595e-02 -6.836672774983555689e-02 -5.036605588791252808e-02 5.691304777777738549e-02 2.743763960359589804e-01 3.844233327906338982e-01 3.376317533000819382e-01 9.495127558961929948e-02 -6.463321412780494157e-02 -9.675430392543943325e-02
-6.327596639391717959e-02 2.917793520030127069e-02 6.833836132181242418e-02 2.801849980742730784e-02 -7.586042470245760172e-02 -1.310431384214366668e-01 4.320739887598283591e-02 3.376317533000819382e-01 5.102738112363539580e-01 2.880632470511741983e-01 9.445655313258370656e-02 -4.286528671664475987e-02
-5.232696077177236699e-02 -8.875529074929736084e-02 -1.080065646682619104e-02 7.041371155956435701e-02 1.346927541397666822e-02 -6.807023346900675786e-02 -6.720777692044860308e-02 9.495127558961929948e-02 2.880632470511741983e-01 2.879226712092793905e-01 2.543160916398182758e-01 1.371420348441927395e-01
5.101020701735712454e-02 -1.350778104353231868e-01 -8.852167456427245673e-02 4.879628512891057146e-02 7.740364579941950984e-02 3.581870954836671034e-02 -7.479812772335740767e-02 -6.463321412780494157e-02 9.445655313258370656e-02 2.543160916398182758e-01 3.768695653064872975e-01 3.261251955843977868e-01
2.904616564056632377e-01 1.133819013754758590e-02 -7.860493934792125992e-02 -3.803160796298966917e-02 4.955776011814022608e-02 8.301895584602532463e-02 -1.123966223685436173e-02 -9.675430392543943325e-02 -4.286528671664475987e-02 1.371420348441927395e-01 3.261251955843977868e-01 4.269701562047952814e-01
5.240947536801409123e-01 3.055109503321742359e-01 1.990899231863085123e-02 -1.025438186380744077e-01 -4.694669132285244489e-02 6.332589511967498530e-02 7.882936420602648653e-02 7.888065659813817826e-03 -8.768906115980665272e-02 -6.588045421844046512e-02 9.448089430926556731e-02 3.240478696587941188e-01
3.055109503321742359e-01 3.718728842983365923e-01 3.097165839107006713e-01 5.936155465562826389e-02 -9.233145769936748626e-02 -5.197163742672505915e-02 3.724790588968664162e-02 7.243003523195522264e-02 -3.661173618116977946e-03 -8.482329027030675872e-02 -5.916346414391689124e-02 8.124252743819899980e-02
1.990899231863085123e-02 3.097165839107006713e-01 5.553832288327303912e-01 3.195760296882922402e-01 2.759303972178819842e-02 -1.129762332350286724e-01 -7.194440538315177713e-02 2.772172472026864648e-02 7.541547337693829678e-02 1.538397389545789924e-02 -7.569120599888241874e-02 -1.032305014933694864e-01
-1.025438186380744077e-01 5.936155465562826389e-02 3.195760296882922402e-01 3.711584372804993537e-01 2.928472418260420485e-01 7.341731366715448237e-02 -6.151014541796246543e-02 -8.062447297774771870e-02 1.112926429994224448e-02 7.485839018197756878e-02 3.593780294400970854e-02 -5.515499201286439002e-02
-4.694669132285244489e-02 -9.233145769936748626e-02 2.759303972178819842e-02 2.928472418260420485e-01 5.068350643820653811e-01 3.385311044322905638e-01 8.716364238316678947e-02 -8.182996351653042122e-02 -8.170182843086402913e-02 2.166075131564940831e-02 8.290288627877481775e-02 5.376649055844821140e-02
6.332589511967498530e-02 -5.197163742672505915e-02 -1.129762332350286724e-01 7.341731366715448237e-02 3.385311044322905638e-01 3.813723844089963455e-01 2.577682535768972549e-01 1.061891453031029997e-01 -4.641848155454217362e-02 -8.206785903012249472e-02 -1.655850503804191104e-02 5.687654898170375201e-02
7.882936420602648653e-02 3.724790588968664162e-02 -7.194440538315177713e-02 -6.151014541796246543e-02 8.716364238316678947e-02 2.577682535768972549e-01 3.321737250912353279e-01 3.112146587990173852e-01 1.023745927158058316e-01 -8.325569498480685227e-02 -1.055282703513026610e-01 -1.904703680824699347e-02
7.888065659813817826e-03 7.243003523195522264e-02 2.772172472026864648e-02 -8.062447297774771870e-02 -8.182996351653042122e-02 1.061891453031029997e-01 3.112146587990173852e-01 4.591624395093442113e-01 3.112018004760513934e-01 5.821974500323418011e-02 -8.461428033848805708e-02 -8.308364931271414178e-02
-8.768906115980665272e-02 -3.661173618116977946e-03 7.541547337693829678e-02 1.112926429994224448e-02 -8.170182843086402913e-02 -4.641848155454217362e-02 1.023745927158058316e-01 3.112018004760513934e-01 3.986778957317844707e-01 2.992127257225190573e-01 1.171619028931082385e-01 -2.737897364082595569e-02
-6.588045421844046512e-02 -8.482329027030675872e-02 1.538397389545789924e-02 7.485839018197756878e-02 2.166075131564940831e-02 -8.206785903012249472e-02 -8.325569498480685227e-02 5.821974500323418011e-02 2.992127257225190573e-01 4.205671102982130316e-01 3.135966657809554081e-01 1.203783736263852183e-01
9.448089430926556731e-02 -5.916346414391689124e-02 -7.569120599888241874e-02 3.593780294400970854e-02 8.290288627877481775e-02 -1.655850503804191104e-02 -1.055282703513026610e-01 -8.461428033848805708e-02 1.171619028931082385e-01 3.135966657809554081e-01 3.446040136072114901e-01 2.511909589659486186e-01
3.240478696587941188e-01 8.124252743819899980e-02 -1.032305014933694864e-01 -5.515499201286439002e-02 5.376649055844821140e-02 5.687654898170375201e-02 -1.904703680824699347e-02 -8.308364931271414178e-02 -2.737897364082595569e-02 1.203783736263852183e-01 2.511909589659486186e-01 3.340980628794089080e-01
3.954376016335452437e-01 2.772113833294161944e-01 6.705936376688691192e-02 -8.882336981707975032e-02 -8.011482209191879422e-03 5.067820095119367207e-02 9.102105607050631209e-02 -3.371507910061533660e-03 -1.045981433558871299e-01 -7.188865062889147894e-02 1.196537310843862334e-01 3.193225542153439456e-01
2.772113833294161944e-01 3.689559509737822540e-01 3.211172175204252133e-01 2.806846656793428318e-02 -1.346783034324561812e-01 -4.024696848784559133e-02 3.932219379874237614e-02 5.379335138163553187e-02 -2.613921740253354054e-02 -8.298458683266234093e-02 -2.769768889105622689e-02 1.158447659126956020e-01
6.705936376688691192e-02 3.211172175204252133e-01 5.318099396773372511e-01 3.031668972699524955e-01 -8.436539998941769425e-02 -9.569904343828387894e-02 -7.061133916883063910e-02 4.016785855182589821e-02 7.510228107949246112e-02 1.013268913710355448e-02 -8.427804272771846628e-02 -8.357578542889820827e-02
-8.882336981707975032e-02 2.806846656793428318e-02 3.031668972699524955e-01 5.453386806675375453e-01 3.451479143644804459e-01 6.357626899156129663e-02 -5.829511633513661389e-02 -5.846404802864882400e-02 2.763353149110003154e-02 6.860884566618494218e-02 1.363458070236432673e-02 -6.894950476352242064e-02
-8.011482209191879422e-03 -1.346783034324561812e-01 -8.436539998941769425e-02 3.451479143644804459e-01 5.411294690853984957e-01 2.363834011911304378e-01 1.273925569507844968e-01 -3.547612353410233010e-02 -9.383574420925998305e-02 -3.424770906530665709e-02 6.839571429957409798e-02 8.914783741054520261e-02
5.067820095119367207e-02 -4.024696848784559133e-02 -9.569904343828387894e-02 6.357626899156129663e-02 2.363834011911304378e-01 1.635377541784012179e-01 1.976259420678009304e-01 1.016799231100461165e-01 -3.889366686180418392e-02 -7.751109487304150281e-02 -5.918516842755868097e-03 6.407222550331022337e-02
9.102105607050631209e-02 3.932219379874237614e-02 -7.061133916883063910e-02 -5.829511633513661389e-02 1.273925569507844968e-01 1.976259420678009304e-01 4.110534450122868000e-01 3.658765921565310109e-01 7.045072146038977579e-02 -1.133655885076060299e-01 -8.920653513994233896e-02 2.635178463095954118e-02
-3.371507910061533660e-03 5.379335138163553187e-02 4.016785855182589821e-02 -5.846404802864882400e-02 -3.547612353410233010e-02 1.016799231100461165e-01 3.658765921565310109e-01 4.951065443712745484e-01 2.778534955337964574e-01 6.148992221362830496e-02 -6.264417053070438224e-02 -6.699583863036880083e-02
-1.045981433558871299e-01 -2.613921740253354054e-02 7.510228107949246112e-02 2.763353149110003154e-02 -9.383574420925998305e-02 -3.889366686180418392e-02 7.045072146038977579e-02 2.778534955337964574e-01 3.546715639371937900e-01 3.092706225559190836e-01 1.179926413814182673e-01 -5.481823816497471968e-02
-7.188865062889147894e-02 -8.298458683266234093e-02 1.013268913710355448e-02 6.860884566618494218e-02 -3.424770906530665709e-02 -7.751109487304150281e-02 -1.133655885076060299e-01 6.148992221362830496e-02 3.092706225559190836e-01 4.491081387562664839e-01 3.115609036970287127e-01 8.509940713305544358e-02
1.196537310843862334e-01 -2.769768889105622689e-02 -8.427804272771846628e-02 1.363458070236432673e-02 6.839571429957409798e-02 -5.918516842755868097e-03 -8.920653513994233896e-02 -6.264417053070438224e-02 1.179926413814182673e-01 3.115609036970287127e-01 3.619973032384887768e-01 2.742870220070380283e-01
3.193225542153439456e-01 1.158447659126956020e-01 -8.357578542889820827e-02 -6.894950476352242064e-02 8.914783741054520261e-02 6.407222550331022337e-02 2.635178463095954118e-02 -6.699583863036880083e-02 -5.481823816497471968e-02 8.509940713305544358e-02 2.742870220070380283e-01 3.818536084685237308e-01
4.626396022691308119e-01 3.561233619868208189e-01 7.908442663975120968e-02 -9.760378744439543452e-02 -6.860968124790228773e-02 3.572883803231725885e-02 7.167549533459555144e-02 1.852475432226265498e-02 -6.572156143436110043e-02 -6.596509734200148301e-02 3.410458725785364686e-02 2.784481226529644249e-01
3.561233619868208189e-01 4.795086959707925978e-01 2.581517383799486476e-01 7.783459462616758306e-02 -5.891729138265678484e-02 -7.385551291362174586e-02 1.224796212557625885e-02 7.292029795795261504e-02 5.413663920734503032e-02 -6.082320346799902078e-02 -1.421753191859060905e-01 3.124132305752206490e-02
7.908442663975120968e-02 2.581517383799486476e-01 2.846581921430121898e-01 3.014319141501495269e-01 9.679518292734859419e-02 -7.510022555309348036e-02 -8.138494732118478625e-02 2.969903026365662557e-03 7.318841115892726901e-02 2.610967720856793850e-02 -5.855434829118751072e-02 -6.721824197257292299e-02
-9.760378744439543452e-02 7.783459462616758306e-02 3.014319141501495269e-01 5.372757321896505234e-01 3.209313133999647238e-01 4.058334892957592144e-02 -1.059860052869243674e-01 -7.940509279133819986e-02 1.967399779254592682e-02 7.460887844571614802e-02 5.840227251139447351e-02 -6.319090118610473650e-02
-6.860968124790228773e-02 -5.891729138265678484e-02 9.679518292734859419e-02 3.209313133999647238e-01 3.515804566493072603e-01 2.825270334192867550e-01 9.661873781153260121e-02 -3.743448390716696411e-02 -8.115976061545399078e-02 -7.161877523287054834e-03 6.442629003527292064e-02 2.859715779250575698e-02
3.572883803231725885e-02 -7.385551291362174586e-02 -7.510022555309348036e-02 4.058334892957592144e-02 2.825270334192867550e-01 4.838196151646707577e-01 3.431654546483259849e-01 1.034968660327739848e-01 -8.453296993558989669e-02 -8.925560830690029701e-02 -1.524666717672838213e-02 7.193220570539904379e-02
7.167549533459555144e-02 1.224796212557625885e-02 -8.138494732118478625e-02 -1.059860052869243674e-01 9.661873781153260121e-02 3.431654546483259849e-01 3.637215452864586140e-01 2.410433752701078569e-01 9.606796423696813136e-02 -3.422137965135617355e-02 -8.033265847640247426e-02 1.958915125212938417e-03
1.852475432226265498e-02 7.292029795795261504e-02 2.969903026365662557e-03 -7.940509279133819986e-02 -3.743448390716696411e-02 1.034968660327739848e-01 2.410433752701078569e-01 3.217043501011086493e-01 3.281202123368831547e-01 1.170649083960050019e-01 -5.205665533638435816e-02 -8.199147132401476967e-02
-6.572156143436110043e-02 5.413663920734503032e-02 7.318841115892726901e-02 1.967399779254592682e-02 -8.115976061545399078e-02 -8.453296993558989669e-02 9.606796423696813136e-02 3.281202123368831547e-01 5.061082718995597585e-01 2.917917508538380167e-01 8.210296033278439987e-02 -8.859341562990910579e-02
-6.596509734200148301e-02 -6.082320346799902078e-02 2.610967720856793850e-02 7.460887844571614802e-02 -7.161877523287054834e-03 -8.925560830690029701e-02 -3.422137965135617355e-02 1.170649083960050019e-01 2.917917508538380167e-01 2.803501277251269075e-01 2.603858535120281426e-01 8.632665376407629154e-02
3.410458725785364686e-02 -1.421753191859060905e-01 -5.855434829118751072e-02 5.840227251139447351e-02 6.442629003527292064e-02 -1.524666717672838213e-02 -8.033265847640247426e-02 -5.205665533638435816e-02 8.210296033278439987e-02 2.603858535120281426e-01 4.780934002856453979e-01 3.541925437774288699e-01
2.784481226529644249e-01 3.124132305752206490e-02 -6.721824197257292299e-02 -6.319090118610473650e-02 2.859715779250575698e-02 7.193220570539904379e-02 1.958915125212938417e-03 -8.199147132401476967e-02 -8.859341562990910579e-02 8.632665376407629154e-02 3.541925437774288699e-01 4.505400103155565161e-01
4.439050552485374057e-01 3.178171379764348492e-01 8.264334229925153485e-02 -1.118036179090053650e-01 1.496455096893101449e-03 8.010280541579176128e-02 4.576557584835283521e-02 -4.222198358938503149e-02 -8.111155108834686156e-02 -9.807979802929941981e-02 4.948792971930340151e-02 3.012105168265483135e-01
3.178171379764348492e-01 3.917440811850518845e-01 2.919055942278741544e-01 1.844316866065873542e-02 -1.078294802276900388e-01 -3.948202563230335249e-02 5.177819430886257401e-02 7.212938351659772818e-02 -1.375567836946342808e-03 -8.482274291564213808e-02 -8.722808632067549639e-02 9.778315171123189153e-02
8.264334229925153485e-02 2.919055942278741544e-01 4.431824131075435824e-01 3.207185855886720560e-01 -6.344949385186218760e-02 -1.341721356580603541e-01 -2.178216124249574004e-02 8.969004620083516344e-02 7.045241185939352113e-02 2.554240989277533486e-02 -6.779804567844779917e-02 -6.410456762636167205e-02
-1.118036179090053650e-01 1.844316866065873542e-02 3.207185855886720560e-01 6.384517331658372541e-01 2.943228882519949297e-01 1.751061292934773597e-02 -8.228316051984049806e-02 -6.234776232428956844e-02 1.106848211557781569e-02 7.089279996523317751e-02 5.135442640174202322e-02 -6.160043890302570324e-02
1.496455096893101449e-03 -1.078294802276900388e-01 -6.344949385186218760e-02 2.943228882519949297e-01 4.603089052205702747e-01 3.237248982934612385e-01 9.459420548178781862e-02 -8.017044212382434809e-02 -8.874527275200455589e-02 -6.580340029351175457e-02 3.128767175122630639e-02 7.724394847156396127e-02
8.010280541579176128e-02 -3.948202563230335249e-02 -1.341721356580603541e-01 1.751061292934773597e-02 3.237248982934612385e-01 3.888824828008078383e-01 2.717470614082602154e-01 1.019165201174346280e-01 -2.589289994489901714e-02 -9.008848822206746987e-02 -4.111048251656222730e-02 7.106600938398216494e-02
4.576557584835283521e-02 5.177819430886257401e-02 -2.178216124249574004e-02 -8.228316051984049806e-02 9.459420548178781862e-02 2.717470614082602154e-01 3.694032164908109817e-01 3.317618516071696444e-01 1.286839914449217637e-01 9.370062639178326769e-03 -6.916048118646250797e-02 -2.815548436732376314e-02
-4.222198358938503149e-02 7.212938351659772818e-02 8.969004620083516344e-02 -6.234776232428956844e-02 -8.017044212382434809e-02 1.019165201174346280e-01 3.317618516071696444e-01 4.416826705906460870e-01 2.476306281854123437e-01 1.468989921457351522e-01 -1.397094911781410383e-02 -1.007281786537082835e-01
-8.111155108834686156e-02 -1.375567836946342808e-03 7.045241185939352113e-02 1.106848211557781569e-02 -8.874527275200455589e-02 -2.589289994489901714e-02 1.286839914449217637e-01 2.476306281854123437e-01 1.936285695852141275e-01 2.019431554977447751e-01 1.118559502312608533e-01 -4.021514255689639938e-02
-9.807979802929941981e-02 -8.482274291564213808e-02 2.554240989277533486e-02 7.089279996523317751e-02 -6.580340029351175457e-02 -9.008848822206746987e-02 9.370062639178326769e-03 1.468989921457351522e-01 2.019431554977447751e-01 3.445548600084857305e-01 3.386516415599777896e-01 8.429031197337516490e-02
4.948792971930340151e-02 -8.722808632067549639e-02 -6.779804567844779917e-02 5.135442640174202322e-02 3.128767175122630639e-02 -4.111048251656222730e-02 -6.916048118646250797e-02 -1.397094911781410383e-02 1.118559502312608533e-01 3.386516415599777896e-01 5.021771607936236226e-01 3.019619348971456230e-01
3.012105168265483135e-01 9.778315171123189153e-02 -6.410456762636167205e-02 -6.160043890302570324e-02 7.724394847156396127e-02 7.106600938398216494e-02 -2.815548436732376314e-02 -1.007281786537082835e-01 -4.021514255689639938e-02 8.429031197337516490e-02 3.019619348971456230e-01 3.820788518028727099e-01
3.916370708578055804e-01 2.911895077221579586e-01 1.114410199385000161e-01 -4.338014356010673478e-02 -8.537130567037991280e-02 9.629518352708383438e-03 8.252967584065651341e-02 6.241383762764253496e-02 -6.686826182384637829e-02 -1.009082732137195348e-01 3.044024337420035350e-02 3.151105981998504890e-01
2.911895077221579586e-01 4.006305482847457577e-01 3.148324728739882450e-01 1.080113794241246011e-01 -8.613693174421006848e-02 -8.307855682997486446e-02 -8.040937935765813532e-03 6.481575915487358674e-02 3.657462954279893513e-02 -6.636204784536836598e-02 -1.034761233609606812e-01 5.674043489211978708e-02
1.114410199385000161e-01 3.148324728739882450e-01 3.874624204384372606e-01 2.800473921893695817e-01 6.907046879817367591e-02 -7.761641345959585658e-02 -9.811579850957989624e-02 -1.659220195013814611e-02 8.202952714874395257e-02 3.634296103012736590e-02 -6.963533649270431392e-02 -8.674959592884000370e-02
-4.338014356010673478e-02 1.080113794241246011e-01 2.800473921893695817e-01 3.813199938438352476e-01 3.252399812083306418e-01 7.730416058776554133e-02 -6.875124941934093736e-02 -8.630231253258463520e-02 2.360534169203220428e-02 7.934069562563469957e-02 3.056416466581422103e-02 -7.911010387652869791e-02
-8.537130567037991280e-02 -8.613693174421006848e-02 6.907046879817367591e-02 3.252399812083306418e-01 5.176238241657431516e-01 3.026553258625405696e-01 1.077627211808419583e-01 -4.368866676528922188e-02 -7.941245710461000695e-02 8.497543470580549985e-03 7.510921882034365948e-02 2.480343083698336587e-02
9.629518352708383438e-03 -8.307855682997486446e-02 -7.761641345959585658e-02 7.730416058776554133e-02 3.026553258625405696e-01 3.052744802952080949e-01 2.532334416019192957e-01 1.245006666704709108e-01 -5.804619306302653131e-02 -8.872384378505915326e-02 -1.110643029197586756e-02 7.482423270021566764e-02
8.252967584065651341e-02 -8.040937935765813532e-03 -9.811579850957989624e-02 -6.875124941934093736e-02 1.077627211808419583e-01 2.532334416019192957e-01 3.505641820418922139e-01 3.119912683494565075e-01 7.009861784836272924e-02 -1.033476539098693719e-01 -9.575535937507489992e-02 4.998707917522878658e-02
6.241383762764253496e-02 6.481575915487358674e-02 -1.659220195013814611e-02 -8.630231253258463520e-02 -4.368866676528922188e-02 1.245006666704709108e-01 3.119912683494565075e-01 4.452076233296825558e-01 3.132127621336328605e-01 4.508972022968496529e-02 -8.899970905009377264e-02 -4.216696966434439753e-02
-6.686826182384637829e-02 3.657462954279893513e-02 8.202952714874395257e-02 2.360534169203220428e-02 -7.941245710461000695e-02 -5.804619306302653131e-02 7.009861784836272924e-02 3.132127621336328605e-01 4.822052151471638570e-01 3.143775354553446366e-01 9.609549935668665332e-02 -9.519957308094464943e-02
-1.009082732137195348e-01 -6.636204784536836598e-02 3.634296103012736590e-02 7.934069562563469957e-02 8.497543470580549985e-03 -8.872384378505915326e-02 -1.033476539098693719e-01 4.508972022968496529e-02 3.143775354553446366e-01 3.762723714417038900e-01 2.904960429887121220e-01 4.863384385038593827e-02
3.044024337420035350e-02 -1.034761233609606812e-01 -6.963533649270431392e-02 3.056416466581422103e-02 7.510921882034365948e-02 -1.110643029197586756e-02 -9.575535937507489992e-02 -8.899970905009377264e-02 9.609549935668665332e-02 2.904960429887121220e-01 4.230121253415000115e-01 3.218110905650440889e-01
3.151105981998504890e-01 5.674043489211978708e-02 -8.674959592884000370e-02 -7.911010387652869791e-02 2.480343083698336587e-02 7.482423270021566764e-02 4.998707917522878658e-02 -4.216696966434439753e-02 -9.519957308094464943e-02 4.863384385038593827e-02 3.218110905650440889e-01 5.387901448122709436e-01
3.653490431649158987e-01 3.487946248667885829e-01 1.091585193124902653e-01 -7.165065121309120710e-02 -2.285186043877488610e-02 3.720068939596103685e-02 2.396415763585826864e-02 -3.585197957233194482e-02 -5.332328772663783717e-02 -4.964683601733568818e-02 9.851722421590441980e-02 2.611137510742431722e-01
3.487946248667885829e-01 4.810159772179413706e-01 2.342335743357997768e-01 4.482809367329659150e-02 -9.686788093297270252e-02 -1.024136406780763869e-01 5.448452948341306334e-02 1.008952897266905679e-01 1.048345370689428291e-02 -1.011653928041526401e-01 -3.842883291111234834e-02 1.316307958583279869e-01
1.091585193124902653e-01 2.342335743357997768e-01 2.078437147557415376e-01 2.717815552081235264e-01 9.438275962559038862e-03 -9.776045712877760863e-02 -3.481446121416508811e-03 7.832422638529604186e-02 4.061381756661959497e-02 -2.211063101472317619e-02 -5.451622610834955251e-02 -1.096990708461818842e-02
-7.165065121309120710e-02 4.482809367329659150e-02 2.717815552081235264e-01 7.704454294562412819e-01 2.741298879100424468e-01 5.427490205677349376e-03 -7.781959810738235672e-02 -1.349980902306935522e-02 3.187195311676160880e-02 5.756983383117881409e-02 -2.031656612449505087e-02 -8.276061951314950260e-02
-2.285186043877488610e-02 -9.686788093297270252e-02 9.438275962559038862e-03 2.741298879100424468e-01 2.776920036950247805e-01 2.850808538808462522e-01 6.682961639659805442e-02 -1.027503087621968042e-01 -7.708096027575364606e-02 -1.821047965654220072e-02 6.546681271809498548e-02 6.504310597129581151e-02
3.720068939596103685e-02 -1.024136406780763869e-01 -9.776045712877760863e-02 5.427490205677349376e-03 2.850808538808462522e-01 5.239406352127911060e-01 3.169799856740985744e-01 -1.976982368239948995e-02 -9.468376285616643406e-02 -8.418134904651436434e-02 6.971672671329609550e-02 1.270089421630737347e-01
2.396415763585826864e-02 5.448452948341306334e-02 -3.481446121416508811e-03 -7.781959810738235672e-02 6.682961639659805442e-02 3.169799856740985744e-01 5.065205661410664417e-01 3.339026567853957683e-01 1.043754169556520423e-01 -2.767483557344654899e-02 -6.463245987330633324e-02 -3.499504530402586244e-02
-3.585197957233194482e-02 1.008952897266905679e-01 7.832422638529604186e-02 -1.349980902306935522e-02 -1.027503087621968042e-01 -1.976982368239948995e-02 3.339026567853957683e-01 4.218481418939524774e-01 2.328799009648279128e-01 1.214294705753106857e-01 -8.055423323655258594e-02 -1.376281821786592419e-01
-5.332328772663783717e-02 1.048345370689428291e-02 4.061381756661959497e-02 3.187195311676160880e-02 -7.708096027575364606e-02 -9.468376285616643406e-02 1.043754169556520423e-01 2.328799009648279128e-01 2.070460547204249213e-01 2.609544283643067120e-01 6.587097585103303399e-02 -5.348845103256961303e-02
-4.964683601733568818e-02 -1.011653928041526401e-01 -2.211063101472317619e-02 5.756983383117881409e-02 -1.821047965654220072e-02 -8.418134904651436434e-02 -2.767483557344654899e-02 1.214294705753106857e-01 2.609544283643067120e-01 5.809790917327167792e-01 3.421468362103841643e-01 1.073868969893517211e-01
9.851722421590441980e-02 -3.842883291111234834e-02 -5.451622610834955251e-02 -2.031656612449505087e-02 6.546681271809498548e-02 6.971672671329609550e-02 -6.463245987330633324e-02 -8.055423323655258594e-02 6.587097585103303399e-02 3.421468362103841643e-01 3.382489131991525122e-01 2.492876633023830835e-01
2.611137510742431722e-01 1.316307958583279869e-01 -1.096990708461818842e-02 -8.276061951314950260e-02 6.504310597129581151e-02 1.270089421630737347e-01 -3.499504530402586244e-02 -1.376281821786592419e-01 -5.348845103256961303e-02 1.073868969893517211e-01 2.492876633023830835e-01 3.190704288100283947e-01
3.829478167717236259e-01 2.895236180736048270e-01 3.048749380907955775e-02 -7.664498921462779835e-02 -8.053414106308329212e-02 3.538534546874053804e-02 8.469191745844965868e-02 1.171341371770412941e-02 -8.795713240800250021e-02 -1.142624967417549126e-01 5.457081387683167598e-03 3.214398635071472055e-01
2.895236180736048270e-01 4.983731078275707715e-01 3.476082284546508361e-01 7.006978177408122732e-02 -8.264819060177151788e-02 -6.020599941520870385e-02 3.510912752010251353e-02 6.940066359119598238e-02 1.858103532965056995e-02 -5.921771769565960242e-02 -1.034650573108593929e-01 4.795200569132895829e-02
3.048749380907955775e-02 3.476082284546508361e-01 4.770057283894342248e-01 2.590670408109676526e-01 1.077847262463560024e-01 -6.135293672949319876e-02 -9.171774882949962349e-02 -3.608946881038606683e-03 7.988294806163123707e-02 8.574571722509741201e-02 -1.055753431822976018e-03 -1.237351346206504998e-01
-7.664498921462779835e-02 7.006978177408122732e-02 2.590670408109676526e-01 2.570697703218659536e-01 2.749588151879890363e-01 9.013564923181539845e-02 -7.087036703003779525e-02 -8.134462273222266282e-02 1.748186720220647541e-03 7.019528640723127211e-02 6.672413430667975542e-02 -6.602218580481293564e-02
-8.053414106308329212e-02 -8.264819060177151788e-02 1.077847262463560024e-01 2.749588151879890363e-01 4.963792650256794170e-01 3.381090382678804684e-01 5.312435854766536791e-02 -1.057546274241374928e-01 -9.051219844121732860e-02 -4.227263763808593831e-03 7.182521569155003727e-02 2.363502928076886833e-02
3.538534546874053804e-02 -6.020599941520870385e-02 -6.135293672949319876e-02 9.013564923181539845e-02 3.381090382678804684e-01 4.165528692279116818e-01 2.867532438245523618e-01 8.882190033796960593e-02 -4.724764928425977117e-02 -8.429011379463788312e-02 -4.109953353868436854e-02 6.657254011939779670e-02
8.469191745844965868e-02 3.510912752010251353e-02 -9.171774882949962349e-02 -7.087036703003779525e-02 5.312435854766536791e-02 2.867532438245523618e-01 4.120455409652674095e-01 3.202684467335102925e-01 1.234636135963062264e-01 -3.259655427675184347e-02 -9.867912966513187056e-02 8.223941483907683259e-03
1.171341371770412941e-02 6.940066359119598238e-02 -3.608946881038606683e-03 -8.134462273222266282e-02 -1.057546274241374928e-01 8.882190033796960593e-02 3.202684467335102925e-01 3.951104360595941722e-01 2.801724682727263493e-01 1.233660936083908616e-01 -1.726574587511907344e-02 -7.399785681831526352e-02
-8.795713240800250021e-02 1.858103532965056995e-02 7.988294806163123707e-02 1.748186720220647541e-03 -9.051219844121732860e-02 -4.724764928425977117e-02 1.234636135963062264e-01 2.801724682727263493e-01 3.146265818154360128e-01 2.568154358037552654e-01 1.398900197503952503e-01 -7.797275618727637914e-02
-1.142624967417549126e-01 -5.921771769565960242e-02 8.574571722509741201e-02 7.019528640723127211e-02 -4.227263763808593831e-03 -8.429011379463788312e-02 -3.259655427675184347e-02 1.233660936083908616e-01 2.568154358037552654e-01 3.232587337397883620e-01 3.059136832191826638e-01 3.602412677973942934e-02
5.457081387683167598e-03 -1.034650573108593929e-01 -1.055753431822976018e-03 6.672413430667975542e-02 7.182521569155003727e-02 -4.109953353868436854e-02 -9.867912966513187056e-02 -1.726574587511907344e-02 1.398900197503952503e-01 3.059136832191826638e-01 4.722548319563235619e-01 3.114037145293198083e-01
3.214398635071472055e-01 4.795200569132895829e-02 -1.237351346206504998e-01 -6.602218580481293564e-02 2.363502928076886833e-02 6.657254011939779670e-02 8.223941483907683259e-03 -7.399785681831526352e-02 -7.797275618727637914e-02 3.602412677973942934e-02 3.114037145293198083e-01 5.543753178993960917e-01
3.668944180540692490e-01 3.094685515738878623e-01 1.476496715696227167e-02 -1.083882802342847479e-01 -2.799321081252644644e-02 7.705333586637157228e-02 4.338057568508663087e-02 -4.116017206522769312e-02 -8.487656553831005035e-02 -2.305416887542065946e-02 1.306529374614979755e-01 2.888609778857632593e-01
3.094685515738878623e-01 5.234058270158707948e-01 3.213256695749677760e-01 1.975086437946998313e-02 -1.106850658630065265e-01 -2.050346989320408347e-02 7.155447390786884299e-02 7.188062404972747621e-02 -9.439034504588005720e-03 -8.914470979096644765e-02 -3.106177341639969683e-02 1.050673768078878578e-01
1.476496715696227167e-02 3.213256695749677760e-01 4.861550423191361436e-01 3.111760821023039636e-01 3.834654917220166326e-02 -1.098350840429341835e-01 -5.133168820777311153e-02 4.284026321973444240e-02 7.416324689950637428e-02 1.271037078874053157e-02 -8.005503187318284419e-02 -1.107282565393868101e-01
-1.083882802342847479e-01 1.975086437946998313e-02 3.111760821023039636e-01 4.295665816597991626e-01 3.133680667936084019e-01 2.772204599131542976e-02 -1.029135022636833707e-01 -7.954287705655983809e-02 1.737560190968932827e-02 8.106259089868837753e-02 1.186384138857299493e-02 -7.903944493949544015e-02
-2.799321081252644644e-02 -1.106850658630065265e-01 3.834654917220166326e-02 3.133680667936084019e-01 5.043108440836883144e-01 3.224262310826708222e-01 4.703061773791358119e-02 -9.136156904202742679e-02 -7.915882597166314094e-02 1.904483685416284711e-02 7.359417823574614104e-02 6.029212885278274758e-02
7.705333586637157228e-02 -2.050346989320408347e-02 -1.098350840429341835e-01 2.772204599131542976e-02 3.224262310826708222e-01 4.545318659134545136e-01 2.994175163199367384e-01 1.147373930901630923e-01 -3.617032602235012440e-02 -9.116208984979333463e-02 -6.919750822774057772e-03 7.297808776533015740e-02
4.338057568508663087e-02 7.155447390786884299e-02 -5.133168820777311153e-02 -1.029135022636833707e-01 4.703061773791358119e-02 2.994175163199367384e-01 3.660881413321255273e-01 2.953061406587410564e-01 1.194200396819755372e-01 -6.004350687058446906e-02 -8.703755889523943912e-02 -3.742043986072780132e-02
-4.116017206522769312e-02 7.188062404972747621e-02 4.284026321973444240e-02 -7.954287705655983809e-02 -9.136156904202742679e-02 1.147373930901630923e-01 2.953061406587410564e-01 3.687026152418798608e-01 2.777016090359439304e-01 9.382148077967025768e-02 -6.619436617635118814e-02 -1.119057854430003662e-01
-8.487656553831005035e-02 -9.439034504588005720e-03 7.416324689950637428e-02 1.737560190968932827e-02 -7.915882597166314094e-02 -3.617032602235012440e-02 1.194200396819755372e-01 2.777016090359439304e-01 3.612764600593271203e-01 3.194254100947609976e-01 8.808817371375489425e-02 -5.663899717478042273e-02
-2.305416887542065946e-02 -8.914470979096644765e-02 1.271037078874053157e-02 8.106259089868837753e-02 1.904483685416284711e-02 -9.116208984979333463e-02 -6.004350687058446906e-02 9.382148077967025768e-02 3.194254100947609976e-01 4.959979760294945250e-01 2.989576021298854247e-01 1.241647998424860594e-01
1.306529374614979755e-01 -3.106177341639969683e-02 -8.005503187318284419e-02 1.186384138857299493e-02 7.359417823574614104e-02 -6.919750822774057772e-03 -8.703755889523943912e-02 -6.619436617635118814e-02 8.808817371375489425e-02 2.989576021298854247e-01 2.981242943320200345e-01 2.555197643491450288e-01
2.888609778857632593e-01 1.050673768078878578e-01 -1.107282565393868101e-01 -7.903944493949544015e-02 6.029212885278274758e-02 7.297808776533015740e-02 -3.742043986072780132e-02 -1.119057854430003662e-01 -5.663899717478042273e-02 1.241647998424860594e-01 2.555197643491450288e-01 3.449459339591669504e-01
6.004349149670589192e-01 3.285744213439731887e-01 3.888200696267402057e-02 -1.027189023011364083e-01 -5.499005376005513396e-02 3.096192309145695890e-02 6.093885486768720744e-02 6.501641750848109746e-02 -3.742143125819183402e-02 -1.000875129207329378e-01 4.813345684233864136e-03 3.005013764583566727e-01
3.285744213439731887e-01 3.993171440379935655e-01 2.649735099181229625e-01 1.293944202114106212e-01 -3.722902342521641067e-02 -1.148451263462786781e-01 -4.115422375223248830e-02 4.418304143692949881e-02 6.637567567642160826e-02 -3.763095222661843459e-02 -1.178074450160873365e-01 1.287701867716621595e-02
3.888200696267402057e-02 2.649735099181229625e-01 3.370333368970849230e-01 3.256855106291902668e-01 9.187842118406769343e-02 -8.281512367930737861e-02 -8.287095211245634752e-02 -4.231510635416957378e-02 5.696118454755559612e-02 5.415633487977009053e-02 -4.042062100772435967e-02 -9.034960270085905243e-02
-1.027189023011364083e-01 1.293944202114106212e-01 3.256855106291902668e-01 4.701308851307199888e-01 2.774656397208719039e-01 9.370339155305462686e-02 -3.169422954383512014e-02 -8.967138293731539977e-02 -1.192312970946841216e-02 7.707642812768815410e-02 5.393937554149482588e-02 -6.936278071635368359e-02
-5.499005376005513396e-02 -3.722902342521641067e-02 9.187842118406769343e-02 2.774656397208719039e-01 3.235220258317373920e-01 3.130988442698593999e-01 1.252297657321277402e-01 -8.886525014068836527e-06 -7.426598530611139282e-02 -1.852046197536454802e-02 5.641514782332027189e-02 3.582108028844574465e-02
3.096192309145695890e-02 -1.148451263462786781e-01 -8.281512367930737861e-02 9.370339155305462686e-02 3.130988442698593999e-01 4.679740010713507314e-01 2.670194018154601334e-01 1.379481236835891911e-01 -6.309601584679944142e-02 -1.023048373148365137e-01 1.575177795663300958e-03 9.275263224907269455e-02
6.093885486768720744e-02 -4.115422375223248830e-02 -8.287095211245634752e-02 -3.169422954383512014e-02 1.252297657321277402e-01 2.670194018154601334e-01 2.159933920369757343e-01 2.249944399795895666e-01 8.650569005380366605e-02 -5.308921291943288767e-02 -6.593876155974726094e-02 2.211256633858831033e-02
6.501641750848109746e-02 4.418304143692949881e-02 -4.231510635416957378e-02 -8.967138293731539977e-02 -8.886525014068836527e-06 1.379481236835891911e-01 2.249944399795895666e-01 4.235820412036366833e-01 3.568912692625733074e-01 6.584925377075306896e-02 -1.181745691619190408e-01 -7.060388260883543321e-02
-3.742143125819183402e-02 6.637567567642160826e-02 5.696118454755559612e-02 -1.192312970946841216e-02 -7.426598530611139282e-02 -6.309601584679944142e-02 8.650569005380366605e-02 3.568912692625733074e-01 4.938036607962482116e-01 2.844510035745549392e-01 4.148170839941840715e-02 -8.173926105651221907e-02
-1.000875129207329378e-01 -3.763095222661843459e-02 5.415633487977009053e-02 7.707642812768815410e-02 -1.852046197536454802e-02 -1.023048373148365137e-01 -5.308921291943288767e-02 6.584925377075306896e-02 2.844510035745549392e-01 3.759310246717378901e-01 3.188123119711890885e-01 8.763504920186662717e-02
4.813345684233864136e-03 -1.178074450160873365e-01 -4.042062100772435967e-02 5.393937554149482588e-02 5.641514782332027189e-02 1.575177795663300958e-03 -6.593876155974726094e-02 -1.181745691619190408e-01 4.148170839941840715e-02 3.188123119711890885e-01 4.974073305130339295e-01 3.155369448810004807e-01
