1.115725660833208899e-01 1.281253614176180444e-01 9.992233359400978787e-02 8.178141640551431224e-02 7.592556733415360692e-02 7.700033027746655545e-02 9.912504193524947216e-02 1.099584900979032609e-01 1.069448338695333095e-01 1.096440589852311354e-01
7.255491119526968902e-02 8.317963248829386702e-02 1.155671233640718082e-01 1.078886039201770591e-01 1.007318721567337927e-01 1.117758594052947196e-01 9.275223495949018460e-02 1.064999370053470729e-01 1.136803936582397728e-01 9.536943184708195076e-02
1.010533467589120049e-01 8.501668089950911722e-02 8.773536483368751804e-02 1.007402512651659615e-01 1.078287610407089731e-01 1.033036977399444667e-01 1.103712551852175094e-01 1.012978494259930695e-01 1.045730790512626879e-01 9.807971379959889990e-02
1.000960810610025398e-01 9.967297851790174468e-02 9.840115049331640829e-02 9.328080220674311862e-02 8.418754719939965103e-02 8.208757526417126416e-02 8.701997162740150726e-02 9.902314493096611714e-02 1.246035336425345835e-01 1.316272150565630239e-01
1.079442077923585125e-01 7.263872028515273860e-02 9.052462938537096659e-02 1.072796282316852007e-01 1.003658173943771104e-01 9.663708590886374572e-02 9.016592915905224936e-02 9.523887660158064650e-02 1.174968652591918128e-01 1.217082399823671279e-01
9.481296459524617137e-02 1.075893566325717560e-01 1.029789805120075175e-01 1.048490551353105926e-01 9.395776590409274376e-02 8.978759562842818231e-02 9.806177411194222371e-02 9.203987253770892774e-02 1.075869987287985663e-01 1.083356362138936380e-01
9.520271534374095956e-02 1.030045584147600279e-01 1.222400162103983168e-01 1.477522150548888913e-01 1.211950198893536612e-01 9.806958507516240486e-02 8.708169457435943617e-02 8.029429606044527490e-02 6.569437261325709876e-02 7.946552676363410894e-02
1.196360473992853779e-01 1.108832760943803952e-01 9.946039161529718342e-02 9.293232164396980632e-02 9.364404148617652690e-02 9.994084794558247276e-02 1.051159027189677575e-01 8.652709627213511778e-02 8.721064298472426535e-02 1.046494318394809719e-01
9.933136517966938139e-02 9.110925277844444947e-02 9.917413283250484102e-02 1.066980383957089051e-01 8.937261772697724371e-02 8.851841664573620316e-02 8.739340327923085516e-02 1.337288701160816995e-01 1.014673901061288186e-01 1.032065129395176861e-01
1.091248510692020279e-01 9.646821769423161164e-02 8.256668927819960091e-02 1.086781305362542888e-01 9.590780140178660484e-02 9.181195250786894357e-02 1.011208936193636471e-01 1.154372545428597463e-01 1.082850519449441717e-01 9.059915740528946826e-02
1.128333755279182227e-01 1.017072536579823883e-01 9.111603920905823883e-02 8.040991575947703529e-02 7.283403295980520054e-02 7.916283842972708651e-02 1.053871431339638842e-01 1.214088280679394838e-01 1.112998338557087685e-01 1.238407393984196081e-01
1.103619322797110419e-01 1.156561850224107069e-01 1.208704353551452726e-01 1.092930725225112198e-01 9.202726242990404149e-02 8.839241031059483222e-02 9.238488447865550457e-02 9.867390814703477786e-02 8.402653599366252668e-02 8.831337346037002045e-02
1.319258086855034651e-01 1.101603213087430783e-01 9.310460011444740558e-02 9.642028986601258733e-02 8.646356371729849166e-02 8.498742735455336317e-02 7.390981507013100194e-02 9.565749023662956096e-02 1.124502525409526443e-01 1.149204311057286099e-01
1.090164638217490101e-01 1.035692637356278034e-01 1.048563992689798968e-01 1.020731092436371890e-01 8.369928673839591160e-02 8.717035994962381296e-02 9.346225569706301251e-02 1.076869420641681507e-01 9.296474781073504889e-02 1.155011716700199420e-01
1.058200236503026581e-01 1.056767950543805040e-01 1.131002402745720781e-01 9.010524361570058927e-02 1.034647568967112102e-01 1.056027369152429674e-01 9.457688284827489578e-02 8.573016532524314892e-02 9.031205385575521993e-02 1.056111015638168393e-01
1.036831437032617320e-01 1.057180861693980956e-01 9.469354674525708171e-02 9.208651617498228581e-02 1.022096332107210181e-01 1.022675895925979767e-01 9.838419429379165193e-02 1.046434171032981919e-01 1.016639364823254676e-01 9.464993652436647087e-02
9.152397318894422984e-02 9.791439408700512714e-02 1.089822465993824929e-01 1.062667278094207163e-01 9.749339457898151262e-02 9.467025092916456219e-02 1.155526339971000571e-01 1.077745606575372939e-01 9.343257858102811675e-02 8.638923957143582189e-02
1.029619012418204194e-01 1.007304052419927543e-01 8.892393999931244575e-02 8.983706661463651544e-02 9.262633744624430843e-02 1.027336703768821913e-01 9.816902339965390134e-02 1.016262674840485436e-01 1.078243571186162236e-01 1.145670310767930300e-01
1.206137759117254932e-01 1.131759475334493531e-01 8.399674416106478470e-02 8.584360229710059909e-02 8.007803434506649554e-02 1.084563026665274210e-01 9.749415845372179368e-02 8.563748722028688420e-02 1.067345543634632410e-01 1.179693930475943231e-01
9.852824636322046747e-02 9.575993416091420352e-02 1.057720009059543859e-01 1.152470523176466893e-01 9.954719502698508582e-02 7.560525548355749581e-02 8.007818182303580445e-02 9.981947896914167284e-02 1.176317275910812588e-01 1.120109273584630888e-01
7.557899636577854185e-02 9.351367406806013194e-02 1.297080880663397107e-01 1.224264714157120848e-01 9.781712286309211801e-02 9.083024904893943763e-02 1.209807555729662809e-01 1.077564310948114501e-01 8.525726860296509169e-02 7.613094290133534670e-02
1.127304909977130953e-01 1.104446834967656582e-01 9.845364283372234904e-02 9.889670037949714609e-02 8.919164341662572104e-02 9.044109229015805107e-02 9.059639541622349634e-02 1.147664437984058372e-01 1.036089944744624514e-01 9.086991289642636083e-02
1.117473298277099070e-01 1.026417407478003863e-01 1.113081019224439194e-01 1.036437078942174933e-01 8.284050049406929683e-02 8.049568559729769479e-02 8.913469594713629984e-02 1.124688239020641689e-01 1.034493833707997856e-01 1.022700302964610064e-01
7.965648822308894761e-02 8.942186332670747084e-02 1.261857229245308409e-01 1.124762712958781302e-01 9.768673588404297448e-02 9.356262276151612600e-02 1.058131788459435452e-01 1.096607636297013133e-01 9.907647520951437525e-02 8.645987789907647048e-02
8.950354765308224381e-02 1.007427748625906172e-01 1.002410406977817803e-01 1.033329534959292750e-01 8.669523135977205697e-02 1.008968757798698324e-01 9.539310024501065910e-02 9.190936721162272505e-02 1.156557805156443325e-01 1.156293281786965055e-01
8.415389811087198302e-02 8.991430002599101745e-02 8.203363494999939276e-02 1.021847732062289293e-01 1.132814839431988546e-01 1.130833069349334863e-01 1.076033830349171494e-01 1.214131316426118878e-01 9.888172228579562850e-02 8.745036586545174018e-02
1.298666234525120700e-01 1.121615381845910003e-01 9.773433707355530520e-02 8.169716030930807005e-02 9.090781704086489667e-02 9.798146586600527119e-02 9.802342079804554631e-02 8.342564356344978060e-02 8.903052626679633375e-02 1.191714674448720035e-01
9.237774748826887983e-02 8.398188325921762676e-02 8.578246752638354899e-02 8.448557920197009852e-02 9.570178361084029361e-02 1.218245746205135066e-01 1.154507577457236089e-01 1.039702561458419328e-01 1.066053222740770412e-01 1.098196281271636848e-01
1.077232756402806968e-01 1.097562832756850820e-01 1.110858744071502036e-01 9.192261157640740921e-02 8.830449740711525386e-02 9.244635326946007425e-02 8.348929267743210314e-02 9.725636531129339124e-02 1.094052693841386925e-01 1.086101770510370379e-01
1.053054045844005471e-01 9.600368671263659337e-02 1.004997928163518794e-01 9.001571204090899614e-02 8.404127273087375061e-02 7.541059693545287823e-02 9.054917050562781566e-02 1.128680585498734457e-01 1.353689100535988010e-01 1.099373950702752789e-01
8.758770719334452171e-02 9.797957223770935309e-02 1.013658018647187603e-01 9.882862782983414807e-02 9.948405998506761050e-02 9.854387589109359080e-02 1.118969214552154867e-01 1.100703099236731847e-01 1.052978748669893966e-01 8.894524875235391981e-02
8.095828576079024119e-02 7.806956466528573724e-02 9.667135731761702933e-02 9.970045983891299979e-02 9.757399948680309243e-02 1.067466700216315734e-01 1.160084109028478860e-01 1.074274199010540054e-01 1.093759348165438960e-01 1.074678972885134698e-01
1.013543929147038558e-01 1.121634310867941908e-01 1.241485509179807989e-01 1.071512272501986274e-01 8.572145023694080490e-02 8.088864789972083358e-02 8.781067759991306731e-02 9.829017629113298571e-02 1.000846585161253577e-01 1.023867872864895612e-01
9.747534564434753857e-02 1.060360893834878943e-01 9.216028338487687599e-02 9.824286533262874266e-02 9.414313142573789428e-02 1.263975114065467586e-01 1.153548722975301505e-01 9.878476644586138555e-02 8.560632151618347008e-02 8.579881316279946990e-02
1.015047037074325031e-01 9.050497543706817472e-02 8.803790182966544919e-02 9.623915472517727276e-02 9.983262065468415103e-02 1.213123672559524441e-01 1.116879969949746143e-01 9.557657826327757566e-02 9.769534280834757389e-02 9.760835832342061591e-02
1.017379077055088205e-01 9.703219794803616405e-02 1.096143286874735751e-01 1.162894296201775063e-01 1.049131623391920537e-01 8.203420217702390993e-02 8.676208403136516367e-02 8.887910522286929238e-02 1.081000961257386761e-01 1.046374861426150327e-01
8.476853643022280727e-02 9.403789615314456229e-02 1.048147436724004566e-01 1.183392101904998939e-01 7.869685560242972722e-02 9.043537836208245806e-02 1.154343330571989817e-01 1.125370474279216715e-01 1.095288390472845541e-01 9.140716005681480405e-02
1.094104955894098091e-01 9.738789866702091125e-02 9.443436631605756082e-02 9.895898400804628570e-02 9.253666992855992535e-02 9.824398147315940855e-02 1.050233075361712565e-01 1.009838315489437199e-01 9.962137838487154784e-02 1.033990865477595056e-01
1.112462656872871825e-01 1.082653210604749144e-01 9.458532897597492217e-02 9.546354146612784364e-02 8.815850081769655011e-02 8.698363490867747072e-02 9.688054025383396883e-02 9.687838858189208591e-02 1.075879949954915982e-01 1.139504832525436717e-01
9.028620275390793204e-02 8.886793893430688929e-02 9.877426916531659162e-02 1.074203149903005111e-01 9.749475414470024082e-02 9.347652267289270622e-02 9.972208584589817293e-02 1.014392312662045492e-01 1.058637500341960552e-01 1.166549301922763793e-01
7.843096095963164593e-02 9.244043747672983646e-02 1.162615357768221475e-01 9.090802165157001180e-02 9.048307222231868896e-02 1.084502264373475300e-01 1.179436248115136865e-01 1.095776817009564419e-01 1.061386807292357681e-01 8.936575823387452044e-02
9.828727969616793403e-02 1.188076795779982597e-01 1.016636462763991916e-01 7.736602638852557723e-02 7.230677986980695027e-02 8.978121418928597386e-02 1.067890733088685817e-01 1.051693194684442112e-01 1.165262201509821294e-01 1.133027610735211355e-01
8.454273645811204163e-02 8.768457878483199019e-02 9.312700249429395338e-02 1.105271929129485464e-01 1.097837828495609180e-01 1.096203775642421580e-01 1.091037937324188800e-01 9.663077661944395602e-02 9.747997434627361790e-02 1.014997842378741882e-01
9.363455539565106178e-02 1.038608512971578579e-01 1.155831079680513102e-01 1.083459518192095711e-01 9.758027412095285347e-02 9.502997934842202787e-02 9.462492350846522793e-02 8.743975186724856075e-02 9.413187071705222952e-02 1.097687339577892857e-01
1.007548322601113377e-01 7.244594298039079561e-02 8.181307528296738463e-02 1.100102797272891758e-01 9.270730181775518886e-02 1.138004067078793868e-01 1.192855892138772467e-01 1.151057765921007087e-01 1.027496977286468105e-01 9.132709768898217284e-02
7.831096907611992397e-02 7.760434054895903877e-02 9.017449150891131138e-02 1.025632460178568933e-01 1.124189723186582723e-01 1.103574830112303423e-01 8.997480288878789700e-02 1.149482720920329271e-01 1.288110221954106849e-01 9.483640034203263958e-02
1.029387179780159312e-01 9.386287179622405941e-02 9.762505685719172210e-02 1.143148073239432794e-01 1.024604544007692714e-01 9.648161674284119749e-02 1.056074259689494810e-01 9.286787190400674907e-02 9.516867313530615047e-02 9.867250389275222799e-02
8.486296385187994118e-02 9.459575068078690530e-02 1.132185909985682637e-01 1.132508445482300341e-01 9.542094608780359033e-02 1.001215419000994616e-01 1.034377707343087094e-01 1.060667750283680044e-01 9.544411457702817181e-02 9.358070159292716794e-02
1.135007014843945894e-01 1.018706868356293316e-01 8.899844156672299944e-02 7.808843178185721767e-02 1.042112778752689595e-01 9.978538702380977676e-02 1.112966596227619870e-01 1.038329122672921878e-01 9.546228816360199931e-02 1.029532133786612708e-01
7.857279587270568633e-02 8.774683239897805576e-02 1.004128806776767302e-01 1.156630415951024060e-01 1.518075236048391508e-01 1.231128804731485976e-01 9.459900883787758508e-02 8.317099736924381259e-02 8.291924589978480475e-02 8.199479327064322642e-02
9.358046460627815477e-02 7.906645204781834191e-02 1.133183240334952463e-01 1.039878805779971827e-01 1.070363437870818640e-01 8.788576274480014439e-02 8.264267553728416038e-02 1.014914452542864665e-01 1.175180936372193785e-01 1.134725577737390745e-01
1.166780423451578286e-01 1.214160164111868223e-01 8.960320023607100393e-02 9.086570473741140130e-02 8.414556877573148297e-02 9.801463283494657452e-02 9.300921755445147598e-02 9.597990282459870071e-02 9.995074813942056435e-02 1.103369661410242702e-01
7.892796858801906512e-02 8.758050260313675339e-02 8.738197802796308922e-02 8.931033507660615656e-02 1.000974358497014050e-01 1.142507880199879339e-01 1.259135911404088981e-01 1.097999783085902015e-01 1.107225437827851489e-01 9.601487860280147335e-02
9.541425648214649224e-02 9.198751766579489619e-02 1.020152673444550406e-01 1.055546851304712819e-01 9.665202418916638005e-02 9.262561677463346244e-02 9.157722463416112513e-02 1.111131120265761857e-01 1.044594195590791003e-01 1.086008761935159661e-01
9.409637686101132714e-02 1.187289306137880029e-01 1.247866020101612017e-01 9.907017218117691870e-02 8.859345367229391754e-02 9.454234638358149923e-02 1.097959133950410504e-01 9.761596306023591352e-02 8.466199894250689417e-02 8.810824288020363548e-02
9.949836057620647933e-02 8.979381377338457870e-02 8.046752688740275994e-02 7.499008996541806082e-02 8.408683279867909532e-02 1.102703613661975418e-01 1.270949748583477812e-01 1.054363627967902783e-01 1.181105738235723734e-01 1.102511031540013287e-01
1.005605927389733034e-01 9.299662022814533802e-02 1.103211533789961313e-01 1.038236297439471267e-01 8.810931765114338177e-02 9.292650703066437923e-02 1.201074270015257683e-01 1.198937349678960290e-01 8.988273139960156755e-02 8.137828585910700241e-02
9.294793042147478368e-02 9.316568250451214006e-02 1.015116377894371286e-01 8.634217105767279243e-02 1.024756589063570006e-01 9.200443274860606313e-02 1.057347607324361782e-01 1.118922749946597295e-01 1.075283038303306987e-01 1.063971470145137904e-01
9.983974243865603726e-02 8.890700201266141245e-02 9.128985395575731077e-02 9.854292588848841128e-02 1.030705071417927915e-01 9.555117696884010692e-02 9.052462811895584105e-02 1.199488708971929440e-01 1.066066876810814329e-01 1.057186048965737535e-01
9.504913234172758518e-02 1.234735256446436863e-01 1.026615274179218107e-01 9.978238274193503010e-02 1.111577244065987680e-01 9.860226400527090374e-02 9.485593194476162060e-02 8.846347351022840200e-02 8.742461198176518233e-02 9.852942600514719151e-02
1.098095165113853466e-01 9.368839757285291059e-02 7.437627864397448885e-02 8.622001553462629864e-02 1.057060553187402219e-01 9.414378808137952026e-02 1.054127617042182052e-01 1.120624846739794594e-01 1.105803892766993590e-01 1.080003126821442172e-01
1.040752423790192449e-01 1.225913800237286161e-01 1.016738681044551673e-01 8.807490846567939125e-02 9.355970163347139545e-02 8.908731490628135630e-02 9.984878746912255465e-02 1.074990350631200575e-01 9.128844711474190521e-02 1.023013148403802697e-01
1.060466323548568957e-01 9.358153390262545501e-02 8.806137534639493780e-02 8.340051700160480697e-02 7.965835580860972098e-02 9.767930254480997054e-02 1.162986948926484077e-01 1.112359102824885260e-01 1.104813388803663476e-01 1.135563389855950706e-01
1.149831553819186392e-01 1.110060293741924053e-01 1.017829902113573382e-01 1.343502210693013066e-01 1.293506980719069110e-01 9.439401782783214678e-02 7.261209031864773733e-02 7.158874042615155642e-02 7.837750352112926588e-02 9.155455379756277656e-02
7.699448264337459269e-02 8.948648164768756297e-02 1.004282418407686783e-01 1.146232433047590649e-01 1.106868741634482456e-01 1.012682538514654562e-01 1.038718330624753272e-01 1.093301224375606145e-01 1.107835875329483688e-01 8.252687951551204715e-02
1.003585695247914134e-01 8.409091216472164287e-02 8.920217783858447325e-02 7.854689859492128279e-02 9.639151069882996581e-02 1.393725979353484523e-01 1.225738460901203003e-01 1.085899918096933925e-01 8.743547336921296542e-02 9.343802197377615304e-02
9.105470509855853600e-02 9.215031421229388786e-02 1.003995319261458963e-01 1.000658226547715968e-01 1.113518871269844335e-01 1.024450717293124702e-01 8.677244817993028103e-02 1.033700452583145579e-01 1.174663239963739114e-01 9.492384981731455396e-02
8.981361478776611618e-02 1.108513786945040380e-01 1.032458741491180804e-01 1.013642855641095630e-01 1.172499560279602338e-01 1.053632500551906354e-01 1.178218130932298102e-01 9.502990081733495020e-02 8.230794704684792074e-02 7.695197976393865213e-02
1.003844769594161856e-01 9.170537672004655527e-02 9.857104285166498614e-02 1.018946565862934583e-01 1.018790933497692452e-01 9.750470441493833129e-02 9.134822000094856842e-02 9.878119151141788457e-02 1.083407033971146988e-01 1.095905342083904610e-01
1.164034741827042335e-01 1.079794129503499067e-01 1.004041394204325255e-01 1.248837375335619393e-01 1.049860380041048868e-01 1.109781667261190846e-01 1.082173785535406885e-01 8.491858205300262252e-02 6.195118510688080171e-02 7.927788546930344959e-02
1.037769803274197489e-01 1.084216336017072291e-01 1.343741834177471228e-01 1.019710086508910651e-01 8.615324683723904475e-02 1.041736671632039063e-01 8.523082069578245823e-02 7.840434774944132768e-02 8.414170983814141247e-02 1.133524017184265875e-01
8.233694543836099500e-02 8.660089652085202483e-02 9.365713735772004944e-02 1.009183847452203853e-01 9.416293294500165112e-02 8.327249708177505982e-02 1.001477058803956349e-01 1.241160237859143117e-01 1.184553362308901348e-01 1.163321400138699335e-01
8.532001611516781825e-02 8.883840642129223197e-02 1.136838944330798989e-01 1.092908507572765836e-01 9.062125890662987848e-02 8.178575994052827980e-02 8.995460905052762857e-02 1.191472341600083029e-01 1.234131756021116244e-01 9.794479461337783632e-02
9.662844398506270638e-02 1.229361535560321017e-01 1.212148422358329258e-01 1.172896099779190127e-01 1.055336252210311576e-01 1.021927285753724823e-01 9.050625417517607629e-02 8.222422926803053811e-02 7.655866360001337134e-02 8.491544940552983589e-02
9.923883556754634072e-02 9.438595911667378713e-02 1.022501348730117943e-01 1.026353161391870689e-01 1.008630877537755599e-01 1.096329518408021841e-01 8.718312505202943652e-02 8.902313898947167292e-02 1.129444242858559655e-01 1.018430263816460374e-01
9.955027795945889380e-02 1.040166925169501017e-01 1.092399999261761956e-01 1.136128058616303754e-01 8.497158174164223809e-02 7.584615261855741364e-02 9.097038166240452306e-02 1.085696026355295052e-01 1.125407686837601590e-01 1.006817363938906917e-01
8.382552052473413173e-02 1.019206529001522032e-01 9.897182374988712505e-02 1.079573415324314029e-01 1.045413904830895246e-01 1.189737650937442714e-01 1.309100119114064431e-01 1.042639956945151380e-01 7.461674759477660013e-02 7.401875051526342342e-02
9.638677587124319657e-02 9.668258968344603521e-02 1.017555962842412176e-01 1.163828878828550850e-01 1.033857090849978622e-01 1.112975373887605812e-01 8.835418794932024811e-02 7.948685261736732066e-02 9.352576065314147091e-02 1.127421025846270797e-01
9.726146370617411163e-02 9.652450113168606349e-02 8.044985850517073767e-02 8.587381030610148624e-02 9.781350339853146780e-02 1.040351772642249678e-01 1.058690700450497513e-01 1.037606345997860585e-01 1.100765624839247225e-01 1.183354185593507996e-01
1.209061471465600474e-01 7.907506252053489448e-02 6.833737872045093920e-02 7.639029362298574433e-02 9.572223324189521598e-02 1.362044639039975968e-01 1.166116623312450779e-01 9.359188363847270598e-02 1.023743525844974245e-01 1.107865222893605339e-01
7.462211071139564222e-02 8.578214077327712961e-02 9.862564678156983400e-02 1.016863989722826128e-01 1.085127051213484739e-01 1.106088541428979360e-01 1.145609115641969822e-01 1.181864134449444048e-01 1.049136534933838433e-01 8.250116499470341869e-02
9.242057689511543050e-02 8.313396753657709137e-02 7.829987823804843150e-02 9.964492178365007280e-02 1.421344859208534817e-01 1.233723318959614457e-01 9.925404352709948919e-02 9.232698302869776774e-02 1.061969174988406373e-01 8.321589367515619395e-02
1.026539769771013105e-01 8.649806921420752359e-02 9.045586717864462223e-02 9.481110225317569695e-02 1.053410882636079404e-01 1.121761256819535646e-01 1.075176283760143070e-01 9.604858560442666726e-02 1.039330060226763552e-01 1.005645504281922897e-01
1.079372854289199213e-01 9.031238031106877950e-02 8.943181481621227669e-02 7.634273762335501423e-02 9.710904613574741773e-02 1.295972677706176968e-01 1.118469728368215038e-01 9.886177661548681272e-02 9.497929888709161217e-02 1.035814195746789512e-01
8.566014554993836572e-02 8.749459403788226175e-02 8.843653368991989672e-02 1.013112688500695246e-01 1.082264923566686604e-01 1.086257097451349962e-01 1.085843222202075020e-01 1.059169733179141371e-01 1.021921362424250967e-01 1.035518239898397530e-01
8.810315627424063212e-02 7.519406108940349109e-02 8.156866358944986350e-02 1.092152400013410019e-01 1.316642183383013587e-01 1.045029624652314137e-01 9.344959284582134151e-02 9.558321882107471967e-02 1.125492453474640359e-01 1.081696412276723918e-01
9.205862925176590272e-02 1.115037162092170353e-01 1.152808628280107828e-01 1.079774677997163701e-01 9.852520723542079750e-02 9.062353529279167097e-02 8.737365151015634435e-02 9.922915599345831505e-02 1.028078019367879847e-01 9.461997194267479649e-02
9.986927020152887302e-02 1.114192217409603058e-01 1.088541337305425488e-01 1.183099906913464144e-01 1.039927920037191922e-01 9.744180539524399665e-02 9.971446099973318988e-02 9.345862585190964356e-02 8.743992695195496045e-02 7.949977243306105557e-02
9.235313279922482965e-02 1.091909056888962642e-01 1.026328736193639624e-01 9.690279896197281917e-02 8.603848249101191115e-02 9.872621861546478084e-02 1.099663278168303837e-01 9.761584717827753721e-02 1.065110567566869282e-01 1.000623560722705696e-01
9.524781377429222817e-02 8.766914036182625602e-02 9.434515206670175680e-02 9.743279007101444955e-02 8.662611523397836799e-02 9.218776087470506586e-02 9.942840269646482931e-02 1.174552104488194443e-01 1.234776491729136921e-01 1.061299652992837433e-01
6.999799057472692876e-02 7.890162732949387858e-02 1.087345604387521536e-01 1.250886928490451411e-01 1.056426734914977794e-01 1.068460627941316965e-01 1.193781182064253821e-01 1.098302302748944415e-01 9.693448958569672591e-02 7.864555445533592815e-02
9.792921599735640581e-02 8.466385033115400582e-02 9.403629798660866068e-02 9.714237904643852062e-02 1.182519502281749874e-01 1.107456883569586659e-01 8.849680861552575162e-02 8.447725129032315761e-02 1.058149673416577813e-01 1.184415908058022160e-01
9.202912357431290713e-02 1.111738486894487676e-01 1.138054029637760034e-01 1.009931063331487022e-01 8.295647382955337323e-02 9.180173366579250094e-02 9.361731118225943837e-02 1.051069549684207349e-01 1.131334370754871199e-01 9.538260771780074365e-02
9.961219838943213833e-02 1.018402315675036585e-01 9.926924632587795505e-02 8.138523288705012959e-02 8.855257656374697361e-02 9.340083390107339900e-02 1.042412058367106903e-01 1.117392480161046031e-01 1.178166457020362046e-01 1.021425808104642480e-01
8.312771055235276818e-02 8.861104287538465463e-02 9.387408249633232005e-02 1.185726875472850883e-01 9.252579039338135192e-02 9.618804899240075701e-02 1.048389089791346707e-01 1.112655732739346315e-01 1.130647730555646990e-01 9.793138183422933629e-02
9.407759870894383258e-02 1.011718055511386938e-01 9.742263481640839329e-02 1.021484945614287987e-01 1.121069649536763913e-01 1.000552425910979926e-01 8.960544288919029821e-02 9.362347417621652568e-02 1.125545343197118381e-01 9.723380743218723588e-02
1.036474976254132541e-01 1.078757487270340376e-01 1.054465000519365231e-01 9.480934824712311526e-02 1.097629971799154169e-01 1.072869912842426554e-01 8.652220818497464994e-02 9.820686034173684020e-02 9.446316733895467055e-02 9.197868101866871204e-02
1.032644996344843080e-01 9.534724278743178516e-02 9.785560008285250355e-02 9.143631310653581312e-02 9.408931637494059863e-02 9.720451305815962229e-02 1.058980946974409088e-01 1.091076470141887911e-01 1.030070465186321560e-01 1.027897267253333607e-01
9.116218339909389068e-02 9.791655442510910357e-02 1.125765962598295616e-01 1.161021127714561563e-01 1.077314259696271759e-01 1.011550484765964264e-01 1.038385513886145306e-01 9.737910932032217692e-02 8.806488810249468724e-02 8.407352988685629080e-02
8.423736055984334947e-02 7.474448799091372442e-02 8.883258373643374006e-02 1.234456080371418296e-01 1.143055258956584136e-01 9.408902074652517045e-02 8.343034575606489422e-02 1.056167822047242022e-01 1.244447685031172257e-01 1.068535165695776445e-01
