1.115725660833208899e-01 1.163741085517619039e-01 9.888902707591887276e-02 8.562798587136659367e-02 7.899477145014227597e-02 7.688627282590848599e-02 8.588000693878727887e-02 9.286104343067491662e-02 9.798503986651532771e-02 1.067241992206093143e-01
1.163741085517619039e-01 1.281253614176180444e-01 1.108189218525892916e-01 9.573073571642556900e-02 8.675530214446944277e-02 8.203201381661892611e-02 8.878591841442075305e-02 9.358114802509572006e-02 9.763101492117633173e-02 1.074573021103670395e-01
9.888902707591887276e-02 1.108189218525892916e-01 9.992233359400978787e-02 8.841418479853159484e-02 8.092220574274412714e-02 7.625486055155411558e-02 8.135417723228294262e-02 8.370334228081129091e-02 8.485811964206642355e-02 9.147171318638952497e-02
8.562798587136659367e-02 9.573073571642556900e-02 8.841418479853159484e-02 8.178141640551431224e-02 7.707600128581895693e-02 7.376191805925681744e-02 7.880468831486170389e-02 7.977231247543083159e-02 7.823852951937323996e-02 8.119451079227442414e-02
7.899477145014227597e-02 8.675530214446944277e-02 8.092220574274412714e-02 7.707600128581895693e-02 7.592556733415360692e-02 7.485166865467675346e-02 8.118295891062696223e-02 8.181572422751066942e-02 7.816233947312466179e-02 7.783253595458998475e-02
7.688627282590848599e-02 8.203201381661892611e-02 7.625486055155411558e-02 7.376191805925681744e-02 7.485166865467675346e-02 7.700033027746655545e-02 8.578740036705356786e-02 8.713404911162510313e-02 8.210377120125739170e-02 7.901791969431101736e-02
8.588000693878727887e-02 8.878591841442075305e-02 8.135417723228294262e-02 7.880468831486170389e-02 8.118295891062696223e-02 8.578740036705356786e-02 9.912504193524947216e-02 1.025664003136914360e-01 9.669913983848235639e-02 9.131959503584818894e-02
9.286104343067491662e-02 9.358114802509572006e-02 8.370334228081129091e-02 7.977231247543083159e-02 8.181572422751066942e-02 8.713404911162510313e-02 1.025664003136914360e-01 1.099584900979032609e-01 1.057995705557521482e-01 1.002840304854464570e-01
9.798503986651532771e-02 9.763101492117633173e-02 8.485811964206642355e-02 7.823852951937323996e-02 7.816233947312466179e-02 8.210377120125739170e-02 9.669913983848235639e-02 1.057995705557521482e-01 1.069448338695333095e-01 1.047375653086104474e-01
1.067241992206093143e-01 1.074573021103670395e-01 9.147171318638952497e-02 8.119451079227442414e-02 7.783253595458998475e-02 7.901791969431101736e-02 9.131959503584818894e-02 1.002840304854464570e-01 1.047375653086104474e-01 1.096440589852311354e-01
7.255491119526968902e-02 7.546010329936256311e-02 8.433701675718663360e-02 7.828363903110817368e-02 7.353715666958846042e-02 7.658481249286115677e-02 7.174887288413414610e-02 7.926019232895714639e-02 8.491190479800758695e-02 8.111451231357089120e-02
7.546010329936256311e-02 8.317963248829386702e-02 9.607594419593604163e-02 8.958170478812566007e-02 8.246763026322499746e-02 8.270156227039787700e-02 7.400811785018361622e-02 7.879896627706292622e-02 8.346778305164459510e-02 8.097901702434363858e-02
8.433701675718663360e-02 9.607594419593604163e-02 1.155671233640718082e-01 1.095251299838196912e-01 1.006190186124478192e-01 9.898739932135515451e-02 8.554925359169757160e-02 8.786680286326195577e-02 9.126398475717997782e-02 8.865354434790947979e-02
7.828363903110817368e-02 8.958170478812566007e-02 1.095251299838196912e-01 1.078886039201770591e-01 1.015180117030334145e-01 1.005926905865726084e-01 8.568231083696234429e-02 8.571613631066415939e-02 8.676367639126192355e-02 8.282341480612809281e-02
7.353715666958846042e-02 8.246763026322499746e-02 1.006190186124478192e-01 1.015180117030334145e-01 1.007318721567337927e-01 1.031712108130866251e-01 8.853535615273502857e-02 8.764020549155787654e-02 8.657182019045138455e-02 8.015711841344866362e-02
7.658481249286115677e-02 8.270156227039787700e-02 9.898739932135515451e-02 1.005926905865726084e-01 1.031712108130866251e-01 1.117758594052947196e-01 9.878637878902984948e-02 9.887628830219871712e-02 9.661384879264567349e-02 8.691512881259409740e-02
7.174887288413414610e-02 7.400811785018361622e-02 8.554925359169757160e-02 8.568231083696234429e-02 8.853535615273502857e-02 9.878637878902984948e-02 9.275223495949018460e-02 9.657038496177652864e-02 9.539305760908042831e-02 8.451421423093237462e-02
7.926019232895714639e-02 7.879896627706292622e-02 8.786680286326195577e-02 8.571613631066415939e-02 8.764020549155787654e-02 9.887628830219871712e-02 9.657038496177652864e-02 1.064999370053470729e-01 1.079058476910942505e-01 9.552618309912432049e-02
8.491190479800758695e-02 8.346778305164459510e-02 9.126398475717997782e-02 8.676367639126192355e-02 8.657182019045138455e-02 9.661384879264567349e-02 9.539305760908042831e-02 1.079058476910942505e-01 1.136803936582397728e-01 1.022813736822359154e-01
8.111451231357089120e-02 8.097901702434363858e-02 8.865354434790947979e-02 8.282341480612809281e-02 8.015711841344866362e-02 8.691512881259409740e-02 8.451421423093237462e-02 9.552618309912432049e-02 1.022813736822359154e-01 9.536943184708195076e-02
1.010533467589120049e-01 9.074422436822957017e-02 8.731546021741651287e-02 8.758543385150094340e-02 8.630430283031287342e-02 8.335552296166780228e-02 8.785314148972682424e-02 8.896965307359416819e-02 9.595415556190281525e-02 9.753700654349425903e-02
9.074422436822957017e-02 8.501668089950911722e-02 8.428474793043511104e-02 8.569250410938300533e-02 8.392946937342996017e-02 7.902057984987467809e-02 8.043258331245639603e-02 7.902840351440816591e-02 8.392698965040976122e-02 8.571079848550272606e-02
8.731546021741651287e-02 8.428474793043511104e-02 8.773536483368751804e-02 9.191256889076107606e-02 9.082426234304352697e-02 8.433565644259186089e-02 8.319222626752253991e-02 7.864113360004412745e-02 8.099658659722211440e-02 8.179719460096648853e-02
8.758543385150094340e-02 8.569250410938300533e-02 9.191256889076107606e-02 1.007402512651659615e-01 1.019801103234071193e-01 9.501361564141631855e-02 9.222708490409131654e-02 8.437270900076554447e-02 8.384662683544447104e-02 8.263681087510081624e-02
8.630430283031287342e-02 8.392946937342996017e-02 9.082426234304352697e-02 1.019801103234071193e-01 1.078287610407089731e-01 1.029074785598250580e-01 1.004181548991409378e-01 9.037813137323941204e-02 8.718123444085544571e-02 8.325621928661511295e-02
8.335552296166780228e-02 7.902057984987467809e-02 8.433565644259186089e-02 9.501361564141631855e-02 1.029074785598250580e-01 1.033036977399444667e-01 1.039066464355268421e-01 9.409265851404548242e-02 8.950575627527446176e-02 8.303034717909718587e-02
8.785314148972682424e-02 8.043258331245639603e-02 8.319222626752253991e-02 9.222708490409131654e-02 1.004181548991409378e-01 1.039066464355268421e-01 1.103712551852175094e-01 1.028366214134941864e-01 9.851200476149614416e-02 9.003961044222756616e-02
8.896965307359416819e-02 7.902840351440816591e-02 7.864113360004412745e-02 8.437270900076554447e-02 9.037813137323941204e-02 9.409265851404548242e-02 1.028366214134941864e-01 1.012978494259930695e-01 1.002163146231053042e-01 9.230428142572194572e-02
9.595415556190281525e-02 8.392698965040976122e-02 8.099658659722211440e-02 8.384662683544447104e-02 8.718123444085544571e-02 8.950575627527446176e-02 9.851200476149614416e-02 1.002163146231053042e-01 1.045730790512626879e-01 9.894466059475454101e-02
9.753700654349425903e-02 8.571079848550272606e-02 8.179719460096648853e-02 8.263681087510081624e-02 8.325621928661511295e-02 8.303034717909718587e-02 9.003961044222756616e-02 9.230428142572194572e-02 9.894466059475454101e-02 9.807971379959889990e-02
1.000960810610025398e-01 9.657767294976293826e-02 9.060152511486602167e-02 8.408608419790229715e-02 7.782206862483034837e-02 7.647637019968137051e-02 8.000105341379742940e-02 8.819414484401938426e-02 1.031015734167337050e-01 1.111952451272811004e-01
9.657767294976293826e-02 9.967297851790174468e-02 9.671366877063633516e-02 9.047531192620052176e-02 8.265390980769478368e-02 7.882175002854194257e-02 7.909277325920127666e-02 8.355238783163422556e-02 9.505013701533479575e-02 1.028797577194446033e-01
9.060152511486602167e-02 9.671366877063633516e-02 9.840115049331640829e-02 9.414946669435977911e-02 8.638008958491072420e-02 8.144403083021910239e-02 7.960706765929087547e-02 8.106316410955656526e-02 8.913943911315379276e-02 9.511097571234536363e-02
8.408608419790229715e-02 9.047531192620052176e-02 9.414946669435977911e-02 9.328080220674311862e-02 8.718784648582268704e-02 8.270573169960515614e-02 8.025467154891802180e-02 8.001293532262118702e-02 8.546347213062857606e-02 8.898243761662025242e-02
7.782206862483034837e-02 8.265390980769478368e-02 8.638008958491072420e-02 8.718784648582268704e-02 8.418754719939965103e-02 8.159526838945334315e-02 7.999201599189502410e-02 7.946300331872194200e-02 8.336621711602619500e-02 8.445735436801045382e-02
7.647637019968137051e-02 7.882175002854194257e-02 8.144403083021910239e-02 8.270573169960515614e-02 8.159526838945334315e-02 8.208757526417126416e-02 8.263819430427193913e-02 8.319648230526063837e-02 8.693745473878326802e-02 8.601867525241724266e-02
8.000105341379742940e-02 7.909277325920127666e-02 7.960706765929087547e-02 8.025467154891802180e-02 7.999201599189502410e-02 8.263819430427193913e-02 8.701997162740150726e-02 9.039989819083074640e-02 9.566568572055883513e-02 9.341399726064225639e-02
8.819414484401938426e-02 8.355238783163422556e-02 8.106316410955656526e-02 8.001293532262118702e-02 7.946300331872194200e-02 8.319648230526063837e-02 9.039989819083074640e-02 9.902314493096611714e-02 1.081672293496272474e-01 1.059252489515066370e-01
1.031015734167337050e-01 9.505013701533479575e-02 8.913943911315379276e-02 8.546347213062857606e-02 8.336621711602619500e-02 8.693745473878326802e-02 9.566568572055883513e-02 1.081672293496272474e-01 1.246035336425345835e-01 1.248193192107609623e-01
1.111952451272811004e-01 1.028797577194446033e-01 9.511097571234536363e-02 8.898243761662025242e-02 8.445735436801045382e-02 8.601867525241724266e-02 9.341399726064225639e-02 1.059252489515066370e-01 1.248193192107609623e-01 1.316272150565630239e-01
1.079442077923585125e-01 8.591062278508423966e-02 8.855147870953355982e-02 8.989059557454649740e-02 8.425562586259677245e-02 8.315231592917524117e-02 8.375532398042988269e-02 9.092426280331258881e-02 1.058192024612968768e-01 1.121726254498875280e-01
8.591062278508423966e-02 7.263872028515273860e-02 7.858599479612554672e-02 8.145005032322916172e-02 7.591305932295946968e-02 7.285857480586831192e-02 7.020289242890162540e-02 7.276352739728571273e-02 8.221009461798581275e-02 8.696499828094500506e-02
8.855147870953355982e-02 7.858599479612554672e-02 9.052462938537096659e-02 9.671383256404977868e-02 9.051950378602954816e-02 8.532468439824596185e-02 7.904736207148739535e-02 7.790413399937091976e-02 8.450852442050213464e-02 8.816854901455893623e-02
8.989059557454649740e-02 8.145005032322916172e-02 9.671383256404977868e-02 1.072796282316852007e-01 1.020645621065577879e-01 9.624586562745061913e-02 8.765768010490931905e-02 8.369958761917781209e-02 8.775687935680481777e-02 8.961181105406160197e-02
8.425562586259677245e-02 7.591305932295946968e-02 9.051950378602954816e-02 1.020645621065577879e-01 1.003658173943771104e-01 9.652434200676636433e-02 8.839621796417718169e-02 8.362527509349068633e-02 8.585992074699803911e-02 8.553253322004764070e-02
8.315231592917524117e-02 7.285857480586831192e-02 8.532468439824596185e-02 9.624586562745061913e-02 9.652434200676636433e-02 9.663708590886374572e-02 9.091288393301451276e-02 8.713116741689488909e-02 8.909948479663644394e-02 8.690269318127255560e-02
8.375532398042988269e-02 7.020289242890162540e-02 7.904736207148739535e-02 8.765768010490931905e-02 8.839621796417718169e-02 9.091288393301451276e-02 9.016592915905224936e-02 8.977300833559989646e-02 9.341171370167639099e-02 9.026898479465936265e-02
9.092426280331258881e-02 7.276352739728571273e-02 7.790413399937091976e-02 8.369958761917781209e-02 8.362527509349068633e-02 8.713116741689488909e-02 8.977300833559989646e-02 9.523887660158064650e-02 1.029174779841780241e-01 1.001267110721149739e-01
1.058192024612968768e-01 8.221009461798581275e-02 8.450852442050213464e-02 8.775687935680481777e-02 8.585992074699803911e-02 8.909948479663644394e-02 9.341171370167639099e-02 1.029174779841780241e-01 1.174968652591918128e-01 1.169781020599645754e-01
1.121726254498875280e-01 8.696499828094500506e-02 8.816854901455893623e-02 8.961181105406160197e-02 8.553253322004764070e-02 8.690269318127255560e-02 9.026898479465936265e-02 1.001267110721149739e-01 1.169781020599645754e-01 1.217082399823671279e-01
9.481296459524617137e-02 9.817838898735038733e-02 9.114287705439627629e-02 8.708009239481442898e-02 7.978101447546612213e-02 7.718767074171006826e-02 8.168298246406700824e-02 8.257837247033374128e-02 9.365943987669334003e-02 9.858703665921231263e-02
9.817838898735038733e-02 1.075893566325717560e-01 1.026916485479879848e-01 9.861960264012478716e-02 8.879721662198351850e-02 8.309083619961449285e-02 8.469728772781938420e-02 8.303478725345028733e-02 9.272993506674273578e-02 9.848084540604018500e-02
9.114287705439627629e-02 1.026916485479879848e-01 1.029789805120075175e-01 1.015589992106789019e-01 9.184640258332862905e-02 8.473909785115700533e-02 8.404477163617882218e-02 7.960069383718570979e-02 8.629162926025714386e-02 9.053356494972331081e-02
8.708009239481442898e-02 9.861960264012478716e-02 1.015589992106789019e-01 1.048490551353105926e-01 9.707170639360662712e-02 9.011418416119477970e-02 8.846826740240448794e-02 8.162842060297748059e-02 8.567069210160552228e-02 8.754666975172747945e-02
7.978101447546612213e-02 8.879721662198351850e-02 9.184640258332862905e-02 9.707170639360662712e-02 9.395776590409274376e-02 8.967464379261595731e-02 8.899350322887084053e-02 8.139937070350183879e-02 8.347729260646521987e-02 8.267264403989305066e-02
7.718767074171006826e-02 8.309083619961449285e-02 8.473909785115700533e-02 9.011418416119477970e-02 8.967464379261595731e-02 8.978759562842818231e-02 9.174496711061144727e-02 8.468075646956275959e-02 8.612767411053771915e-02 8.308736428311221112e-02
8.168298246406700824e-02 8.469728772781938420e-02 8.404477163617882218e-02 8.846826740240448794e-02 8.899350322887084053e-02 9.174496711061144727e-02 9.806177411194222371e-02 9.283000245389161353e-02 9.525343485320536541e-02 9.076767329748222646e-02
8.257837247033374128e-02 8.303478725345028733e-02 7.960069383718570979e-02 8.162842060297748059e-02 8.139937070350183879e-02 8.468075646956275959e-02 9.283000245389161353e-02 9.203987253770892774e-02 9.722717322489446423e-02 9.325778089268876858e-02
9.365943987669334003e-02 9.272993506674273578e-02 8.629162926025714386e-02 8.567069210160552228e-02 8.347729260646521987e-02 8.612767411053771915e-02 9.525343485320536541e-02 9.722717322489446423e-02 1.075869987287985663e-01 1.055857678507195196e-01
9.858703665921231263e-02 9.848084540604018500e-02 9.053356494972331081e-02 8.754666975172747945e-02 8.267264403989305066e-02 8.308736428311221112e-02 9.076767329748222646e-02 9.325778089268876858e-02 1.055857678507195196e-01 1.083356362138936380e-01
9.520271534374095956e-02 9.667467132048167267e-02 9.839538122478407034e-02 1.000845315768111032e-01 8.866878018544943618e-02 8.119588942503590256e-02 7.921287639841394224e-02 7.929109430596517627e-02 7.515034028347152006e-02 8.558752015959872339e-02
9.667467132048167267e-02 1.030045584147600279e-01 1.084432798104163764e-01 1.111912485804804340e-01 9.609262621034003748e-02 8.464721961157686825e-02 7.992891227262186038e-02 7.857290539456243672e-02 7.415750622162263495e-02 8.503101719063146935e-02
9.839538122478407034e-02 1.084432798104163764e-01 1.222400162103983168e-01 1.298346995204922028e-01 1.113477204570082618e-01 9.479548203382844040e-02 8.598446783939234228e-02 8.185471366734695109e-02 7.563522740672401490e-02 8.587628395306901030e-02
1.000845315768111032e-01 1.111912485804804340e-01 1.298346995204922028e-01 1.477522150548888913e-01 1.295041077442897204e-01 1.093419563360027713e-01 9.668056912331259023e-02 8.925611523632065447e-02 7.995929578182600639e-02 8.845367251346392123e-02
8.866878018544943618e-02 9.609262621034003748e-02 1.113477204570082618e-01 1.295041077442897204e-01 1.211950198893536612e-01 1.056668815752521140e-01 9.414503733093175508e-02 8.603997292554918519e-02 7.527284348514655388e-02 8.078142006412397658e-02
8.119588942503590256e-02 8.464721961157686825e-02 9.479548203382844040e-02 1.093419563360027713e-01 1.056668815752521140e-01 9.806958507516240486e-02 9.027622610553275029e-02 8.335419032680940754e-02 7.239282691800816294e-02 7.621338621995396578e-02
7.921287639841394224e-02 7.992891227262186038e-02 8.598446783939234228e-02 9.668056912331259023e-02 9.414503733093175508e-02 9.027622610553275029e-02 8.708169457435943617e-02 8.230949074206378446e-02 7.204035898937849458e-02 7.560195959897947349e-02
7.929109430596517627e-02 7.857290539456243672e-02 8.185471366734695109e-02 8.925611523632065447e-02 8.603997292554918519e-02 8.335419032680940754e-02 8.230949074206378446e-02 8.029429606044527490e-02 7.156929319852067817e-02 7.584788014486659735e-02
7.515034028347152006e-02 7.415750622162263495e-02 7.563522740672401490e-02 7.995929578182600639e-02 7.527284348514655388e-02 7.239282691800816294e-02 7.204035898937849458e-02 7.156929319852067817e-02 6.569437261325709876e-02 7.114760569326661344e-02
8.558752015959872339e-02 8.503101719063146935e-02 8.587628395306901030e-02 8.845367251346392123e-02 8.078142006412397658e-02 7.621338621995396578e-02 7.560195959897947349e-02 7.584788014486659735e-02 7.114760569326661344e-02 7.946552676363410894e-02
1.196360473992853779e-01 1.124921561834267281e-01 1.010046184174468870e-01 9.118245668984420460e-02 8.606740662964160182e-02 8.621573278758834502e-02 8.975835464694784105e-02 8.701887812621919571e-02 9.444764694909255076e-02 1.093222413890862915e-01
1.124921561834267281e-01 1.108832760943803952e-01 1.022093423359005104e-01 9.291766846430964122e-02 8.677984346425134110e-02 8.495494939329435724e-02 8.608239803846659544e-02 8.142021374402221012e-02 8.697804358059067764e-02 1.007045995925800325e-01
1.010046184174468870e-01 1.022093423359005104e-01 9.946039161529718342e-02 9.345536622906536195e-02 8.840590868868596075e-02 8.597091794104144702e-02 8.515812068694957049e-02 7.776308842088815176e-02 8.004211520355083986e-02 9.051026703284731356e-02
9.118245668984420460e-02 9.291766846430964122e-02 9.345536622906536195e-02 9.293232164396980632e-02 9.093278121705383743e-02 8.949256615207951127e-02 8.783401811361012113e-02 7.777973394636993054e-02 7.664224617407598694e-02 8.334318488261265034e-02
8.606740662964160182e-02 8.677984346425134110e-02 8.840590868868596075e-02 9.093278121705383743e-02 9.364404148617652690e-02 9.475975129032092326e-02 9.359407670928351908e-02 8.155003819162506828e-02 7.767593965200239592e-02 8.115153551738876758e-02
8.621573278758834502e-02 8.495494939329435724e-02 8.597091794104144702e-02 8.949256615207951127e-02 9.475975129032092326e-02 9.994084794558247276e-02 1.007392791363920515e-01 8.787468300489340023e-02 8.246372757581973967e-02 8.383533064446699323e-02
8.975835464694784105e-02 8.608239803846659544e-02 8.515812068694957049e-02 8.783401811361012113e-02 9.359407670928351908e-02 1.007392791363920515e-01 1.051159027189677575e-01 9.339341913644841342e-02 8.823509683842747919e-02 8.906424913327028181e-02
8.701887812621919571e-02 8.142021374402221012e-02 7.776308842088815176e-02 7.777973394636993054e-02 8.155003819162506828e-02 8.787468300489340023e-02 9.339341913644841342e-02 8.652709627213511778e-02 8.443299198648313020e-02 8.667915978421386614e-02
9.444764694909255076e-02 8.697804358059067764e-02 8.004211520355083986e-02 7.664224617407598694e-02 7.767593965200239592e-02 8.246372757581973967e-02 8.823509683842747919e-02 8.443299198648313020e-02 8.721064298472426535e-02 9.294729544021229639e-02
1.093222413890862915e-01 1.007045995925800325e-01 9.051026703284731356e-02 8.334318488261265034e-02 8.115153551738876758e-02 8.383533064446699323e-02 8.906424913327028181e-02 8.667915978421386614e-02 9.294729544021229639e-02 1.046494318394809719e-01
9.933136517966938139e-02 9.265627546535402936e-02 9.155193651686077683e-02 9.041887645165945508e-02 8.076212756523239167e-02 7.950094556714847049e-02 7.933183319947900713e-02 9.907912136976163020e-02 9.194207896602164809e-02 9.855622042061927546e-02
9.265627546535402936e-02 9.110925277844444947e-02 9.289403457711613299e-02 9.255166779720763737e-02 8.148831435784444077e-02 7.766502477641043511e-02 7.424231195729177890e-02 8.961290576379608852e-02 8.236287718897855603e-02 8.912433361012166155e-02
9.155193651686077683e-02 9.289403457711613299e-02 9.917413283250484102e-02 1.010490991270879824e-01 8.909049746449412832e-02 8.357361049730463454e-02 7.737493637106970801e-02 9.035494461113681430e-02 8.118983098773788210e-02 8.703565346453098761e-02
9.041887645165945508e-02 9.255166779720763737e-02 1.010490991270879824e-01 1.066980383957089051e-01 9.574781348586872132e-02 9.025286896478904031e-02 8.268817015674541360e-02 9.471396918113672569e-02 8.287007412977570597e-02 8.670187589128111605e-02
8.076212756523239167e-02 8.148831435784444077e-02 8.909049746449412832e-02 9.574781348586872132e-02 8.937261772697724371e-02 8.668568203196078126e-02 8.059087765264506820e-02 9.231795552202584632e-02 7.885475873834028870e-02 7.968577633030925200e-02
7.950094556714847049e-02 7.766502477641043511e-02 8.357361049730463454e-02 9.025286896478904031e-02 8.668568203196078126e-02 8.851841664573620316e-02 8.533563355003105644e-02 9.949618009320997103e-02 8.367824859826855644e-02 8.165140067198684015e-02
7.933183319947900713e-02 7.424231195729177890e-02 7.737493637106970801e-02 8.268817015674541360e-02 8.059087765264506820e-02 8.533563355003105644e-02 8.739340327923085516e-02 1.056614721024943110e-01 8.883116869797752502e-02 8.472180385863820051e-02
9.907912136976163020e-02 8.961290576379608852e-02 9.035494461113681430e-02 9.471396918113672569e-02 9.231795552202584632e-02 9.949618009320997103e-02 1.056614721024943110e-01 1.337288701160816995e-01 1.139162657830925379e-01 1.081981848968144311e-01
9.194207896602164809e-02 8.236287718897855603e-02 8.118983098773788210e-02 8.287007412977570597e-02 7.885475873834028870e-02 8.367824859826855644e-02 8.883116869797752502e-02 1.139162657830925379e-01 1.014673901061288186e-01 9.940746353445616135e-02
9.855622042061927546e-02 8.912433361012166155e-02 8.703565346453098761e-02 8.670187589128111605e-02 7.968577633030925200e-02 8.165140067198684015e-02 8.472180385863820051e-02 1.081981848968144311e-01 9.940746353445616135e-02 1.032065129395176861e-01
1.091248510692020279e-01 1.004779419515814815e-01 8.829122228466718125e-02 9.481619177513452013e-02 8.595441456396461788e-02 8.283394164328528042e-02 8.738098314430345348e-02 9.637226242451593650e-02 9.925924789515477853e-02 9.689839407337078048e-02
1.004779419515814815e-01 9.646821769423161164e-02 8.704203894094095229e-02 9.462633842978630805e-02 8.497230430399005385e-02 7.972763459800477626e-02 8.123260461996875681e-02 8.707103012586335511e-02 8.864156423030511434e-02 8.724644482119855993e-02
8.829122228466718125e-02 8.704203894094095229e-02 8.256668927819960091e-02 9.270587182748686594e-02 8.382962138440702704e-02 7.765485942864266966e-02 7.684297429506956045e-02 7.951983465359083181e-02 7.866838871061274108e-02 7.639196476079646025e-02
9.481619177513452013e-02 9.462633842978630805e-02 9.270587182748686594e-02 1.086781305362542888e-01 1.001210113534008461e-01 9.298118680413583470e-02 9.072808670927845487e-02 9.139879129536387925e-02 8.761108487952076751e-02 8.291357992464080950e-02
8.595441456396461788e-02 8.497230430399005385e-02 8.382962138440702704e-02 1.001210113534008461e-01 9.590780140178660484e-02 9.145793831525231288e-02 9.026448335389203326e-02 9.031783661179193512e-02 8.448476089554736446e-02 7.726926265714814668e-02
8.283394164328528042e-02 7.972763459800477626e-02 7.765485942864266966e-02 9.298118680413583470e-02 9.145793831525231288e-02 9.181195250786894357e-02 9.374420677890007991e-02 9.490564574781343299e-02 8.756877636579354918e-02 7.735149917591155333e-02
8.738098314430345348e-02 8.123260461996875681e-02 7.684297429506956045e-02 9.072808670927845487e-02 9.026448335389203326e-02 9.374420677890007991e-02 1.011208936193636471e-01 1.054654069911461489e-01 9.760198037640335778e-02 8.437670686809131682e-02
9.637226242451593650e-02 8.707103012586335511e-02 7.951983465359083181e-02 9.139879129536387925e-02 9.031783661179193512e-02 9.490564574781343299e-02 1.054654069911461489e-01 1.154372545428597463e-01 1.092129479388526669e-01 9.446011620590977209e-02
9.925924789515477853e-02 8.864156423030511434e-02 7.866838871061274108e-02 8.761108487952076751e-02 8.448476089554736446e-02 8.756877636579354918e-02 9.760198037640335778e-02 1.092129479388526669e-01 1.082850519449441717e-01 9.625182837909898592e-02
9.689839407337078048e-02 8.724644482119855993e-02 7.639196476079646025e-02 8.291357992464080950e-02 7.726926265714814668e-02 7.735149917591155333e-02 8.437670686809131682e-02 9.446011620590977209e-02 9.625182837909898592e-02 9.059915740528946826e-02
1.128333755279182227e-01 1.044244515151612901e-01 9.451513873443090352e-02 8.494823711290130919e-02 7.775181153142157742e-02 7.837262337413031243e-02 8.899698863969904283e-02 9.831678060141993414e-02 1.016316299364613956e-01 1.146515099190011516e-01
1.044244515151612901e-01 1.017072536579823883e-01 9.437056073412622426e-02 8.530763335421669147e-02 7.731223056758691758e-02 7.615464611101252501e-02 8.389080789399597227e-02 8.991029147428433732e-02 9.118222741722535607e-02 1.030412150116503250e-01
9.451513873443090352e-02 9.437056073412622426e-02 9.111603920905823883e-02 8.413720246070280351e-02 7.686252385798066078e-02 7.540079833435398005e-02 8.175144862642939880e-02 8.527414837881519549e-02 8.378032522217647438e-02 9.281323493277575387e-02
8.494823711290130919e-02 8.530763335421669147e-02 8.413720246070280351e-02 8.040991575947703529e-02 7.512778417596591152e-02 7.462742071699149382e-02 8.091611105007012750e-02 8.299794246805278219e-02 7.888243178899892460e-02 8.458399848888967232e-02
7.775181153142157742e-02 7.731223056758691758e-02 7.686252385798066078e-02 7.512778417596591152e-02 7.283403295980520054e-02 7.435860555164819363e-02 8.180159935768463453e-02 8.350901969308360817e-02 7.716829374274547515e-02 7.964164406860628487e-02
7.837262337413031243e-02 7.615464611101252501e-02 7.540079833435398005e-02 7.462742071699149382e-02 7.435860555164819363e-02 7.916283842972708651e-02 8.951878824451942052e-02 9.209003592526684989e-02 8.360588136302615769e-02 8.328045143078041668e-02
8.899698863969904283e-02 8.389080789399597227e-02 8.175144862642939880e-02 8.091611105007012750e-02 8.180159935768463453e-02 8.951878824451942052e-02 1.053871431339638842e-01 1.106998504445277642e-01 1.003453827197999665e-01 9.783330837124179502e-02
9.831678060141993414e-02 8.991029147428433732e-02 8.527414837881519549e-02 8.299794246805278219e-02 8.350901969308360817e-02 9.209003592526684989e-02 1.106998504445277642e-01 1.214088280679394838e-01 1.126444601509737631e-01 1.102119641295895985e-01
1.016316299364613956e-01 9.118222741722535607e-02 8.378032522217647438e-02 7.888243178899892460e-02 7.716829374274547515e-02 8.360588136302615769e-02 1.003453827197999665e-01 1.126444601509737631e-01 1.112998338557087685e-01 1.132682140314551777e-01
1.146515099190011516e-01 1.030412150116503250e-01 9.281323493277575387e-02 8.458399848888967232e-02 7.964164406860628487e-02 8.328045143078041668e-02 9.783330837124179502e-02 1.102119641295895985e-01 1.132682140314551777e-01 1.238407393984196081e-01
1.103619322797110419e-01 1.099884200349038610e-01 1.063463354665944438e-01 9.591068696785427783e-02 8.493919228913746067e-02 8.175400057106436968e-02 8.410764021878580632e-02 8.988633733966325257e-02 8.832567621425109483e-02 9.616293686504470695e-02
1.099884200349038610e-01 1.156561850224107069e-01 1.149830716894974236e-01 1.037200891467893460e-01 8.980266793060270869e-02 8.351551518846371536e-02 8.314077972099122305e-02 8.692520253295363264e-02 8.487380838123373406e-02 9.328617411820869232e-02
1.063463354665944438e-01 1.149830716894974236e-01 1.208704353551452726e-01 1.118580436715560095e-01 9.696762217901927494e-02 8.867655399881284317e-02 8.591423744459422696e-02 8.728734700484705455e-02 8.314290379712693801e-02 8.999244305099941832e-02
9.591068696785427783e-02 1.037200891467893460e-01 1.118580436715560095e-01 1.092930725225112198e-01 9.754642615183994891e-02 9.008613145820285051e-02 8.660951193770624612e-02 8.614762590594185476e-02 7.944963038160186841e-02 8.303899772682241109e-02
8.493919228913746067e-02 8.980266793060270869e-02 9.696762217901927494e-02 9.754642615183994891e-02 9.202726242990404149e-02 8.791413607036624445e-02 8.564438424830143892e-02 8.467088025313485034e-02 7.607348401613109323e-02 7.641105695825119171e-02
8.175400057106436968e-02 8.351551518846371536e-02 8.867655399881284317e-02 9.008613145820285051e-02 8.791413607036624445e-02 8.839241031059483222e-02 8.859090790623805334e-02 8.831773248940913423e-02 7.837182193666983321e-02 7.640929785846820033e-02
8.410764021878580632e-02 8.314077972099122305e-02 8.591423744459422696e-02 8.660951193770624612e-02 8.564438424830143892e-02 8.859090790623805334e-02 9.238488447865550457e-02 9.398228801805230681e-02 8.364768761656463103e-02 8.059340210279275496e-02
8.988633733966325257e-02 8.692520253295363264e-02 8.728734700484705455e-02 8.614762590594185476e-02 8.467088025313485034e-02 8.831773248940913423e-02 9.398228801805230681e-02 9.867390814703477786e-02 8.936342357095482247e-02 8.669743204203642084e-02
8.832567621425109483e-02 8.487380838123373406e-02 8.314290379712693801e-02 7.944963038160186841e-02 7.607348401613109323e-02 7.837182193666983321e-02 8.364768761656463103e-02 8.936342357095482247e-02 8.402653599366252668e-02 8.393764587166854807e-02
9.616293686504470695e-02 9.328617411820869232e-02 8.999244305099941832e-02 8.303899772682241109e-02 7.641105695825119171e-02 7.640929785846820033e-02 8.059340210279275496e-02 8.669743204203642084e-02 8.393764587166854807e-02 8.831337346037002045e-02
1.319258086855034651e-01 1.170355731257342879e-01 1.009603790439081716e-01 9.589853867245304309e-02 8.740585777519127575e-02 8.595829452169735652e-02 8.227404815128595839e-02 9.702686773589261349e-02 1.109499007547611188e-01 1.193816169924810655e-01
1.170355731257342879e-01 1.101603213087430783e-01 9.822846075565158652e-02 9.437048587244967202e-02 8.520588435772594171e-02 8.184879888777432666e-02 7.565974647322143420e-02 8.610326427088235701e-02 9.621106572886362063e-02 1.033813575510132976e-01
1.009603790439081716e-01 9.822846075565158652e-02 9.310460011444740558e-02 9.255957707478083829e-02 8.433777758224103582e-02 8.029135243195711924e-02 7.221874976348338637e-02 7.916336610225577219e-02 8.523050008212650075e-02 8.928965842246949780e-02
9.589853867245304309e-02 9.437048587244967202e-02 9.255957707478083829e-02 9.642028986601258733e-02 8.978421113278385601e-02 8.595479166631228574e-02 7.646821556972510647e-02 8.187472906565712583e-02 8.529829250327070067e-02 8.636926317406708187e-02
8.740585777519127575e-02 8.520588435772594171e-02 8.433777758224103582e-02 8.978421113278385601e-02 8.646356371729849166e-02 8.439101849891671170e-02 7.558843141424063938e-02 8.061402803342400392e-02 8.246617929064792296e-02 8.097250078416232122e-02
8.595829452169735652e-02 8.184879888777432666e-02 8.029135243195711924e-02 8.595479166631228574e-02 8.439101849891671170e-02 8.498742735455336317e-02 7.772078153474376583e-02 8.387887669642775379e-02 8.548013029089890358e-02 8.210001349120163439e-02
8.227404815128595839e-02 7.565974647322143420e-02 7.221874976348338637e-02 7.646821556972510647e-02 7.558843141424063938e-02 7.772078153474376583e-02 7.390981507013100194e-02 8.220687575352148002e-02 8.485136896761397152e-02 8.075784462649975015e-02
9.702686773589261349e-02 8.610326427088235701e-02 7.916336610225577219e-02 8.187472906565712583e-02 8.061402803342400392e-02 8.387887669642775379e-02 8.220687575352148002e-02 9.565749023662956096e-02 1.013434882641677248e-01 9.689625946095949127e-02
1.109499007547611188e-01 9.621106572886362063e-02 8.523050008212650075e-02 8.529829250327070067e-02 8.246617929064792296e-02 8.548013029089890358e-02 8.485136896761397152e-02 1.013434882641677248e-01 1.124502525409526443e-01 1.103673617535136930e-01
1.193816169924810655e-01 1.033813575510132976e-01 8.928965842246949780e-02 8.636926317406708187e-02 8.097250078416232122e-02 8.210001349120163439e-02 8.075784462649975015e-02 9.689625946095949127e-02 1.103673617535136930e-01 1.149204311057286099e-01
1.090164638217490101e-01 1.032364001759288052e-01 9.805673279190055269e-02 9.174570506261985059e-02 8.052252646497104482e-02 8.070674736868424515e-02 8.417892506289209598e-02 9.350977812273846002e-02 9.293547010424627053e-02 1.092805667560552418e-01
1.032364001759288052e-01 1.035692637356278034e-01 1.015354591991121519e-01 9.563060795881381249e-02 8.259083032060152152e-02 8.028151111202497248e-02 8.078540573855527707e-02 8.706785633541558322e-02 8.521035780794741776e-02 1.004220324483459936e-01
9.805673279190055269e-02 1.015354591991121519e-01 1.048563992689798968e-01 1.012823018696837607e-01 8.776596664992719621e-02 8.423688983231711336e-02 8.258440480901532710e-02 8.620023083287819965e-02 8.181581961443837314e-02 9.466325821545085173e-02
9.174570506261985059e-02 9.563060795881381249e-02 1.012823018696837607e-01 1.020731092436371890e-01 9.045024444520585738e-02 8.756208351979895277e-02 8.523645452646749776e-02 8.714363419624288065e-02 8.004428958679910000e-02 8.977506760974370004e-02
8.052252646497104482e-02 8.259083032060152152e-02 8.776596664992719621e-02 9.045024444520585738e-02 8.369928673839591160e-02 8.346869506540884054e-02 8.230656324171999050e-02 8.376355924917697204e-02 7.499334682243277705e-02 8.121649921380375003e-02
8.070674736868424515e-02 8.028151111202497248e-02 8.423688983231711336e-02 8.756208351979895277e-02 8.346869506540884054e-02 8.717035994962381296e-02 8.836990180445583598e-02 9.078813200730662114e-02 8.019962689585645454e-02 8.439986795082760063e-02
8.417892506289209598e-02 8.078540573855527707e-02 8.258440480901532710e-02 8.523645452646749776e-02 8.230656324171999050e-02 8.836990180445583598e-02 9.346225569706301251e-02 9.835616502901374514e-02 8.721371340302211395e-02 9.066528948804369881e-02
9.350977812273846002e-02 8.706785633541558322e-02 8.620023083287819965e-02 8.714363419624288065e-02 8.376355924917697204e-02 9.078813200730662114e-02 9.835616502901374514e-02 1.076869420641681507e-01 9.757809558563779184e-02 1.021906020718282293e-01
9.293547010424627053e-02 8.521035780794741776e-02 8.181581961443837314e-02 8.004428958679910000e-02 7.499334682243277705e-02 8.019962689585645454e-02 8.721371340302211395e-02 9.757809558563779184e-02 9.296474781073504889e-02 1.007834975843163172e-01
1.092805667560552418e-01 1.004220324483459936e-01 9.466325821545085173e-02 8.977506760974370004e-02 8.121649921380375003e-02 8.439986795082760063e-02 9.066528948804369881e-02 1.021906020718282293e-01 1.007834975843163172e-01 1.155011716700199420e-01
1.058200236503026581e-01 1.030422166117113958e-01 1.009936240013888098e-01 8.509066290569290703e-02 8.568459862568145180e-02 8.482500970207233759e-02 8.262178637569507489e-02 8.351166865832757025e-02 9.122936529356356905e-02 1.033266942593418225e-01
1.030422166117113958e-01 1.056767950543805040e-01 1.065845783659671309e-01 9.009729845055114428e-02 8.950446186656797753e-02 8.628971820048138286e-02 8.144390569102456789e-02 8.009449445088605291e-02 8.621954160041284121e-02 9.799321041664474374e-02
1.009936240013888098e-01 1.065845783659671309e-01 1.131002402745720781e-01 9.812030411757739767e-02 9.840842614736285132e-02 9.383652669767289511e-02 8.619731504651054199e-02 8.183827405380635078e-02 8.538242549299579487e-02 9.549059646530734524e-02
8.509066290569290703e-02 9.009729845055114428e-02 9.812030411757739767e-02 9.010524361570058927e-02 9.388696757003489601e-02 9.055406280964702070e-02 8.217419452206919939e-02 7.563487285619482914e-02 7.582246957442780044e-02 8.192451513419582443e-02
8.568459862568145180e-02 8.950446186656797753e-02 9.840842614736285132e-02 9.388696757003489601e-02 1.034647568967112102e-01 1.024132903352504009e-01 9.315997487795137089e-02 8.423737542538725642e-02 8.171468181262453445e-02 8.504838638844486320e-02
8.482500970207233759e-02 8.628971820048138286e-02 9.383652669767289511e-02 9.055406280964702070e-02 1.024132903352504009e-01 1.056027369152429674e-01 9.799776433916579377e-02 8.895391370598973446e-02 8.533485341964815174e-02 8.677084359033687688e-02
8.262178637569507489e-02 8.144390569102456789e-02 8.619731504651054199e-02 8.217419452206919939e-02 9.315997487795137089e-02 9.799776433916579377e-02 9.457688284827489578e-02 8.799730633637400934e-02 8.535068830937597717e-02 8.636799138861683822e-02
8.351166865832757025e-02 8.009449445088605291e-02 8.183827405380635078e-02 7.563487285619482914e-02 8.423737542538725642e-02 8.895391370598973446e-02 8.799730633637400934e-02 8.573016532524314892e-02 8.581230523972235846e-02 8.802364700264586617e-02
9.122936529356356905e-02 8.621954160041284121e-02 8.538242549299579487e-02 7.582246957442780044e-02 8.171468181262453445e-02 8.533485341964815174e-02 8.535068830937597717e-02 8.581230523972235846e-02 9.031205385575521993e-02 9.545994101114800567e-02
1.033266942593418225e-01 9.799321041664474374e-02 9.549059646530734524e-02 8.192451513419582443e-02 8.504838638844486320e-02 8.677084359033687688e-02 8.636799138861683822e-02 8.802364700264586617e-02 9.545994101114800567e-02 1.056111015638168393e-01
1.036831437032617320e-01 1.024638864026774510e-01 9.266973859066479635e-02 8.596719611481269674e-02 8.559409986734256570e-02 8.375286084063335301e-02 8.357520863835253555e-02 9.004578387763770286e-02 9.444373687647193705e-02 9.660584208956235486e-02
1.024638864026774510e-01 1.057180861693980956e-01 9.780377653538312177e-02 9.128421814616524688e-02 8.995911447933399585e-02 8.585102199687739966e-02 8.294620746349268270e-02 8.699842462357822159e-02 9.027029430308025626e-02 9.311117429296282555e-02
9.266973859066479635e-02 9.780377653538312177e-02 9.469354674525708171e-02 9.100898351051331381e-02 9.073233063252672537e-02 8.582403996530843515e-02 8.075729621626760724e-02 8.189034637940223460e-02 8.258689712145728112e-02 8.396127652277479703e-02
8.596719611481269674e-02 9.128421814616524688e-02 9.100898351051331381e-02 9.208651617498228581e-02 9.471253378915193977e-02 9.036083454173290952e-02 8.392832300304847726e-02 8.264145331111198700e-02 8.036000332819578929e-02 7.914634729974888427e-02
8.559409986734256570e-02 8.995911447933399585e-02 9.073233063252672537e-02 9.471253378915193977e-02 1.022096332107210181e-01 9.998098904146940358e-02 9.331192549697127359e-02 9.060463380458991245e-02 8.549915728757401245e-02 8.115172930018560438e-02
8.375286084063335301e-02 8.585102199687739966e-02 8.582403996530843515e-02 9.036083454173290952e-02 9.998098904146940358e-02 1.022675895925979767e-01 9.790824555649255134e-02 9.574787475144219684e-02 8.917113669235635087e-02 8.216140814056634156e-02
8.357520863835253555e-02 8.294620746349268270e-02 8.075729621626760724e-02 8.392832300304847726e-02 9.331192549697127359e-02 9.790824555649255134e-02 9.838419429379165193e-02 9.901428914590433561e-02 9.283865311790184816e-02 8.434140360863376373e-02
9.004578387763770286e-02 8.699842462357822159e-02 8.189034637940223460e-02 8.264145331111198700e-02 9.060463380458991245e-02 9.574787475144219684e-02 9.901428914590433561e-02 1.046434171032981919e-01 1.006943128811647603e-01 9.199536829135622484e-02
9.444373687647193705e-02 9.027029430308025626e-02 8.258689712145728112e-02 8.036000332819578929e-02 8.549915728757401245e-02 8.917113669235635087e-02 9.283865311790184816e-02 1.006943128811647603e-01 1.016639364823254676e-01 9.554263269365806388e-02
9.660584208956235486e-02 9.311117429296282555e-02 8.396127652277479703e-02 7.914634729974888427e-02 8.115172930018560438e-02 8.216140814056634156e-02 8.434140360863376373e-02 9.199536829135622484e-02 9.554263269365806388e-02 9.464993652436647087e-02
