4.180694527390576565e-01 2.636954873324458548e-01 6.377803612160229396e-02 -6.715396896504434443e-02 -6.225794658357884648e-02 1.835677075669340380e-02 6.096559077716667829e-02 1.487580859779558465e-02 -6.634653891006109250e-02 -5.966502212713681308e-02 8.080652383552723583e-02 2.647239784936735174e-01
2.636954873324458548e-01 4.408745480568312947e-01 2.671202374511439936e-01 6.759538004071627415e-02 -6.477832928961961556e-02 -6.649487070204695982e-02 1.374257360256746913e-02 6.088736853719034503e-02 1.768147864790572954e-02 -6.244025273880941806e-02 -6.339718542464671536e-02 6.499640507484349961e-02
6.377803612160229396e-02 2.671202374511439936e-01 4.159212955059287120e-01 2.599212738382689070e-01 7.470994272688531723e-02 -6.051468507402420205e-02 -6.584465297804539818e-02 1.410663838602927572e-02 6.174780326243345385e-02 1.856509000821577118e-02 -6.586277291938150147e-02 -7.053380895098565473e-02
-6.715396896504434443e-02 6.759538004071627415e-02 2.599212738382689070e-01 4.095069536407501265e-01 2.673893965039141341e-01 8.201216027123769958e-02 -6.122627828231715780e-02 -6.741033297562376569e-02 1.605190318546719647e-02 6.280331453504135741e-02 1.761240564845112724e-02 -6.435005099985419141e-02
-6.225794658357884648e-02 -6.477832928961961556e-02 7.470994272688531723e-02 2.673893965039141341e-01 4.110692987474017235e-01 2.632683147973854942e-01 7.422774456377972951e-02 -6.379321073285935950e-02 -6.378297886207706657e-02 1.811227766022315000e-02 6.314698006897487281e-02 2.036591812079332348e-02
1.835677075669340380e-02 -6.649487070204695982e-02 -6.051468507402420205e-02 8.201216027123769958e-02 2.632683147973854942e-01 4.000018362840801478e-01 2.624380105387172923e-01 7.293377018131397271e-02 -6.547816831397124115e-02 -6.430786592452381045e-02 2.027653676019412765e-02 6.505768565551366123e-02
6.096559077716667829e-02 1.374257360256746913e-02 -6.584465297804539818e-02 -6.122627828231715780e-02 7.422774456377972951e-02 2.624380105387172923e-01 4.240619061265200607e-01 2.677091922117967315e-01 6.483775612385667131e-02 -6.889830275392876124e-02 -6.309543522203070465e-02 1.878709220731480597e-02
1.487580859779558465e-02 6.088736853719034503e-02 1.410663838602927572e-02 -6.741033297562376569e-02 -6.379321073285935950e-02 7.293377018131397271e-02 2.677091922117967315e-01 4.260037667718859500e-01 2.603932824536248081e-01 6.527443834160201463e-02 -6.557046873615031413e-02 -6.566498072921138351e-02
-6.634653891006109250e-02 1.768147864790572954e-02 6.174780326243345385e-02 1.605190318546719647e-02 -6.378297886207706657e-02 -6.547816831397124115e-02 6.483775612385667131e-02 2.603932824536248081e-01 4.205327673044043091e-01 2.677990433912783574e-01 7.382452518898485749e-02 -6.420462308148459918e-02
-5.966502212713681308e-02 -6.244025273880941806e-02 1.856509000821577118e-02 6.280331453504135741e-02 1.811227766022315000e-02 -6.430786592452381045e-02 -6.889830275392876124e-02 6.527443834160201463e-02 2.677990433912783574e-01 4.266435923367894456e-01 2.630870368603933640e-01 7.555546886659046668e-02
8.080652383552723583e-02 -6.339718542464671536e-02 -6.586277291938150147e-02 1.761240564845112724e-02 6.314698006897487281e-02 2.027653676019412765e-02 -6.309543522203070465e-02 -6.557046873615031413e-02 7.382452518898485749e-02 2.630870368603933640e-01 3.966397096056399896e-01 2.631068005514985986e-01
2.647239784936735174e-01 6.499640507484349961e-02 -7.053380895098565473e-02 -6.435005099985419141e-02 2.036591812079332348e-02 6.505768565551366123e-02 1.878709220731480597e-02 -6.566498072921138351e-02 -6.420462308148459918e-02 7.555546886659046668e-02 2.631068005514985986e-01 4.106748728807387283e-01
4.325662707920389094e-01 2.684215404422181095e-01 7.138516489075860671e-02 -6.513415426815899467e-02 -6.556336543901084002e-02 1.561335844947692175e-02 6.033266060976372192e-02 1.620282304838304571e-02 -6.238788041027554937e-02 -6.243635603078757923e-02 6.755013704608629765e-02 2.627067332220684448e-01
2.684215404422181095e-01 4.164389182738362227e-01 2.584853060388355717e-01 6.881710937909960024e-02 -6.469568361226069042e-02 -6.573376583568896203e-02 1.634632281010788002e-02 6.327003033679494404e-02 1.798130587663566982e-02 -6.710024682128409856e-02 -6.989575613368501084e-02 6.645259098055929237e-02
7.138516489075860671e-02 2.584853060388355717e-01 4.068092306328868757e-01 2.680767430816910490e-01 7.707537242317165360e-02 -6.418435508905800946e-02 -6.562520648603906159e-02 1.896823647214621739e-02 6.237474582698822323e-02 1.534598129589432626e-02 -6.572888095812703946e-02 -6.501814645356555900e-02
-6.513415426815899467e-02 6.881710937909960024e-02 2.680767430816910490e-01 4.327569576162287324e-01 2.655644463246136233e-01 7.039659338369431973e-02 -6.389402078679401464e-02 -6.310792679038079722e-02 1.742013338253630556e-02 6.228636392885339434e-02 1.991979015840508044e-02 -6.100527923596058694e-02
-6.556336543901084002e-02 -6.469568361226069042e-02 7.707537242317165360e-02 2.655644463246136233e-01 3.974801783311688319e-01 2.594075097523437234e-01 7.515197516003388478e-02 -6.377197924221841840e-02 -6.544814480028929293e-02 1.767231074645121691e-02 6.445325137833908535e-02 2.093316467383296575e-02
1.561335844947692175e-02 -6.573376583568896203e-02 -6.418435508905800946e-02 7.039659338369431973e-02 2.594075097523437234e-01 4.197465686553504827e-01 2.695877997856219732e-01 6.816097288266745324e-02 -6.863758250626647572e-02 -6.503416050959862083e-02 1.826333303822905152e-02 6.245785925887450962e-02
6.033266060976372192e-02 1.634632281010788002e-02 -6.562520648603906159e-02 -6.389402078679401464e-02 7.515197516003388478e-02 2.695877997856219732e-01 4.253476306653894978e-01 2.602362996712178633e-01 6.621746216017417030e-02 -6.448017435430106192e-02 -6.454433580557794592e-02 1.401064572276374161e-02
1.620282304838304571e-02 6.327003033679494404e-02 1.896823647214621739e-02 -6.310792679038079722e-02 -6.377197924221841840e-02 6.816097288266745324e-02 2.602362996712178633e-01 4.159640996238903043e-01 2.671125606921066487e-01 7.559593097922834293e-02 -6.373061584116054834e-02 -6.806456922455203506e-02
-6.238788041027554937e-02 1.798130587663566982e-02 6.237474582698822323e-02 1.742013338253630556e-02 -6.544814480028929293e-02 -6.863758250626647572e-02 6.621746216017417030e-02 2.671125606921066487e-01 4.249434743862323116e-01 2.639788743713188945e-01 7.395028674270870406e-02 -6.073897366767331413e-02
-6.243635603078757923e-02 -6.710024682128409856e-02 1.534598129589432626e-02 6.228636392885339434e-02 1.767231074645121691e-02 -6.503416050959862083e-02 -6.448017435430106192e-02 7.559593097922834293e-02 2.639788743713188945e-01 4.008456568203850323e-01 2.623706470966888360e-01 8.055160529060342856e-02
6.755013704608629765e-02 -6.989575613368501084e-02 -6.572888095812703946e-02 1.991979015840508044e-02 6.445325137833908535e-02 1.826333303822905152e-02 -6.454433580557794592e-02 -6.373061584116054834e-02 7.395028674270870406e-02 2.623706470966888360e-01 4.095932886463887201e-01 2.658040549785531947e-01
2.627067332220684448e-01 6.645259098055929237e-02 -6.501814645356555900e-02 -6.100527923596058694e-02 2.093316467383296575e-02 6.245785925887450962e-02 1.401064572276374161e-02 -6.806456922455203506e-02 -6.073897366767331413e-02 8.055160529060342856e-02 2.658040549785531947e-01 4.175077255562092970e-01
4.264758587905643772e-01 2.634377072091984573e-01 6.444249896005306566e-02 -6.725258666063430035e-02 -6.121105178781303946e-02 2.234489074006711096e-02 6.331212156469592789e-02 1.477906327865000091e-02 -6.640905948623679333e-02 -6.271558326965617769e-02 7.422823537691930484e-02 2.669652041346871618e-01
2.634377072091984573e-01 4.154911060014622737e-01 2.643351093662297258e-01 6.953058753675649128e-02 -6.654535785558493566e-02 -6.323366999558488466e-02 2.021198904330176460e-02 6.179675570452019401e-02 1.478449376972567481e-02 -6.596958394303983897e-02 -6.372900126719480141e-02 7.248698862406599552e-02
6.444249896005306566e-02 2.643351093662297258e-01 4.314701129020370729e-01 2.653885920514054142e-01 6.521031701931825908e-02 -6.791489177620846363e-02 -6.464553520317881108e-02 1.800422889144216720e-02 6.232293963481420895e-02 1.678662205934867285e-02 -6.458265271592661394e-02 -6.736871734755628394e-02
-6.725258666063430035e-02 6.953058753675649128e-02 2.653885920514054142e-01 4.153944094439258050e-01 2.623073318746719784e-01 7.068032740302387928e-02 -6.458478708943996005e-02 -6.472896504575346988e-02 1.694691000398720199e-02 6.218044479302101135e-02 1.927050158594158583e-02 -6.411902333600880133e-02
-6.121105178781303946e-02 -6.654535785558493566e-02 6.521031701931825908e-02 2.623073318746719784e-01 4.255026000931694252e-01 2.678334065293727639e-01 7.366385062749487844e-02 -6.387173545152399767e-02 -6.578402621723758448e-02 1.626037817299709129e-02 6.328547059579675560e-02 2.163353722939396345e-02
2.234489074006711096e-02 -6.323366999558488466e-02 -6.791489177620846363e-02 7.068032740302387928e-02 2.678334065293727639e-01 4.136737524528618093e-01 2.612808177392358377e-01 7.377977431113127982e-02 -6.232711696246232003e-02 -6.492449714235187797e-02 1.398487067184522002e-02 6.236395978676101404e-02
6.331212156469592789e-02 2.021198904330176460e-02 -6.464553520317881108e-02 -6.458478708943996005e-02 7.366385062749487844e-02 2.612808177392358377e-01 4.066189738851933022e-01 2.652515555186286678e-01 7.525649419965327325e-02 -6.485125074690253899e-02 -6.871852267816248860e-02 1.347033364615740983e-02
1.477906327865000091e-02 6.179675570452019401e-02 1.800422889144216720e-02 -6.472896504575346988e-02 -6.387173545152399767e-02 7.377977431113127982e-02 2.652515555186286678e-01 4.198830065165679581e-01 2.649371604916639367e-01 6.952024705231520108e-02 -6.475144600907289938e-02 -6.555875808758412915e-02
-6.640905948623679333e-02 1.478449376972567481e-02 6.232293963481420895e-02 1.694691000398720199e-02 -6.578402621723758448e-02 -6.232711696246232003e-02 7.525649419965327325e-02 2.649371604916639367e-01 4.156726318595233005e-01 2.633415943888507416e-01 7.623438636221671616e-02 -6.075547665581700063e-02
-6.271558326965617769e-02 -6.596958394303983897e-02 1.678662205934867285e-02 6.218044479302101135e-02 1.626037817299709129e-02 -6.492449714235187797e-02 -6.485125074690253899e-02 6.952024705231520108e-02 2.633415943888507416e-01 4.150647917170950385e-01 2.661081554801404958e-01 7.706720674952273475e-02
7.422823537691930484e-02 -6.372900126719480141e-02 -6.458265271592661394e-02 1.927050158594158583e-02 6.328547059579675560e-02 1.398487067184522002e-02 -6.871852267816248860e-02 -6.475144600907289938e-02 7.623438636221671616e-02 2.661081554801404958e-01 4.070633552558924340e-01 2.611069230670527430e-01
2.669652041346871618e-01 7.248698862406599552e-02 -6.736871734755628394e-02 -6.411902333600880133e-02 2.163353722939396345e-02 6.236395978676101404e-02 1.347033364615740983e-02 -6.555875808758412915e-02 -6.075547665581700063e-02 7.706720674952273475e-02 2.611069230670527430e-01 4.076894010817000424e-01
4.116525261589312201e-01 2.619139460775242734e-01 7.067950907679293460e-02 -6.501416557449204991e-02 -5.948280645444418285e-02 2.331069623256588549e-02 6.340742525502841842e-02 1.370540788311457384e-02 -6.895530097640803491e-02 -6.356581363935581708e-02 7.844067589219450021e-02 2.664375491393123907e-01
2.619139460775242734e-01 4.145514498157500949e-01 2.653841394159440759e-01 6.285023813967868800e-02 -7.296077739389184025e-02 -6.537403153313836590e-02 1.842116640460900179e-02 6.081723196902843326e-02 1.431776749565085577e-02 -6.508533794037513198e-02 -6.210018163596934399e-02 7.465435812056481213e-02
7.067950907679293460e-02 2.653841394159440759e-01 4.314813640996452149e-01 2.621019146789417276e-01 5.525985260654010800e-02 -7.017287872616034816e-02 -6.325217352458220588e-02 1.991200043115869123e-02 6.307807936684423078e-02 1.568012085924767179e-02 -6.683630910780599677e-02 -6.435679031788460458e-02
-6.501416557449204991e-02 6.285023813967868800e-02 2.621019146789417276e-01 4.373197762088230078e-01 2.687064642693118843e-01 7.308125527197711913e-02 -6.049694552507057371e-02 -6.248249768600695753e-02 1.673821184573850290e-02 5.973865241942620530e-02 1.748585260541089814e-02 -6.145132921096389117e-02
-5.948280645444418285e-02 -7.296077739389184025e-02 5.525985260654010800e-02 2.687064642693118843e-01 4.308990205276609364e-01 2.611443775599581185e-01 7.779813890676286203e-02 -5.895735171427379795e-02 -6.693223482413734882e-02 1.126115450904401072e-02 6.222666577586799530e-02 2.465322945794392456e-02
2.331069623256588549e-02 -6.537403153313836590e-02 -7.017287872616034816e-02 7.308125527197711913e-02 2.611443775599581185e-01 3.793681679434395271e-01 2.594796264723363555e-01 8.018056345642665672e-02 -6.406410595177508549e-02 -6.863165206139151819e-02 1.477143297860123057e-02 6.476140559581872180e-02
6.340742525502841842e-02 1.842116640460900179e-02 -6.325217352458220588e-02 -6.049694552507057371e-02 7.779813890676286203e-02 2.594796264723363555e-01 4.168259779290247602e-01 2.705458712108191888e-01 6.950275449616413748e-02 -6.739054107147116057e-02 -6.503891480727948260e-02 1.772713523453331441e-02
1.370540788311457384e-02 6.081723196902843326e-02 1.991200043115869123e-02 -6.248249768600695753e-02 -5.895735171427379795e-02 8.018056345642665672e-02 2.705458712108191888e-01 4.248702224844013164e-01 2.609816645799030166e-01 6.878982935449570735e-02 -6.220226132366429850e-02 -6.357953458193049689e-02
-6.895530097640803491e-02 1.431776749565085577e-02 6.307807936684423078e-02 1.673821184573850290e-02 -6.693223482413734882e-02 -6.406410595177508549e-02 6.950275449616413748e-02 2.609816645799030166e-01 4.128552474875976652e-01 2.649237542109797450e-01 7.555667768685579710e-02 -6.347265260631416994e-02
-6.356581363935581708e-02 -6.508533794037513198e-02 1.568012085924767179e-02 5.973865241942620530e-02 1.126115450904401072e-02 -6.863165206139151819e-02 -6.739054107147116057e-02 6.878982935449570735e-02 2.649237542109797450e-01 4.191111118239583266e-01 2.643745642997762380e-01 7.246895451456961124e-02
7.844067589219450021e-02 -6.210018163596934399e-02 -6.683630910780599677e-02 1.748585260541089814e-02 6.222666577586799530e-02 1.477143297860123057e-02 -6.503891480727948260e-02 -6.220226132366429850e-02 7.555667768685579710e-02 2.643745642997762380e-01 4.103970851447455992e-01 2.635395818070159768e-01
2.664375491393123907e-01 7.465435812056481213e-02 -6.435679031788460458e-02 -6.145132921096389117e-02 2.465322945794392456e-02 6.476140559581872180e-02 1.772713523453331441e-02 -6.357953458193049689e-02 -6.347265260631416994e-02 7.246895451456961124e-02 2.635395818070159768e-01 4.106680503759995160e-01
4.246818264296570167e-01 2.689414886617099154e-01 7.298836968370914224e-02 -6.529890656327061449e-02 -6.531087354724088301e-02 1.838079318519816527e-02 6.220543751935501964e-02 1.797780427981731863e-02 -6.215849738225862064e-02 -6.507536514754008738e-02 6.467897368724140339e-02 2.603099664763453003e-01
2.689414886617099154e-01 4.244950504959661419e-01 2.608712825090025444e-01 6.962823873880188974e-02 -6.357010583743388787e-02 -6.332839961362660142e-02 1.694997753349541253e-02 6.284208808825664239e-02 2.014439933963649981e-02 -6.437174942392451249e-02 -7.039559778468290618e-02 6.513598822699176449e-02
7.298836968370914224e-02 2.608712825090025444e-01 4.017993932080781150e-01 2.648439977271542789e-01 7.678374443466529087e-02 -6.489416907335344986e-02 -6.744620624372138495e-02 1.552267369600683795e-02 6.293894193897048295e-02 2.031909967760280392e-02 -6.379814865386378153e-02 -6.550934169459421419e-02
-6.529890656327061449e-02 6.962823873880188974e-02 2.648439977271542789e-01 4.268562347420800096e-01 2.665351827258843898e-01 6.691513144036587146e-02 -6.681732502685183706e-02 -6.504991173287126560e-02 1.622163679285120591e-02 6.318114084343356973e-02 2.090176214667523180e-02 -6.231956968927183232e-02
-6.531087354724088301e-02 -6.357010583743388787e-02 7.678374443466529087e-02 2.665351827258843898e-01 4.114043807830709554e-01 2.612038925119311017e-01 7.374207541147914657e-02 -6.149645430413973324e-02 -6.521465396876310883e-02 1.414420557821741316e-02 6.208098253544522271e-02 1.950025859543633167e-02
1.838079318519816527e-02 -6.332839961362660142e-02 -6.489416907335344986e-02 6.691513144036587146e-02 2.612038925119311017e-01 4.224409937619271749e-01 2.684874278771876011e-01 7.505017893574206234e-02 -6.397479349111800939e-02 -6.811664370024400617e-02 1.350294946741252729e-02 6.186379292301721899e-02
6.220543751935501964e-02 1.694997753349541253e-02 -6.744620624372138495e-02 -6.681732502685183706e-02 7.374207541147914657e-02 2.684874278771876011e-01 4.113448875960223905e-01 2.593426955077218210e-01 7.304442344786890584e-02 -6.197074100026335464e-02 -6.552213940644978363e-02 1.485476090726523847e-02
1.797780427981731863e-02 6.284208808825664239e-02 1.552267369600683795e-02 -6.504991173287126560e-02 -6.149645430413973324e-02 7.505017893574206234e-02 2.593426955077218210e-01 4.057263157384268792e-01 2.677955063382727596e-01 7.952708532702677802e-02 -6.312332819107360771e-02 -6.694057081005358456e-02
-6.215849738225862064e-02 2.014439933963649981e-02 6.293894193897048295e-02 1.622163679285120591e-02 -6.521465396876310883e-02 -6.397479349111800939e-02 7.304442344786890584e-02 2.677955063382727596e-01 4.227410216041349589e-01 2.640706367315374115e-01 7.040072170307627719e-02 -6.431689436090019807e-02
-6.507536514754008738e-02 -6.437174942392451249e-02 2.031909967760280392e-02 6.318114084343356973e-02 1.414420557821741316e-02 -6.811664370024400617e-02 -6.197074100026335464e-02 7.952708532702677802e-02 2.640706367315374115e-01 4.010208360644484937e-01 2.614666882017749883e-01 7.406510046096861921e-02
6.467897368724140339e-02 -7.039559778468290618e-02 -6.379814865386378153e-02 2.090176214667523180e-02 6.208098253544522271e-02 1.350294946741252729e-02 -6.552213940644978363e-02 -6.312332819107360771e-02 7.040072170307627719e-02 2.614666882017749883e-01 4.242495863433991543e-01 2.683304720209417904e-01
2.603099664763453003e-01 6.513598822699176449e-02 -6.550934169459421419e-02 -6.231956968927183232e-02 1.950025859543633167e-02 6.186379292301721899e-02 1.485476090726523847e-02 -6.694057081005358456e-02 -6.431689436090019807e-02 7.406510046096861921e-02 2.683304720209417904e-01 4.232394732328104148e-01
4.188084586251995534e-01 2.656102755916278646e-01 6.979081441353969517e-02 -6.731378306834281955e-02 -5.902093951120242210e-02 2.595217070115147379e-02 6.150308297868641028e-02 1.008811876631006410e-02 -6.750987094134006106e-02 -6.700710900562377448e-02 6.801757178054834707e-02 2.643266004617571552e-01
2.656102755916278646e-01 4.142959636422118841e-01 2.614521951565468849e-01 6.369000721460350845e-02 -7.113067927982537342e-02 -6.257187805120523194e-02 2.349921072620893281e-02 6.323216170935500036e-02 1.487714644187037097e-02 -6.615595136483824745e-02 -6.505838195351826281e-02 7.433379123939246047e-02
6.979081441353969517e-02 2.614521951565468849e-01 4.239590105104252271e-01 2.668861524077976721e-01 5.813225437990282574e-02 -7.243508290261507776e-02 -6.089617018883457245e-02 2.395081383419409710e-02 6.340834169385238528e-02 1.909951643219054418e-02 -6.238170839348949892e-02 -6.400969102560878643e-02
-6.731378306834281955e-02 6.369000721460350845e-02 2.668861524077976721e-01 4.449194850306067983e-01 2.641479359459985021e-01 6.249095412838581720e-02 -6.469272353060744052e-02 -6.105426107510625311e-02 1.648877804284607645e-02 6.135799492237976188e-02 2.080397811498639268e-02 -6.231121180515378222e-02
-5.902093951120242210e-02 -7.113067927982537342e-02 5.813225437990282574e-02 2.641479359459985021e-01 4.243770977102062636e-01 2.638925170206871673e-01 7.350186155564578105e-02 -6.312136847996234479e-02 -6.914279685773647155e-02 7.275580580728689337e-03 5.994904581977188174e-02 2.566243792471527632e-02
2.595217070115147379e-02 -6.257187805120523194e-02 -7.243508290261507776e-02 6.249095412838581720e-02 2.638925170206871673e-01 4.144796251253237696e-01 2.623798769877982995e-01 7.363432504226984088e-02 -6.223361429820002677e-02 -7.000389097326384369e-02 9.028806882206353440e-03 6.389685928737448561e-02
6.150308297868641028e-02 2.349921072620893281e-02 -6.089617018883457245e-02 -6.469272353060744052e-02 7.350186155564578105e-02 2.623798769877982995e-01 4.093671297162619904e-01 2.667296016441964013e-01 8.296799061657686436e-02 -5.665812264384956221e-02 -6.697343466573965620e-02 1.017332209480740352e-02
1.008811876631006410e-02 6.323216170935500036e-02 2.395081383419409710e-02 -6.105426107510625311e-02 -6.312136847996234479e-02 7.363432504226984088e-02 2.667296016441964013e-01 4.152055174045919395e-01 2.639618171545127234e-01 8.228473879216746667e-02 -5.750396628795453186e-02 -6.844997545322861754e-02
-6.750987094134006106e-02 1.487714644187037097e-02 6.340834169385238528e-02 1.648877804284607645e-02 -6.914279685773647155e-02 -6.223361429820002677e-02 8.296799061657686436e-02 2.639618171545127234e-01 3.851794516683550440e-01 2.592611793256549002e-01 7.913529188245922719e-02 -6.215727705643687984e-02
-6.700710900562377448e-02 -6.615595136483824745e-02 1.909951643219054418e-02 6.135799492237976188e-02 7.275580580728689337e-03 -7.000389097326384369e-02 -5.665812264384956221e-02 8.228473879216746667e-02 2.592611793256549002e-01 4.097832223816917918e-01 2.679742225462597993e-01 7.180386035763186570e-02
6.801757178054834707e-02 -6.505838195351826281e-02 -6.238170839348949892e-02 2.080397811498639268e-02 5.994904581977188174e-02 9.028806882206353440e-03 -6.697343466573965620e-02 -5.750396628795453186e-02 7.913529188245922719e-02 2.679742225462597993e-01 4.247511186694074015e-01 2.631733773119118713e-01
2.643266004617571552e-01 7.433379123939246047e-02 -6.400969102560878643e-02 -6.231121180515378222e-02 2.566243792471527632e-02 6.389685928737448561e-02 1.017332209480740352e-02 -6.844997545322861754e-02 -6.215727705643687984e-02 7.180386035763186570e-02 2.631733773119118713e-01 4.148739195157009618e-01
4.154324927390911082e-01 2.628812681833053722e-01 7.533739858889632046e-02 -6.187643981731540122e-02 -6.525577807713510425e-02 1.617070042300117888e-02 6.382142545797010735e-02 2.199279019082433367e-02 -6.366169098704513307e-02 -6.771835795490271925e-02 6.764476674783921617e-02 2.650294723924320750e-01
2.628812681833053722e-01 4.135827445230170207e-01 2.658632539997400901e-01 7.472987391843913252e-02 -6.450668074795543050e-02 -6.643321257750664510e-02 1.425612140685309642e-02 6.192975248102125518e-02 1.962690066770093195e-02 -6.406074826143118295e-02 -6.784439349588873569e-02 6.833980530142458321e-02
7.533739858889632046e-02 2.658632539997400901e-01 4.123292558857610812e-01 2.620859901331674680e-01 7.056470289047463151e-02 -6.531113506043789707e-02 -6.745046608912877439e-02 1.346749789408666596e-02 6.273834381390834547e-02 1.966599226802497741e-02 -6.483717533532347421e-02 -6.483736514674866280e-02
-6.187643981731540122e-02 7.472987391843913252e-02 2.620859901331674680e-01 4.139512468440624260e-01 2.664449584672136107e-01 7.326274606616407781e-02 -6.379473602177662683e-02 -6.606063130462386246e-02 1.653839651027157534e-02 6.298359388987032070e-02 1.874888299535432123e-02 -6.398143977631198798e-02
-6.525577807713510425e-02 -6.450668074795543050e-02 7.056470289047463151e-02 2.664449584672136107e-01 4.261342343736594929e-01 2.646234064493460103e-01 7.473926141530706779e-02 -6.056435963354531160e-02 -6.418449470917197974e-02 1.583387405597612430e-02 6.199971615626624633e-02 1.701463299503877882e-02
1.617070042300117888e-02 -6.643321257750664510e-02 -6.531113506043789707e-02 7.326274606616407781e-02 2.646234064493460103e-01 4.036794422821707862e-01 2.619384453515287148e-01 7.811687969607108983e-02 -6.307858801536547766e-02 -6.744060801145529416e-02 1.503425746678514925e-02 6.204408009373452854e-02
6.382142545797010735e-02 1.425612140685309642e-02 -6.745046608912877439e-02 -6.379473602177662683e-02 7.473926141530706779e-02 2.619384453515287148e-01 4.080775894656768488e-01 2.652321183649949399e-01 7.068340667695455215e-02 -6.771559833839176090e-02 -6.587458315835742484e-02 2.030665826601164500e-02
2.199279019082433367e-02 6.192975248102125518e-02 1.346749789408666596e-02 -6.606063130462386246e-02 -6.056435963354531160e-02 7.811687969607108983e-02 2.652321183649949399e-01 4.190085788531145994e-01 2.649674017682162042e-01 6.961684040061387468e-02 -6.482796862862022502e-02 -6.115661019797045961e-02
-6.366169098704513307e-02 1.962690066770093195e-02 6.273834381390834547e-02 1.653839651027157534e-02 -6.418449470917197974e-02 -6.307858801536547766e-02 7.068340667695455215e-02 2.649674017682162042e-01 4.245165218825376341e-01 2.651753678077933829e-01 7.122677047485190260e-02 -6.527312934450107962e-02
-6.771835795490271925e-02 -6.406074826143118295e-02 1.966599226802497741e-02 6.298359388987032070e-02 1.583387405597612430e-02 -6.744060801145529416e-02 -6.771559833839176090e-02 6.961684040061387468e-02 2.651753678077933829e-01 4.126351316092369270e-01 2.618075835375038851e-01 6.762895402208081441e-02
6.764476674783921617e-02 -6.784439349588873569e-02 -6.483717533532347421e-02 1.874888299535432123e-02 6.199971615626624633e-02 1.503425746678514925e-02 -6.587458315835742484e-02 -6.482796862862022502e-02 7.122677047485190260e-02 2.618075835375038851e-01 4.196833264658373364e-01 2.662583733377351103e-01
2.650294723924320750e-01 6.833980530142458321e-02 -6.483736514674866280e-02 -6.398143977631198798e-02 1.701463299503877882e-02 6.204408009373452854e-02 2.030665826601164500e-02 -6.115661019797045961e-02 -6.527312934450107962e-02 6.762895402208081441e-02 2.662583733377351103e-01 4.309694350758161985e-01
4.101016506484143065e-01 2.689992747076310753e-01 7.779993850683328271e-02 -6.367683243919140812e-02 -6.185328591484363925e-02 1.944778821738318147e-02 5.744179043696218123e-02 9.289157550357699661e-03 -6.508393299097024742e-02 -6.124666717761983320e-02 7.581243623094645334e-02 2.619700506697643649e-01
2.689992747076310753e-01 4.221628895540823212e-01 2.595876236231348111e-01 6.657050741244559255e-02 -6.793233372068158138e-02 -6.588503524176536619e-02 2.078671110323569715e-02 6.589741823724197534e-02 1.620312870247658799e-02 -6.638844702719912116e-02 -6.235230120727674324e-02 7.529027929204801239e-02
7.779993850683328271e-02 2.595876236231348111e-01 3.947953434165382136e-01 2.656443943060215473e-01 6.873705060203234851e-02 -6.855308168330831453e-02 -5.925753757651817943e-02 2.780936700951782206e-02 6.259853485357856628e-02 1.272304677816964505e-02 -6.713114245447793227e-02 -6.201607026638428916e-02
-6.367683243919140812e-02 6.657050741244559255e-02 2.656443943060215473e-01 4.545404532944099518e-01 2.679651372577224744e-01 6.201342713711707061e-02 -6.684624686126036663e-02 -6.010798292923557468e-02 2.020079372497323583e-02 6.123631184498249530e-02 1.250119654535035603e-02 -6.575231553519712835e-02
-6.185328591484363925e-02 -6.793233372068158138e-02 6.873705060203234851e-02 2.679651372577224744e-01 4.068287120704661142e-01 2.583195351484010027e-01 6.781968116452950779e-02 -6.770423100400846383e-02 -6.620416479391727504e-02 1.449205832585419122e-02 6.038432263767883751e-02 2.118434905090830350e-02
1.944778821738318147e-02 -6.588503524176536619e-02 -6.855308168330831453e-02 6.201342713711707061e-02 2.583195351484010027e-01 4.275898877537550602e-01 2.679652552582015845e-01 6.553581276354003560e-02 -6.768469030180260249e-02 -6.609844212388263363e-02 2.029261565999238709e-02 6.682917385862129078e-02
5.744179043696218123e-02 2.078671110323569715e-02 -5.925753757651817943e-02 -6.684624686126036663e-02 6.781968116452950779e-02 2.679652552582015845e-01 4.294816891061443709e-01 2.653312691455400052e-01 7.480161338826098183e-02 -5.917271037555973945e-02 -6.117545724396247081e-02 1.305706847640089943e-02
9.289157550357699661e-03 6.589741823724197534e-02 2.780936700951782206e-02 -6.010798292923557468e-02 -6.770423100400846383e-02 6.553581276354003560e-02 2.653312691455400052e-01 4.150400185749921200e-01 2.609655354964443008e-01 7.859657935698217968e-02 -6.241567225849434936e-02 -7.270921889685173778e-02
-6.508393299097024742e-02 1.620312870247658799e-02 6.259853485357856628e-02 2.020079372497323583e-02 -6.620416479391727504e-02 -6.768469030180260249e-02 7.480161338826098183e-02 2.609655354964443008e-01 3.889564384938821173e-01 2.639164623299078416e-01 7.360539285726402925e-02 -6.542510162528011874e-02
-6.124666717761983320e-02 -6.638844702719912116e-02 1.272304677816964505e-02 6.123631184498249530e-02 1.449205832585419122e-02 -6.609844212388263363e-02 -5.917271037555973945e-02 7.859657935698217968e-02 2.639164623299078416e-01 4.320023108375579124e-01 2.672842096100597753e-01 7.326471359809891282e-02
7.581243623094645334e-02 -6.235230120727674324e-02 -6.713114245447793227e-02 1.250119654535035603e-02 6.038432263767883751e-02 2.029261565999238709e-02 -6.117545724396247081e-02 -6.241567225849434936e-02 7.360539285726402925e-02 2.672842096100597753e-01 4.098916371830857996e-01 2.624215803641896105e-01
2.619700506697643649e-01 7.529027929204801239e-02 -6.201607026638428916e-02 -6.575231553519712835e-02 2.118434905090830350e-02 6.682917385862129078e-02 1.305706847640089943e-02 -7.270921889685173778e-02 -6.542510162528011874e-02 7.326471359809891282e-02 2.624215803641896105e-01 4.086089690666845353e-01
4.164968134742061401e-01 2.613491598884765121e-01 6.667282963301041088e-02 -6.698221741982274269e-02 -6.508511578197112568e-02 1.947628005491317330e-02 6.367125843614053482e-02 1.682064618264648981e-02 -6.701697275356177652e-02 -6.910658268749622635e-02 6.537145810634864551e-02 2.643056894317616923e-01
2.613491598884765121e-01 4.279624185482550081e-01 2.691233792577794603e-01 7.248224778090832376e-02 -6.420021712511311818e-02 -6.337628481149745752e-02 1.837315817034912771e-02 6.123353289812434597e-02 1.795285119755811454e-02 -6.209022360423911702e-02 -6.724490262606391822e-02 6.410570096469095369e-02
6.667282963301041088e-02 2.691233792577794603e-01 4.236791827996424509e-01 2.613293371883324001e-01 7.352270179440645315e-02 -6.227551907656223018e-02 -6.537150094307268844e-02 1.412463834257096304e-02 6.305996231067978464e-02 2.486833568113468174e-02 -5.965254226925671699e-02 -6.821479272399293137e-02
-6.698221741982274269e-02 7.248224778090832376e-02 2.613293371883324001e-01 3.966765859097190483e-01 2.635425893743275072e-01 7.559531663948337865e-02 -6.522567079616563290e-02 -6.730107096662699129e-02 1.534032649877700369e-02 6.456886446614890085e-02 2.388835391172656336e-02 -6.379500764421250358e-02
-6.508511578197112568e-02 -6.420021712511311818e-02 7.352270179440645315e-02 2.635425893743275072e-01 4.239517831097362466e-01 2.669453837377075422e-01 6.812992396708703047e-02 -6.573700934514767336e-02 -6.538056440801343072e-02 1.400456131918551353e-02 6.165198582233102215e-02 1.798573478827629468e-02
1.947628005491317330e-02 -6.337628481149745752e-02 -6.227551907656223018e-02 7.559531663948337865e-02 2.669453837377075422e-01 4.182396129219283498e-01 2.620908921867016739e-01 7.267975410162713645e-02 -6.209229877707340972e-02 -6.776700787446988949e-02 1.031256612396153939e-02 6.057936019527847965e-02
6.367125843614053482e-02 1.837315817034912771e-02 -6.537150094307268844e-02 -6.522567079616563290e-02 6.812992396708703047e-02 2.620908921867016739e-01 4.163542747406061562e-01 2.656618125142721221e-01 7.687225752828782954e-02 -6.138643154482709141e-02 -6.792843394376338328e-02 1.518616130922206819e-02
1.682064618264648981e-02 6.123353289812434597e-02 1.412463834257096304e-02 -6.730107096662699129e-02 -6.573700934514767336e-02 7.267975410162713645e-02 2.656618125142721221e-01 4.119269175819609830e-01 2.636371610648601260e-01 7.986486773759668423e-02 -5.887219713591889531e-02 -6.377215854287762720e-02
-6.701697275356177652e-02 1.795285119755811454e-02 6.305996231067978464e-02 1.534032649877700369e-02 -6.538056440801343072e-02 -6.209229877707340972e-02 7.687225752828782954e-02 2.636371610648601260e-01 4.032218475575188865e-01 2.638304665217746647e-01 7.878142726724329803e-02 -6.438421751457712450e-02
-6.910658268749622635e-02 -6.209022360423911702e-02 2.486833568113468174e-02 6.456886446614890085e-02 1.400456131918551353e-02 -6.776700787446988949e-02 -6.138643154482709141e-02 7.986486773759668423e-02 2.638304665217746647e-01 4.036334240119424654e-01 2.631822730198465909e-01 6.685826544620143697e-02
6.537145810634864551e-02 -6.724490262606391822e-02 -5.965254226925671699e-02 2.388835391172656336e-02 6.165198582233102215e-02 1.031256612396153939e-02 -6.792843394376338328e-02 -5.887219713591889531e-02 7.878142726724329803e-02 2.631822730198465909e-01 4.235279591395019194e-01 2.661588178975928254e-01
2.643056894317616923e-01 6.410570096469095369e-02 -6.821479272399293137e-02 -6.379500764421250358e-02 1.798573478827629468e-02 6.057936019527847965e-02 1.518616130922206819e-02 -6.377215854287762720e-02 -6.438421751457712450e-02 6.685826544620143697e-02 2.661588178975928254e-01 4.343291802049490391e-01
4.098283828662652173e-01 2.633202679299624371e-01 6.586113247434213780e-02 -6.861661581490209605e-02 -6.040932751466331074e-02 2.545483915057209640e-02 6.218007624289766805e-02 1.068013305382940932e-02 -6.776503846331816128e-02 -5.958042991557474521e-02 8.144913342950302337e-02 2.649015392356576792e-01
2.633202679299624371e-01 4.301742502767095799e-01 2.667510677866644087e-01 6.453215007236613732e-02 -6.818274079023575740e-02 -6.040950294846589297e-02 2.438635157084762667e-02 6.271532346178712580e-02 1.289901291737604108e-02 -6.561122765895788245e-02 -6.054439881547958591e-02 7.293339370141499467e-02
6.586113247434213780e-02 2.667510677866644087e-01 4.276809296960107365e-01 2.623772107511317397e-01 6.406840266051630484e-02 -6.767586296592965900e-02 -6.165179054839670797e-02 2.035249970534990654e-02 6.145452689764344806e-02 1.569734141915991865e-02 -6.536548811221849775e-02 -6.749162638896390176e-02
-6.861661581490209605e-02 6.453215007236613732e-02 2.623772107511317397e-01 4.212375700340069695e-01 2.642930190436423854e-01 6.686822647133633390e-02 -6.813134942498831614e-02 -6.589155599136035935e-02 1.779822300372893573e-02 6.279096858112219459e-02 1.767209845757066605e-02 -6.506654509713394319e-02
-6.040932751466331074e-02 -6.818274079023575740e-02 6.406840266051630484e-02 2.642930190436423854e-01 4.284947543588482066e-01 2.659914654339259332e-01 6.809060071381203838e-02 -6.569630587581580528e-02 -6.432666469066614101e-02 1.640681399457007833e-02 6.187516724776116056e-02 2.184321150151353683e-02
2.545483915057209640e-02 -6.040950294846589297e-02 -6.767586296592965900e-02 6.686822647133633390e-02 2.659914654339259332e-01 4.215576548841115656e-01 2.633052244353559779e-01 7.551697917146449335e-02 -6.079377141214965113e-02 -6.592005804104594802e-02 1.337343832907657813e-02 6.344810313294829696e-02
6.218007624289766805e-02 2.438635157084762667e-02 -6.165179054839670797e-02 -6.813134942498831614e-02 6.809060071381203838e-02 2.633052244353559779e-01 4.094570638798944451e-01 2.651489305366936389e-01 7.745333464883065455e-02 -6.255686374838449748e-02 -6.761252975303426449e-02 1.118339302938475659e-02
1.068013305382940932e-02 6.271532346178712580e-02 2.035249970534990654e-02 -6.589155599136035935e-02 -6.569630587581580528e-02 7.551697917146449335e-02 2.651489305366936389e-01 4.097493442949071696e-01 2.622935455344224676e-01 7.293167715290456432e-02 -6.353250116904113343e-02 -6.862856521713550650e-02
-6.776503846331816128e-02 1.289901291737604108e-02 6.145452689764344806e-02 1.779822300372893573e-02 -6.432666469066614101e-02 -6.079377141214965113e-02 7.745333464883065455e-02 2.622935455344224676e-01 4.103562812331444931e-01 2.660404479811631084e-01 7.530586105751958803e-02 -6.257020127196002979e-02
-5.958042991557474521e-02 -6.561122765895788245e-02 1.569734141915991865e-02 6.279096858112219459e-02 1.640681399457007833e-02 -6.592005804104594802e-02 -6.255686374838449748e-02 7.293167715290456432e-02 2.660404479811631084e-01 4.235076710275262890e-01 2.643086511304911790e-01 7.628919767657431350e-02
8.144913342950302337e-02 -6.054439881547958591e-02 -6.536548811221849775e-02 1.767209845757066605e-02 6.187516724776116056e-02 1.337343832907657813e-02 -6.761252975303426449e-02 -6.353250116904113343e-02 7.530586105751958803e-02 2.643086511304911790e-01 4.011730405466145122e-01 2.626158608608535339e-01
2.649015392356576792e-01 7.293339370141499467e-02 -6.749162638896390176e-02 -6.506654509713394319e-02 2.184321150151353683e-02 6.344810313294829696e-02 1.118339302938475659e-02 -6.862856521713550650e-02 -6.257020127196002979e-02 7.628919767657431350e-02 2.626158608608535339e-01 4.067830569019729170e-01
4.385692508886041563e-01 2.687066496110213643e-01 6.680192534684684103e-02 -6.592341314259431151e-02 -6.307495758708253630e-02 1.685090516151548784e-02 6.185143989194945985e-02 2.347780658209411633e-02 -5.823964717394181090e-02 -6.727517381522338247e-02 6.062159528041736328e-02 2.634530145288366265e-01
2.687066496110213643e-01 4.189495573375970894e-01 2.589186124858786631e-01 7.373552393127467963e-02 -6.053854234184397054e-02 -6.630202686561237346e-02 1.058173810408539507e-02 6.238984831720949253e-02 2.456065304397405530e-02 -6.343241930679002771e-02 -7.095055923210259741e-02 6.570350172917897857e-02
6.680192534684684103e-02 2.589186124858786631e-01 4.063317782744045870e-01 2.678845349296123945e-01 7.753019387242582328e-02 -6.448199862867526333e-02 -7.070721477407782007e-02 8.918621052718209846e-03 6.146589763926016414e-02 2.354372718629224592e-02 -6.119524446937595064e-02 -6.788042130385248119e-02
-6.592341314259431151e-02 7.373552393127467963e-02 2.678845349296123945e-01 4.211755419613470997e-01 2.620394332423839900e-01 7.135473187631041769e-02 -6.121418665589251767e-02 -6.701522771390736044e-02 1.149328517651238696e-02 6.335338378549355831e-02 2.208825906375180489e-02 -6.411641894765078564e-02
-6.307495758708253630e-02 -6.053854234184397054e-02 7.753019387242582328e-02 2.620394332423839900e-01 4.037839931540857519e-01 2.657337063601815652e-01 8.428085503128723843e-02 -5.710005351992145095e-02 -6.709624239856643024e-02 1.245832951556335479e-02 6.160794912854374722e-02 1.986497555866008000e-02
1.685090516151548784e-02 -6.630202686561237346e-02 -6.448199862867526333e-02 7.135473187631041769e-02 2.657337063601815652e-01 4.182621650566645255e-01 2.645734329637605686e-01 7.740678533817940687e-02 -6.149632949778956886e-02 -6.700359508192135771e-02 1.482186590027976397e-02 6.329886765824319084e-02
6.185143989194945985e-02 1.058173810408539507e-02 -7.070721477407782007e-02 -6.121418665589251767e-02 8.428085503128723843e-02 2.645734329637605686e-01 3.881371835113058277e-01 2.590064554868299895e-01 7.632000405973141111e-02 -6.412837214443975475e-02 -6.559905440260102583e-02 1.859936214896875870e-02
2.347780658209411633e-02 6.238984831720949253e-02 8.918621052718209846e-03 -6.701522771390736044e-02 -5.710005351992145095e-02 7.740678533817940687e-02 2.590064554868299895e-01 4.189985669299524096e-01 2.702774762958768395e-01 6.919956219798713282e-02 -6.891283073478481069e-02 -6.417623621791279653e-02
-5.823964717394181090e-02 2.456065304397405530e-02 6.146589763926016414e-02 1.149328517651238696e-02 -6.709624239856643024e-02 -6.149632949778956886e-02 7.632000405973141111e-02 2.702774762958768395e-01 4.254539120870867719e-01 2.608316860741054510e-01 6.577581981007410428e-02 -6.473805719529267255e-02
-6.727517381522338247e-02 -6.343241930679002771e-02 2.354372718629224592e-02 6.335338378549355831e-02 1.245832951556335479e-02 -6.700359508192135771e-02 -6.412837214443975475e-02 6.919956219798713282e-02 2.608316860741054510e-01 4.154634796433140376e-01 2.660180703289767301e-01 7.214691902774887644e-02
6.062159528041736328e-02 -7.095055923210259741e-02 -6.119524446937595064e-02 2.208825906375180489e-02 6.160794912854374722e-02 1.482186590027976397e-02 -6.559905440260102583e-02 -6.891283073478481069e-02 6.577581981007410428e-02 2.660180703289767301e-01 4.259653055321642179e-01 2.635491446462153720e-01
