4.443917612089257063e-01 2.015289087696092718e-01 5.172110394065870809e-02 -5.896953391596941596e-02 -6.336623799326546180e-02 -3.357694075679028972e-02 2.879233785323736389e-02 3.249614404306402915e-02 -3.396039256049047939e-02 -1.643131862585289205e-01
2.015289087696092718e-01 5.034831839761710892e-01 1.847437296093842329e-01 4.593564891731984068e-02 -2.339114098683805695e-02 -3.670525966564974762e-02 -1.935228441524920739e-02 1.498440497151397148e-02 3.852410042913315125e-02 -1.281744357609790330e-02
5.172110394065870809e-02 1.847437296093842329e-01 3.678707772866272041e-01 2.169933265134849076e-01 1.196383077415296703e-01 3.347369038249564666e-02 -4.037377174965064985e-02 -3.227559509204391830e-02 4.029390817021277077e-02 4.418109492427847729e-02
-5.896953391596941596e-02 4.593564891731984068e-02 2.169933265134849076e-01 3.007028393532619748e-01 2.197954744914734082e-01 1.111986761794671874e-01 8.409909214127641100e-03 -4.222317815678928998e-02 -3.121563538301857371e-02 3.220755908471383683e-02
-6.336623799326546180e-02 -2.339114098683805695e-02 1.196383077415296703e-01 2.197954744914734082e-01 3.408349744567541473e-01 1.880036129356920938e-01 7.102143259467107173e-02 -1.196557960870595419e-02 -5.351311943726590192e-02 -7.889786733874406752e-03
-3.357694075679028972e-02 -3.670525966564974762e-02 3.347369038249564666e-02 1.111986761794671874e-01 1.880036129356920938e-01 1.958499490938305498e-01 1.870285553100595188e-01 8.360847833285231512e-02 -4.852310973717539888e-02 -4.257097118779325229e-02
2.879233785323736389e-02 -1.935228441524920739e-02 -4.037377174965064985e-02 8.409909214127641100e-03 7.102143259467107173e-02 1.870285553100595188e-01 4.383008749999310893e-01 2.096321896918015293e-01 2.838148293464843805e-02 -4.041332671173245711e-02
3.249614404306402915e-02 1.498440497151397148e-02 -3.227559509204391830e-02 -4.222317815678928998e-02 -1.196557960870595419e-02 8.360847833285231512e-02 2.096321896918015293e-01 4.681058818868848448e-01 1.626568196813844569e-01 2.059200360707551247e-02
-3.396039256049047939e-02 3.852410042913315125e-02 4.029390817021277077e-02 -3.121563538301857371e-02 -5.351311943726590192e-02 -4.852310973717539888e-02 2.838148293464843805e-02 1.626568196813844569e-01 4.595183104465115353e-01 1.921838791424031745e-01
-1.643131862585289205e-01 -1.281744357609790330e-02 4.418109492427847729e-02 3.220755908471383683e-02 -7.889786733874406752e-03 -4.257097118779325229e-02 -4.041332671173245711e-02 2.059200360707551247e-02 1.921838791424031745e-01 4.809414472911036631e-01
1.760127107983784078e-01 2.077740278499154714e-01 6.704008575434139416e-02 -3.211264952383658527e-02 -3.391033631122666869e-02 2.417228141684379938e-03 4.614498738805243583e-02 3.324071589548420469e-02 -5.119185181592231931e-02 -1.689731557572883291e-01
2.077740278499154714e-01 3.600723925747738585e-01 1.766290483978607551e-01 3.081873672812696086e-02 -3.682063773872987222e-02 -2.351166717430318298e-02 3.515558777744867691e-02 4.822319203581489772e-02 9.101448233862632214e-03 -8.770402983875308367e-02
6.704008575434139416e-02 1.766290483978607551e-01 5.041503193009136963e-01 1.903110223529759226e-01 2.373598934522542364e-02 -3.294717494799032087e-02 -3.341494937228673551e-02 8.054230093100914895e-03 1.888903838210291217e-02 3.253789923741308258e-03
-3.211264952383658527e-02 3.081873672812696086e-02 1.903110223529759226e-01 4.576192970210261057e-01 1.585356731644376183e-01 2.549762204864465878e-02 -4.867852074950308749e-02 -4.413824556680331218e-02 6.157676433908135932e-03 3.889057824351244835e-02
-3.391033631122666869e-02 -3.682063773872987222e-02 2.373598934522542364e-02 1.585356731644376183e-01 3.997880762166831636e-01 2.345262769666350833e-01 1.199622651695397557e-01 -3.954674729480886497e-02 -3.112008261421248673e-02 1.602659391414630596e-02
2.417228141684379938e-03 -2.351166717430318298e-02 -3.294717494799032087e-02 2.549762204864465878e-02 2.345262769666350833e-01 4.905511917864255333e-01 1.992623117975415581e-01 3.770485818220636887e-02 -2.197728612831081896e-02 -2.427289597000372237e-02
4.614498738805243583e-02 3.515558777744867691e-02 -3.341494937228673551e-02 -4.867852074950308749e-02 1.199622651695397557e-01 1.992623117975415581e-01 2.282290151762369490e-01 1.777153980885476658e-01 6.141560897424905296e-02 -3.835827824453172386e-02
3.324071589548420469e-02 4.822319203581489772e-02 8.054230093100914895e-03 -4.413824556680331218e-02 -3.954674729480886497e-02 3.770485818220636887e-02 1.777153980885476658e-01 4.469020935515458648e-01 1.879184719104634582e-01 1.868563218255186315e-02
-5.119185181592231931e-02 9.101448233862632214e-03 1.888903838210291217e-02 6.157676433908135932e-03 -3.112008261421248673e-02 -2.197728612831081896e-02 6.141560897424905296e-02 1.879184719104634582e-01 4.840119569631459173e-01 1.757731894154161423e-01
-1.689731557572883291e-01 -8.770402983875308367e-02 3.253789923741308258e-03 3.889057824351244835e-02 1.602659391414630596e-02 -2.427289597000372237e-02 -3.835827824453172386e-02 1.868563218255186315e-02 1.757731894154161423e-01 4.526629466108708089e-01
4.518330149708141841e-01 2.027293706031107479e-01 9.376399484220460101e-02 -1.420329528501703548e-02 -5.209963373123101954e-02 -1.262514159208102602e-02 4.117833911475117514e-02 3.724415081500608710e-02 -4.704695279379036976e-02 -1.997400823154998895e-01
2.027293706031107479e-01 2.702938987264576487e-01 2.183275181948574617e-01 7.951954645988315584e-02 -3.152415023548041373e-02 -5.083884484874853782e-02 -3.020752524625264050e-03 5.541925421803332169e-02 3.690454534833628036e-02 -8.768404648536899659e-02
9.376399484220460101e-02 2.183275181948574617e-01 3.359737268263437437e-01 2.008350507396993168e-01 6.664497143237983756e-02 -5.103641260219561604e-02 -5.143347818624152690e-02 2.643424121481166914e-02 6.334041485908212255e-02 1.669008207358400539e-02
-1.420329528501703548e-02 7.951954645988315584e-02 2.008350507396993168e-01 4.350775046223194775e-01 2.029642818376087010e-01 4.566946969543167478e-02 -4.326691141777033039e-02 -3.996332232345188584e-02 1.997152156102775106e-02 4.517311863573976460e-02
-5.209963373123101954e-02 -3.152415023548041373e-02 6.664497143237983756e-02 2.029642818376087010e-01 4.550513544474835692e-01 1.834008903872717533e-01 3.988509154837884679e-02 -4.756399893771137005e-02 -4.565141644219961048e-02 1.965338746684310370e-02
-1.262514159208102602e-02 -5.083884484874853782e-02 -5.103641260219561604e-02 4.566946969543167478e-02 1.834008903872717533e-01 3.989694439997418796e-01 2.102846323653338456e-01 7.553777299347270990e-02 -5.571062180047449408e-02 -5.848479826943674131e-02
4.117833911475117514e-02 -3.020752524625264050e-03 -5.143347818624152690e-02 -4.326691141777033039e-02 3.988509154837884679e-02 2.102846323653338456e-01 4.654146708053287784e-01 1.981737264617641214e-01 4.132787923065926738e-02 -4.730117978416374658e-02
3.724415081500608710e-02 5.541925421803332169e-02 2.643424121481166914e-02 -3.996332232345188584e-02 -4.756399893771137005e-02 7.553777299347270990e-02 1.981737264617641214e-01 3.772800424815720977e-01 2.103853187224265231e-01 8.906113454451106137e-02
-4.704695279379036976e-02 3.690454534833628036e-02 6.334041485908212255e-02 1.997152156102775106e-02 -4.565141644219961048e-02 -5.571062180047449408e-02 4.132787923065926738e-02 2.103853187224265231e-01 4.411024153375164292e-01 2.068139891792571960e-01
-1.997400823154998895e-01 -8.768404648536899659e-02 1.669008207358400539e-02 4.517311863573976460e-02 1.965338746684310370e-02 -5.848479826943674131e-02 -4.730117978416374658e-02 8.906113454451106137e-02 2.068139891792571960e-01 3.690039277824295749e-01
3.363185952287252034e-01 2.103076989834862243e-01 9.065836479916976332e-02 -5.748351618525730788e-02 -7.283128449650602687e-02 -2.253127332982655939e-02 5.845260497318890275e-02 6.874719856771563387e-02 -3.532815566946338748e-02 -1.768476642033096624e-01
2.103076989834862243e-01 4.238344979147928848e-01 2.158170211104851743e-01 5.690763151260819219e-02 -4.609454075984187327e-02 -6.044063312043338604e-02 -2.117191729371718095e-02 4.604097525003457425e-02 4.357992615155556471e-02 -4.260257237977111561e-02
9.065836479916976332e-02 2.158170211104851743e-01 4.118078805479931104e-01 2.019311074223469893e-01 7.799320606478826745e-02 -1.780354816488731451e-02 -5.212684399496871762e-02 -2.747839184929967704e-02 3.128705639951162576e-02 2.613730651092397578e-02
-5.748351618525730788e-02 5.690763151260819219e-02 2.019311074223469893e-01 4.005578396961863019e-01 2.138706406693581252e-01 9.634938660908975994e-02 -1.657040857740400136e-02 -6.026490869864407213e-02 -2.022202161502816703e-02 4.181078920030251167e-02
-7.283128449650602687e-02 -4.609454075984187327e-02 7.799320606478826745e-02 2.138706406693581252e-01 3.342079125633191095e-01 2.164852506814859134e-01 8.986413683556973564e-02 -2.569948066284768323e-02 -4.300725088121711004e-02 4.067083330862422512e-03
-2.253127332982655939e-02 -6.044063312043338604e-02 -1.780354816488731451e-02 9.634938660908975994e-02 2.164852506814859134e-01 3.319399846363377260e-01 2.205520179522603708e-01 9.482123402789649491e-02 -2.505256236587211430e-02 -3.713164889376047162e-02
5.845260497318890275e-02 -2.117191729371718095e-02 -5.212684399496871762e-02 -1.657040857740400136e-02 8.986413683556973564e-02 2.205520179522603708e-01 3.749321961548944815e-01 2.111386090334195775e-01 4.936518582043222803e-02 -4.815909277987025922e-02
6.874719856771563387e-02 4.604097525003457425e-02 -2.747839184929967704e-02 -6.026490869864407213e-02 -2.569948066284768323e-02 9.482123402789649491e-02 2.111386090334195775e-01 4.071866575255675413e-01 1.754624011932533756e-01 1.749011967027124664e-02
-3.532815566946338748e-02 4.357992615155556471e-02 3.128705639951162576e-02 -2.022202161502816703e-02 -4.300725088121711004e-02 -2.505256236587211430e-02 4.936518582043222803e-02 1.754624011932533756e-01 4.796089606685381979e-01 1.944757637746751811e-01
-1.768476642033096624e-01 -4.260257237977111561e-02 2.613730651092397578e-02 4.181078920030251167e-02 4.067083330862422512e-03 -3.713164889376047162e-02 -4.815909277987025922e-02 1.749011967027124664e-02 1.944757637746751811e-01 4.996054750636482744e-01
4.845634162593640548e-01 1.098331109289715501e-01 2.497528630530757715e-02 -3.217658676528308611e-03 -2.453210572764435299e-02 -9.721547255311742755e-03 2.602069728036327315e-02 3.110127345261831655e-02 -7.344284664296756027e-03 -2.053944196719381943e-01
1.098331109289715501e-01 6.444850020176200178e-02 1.318982349443786339e-01 6.773346717840321440e-02 -9.462035442407123673e-03 -2.437201772414279016e-02 -1.018400693228405096e-02 2.252578581004264016e-02 1.597862198118878141e-02 -5.442008580037098475e-02
2.497528630530757715e-02 1.318982349443786339e-01 4.551248484172374376e-01 2.120029471993256920e-01 3.376110767622515080e-02 -3.817760517813302557e-02 -4.739490606386134730e-02 1.453518847254722628e-02 2.560714988584100738e-02 5.894806551634010870e-03
-3.217658676528308611e-03 6.773346717840321440e-02 2.120029471993256920e-01 4.837532040222387031e-01 1.466989044035511558e-01 1.973443381069912503e-02 -2.926407402937512836e-02 -1.548658127384648468e-02 5.685501063587925646e-03 1.311314250019691291e-02
-2.453210572764435299e-02 -9.462035442407123673e-03 3.376110767622515080e-02 1.466989044035511558e-01 4.035211377384481102e-01 2.250012419487764370e-01 1.248627668744328734e-01 -5.466151126755308676e-02 -5.818549509646748358e-02 9.502927265781495325e-03
-9.721547255311742755e-03 -2.437201772414279016e-02 -3.817760517813302557e-02 1.973443381069912503e-02 2.250012419487764370e-01 4.141649096833945887e-01 2.247990326541287054e-01 4.329279327916061432e-02 -3.523486030449310413e-02 -1.122466824533799139e-02
2.602069728036327315e-02 -1.018400693228405096e-02 -4.739490606386134730e-02 -2.926407402937512836e-02 1.248627668744328734e-01 2.247990326541287054e-01 3.360063709668886789e-01 2.031991982226958038e-01 7.572027191981581251e-02 -2.375150667468507032e-02
3.110127345261831655e-02 2.252578581004264016e-02 1.453518847254722628e-02 -1.548658127384648468e-02 -5.466151126755308676e-02 4.329279327916061432e-02 2.031991982226958038e-01 3.871704047724630060e-01 1.971019193112711065e-01 1.571977577544214286e-02
-7.344284664296756027e-03 1.597862198118878141e-02 2.560714988584100738e-02 5.685501063587925646e-03 -5.818549509646748358e-02 -3.523486030449310413e-02 7.572027191981581251e-02 1.971019193112711065e-01 4.850655232531521643e-01 1.361880280115570219e-01
-2.053944196719381943e-01 -5.442008580037098475e-02 5.894806551634010870e-03 1.311314250019691291e-02 9.502927265781495325e-03 -1.122466824533799139e-02 -2.375150667468507032e-02 1.571977577544214286e-02 1.361880280115570219e-01 4.861816846850526841e-01
2.768493721350244741e-01 2.054904005162802028e-01 1.115944450044638464e-01 -5.092465277974543569e-02 -7.637763736569849748e-02 1.324093462938179949e-02 6.370488048586431251e-02 6.186810919391406288e-02 -7.198333154990096960e-02 -1.777994075024810772e-01
2.054904005162802028e-01 4.660455416539494022e-01 2.172912674016719836e-01 2.335634511381494069e-02 -5.075126171625143207e-02 -4.041823430898455055e-02 7.003966936449223211e-03 5.079164540407625494e-02 3.466976453785319823e-02 -3.451124368562102918e-02
1.115944450044638464e-01 2.172912674016719836e-01 4.118909430616646272e-01 1.771463157342953454e-01 6.389194802609002299e-02 -3.914593896915462279e-02 -4.426879982150633275e-02 -1.006078352311899626e-02 4.283948461087342535e-02 2.874430739707671545e-02
-5.092465277974543569e-02 2.335634511381494069e-02 1.771463157342953454e-01 4.604062284945054095e-01 2.156902067490050201e-01 6.889431337124170274e-02 -3.534751241883991868e-02 -6.351333819584864537e-02 -1.066934437857976377e-02 3.156003022514392020e-02
-7.637763736569849748e-02 -5.075126171625143207e-02 6.389194802609002299e-02 2.156902067490050201e-01 3.922269170010928563e-01 1.932741933820654179e-01 5.148615937901303286e-02 -3.950147238328773069e-02 -4.070870862438950855e-02 -1.357150484700065567e-03
1.324093462938179949e-02 -4.041823430898455055e-02 -3.914593896915462279e-02 6.889431337124170274e-02 1.932741933820654179e-01 3.380590778596328505e-01 2.246829108128966801e-01 1.331016704941398454e-01 -2.022414351345151046e-02 -4.899634765083359794e-02
6.370488048586431251e-02 7.003966936449223211e-03 -4.426879982150633275e-02 -3.534751241883991868e-02 5.148615937901303286e-02 2.246829108128966801e-01 4.480483506221298318e-01 2.188350334019668886e-01 4.191453614233299485e-02 -3.575759402819408961e-02
6.186810919391406288e-02 5.079164540407625494e-02 -1.006078352311899626e-02 -6.351333819584864537e-02 -3.950147238328773069e-02 1.331016704941398454e-01 2.188350334019668886e-01 2.938946113475943145e-01 1.712813279796704946e-01 5.882766199295746956e-02
-7.198333154990096960e-02 3.466976453785319823e-02 4.283948461087342535e-02 -1.066934437857976377e-02 -4.070870862438950855e-02 -2.022414351345151046e-02 4.191453614233299485e-02 1.712813279796704946e-01 4.560358747936588686e-01 2.224786159083146364e-01
-1.777994075024810772e-01 -3.451124368562102918e-02 2.874430739707671545e-02 3.156003022514392020e-02 -1.357150484700065567e-03 -4.899634765083359794e-02 -3.575759402819408961e-02 5.882766199295746956e-02 2.224786159083146364e-01 4.565430830307553034e-01
4.537791279804533895e-01 1.760268442275853829e-01 2.124158902131604090e-02 -2.923875276182537342e-02 -9.599412341942515844e-03 4.232642779796041976e-02 3.226228298531262639e-02 -1.439268249176033250e-02 -8.464312970754145349e-02 -2.115039770517867512e-01
1.760268442275853829e-01 4.461884590518373495e-01 1.782293733294613158e-01 1.933543184201147111e-02 -4.974728326567848247e-02 -5.283210166712516698e-02 4.184837695595693130e-02 6.011862238621581978e-02 2.160186560748234008e-02 -5.601640702826367335e-02
2.124158902131604090e-02 1.782293733294613158e-01 4.782610858015523547e-01 1.747856500835053839e-01 -2.759747080246103060e-03 -5.197054902854314484e-02 -1.730542650365923113e-02 2.527178145089479036e-02 3.168665752376985389e-02 3.183590441048049502e-02
-2.923875276182537342e-02 1.933543184201147111e-02 1.747856500835053839e-01 5.172457422837539731e-01 1.826716365619463767e-01 3.083487615281008121e-02 -3.381998113120955607e-02 -3.480594512132685614e-02 -4.229016975389379880e-03 2.536399989676239169e-02
-9.599412341942515844e-03 -4.974728326567848247e-02 -2.759747080246103060e-03 1.826716365619463767e-01 4.644414125257567694e-01 1.797449425276380908e-01 4.954413305754096913e-02 -2.711643751267703295e-02 -3.119279843326315874e-02 -3.435144638252433935e-02
4.232642779796041976e-02 -5.283210166712516698e-02 -5.197054902854314484e-02 3.083487615281008121e-02 1.797449425276380908e-01 3.751902759067766713e-01 2.146465967603292113e-01 1.030162255703518936e-01 -2.929349851817978495e-03 -6.797992662235785577e-02
3.226228298531262639e-02 4.184837695595693130e-02 -1.730542650365923113e-02 -3.381998113120955607e-02 4.954413305754096913e-02 2.146465967603292113e-01 3.448317528273228127e-01 2.223722031478057026e-01 8.520675036119207402e-02 2.677629812306400389e-02
-1.439268249176033250e-02 6.011862238621581978e-02 2.527178145089479036e-02 -3.480594512132685614e-02 -2.711643751267703295e-02 1.030162255703518936e-01 2.223722031478057026e-01 4.050919661490989254e-01 1.541451660126518242e-01 9.244910186451930911e-02
-8.464312970754145349e-02 2.160186560748234008e-02 3.168665752376985389e-02 -4.229016975389379880e-03 -3.119279843326315874e-02 -2.929349851817978495e-03 8.520675036119207402e-02 1.541451660126518242e-01 1.240326917833519671e-01 1.733545534714572844e-01
-2.115039770517867512e-01 -5.601640702826367335e-02 3.183590441048049502e-02 2.536399989676239169e-02 -3.435144638252433935e-02 -6.797992662235785577e-02 2.677629812306400389e-02 9.244910186451930911e-02 1.733545534714572844e-01 3.909374856900926232e-01
4.868710322694137504e-01 1.796306624309552957e-01 3.160545347577431441e-02 -3.841677658145518925e-02 -4.277548689036959201e-02 5.547118085189956839e-03 3.466131513711541434e-02 2.959230282833211906e-02 -4.601875817661578438e-02 -1.782944306032575588e-01
1.796306624309552957e-01 4.595439661283458599e-01 1.854247492023018418e-01 5.391109385224847339e-02 -4.310110951431461029e-02 -4.268945128821922952e-02 3.186303751527907752e-03 4.386291779817869108e-02 4.603396643098259244e-02 -1.949765566190264643e-02
3.160545347577431441e-02 1.854247492023018418e-01 4.160651109026378691e-01 2.135324954620476112e-01 9.299771715344476442e-02 -3.969920196266406298e-02 -4.740788788462889369e-02 -6.856650489436494529e-03 4.505257775698518624e-02 4.314957784464413387e-02
-3.841677658145518925e-02 5.391109385224847339e-02 2.135324954620476112e-01 3.650356769772428178e-01 2.293482857362852123e-01 7.769745656641935394e-02 -3.450460383747887272e-02 -5.203456507595547592e-02 -2.467827754445944127e-02 3.021211130696502267e-02
-4.277548689036959201e-02 -4.310110951431461029e-02 9.299771715344476442e-02 2.293482857362852123e-01 3.552432466732530214e-01 2.013572011760960678e-01 5.807106959006648472e-02 -3.366520507378428784e-02 -6.000468048170196078e-02 -2.057022957400313212e-02
5.547118085189956839e-03 -4.268945128821922952e-02 -3.969920196266406298e-02 7.769745656641935394e-02 2.013572011760960678e-01 4.068511865638297365e-01 2.014492461754375796e-01 7.097406086031274319e-02 -2.847359606191044584e-02 -4.114408279553534442e-02
3.466131513711541434e-02 3.186303751527907752e-03 -4.740788788462889369e-02 -3.450460383747887272e-02 5.807106959006648472e-02 2.014492461754375796e-01 4.624808617528487487e-01 1.866046253453212400e-01 7.774197835921557720e-02 -1.376465556146355684e-02
2.959230282833211906e-02 4.386291779817869108e-02 -6.856650489436494529e-03 -5.203456507595547592e-02 -3.366520507378428784e-02 7.097406086031274319e-02 1.866046253453212400e-01 2.761952001847655658e-01 2.286427639699215308e-01 9.318251570471701439e-02
-4.601875817661578438e-02 4.603396643098259244e-02 4.505257775698518624e-02 -2.467827754445944127e-02 -6.000468048170196078e-02 -2.847359606191044584e-02 7.774197835921557720e-02 2.286427639699215308e-01 3.233744346059286290e-01 1.979003434414476348e-01
-1.782944306032575588e-01 -1.949765566190264643e-02 4.314957784464413387e-02 3.021211130696502267e-02 -2.057022957400313212e-02 -4.114408279553534442e-02 -1.376465556146355684e-02 9.318251570471701439e-02 1.979003434414476348e-01 4.483392839417305042e-01
4.487991015917072168e-01 1.890998174058886039e-01 3.490420192103137892e-02 -3.238356635122591198e-02 -2.623804565891599272e-02 4.541575474846641994e-03 3.575605815633493834e-02 4.068046730897953434e-02 -3.841185258197006569e-02 -2.192860108982910283e-01
1.890998174058886039e-01 3.205756725767240356e-01 2.055480372533053934e-01 8.411320278145344165e-02 -7.229666061063361182e-02 -8.475273346467937507e-02 -1.682127343720431212e-02 5.900390519889776170e-02 5.649127742588772039e-02 -7.795616675310831911e-02
3.490420192103137892e-02 2.055480372533053934e-01 4.159912436914064982e-01 2.151071852459544576e-01 3.846673498328320728e-02 -4.728550471560329094e-02 -3.950577270733453272e-02 -5.448808568199527656e-03 3.094722380174552701e-02 4.018677452419777002e-02
-3.238356635122591198e-02 8.411320278145344165e-02 2.151071852459544576e-01 4.727417160569608590e-01 1.764651027771841629e-01 5.187457518090463071e-02 -1.128758468830746119e-02 -3.662945711103658686e-02 -1.584873348990954375e-02 4.222244919567232080e-02
-2.623804565891599272e-02 -7.229666061063361182e-02 3.846673498328320728e-02 1.764651027771841629e-01 3.824406073679895157e-01 2.194235115379243872e-01 1.045445188376576268e-01 -6.148091135228397550e-03 -4.239920439081266285e-02 -2.572267119796422391e-02
4.541575474846641994e-03 -8.475273346467937507e-02 -4.728550471560329094e-02 5.187457518090463071e-02 2.194235115379243872e-01 4.387871856406517224e-01 1.774140760446414333e-01 4.298078080370718035e-02 -2.367859904920562725e-02 -4.812178710127639619e-02
3.575605815633493834e-02 -1.682127343720431212e-02 -3.950577270733453272e-02 -1.128758468830746119e-02 1.045445188376576268e-01 1.774140760446414333e-01 1.658879290069787404e-01 1.774652119687274987e-01 1.117013705727445128e-01 -2.695341301788607702e-02
4.068046730897953434e-02 5.900390519889776170e-02 -5.448808568199527656e-03 -3.662945711103658686e-02 -6.148091135228397550e-03 4.298078080370718035e-02 1.774652119687274987e-01 5.478749694666531500e-01 2.609767965735571571e-01 3.083840275286052132e-02
-3.841185258197006569e-02 5.649127742588772039e-02 3.094722380174552701e-02 -1.584873348990954375e-02 -4.239920439081266285e-02 -2.367859904920562725e-02 1.117013705727445128e-01 2.609767965735571571e-01 3.454586677813726858e-01 1.530162352670200177e-01
-2.192860108982910283e-01 -7.795616675310831911e-02 4.018677452419777002e-02 4.222244919567232080e-02 -2.572267119796422391e-02 -4.812178710127639619e-02 -2.695341301788607702e-02 3.083840275286052132e-02 1.530162352670200177e-01 4.614429068195622374e-01
4.811944266310983487e-01 2.309248271904248972e-01 7.156598285996058906e-02 -1.666088722069579420e-02 -3.018849936647985399e-02 3.750117897770895679e-03 1.874622865890690493e-02 1.321714589338075785e-02 -1.869505013091633805e-02 -1.504206252347464190e-01
2.309248271904248972e-01 4.357242162843344979e-01 1.462397331515183085e-01 2.679882811283997371e-02 -7.930577626860195115e-03 -2.977637956092380259e-02 -1.344802398643842739e-02 2.605481920460708811e-02 2.145110549648200637e-02 -8.637613552303889664e-02
7.156598285996058906e-02 1.462397331515183085e-01 1.209433445164345144e-01 1.572061327871784042e-01 1.084409640601157465e-01 -3.848845661988026939e-02 -4.853172823817174242e-02 5.557373028969686893e-03 2.977978702669590791e-02 9.973092813375739399e-03
-1.666088722069579420e-02 2.679882811283997371e-02 1.572061327871784042e-01 4.985660433966775940e-01 2.371908784872241438e-01 1.300833217139117301e-02 -3.699124921975836117e-02 -1.588580581801816299e-02 1.660830453095957920e-02 4.743472728336740885e-02
-3.018849936647985399e-02 -7.930577626860195115e-03 1.084409640601157465e-01 2.371908784872241438e-01 4.352528172225604286e-01 1.464519859870505036e-01 3.153160404484054574e-02 -1.851457556900686779e-02 -1.294857561560483483e-02 2.685025885616728128e-02
3.750117897770895679e-03 -2.977637956092380259e-02 -3.848845661988026939e-02 1.300833217139117301e-02 1.464519859870505036e-01 4.486862929752765683e-01 2.047369353134144143e-01 3.213118674993929724e-02 -5.378995501914568544e-02 -8.257275285395621056e-02
1.874622865890690493e-02 -1.344802398643842739e-02 -4.853172823817174242e-02 -3.699124921975836117e-02 3.153160404484054574e-02 2.047369353134144143e-01 4.709552506956030671e-01 1.515911721514537902e-01 2.647637241308003521e-03 -6.009789911726248768e-02
1.321714589338075785e-02 2.605481920460708811e-02 5.557373028969686893e-03 -1.588580581801816299e-02 -1.851457556900686779e-02 3.213118674993929724e-02 1.515911721514537902e-01 4.857914368679234762e-01 2.124439314075603491e-01 8.846804243500262788e-02
-1.869505013091633805e-02 2.145110549648200637e-02 2.977978702669590791e-02 1.660830453095957920e-02 -1.294857561560483483e-02 -5.378995501914568544e-02 2.647637241308003521e-03 2.124439314075603491e-01 4.595431887296581586e-01 1.729173213123368080e-01
-1.504206252347464190e-01 -8.637613552303889664e-02 9.973092813375739399e-03 4.743472728336740885e-02 2.685025885616728128e-02 -8.257275285395621056e-02 -6.009789911726248768e-02 8.846804243500262788e-02 1.729173213123368080e-01 1.633429826804386475e-01
4.599024931109950698e-01 1.901080126677132665e-01 6.134052528297882084e-02 -4.117392960410225233e-02 -5.624303786779470682e-02 -4.349844292015871139e-02 1.650302409750089086e-02 3.209883137319968771e-02 -2.064504423139373532e-02 -1.722423592863782105e-01
1.901080126677132665e-01 4.188888449866371988e-01 2.085805644237824497e-01 7.892993096458418567e-02 -2.544901374330981597e-02 -6.054587195348835188e-02 -3.431506849171786500e-02 2.453842474437786803e-02 4.804198962414613083e-02 -2.234377727171862893e-02
6.134052528297882084e-02 2.085805644237824497e-01 3.672357322722854533e-01 2.244435606125543547e-01 1.106674185907441099e-01 3.556595349765331870e-02 -3.652697888367642531e-02 -2.288047849126870203e-02 4.024161959881106254e-02 3.812215526710675123e-02
-4.117392960410225233e-02 7.892993096458418567e-02 2.244435606125543547e-01 3.417030456396477067e-01 2.077054017566354327e-01 1.194292557433624391e-01 1.144384106367812674e-02 -3.971823800580422115e-02 -2.520883293194246810e-02 3.168219306118205680e-02
-5.624303786779470682e-02 -2.544901374330981597e-02 1.106674185907441099e-01 2.077054017566354327e-01 2.779940103682603247e-01 2.050091788309716390e-01 7.874401891822960242e-02 -1.987028708152148437e-02 -5.056310848215701814e-02 -3.127551075768157923e-03
-4.349844292015871139e-02 -6.054587195348835188e-02 3.556595349765331870e-02 1.194292557433624391e-01 2.050091788309716390e-01 2.374091160845448467e-01 1.815415737114317585e-01 5.646363351079548842e-02 -5.199006139091728873e-02 -3.574561825378852475e-02
1.650302409750089086e-02 -3.431506849171786500e-02 -3.652697888367642531e-02 1.144384106367812674e-02 7.874401891822960242e-02 1.815415737114317585e-01 4.502647041032158404e-01 1.939137897096521734e-01 2.009691353570453032e-02 -3.506567442385921662e-02
3.209883137319968771e-02 2.453842474437786803e-02 -2.288047849126870203e-02 -3.971823800580422115e-02 -1.987028708152148437e-02 5.646363351079548842e-02 1.939137897096521734e-01 4.935657832098899744e-01 1.679684054276466276e-01 1.766750480208626600e-02
-2.064504423139373532e-02 4.804198962414613083e-02 4.024161959881106254e-02 -2.520883293194246810e-02 -5.056310848215701814e-02 -5.199006139091728873e-02 2.009691353570453032e-02 1.679684054276466276e-01 4.505714101913060876e-01 1.843080553566090463e-01
-1.722423592863782105e-01 -2.234377727171862893e-02 3.812215526710675123e-02 3.168219306118205680e-02 -3.127551075768157923e-03 -3.574561825378852475e-02 -3.506567442385921662e-02 1.766750480208626600e-02 1.843080553566090463e-01 5.024648600332201065e-01
4.801912793856641382e-01 1.774205377364687641e-01 1.218360854157523807e-02 -3.369600024182518166e-02 -2.039147459163727708e-02 2.010305858425242773e-02 3.420824680713771548e-02 1.230872625558438599e-02 -7.992306260262815876e-02 -1.861139185618953251e-01
1.774205377364687641e-01 4.741761169516295893e-01 1.682685084135062681e-01 1.599012535689391806e-02 -3.981209323550721768e-02 -3.929804933858689620e-02 6.188700118977143345e-03 3.541273209335089878e-02 3.605698118898333082e-02 -4.145544906634168747e-02
1.218360854157523807e-02 1.682685084135062681e-01 4.913018294161640709e-01 1.765837582522187810e-01 3.299301014353474282e-02 -3.672515741706021408e-02 -3.311445416077517939e-02 2.782414991573171209e-03 3.424211210518957049e-02 3.529996547021259368e-02
-3.369600024182518166e-02 1.599012535689391806e-02 1.765837582522187810e-01 4.636793569916808910e-01 1.867462273148938201e-01 7.692320588794027136e-02 -2.811668603047261239e-02 -4.065114804063396647e-02 -1.608079591062235025e-02 2.850411328910954986e-02
-2.039147459163727708e-02 -3.981209323550721768e-02 3.299301014353474282e-02 1.867462273148938201e-01 3.520270419476300705e-01 2.310588426868693812e-01 9.382257503224782080e-02 -2.789228970561914364e-02 -5.179252179643255294e-02 -3.758351102493324991e-02
2.010305858425242773e-02 -3.929804933858689620e-02 -3.672515741706021408e-02 7.692320588794027136e-02 2.310588426868693812e-01 3.255737061499099361e-01 2.139060087029912016e-01 7.194306312836282191e-02 -1.847613448509501100e-02 -5.888276050892343738e-02
3.420824680713771548e-02 6.188700118977143345e-03 -3.311445416077517939e-02 -2.811668603047261239e-02 9.382257503224782080e-02 2.139060087029912016e-01 3.779630040588473072e-01 1.997031846486514717e-01 7.745651919752191694e-02 -1.930301489360980449e-02
1.230872625558438599e-02 3.541273209335089878e-02 2.782414991573171209e-03 -4.065114804063396647e-02 -2.789228970561914364e-02 7.194306312836282191e-02 1.997031846486514717e-01 4.528486712794250746e-01 1.872258780661748556e-01 8.237058137707037320e-02
-7.992306260262815876e-02 3.605698118898333082e-02 3.424211210518957049e-02 -1.608079591062235025e-02 -5.179252179643255294e-02 -1.847613448509501100e-02 7.745651919752191694e-02 1.872258780661748556e-01 2.542134410187771310e-01 2.258988910266349071e-01
-1.861139185618953251e-01 -4.145544906634168747e-02 3.529996547021259368e-02 2.850411328910954986e-02 -3.758351102493324991e-02 -5.888276050892343738e-02 -1.930301489360980449e-02 8.237058137707037320e-02 2.258988910266349071e-01 3.280255528002640197e-01
5.117100447946255626e-01 1.720051021445858364e-01 3.067828838492849333e-02 -2.756087463824633335e-02 -2.455029510107141488e-02 3.914257983854741579e-03 2.090343969929567974e-02 2.891411778743505773e-02 -9.246412574605848006e-03 -1.839474655562076122e-01
1.720051021445858364e-01 4.493156140392615683e-01 1.828182213878660201e-01 6.754499357126100834e-02 -4.345374261421061646e-02 -6.058218577008305655e-02 -3.004492766343090995e-02 1.489317595609588110e-02 2.689239229665793193e-02 -1.217097174333627366e-02
3.067828838492849333e-02 1.828182213878660201e-01 3.171110875740653645e-01 2.284233231616407678e-01 1.044586171503885663e-01 -3.520498807964020371e-02 -3.805006870400164110e-02 -2.634650058522577942e-02 1.712241831443691784e-02 4.305059403294252823e-02
-2.756087463824633335e-02 6.754499357126100834e-02 2.284233231616407678e-01 4.228302494207037965e-01 2.194800838069619620e-01 7.218369193248372340e-02 6.801420470326610852e-03 -3.188926815465326081e-02 -1.207030233776874503e-02 3.335654013545807928e-02
-2.455029510107141488e-02 -4.345374261421061646e-02 1.044586171503885663e-01 2.194800838069619620e-01 3.374133862941516293e-01 1.948108812954423841e-01 7.900265860611647983e-02 2.618066689904699831e-03 -2.215450271887698871e-02 -2.147120248995898137e-02
3.914257983854741579e-03 -6.058218577008305655e-02 -3.520498807964020371e-02 7.218369193248372340e-02 1.948108812954423841e-01 4.297993077789544203e-01 1.608566203302196906e-01 5.645703419397341688e-02 -9.877835923284252612e-03 -4.058488270200176495e-02
2.090343969929567974e-02 -3.004492766343090995e-02 -3.805006870400164110e-02 6.801420470326610852e-03 7.900265860611647983e-02 1.608566203302196906e-01 1.179304395249442527e-01 1.570267964706307251e-01 6.540429040086895296e-02 -3.058440345786671288e-02
2.891411778743505773e-02 1.489317595609588110e-02 -2.634650058522577942e-02 -3.188926815465326081e-02 2.618066689904699831e-03 5.645703419397341688e-02 1.570267964706307251e-01 4.531523773957765733e-01 1.976569735628203039e-01 1.468090333321727531e-02
-9.246412574605848006e-03 2.689239229665793193e-02 1.712241831443691784e-02 -1.207030233776874503e-02 -2.215450271887698871e-02 -9.877835923284252612e-03 6.540429040086895296e-02 1.976569735628203039e-01 4.911688868290516319e-01 1.501988055687033807e-01
-1.839474655562076122e-01 -1.217097174333627366e-02 4.305059403294252823e-02 3.335654013545807928e-02 -2.147120248995898137e-02 -4.058488270200176495e-02 -3.058440345786671288e-02 1.468090333321727531e-02 1.501988055687033807e-01 4.695686063484697526e-01
4.616430276641301234e-01 1.574151188750499142e-01 2.326573115445521034e-02 -2.751572954666287735e-02 -2.746326259524437680e-02 1.606273359783414942e-03 2.988757616499287256e-02 2.380046863140393432e-02 -8.173743587260190457e-02 -2.158062962090285808e-01
1.574151188750499142e-01 4.639718874220051248e-01 1.817160472901946655e-01 2.838259327960911474e-02 -4.677462750063857144e-02 -5.688363452878200666e-02 -5.413344455726598441e-03 3.968030834311300076e-02 4.889160820150062481e-02 -1.576432773805231530e-02
2.326573115445521034e-02 1.817160472901946655e-01 4.669405930697725360e-01 1.878432790563542287e-01 5.766063165906418209e-02 -3.456544783769610607e-02 -2.702256365173479405e-02 3.404608729628582535e-04 3.949922092841193222e-02 3.514945183971917436e-02
-2.751572954666287735e-02 2.838259327960911474e-02 1.878432790563542287e-01 4.582610096173917458e-01 1.906310984344624093e-01 8.686974347233338001e-02 -1.672307583720727270e-02 -4.400963501018297780e-02 -2.675171260509739968e-02 1.780482592539445533e-02
-2.746326259524437680e-02 -4.677462750063857144e-02 5.766063165906418209e-02 1.906310984344624093e-01 2.408416898497478253e-01 2.202000583934214939e-01 7.563345603200366529e-02 -2.411784238053641186e-02 -4.466963334790060441e-02 -1.971718703985053320e-02
1.606273359783414942e-03 -5.688363452878200666e-02 -3.456544783769610607e-02 8.686974347233338001e-02 2.202000583934214939e-01 3.830747921004312717e-01 1.867374769208479113e-01 5.326482345493430137e-02 -2.071408133813781166e-02 -4.010987682787198888e-02
2.988757616499287256e-02 -5.413344455726598441e-03 -2.702256365173479405e-02 -1.672307583720727270e-02 7.563345603200366529e-02 1.867374769208479113e-01 4.003091597020637105e-01 2.178113317520959658e-01 1.015489971548584058e-01 -1.963563034729433332e-02
2.380046863140393432e-02 3.968030834311300076e-02 3.404608729628582535e-04 -4.400963501018297780e-02 -2.411784238053641186e-02 5.326482345493430137e-02 2.178113317520959658e-01 4.748623641240809490e-01 1.768103603657713574e-01 3.767239040948977546e-02
-8.173743587260190457e-02 4.889160820150062481e-02 3.949922092841193222e-02 -2.675171260509739968e-02 -4.466963334790060441e-02 -2.071408133813781166e-02 1.015489971548584058e-01 1.768103603657713574e-01 1.662639245111202091e-01 1.629336993183077564e-01
-2.158062962090285808e-01 -1.576432773805231530e-02 3.514945183971917436e-02 1.780482592539445533e-02 -1.971718703985053320e-02 -4.010987682787198888e-02 -1.963563034729433332e-02 3.767239040948977546e-02 1.629336993183077564e-01 4.838315519392593633e-01
4.619549445098472540e-01 1.478918575636092858e-01 1.791970864842010874e-02 -3.837873150411084955e-02 -3.388825985486477316e-02 -7.731927583453769657e-04 5.462900144347675180e-02 4.708172822292500115e-02 -5.592521598364687263e-02 -2.042031653608205599e-01
1.478918575636092858e-01 4.418398591180653923e-01 2.285004752820270768e-01 1.019608974211443642e-01 -2.375905379043698890e-02 -3.126714613028026141e-02 -6.016112330050284087e-04 2.858188359608065943e-02 3.270686362390266833e-02 -2.308470257777941667e-02
1.791970864842010874e-02 2.285004752820270768e-01 4.864618125517035652e-01 1.680892471834724566e-01 3.281341479754741608e-02 -1.628076263593824374e-02 -3.279868292434023891e-02 -1.140210478909085487e-02 2.849989303515883948e-02 3.709955171564104093e-02
-3.837873150411084955e-02 1.019608974211443642e-01 1.680892471834724566e-01 1.595824247309730048e-01 1.730134239955901099e-01 8.719020783435305066e-02 -3.180439073255535848e-02 -4.936296713917939782e-02 -2.263183088600597553e-02 4.043714217944593264e-02
-3.388825985486477316e-02 -2.375905379043698890e-02 3.281341479754741608e-02 1.730134239955901099e-01 4.497868143989775525e-01 2.116466345316502518e-01 3.480387402918973944e-02 -3.857890063781511947e-02 -5.173463273819384894e-02 6.269482756249121101e-04
-7.731927583453769657e-04 -3.126714613028026141e-02 -1.628076263593824374e-02 8.719020783435305066e-02 2.116466345316502518e-01 4.613436991161991574e-01 1.646710025734552940e-01 4.697198573689748136e-02 -2.414322774973000005e-02 -2.285242858572806776e-02
5.462900144347675180e-02 -6.016112330050284087e-04 -3.279868292434023891e-02 -3.180439073255535848e-02 3.480387402918973944e-02 1.646710025734552940e-01 4.044230602287662291e-01 2.220840960303723244e-01 1.235886615360294316e-01 -2.732239023816397314e-02
4.708172822292500115e-02 2.858188359608065943e-02 -1.140210478909085487e-02 -4.936296713917939782e-02 -3.857890063781511947e-02 4.697198573689748136e-02 2.220840960303723244e-01 3.134341176307731125e-01 2.317325925699592892e-01 4.970168956318887776e-02
-5.592521598364687263e-02 3.270686362390266833e-02 2.849989303515883948e-02 -2.263183088600597553e-02 -5.173463273819384894e-02 -2.414322774973000005e-02 1.235886615360294316e-01 2.317325925699592892e-01 3.498582231905095208e-01 1.773155653787943098e-01
-2.042031653608205599e-01 -2.308470257777941667e-02 3.709955171564104093e-02 4.043714217944593264e-02 6.269482756249121101e-04 -2.285242858572806776e-02 -2.732239023816397314e-02 4.970168956318887776e-02 1.773155653787943098e-01 4.713150445241698905e-01
4.321694593867851930e-01 2.031587077920318785e-01 5.635524618039337852e-02 -4.390777811361695065e-02 -4.686444264821186534e-02 2.009360227914138049e-03 6.041123836183430462e-02 3.675628764684064909e-02 -6.346075437676609865e-02 -2.022251183447628109e-01
2.031587077920318785e-01 4.473180696387366595e-01 1.989146726494993855e-01 7.657678104441023592e-02 -2.434605116213300890e-02 -4.480332281273684270e-02 -7.417525011326619663e-03 3.969929560302344618e-02 3.364764864808002243e-02 -6.753096001019838479e-02
5.635524618039337852e-02 1.989146726494993855e-01 3.628849171035731791e-01 2.202700561581130145e-01 7.939487461305977378e-02 -4.348379028080379821e-02 -6.922126874844962419e-02 -5.569152401174544062e-03 5.439711928340656977e-02 5.498746794027082468e-02
-4.390777811361695065e-02 7.657678104441023592e-02 2.202700561581130145e-01 3.270878564355911289e-01 2.064902802043239727e-01 7.037664722282543917e-02 -5.626453214070550879e-02 -5.127170717654513238e-02 1.000337202593527472e-02 6.963293956578545107e-02
-4.686444264821186534e-02 -2.434605116213300890e-02 7.939487461305977378e-02 2.064902802043239727e-01 4.362049868860192747e-01 2.078846609182860572e-01 6.166905017876134903e-02 -3.579527201685903104e-02 -4.218031246913012122e-02 1.032184228075337662e-02
2.009360227914138049e-03 -4.480332281273684270e-02 -4.348379028080379821e-02 7.037664722282543917e-02 2.078846609182860572e-01 4.290663501781982747e-01 1.986992278947824764e-01 5.135260824073172026e-02 -4.255411077736233338e-02 -6.054669735068325676e-02
6.041123836183430462e-02 -7.417525011326619663e-03 -6.922126874844962419e-02 -5.626453214070550879e-02 6.166905017876134903e-02 1.986992278947824764e-01 3.802181416767502209e-01 1.996239120619556773e-01 6.466592886927904904e-02 -6.629560715425264483e-02
