4.302513267454802226e-01 1.839122290321330844e-01 4.024444624660384467e-02 -4.246045102514822700e-02 -3.720915471507393185e-02 1.254088873831253788e-02 3.441482781291788778e-02 9.740243356575892936e-03 -4.585908422437308396e-02 -3.868730168450293383e-02 8.288546366023055723e-02 2.063638444738755684e-01
1.839122290321330844e-01 4.680604443132286852e-01 1.925801548709452082e-01 4.470502036526082662e-02 -3.949958096109203176e-02 -4.558010621668920348e-02 7.133164997312604894e-03 3.174185024314943315e-02 1.082195841263027154e-02 -3.453465242963363324e-02 -4.168197454620082426e-02 4.250977398033650712e-02
4.024444624660384467e-02 1.925801548709452082e-01 4.310336526804725565e-01 1.927346707025307249e-01 5.968276747937174831e-02 -4.557616303548135683e-02 -4.166094558183919966e-02 9.407059540707326736e-03 3.535357532562687088e-02 1.198846295307854151e-02 -4.812758660531661625e-02 -4.853310642082048210e-02
-4.246045102514822700e-02 4.470502036526082662e-02 1.927346707025307249e-01 4.007026692551969305e-01 2.182533793686939061e-01 8.978215345592888141e-02 -4.297359518401341200e-02 -4.775809780589215098e-02 1.047473042770953947e-02 3.742781633823230591e-02 1.407750254523251927e-02 -4.114392207580112870e-02
-3.720915471507393185e-02 -3.949958096109203176e-02 5.968276747937174831e-02 2.182533793686939061e-01 3.911402405017601613e-01 2.182998049019459486e-01 5.954020216538971622e-02 -4.326427722576488277e-02 -3.849495546070776097e-02 1.219143791217244810e-02 4.234764000822226204e-02 1.476492097261749431e-02
1.254088873831253788e-02 -4.558010621668920348e-02 -4.557616303548135683e-02 8.978215345592888141e-02 2.182998049019459486e-01 3.716094407916070708e-01 1.987464283477014260e-01 5.944151493709839973e-02 -4.285689346735836736e-02 -4.038496844106153477e-02 1.769665619697867454e-02 4.369797849585562582e-02
3.441482781291788778e-02 7.133164997312604894e-03 -4.166094558183919966e-02 -4.297359518401341200e-02 5.954020216538971622e-02 1.987464283477014260e-01 4.367761788061191308e-01 1.980904188888957251e-01 3.841300638097241982e-02 -4.258854515912947891e-02 -4.235514930940537104e-02 1.408582905893460309e-02
9.740243356575892936e-03 3.174185024314943315e-02 9.407059540707326736e-03 -4.775809780589215098e-02 -4.326427722576488277e-02 5.944151493709839973e-02 1.980904188888957251e-01 4.503528665799990671e-01 1.804691481938864306e-01 3.789028643430678023e-02 -4.510175867024050766e-02 -4.107834973802448886e-02
-4.585908422437308396e-02 1.082195841263027154e-02 3.535357532562687088e-02 1.047473042770953947e-02 -3.849495546070776097e-02 -4.285689346735836736e-02 3.841300638097241982e-02 1.804691481938864306e-01 4.404208008978158784e-01 2.023735941249394932e-01 6.963584804564768027e-02 -4.635143241185424312e-02
-3.868730168450293383e-02 -3.453465242963363324e-02 1.198846295307854151e-02 3.742781633823230591e-02 1.219143791217244810e-02 -4.038496844106153477e-02 -4.258854515912947891e-02 3.789028643430678023e-02 2.023735941249394932e-01 4.349957749216359915e-01 2.049388789918655251e-01 6.272953263756547715e-02
8.288546366023055723e-02 -4.168197454620082426e-02 -4.812758660531661625e-02 1.407750254523251927e-02 4.234764000822226204e-02 1.769665619697867454e-02 -4.235514930940537104e-02 -4.510175867024050766e-02 6.963584804564768027e-02 2.049388789918655251e-01 3.526182921586720198e-01 2.176984148835134358e-01
2.063638444738755684e-01 4.250977398033650712e-02 -4.853310642082048210e-02 -4.114392207580112870e-02 1.476492097261749431e-02 4.369797849585562582e-02 1.408582905893460309e-02 -4.107834973802448886e-02 -4.635143241185424312e-02 6.272953263756547715e-02 2.176984148835134358e-01 3.920383123480172260e-01
4.541690861202006824e-01 1.998023102354868075e-01 5.194600365314002571e-02 -3.988433513147658649e-02 -4.796392274811690781e-02 1.065341957077145171e-02 3.390686780963253488e-02 9.747574778077626803e-03 -3.651937224203437304e-02 -4.290555424296779718e-02 4.818792082397972687e-02 1.888113172254112238e-01
1.998023102354868075e-01 4.265016915118716723e-01 1.914977757014892645e-01 4.693581135233333701e-02 -5.082532774932808917e-02 -4.360433174840658288e-02 1.249513790451015592e-02 4.008252707374354573e-02 1.188412333980631494e-02 -5.115977974432547870e-02 -5.094232368439904207e-02 4.701365525408048029e-02
5.194600365314002571e-02 1.914977757014892645e-01 4.010160835213448238e-01 2.119985113181163672e-01 8.495587474136540029e-02 -4.835303956428611827e-02 -4.854280294176631372e-02 1.503686527134839163e-02 3.939389059084934946e-02 1.243666909271401791e-02 -4.543495245906022106e-02 -4.408777447960144508e-02
-3.988433513147658649e-02 4.693581135233333701e-02 2.119985113181163672e-01 4.395898337400390710e-01 2.102575884214309687e-01 5.042063046944249977e-02 -4.077496266199107100e-02 -3.807547579580083941e-02 1.074117307861408542e-02 4.032102802440089284e-02 1.461214298220022030e-02 -3.524931222567866118e-02
-4.796392274811690781e-02 -5.082532774932808917e-02 8.495587474136540029e-02 2.102575884214309687e-01 3.673120344059976339e-01 2.007606167627301597e-01 6.784507187665370087e-02 -4.628452585963228200e-02 -4.577558424451633884e-02 1.458783821245081443e-02 4.576240282734822529e-02 1.769194488188626652e-02
1.065341957077145171e-02 -4.360433174840658288e-02 -4.835303956428611827e-02 5.042063046944249977e-02 2.007606167627301597e-01 4.228233272106087792e-01 2.061006148325440490e-01 4.780353708830070714e-02 -4.541681162406731309e-02 -4.650127211102163260e-02 1.316546731301437324e-02 3.873099849285246976e-02
3.390686780963253488e-02 1.249513790451015592e-02 -4.854280294176631372e-02 -4.077496266199107100e-02 6.784507187665370087e-02 2.061006148325440490e-01 4.419320897089196731e-01 1.859400725020827205e-01 4.225379699448492815e-02 -4.410211891069015788e-02 -4.136330811961701215e-02 7.749858883046276820e-03
9.747574778077626803e-03 4.008252707374354573e-02 1.503686527134839163e-02 -3.807547579580083941e-02 -4.628452585963228200e-02 4.780353708830070714e-02 1.859400725020827205e-01 4.285661859835047105e-01 2.040320269667405539e-01 7.090768292356983138e-02 -4.663898186404030755e-02 -4.991013041519991311e-02
-3.651937224203437304e-02 1.188412333980631494e-02 3.939389059084934946e-02 1.074117307861408542e-02 -4.577558424451633884e-02 -4.541681162406731309e-02 4.225379699448492815e-02 2.040320269667405539e-01 4.316878612171659024e-01 2.056230509645773086e-01 6.108862867191346135e-02 -4.006202705143009635e-02
-4.290555424296779718e-02 -5.115977974432547870e-02 1.243666909271401791e-02 4.032102802440089284e-02 1.458783821245081443e-02 -4.650127211102163260e-02 -4.410211891069015788e-02 7.090768292356983138e-02 2.056230509645773086e-01 3.701099388229687204e-01 2.145733504093108035e-01 8.057849790879437202e-02
4.818792082397972687e-02 -5.094232368439904207e-02 -4.543495245906022106e-02 1.461214298220022030e-02 4.576240282734822529e-02 1.316546731301437324e-02 -4.136330811961701215e-02 -4.663898186404030755e-02 6.108862867191346135e-02 2.145733504093108035e-01 3.913134077129241661e-01 2.088489791065263057e-01
1.888113172254112238e-01 4.701365525408048029e-02 -4.408777447960144508e-02 -3.524931222567866118e-02 1.769194488188626652e-02 3.873099849285246976e-02 7.749858883046276820e-03 -4.991013041519991311e-02 -4.006202705143009635e-02 8.057849790879437202e-02 2.088489791065263057e-01 4.249784600444680427e-01
4.363500508401402245e-01 1.970966233984116911e-01 3.959763618780162003e-02 -4.526518790984659230e-02 -3.507501533236814795e-02 2.058059583966342226e-02 4.147258781885578005e-02 5.917250310558423362e-03 -4.551417564386212034e-02 -4.213423080324270320e-02 6.409491982314741154e-02 2.068590989960481241e-01
1.970966233984116911e-01 4.284883075163864463e-01 1.921274110332524265e-01 5.022181735991119306e-02 -4.485510920093550152e-02 -4.253217740154904836e-02 2.121369302064089746e-02 3.973153377744007703e-02 7.866304401287892850e-03 -4.789405554825176131e-02 -4.813974272483587807e-02 6.249753497498667515e-02
3.959763618780162003e-02 1.921274110332524265e-01 4.523646594670699406e-01 1.945048489877329589e-01 4.099128647594605518e-02 -4.700271615466564135e-02 -4.403898597417620076e-02 1.406214317282947907e-02 3.799086880679215100e-02 1.146782041743065091e-02 -4.293655840161506032e-02 -4.669046936427304062e-02
-4.526518790984659230e-02 5.022181735991119306e-02 1.945048489877329589e-01 4.276172569367981402e-01 1.950589910447202424e-01 5.792670336284701238e-02 -5.075238803047077418e-02 -4.538059983857815893e-02 1.285169002257040456e-02 4.067822009834635988e-02 1.796816159114724906e-02 -4.485656770696924700e-02
-3.507501533236814795e-02 -4.485510920093550152e-02 4.099128647594605518e-02 1.950589910447202424e-01 4.356563332749659456e-01 2.074590669481443661e-01 6.454262527860175902e-02 -4.367111606863664786e-02 -4.538682142350851378e-02 8.999608924486523012e-03 4.124284321251724811e-02 2.025101878778006945e-02
2.058059583966342226e-02 -4.253217740154904836e-02 -4.700271615466564135e-02 5.792670336284701238e-02 2.074590669481443661e-01 4.058135254222284827e-01 2.072122857753306846e-01 6.331888673463334505e-02 -4.339339315139054132e-02 -4.556426228538532075e-02 5.031066658779869902e-03 4.191359520844427367e-02
4.147258781885578005e-02 2.121369302064089746e-02 -4.403898597417620076e-02 -5.075238803047077418e-02 6.454262527860175902e-02 2.072122857753306846e-01 3.878784874180951636e-01 2.083959217731273239e-01 6.768402710022422553e-02 -4.530414819171008078e-02 -5.376399520857257086e-02 3.267932581492711056e-03
5.917250310558423362e-03 3.973153377744007703e-02 1.406214317282947907e-02 -4.538059983857815893e-02 -4.367111606863664786e-02 6.331888673463334505e-02 2.083959217731273239e-01 4.205915119824491510e-01 2.026472756512858187e-01 5.437298940097170380e-02 -4.399023639016107212e-02 -4.710862882656755013e-02
-4.551417564386212034e-02 7.866304401287892850e-03 3.799086880679215100e-02 1.285169002257040456e-02 -4.538682142350851378e-02 -4.339339315139054132e-02 6.768402710022422553e-02 2.026472756512858187e-01 4.186889799498952902e-01 2.013213919490979831e-01 6.822951333020582654e-02 -4.156911060662461799e-02
-4.213423080324270320e-02 -4.789405554825176131e-02 1.146782041743065091e-02 4.067822009834635988e-02 8.999608924486523012e-03 -4.556426228538532075e-02 -4.530414819171008078e-02 5.437298940097170380e-02 2.013213919490979831e-01 4.100768839697623291e-01 2.122718618886641484e-01 7.268869360649408973e-02
6.409491982314741154e-02 -4.813974272483587807e-02 -4.293655840161506032e-02 1.796816159114724906e-02 4.124284321251724811e-02 5.031066658779869902e-03 -5.376399520857257086e-02 -4.399023639016107212e-02 6.822951333020582654e-02 2.122718618886641484e-01 3.855715288267012042e-01 2.103991628227258326e-01
2.068590989960481241e-01 6.249753497498667515e-02 -4.669046936427304062e-02 -4.485656770696924700e-02 2.025101878778006945e-02 4.191359520844427367e-02 3.267932581492711056e-03 -4.710862882656755013e-02 -4.156911060662461799e-02 7.268869360649408973e-02 2.103991628227258326e-01 3.909024743955584191e-01
4.053836718732342637e-01 1.958429655971511418e-01 4.840707046004824599e-02 -3.579925622121380574e-02 -3.070576414675007734e-02 2.459001672350911646e-02 3.952289637954825574e-02 8.479054922830889587e-03 -5.411212605695690098e-02 -4.935284480860209488e-02 7.930154182459946133e-02 2.156248446997540702e-01
1.958429655971511418e-01 4.291998646944164553e-01 1.914022159278853663e-01 3.124577862980931070e-02 -4.485568283222305525e-02 -4.740602628578628741e-02 1.015164509616044500e-02 3.222816390614324789e-02 1.462043352584884749e-02 -4.028542455559309954e-02 -4.824149884777081260e-02 5.880339114725033345e-02
4.840707046004824599e-02 1.914022159278853663e-01 4.632517831412190645e-01 1.719261704555912207e-01 2.443332974515898329e-02 -4.753029520729587509e-02 -3.468053027469586436e-02 9.163974212319694890e-03 3.695477007112840662e-02 1.340331967649688490e-02 -4.564880948822069850e-02 -4.174540182064519211e-02
-3.579925622121380574e-02 3.124577862980931070e-02 1.719261704555912207e-01 4.690315962427148433e-01 1.973244442368683460e-01 6.810261730926669976e-02 -3.290070176794352569e-02 -3.548719612908289578e-02 6.797053231068829818e-03 2.870690923137882503e-02 1.298586256061940586e-02 -3.053508901989045871e-02
-3.070576414675007734e-02 -4.485568283222305525e-02 2.443332974515898329e-02 1.973244442368683460e-01 4.428877115363675787e-01 1.949064078371121056e-01 5.701898857859807879e-02 -3.126803765692987014e-02 -4.052045168674191233e-02 2.150059091839425993e-03 3.466073780967888346e-02 1.937836185248062101e-02
2.459001672350911646e-02 -4.740602628578628741e-02 -4.753029520729587509e-02 6.810261730926669976e-02 1.949064078371121056e-01 2.888550724540101533e-01 2.129612259819595455e-01 8.942479344612033754e-02 -4.908682722671790094e-02 -5.319505729315217313e-02 5.609089931859748482e-03 4.485942676452071842e-02
3.952289637954825574e-02 1.015164509616044500e-02 -3.468053027469586436e-02 -3.290070176794352569e-02 5.701898857859807879e-02 2.129612259819595455e-01 4.088127198856448263e-01 2.116056533309954024e-01 4.842275494931325142e-02 -4.289893682882231496e-02 -4.140445435775852445e-02 1.101803893933299069e-02
8.479054922830889587e-03 3.222816390614324789e-02 9.163974212319694890e-03 -3.548719612908289578e-02 -3.126803765692987014e-02 8.942479344612033754e-02 2.116056533309954024e-01 4.414638596112177571e-01 1.843011565858956313e-01 4.261275369861201867e-02 -3.602179325081446976e-02 -3.616833968046303388e-02
-5.411212605695690098e-02 1.462043352584884749e-02 3.695477007112840662e-02 6.797053231068829818e-03 -4.052045168674191233e-02 -4.908682722671790094e-02 4.842275494931325142e-02 1.843011565858956313e-01 4.269284600973231036e-01 2.005639151852494084e-01 6.382774559415538285e-02 -4.723083505069408661e-02
-4.935284480860209488e-02 -4.028542455559309954e-02 1.340331967649688490e-02 2.870690923137882503e-02 2.150059091839425993e-03 -5.319505729315217313e-02 -4.289893682882231496e-02 4.261275369861201867e-02 2.005639151852494084e-01 4.277195116268986408e-01 2.022406539579819362e-01 5.733386627153447268e-02
7.930154182459946133e-02 -4.824149884777081260e-02 -4.564880948822069850e-02 1.298586256061940586e-02 3.466073780967888346e-02 5.609089931859748482e-03 -4.140445435775852445e-02 -3.602179325081446976e-02 6.382774559415538285e-02 2.022406539579819362e-01 4.004538784747570523e-01 2.127550764126186211e-01
2.156248446997540702e-01 5.880339114725033345e-02 -4.174540182064519211e-02 -3.053508901989045871e-02 1.937836185248062101e-02 4.485942676452071842e-02 1.101803893933299069e-02 -3.616833968046303388e-02 -4.723083505069408661e-02 5.733386627153447268e-02 2.127550764126186211e-01 3.960118703622433345e-01
4.426614858651513051e-01 2.036316048712102367e-01 6.364561438718452369e-02 -4.350567357964977427e-02 -4.658004872082186637e-02 1.407717579013880588e-02 3.937429271050316842e-02 1.285311772644488065e-02 -3.734024050801992844e-02 -4.588929514281432642e-02 4.138073667283388712e-02 1.845245398959214633e-01
2.036316048712102367e-01 4.331118699647316106e-01 1.990922344561656676e-01 4.967053404202255440e-02 -4.510877065263510510e-02 -3.944304555981332366e-02 1.255527457841052082e-02 4.062139002292192158e-02 1.537683498927802303e-02 -4.430861096595696547e-02 -4.824132332040581561e-02 4.183749428063126413e-02
6.364561438718452369e-02 1.990922344561656676e-01 3.808019850092864700e-01 2.085617872637441361e-01 7.788525163532307449e-02 -4.874741180756324288e-02 -5.496537015234888301e-02 9.727876247615761113e-03 4.381681121159467646e-02 2.399101004287990807e-02 -4.505067957693953407e-02 -4.838837215516103574e-02
-4.350567357964977427e-02 4.967053404202255440e-02 2.085617872637441361e-01 4.308776458095994188e-01 2.075347386998412369e-01 4.649356687526971094e-02 -4.677493789152643161e-02 -4.413407924582324338e-02 8.319083914074463376e-03 4.292413031470973528e-02 1.725760626886001931e-02 -3.732798639254189532e-02
-4.658004872082186637e-02 -4.510877065263510510e-02 7.788525163532307449e-02 2.075347386998412369e-01 4.109652927163506275e-01 1.954654247052142191e-01 6.327263005185032596e-02 -4.189943927826318693e-02 -4.451361087091077612e-02 5.032566380982872456e-03 3.921437686290774050e-02 1.719717978034756428e-02
1.407717579013880588e-02 -3.944304555981332366e-02 -4.874741180756324288e-02 4.649356687526971094e-02 1.954654247052142191e-01 4.296679991918249675e-01 2.090069160496931810e-01 6.433776069699836953e-02 -4.177989524260383725e-02 -5.343415758864746012e-02 6.053344673749187950e-03 3.740472338637625821e-02
3.937429271050316842e-02 1.255527457841052082e-02 -5.496537015234888301e-02 -4.677493789152643161e-02 6.327263005185032596e-02 2.090069160496931810e-01 4.055443450735736199e-01 2.009939885982807151e-01 5.919430707637426264e-02 -4.686610031136898002e-02 -4.393470390467214826e-02 8.652523511396396222e-03
1.285311772644488065e-02 4.062139002292192158e-02 9.727876247615761113e-03 -4.413407924582324338e-02 -4.189943927826318693e-02 6.433776069699836953e-02 2.009939885982807151e-01 3.893892430407051020e-01 2.145749410761974563e-01 8.545133890730439996e-02 -4.426663782216133658e-02 -4.929256649291397646e-02
-3.734024050801992844e-02 1.537683498927802303e-02 4.381681121159467646e-02 8.319083914074463376e-03 -4.451361087091077612e-02 -4.177989524260383725e-02 5.919430707637426264e-02 2.145749410761974563e-01 4.204671363311930365e-01 2.110377726405135990e-01 5.125859128872956721e-02 -4.228044484051225044e-02
-4.588929514281432642e-02 -4.430861096595696547e-02 2.399101004287990807e-02 4.292413031470973528e-02 5.032566380982872456e-03 -5.343415758864746012e-02 -4.686610031136898002e-02 8.545133890730439996e-02 2.110377726405135990e-01 3.806387049067012640e-01 1.979890583628985956e-01 6.286561213051791719e-02
4.138073667283388712e-02 -4.824132332040581561e-02 -4.505067957693953407e-02 1.725760626886001931e-02 3.921437686290774050e-02 6.053344673749187950e-03 -4.393470390467214826e-02 -4.426663782216133658e-02 5.125859128872956721e-02 1.979890583628985956e-01 4.341507656653081915e-01 2.024634035878775662e-01
1.845245398959214633e-01 4.183749428063126413e-02 -4.838837215516103574e-02 -3.732798639254189532e-02 1.719717978034756428e-02 3.740472338637625821e-02 8.652523511396396222e-03 -4.929256649291397646e-02 -4.228044484051225044e-02 6.286561213051791719e-02 2.024634035878775662e-01 4.417235264251843097e-01
4.191193379250118256e-01 2.054249802767060262e-01 4.890658086516970482e-02 -4.266574900212426191e-02 -3.331168631196330249e-02 2.993313704416975321e-02 3.931066209773095149e-02 -3.109556400409302368e-03 -5.073195825624490091e-02 -4.840788790573295752e-02 4.886208667962339824e-02 2.045322520758280915e-01
2.054249802767060262e-01 4.160969665328728140e-01 1.915995868962278026e-01 4.067317542405810005e-02 -5.092949775367229537e-02 -4.397471578022810884e-02 2.764138703428255239e-02 4.285924465973713765e-02 8.588005022414827924e-03 -4.962847422247231022e-02 -4.594720209806221756e-02 6.634650570536768099e-02
4.890658086516970482e-02 1.915995868962278026e-01 4.442683258837342164e-01 1.898358140004786088e-01 3.149240680046033053e-02 -5.078508206109609568e-02 -3.544152909413075814e-02 1.965795882666538166e-02 4.071638187722912555e-02 1.681226651898663077e-02 -3.601515336511264265e-02 -4.475181833718039348e-02
-4.266574900212426191e-02 4.067317542405810005e-02 1.898358140004786088e-01 4.737862372380260423e-01 1.832852368187239955e-01 3.722504149402013768e-02 -3.853812139526394120e-02 -3.380105043416944954e-02 8.775070003210339378e-03 3.441282323141206523e-02 1.652449451269336761e-02 -3.794519429032436331e-02
-3.331168631196330249e-02 -5.092949775367229537e-02 3.149240680046033053e-02 1.832852368187239955e-01 4.479099216298547681e-01 1.948450447437221067e-01 5.285049172316804572e-02 -4.007128110155834533e-02 -5.074481083332098991e-02 -4.362400604211153984e-03 3.223015690728762983e-02 2.766354705561412455e-02
2.993313704416975321e-02 -4.397471578022810884e-02 -5.078508206109609568e-02 3.722504149402013768e-02 1.948450447437221067e-01 4.207895632977799449e-01 1.974554373067536894e-01 5.942327162306081795e-02 -4.423686470948379190e-02 -5.072546926771191733e-02 -5.359804614303109380e-03 4.454214462479541559e-02
3.931066209773095149e-02 2.764138703428255239e-02 -3.544152909413075814e-02 -3.853812139526394120e-02 5.285049172316804572e-02 1.974554373067536894e-01 4.042157715682245245e-01 2.144891026529336941e-01 9.136334044724275794e-02 -3.070499291672339551e-02 -4.726520804751309368e-02 -8.608512192401466742e-03
-3.109556400409302368e-03 4.285924465973713765e-02 1.965795882666538166e-02 -3.380105043416944954e-02 -4.007128110155834533e-02 5.942327162306081795e-02 2.144891026529336941e-01 4.047760032877801284e-01 2.152357349406587295e-01 7.279517134163371317e-02 -2.916602362247896693e-02 -4.994820139815449311e-02
-5.073195825624490091e-02 8.588005022414827924e-03 4.071638187722912555e-02 8.775070003210339378e-03 -5.074481083332098991e-02 -4.423686470948379190e-02 9.136334044724275794e-02 2.152357349406587295e-01 3.209268753357126247e-01 2.078787598080181487e-01 7.638861957643081069e-02 -4.140907025239946165e-02
-4.840788790573295752e-02 -4.962847422247231022e-02 1.681226651898663077e-02 3.441282323141206523e-02 -4.362400604211153984e-03 -5.072546926771191733e-02 -3.070499291672339551e-02 7.279517134163371317e-02 2.078787598080181487e-01 3.977428385263602761e-01 2.081538768285371432e-01 6.112643819798275341e-02
4.886208667962339824e-02 -4.594720209806221756e-02 -3.601515336511264265e-02 1.652449451269336761e-02 3.223015690728762983e-02 -5.359804614303109380e-03 -4.726520804751309368e-02 -2.916602362247896693e-02 7.638861957643081069e-02 2.081538768285371432e-01 4.343364199765089584e-01 1.963831623550110206e-01
2.045322520758280915e-01 6.634650570536768099e-02 -4.475181833718039348e-02 -3.794519429032436331e-02 2.766354705561412455e-02 4.454214462479541559e-02 -8.608512192401466742e-03 -4.994820139815449311e-02 -4.140907025239946165e-02 6.112643819798275341e-02 1.963831623550110206e-01 4.160317387981528059e-01
4.182117760932598793e-01 2.038639357456697998e-01 6.731289289402417331e-02 -4.385904531695267172e-02 -4.473780530073559469e-02 9.811931712179063417e-03 4.370060005356474903e-02 2.002436707981419817e-02 -4.168888241671445116e-02 -5.069900501006466276e-02 5.139204812153132934e-02 1.975333615673490473e-01
2.038639357456697998e-01 4.055740058552868565e-01 2.109056992398952723e-01 6.473085611889192736e-02 -4.365236709827698819e-02 -5.017002983496034185e-02 6.155281680567671956e-03 3.971530235692166677e-02 1.851363445354668041e-02 -4.492922160523045438e-02 -5.127060349159093255e-02 5.103533570352304649e-02
6.731289289402417331e-02 2.109056992398952723e-01 4.034560206549429040e-01 2.022774840201145841e-01 5.602950251653585068e-02 -4.780771524390740879e-02 -5.089857788308788100e-02 4.071677142907247776e-03 4.158663169453870323e-02 2.049084984208165289e-02 -4.663073576816659238e-02 -4.541814967046080981e-02
-4.385904531695267172e-02 6.473085611889192736e-02 2.022774840201145841e-01 4.139741139278800830e-01 2.037203304205605081e-01 6.600342707610601378e-02 -4.457941008744138039e-02 -4.666260938629534366e-02 7.849241594238259151e-03 4.240834918209328286e-02 1.616801722284763598e-02 -4.172359680672137194e-02
-4.473780530073559469e-02 -4.365236709827698819e-02 5.602950251653585068e-02 2.037203304205605081e-01 4.335346044226589535e-01 2.045436704489163315e-01 6.395695566518122543e-02 -3.748215196279590378e-02 -4.247416441606011173e-02 9.114250120641150671e-03 3.902071815532261873e-02 1.063500852486856316e-02
9.811931712179063417e-03 -5.017002983496034185e-02 -4.780771524390740879e-02 6.600342707610601378e-02 2.045436704489163315e-01 3.822324246009237703e-01 2.109822687782274553e-01 7.266741337185014804e-02 -4.572302821148464119e-02 -5.234337360845808806e-02 1.211776121655433296e-02 3.973505659309772842e-02
4.370060005356474903e-02 6.155281680567671956e-03 -5.089857788308788100e-02 -4.457941008744138039e-02 6.395695566518122543e-02 2.109822687782274553e-01 3.888579538966784321e-01 2.087678467142465022e-01 5.920915905951954633e-02 -5.320247354327457823e-02 -4.719064169569203715e-02 1.721508713848772867e-02
2.002436707981419817e-02 3.971530235692166677e-02 4.071677142907247776e-03 -4.666260938629534366e-02 -3.748215196279590378e-02 7.266741337185014804e-02 2.087678467142465022e-01 4.216679535150331670e-01 2.006975836956911008e-01 5.487017041279332319e-02 -4.453145672635591690e-02 -3.633332984072185079e-02
-4.168888241671445116e-02 1.851363445354668041e-02 4.158663169453870323e-02 7.849241594238259151e-03 -4.247416441606011173e-02 -4.572302821148464119e-02 5.920915905951954633e-02 2.006975836956911008e-01 4.357997747600839133e-01 2.003027059662188525e-01 5.115583837623980529e-02 -4.136008064996032907e-02
-5.069900501006466276e-02 -4.492922160523045438e-02 2.049084984208165289e-02 4.240834918209328286e-02 9.114250120641150671e-03 -5.234337360845808806e-02 -5.320247354327457823e-02 5.487017041279332319e-02 2.003027059662188525e-01 4.166171938660416796e-01 1.953646474654751053e-01 4.714256052222026705e-02
5.139204812153132934e-02 -5.127060349159093255e-02 -4.663073576816659238e-02 1.616801722284763598e-02 3.902071815532261873e-02 1.211776121655433296e-02 -4.719064169569203715e-02 -4.453145672635591690e-02 5.115583837623980529e-02 1.953646474654751053e-01 4.317985239698213795e-01 1.975548519472496434e-01
1.975333615673490473e-01 5.103533570352304649e-02 -4.541814967046080981e-02 -4.172359680672137194e-02 1.063500852486856316e-02 3.973505659309772842e-02 1.721508713848772867e-02 -3.633332984072185079e-02 -4.136008064996032907e-02 4.714256052222026705e-02 1.975548519472496434e-01 4.482756544374326690e-01
4.016807656564704843e-01 2.146998472469717201e-01 7.734501559968676165e-02 -3.952780100376678679e-02 -4.293142022688749282e-02 1.643839747811137036e-02 3.109950384112491334e-02 -7.053152036580436412e-04 -4.800564283253086484e-02 -3.694046329481080748e-02 6.096809215475008231e-02 2.049659962419265735e-01
2.146998472469717201e-01 4.211314221824403736e-01 2.050004140726259250e-01 4.346479490418689307e-02 -4.926092030781954734e-02 -4.066397939288037694e-02 1.681764272640088806e-02 4.257304513250562833e-02 4.976725860681359935e-03 -4.405453711618524670e-02 -4.091770183134239153e-02 6.602187905777465171e-02
7.734501559968676165e-02 2.050004140726259250e-01 3.745692528114188402e-01 1.950776393928808083e-01 6.156222737339475670e-02 -4.707015562953100613e-02 -3.621405626137250838e-02 2.961584932527355774e-02 4.587388503406389373e-02 5.248613305064875334e-03 -4.958300168759836868e-02 -5.146098131139142245e-02
-3.952780100376678679e-02 4.346479490418689307e-02 1.950776393928808083e-01 4.778893458771028557e-01 1.980812644072215134e-01 3.098040861879799643e-02 -3.683476932610810911e-02 -3.089515454306026795e-02 1.843879679339588407e-02 3.315677477885470292e-02 5.736723266498045849e-03 -4.340798008235369210e-02
-4.293142022688749282e-02 -4.926092030781954734e-02 6.156222737339475670e-02 1.980812644072215134e-01 4.236581233292848747e-01 1.832577592463648930e-01 4.157849702555457827e-02 -4.878986264515276783e-02 -5.011477370428644995e-02 9.255653322933637267e-03 3.683538677621443075e-02 2.030400678833237105e-02
1.643839747811137036e-02 -4.066397939288037694e-02 -4.707015562953100613e-02 3.098040861879799643e-02 1.832577592463648930e-01 4.535769532623239453e-01 1.916142316660436329e-01 4.272456453870954185e-02 -5.170184236463168381e-02 -4.110189854136281351e-02 1.309893024770207928e-02 4.425529712638291008e-02
3.109950384112491334e-02 1.681764272640088806e-02 -3.621405626137250838e-02 -3.683476932610810911e-02 4.157849702555457827e-02 1.916142316660436329e-01 4.513358974077444907e-01 1.992840607744854609e-01 6.908712464753521965e-02 -3.330551345084732662e-02 -3.827003548337547939e-02 4.143269127083949906e-03
-7.053152036580436412e-04 4.257304513250562833e-02 2.961584932527355774e-02 -3.089515454306026795e-02 -4.878986264515276783e-02 4.272456453870954185e-02 1.992840607744854609e-01 4.112618871485658190e-01 2.098250787633589576e-01 6.389518518203129993e-02 -4.262716996708740963e-02 -5.559084660837516900e-02
-4.800564283253086484e-02 4.976725860681359935e-03 4.587388503406389373e-02 1.843879679339588407e-02 -5.011477370428644995e-02 -5.170184236463168381e-02 6.908712464753521965e-02 2.098250787633589576e-01 3.327381415240616147e-01 2.059871096787946887e-01 7.576312300897145025e-02 -4.829186060270906217e-02
-3.694046329481080748e-02 -4.405453711618524670e-02 5.248613305064875334e-03 3.315677477885470292e-02 9.255653322933637267e-03 -4.110189854136281351e-02 -3.330551345084732662e-02 6.389518518203129993e-02 2.059871096787946887e-01 4.404768391164095021e-01 2.074190416323916375e-01 5.709863815511553170e-02
6.096809215475008231e-02 -4.091770183134239153e-02 -4.958300168759836868e-02 5.736723266498045849e-03 3.683538677621443075e-02 1.309893024770207928e-02 -3.827003548337547939e-02 -4.262716996708740963e-02 7.576312300897145025e-02 2.074190416323916375e-01 4.100847466361682847e-01 1.996825676317914022e-01
2.049659962419265735e-01 6.602187905777465171e-02 -5.146098131139142245e-02 -4.340798008235369210e-02 2.030400678833237105e-02 4.425529712638291008e-02 4.143269127083949906e-03 -5.559084660837516900e-02 -4.829186060270906217e-02 5.709863815511553170e-02 1.996825676317914022e-01 4.015966250480230704e-01
4.395889202795963957e-01 1.856569097272858793e-01 4.370207811712484985e-02 -5.360034717602499277e-02 -4.237492683488261469e-02 1.716838755413854084e-02 3.992841016274835397e-02 1.123393032741257236e-02 -4.743821540450788438e-02 -4.928533524291300871e-02 3.965136359969266555e-02 1.885348775666910726e-01
1.856569097272858793e-01 4.475957613679897307e-01 2.038597789301486718e-01 6.703549372118458582e-02 -4.278532462215594440e-02 -4.168075700935137962e-02 1.303910421570775302e-02 3.559565702292952216e-02 1.450119219426747146e-02 -3.686574218582851920e-02 -4.020747711617704556e-02 3.489168692015044704e-02
4.370207811712484985e-02 2.038597789301486718e-01 4.280611550549672240e-01 2.052273071247339709e-01 5.775235865619252063e-02 -4.239025977091000902e-02 -4.322364366480883902e-02 7.087589575635638156e-03 4.034146607884099567e-02 2.368935261613200338e-02 -3.194198239733560263e-02 -4.212740968279618525e-02
-5.360034717602499277e-02 6.703549372118458582e-02 2.052273071247339709e-01 3.563907198506612861e-01 2.091136006804352743e-01 7.512179386401832137e-02 -4.829451480658840390e-02 -5.138650570049811683e-02 4.833882537452190674e-03 4.623367533712387928e-02 2.544179502594010739e-02 -4.300217463671858475e-02
-4.237492683488261469e-02 -4.278532462215594440e-02 5.775235865619252063e-02 2.091136006804352743e-01 4.246431678312623803e-01 2.064483211374918137e-01 4.953663701545082954e-02 -4.250877419104605315e-02 -4.593317958146972413e-02 4.065843827010629657e-03 3.646116462237611322e-02 1.365838966447189759e-02
1.716838755413854084e-02 -4.168075700935137962e-02 -4.239025977091000902e-02 7.512179386401832137e-02 2.064483211374918137e-01 4.269779326721508950e-01 1.925135758296218080e-01 5.486807029781951700e-02 -3.958948578356027981e-02 -4.708441561979508083e-02 1.028266620075645680e-03 3.347946822854583337e-02
3.992841016274835397e-02 1.303910421570775302e-02 -4.322364366480883902e-02 -4.829451480658840390e-02 4.953663701545082954e-02 1.925135758296218080e-01 4.225836147026624801e-01 2.050325989083451317e-01 7.235629149135415494e-02 -4.312615362784087691e-02 -4.805532108087276488e-02 7.622035318758537889e-03
1.123393032741257236e-02 3.559565702292952216e-02 7.087589575635638156e-03 -5.138650570049811683e-02 -4.250877419104605315e-02 5.486807029781951700e-02 2.050325989083451317e-01 4.039423780429665101e-01 2.131616864395887156e-01 7.674872227494586308e-02 -3.864835804057246971e-02 -3.915359600882025587e-02
-4.743821540450788438e-02 1.450119219426747146e-02 4.034146607884099567e-02 4.833882537452190674e-03 -4.593317958146972413e-02 -3.958948578356027981e-02 7.235629149135415494e-02 2.131616864395887156e-01 3.706379184803519911e-01 2.179088137630565969e-01 7.272875550581248127e-02 -4.297832970617060377e-02
-4.928533524291300871e-02 -3.686574218582851920e-02 2.368935261613200338e-02 4.623367533712387928e-02 4.065843827010629657e-03 -4.708441561979508083e-02 -4.312615362784087691e-02 7.674872227494586308e-02 2.179088137630565969e-01 3.794173813723368260e-01 2.018755125325022159e-01 4.746894800193537933e-02
3.965136359969266555e-02 -4.020747711617704556e-02 -3.194198239733560263e-02 2.544179502594010739e-02 3.646116462237611322e-02 1.028266620075645680e-03 -4.805532108087276488e-02 -3.864835804057246971e-02 7.272875550581248127e-02 2.018755125325022159e-01 4.385498158201990848e-01 1.894297984162814641e-01
1.885348775666910726e-01 3.489168692015044704e-02 -4.212740968279618525e-02 -4.300217463671858475e-02 1.365838966447189759e-02 3.347946822854583337e-02 7.622035318758537889e-03 -3.915359600882025587e-02 -4.297832970617060377e-02 4.746894800193537933e-02 1.894297984162814641e-01 4.616112345248775117e-01
4.011062599148188523e-01 1.952203347938619715e-01 4.531815831047827925e-02 -4.721315129079423079e-02 -3.425113397537725424e-02 2.608971361615075590e-02 3.960867929294144274e-02 -3.756111309873039466e-03 -4.969883401124924882e-02 -3.716690306502350161e-02 8.343909340076749448e-02 2.148390038711428807e-01
1.952203347938619715e-01 4.509139810822249128e-01 1.914393391903439490e-01 3.633076407426680254e-02 -4.071584531552654290e-02 -3.243831176197349564e-02 2.427460894576648903e-02 3.891962127109963726e-02 2.148498091762472608e-03 -4.282082452619112578e-02 -4.123968476299413877e-02 6.026961290596897364e-02
4.531815831047827925e-02 1.914393391903439490e-01 4.546289090089247198e-01 1.844412792574712245e-01 3.448576854613967513e-02 -4.255450013637726570e-02 -3.699841070276888022e-02 1.997951871210542490e-02 3.663079848428843488e-02 7.741828654374048081e-03 -4.489661582852004507e-02 -4.779271104181750940e-02
-4.721315129079423079e-02 3.633076407426680254e-02 1.844412792574712245e-01 4.468051632052159050e-01 1.892254458148707741e-01 4.339579215484101055e-02 -5.018518317225806324e-02 -4.655159407962269208e-02 1.588162645432412978e-02 3.864598369043716758e-02 1.530031366879101851e-02 -4.340406583061882928e-02
-3.425113397537725424e-02 -4.071584531552654290e-02 3.448576854613967513e-02 1.892254458148707741e-01 4.508315815700802975e-01 1.952990057735384810e-01 5.191673112834714610e-02 -4.781754958102898273e-02 -4.272070151439330554e-02 9.637944397665729190e-03 3.815167304216785654e-02 2.066636033651859244e-02
2.608971361615075590e-02 -3.243831176197349564e-02 -4.255450013637726570e-02 4.339579215484101055e-02 1.952990057735384810e-01 4.304955229376694614e-01 2.041262172452322499e-01 6.865350037777159797e-02 -4.267665131782708704e-02 -4.540647732968815242e-02 2.782850677649241749e-03 4.107948785061266844e-02
3.960867929294144274e-02 2.427460894576648903e-02 -3.699841070276888022e-02 -5.018518317225806324e-02 5.191673112834714610e-02 2.041262172452322499e-01 3.924741295116335738e-01 2.150842270245447996e-01 7.288520685296474844e-02 -4.068575583130573659e-02 -5.078928135211996375e-02 -3.201991989833765685e-03
-3.756111309873039466e-03 3.891962127109963726e-02 1.997951871210542490e-02 -4.655159407962269208e-02 -4.781754958102898273e-02 6.865350037777159797e-02 2.150842270245447996e-01 3.897234064554140898e-01 2.070743475840838288e-01 6.199912602487300806e-02 -4.134293590894624199e-02 -5.253920990502934651e-02
-4.969883401124924882e-02 2.148498091762472608e-03 3.663079848428843488e-02 1.588162645432412978e-02 -4.272070151439330554e-02 -4.267665131782708704e-02 7.288520685296474844e-02 2.070743475840838288e-01 4.032243943245771289e-01 2.037317325885741326e-01 6.830319892198347120e-02 -4.009624922919197837e-02
-3.716690306502350161e-02 -4.282082452619112578e-02 7.741828654374048081e-03 3.864598369043716758e-02 9.637944397665729190e-03 -4.540647732968815242e-02 -4.068575583130573659e-02 6.199912602487300806e-02 2.037317325885741326e-01 4.281939100842893087e-01 2.040836211966576275e-01 6.843614682435053553e-02
8.343909340076749448e-02 -4.123968476299413877e-02 -4.489661582852004507e-02 1.530031366879101851e-02 3.815167304216785654e-02 2.782850677649241749e-03 -5.078928135211996375e-02 -4.134293590894624199e-02 6.830319892198347120e-02 2.040836211966576275e-01 3.735403028743744525e-01 2.162627261417289504e-01
2.148390038711428807e-01 6.026961290596897364e-02 -4.779271104181750940e-02 -4.340406583061882928e-02 2.066636033651859244e-02 4.107948785061266844e-02 -3.201991989833765685e-03 -5.253920990502934651e-02 -4.009624922919197837e-02 6.843614682435053553e-02 2.162627261417289504e-01 3.780624390308182647e-01
4.620474871437014741e-01 1.976791609512177084e-01 4.786953518468586161e-02 -4.254368745216929870e-02 -3.864246854878133908e-02 8.950559970091233331e-03 3.727613464888249184e-02 2.008378041982588486e-02 -2.805621107556784816e-02 -4.307183999037199340e-02 3.191206388873203681e-02 1.891434313035796899e-01
1.976791609512177084e-01 4.259094258172863579e-01 1.981621193509141010e-01 6.221090519401811791e-02 -4.240873555202163275e-02 -4.755116672634088215e-02 -2.812316426172698728e-03 3.876689258307452340e-02 2.412984600249614558e-02 -4.244376953030879612e-02 -4.951360178817237889e-02 4.709826628155182326e-02
4.786953518468586161e-02 1.981621193509141010e-01 3.902713067763506904e-01 2.131789987878967008e-01 7.299695247043747059e-02 -4.296691191756564498e-02 -5.752622412724595069e-02 -7.155533004525285040e-03 3.724763050061442871e-02 2.983952795196919902e-02 -3.793426781821186700e-02 -5.303378750606010938e-02
-4.254368745216929870e-02 6.221090519401811791e-02 2.131789987878967008e-01 4.187798854762720957e-01 2.024699592242663604e-01 5.855007277031527846e-02 -3.757225535505324260e-02 -4.712745155934234403e-02 -2.542662484295808538e-03 4.415013048515695204e-02 2.161591602698237358e-02 -4.520619629308933463e-02
-3.864246854878133908e-02 -4.240873555202163275e-02 7.299695247043747059e-02 2.024699592242663604e-01 3.912710145013457153e-01 2.108494753555587298e-01 9.073469307667345052e-02 -3.153893934401818394e-02 -4.652655499020477009e-02 -5.018162101024126621e-04 3.694981176848040338e-02 1.855207734417703772e-02
8.950559970091233331e-03 -4.755116672634088215e-02 -4.296691191756564498e-02 5.855007277031527846e-02 2.108494753555587298e-01 4.092357277425086037e-01 2.140096577703012315e-01 6.665321371018814722e-02 -3.647937491306486174e-02 -4.943061634822726313e-02 7.114596719270591813e-03 4.219797326023709549e-02
3.727613464888249184e-02 -2.812316426172698728e-03 -5.752622412724595069e-02 -3.757225535505324260e-02 9.073469307667345052e-02 2.140096577703012315e-01 3.315296297648745449e-01 2.058028499491603713e-01 7.302035503656720272e-02 -5.113598426650246137e-02 -4.657288867139851296e-02 2.001734772815318142e-02
2.008378041982588486e-02 3.876689258307452340e-02 -7.155533004525285040e-03 -4.712745155934234403e-02 -3.153893934401818394e-02 6.665321371018814722e-02 2.058028499491603713e-01 4.162369532975034869e-01 2.088368405013217854e-01 5.301683212023775016e-02 -4.679319544329849090e-02 -4.093704435385740747e-02
-2.805621107556784816e-02 2.412984600249614558e-02 3.724763050061442871e-02 -2.542662484295808538e-03 -4.652655499020477009e-02 -3.647937491306486174e-02 7.302035503656720272e-02 2.088368405013217854e-01 4.396186166266235484e-01 1.903721670882786432e-01 3.984974967646701116e-02 -4.149986401849755507e-02
-4.307183999037199340e-02 -4.244376953030879612e-02 2.983952795196919902e-02 4.415013048515695204e-02 -5.018162101024126621e-04 -4.943061634822726313e-02 -5.113598426650246137e-02 5.301683212023775016e-02 1.903721670882786432e-01 4.292842087198836531e-01 1.960289075745985377e-01 5.101494425557685786e-02
3.191206388873203681e-02 -4.951360178817237889e-02 -3.793426781821186700e-02 2.161591602698237358e-02 3.694981176848040338e-02 7.114596719270591813e-03 -4.657288867139851296e-02 -4.679319544329849090e-02 3.984974967646701116e-02 1.960289075745985377e-01 4.458988615721827253e-01 1.903721655956903680e-01
