4.944007762594522792e-01 1.582087912140457686e-01 -4.640590155030379152e-03 -1.424992874134870663e-02 4.775891219031998800e-04 4.716292837028655122e-03 2.560906392318282191e-04 -1.402245136616374344e-02 -5.433203186294929300e-04 1.577799138209182161e-01
1.582087912140457686e-01 5.106219900595904138e-01 1.609718439226472952e-01 1.204827802740553394e-03 -1.471087505082220928e-02 -3.327135774087628360e-04 4.693980255204968643e-03 -2.739193057286508012e-04 -1.402516360421163233e-02 1.773894090389939709e-03
-4.640590155030379152e-03 1.609718439226472952e-01 4.959268419677337891e-01 1.565669469949890202e-01 1.247653657730584016e-03 -1.382847391708326781e-02 -8.636193560029765959e-04 4.644426684095439260e-03 7.905272436504590366e-04 -1.443643499133374052e-02
-1.424992874134870663e-02 1.204827802740553394e-03 1.565669469949890202e-01 4.981163904139432330e-01 1.580767607483379300e-01 -6.040332511853463079e-06 -1.425634530351509513e-02 -1.027889814936534471e-05 4.661761954880777256e-03 -6.422650380755846140e-05
4.775891219031998800e-04 -1.471087505082220928e-02 1.247653657730584016e-03 1.580767607483379300e-01 5.013218836941383261e-01 1.564321563333689324e-01 2.909386364706254696e-03 -1.406375141036309874e-02 -2.325402737497583687e-04 4.720096160932970956e-03
4.716292837028655122e-03 -3.327135774087628360e-04 -1.382847391708326781e-02 -6.040332511853463079e-06 1.564321563333689324e-01 4.934281428550822413e-01 1.601959532066108138e-01 -1.551208247535136369e-03 -1.434382889556921892e-02 2.781680242132074724e-04
2.560906392318282191e-04 4.693980255204968643e-03 -8.636193560029765959e-04 -1.425634530351509513e-02 2.909386364706254696e-03 1.601959532066108138e-01 5.039217327355305365e-01 1.563535785895530106e-01 -1.211742013688114038e-03 -1.377681754294693937e-02
-1.402245136616374344e-02 -2.739193057286508012e-04 4.644426684095439260e-03 -1.027889814936534471e-05 -1.406375141036309874e-02 -1.551208247535136369e-03 1.563535785895530106e-01 5.020727732616240280e-01 1.579463605548746818e-01 7.388230432066678413e-04
-5.433203186294929300e-04 -1.402516360421163233e-02 7.905272436504590366e-04 4.661761954880777256e-03 -2.325402737497583687e-04 -1.434382889556921892e-02 -1.211742013688114038e-03 1.579463605548746818e-01 4.978188976819896139e-01 1.567536744211390776e-01
1.577799138209182161e-01 1.773894090389939709e-03 -1.443643499133374052e-02 -6.422650380755846140e-05 4.720096160932970956e-03 2.781680242132074724e-04 -1.377681754294693937e-02 7.388230432066678413e-04 1.567536744211390776e-01 5.023705710709100991e-01
4.910178280882596669e-01 1.553254945216955840e-01 2.070525716509174184e-03 -1.443843072995284506e-02 -1.771046841139710967e-04 5.003950335230554318e-03 4.612771002638711617e-04 -1.490958919485498718e-02 -1.214329731042382331e-03 1.624928598415449899e-01
1.553254945216955840e-01 4.949042955318229686e-01 1.640634892656099575e-01 -5.114973388664495642e-03 -1.479100944491230224e-02 5.142547549070810870e-04 4.810049667775431574e-03 -2.258496507736011032e-04 -1.415545469480709168e-02 4.649183427652843134e-03
2.070525716509174184e-03 1.640634892656099575e-01 5.111751961097386054e-01 1.563036231608496696e-01 6.674240376711069143e-04 -1.386643716643483175e-02 4.640591249201188014e-04 4.822016599350310850e-03 -6.421904936453678037e-04 -1.503606996006981618e-02
-1.443843072995284506e-02 -5.114973388664495642e-03 1.563036231608496696e-01 4.981540398909681810e-01 1.588895840257182890e-01 2.438929395642528992e-03 -1.482208601496424680e-02 -7.689605695597581453e-04 4.850671734262676678e-03 -1.132247833722359071e-04
-1.771046841139710967e-04 -1.479100944491230224e-02 6.674240376711069143e-04 1.588895840257182890e-01 4.936760758247406011e-01 1.576405583754824091e-01 -4.617681210559818929e-03 -1.429218407859358247e-02 5.400423707686999395e-04 4.766162912070224036e-03
5.003950335230554318e-03 5.142547549070810870e-04 -1.386643716643483175e-02 2.438929395642528992e-03 1.576405583754824091e-01 5.118356056186661451e-01 1.627156310051413590e-01 4.321096516696043555e-03 -1.468910511319855214e-02 -7.413488950257601210e-05
4.612771002638711617e-04 4.810049667775431574e-03 4.640591249201188014e-04 -1.482208601496424680e-02 -4.617681210559818929e-03 1.627156310051413590e-01 4.891387601401513407e-01 1.567862664551880336e-01 -6.115944505638380019e-04 -1.381019976647469838e-02
-1.490958919485498718e-02 -2.258496507736011032e-04 4.822016599350310850e-03 -7.689605695597581453e-04 -1.429218407859358247e-02 4.321096516696043555e-03 1.567862664551880336e-01 5.022229298093632277e-01 1.590571150645596621e-01 -2.745651833510844540e-03
-1.214329731042382331e-03 -1.415545469480709168e-02 -6.421904936453678037e-04 4.850671734262676678e-03 5.400423707686999395e-04 -1.468910511319855214e-02 -6.115944505638380019e-04 1.590571150645596621e-01 5.042359208373676793e-01 1.558772965361482910e-01
1.624928598415449899e-01 4.649183427652843134e-03 -1.503606996006981618e-02 -1.132247833722359071e-04 4.766162912070224036e-03 -7.413488950257601210e-05 -1.381019976647469838e-02 -2.745651833510844540e-03 1.558772965361482910e-01 5.036393481489203072e-01
5.071453847565964290e-01 1.597733499784004807e-01 2.425858834724527700e-03 -1.414764410399791880e-02 -2.843685653015439775e-04 4.564518668585634820e-03 -2.933865978417964939e-04 -1.384217358562754401e-02 1.493656534535212424e-03 1.569597114277900551e-01
1.597733499784004807e-01 4.942201217725757934e-01 1.564108308511745760e-01 1.111237408201934005e-03 -1.392902171419727574e-02 -3.168363651891688087e-05 4.641477734072956690e-03 4.594036515367559085e-04 -1.430832343546553295e-02 -2.746004649052791353e-03
2.425858834724527700e-03 1.564108308511745760e-01 4.985426887161130693e-01 1.583957232805993098e-01 -9.407262752345747336e-04 -1.403656536735502572e-02 8.700832061461756886e-05 4.571540631414992145e-03 -4.034288500097063393e-04 -1.394213927132683349e-02
-1.414764410399791880e-02 1.111237408201934005e-03 1.583957232805993098e-01 5.015567313331644739e-01 1.566362155315441929e-01 -1.183185072217836104e-03 -1.384754387190433207e-02 3.872663031025296628e-04 4.556689683572564056e-03 -4.983937164922000668e-05
-2.843685653015439775e-04 -1.392902171419727574e-02 -9.407262752345747336e-04 1.566362155315441929e-01 5.028763072637676412e-01 1.579448007487151973e-01 1.656752028529076071e-03 -1.409960335958399154e-02 -2.480206693690520489e-04 4.591341782210977933e-03
4.564518668585634820e-03 -3.168363651891688087e-05 -1.403656536735502572e-02 -1.183185072217836104e-03 1.579448007487151973e-01 4.953531383785426123e-01 1.573428728502201668e-01 -2.135338308273258129e-03 -1.388926354920077232e-02 3.781191464835057751e-04
-2.933865978417964939e-04 4.641477734072956690e-03 8.700832061461756886e-05 -1.384754387190433207e-02 1.656752028529076071e-03 1.573428728502201668e-01 5.056997261037055047e-01 1.583653563817761789e-01 1.496208625024885320e-03 -1.413083955631726923e-02
-1.384217358562754401e-02 4.594036515367559085e-04 4.571540631414992145e-03 3.872663031025296628e-04 -1.409960335958399154e-02 -2.135338308273258129e-03 1.583653563817761789e-01 4.954182874842096296e-01 1.568431293276338623e-01 -1.207539045242919749e-03
1.493656534535212424e-03 -1.430832343546553295e-02 -4.034288500097063393e-04 4.556689683572564056e-03 -2.480206693690520489e-04 -1.388926354920077232e-02 1.496208625024885320e-03 1.568431293276338623e-01 5.039721314195000357e-01 1.582097615427754955e-01
1.569597114277900551e-01 -2.746004649052791353e-03 -1.394213927132683349e-02 -4.983937164922000668e-05 4.591341782210977933e-03 3.781191464835057751e-04 -1.413083955631726923e-02 -1.207539045242919749e-03 1.582097615427754955e-01 4.952154827718316943e-01
4.907380124896064122e-01 1.555626905940111770e-01 -4.367680311170311284e-04 -1.360751777095595833e-02 6.958819247956146269e-05 4.622778719316995855e-03 6.224359244337179017e-04 -1.465115854142951153e-02 -4.051386236748145964e-03 1.636408019080156095e-01
1.555626905940111770e-01 5.023337664499104571e-01 1.586723226682873467e-01 -4.355373398156952777e-04 -1.420356220016731445e-02 -6.036618385725161877e-05 4.654831538513321508e-03 1.247271785304737029e-04 -1.407493230194074678e-02 3.615200328930407055e-03
-4.367680311170311284e-04 1.586723226682873467e-01 5.001987047161295941e-01 1.559429567242298087e-01 -3.079613437728099569e-04 -1.367456305224040020e-02 -2.223125832886404596e-04 4.585510161161756790e-03 5.233246422757817460e-04 -1.475183790179935943e-02
-1.360751777095595833e-02 -4.355373398156952777e-04 1.559429567242298087e-01 5.009859534615448418e-01 1.585860542180759225e-01 9.333140025469017923e-04 -1.411647125179700361e-02 -3.205699947245793310e-04 4.674227915602752886e-03 -4.371814263863024871e-04
6.958819247956146269e-05 -1.420356220016731445e-02 -3.079613437728099569e-04 1.585860542180759225e-01 4.981091258210329498e-01 1.559565473682461567e-01 5.425412137004787623e-04 -1.363432388013851790e-02 -4.773582484735663131e-04 4.788559506219795640e-03
4.622778719316995855e-03 -6.036618385725161877e-05 -1.367456305224040020e-02 9.333140025469017923e-04 1.559565473682461567e-01 4.992303247893498663e-01 1.585309764409666700e-01 3.901454861117182606e-04 -1.452304919566858171e-02 1.896950667529049943e-04
6.224359244337179017e-04 4.654831538513321508e-03 -2.223125832886404596e-04 -1.411647125179700361e-02 5.425412137004787623e-04 1.585309764409666700e-01 4.999771505149321338e-01 1.557073304025645144e-01 1.525722204052027417e-03 -1.405630562045540044e-02
-1.465115854142951153e-02 1.247271785304737029e-04 4.585510161161756790e-03 -3.205699947245793310e-04 -1.363432388013851790e-02 3.901454861117182606e-04 1.557073304025645144e-01 4.964526829716102707e-01 1.605955179929700605e-01 -1.719798368754046642e-03
-4.051386236748145964e-03 -1.407493230194074678e-02 5.233246422757817460e-04 4.674227915602752886e-03 -4.773582484735663131e-04 -1.452304919566858171e-02 1.525722204052027417e-03 1.605955179929700605e-01 5.026651408284155131e-01 1.552684695148805194e-01
1.636408019080156095e-01 3.615200328930407055e-03 -1.475183790179935943e-02 -4.371814263863024871e-04 4.788559506219795640e-03 1.896950667529049943e-04 -1.405630562045540044e-02 -1.719798368754046642e-03 1.552684695148805194e-01 5.093091379574876676e-01
5.113933973527540200e-01 1.689967680970939079e-01 8.423685857336795507e-03 -1.540224438336763521e-02 -8.061867121525820995e-04 4.788185285995309390e-03 2.754278642746119110e-04 -1.384745229207828138e-02 -1.656132122343881600e-03 1.551617847605167300e-01
1.689967680970939079e-01 4.808179436812933805e-01 1.597431575398343129e-01 -1.243771770393678608e-03 -1.446306299403061005e-02 1.256256149882676990e-04 4.929631690312189646e-03 1.093238360727094094e-03 -1.568255282026699560e-02 -3.645371564068096166e-03
8.423685857336795507e-03 1.597431575398343129e-01 5.046901854711771662e-01 1.585640410571551029e-01 -2.881823029308526463e-03 -1.419385790836152211e-02 6.097414753305186678e-04 4.861773252864676903e-03 -8.220646528221975131e-04 -1.504444488709345482e-02
-1.540224438336763521e-02 -1.243771770393678608e-03 1.585640410571551029e-01 5.052641407220630487e-01 1.572833980266608589e-01 1.180115506704745246e-03 -1.393029034194861668e-02 -3.948385563343438306e-04 4.808789483689067910e-03 1.218738206076318579e-04
-8.061867121525820995e-04 -1.446306299403061005e-02 -2.881823029308526463e-03 1.572833980266608589e-01 4.966491757042019173e-01 1.577492857821378436e-01 -5.999520684449245918e-04 -1.404109975771739537e-02 -2.242314069379423565e-04 4.849990442925491627e-03
4.788185285995309390e-03 1.256256149882676990e-04 -1.419385790836152211e-02 1.180115506704745246e-03 1.577492857821378436e-01 5.018950563232946749e-01 1.568256627200636522e-01 8.961190284657033359e-04 -1.394273795935879051e-02 -3.035408739241122057e-05
2.754278642746119110e-04 4.929631690312189646e-03 6.097414753305186678e-04 -1.393029034194861668e-02 -5.999520684449245918e-04 1.568256627200636522e-01 4.985962125297745406e-01 1.576879435422770537e-01 1.767147929470683741e-03 -1.436951903924862418e-02
-1.384745229207828138e-02 1.093238360727094094e-03 4.861773252864676903e-03 -3.948385563343438306e-04 -1.404109975771739537e-02 8.961190284657033359e-04 1.576879435422770537e-01 4.961257823764239072e-01 1.578686824892728269e-01 -1.781825800321343821e-03
-1.656132122343881600e-03 -1.568255282026699560e-02 -8.220646528221975131e-04 4.808789483689067910e-03 -2.242314069379423565e-04 -1.394273795935879051e-02 1.767147929470683741e-03 1.578686824892728269e-01 5.040522026852459758e-01 1.585343434306753507e-01
1.551617847605167300e-01 -3.645371564068096166e-03 -1.504444488709345482e-02 1.218738206076318579e-04 4.849990442925491627e-03 -3.035408739241122057e-05 -1.436951903924862418e-02 -1.781825800321343821e-03 1.585343434306753507e-01 5.005159031537809167e-01
4.912797579463390463e-01 1.585135765031792654e-01 -2.476604166247284907e-03 -1.403585745441923195e-02 5.978601997198723390e-04 4.602375766456005129e-03 -9.815822062038553095e-05 -1.418666666476701282e-02 -1.850764080800886783e-03 1.591780363766092110e-01
1.585135765031792654e-01 5.068884508855160398e-01 1.579390688853315738e-01 1.053691330547145907e-03 -1.408073484551980968e-02 -1.688872524754199357e-04 4.599331437976804035e-03 -1.197097662367411727e-04 -1.404631265751367722e-02 3.550523634664778938e-03
-2.476604166247284907e-03 1.579390688853315738e-01 4.961401166007342045e-01 1.569775438292337899e-01 -1.548291129784720548e-03 -1.386001496481998295e-02 -8.810546373416690898e-05 4.598779749213606841e-03 4.762604018378770979e-04 -1.428452255042471364e-02
-1.403585745441923195e-02 1.053691330547145907e-03 1.569775438292337899e-01 5.039230462728164772e-01 1.581117788903198540e-01 7.923954335852357407e-04 -1.403606607726501018e-02 1.308389828338969599e-04 4.601494991741190282e-03 -5.529576496124061560e-04
5.978601997198723390e-04 -1.408073484551980968e-02 -1.548291129784720548e-03 1.581117788903198540e-01 4.984157109989439394e-01 1.566948450236527735e-01 1.547028657656403933e-03 -1.393077140913493578e-02 -6.764854437471657473e-04 4.635393755618445223e-03
4.602375766456005129e-03 -1.688872524754199357e-04 -1.386001496481998295e-02 7.923954335852357407e-04 1.566948450236527735e-01 4.961427192091435456e-01 1.584278220278135807e-01 -2.408712711189978789e-03 -1.433511236528361293e-02 4.934441663470210109e-04
-9.815822062038553095e-05 4.599331437976804035e-03 -8.810546373416690898e-05 -1.403606607726501018e-02 1.547028657656403933e-03 1.584278220278135807e-01 5.065889595763946041e-01 1.577100457195930727e-01 3.216650099705036046e-03 -1.400078959537252692e-02
-1.418666666476701282e-02 -1.197097662367411727e-04 4.598779749213606841e-03 1.308389828338969599e-04 -1.393077140913493578e-02 -2.408712711189978789e-03 1.577100457195930727e-01 4.920233300463310311e-01 1.594129061118161328e-01 -1.806506128097206711e-03
-1.850764080800886783e-03 -1.404631265751367722e-02 4.762604018378770979e-04 4.601494991741190282e-03 -6.764854437471657473e-04 -1.433511236528361293e-02 3.216650099705036046e-03 1.594129061118161328e-01 5.041789685531651299e-01 1.564135756250035203e-01
1.591780363766092110e-01 3.550523634664778938e-03 -1.428452255042471364e-02 -5.529576496124061560e-04 4.635393755618445223e-03 4.934441663470210109e-04 -1.400078959537252692e-02 -1.806506128097206711e-03 1.564135756250035203e-01 5.044189399106078220e-01
5.027944752351756197e-01 1.569927683134961782e-01 1.548576628956443643e-03 -1.454444429048901664e-02 6.670225613444986327e-04 4.743555216471836977e-03 -1.478172089850167490e-04 -1.447854051585722654e-02 -4.150841166925584198e-04 1.580977825604857889e-01
1.569927683134961782e-01 4.969961946776639272e-01 1.580600144234168836e-01 5.027789783006739264e-04 -1.444930300739207321e-02 4.991559724155001602e-04 4.799213723213128363e-03 -6.474344094875553093e-04 -1.445087358468432823e-02 -1.423733554422125774e-03
1.548576628956443643e-03 1.580600144234168836e-01 4.976961676607455920e-01 1.591828104633354335e-01 -5.119371151861004839e-03 -1.436962678511176025e-02 6.766325935405122401e-04 4.815434268167812989e-03 -2.648604709964329446e-04 -1.429742536763834587e-02
-1.454444429048901664e-02 5.027789783006739264e-04 1.591828104633354335e-01 5.106054200591418901e-01 1.597917745656943223e-01 1.363409754313748721e-04 -1.493679657570029864e-02 -3.279326367385713102e-05 5.384320487608241709e-03 2.219938815248784030e-04
6.670225613444986327e-04 -1.444930300739207321e-02 -5.119371151861004839e-03 1.597917745656943223e-01 4.981601488536235856e-01 1.577407519806073299e-01 1.592592729771700848e-03 -1.405203857086317204e-02 -1.291216344510051866e-04 4.812772943836238215e-03
4.743555216471836977e-03 4.991559724155001602e-04 -1.436962678511176025e-02 1.363409754313748721e-04 1.577407519806073299e-01 4.976062271571417561e-01 1.578488867640103488e-01 2.724559074929503669e-04 -1.459040602349586865e-02 -8.300382304030700601e-04
-1.478172089850167490e-04 4.799213723213128363e-03 6.766325935405122401e-04 -1.493679657570029864e-02 1.592592729771700848e-03 1.578488867640103488e-01 4.986961545572725640e-01 1.565133469615063166e-01 -2.102912582924474499e-03 -1.427660238388141732e-02
-1.447854051585722654e-02 -6.474344094875553093e-04 4.815434268167812989e-03 -3.279326367385713102e-05 -1.405203857086317204e-02 2.724559074929503669e-04 1.565133469615063166e-01 5.063570493375205706e-01 1.609365291097196726e-01 5.019398920366607147e-03
-4.150841166925584198e-04 -1.445087358468432823e-02 -2.648604709964329446e-04 5.384320487608241709e-03 -1.291216344510051866e-04 -1.459040602349586865e-02 -2.102912582924474499e-03 1.609365291097196726e-01 4.888520454736789422e-01 1.586611411359155066e-01
1.580977825604857889e-01 -1.423733554422125774e-03 -1.429742536763834587e-02 2.219938815248784030e-04 4.812772943836238215e-03 -8.300382304030700601e-04 -1.427660238388141732e-02 5.019398920366607147e-03 1.586611411359155066e-01 5.022361169880347198e-01
5.042918777962337451e-01 1.579619950540002149e-01 -3.101920007362311046e-05 -1.407757535079656036e-02 -4.310663481312589779e-05 4.608631589496307857e-03 -4.337264680694992306e-04 -1.407347751803430039e-02 -5.736306204059630348e-04 1.569989298490134244e-01
1.579619950540002149e-01 4.993864887471375358e-01 1.568225816968068786e-01 3.308179903952965500e-04 -1.379387958708444203e-02 -2.766288790862418516e-04 4.560982794120024830e-03 1.070786013705177079e-04 -1.415662851643593144e-02 -2.225544656348317149e-03
-3.101920007362311046e-05 1.568225816968068786e-01 4.996122536036118889e-01 1.576562270598376725e-01 4.361183373680749785e-04 -1.393882882686050748e-02 -1.455213377921140685e-04 4.585225537793587505e-03 3.671422101630365939e-04 -1.380314799907792281e-02
-1.407757535079656036e-02 3.308179903952965500e-04 1.576562270598376725e-01 4.993178914700550641e-01 1.566758133933595643e-01 7.106085444620513416e-04 -1.380581630207998629e-02 3.238094483111957187e-04 4.566979520011137106e-03 3.498328637633308334e-04
-4.310663481312589779e-05 -1.379387958708444203e-02 4.361183373680749785e-04 1.566758133933595643e-01 4.990143477133397454e-01 1.577435835669432351e-01 2.583028494426253645e-04 -1.417170588460499141e-02 -2.107106908416299352e-04 4.543498109665070409e-03
4.608631589496307857e-03 -2.766288790862418516e-04 -1.393882882686050748e-02 7.106085444620513416e-04 1.577435835669432351e-01 4.985215473357854643e-01 1.568219748738209907e-01 -3.040614128407461390e-03 -1.396257530604858889e-02 -3.888011644669059482e-05
-4.337264680694992306e-04 4.560982794120024830e-03 -1.455213377921140685e-04 -1.380581630207998629e-02 2.583028494426253645e-04 1.568219748738209907e-01 5.070956195419995538e-01 1.599874047224669749e-01 2.380993562423251719e-03 -1.417560384929957874e-02
-1.407347751803430039e-02 1.070786013705177079e-04 4.585225537793587505e-03 3.238094483111957187e-04 -1.417170588460499141e-02 -3.040614128407461390e-03 1.599874047224669749e-01 4.945027840420618270e-01 1.562620035159734133e-01 1.719231499451598887e-03
-5.736306204059630348e-04 -1.415662851643593144e-02 3.671422101630365939e-04 4.566979520011137106e-03 -2.107106908416299352e-04 -1.396257530604858889e-02 2.380993562423251719e-03 1.562620035159734133e-01 4.973839347715283687e-01 1.587481071530330579e-01
1.569989298490134244e-01 -2.225544656348317149e-03 -1.380314799907792281e-02 3.498328637633308334e-04 4.543498109665070409e-03 -3.888011644669059482e-05 -1.417560384929957874e-02 1.719231499451598887e-03 1.587481071530330579e-01 5.008732549782429766e-01
5.024873144396847513e-01 1.588863582768847704e-01 2.307787297301732224e-03 -1.428286946508754152e-02 -9.057684872949076235e-05 4.998643962420020945e-03 1.394520260553154360e-03 -1.473481449422252634e-02 -8.490580139780632557e-04 1.563755413804978900e-01
1.588863582768847704e-01 4.953459671556049715e-01 1.566154372378497639e-01 6.423762655883668952e-05 -1.398550602703302684e-02 3.113753012358436351e-05 5.004380798070161285e-03 -2.489596600103410710e-04 -1.434049485555971212e-02 -1.265436523886624828e-03
2.307787297301732224e-03 1.566154372378497639e-01 4.993459627575240201e-01 1.585089285266600423e-01 -2.928966940830888318e-03 -1.445205532982883623e-02 2.312670772692576224e-04 5.124152059758782865e-03 -3.996922977234930972e-04 -1.394235635769520282e-02
-1.428286946508754152e-02 6.423762655883668952e-05 1.585089285266600423e-01 5.068855256637614382e-01 1.580099165777706927e-01 2.057816604995159511e-03 -1.424861122538330187e-02 -1.281938499936509119e-03 5.071506638952045717e-03 2.360148610248770417e-04
-9.057684872949076235e-05 -1.398550602703302684e-02 -2.928966940830888318e-03 1.580099165777706927e-01 4.937844995869890563e-01 1.590510799435321809e-01 -6.771170878234535626e-04 -1.616497650439900624e-02 1.216720098969587861e-03 5.018400206846606801e-03
4.998643962420020945e-03 3.113753012358436351e-05 -1.445205532982883623e-02 2.057816604995159511e-03 1.590510799435321809e-01 5.057008834151995869e-01 1.563196335353022048e-01 6.351158409761840755e-03 -1.587399644435373916e-02 -1.040104346747314484e-03
1.394520260553154360e-03 5.004380798070161285e-03 2.312670772692576224e-04 -1.424861122538330187e-02 -6.771170878234535626e-04 1.563196335353022048e-01 4.811143099314135751e-01 1.735159962288650992e-01 -1.014328182322016096e-02 -1.656960149405675709e-02
-1.473481449422252634e-02 -2.489596600103410710e-04 5.124152059758782865e-03 -1.281938499936509119e-03 -1.616497650439900624e-02 6.351158409761840755e-03 1.735159962288650992e-01 5.254268246101664319e-01 1.636094410581713510e-01 4.486137682757771611e-03
-8.490580139780632557e-04 -1.434049485555971212e-02 -3.996922977234930972e-04 5.071506638952045717e-03 1.216720098969587861e-03 -1.587399644435373916e-02 -1.014328182322016096e-02 1.636094410581713510e-01 4.861244934524407424e-01 1.591753131986113345e-01
1.563755413804978900e-01 -1.265436523886624828e-03 -1.394235635769520282e-02 2.360148610248770417e-04 5.018400206846606801e-03 -1.040104346747314484e-03 -1.656960149405675709e-02 4.486137682757771611e-03 1.591753131986113345e-01 5.037842189872190346e-01
5.106016569868352395e-01 1.585030119648938862e-01 -6.308012012484445112e-04 -1.497357354083308709e-02 5.689305053381129781e-04 4.836844642393044874e-03 -3.420473614987099269e-04 -1.441692311477908370e-02 5.331002625122124687e-03 1.611456146879674811e-01
1.585030119648938862e-01 5.019329498504077058e-01 1.584518447373320371e-01 6.406281633965104153e-03 -1.483331720250379362e-02 -8.596336368634903847e-04 4.824920937364247757e-03 7.013090498599062464e-04 -1.479720879033375076e-02 -4.570609995756087611e-03
-6.308012012484445112e-04 1.584518447373320371e-01 4.847644305076431737e-01 1.658011890981424263e-01 -5.635297370985734369e-03 -1.493771789300064184e-02 5.059020075282507235e-04 4.931829073436080554e-03 -5.100938337773533492e-04 -1.444452877563482188e-02
-1.497357354083308709e-02 6.406281633965104153e-03 1.658011890981424263e-01 5.143437806808429658e-01 1.575928858226401386e-01 9.936995249462910948e-04 -1.397402738488330402e-02 -3.133018723112305061e-04 4.819148476030969512e-03 -2.401224944960429113e-04
5.689305053381129781e-04 -1.483331720250379362e-02 -5.635297370985734369e-03 1.575928858226401386e-01 4.960803109640946618e-01 1.581225317397095820e-01 1.655508652796437545e-03 -1.427197300013905226e-02 9.567938690817854046e-05 4.829638483477656161e-03
4.836844642393044874e-03 -8.596336368634903847e-04 -1.493771789300064184e-02 9.936995249462910948e-04 1.581225317397095820e-01 4.977569501117650175e-01 1.567036859180975239e-01 4.555134155598318264e-04 -1.396684831912321789e-02 3.863950948636250826e-04
-3.420473614987099269e-04 4.824920937364247757e-03 5.059020075282507235e-04 -1.397402738488330402e-02 1.655508652796437545e-03 1.567036859180975239e-01 4.986967671274229463e-01 1.587055535257436145e-01 -2.437431833420948026e-03 -1.437044012254695517e-02
-1.441692311477908370e-02 7.013090498599062464e-04 4.931829073436080554e-03 -3.133018723112305061e-04 -1.427197300013905226e-02 4.555134155598318264e-04 1.587055535257436145e-01 5.042110454606757441e-01 1.566001018807205436e-01 -1.412431168319477730e-03
5.331002625122124687e-03 -1.479720879033375076e-02 -5.100938337773533492e-04 4.819148476030969512e-03 9.567938690817854046e-05 -1.396684831912321789e-02 -2.437431833420948026e-03 1.566001018807205436e-01 5.043233775686242204e-01 1.600979418311471725e-01
1.611456146879674811e-01 -4.570609995756087611e-03 -1.444452877563482188e-02 -2.401224944960429113e-04 4.829638483477656161e-03 3.863950948636250826e-04 -1.437044012254695517e-02 -1.412431168319477730e-03 1.600979418311471725e-01 4.872887307416754465e-01
4.987039910317428437e-01 1.569462163514533659e-01 3.782524579832411034e-04 -1.390596373225184458e-02 -1.303419015070549243e-04 4.670448221981548381e-03 8.062117371695825749e-04 -1.427219496139383106e-02 -2.854133358846324200e-03 1.581968646033040382e-01
1.569462163514533659e-01 4.995458716556152035e-01 1.577175415652798951e-01 -1.153753286261985454e-04 -1.413647809826468031e-02 -3.007772299049582543e-04 4.593982401904660520e-03 -1.277947017800228503e-04 -1.395839182053668082e-02 6.104401139199764964e-05
3.782524579832411034e-04 1.577175415652798951e-01 5.001397182998972291e-01 1.567497693049106910e-01 -1.396108289295875955e-04 -1.382691308364806908e-02 -6.804654874145313684e-04 4.711151118676872376e-03 4.317004457249939454e-04 -1.422664904844148440e-02
-1.390596373225184458e-02 -1.153753286261985454e-04 1.567497693049106910e-01 5.006581499008112557e-01 1.581699115466542183e-01 1.506043487964745528e-03 -1.425083834958940435e-02 -2.380061946156751085e-04 4.654197901913200916e-03 5.977296577105376939e-05
-1.303419015070549243e-04 -1.413647809826468031e-02 -1.396108289295875955e-04 1.581699115466542183e-01 4.977464281802771451e-01 1.562906911457991321e-01 2.515997758567598344e-03 -1.443074062962405348e-02 8.729297344119596761e-05 4.835191562146266137e-03
4.670448221981548381e-03 -3.007772299049582543e-04 -1.382691308364806908e-02 1.506043487964745528e-03 1.562906911457991321e-01 4.949242705587771352e-01 1.604007273286441881e-01 -1.465448153115975465e-03 -1.441516802721456297e-02 8.972570313380724011e-05
8.062117371695825749e-04 4.593982401904660520e-03 -6.804654874145313684e-04 -1.425083834958940435e-02 2.515997758567598344e-03 1.604007273286441881e-01 5.028359943226092810e-01 1.568308207459037651e-01 -2.660737963937291790e-03 -1.408309223316426065e-02
-1.427219496139383106e-02 -1.277947017800228503e-04 4.711151118676872376e-03 -2.380061946156751085e-04 -1.443074062962405348e-02 -1.465448153115975465e-03 1.568308207459037651e-01 5.059920937229627214e-01 1.587796715392395808e-01 2.795508471705238605e-03
-2.854133358846324200e-03 -1.395839182053668082e-02 4.317004457249939454e-04 4.654197901913200916e-03 8.729297344119596761e-05 -1.441516802721456297e-02 -2.660737963937291790e-03 1.587796715392395808e-01 4.924565337210587979e-01 1.581958124012633471e-01
1.581968646033040382e-01 6.104401139199764964e-05 -1.422664904844148440e-02 5.977296577105376939e-05 4.835191562146266137e-03 8.972570313380724011e-05 -1.408309223316426065e-02 2.795508471705238605e-03 1.581958124012633471e-01 5.069969486062518849e-01
5.057724778580747760e-01 1.559384258536237466e-01 3.954636219267955227e-04 -1.367235042520658500e-02 2.804004422381262043e-04 4.609551212794808610e-03 -7.942641297098247872e-05 -1.438588732632391058e-02 1.915038203512899441e-03 1.606315098756370130e-01
1.559384258536237466e-01 4.977721912672430915e-01 1.584611127298868327e-01 -1.545540917697640296e-03 -1.420768211882875165e-02 1.360484387383896357e-04 4.633991306607004174e-03 -2.094716801256411636e-04 -1.400901578977081438e-02 -2.385405664354254933e-03
3.954636219267955227e-04 1.584611127298868327e-01 5.030898115105837398e-01 1.563173464967367865e-01 -8.692648549824152871e-04 -1.393543403670999270e-02 -1.349916959773418885e-04 4.620605060100264894e-03 -2.054774235442347573e-04 -1.444681672266701772e-02
-1.367235042520658500e-02 -1.545540917697640296e-03 1.563173464967367865e-01 5.017665206689759794e-01 1.590471770671063045e-01 1.398167956155056462e-03 -1.415781232686898553e-02 -4.109848156854196879e-04 4.658906149455053353e-03 7.360486236696658219e-04
2.804004422381262043e-04 -1.420768211882875165e-02 -8.692648549824152871e-04 1.590471770671063045e-01 4.970330749882205246e-01 1.561946833004641266e-01 8.605066919853502369e-04 -1.373286041225411057e-02 2.455108501963095121e-04 4.585149384897437008e-03
4.609551212794808610e-03 1.360484387383896357e-04 -1.393543403670999270e-02 1.398167956155056462e-03 1.561946833004641266e-01 4.991666833613343512e-01 1.581380328200794882e-01 5.093169284128511555e-04 -1.426378964615300851e-02 -3.599133843204156691e-04
-7.942641297098247872e-05 4.633991306607004174e-03 -1.349916959773418885e-04 -1.415781232686898553e-02 8.605066919853502369e-04 1.581380328200794882e-01 4.980409228189070503e-01 1.565430233477860811e-01 -2.949167420140843925e-03 -1.386183477820050053e-02
-1.438588732632391058e-02 -2.094716801256411636e-04 4.620605060100264894e-03 -4.109848156854196879e-04 -1.373286041225411057e-02 5.093169284128511555e-04 1.565430233477860811e-01 5.070107538511883227e-01 1.602195533326497001e-01 2.608706082362694054e-03
1.915038203512899441e-03 -1.400901578977081438e-02 -2.054774235442347573e-04 4.658906149455053353e-03 2.455108501963095121e-04 -1.426378964615300851e-02 -2.949167420140843925e-03 1.602195533326497001e-01 4.943177070638468118e-01 1.557434914618023303e-01
1.606315098756370130e-01 -2.385405664354254933e-03 -1.444681672266701772e-02 7.360486236696658219e-04 4.585149384897437008e-03 -3.599133843204156691e-04 -1.386183477820050053e-02 2.608706082362694054e-03 1.557434914618023303e-01 4.960298566116279062e-01
5.093086541442932713e-01 1.586423141675754045e-01 2.496766670260297874e-04 -1.432630321420786008e-02 5.481861209339033937e-05 4.854306373036531425e-03 1.535027177418412433e-05 -1.431623704704133686e-02 2.086956287563780134e-03 1.593010109864110291e-01
1.586423141675754045e-01 4.989737652902104248e-01 1.582599564146502380e-01 2.697203261024746536e-03 -1.423094470004626633e-02 -5.208455431269564187e-04 4.866226267773167760e-03 1.054520062345853069e-03 -1.422952505486842212e-02 -4.217170583448177912e-03
2.496766670260297874e-04 1.582599564146502380e-01 4.940144673230855710e-01 1.575917628885336597e-01 -1.933449409528808930e-03 -1.401720551259175510e-02 4.524990557841858429e-04 4.728227005830649976e-03 -2.773395851650851517e-05 -1.436862488667554547e-02
-1.432630321420786008e-02 2.697203261024746536e-03 1.575917628885336597e-01 5.055437939044904461e-01 1.582137832028123192e-01 1.291659289454212892e-03 -1.445832052308371543e-02 -1.008038712028617003e-03 4.748451637519342759e-03 3.489217719734466223e-04
5.481861209339033937e-05 -1.423094470004626633e-02 -1.933449409528808930e-03 1.582137832028123192e-01 4.953361806016303159e-01 1.571784923057896188e-01 -2.110180239303656013e-03 -1.444487858135129477e-02 8.809751570531469504e-05 4.767945696576224648e-03
4.854306373036531425e-03 -5.208455431269564187e-04 -1.401720551259175510e-02 1.291659289454212892e-03 1.571784923057896188e-01 5.069740698986987537e-01 1.596165608188967189e-01 5.241344171318513406e-03 -1.454641563777311908e-02 -4.852907536376516715e-04
1.535027177418412433e-05 4.866226267773167760e-03 4.524990557841858429e-04 -1.445832052308371543e-02 -2.110180239303656013e-03 1.596165608188967189e-01 4.879736757029120575e-01 1.608152640294110425e-01 -1.419470939961835513e-03 -1.457497689675471206e-02
-1.431623704704133686e-02 1.054520062345853069e-03 4.728227005830649976e-03 -1.008038712028617003e-03 -1.444487858135129477e-02 5.241344171318513406e-03 1.608152640294110425e-01 5.043180604690467028e-01 1.574155030688988710e-01 -1.780936824817610370e-03
2.086956287563780134e-03 -1.422952505486842212e-02 -2.773395851650851517e-05 4.748451637519342759e-03 8.809751570531469504e-05 -1.454641563777311908e-02 -1.419470939961835513e-03 1.574155030688988710e-01 5.037281037626529789e-01 1.573372762266215807e-01
1.593010109864110291e-01 -4.217170583448177912e-03 -1.436862488667554547e-02 3.489217719734466223e-04 4.767945696576224648e-03 -4.852907536376516715e-04 -1.457497689675471206e-02 -1.780936824817610370e-03 1.573372762266215807e-01 4.938292289029842519e-01
4.985829881701717148e-01 1.575385778544275139e-01 1.052681210320563455e-03 -1.391758052389924748e-02 1.059915122480587852e-04 4.714624740827139809e-03 8.168674646324277852e-04 -1.460041000203480058e-02 -3.771484872462500110e-03 1.571332415429386731e-01
1.575385778544275139e-01 4.983132636457073272e-01 1.572488580818861004e-01 -4.279076233914072287e-04 -1.414599525417570974e-02 -1.612102673921663885e-04 4.690713270602723389e-03 -4.626607852437582464e-04 -1.441932757417572000e-02 -2.928247527872587580e-05
1.052681210320563455e-03 1.572488580818861004e-01 5.001061172298554292e-01 1.569336813577744683e-01 -2.223656339522548167e-03 -1.413452181686569026e-02 -3.145940950333663390e-05 4.726872168660815367e-03 3.573673983028375798e-04 -1.396868530978464043e-02
-1.391758052389924748e-02 -4.279076233914072287e-04 1.569336813577744683e-01 5.055864939506216071e-01 1.595839671161849438e-01 2.979264247839053664e-03 -1.412039050589226387e-02 -5.821872218641602507e-04 4.720711968382251822e-03 2.091418958451358209e-04
1.059915122480587852e-04 -1.414599525417570974e-02 -2.223656339522548167e-03 1.595839671161849438e-01 4.928908353840961154e-01 1.573674346435208204e-01 3.281646871283912248e-05 -1.428018535122653129e-02 3.888940608992118146e-04 4.809256060689527656e-03
4.714624740827139809e-03 -1.612102673921663885e-04 -1.413452181686569026e-02 2.979264247839053664e-03 1.573674346435208204e-01 5.018913460706710961e-01 1.571551663779187369e-01 8.970521182795482273e-04 -1.426834359065892038e-02 -6.533509603855957269e-04
8.168674646324277852e-04 4.690713270602723389e-03 -3.145940950333663390e-05 -1.412039050589226387e-02 3.281646871283912248e-05 1.571551663779187369e-01 4.960203109747333139e-01 1.587292255510359684e-01 -3.847594435982250923e-03 -1.491759989107519987e-02
-1.460041000203480058e-02 -4.626607852437582464e-04 4.726872168660815367e-03 -5.821872218641602507e-04 -1.428018535122653129e-02 8.970521182795482273e-04 1.587292255510359684e-01 5.105706862938237389e-01 1.602118702665618066e-01 5.458657296251534161e-03
-3.771484872462500110e-03 -1.441932757417572000e-02 3.573673983028375798e-04 4.720711968382251822e-03 3.888940608992118146e-04 -1.426834359065892038e-02 -3.847594435982250923e-03 1.602118702665618066e-01 4.859343278416308753e-01 1.622652660028685578e-01
1.571332415429386731e-01 -2.928247527872587580e-05 -1.396868530978464043e-02 2.091418958451358209e-04 4.809256060689527656e-03 -6.533509603855957269e-04 -1.491759989107519987e-02 5.458657296251534161e-03 1.622652660028685578e-01 5.101036304386843412e-01
4.993572766745524860e-01 1.578986640610578474e-01 1.090720857637055658e-03 -1.457352299091107736e-02 -6.606773366868967092e-04 4.636190355629813895e-03 2.043321131346679154e-05 -1.391670595109571577e-02 -2.035517946989811363e-03 1.566100372452246536e-01
1.578986640610578474e-01 4.961441643577538807e-01 1.572273566349184915e-01 -4.279190712905810330e-03 -1.443679917980841311e-02 5.678675392632704343e-04 4.629730852345506978e-03 -1.628018614402392255e-04 -1.409843143773414909e-02 3.345867155976104627e-04
1.090720857637055658e-03 1.572273566349184915e-01 5.111707863260618323e-01 1.628059909179822018e-01 5.087861971674713726e-03 -1.458377826929297544e-02 -3.955287110438268161e-04 4.705502718254688660e-03 2.473375585186479231e-04 -1.383830015651632897e-02
-1.457352299091107736e-02 -4.279190712905810330e-03 1.628059909179822018e-01 4.874238158732301374e-01 1.583463284326875886e-01 -1.540725692536587706e-03 -1.397420267550867658e-02 2.503396968109020322e-04 4.633770031517324937e-03 5.505085606199843634e-04
-6.606773366868967092e-04 -1.443679917980841311e-02 5.087861971674713726e-03 1.583463284326875886e-01 5.047663742890470262e-01 1.576062217369369745e-01 -1.500423029726354919e-03 -1.410446965825213998e-02 1.395991359434884706e-05 4.650192596422303079e-03
4.636190355629813895e-03 5.678675392632704343e-04 -1.458377826929297544e-02 -1.540725692536587706e-03 1.576062217369369745e-01 5.020956349136940222e-01 1.571109130354225725e-01 2.562351773493574242e-04 -1.385991935880320075e-02 -4.464191881429486314e-04
2.043321131346679154e-05 4.629730852345506978e-03 -3.955287110438268161e-04 -1.397420267550867658e-02 -1.500423029726354919e-03 1.571109130354225725e-01 4.996510484265856422e-01 1.578867668615590025e-01 1.526450743398924826e-03 -1.408413139706593195e-02
-1.391670595109571577e-02 -1.628018614402392255e-04 4.705502718254688660e-03 2.503396968109020322e-04 -1.410446965825213998e-02 2.562351773493574242e-04 1.578867668615590025e-01 4.974893422187313119e-01 1.566044399238438745e-01 1.119356471300025219e-03
-2.035517946989811363e-03 -1.409843143773414909e-02 2.473375585186479231e-04 4.633770031517324937e-03 1.395991359434884706e-05 -1.385991935880320075e-02 1.526450743398924826e-03 1.566044399238438745e-01 4.974560664239430219e-01 1.587610898737257803e-01
1.566100372452246536e-01 3.345867155976104627e-04 -1.383830015651632897e-02 5.505085606199843634e-04 4.650192596422303079e-03 -4.464191881429486314e-04 -1.408413139706593195e-02 1.119356471300025219e-03 1.587610898737257803e-01 5.044454904964054132e-01
5.019373635974837544e-01 1.567743663992554881e-01 -1.600468348122628236e-03 -1.385302385642580257e-02 -7.060522539380871196e-05 4.515769495974850806e-03 -9.735445213050725839e-05 -1.394742013086003318e-02 2.178290053199213958e-03 1.579398240019127542e-01
1.567743663992554881e-01 5.030954432584759939e-01 1.580965659016176639e-01 1.028414934685703032e-03 -1.397077227307356312e-02 -6.334233460642955027e-05 4.508712551663811643e-03 1.081686616523164983e-04 -1.386392465626450424e-02 -8.386552242153885511e-04
-1.600468348122628236e-03 1.580965659016176639e-01 4.980240180117719850e-01 1.567114590576461075e-01 1.575968811132555511e-03 -1.384000855460306573e-02 -9.695676714123822708e-05 4.514662968079083058e-03 -1.994436056885096498e-05 -1.395926002196209645e-02
-1.385302385642580257e-02 1.028414934685703032e-03 1.567114590576461075e-01 4.967239039186721050e-01 1.581589700970294221e-01 -1.469665894932039056e-03 -1.393506410513650415e-02 1.914407114477356274e-05 4.519694031783577821e-03 7.195430832231060380e-05
-7.060522539380871196e-05 -1.397077227307356312e-02 1.575968811132555511e-03 1.581589700970294221e-01 5.032344235596875048e-01 1.568253448404534345e-01 -4.232042005318720820e-04 -1.382325791664490780e-02 1.964885957640459589e-04 4.511195915884888726e-03
4.515769495974850806e-03 -6.334233460642955027e-05 -1.384000855460306573e-02 -1.469665894932039056e-03 1.568253448404534345e-01 5.008787734592056173e-01 1.575086191344474695e-01 1.537848656175822741e-03 -1.390999724598265125e-02 -4.907482741539295366e-05
-9.735445213050725839e-05 4.508712551663811643e-03 -9.695676714123822708e-05 -1.393506410513650415e-02 -4.232042005318720820e-04 1.575086191344474695e-01 4.964774750705206463e-01 1.573952329882598589e-01 -1.248008049656058448e-03 -1.384991637452966627e-02
