2.531923865909905258e-01 2.234241618420361175e-01 1.446437825785287234e-01 6.565430045846588902e-02 -4.889673769377419175e-03 -5.070906712197376792e-02 -6.811055692484307977e-02 -4.838956300820097117e-02 3.841174219752224814e-03 7.184048397326747715e-02 1.372973909128098191e-01 2.075812417180865899e-01
2.234241618420361175e-01 2.825715307400850085e-01 2.205267184733372410e-01 1.442053548659580353e-01 6.932393477126276571e-02 1.237206448523913999e-03 -4.835578913628671427e-02 -6.623518099066288967e-02 -4.788416785818455645e-02 9.408457911686366219e-04 6.928160372122274535e-02 1.471883976773758207e-01
1.446437825785287234e-01 2.205267184733372410e-01 2.472984200355355655e-01 2.048846280397429442e-01 1.405600969055558203e-01 7.188880752262971630e-02 7.895620187160497933e-03 -4.382709950358124745e-02 -6.433341021973856821e-02 -5.172755371859583118e-02 -3.338933231234417556e-03 6.732411490207593219e-02
6.565430045846588902e-02 1.442053548659580353e-01 2.048846280397429442e-01 2.400985116679676123e-01 2.052800764939622935e-01 1.415213961351264038e-01 7.760764166640912731e-02 6.561472956287164524e-03 -4.852656359724565049e-02 -7.201917306572058752e-02 -5.487695780814448587e-02 -6.877794785896076957e-03
-4.889673769377419175e-03 6.932393477126276571e-02 1.405600969055558203e-01 2.052800764939622935e-01 2.424262495734790246e-01 2.028374951871201037e-01 1.464877844134535589e-01 7.331919441143133764e-02 -2.001067016751334731e-03 -5.697611317554733545e-02 -7.249796987965687056e-02 -5.641526725863483388e-02
-5.070906712197376792e-02 1.237206448523913999e-03 7.188880752262971630e-02 1.415213961351264038e-01 2.028374951871201037e-01 2.327337433559409086e-01 2.074014080802991933e-01 1.415647974111762242e-01 6.462268416725847064e-02 -7.503937883040455448e-03 -5.385747256950150497e-02 -7.007314111479946706e-02
-6.811055692484307977e-02 -4.835578913628671427e-02 7.895620187160497933e-03 7.760764166640912731e-02 1.464877844134535589e-01 2.074014080802991933e-01 2.572671542758496743e-01 2.163665990643718340e-01 1.425810673039850096e-01 6.669840210767460920e-02 -4.553317319116491346e-03 -5.298788138452309449e-02
-4.838956300820097117e-02 -6.623518099066288967e-02 -4.382709950358124745e-02 6.561472956287164524e-03 7.331919441143133764e-02 1.415647974111762242e-01 2.163665990643718340e-01 2.606464483859289305e-01 2.151340347569687395e-01 1.469227502365088311e-01 6.921600098786470645e-02 8.341315241939318594e-04
3.841174219752224814e-03 -4.788416785818455645e-02 -6.433341021973856821e-02 -4.852656359724565049e-02 -2.001067016751334731e-03 6.462268416725847064e-02 1.425810673039850096e-01 2.151340347569687395e-01 2.549571643770948137e-01 2.176471774316514618e-01 1.423065675653105711e-01 7.253236164323331736e-02
7.184048397326747715e-02 9.408457911686366219e-04 -5.172755371859583118e-02 -7.201917306572058752e-02 -5.697611317554733545e-02 -7.503937883040455448e-03 6.669840210767460920e-02 1.469227502365088311e-01 2.176471774316514618e-01 2.630590276065979949e-01 2.072509619591779984e-01 1.432082670091111565e-01
1.372973909128098191e-01 6.928160372122274535e-02 -3.338933231234417556e-03 -5.487695780814448587e-02 -7.249796987965687056e-02 -5.385747256950150497e-02 -4.553317319116491346e-03 6.921600098786470645e-02 1.423065675653105711e-01 2.072509619591779984e-01 2.267919661721340685e-01 1.972956830873603962e-01
2.075812417180865899e-01 1.471883976773758207e-01 6.732411490207593219e-02 -6.877794785896076957e-03 -5.641526725863483388e-02 -7.007314111479946706e-02 -5.298788138452309449e-02 8.341315241939318594e-04 7.253236164323331736e-02 1.432082670091111565e-01 1.972956830873603962e-01 2.389573972183892669e-01
2.712828617417071264e-01 2.162398993871353647e-01 1.403243423509733523e-01 6.838182318221867895e-02 -1.883468874649060331e-03 -5.201600105361268295e-02 -6.889051333565304747e-02 -4.803299535115811147e-02 2.726250622555712651e-03 7.225595072018327347e-02 1.477749024111199294e-01 2.205680811588754953e-01
2.162398993871353647e-01 2.462186138044896444e-01 2.030322969926119381e-01 1.442261018012840346e-01 6.937425726622585553e-02 2.373824956209945498e-03 -4.857540475967368071e-02 -6.505305278363573973e-02 -4.946786864385515486e-02 4.857901375911083701e-04 7.061650633899801965e-02 1.449960837544166659e-01
1.403243423509733523e-01 2.030322969926119381e-01 2.383743443833418740e-01 2.144933196389759988e-01 1.410750996179576944e-01 7.334459517404301465e-02 2.368785117619822723e-03 -4.871410389823467579e-02 -6.943347381241246619e-02 -5.185234559875602500e-02 -3.696370515232117425e-03 6.556951256436770181e-02
6.838182318221867895e-02 1.442261018012840346e-01 2.144933196389759988e-01 2.708856209369576162e-01 2.112990427360150469e-01 1.476052726625150524e-01 7.190344930964467918e-02 -2.864894025767001154e-03 -5.677011395347070222e-02 -7.311495243772475616e-02 -5.619553826804571384e-02 -5.563084175291100469e-03
-1.883468874649060331e-03 6.937425726622585553e-02 1.410750996179576944e-01 2.112990427360150469e-01 2.296333162770808900e-01 2.023481632335629443e-01 1.385645448213147224e-01 6.457023938974040811e-02 -4.052027131539140403e-03 -5.108135863879493394e-02 -6.774268668749143518e-02 -5.100219880074970819e-02
-5.201600105361268295e-02 2.373824956209945498e-03 7.334459517404301465e-02 1.476052726625150524e-01 2.023481632335629443e-01 2.505279680143939203e-01 2.140186464034514457e-01 1.427697747365115066e-01 7.044367096589473909e-02 -8.038438624452192392e-04 -5.062073278346636979e-02 -6.875496406507640434e-02
-6.889051333565304747e-02 -4.857540475967368071e-02 2.368785117619822723e-03 7.190344930964467918e-02 1.385645448213147224e-01 2.140186464034514457e-01 2.601094834741149997e-01 2.145949024923104465e-01 1.487590558731981261e-01 7.185830170961839125e-02 1.762288323960415010e-03 -4.950963970425529409e-02
-4.803299535115811147e-02 -6.505305278363573973e-02 -4.871410389823467579e-02 -2.864894025767001154e-03 6.457023938974040811e-02 1.427697747365115066e-01 2.145949024923104465e-01 2.509586898102723618e-01 2.152345955393322741e-01 1.421360996938889065e-01 7.104847536538806685e-02 2.627446666493448400e-03
2.726250622555712651e-03 -4.946786864385515486e-02 -6.943347381241246619e-02 -5.677011395347070222e-02 -4.052027131539140403e-03 7.044367096589473909e-02 1.487590558731981261e-01 2.152345955393322741e-01 2.594039755524218949e-01 2.074314711389132759e-01 1.418474287086173569e-01 7.167518054379398706e-02
7.225595072018327347e-02 4.857901375911083701e-04 -5.185234559875602500e-02 -7.311495243772475616e-02 -5.108135863879493394e-02 -8.038438624452192392e-04 7.185830170961839125e-02 1.421360996938889065e-01 2.074314711389132759e-01 2.311293213425932858e-01 1.986707678085656292e-01 1.393898804169949324e-01
1.477749024111199294e-01 7.061650633899801965e-02 -3.696370515232117425e-03 -5.619553826804571384e-02 -6.774268668749143518e-02 -5.062073278346636979e-02 1.762288323960415010e-03 7.104847536538806685e-02 1.418474287086173569e-01 1.986707678085656292e-01 2.379629187210714480e-01 2.079581029691740524e-01
2.205680811588754953e-01 1.449960837544166659e-01 6.556951256436770181e-02 -5.563084175291100469e-03 -5.100219880074970819e-02 -6.875496406507640434e-02 -4.950963970425529409e-02 2.627446666493448400e-03 7.167518054379398706e-02 1.393898804169949324e-01 2.079581029691740524e-01 2.535128859415617386e-01
2.626764125409190020e-01 2.149690139990779736e-01 1.465693871884855004e-01 6.436452279986831781e-02 -9.344102770327763346e-03 -5.696337427433129097e-02 -6.939311937760990479e-02 -4.888274780856090296e-02 3.459701205619252450e-03 7.301390686523248630e-02 1.439773215564124076e-01 2.119507093054097679e-01
2.149690139990779736e-01 2.493271675412696842e-01 2.146509677770038482e-01 1.386467894679085378e-01 6.386040963714870178e-02 -6.057299553476930450e-03 -5.232436784549879261e-02 -6.753969436828272110e-02 -4.745972321593304455e-02 2.756355368416306406e-03 7.113035176739605780e-02 1.430390939459564859e-01
1.465693871884855004e-01 2.146509677770038482e-01 2.657799433083557483e-01 2.142190827992915825e-01 1.456724125975039363e-01 6.903297902611393866e-02 -1.964849604287087666e-03 -5.225911089785128388e-02 -6.847701610580347875e-02 -5.070654108798738902e-02 -6.486821241428687625e-04 6.947120431375580774e-02
6.436452279986831781e-02 1.386467894679085378e-01 2.142190827992915825e-01 2.486205089880356156e-01 2.141774302307841438e-01 1.436272385394291029e-01 6.968567586535392988e-02 4.823627473614700879e-04 -4.922841378683312508e-02 -6.766017323058470812e-02 -5.224232146483983458e-02 -5.457508739700591381e-03
-9.344102770327763346e-03 6.386040963714870178e-02 1.456724125975039363e-01 2.141774302307841438e-01 2.619352899880886820e-01 2.140841904032645959e-01 1.432305993001659616e-01 7.137959011565729595e-02 7.884535887373897260e-04 -5.040763897399875432e-02 -7.028243649076665323e-02 -5.646801317834507228e-02
-5.696337427433129097e-02 -6.057299553476930450e-03 6.903297902611393866e-02 1.436272385394291029e-01 2.140841904032645959e-01 2.460516515343375565e-01 2.041564862183794793e-01 1.418950192039675207e-01 7.063997420472552247e-02 2.007278521784544752e-03 -4.929472401435558426e-02 -6.975934230682520609e-02
-6.939311937760990479e-02 -5.232436784549879261e-02 -1.964849604287087666e-03 6.968567586535392988e-02 1.432305993001659616e-01 2.041564862183794793e-01 2.373099552999960726e-01 2.069856368175120864e-01 1.427680847529578523e-01 7.289073128078440988e-02 3.438403209083196535e-03 -4.775159402526994029e-02
-4.888274780856090296e-02 -6.753969436828272110e-02 -5.225911089785128388e-02 4.823627473614700879e-04 7.137959011565729595e-02 1.418950192039675207e-01 2.069856368175120864e-01 2.529395070994965300e-01 2.134959862290854715e-01 1.474479370919442311e-01 7.435266713386538828e-02 4.069908530681506237e-03
3.459701205619252450e-03 -4.745972321593304455e-02 -6.847701610580347875e-02 -4.922841378683312508e-02 7.884535887373897260e-04 7.063997420472552247e-02 1.427680847529578523e-01 2.134959862290854715e-01 2.515508612107891784e-01 2.113859470637861615e-01 1.433793041052889572e-01 7.197485066953157595e-02
7.301390686523248630e-02 2.756355368416306406e-03 -5.070654108798738902e-02 -6.766017323058470812e-02 -5.040763897399875432e-02 2.007278521784544752e-03 7.289073128078440988e-02 1.474479370919442311e-01 2.113859470637861615e-01 2.472154637222374884e-01 2.054342137223285902e-01 1.407427160902311736e-01
1.439773215564124076e-01 7.113035176739605780e-02 -6.486821241428687625e-04 -5.224232146483983458e-02 -7.028243649076665323e-02 -4.929472401435558426e-02 3.438403209083196535e-03 7.435266713386538828e-02 1.433793041052889572e-01 2.054342137223285902e-01 2.373106815761030775e-01 2.020265072162693021e-01
2.119507093054097679e-01 1.430390939459564859e-01 6.947120431375580774e-02 -5.457508739700591381e-03 -5.646801317834507228e-02 -6.975934230682520609e-02 -4.775159402526994029e-02 4.069908530681506237e-03 7.197485066953157595e-02 1.407427160902311736e-01 2.020265072162693021e-01 2.392825571903670623e-01
2.442723277034036800e-01 2.047103878778704367e-01 1.380130895572804772e-01 6.095780749805216475e-02 -1.194367206993114661e-02 -5.595825230937989669e-02 -7.352673837550458003e-02 -5.178776429692695527e-02 3.861298462916789957e-03 7.785496703727558254e-02 1.475637388687036922e-01 2.085232277268077028e-01
2.047103878778704367e-01 2.420292500788035206e-01 2.106140874360649118e-01 1.424308168169728384e-01 6.480921552872474789e-02 -8.455889328399478905e-03 -5.776290591234717331e-02 -6.943648883058350929e-02 -4.444152305378866463e-02 9.586215880973487230e-03 7.691376101706554058e-02 1.424195729122442744e-01
1.380130895572804772e-01 2.106140874360649118e-01 2.664287087620907934e-01 2.271222038296153989e-01 1.520136283319768744e-01 6.478457688083845423e-02 -5.237529541211703374e-03 -5.126798725242855820e-02 -6.344333484228448228e-02 -4.524240567466313728e-02 2.984237217831862618e-03 6.715472361853871974e-02
6.095780749805216475e-02 1.424308168169728384e-01 2.271222038296153989e-01 2.810989164994335265e-01 2.282664688156817723e-01 1.379647873082505138e-01 6.794388748148583179e-02 1.307900868107195148e-03 -4.600725345573992986e-02 -6.662634326833663523e-02 -5.257034739965659592e-02 -7.779654281115906157e-03
-1.194367206993114661e-02 6.480921552872474789e-02 1.520136283319768744e-01 2.282664688156817723e-01 2.658818787582284404e-01 1.967000297603778425e-01 1.395414816690725146e-01 7.272794750722016976e-02 5.332218971636945061e-03 -4.876429612976546091e-02 -7.084060396669938919e-02 -5.840420624833959212e-02
-5.595825230937989669e-02 -8.455889328399478905e-03 6.478457688083845423e-02 1.379647873082505138e-01 1.967000297603778425e-01 2.052970388292416071e-01 1.918076357331542914e-01 1.389522252794138379e-01 7.286150063521326659e-02 5.243160752720191914e-03 -4.685897616411987404e-02 -6.768151434241877207e-02
-7.352673837550458003e-02 -5.776290591234717331e-02 -5.237529541211703374e-03 6.794388748148583179e-02 1.395414816690725146e-01 1.918076357331542914e-01 2.495037099162201455e-01 2.185521110419632873e-01 1.499314692013727079e-01 7.572195665062603220e-02 1.107070054173510659e-04 -5.265968330875490239e-02
-5.178776429692695527e-02 -6.943648883058350929e-02 -5.126798725242855820e-02 1.307900868107195148e-03 7.272794750722016976e-02 1.389522252794138379e-01 2.185521110419632873e-01 2.640661922904447012e-01 2.151570268012813203e-01 1.457702100335520334e-01 6.781414376342877193e-02 -2.230665395267995149e-03
3.861298462916789957e-03 -4.444152305378866463e-02 -6.344333484228448228e-02 -4.600725345573992986e-02 5.332218971636945061e-03 7.286150063521326659e-02 1.499314692013727079e-01 2.151570268012813203e-01 2.451687272250867300e-01 2.070474533464936595e-01 1.378386802267279054e-01 6.845698846513115221e-02
7.785496703727558254e-02 9.586215880973487230e-03 -4.524240567466313728e-02 -6.662634326833663523e-02 -4.876429612976546091e-02 5.243160752720191914e-03 7.572195665062603220e-02 1.457702100335520334e-01 2.070474533464936595e-01 2.478161799542522026e-01 2.073275650452485186e-01 1.442524041203332719e-01
1.475637388687036922e-01 7.691376101706554058e-02 2.984237217831862618e-03 -5.257034739965659592e-02 -7.084060396669938919e-02 -4.685897616411987404e-02 1.107070054173510659e-04 6.781414376342877193e-02 1.378386802267279054e-01 2.073275650452485186e-01 2.438590052405372466e-01 2.083028409630682809e-01
2.085232277268077028e-01 1.424195729122442744e-01 6.715472361853871974e-02 -7.779654281115906157e-03 -5.840420624833959212e-02 -6.768151434241877207e-02 -5.265968330875490239e-02 -2.230665395267995149e-03 6.845698846513115221e-02 1.442524041203332719e-01 2.083028409630682809e-01 2.445780647422591547e-01
2.610771494212449362e-01 2.172255669112039544e-01 1.399891479665644756e-01 6.841332672189980035e-02 -1.830860569486749334e-03 -5.145686206271680996e-02 -6.776539324225240579e-02 -5.098871647897927628e-02 -4.066598849908759084e-03 6.528779812881609079e-02 1.454142319228318159e-01 2.175463305351466037e-01
2.172255669112039544e-01 2.576740931629658560e-01 2.057399301303273476e-01 1.439185953149604014e-01 6.942170730847797844e-02 -6.076317967732274439e-05 -5.106975312956570090e-02 -6.977611835813030128e-02 -5.635622762201240171e-02 -5.880186631957989331e-03 6.833979524395208949e-02 1.462553892943705969e-01
1.399891479665644756e-01 2.057399301303273476e-01 2.325487753912757749e-01 2.076940405155653369e-01 1.402313601832756995e-01 7.107414208195772520e-02 8.011995753925182972e-04 -4.945735564868077722e-02 -7.023330656880970302e-02 -5.285539288508158545e-02 -5.268991645686362663e-03 6.619691592364175536e-02
6.841332672189980035e-02 1.439185953149604014e-01 2.076940405155653369e-01 2.612640187667016889e-01 2.142024437004411697e-01 1.487050457803276438e-01 7.223749361465933716e-02 8.507816210782720347e-05 -5.234337231434689486e-02 -6.936156446432290013e-02 -5.578001386807338036e-02 -4.386622929343762280e-03
-1.830860569486749334e-03 6.942170730847797844e-02 1.402313601832756995e-01 2.142024437004411697e-01 2.463931122759711045e-01 2.117968469348661120e-01 1.417197925502785838e-01 6.891903127725088063e-02 1.787085059419262151e-03 -4.663007977594048337e-02 -6.805120367573574969e-02 -5.173889015518748358e-02
-5.145686206271680996e-02 -6.076317967732274439e-05 7.107414208195772520e-02 1.487050457803276438e-01 2.117968469348661120e-01 2.558295190849362299e-01 2.098619676213822338e-01 1.418685165316634078e-01 7.429146803943965927e-02 5.059837698864281738e-03 -4.775766433085341933e-02 -6.786976800183125436e-02
-6.776539324225240579e-02 -5.106975312956570090e-02 8.011995753925182972e-04 7.223749361465933716e-02 1.417197925502785838e-01 2.098619676213822338e-01 2.417154928416556658e-01 2.034391407781445948e-01 1.456834510109514536e-01 7.383268954355715064e-02 5.643264313868362990e-03 -4.762607027271958948e-02
-5.098871647897927628e-02 -6.977611835813030128e-02 -4.945735564868077722e-02 8.507816210782720347e-05 6.891903127725088063e-02 1.418685165316634078e-01 2.034391407781445948e-01 2.384751795732763247e-01 2.106357601769838217e-01 1.418175116262324620e-01 7.381716976015378906e-02 1.621342547789963789e-03
-4.066598849908759084e-03 -5.635622762201240171e-02 -7.023330656880970302e-02 -5.234337231434689486e-02 1.787085059419262151e-03 7.429146803943965927e-02 1.456834510109514536e-01 2.106357601769838217e-01 2.570904056121273151e-01 2.075202457896053176e-01 1.456496535738220355e-01 6.972606404010386894e-02
6.528779812881609079e-02 -5.880186631957989331e-03 -5.285539288508158545e-02 -6.936156446432290013e-02 -4.663007977594048337e-02 5.059837698864281738e-03 7.383268954355715064e-02 1.418175116262324620e-01 2.075202457896053176e-01 2.328102259021522791e-01 2.057327274853596177e-01 1.392045404133332165e-01
1.454142319228318159e-01 6.833979524395208949e-02 -5.268991645686362663e-03 -5.578001386807338036e-02 -6.805120367573574969e-02 -4.775766433085341933e-02 5.643264313868362990e-03 7.381716976015378906e-02 1.456496535738220355e-01 2.057327274853596177e-01 2.562279684420614712e-01 2.154720306646192851e-01
2.175463305351466037e-01 1.462553892943705969e-01 6.619691592364175536e-02 -4.386622929343762280e-03 -5.173889015518748358e-02 -6.786976800183125436e-02 -4.762607027271958948e-02 1.621342547789963789e-03 6.972606404010386894e-02 1.392045404133332165e-01 2.154720306646192851e-01 2.588940595256230548e-01
2.498219108277869027e-01 2.067298233925638773e-01 1.385271692762898021e-01 6.432454902415404852e-02 -1.015195900771513442e-02 -5.848854495542385457e-02 -7.053801383190137775e-02 -4.950834522441144303e-02 4.047651059500168881e-03 7.530566866010432459e-02 1.487884531107183661e-01 2.111204634121831014e-01
2.067298233925638773e-01 2.444081922193204193e-01 2.098681845140688562e-01 1.454967832478277212e-01 6.278864456048412201e-02 -1.341466921467271423e-02 -6.051964203369801509e-02 -7.247414959879622254e-02 -4.760143287716522842e-02 1.603742352261916049e-03 7.058806301312539611e-02 1.394784001702774057e-01
1.385271692762898021e-01 2.098681845140688562e-01 2.588749863589867584e-01 2.266719182940929445e-01 1.449132635480596398e-01 5.987040696624262859e-02 -1.271281137054972553e-02 -5.719357853111835255e-02 -6.628855128155697329e-02 -5.105532828094880293e-02 -3.777783526793408644e-03 6.357761197566731692e-02
6.432454902415404852e-02 1.454967832478277212e-01 2.266719182940929445e-01 2.891361003739397195e-01 2.251768272545809912e-01 1.417922757841498793e-01 6.244837825631308764e-02 -4.467851813552864947e-03 -4.837860007515490390e-02 -6.893284597351902188e-02 -5.599865594024625720e-02 -8.238827838029131115e-03
-1.015195900771513442e-02 6.278864456048412201e-02 1.449132635480596398e-01 2.251768272545809912e-01 2.571679474044252789e-01 2.082082149349710476e-01 1.392148446219343971e-01 7.298391461379138967e-02 8.191568366999885109e-03 -4.252619686720358894e-02 -6.634981978795724544e-02 -5.479694879213670849e-02
-5.848854495542385457e-02 -1.341466921467271423e-02 5.987040696624262859e-02 1.417922757841498793e-01 2.082082149349710476e-01 2.432991842106370095e-01 2.061468521364851758e-01 1.479204608471993976e-01 7.843952633043771439e-02 1.416893304916223492e-02 -4.011910353069775281e-02 -6.531942464404803805e-02
-7.053801383190137775e-02 -6.051964203369801509e-02 -1.271281137054972553e-02 6.244837825631308764e-02 1.392148446219343971e-01 2.061468521364851758e-01 2.438040798278897081e-01 2.116288010387311624e-01 1.425023090780017654e-01 7.957342779901635521e-02 1.194263742656857981e-02 -4.291855826205850932e-02
-4.950834522441144303e-02 -7.247414959879622254e-02 -5.719357853111835255e-02 -4.467851813552864947e-03 7.298391461379138967e-02 1.479204608471993976e-01 2.116288010387311624e-01 2.494059302581740079e-01 1.977647145493844627e-01 1.425043019274476186e-01 7.620698578632577325e-02 6.165970315634520041e-03
4.047651059500168881e-03 -4.760143287716522842e-02 -6.628855128155697329e-02 -4.837860007515490390e-02 8.191568366999885109e-03 7.843952633043771439e-02 1.425023090780017654e-01 1.977647145493844627e-01 2.123879563437216511e-01 1.921370920470144295e-01 1.388781802726676562e-01 7.147611373947185265e-02
7.530566866010432459e-02 1.603742352261916049e-03 -5.105532828094880293e-02 -6.893284597351902188e-02 -4.252619686720358894e-02 1.416893304916223492e-02 7.957342779901635521e-02 1.425043019274476186e-01 1.921370920470144295e-01 2.391755472954907313e-01 2.125360653614655759e-01 1.466959462101343759e-01
1.487884531107183661e-01 7.058806301312539611e-02 -3.777783526793408644e-03 -5.599865594024625720e-02 -6.634981978795724544e-02 -4.011910353069775281e-02 1.194263742656857981e-02 7.620698578632577325e-02 1.388781802726676562e-01 2.125360653614655759e-01 2.616263097192255138e-01 2.166339239456759880e-01
2.111204634121831014e-01 1.394784001702774057e-01 6.357761197566731692e-02 -8.238827838029131115e-03 -5.479694879213670849e-02 -6.531942464404803805e-02 -4.291855826205850932e-02 6.165970315634520041e-03 7.147611373947185265e-02 1.466959462101343759e-01 2.166339239456759880e-01 2.508918551603939173e-01
2.502542559250264809e-01 2.078148436525195653e-01 1.391360620582394736e-01 6.722574625839453089e-02 1.443005635842003153e-04 -4.828130216603732094e-02 -6.804117358144590177e-02 -5.486093413206609426e-02 -7.144552327936828928e-03 6.615436332396111563e-02 1.459761284819096061e-01 2.185421271557707046e-01
2.078148436525195653e-01 2.432567546210294140e-01 2.048105737227214895e-01 1.406453707071439740e-01 7.339356093727703034e-02 3.730857882326662871e-03 -4.847450631586598668e-02 -7.021602545598275291e-02 -5.561590389953727231e-02 -3.406263523230401366e-03 7.087647489238493859e-02 1.465716662436581941e-01
1.391360620582394736e-01 2.048105737227214895e-01 2.430461596334937691e-01 2.082293106281788708e-01 1.486331616859521421e-01 7.439253755328692486e-02 3.472240615642503692e-03 -4.956753083699320245e-02 -6.965929639521800665e-02 -5.175387915394676769e-02 -1.343401450556430633e-03 6.964893351607917560e-02
6.722574625839453089e-02 1.406453707071439740e-01 2.082293106281788708e-01 2.490642827058451025e-01 2.170190082605537585e-01 1.444454518834669410e-01 7.158062716918012214e-02 1.779423174846406263e-03 -4.889347525082374246e-02 -6.667118783532656467e-02 -5.119924919292483112e-02 -1.847324388187559369e-03
1.443005635842003153e-04 7.339356093727703034e-02 1.486331616859521421e-01 2.170190082605537585e-01 2.633636296983447034e-01 2.096838230382989943e-01 1.416214867727696447e-01 7.078479091943726265e-02 1.982910377855056326e-03 -4.912057924672479092e-02 -6.962583098663932546e-02 -5.285187978974652950e-02
-4.828130216603732094e-02 3.730857882326662871e-03 7.439253755328692486e-02 1.444454518834669410e-01 2.096838230382989943e-01 2.329254281559407225e-01 1.984986162047403246e-01 1.396467178752898997e-01 7.240249915389662672e-02 2.850004418321023386e-03 -4.983714274140645106e-02 -6.873675589716697620e-02
-6.804117358144590177e-02 -4.847450631586598668e-02 3.472240615642503692e-03 7.158062716918012214e-02 1.416214867727696447e-01 1.984986162047403246e-01 2.370328627655363951e-01 2.086106927458805937e-01 1.473185370724219012e-01 7.286605406609603097e-02 -5.217251617503785091e-04 -5.316316956853052444e-02
-5.486093413206609426e-02 -7.021602545598275291e-02 -4.956753083699320245e-02 1.779423174846406263e-03 7.078479091943726265e-02 1.396467178752898997e-01 2.086106927458805937e-01 2.555896178962293597e-01 2.185706664252956566e-01 1.453584538702621942e-01 6.808885108257491103e-02 -5.905245736889925753e-03
-7.144552327936828928e-03 -5.561590389953727231e-02 -6.965929639521800665e-02 -4.889347525082374246e-02 1.982910377855056326e-03 7.240249915389662672e-02 1.473185370724219012e-01 2.185706664252956566e-01 2.615875423170212488e-01 2.111799814217390492e-01 1.405413287117695531e-01 6.456220563537209967e-02
6.615436332396111563e-02 -3.406263523230401366e-03 -5.175387915394676769e-02 -6.667118783532656467e-02 -4.912057924672479092e-02 2.850004418321023386e-03 7.286605406609603097e-02 1.453584538702621942e-01 2.111799814217390492e-01 2.417988151800842256e-01 2.061681883920272185e-01 1.411719627631294049e-01
1.459761284819096061e-01 7.087647489238493859e-02 -1.343401450556430633e-03 -5.119924919292483112e-02 -6.962583098663932546e-02 -4.983714274140645106e-02 -5.217251617503785091e-04 6.808885108257491103e-02 1.405413287117695531e-01 2.061681883920272185e-01 2.523409327225556442e-01 2.183713622192382520e-01
2.185421271557707046e-01 1.465716662436581941e-01 6.964893351607917560e-02 -1.847324388187559369e-03 -5.285187978974652950e-02 -6.873675589716697620e-02 -5.316316956853052444e-02 -5.905245736889925753e-03 6.456220563537209967e-02 1.411719627631294049e-01 2.183713622192382520e-01 2.697397183788889929e-01
2.396730025992976909e-01 2.093795101377330103e-01 1.370467385256464721e-01 7.405786817488942131e-02 -4.243005077477534151e-04 -5.467740572621829220e-02 -7.171855105601920854e-02 -4.834544710924171956e-02 6.996083815583658064e-03 7.800650051815145869e-02 1.419389827404145266e-01 2.034129158089575395e-01
2.093795101377330103e-01 2.551349876725202970e-01 2.028254472498718930e-01 1.516338133599149374e-01 6.680481373499629061e-02 -9.698730705117078466e-03 -6.054841857864459720e-02 -7.059012753043489297e-02 -4.405805836570556022e-02 5.829985182502538457e-03 7.313195956782782281e-02 1.426740569863258756e-01
1.370467385256464721e-01 2.028254472498718930e-01 2.257136829578622605e-01 2.175105815681270260e-01 1.348400159885574379e-01 5.939049962046885622e-02 -1.072344151439102479e-02 -5.331207990275547981e-02 -6.170984257009803214e-02 -4.666724148552703344e-02 3.520317754647757716e-03 6.828016566964259515e-02
7.405786817488942131e-02 1.516338133599149374e-01 2.175105815681270260e-01 2.998471035233017390e-01 2.195508452294057111e-01 1.443562624771839720e-01 6.351242266090367794e-02 -9.122999033556268567e-03 -5.504160371939424007e-02 -7.525930439829002505e-02 -5.108918491461827971e-02 1.524797257500821925e-03
-4.243005077477534151e-04 6.680481373499629061e-02 1.348400159885574379e-01 2.195508452294057111e-01 2.349924769147515857e-01 2.058945417906941910e-01 1.394898619690853325e-01 6.661642950130912399e-02 -1.466947304467045889e-03 -5.168186439780420027e-02 -6.343183302828296621e-02 -4.651295175457405284e-02
-5.467740572621829220e-02 -9.698730705117078466e-03 5.939049962046885622e-02 1.443562624771839720e-01 2.058945417906941910e-01 2.615015217581044826e-01 2.214425162927919077e-01 1.489592485690803825e-01 6.997904101458715664e-02 1.093872519750980609e-03 -4.643619756596455150e-02 -6.628801319221191979e-02
-7.171855105601920854e-02 -6.054841857864459720e-02 -1.072344151439102479e-02 6.351242266090367794e-02 1.394898619690853325e-01 2.214425162927919077e-01 2.682269140657635442e-01 2.180866237110990480e-01 1.394715444535374604e-01 7.304593110291476843e-02 3.550961199647823495e-03 -4.849262601895578534e-02
-4.834544710924171956e-02 -7.059012753043489297e-02 -5.331207990275547981e-02 -9.122999033556268567e-03 6.661642950130912399e-02 1.489592485690803825e-01 2.180866237110990480e-01 2.474364391467213375e-01 1.943527350459956227e-01 1.427402450512268439e-01 7.102690080645679416e-02 3.620885254920322167e-03
6.996083815583658064e-03 -4.405805836570556022e-02 -6.170984257009803214e-02 -5.504160371939424007e-02 -1.466947304467045889e-03 6.997904101458715664e-02 1.394715444535374604e-01 1.943527350459956227e-01 2.142875442658506713e-01 2.042736078686990531e-01 1.388129503623886929e-01 7.280102336213264969e-02
7.800650051815145869e-02 5.829985182502538457e-03 -4.666724148552703344e-02 -7.525930439829002505e-02 -5.168186439780420027e-02 1.093872519750980609e-03 7.304593110291476843e-02 1.427402450512268439e-01 2.042736078686990531e-01 2.713474205153879604e-01 2.174379222813594414e-01 1.501983309197348349e-01
1.419389827404145266e-01 7.313195956782782281e-02 3.520317754647757716e-03 -5.108918491461827971e-02 -6.343183302828296621e-02 -4.643619756596455150e-02 3.550961199647823495e-03 7.102690080645679416e-02 1.388129503623886929e-01 2.174379222813594414e-01 2.421505688645470000e-01 2.050610619689507419e-01
2.034129158089575395e-01 1.426740569863258756e-01 6.828016566964259515e-02 1.524797257500821925e-03 -4.651295175457405284e-02 -6.628801319221191979e-02 -4.849262601895578534e-02 3.620885254920322167e-03 7.280102336213264969e-02 1.501983309197348349e-01 2.050610619689507419e-01 2.396883377158910977e-01
2.473176783160795922e-01 2.128405197494484258e-01 1.434958336553178726e-01 6.681119769847901346e-02 -8.318765809920412087e-04 -4.850536628631745700e-02 -6.447720582627737562e-02 -4.852271572474386313e-02 -1.727184940503860870e-03 6.574048771088658594e-02 1.421744993073697783e-01 2.147867014884911607e-01
2.128405197494484258e-01 2.643968385167183577e-01 2.201661991953915432e-01 1.428386100363202016e-01 7.265619751768113976e-02 8.736678324342908326e-04 -5.056409788669048722e-02 -7.101675672976610898e-02 -5.659187772035120106e-02 -9.257991846200247163e-03 6.222883109310250321e-02 1.426065980000374156e-01
1.434958336553178726e-01 2.201661991953915432e-01 2.597346345649190757e-01 2.049397017418485289e-01 1.443023727302234493e-01 6.989808679532649727e-02 -1.089104155525552099e-03 -5.317384197662718137e-02 -7.242951344523680668e-02 -5.772236120853566077e-02 -1.095909573851171909e-02 6.453574887114266190e-02
6.681119769847901346e-02 1.428386100363202016e-01 2.049397017418485289e-01 2.264554187194319224e-01 2.034783119500980231e-01 1.386700907728933563e-01 6.838489073474780799e-02 6.552188831390256141e-04 -4.810883780354088118e-02 -6.690256377446385239e-02 -5.508240372494625781e-02 -6.263878337562348367e-03
-8.318765809920412087e-04 7.265619751768113976e-02 1.443023727302234493e-01 2.034783119500980231e-01 2.571148215901716827e-01 2.150636006582890836e-01 1.470267369511728539e-01 7.430118732092902412e-02 3.914305226808491127e-03 -4.748104128566144749e-02 -7.035767222581884583e-02 -5.533530268178062095e-02
-4.850536628631745700e-02 8.736678324342908326e-04 6.989808679532649727e-02 1.386700907728933563e-01 2.150636006582890836e-01 2.534053673349945246e-01 2.127375376419178843e-01 1.460731495981243133e-01 7.416528383407952618e-02 5.877036556746840015e-03 -4.640389238723253984e-02 -6.736503482051726943e-02
-6.447720582627737562e-02 -5.056409788669048722e-02 -1.089104155525552099e-03 6.838489073474780799e-02 1.470267369511728539e-01 2.127375376419178843e-01 2.499383700566362443e-01 2.094343941725380631e-01 1.426906627718177445e-01 7.331385915344021398e-02 6.796595959015319308e-03 -4.552215749423291213e-02
-4.852271572474386313e-02 -7.101675672976610898e-02 -5.317384197662718137e-02 6.552188831390256141e-04 7.430118732092902412e-02 1.460731495981243133e-01 2.094343941725380631e-01 2.436039628879582974e-01 2.029295220241059128e-01 1.399882487827928124e-01 7.473729351594093906e-02 5.407419730602479671e-03
-1.727184940503860870e-03 -5.659187772035120106e-02 -7.242951344523680668e-02 -4.810883780354088118e-02 3.914305226808491127e-03 7.416528383407952618e-02 1.426906627718177445e-01 2.029295220241059128e-01 2.328092333536329883e-01 1.984065990523645184e-01 1.431497757171755203e-01 7.364637903659881912e-02
6.574048771088658594e-02 -9.257991846200247163e-03 -5.772236120853566077e-02 -6.690256377446385239e-02 -4.748104128566144749e-02 5.877036556746840015e-03 7.331385915344021398e-02 1.399882487827928124e-01 1.984065990523645184e-01 2.331887092772392533e-01 2.089714214898621969e-01 1.461862631505412846e-01
1.421744993073697783e-01 6.222883109310250321e-02 -1.095909573851171909e-02 -5.508240372494625781e-02 -7.035767222581884583e-02 -4.640389238723253984e-02 6.796595959015319308e-03 7.473729351594093906e-02 1.431497757171755203e-01 2.089714214898621969e-01 2.608082761451282483e-01 2.223836096608588497e-01
2.147867014884911607e-01 1.426065980000374156e-01 6.453574887114266190e-02 -6.263878337562348367e-03 -5.533530268178062095e-02 -6.736503482051726943e-02 -4.552215749423291213e-02 5.407419730602479671e-03 7.364637903659881912e-02 1.461862631505412846e-01 2.223836096608588497e-01 2.712266892370848170e-01
2.420902724373059645e-01 2.154112147229410024e-01 1.462714422782424584e-01 6.532101855990118944e-02 -1.075093041502208843e-02 -5.851720349507657376e-02 -6.860939184131448210e-02 -4.515283429531466441e-02 7.020816012119795654e-03 7.327367253105665501e-02 1.372548442873626762e-01 2.022544310066169138e-01
2.154112147229410024e-01 2.695324947440740360e-01 2.217434498577730284e-01 1.426654262393768913e-01 6.046372649368335350e-02 -1.304772458529507122e-02 -5.786289445931908082e-02 -6.914126883708823779e-02 -4.643391471486735950e-02 4.081792549735016075e-03 7.141879408251489147e-02 1.449825546969959467e-01
1.462714422782424584e-01 2.217434498577730284e-01 2.620819097026707567e-01 2.130360122862343109e-01 1.399388799618372647e-01 6.221399803431537645e-02 -7.269544330235869212e-03 -5.375636183304441373e-02 -6.699889486760582380e-02 -4.889436075442707419e-02 1.830640619543743046e-03 7.176535255915499067e-02
6.532101855990118944e-02 1.426654262393768913e-01 2.130360122862343109e-01 2.526611813024278175e-01 2.147232991953426651e-01 1.438981660082708780e-01 6.863895682402912368e-02 -1.146715537957350949e-03 -4.977754848752577455e-02 -6.822981141793875437e-02 -5.052247713776843174e-02 -3.800099274495987930e-03
-1.075093041502208843e-02 6.046372649368335350e-02 1.399388799618372647e-01 2.147232991953426651e-01 2.645009693664859829e-01 2.196763305109397379e-01 1.465516144535766729e-01 7.185890744776610162e-02 9.831088168514659238e-04 -5.050100035348416283e-02 -6.860582049780701575e-02 -5.671034910698222881e-02
-5.851720349507657376e-02 -1.304772458529507122e-02 6.221399803431537645e-02 1.438981660082708780e-01 2.196763305109397379e-01 2.588993081002658458e-01 2.105364507738152202e-01 1.420682094083424163e-01 6.957478617048273861e-02 1.926745797963523490e-03 -4.772041731635906503e-02 -7.025204218756439523e-02
-6.860939184131448210e-02 -5.786289445931908082e-02 -7.269544330235869212e-03 6.863895682402912368e-02 1.465516144535766729e-01 2.105364507738152202e-01 2.399965058787078553e-01 2.025348584689726783e-01 1.389167186304658963e-01 7.310279290027138499e-02 5.718506980794468147e-03 -4.616440497012636035e-02
-4.515283429531466441e-02 -6.914126883708823779e-02 -5.375636183304441373e-02 -1.146715537957350949e-03 7.185890744776610162e-02 1.420682094083424163e-01 2.025348584689726783e-01 2.392900181903423740e-01 2.047212270281094648e-01 1.471444018737768367e-01 7.627220394515010771e-02 8.041763033779743275e-03
7.020816012119795654e-03 -4.643391471486735950e-02 -6.699889486760582380e-02 -4.977754848752577455e-02 9.831088168514659238e-04 6.957478617048273861e-02 1.389167186304658963e-01 2.047212270281094648e-01 2.436838418847035170e-01 2.144124777862864706e-01 1.455497086903430604e-01 7.651496873176538704e-02
7.327367253105665501e-02 4.081792549735016075e-03 -4.889436075442707419e-02 -6.822981141793875437e-02 -5.050100035348416283e-02 1.926745797963523490e-03 7.310279290027138499e-02 1.471444018737768367e-01 2.144124777862864706e-01 2.605874008919352169e-01 2.094224922736084571e-01 1.445621883169802557e-01
1.372548442873626762e-01 7.141879408251489147e-02 1.830640619543743046e-03 -5.052247713776843174e-02 -6.860582049780701575e-02 -4.772041731635906503e-02 5.718506980794468147e-03 7.627220394515010771e-02 1.455497086903430604e-01 2.094224922736084571e-01 2.317531005859254090e-01 1.983654254792169558e-01
2.022544310066169138e-01 1.449825546969959467e-01 7.176535255915499067e-02 -3.800099274495987930e-03 -5.671034910698222881e-02 -7.025204218756439523e-02 -4.616440497012636035e-02 8.041763033779743275e-03 7.651496873176538704e-02 1.445621883169802557e-01 1.983654254792169558e-01 2.349229969151613306e-01
2.793566396290511622e-01 2.219019332278886203e-01 1.423136972973565451e-01 6.683798762211944078e-02 -2.516959429282393523e-03 -5.149790440634607891e-02 -6.750612272856953977e-02 -5.777320719799143578e-02 -1.124325356316495210e-02 6.151685950032335926e-02 1.456881488015083215e-01 2.221098149453786530e-01
2.219019332278886203e-01 2.526635917829763711e-01 2.037673736366167332e-01 1.402121274623014668e-01 6.916802020104295678e-02 5.071163451246006766e-03 -4.386078193374013529e-02 -6.923840631094010933e-02 -5.785809137581305467e-02 -9.767180487511637269e-03 6.621359388008270230e-02 1.457926436000756276e-01
1.423136972973565451e-01 2.037673736366167332e-01 2.342462297250343939e-01 2.064600931000046824e-01 1.416008453487841989e-01 7.864559948132662792e-02 1.033493721989107127e-02 -4.360339984097938437e-02 -6.747160260435688950e-02 -5.503060836502982056e-02 -7.137731511509186159e-03 6.534014897757670082e-02
6.683798762211944078e-02 1.402121274623014668e-01 2.064600931000046824e-01 2.550553713703103687e-01 2.106687946024069225e-01 1.521612936917515202e-01 7.777309968695635123e-02 9.319102748909621065e-03 -4.544069064360765214e-02 -6.849369755331047305e-02 -5.679865624555616166e-02 -6.432258746245273634e-03
-2.516959429282393523e-03 6.916802020104295678e-02 1.416008453487841989e-01 2.106687946024069225e-01 2.391270635556338453e-01 2.090058521235841904e-01 1.380414334322332126e-01 7.362276894758418289e-02 6.226223255133500611e-03 -4.559233621150518556e-02 -6.856849263348016588e-02 -5.228290598260246225e-02
-5.149790440634607891e-02 5.071163451246006766e-03 7.864559948132662792e-02 1.521612936917515202e-01 2.090058521235841904e-01 2.493878431146203667e-01 1.974848024638454214e-01 1.421310232222599279e-01 7.413014918207022630e-02 3.960684649099427759e-03 -5.075710275203756255e-02 -6.947345675703406331e-02
-6.750612272856953977e-02 -4.386078193374013529e-02 1.033493721989107127e-02 7.777309968695635123e-02 1.380414334322332126e-01 1.974848024638454214e-01 2.155519112417625949e-01 1.979937248236038894e-01 1.412568159606835683e-01 7.172783206190305738e-02 1.389604747664799442e-03 -5.004415856244724681e-02
-5.777320719799143578e-02 -6.923840631094010933e-02 -4.360339984097938437e-02 9.319102748909621065e-03 7.362276894758418289e-02 1.421310232222599279e-01 1.979937248236038894e-01 2.525301947300397365e-01 2.185160014462368405e-01 1.484944824619759407e-01 7.195846730892699328e-02 -5.419045251228024433e-03
-1.124325356316495210e-02 -5.785809137581305467e-02 -6.747160260435688950e-02 -4.544069064360765214e-02 6.226223255133500611e-03 7.413014918207022630e-02 1.412568159606835683e-01 2.185160014462368405e-01 2.635459616724629139e-01 2.155766358500517121e-01 1.444593977794176032e-01 6.241289765484613755e-02
6.151685950032335926e-02 -9.767180487511637269e-03 -5.503060836502982056e-02 -6.849369755331047305e-02 -4.559233621150518556e-02 3.960684649099427759e-03 7.172783206190305738e-02 1.484944824619759407e-01 2.155766358500517121e-01 2.489440285991977864e-01 2.101285305367593392e-01 1.360799983562129556e-01
1.456881488015083215e-01 6.621359388008270230e-02 -7.137731511509186159e-03 -5.679865624555616166e-02 -6.856849263348016588e-02 -5.075710275203756255e-02 1.389604747664799442e-03 7.195846730892699328e-02 1.444593977794176032e-01 2.101285305367593392e-01 2.554672295551205785e-01 2.116723004369837624e-01
