4.957362761752488467e-01 3.158625274589280663e-01 -1.736392488059422534e-02 -1.139474346926826615e-01 7.269884332967441708e-03 8.330403907723488155e-02 1.392914470475271676e-03 -8.349993582519533997e-02 4.932728794706082998e-03 1.145012544877558325e-01 -1.675118781060846995e-02 -3.190435355214699120e-01
3.158625274589280663e-01 5.408681331959745986e-01 3.169590969482609655e-01 -6.417682970076415971e-03 -1.149479845558899482e-01 -2.181233413654883654e-03 8.358888416175910829e-02 -1.013185378487796223e-03 -8.348504121479911888e-02 2.821004684605490139e-03 1.143352134558539845e-01 1.184925373479436134e-02
-1.736392488059422534e-02 3.169590969482609655e-01 4.915910562502125436e-01 3.174762815056401122e-01 1.069359726591637139e-02 -1.139522600633041255e-01 -1.593970558562308668e-02 8.367970619514056296e-02 9.296887363437492113e-03 -8.395753571411058991e-02 -4.532386694419451856e-03 1.144584310184507403e-01
-1.139474346926826615e-01 -6.417682970076415971e-03 3.174762815056401122e-01 4.923678192706463230e-01 3.180144581292499995e-01 9.292010478609651764e-03 -1.147158990048187388e-01 3.848841270065465523e-04 8.357960842361039644e-02 -3.898206070314335497e-03 -8.326866949253992900e-02 -5.886285565848642896e-03
7.269884332967441708e-03 -1.149479845558899482e-01 1.069359726591637139e-02 3.180144581292499995e-01 4.940258777642026478e-01 3.166669033719252679e-01 1.366098276929651051e-02 -1.147267654898309341e-01 -5.144162118048054705e-03 8.375866764789369201e-02 7.783272578365599270e-04 -8.368337851137595818e-02
8.330403907723488155e-02 -2.181233413654883654e-03 -1.139522600633041255e-01 9.292010478609651764e-03 3.166669033719252679e-01 4.774391531006374478e-01 3.180636069686136880e-01 -5.163023620036535227e-03 -1.150233471641313732e-01 9.058752488430670685e-03 8.332822324186028862e-02 7.946868851361702651e-04
1.392914470475271676e-03 8.358888416175910829e-02 -1.593970558562308668e-02 -1.147158990048187388e-01 1.366098276929651051e-02 3.180636069686136880e-01 5.098588147968925455e-01 3.167278599444782738e-01 -7.887262538659817190e-03 -1.137606546283554537e-01 7.703628611969912804e-03 8.367481055325512451e-02
-8.349993582519533997e-02 -1.013185378487796223e-03 8.367970619514056296e-02 3.848841270065465523e-04 -1.147267654898309341e-01 -5.163023620036535227e-03 3.167278599444782738e-01 5.134372972913539002e-01 3.181599448360987736e-01 -1.134392022381489756e-02 -1.148601624303609986e-01 -3.885196184675161063e-03
4.932728794706082998e-03 -8.348504121479911888e-02 9.296887363437492113e-03 8.357960842361039644e-02 -5.144162118048054705e-03 -1.150233471641313732e-01 -7.887262538659817190e-03 3.181599448360987736e-01 4.990150353397649341e-01 3.170290375142260086e-01 -2.836406099765173636e-04 -1.144440589178513240e-01
1.145012544877558325e-01 2.821004684605490139e-03 -8.395753571411058991e-02 -3.898206070314335497e-03 8.375866764789369201e-02 9.058752488430670685e-03 -1.137606546283554537e-01 -1.134392022381489756e-02 3.170290375142260086e-01 5.209558087196500820e-01 3.175820357700875896e-01 9.982391042518466359e-03
-1.675118781060846995e-02 1.143352134558539845e-01 -4.532386694419451856e-03 -8.326866949253992900e-02 7.783272578365599270e-04 8.332822324186028862e-02 7.703628611969912804e-03 -1.148601624303609986e-01 -2.836406099765173636e-04 3.175820357700875896e-01 4.680787032304399298e-01 3.161105018203986261e-01
-3.190435355214699120e-01 1.184925373479436134e-02 1.144584310184507403e-01 -5.886285565848642896e-03 -8.368337851137595818e-02 7.946868851361702651e-04 8.367481055325512451e-02 -3.885196184675161063e-03 -1.144440589178513240e-01 9.982391042518466359e-03 3.161105018203986261e-01 4.966260248649430054e-01
5.243405929366025120e-01 3.173949285894565042e-01 2.140934203480187280e-03 -1.144197346650610986e-01 5.061910637736047325e-03 8.402375035680770266e-02 -5.165025954991900835e-03 -8.374280440823414495e-02 5.164310589565046170e-03 1.146203506030489261e-01 4.993242418833706599e-03 -3.170198244412156807e-01
3.173949285894565042e-01 4.976855898984745008e-01 3.173340062470310086e-01 1.269568062911458593e-03 -1.147128168757109157e-01 -1.189489967639269577e-02 8.378153388454320782e-02 6.356963105497537986e-03 -8.382766977573832823e-02 -2.921399871493200826e-03 1.147101709451151530e-01 1.459553063912076218e-02
2.140934203480187280e-03 3.173340062470310086e-01 4.813757636448465216e-01 3.172355949690307542e-01 -3.403921966095221907e-03 -1.152232072054669709e-01 6.303707076268831068e-03 8.378926395480104650e-02 -7.081386576929051685e-03 -8.348099343451739762e-02 3.540000560814456250e-04 1.147725649866369879e-01
-1.144197346650610986e-01 1.269568062911458593e-03 3.172355949690307542e-01 5.317591752443606712e-01 3.169565132947163577e-01 6.842480391718991188e-03 -1.144052049397196041e-01 -1.966808358301397677e-03 8.333571624904109743e-02 -2.118977089876541292e-04 -8.339817378458150299e-02 -7.434131420609945383e-03
5.061910637736047325e-03 -1.147128168757109157e-01 -3.403921966095221907e-03 3.169565132947163577e-01 4.676184634935197648e-01 3.170394637847971930e-01 3.578351197256633351e-03 -1.146444165840412865e-01 -9.470679077248184922e-06 8.348478940515735580e-02 6.844603455720778273e-03 -8.306466995916993168e-02
8.402375035680770266e-02 -1.189489967639269577e-02 -1.152232072054669709e-01 6.842480391718991188e-03 3.170394637847971930e-01 5.066938826741367308e-01 3.174584444986748299e-01 -8.619215379221936355e-03 -1.144903973056078106e-01 8.546714055906623475e-03 8.417021863634920054e-02 -2.200040630056881996e-03
-5.165025954991900835e-03 8.378153388454320782e-02 6.303707076268831068e-03 -1.144052049397196041e-01 3.578351197256633351e-03 3.174584444986748299e-01 5.119810610584335508e-01 3.176971612874721074e-01 -4.705026015124045419e-03 -1.148117200261822846e-01 -7.078553042110667833e-03 8.321026826446464852e-02
-8.374280440823414495e-02 6.356963105497537986e-03 8.378926395480104650e-02 -1.966808358301397677e-03 -1.146444165840412865e-01 -8.619215379221936355e-03 3.176971612874721074e-01 4.952928388627980127e-01 3.174370436096786707e-01 -9.284328586945764673e-04 -1.147847391997676991e-01 -3.849750011440863755e-03
5.164310589565046170e-03 -8.382766977573832823e-02 -7.081386576929051685e-03 8.333571624904109743e-02 -9.470679077248184922e-06 -1.144903973056078106e-01 -4.705026015124045419e-03 3.174370436096786707e-01 5.152579339868611497e-01 3.176033120811797006e-01 1.033252362207627909e-02 -1.143343793029422406e-01
1.146203506030489261e-01 -2.921399871493200826e-03 -8.348099343451739762e-02 -2.118977089876541292e-04 8.348478940515735580e-02 8.546714055906623475e-03 -1.148117200261822846e-01 -9.284328586945764673e-04 3.176033120811797006e-01 4.769015059145800262e-01 3.167566434543355181e-01 1.303068971086749142e-02
4.993242418833706599e-03 1.147101709451151530e-01 3.540000560814456250e-04 -8.339817378458150299e-02 6.844603455720778273e-03 8.417021863634920054e-02 -7.078553042110667833e-03 -1.147847391997676991e-01 1.033252362207627909e-02 3.167566434543355181e-01 4.913933672938888830e-01 3.181130229763499129e-01
-3.170198244412156807e-01 1.459553063912076218e-02 1.147725649866369879e-01 -7.434131420609945383e-03 -8.306466995916993168e-02 -2.200040630056881996e-03 8.321026826446464852e-02 -3.849750011440863755e-03 -1.143343793029422406e-01 1.303068971086749142e-02 3.181130229763499129e-01 4.996998249914372803e-01
5.194336164266426525e-01 3.176410554371884576e-01 -1.029514869838439074e-02 -1.143756386383527612e-01 6.400169182860512146e-03 8.309081717572530668e-02 -3.093150719579631364e-03 -8.335417816096593602e-02 4.113777821819415356e-03 1.144803204890637305e-01 -3.610266093021338892e-03 -3.174012099002197496e-01
3.176410554371884576e-01 4.909011220864846203e-01 3.174180137539914792e-01 -5.569488818190650690e-03 -1.146380084649260278e-01 9.240507593332600300e-03 8.369199328936280380e-02 -3.449488433682921726e-03 -8.364095021484325987e-02 4.553763041433355613e-03 1.148357445205172717e-01 1.399178486996399857e-03
-1.029514869838439074e-02 3.174180137539914792e-01 5.255308419151261123e-01 3.171577421878259417e-01 -9.204201009165056263e-03 -1.142651774256993324e-01 2.191672967064770688e-03 8.336311241275219663e-02 -2.381337392187361009e-03 -8.339404180607860873e-02 1.934040132888551443e-04 1.144964317078969729e-01
-1.143756386383527612e-01 -5.569488818190650690e-03 3.171577421878259417e-01 4.910212377583615395e-01 3.178796540942647741e-01 -2.988259566033114531e-03 -1.149821283169711605e-01 -3.377947899193452404e-03 8.386580126424908466e-02 2.769181287374019012e-03 -8.379112364061522267e-02 -8.796460960827331629e-03
6.400169182860512146e-03 -1.146380084649260278e-01 -9.204201009165056263e-03 3.178796540942647741e-01 5.170089968401730962e-01 3.171976738659941786e-01 2.099146960831515781e-04 -1.145043337312822151e-01 1.426403009070023728e-03 8.339311022015799546e-02 3.807277440545670660e-04 -8.333141070704630504e-02
8.309081717572530668e-02 9.240507593332600300e-03 -1.142651774256993324e-01 -2.988259566033114531e-03 3.171976738659941786e-01 4.939114624943691800e-01 3.176593090226115801e-01 1.022445917633116666e-02 -1.150875676831577543e-01 -7.581151734486351462e-03 8.382002504044887281e-02 1.287105090979816235e-02
-3.093150719579631364e-03 8.369199328936280380e-02 2.191672967064770688e-03 -1.149821283169711605e-01 2.099146960831515781e-04 3.176593090226115801e-01 4.868149621838202545e-01 3.174319464838272209e-01 -9.224752287362232876e-04 -1.146576429919729800e-01 1.760332048446437703e-04 8.351842622782161552e-02
-8.335417816096593602e-02 -3.449488433682921726e-03 8.336311241275219663e-02 -3.377947899193452404e-03 -1.145043337312822151e-01 1.022445917633116666e-02 3.174319464838272209e-01 5.045667702587324221e-01 3.178062797505429860e-01 3.721975968160350697e-04 -1.149747698298113352e-01 -8.401412157035357403e-03
4.113777821819415356e-03 -8.364095021484325987e-02 -2.381337392187361009e-03 8.386580126424908466e-02 1.426403009070023728e-03 -1.150875676831577543e-01 -9.224752287362232876e-04 3.178062797505429860e-01 4.998742125411345660e-01 3.174598440683170653e-01 2.481008756278418621e-03 -1.144739826792786075e-01
1.144803204890637305e-01 4.553763041433355613e-03 -8.339404180607860873e-02 2.769181287374019012e-03 8.339311022015799546e-02 -7.581151734486351462e-03 -1.146576429919729800e-01 3.721975968160350697e-04 3.174598440683170653e-01 4.969591655319705592e-01 3.178000838024670482e-01 1.346001164531161580e-02
-3.610266093021338892e-03 1.148357445205172717e-01 1.934040132888551443e-04 -8.379112364061522267e-02 3.807277440545670660e-04 8.382002504044887281e-02 1.760332048446437703e-04 -1.149747698298113352e-01 2.481008756278418621e-03 3.178000838024670482e-01 4.895374527178479873e-01 3.172057907034130375e-01
-3.174012099002197496e-01 1.399178486996399857e-03 1.144964317078969729e-01 -8.796460960827331629e-03 -8.333141070704630504e-02 1.287105090979816235e-02 8.351842622782161552e-02 -8.401412157035357403e-03 -1.144739826792786075e-01 1.346001164531161580e-02 3.172057907034130375e-01 4.844401592453430605e-01
4.960921178357265982e-01 3.180543019831389984e-01 -7.540477903903448475e-04 -1.152071132539347204e-01 1.770954138352600488e-02 8.280929439900153177e-02 2.694688410891724929e-03 -8.296100223649997829e-02 3.600568524066313954e-03 1.142540918164320629e-01 -6.165448878487426489e-03 -3.172068851662038225e-01
3.180543019831389984e-01 4.912778070954028076e-01 3.170238006280909904e-01 -1.237327917309521963e-02 -1.124073714389860063e-01 1.145138758975373927e-02 8.435014200886781222e-02 -1.004160719782607597e-02 -8.373727170879188830e-02 8.702973117729686375e-03 1.148740476682378886e-01 -8.654783853511073544e-03
-7.540477903903448475e-04 3.170238006280909904e-01 5.202212382036627281e-01 3.172483755737999789e-01 -3.208716945537273824e-02 -1.135934180922132941e-01 -1.343770300485697296e-04 8.269116825383367175e-02 -4.099324104117231873e-03 -8.295321151651313674e-02 4.131552763013012289e-03 1.142908039907072903e-01
-1.152071132539347204e-01 -1.237327917309521963e-02 3.172483755737999789e-01 5.258676393206913602e-01 3.163460303232766835e-01 -3.238394039758050926e-03 -1.151506428117138603e-01 3.089590494973789951e-03 8.403258104852390220e-02 -2.715118560054578106e-04 -8.415457380496593753e-02 -3.509126070245223265e-03
1.770954138352600488e-02 -1.124073714389860063e-01 -3.208716945537273824e-02 3.163460303232766835e-01 5.271073586346943785e-01 3.163744231235745552e-01 2.247603932685365499e-02 -1.142238585444393106e-01 -1.146925294474574614e-02 8.291606976856809308e-02 1.119890848292037777e-02 -8.244790634127534268e-02
8.280929439900153177e-02 1.145138758975373927e-02 -1.135934180922132941e-01 -3.238394039758050926e-03 3.163744231235745552e-01 4.421012012511552070e-01 3.147381282070311204e-01 1.057029541490863561e-02 -1.137896196320486858e-01 -7.670934041285869601e-03 8.303665828947444372e-02 8.639942780195201261e-03
2.694688410891724929e-03 8.435014200886781222e-02 -1.343770300485697296e-04 -1.151506428117138603e-01 2.247603932685365499e-02 3.147381282070311204e-01 5.077404359560302449e-01 3.186555376152812036e-01 -1.059494122686316375e-02 -1.156625930352496445e-01 7.221194160132429242e-03 8.450669891568568515e-02
-8.296100223649997829e-02 -1.004160719782607597e-02 8.269116825383367175e-02 3.089590494973789951e-03 -1.142238585444393106e-01 1.057029541490863561e-02 3.186555376152812036e-01 5.111772624282829858e-01 3.169422022910865500e-01 3.204462128990239432e-03 -1.143571665492154193e-01 -7.264942933428465525e-03
3.600568524066313954e-03 -8.373727170879188830e-02 -4.099324104117231873e-03 8.403258104852390220e-02 -1.146925294474574614e-02 -1.137896196320486858e-01 -1.059494122686316375e-02 3.169422022910865500e-01 4.922917660130918804e-01 3.180723829884220533e-01 1.446560742714154881e-03 -1.150890346317457874e-01
1.142540918164320629e-01 8.702973117729686375e-03 -8.295321151651313674e-02 -2.715118560054578106e-04 8.291606976856809308e-02 -7.670934041285869601e-03 -1.156625930352496445e-01 3.204462128990239432e-03 3.180723829884220533e-01 5.017763055164854435e-01 3.172832100747027262e-01 6.589824104668403487e-03
-6.165448878487426489e-03 1.148740476682378886e-01 4.131552763013012289e-03 -8.415457380496593753e-02 1.119890848292037777e-02 8.303665828947444372e-02 7.221194160132429242e-03 -1.143571665492154193e-01 1.446560742714154881e-03 3.172832100747027262e-01 4.930858129338687723e-01 3.178346097448086494e-01
-3.172068851662038225e-01 -8.654783853511073544e-03 1.142908039907072903e-01 -3.509126070245223265e-03 -8.244790634127534268e-02 8.639942780195201261e-03 8.450669891568568515e-02 -7.264942933428465525e-03 -1.150890346317457874e-01 6.589824104668403487e-03 3.178346097448086494e-01 4.912610548109086483e-01
5.090765353037756125e-01 3.169741838549504642e-01 -1.242323526715627315e-03 -1.144378907435646686e-01 5.510197002717300008e-03 8.349616162984220546e-02 -7.405713815172814199e-03 -8.386104865957851040e-02 1.561182277463952356e-03 1.149514562327706158e-01 1.005262190308234618e-02 -3.180451052747687024e-01
3.169741838549504642e-01 5.141378484736858212e-01 3.176619937526594661e-01 3.970240173715514943e-03 -1.151852244525353730e-01 -5.501888597528917756e-03 8.424161717609443545e-02 9.542338293376664143e-03 -8.354094822999724723e-02 -8.858035225054376391e-03 1.137459823405952419e-01 1.201432558561872296e-02
-1.242323526715627315e-03 3.176619937526594661e-01 4.738235110778522552e-01 3.169253140290311799e-01 9.614685713681104216e-04 -1.143145874315995014e-01 3.693543504690594524e-03 8.334183763044880622e-02 4.589142618777438190e-04 -8.336421580315110658e-02 -7.480240712383362349e-03 1.148571074918118551e-01
-1.144378907435646686e-01 3.970240173715514943e-03 3.169253140290311799e-01 5.204509615321759597e-01 3.178888775411563561e-01 -4.203322976781146206e-03 -1.150720550011050808e-01 -3.679945330821957072e-03 8.361050288934561425e-02 2.426539597863762530e-03 -8.332360993923043635e-02 -1.120073861369194797e-03
5.510197002717300008e-03 -1.151852244525353730e-01 9.614685713681104216e-04 3.178888775411563561e-01 4.881036217217166184e-01 3.172040885041563785e-01 5.062270594451934950e-04 -1.142522059938849699e-01 -4.073736631625215349e-03 8.321894261088892686e-02 1.022863697137290154e-02 -8.369981902349468705e-02
8.349616162984220546e-02 -5.501888597528917756e-03 -1.143145874315995014e-01 -4.203322976781146206e-03 3.172040885041563785e-01 5.108548662608932700e-01 3.180606013657844011e-01 5.854145164511342751e-03 -1.149093988901702112e-01 -2.753996696963286871e-03 8.356085012756410413e-02 -6.738045045080862019e-04
-7.405713815172814199e-03 8.424161717609443545e-02 3.693543504690594524e-03 -1.150720550011050808e-01 5.062270594451934950e-04 3.180606013657844011e-01 4.913958582492898852e-01 3.167106662564427300e-01 7.217182429030685915e-03 -1.141644920081429510e-01 -1.281930879418599276e-02 8.371691594058316976e-02
-8.386104865957851040e-02 9.542338293376664143e-03 8.334183763044880622e-02 -3.679945330821957072e-03 -1.142522059938849699e-01 5.854145164511342751e-03 3.167106662564427300e-01 4.838801905921431556e-01 3.181002141418050044e-01 3.437219999534583178e-03 -1.152073813954964387e-01 3.697797253348328924e-03
1.561182277463952356e-03 -8.354094822999724723e-02 4.589142618777438190e-04 8.361050288934561425e-02 -4.073736631625215349e-03 -1.149093988901702112e-01 7.217182429030685915e-03 3.181002141418050044e-01 5.138410410447737942e-01 3.169144389865299338e-01 6.794045127005139337e-03 -1.145322823063085194e-01
1.149514562327706158e-01 -8.858035225054376391e-03 -8.336421580315110658e-02 2.426539597863762530e-03 8.321894261088892686e-02 -2.753996696963286871e-03 -1.141644920081429510e-01 3.437219999534583178e-03 3.169144389865299338e-01 4.745147357798398247e-01 3.177200780017063741e-01 -1.217527632152111405e-03
1.005262190308234618e-02 1.137459823405952419e-01 -7.480240712383362349e-03 -8.332360993923043635e-02 1.022863697137290154e-02 8.356085012756410413e-02 -1.281930879418599276e-02 -1.152073813954964387e-01 6.794045127005139337e-03 3.177200780017063741e-01 5.125091152399727790e-01 3.170421180736887612e-01
-3.180451052747687024e-01 1.201432558561872296e-02 1.148571074918118551e-01 -1.120073861369194797e-03 -8.369981902349468705e-02 -6.738045045080862019e-04 8.371691594058316976e-02 3.697797253348328924e-03 -1.145322823063085194e-01 -1.217527632152111405e-03 3.170421180736887612e-01 5.074117147238571546e-01
5.020165510733743952e-01 3.167554456718518208e-01 3.370225784292989624e-03 -1.139432903535599340e-01 1.544182975147255152e-02 8.227762101706226350e-02 -1.034019122905635579e-02 -8.279322018962212426e-02 9.016050435982973094e-03 1.157992225785128559e-01 3.150473187231864550e-04 -3.185036024541483823e-01
3.167554456718518208e-01 4.969161346118782241e-01 3.188263173523828153e-01 -1.528551188837042746e-02 -1.133626024722430292e-01 1.432723741059039463e-02 8.303619110220072930e-02 -9.746325472302856674e-03 -8.327561407271744098e-02 -6.884700189481150062e-03 1.140190245866371660e-01 1.048422218326232336e-03
3.370225784292989624e-03 3.188263173523828153e-01 5.040908609841547872e-01 3.154889190795775455e-01 -2.603458026767427325e-02 -1.128439991360013911e-01 1.286411303105511848e-02 8.263971920219814749e-02 -8.724316809802793588e-03 -8.462411649843552819e-02 3.096547342513984030e-03 1.156965841450691979e-01
-1.139432903535599340e-01 -1.528551188837042746e-02 3.154889190795775455e-01 5.462998446543596565e-01 3.160117658012607245e-01 -1.633571447984925873e-02 -1.147491532120965413e-01 6.674571162830706186e-03 8.393670151996950046e-02 1.186634078257464177e-02 -8.306379241039482664e-02 -9.218969285159778204e-03
1.544182975147255152e-02 -1.133626024722430292e-01 -2.603458026767427325e-02 3.160117658012607245e-01 5.035533053327152508e-01 3.185360597118512271e-01 8.898809319044229116e-03 -1.152010488282614875e-01 -1.060919973409617245e-02 8.187526185123400468e-02 1.340837930484238896e-02 -8.256067164364562505e-02
8.227762101706226350e-02 1.432723741059039463e-02 -1.128439991360013911e-01 -1.633571447984925873e-02 3.185360597118512271e-01 4.973931037709368175e-01 3.169846716717834578e-01 1.751066118999884940e-03 -1.141238878290466441e-01 -1.951041744261958547e-02 8.228601905815319251e-02 1.307338719849886546e-02
-1.034019122905635579e-02 8.303619110220072930e-02 1.286411303105511848e-02 -1.147491532120965413e-01 8.898809319044229116e-03 3.169846716717834578e-01 4.869882661304794080e-01 3.181406972975303615e-01 1.417193315673404355e-02 -1.130610307180980323e-01 -1.177657126970964828e-02 8.292613817665989151e-02
-8.279322018962212426e-02 -9.746325472302856674e-03 8.263971920219814749e-02 6.674571162830706186e-03 -1.152010488282614875e-01 1.751066118999884940e-03 3.181406972975303615e-01 5.066387957872813264e-01 3.166599891819910084e-01 2.404941275278475732e-02 -1.137146853146246694e-01 -1.134883795811988602e-02
9.016050435982973094e-03 -8.327561407271744098e-02 -8.724316809802793588e-03 8.393670151996950046e-02 -1.060919973409617245e-02 -1.141238878290466441e-01 1.417193315673404355e-02 3.166599891819910084e-01 4.528550548723178082e-01 3.149857246312867676e-01 1.462748960572880265e-02 -1.140648698131623701e-01
1.157992225785128559e-01 -6.884700189481150062e-03 -8.462411649843552819e-02 1.186634078257464177e-02 8.187526185123400468e-02 -1.951041744261958547e-02 -1.130610307180980323e-01 2.404941275278475732e-02 3.149857246312867676e-01 4.944861594089789980e-01 3.189713592690013311e-01 -7.828863153846935333e-03
3.150473187231864550e-04 1.140190245866371660e-01 3.096547342513984030e-03 -8.306379241039482664e-02 1.340837930484238896e-02 8.228601905815319251e-02 -1.177657126970964828e-02 -1.137146853146246694e-01 1.462748960572880265e-02 3.189713592690013311e-01 5.113812214279070956e-01 3.166228090629263914e-01
-3.185036024541483823e-01 1.048422218326232336e-03 1.156965841450691979e-01 -9.218969285159778204e-03 -8.256067164364562505e-02 1.307338719849886546e-02 8.292613817665989151e-02 -1.134883795811988602e-02 -1.140648698131623701e-01 -7.828863153846935333e-03 3.166228090629263914e-01 4.973807019456251699e-01
4.970472887465786083e-01 3.176867614720232935e-01 4.383203802549875093e-03 -1.147153170169542130e-01 -2.071571312993489549e-03 8.368939338297054498e-02 8.615292219122345357e-03 -8.307432097197864351e-02 -7.368588636924059201e-03 1.145736691107684113e-01 1.363276404618708401e-02 -3.174046611620393588e-01
3.176867614720232935e-01 4.952190570796373148e-01 3.175668482056813180e-01 7.156274259082027328e-03 -1.146970616093671014e-01 -2.813913346186658684e-04 8.355334444251302783e-02 5.651311040983977504e-03 -8.369269659084278834e-02 -1.532164189798350135e-03 1.147652993331792354e-01 2.042104296299373806e-03
4.383203802549875093e-03 3.175668482056813180e-01 4.952297006152225900e-01 3.176979061368825352e-01 -1.968301650014979334e-03 -1.148326354896352514e-01 -7.096840285352601016e-03 8.325475245292907056e-02 4.099121761085939772e-03 -8.349335905163045302e-02 -7.075782123260442730e-03 1.147669042026455144e-01
-1.147153170169542130e-01 7.156274259082027328e-03 3.176979061368825352e-01 4.935899797119954746e-01 3.173557723158471622e-01 -2.604751991763709987e-03 -1.148409390618390646e-01 -3.342379957069953160e-03 8.385068970414896738e-02 -1.634550841645937211e-03 -8.394267469239005686e-02 3.590781215785067253e-03
-2.071571312993489549e-03 -1.146970616093671014e-01 -1.968301650014979334e-03 3.173557723158471622e-01 5.186423653188301230e-01 3.175943946180154187e-01 8.275402516331131775e-03 -1.144000222157712660e-01 -2.981043774829818423e-03 8.344255293507218951e-02 5.946168438522267050e-03 -8.353673062418286166e-02
8.368939338297054498e-02 -2.813913346186658684e-04 -1.148326354896352514e-01 -2.604751991763709987e-03 3.175943946180154187e-01 4.787658821481681204e-01 3.168047723694036866e-01 1.327401758392346073e-02 -1.147791972214229211e-01 -3.853604520129232276e-03 8.360506657433684763e-02 6.489598795319660891e-04
8.615292219122345357e-03 8.355334444251302783e-02 -7.096840285352601016e-03 -1.148409390618390646e-01 8.275402516331131775e-03 3.168047723694036866e-01 4.897566053603861214e-01 3.180660032588173980e-01 -5.115931105191383159e-03 -1.148598653494674188e-01 4.796128531712098159e-04 8.359652311290997895e-02
-8.307432097197864351e-02 5.651311040983977504e-03 8.325475245292907056e-02 -3.342379957069953160e-03 -1.144000222157712660e-01 1.327401758392346073e-02 3.180660032588173980e-01 5.029437065038131482e-01 3.172439417549731133e-01 -5.240883549178993080e-03 -1.148050434948191395e-01 6.756827814645919271e-03
-7.368588636924059201e-03 -8.369269659084278834e-02 4.099121761085939772e-03 8.385068970414896738e-02 -2.981043774829818423e-03 -1.147791972214229211e-01 -5.115931105191383159e-03 3.172439417549731133e-01 5.137981724481442969e-01 3.176371788503686289e-01 1.427733225344644894e-03 -1.147431091459212432e-01
1.145736691107684113e-01 -1.532164189798350135e-03 -8.349335905163045302e-02 -1.634550841645937211e-03 8.344255293507218951e-02 -3.853604520129232276e-03 -1.148598653494674188e-01 -5.240883549178993080e-03 3.176371788503686289e-01 4.899630898556710523e-01 3.176451641842000795e-01 -3.927137028705039029e-03
1.363276404618708401e-02 1.147652993331792354e-01 -7.075782123260442730e-03 -8.394267469239005686e-02 5.946168438522267050e-03 8.360506657433684763e-02 4.796128531712098159e-04 -1.148050434948191395e-01 1.427733225344644894e-03 3.176451641842000795e-01 5.033678080542240973e-01 3.172247991035817005e-01
-3.174046611620393588e-01 2.042104296299373806e-03 1.147669042026455144e-01 3.590781215785067253e-03 -8.353673062418286166e-02 6.489598795319660891e-04 8.359652311290997895e-02 6.756827814645919271e-03 -1.147431091459212432e-01 -3.927137028705039029e-03 3.172247991035817005e-01 5.216763441573040172e-01
4.798607893868082619e-01 3.176121616047584695e-01 1.859124405343167211e-02 -1.128854245613158114e-01 8.103645441914018865e-03 8.248809916427357614e-02 -1.193472593545515277e-02 -8.113297315019510347e-02 1.152645465017131977e-02 1.141250502460939148e-01 -2.434174908120472283e-02 -3.172774947491051600e-01
3.176121616047584695e-01 5.235691996670306381e-01 3.173286727679385799e-01 -9.575520370755170180e-03 -1.134550544053219145e-01 1.291679226397262053e-03 8.272316852360997452e-02 -9.127083695811680220e-03 -8.333720479886128074e-02 -5.969261797374105991e-03 1.152503137179461262e-01 7.785390268415103183e-03
1.859124405343167211e-02 3.173286727679385799e-01 4.484981887931235867e-01 3.143439449331836277e-01 -9.424521952533262276e-03 -1.132581109462352381e-01 1.300894327704211345e-02 8.104263021423553648e-02 -9.783810218688468799e-03 -8.278467509599116148e-02 1.989185179132001852e-02 1.142175313282619009e-01
-1.128854245613158114e-01 -9.575520370755170180e-03 3.143439449331836277e-01 5.778607972764779888e-01 3.136607065366564528e-01 -1.839211060685025378e-02 -1.116408025206775678e-01 2.029248893755263017e-02 8.222095033914074425e-02 -2.956392297956184426e-03 -8.209966360837220312e-02 -1.132112853135953598e-03
8.103645441914018865e-03 -1.134550544053219145e-01 -9.424521952533262276e-03 3.136607065366564528e-01 4.643155445750130061e-01 3.194055487800718796e-01 6.469190104404467373e-03 -1.168435201503633808e-01 -1.112012317500624473e-02 8.345892762745493743e-02 1.808929362736503080e-03 -8.309152977054651279e-02
8.248809916427357614e-02 1.291679226397262053e-03 -1.132581109462352381e-01 -1.839211060685025378e-02 3.194055487800718796e-01 5.250913840376729702e-01 3.150126009252899317e-01 -2.763316125458962699e-02 -1.138438256844588325e-01 6.317306919745226124e-03 8.233004117165304558e-02 -2.338347284717970723e-03
-1.193472593545515277e-02 8.272316852360997452e-02 1.300894327704211345e-02 -1.116408025206775678e-01 6.469190104404467373e-03 3.150126009252899317e-01 5.090882775221592382e-01 3.207005095089941471e-01 1.815015288643131997e-02 -1.147714138567686726e-01 -5.646394002047579880e-03 8.334588158233807720e-02
-8.113297315019510347e-02 -9.127083695811680220e-03 8.104263021423553648e-02 2.029248893755263017e-02 -1.168435201503633808e-01 -2.763316125458962699e-02 3.207005095089941471e-01 5.091073212236243428e-01 3.138519333622198371e-01 7.946694409404410353e-03 -1.126855340672412720e-01 -8.213400921620052017e-03
1.152645465017131977e-02 -8.333720479886128074e-02 -9.783810218688468799e-03 8.222095033914074425e-02 -1.112012317500624473e-02 -1.138438256844588325e-01 1.815015288643131997e-02 3.138519333622198371e-01 4.463814087665749497e-01 3.172146021305563002e-01 6.510228836784879083e-03 -1.146000548232612160e-01
1.141250502460939148e-01 -5.969261797374105991e-03 -8.278467509599116148e-02 -2.956392297956184426e-03 8.345892762745493743e-02 6.317306919745226124e-03 -1.147714138567686726e-01 7.946694409404410353e-03 3.172146021305563002e-01 5.400273018393140223e-01 3.161221375958033208e-01 -9.223160883166657206e-03
-2.434174908120472283e-02 1.152503137179461262e-01 1.989185179132001852e-02 -8.209966360837220312e-02 1.808929362736503080e-03 8.233004117165304558e-02 -5.646394002047579880e-03 -1.126855340672412720e-01 6.510228836784879083e-03 3.161221375958033208e-01 4.772337226290928047e-01 3.183590072272843852e-01
-3.172774947491051600e-01 7.785390268415103183e-03 1.142175313282619009e-01 -1.132112853135953598e-03 -8.309152977054651279e-02 -2.338347284717970723e-03 8.334588158233807720e-02 -8.213400921620052017e-03 -1.146000548232612160e-01 -9.223160883166657206e-03 3.183590072272843852e-01 4.989660642831131310e-01
4.935294239823315721e-01 3.177212555216771261e-01 -1.237954390211858102e-02 -1.143868810575490308e-01 -1.645581721665236160e-03 8.338075555545150508e-02 -2.405979075600942429e-04 -8.338477850514861012e-02 -2.238472016548049420e-03 1.142512069165483590e-01 1.622201080053233685e-02 -3.174648135780723801e-01
3.177212555216771261e-01 5.156340221023705261e-01 3.171028905626065431e-01 -2.125602429603964689e-03 -1.148867461289799080e-01 5.293675495024469622e-03 8.376572814164395808e-02 -3.634923150388736160e-03 -8.395618723947791129e-02 -5.139140234938418053e-03 1.145131439634396453e-01 5.060585905634207640e-03
-1.237954390211858102e-02 3.171028905626065431e-01 5.142555325218447493e-01 3.171329815106268546e-01 1.019700982131256303e-02 -1.148914438476583699e-01 -6.504224177059957264e-03 8.367787438043672310e-02 9.395804202005446013e-03 -8.268682542561867077e-02 -1.958513167824165596e-02 1.144696982931806273e-01
-1.143868810575490308e-01 -2.125602429603964689e-03 3.171329815106268546e-01 4.668601945115047336e-01 3.170161292920615770e-01 1.887868252876079896e-03 -1.145629473527364495e-01 -8.629000066177068117e-04 8.350127679009153314e-02 7.556813556216327235e-03 -8.288084294034225863e-02 -3.207908178559284312e-03
-1.645581721665236160e-03 -1.148867461289799080e-01 1.019700982131256303e-02 3.170161292920615770e-01 5.157992648525768775e-01 3.176174253575385631e-01 -6.710905868286915973e-03 -1.148232301660901261e-01 1.561671041052594853e-04 8.354878435538232173e-02 7.817409030292382308e-03 -8.382727771942979911e-02
8.338075555545150508e-02 5.293675495024469622e-03 -1.148914438476583699e-01 1.887868252876079896e-03 3.176174253575385631e-01 4.991995417408643387e-01 3.177234408215116601e-01 3.610661575506244475e-03 -1.147997198584570500e-01 -1.163388657026809443e-02 8.273312046746933435e-02 5.233257087888715242e-03
-2.405979075600942429e-04 8.376572814164395808e-02 -6.504224177059957264e-03 -1.145629473527364495e-01 -6.710905868286915973e-03 3.177234408215116601e-01 5.001377215725488767e-01 3.175358074567516398e-01 5.610310264581052676e-03 -1.141859421305366357e-01 -1.099033944656404443e-02 8.376789793421174357e-02
-8.338477850514861012e-02 -3.634923150388736160e-03 8.367787438043672310e-02 -8.629000066177068117e-04 -1.148232301660901261e-01 3.610661575506244475e-03 3.175358074567516398e-01 4.935659254044944544e-01 3.176573184021458385e-01 1.659131286093530611e-02 -1.139643681404549358e-01 -4.021043800629426658e-03
-2.238472016548049420e-03 -8.395618723947791129e-02 9.395804202005446013e-03 8.350127679009153314e-02 1.561671041052594853e-04 -1.147997198584570500e-01 5.610310264581052676e-03 3.176573184021458385e-01 4.845921193787331993e-01 3.168060933639499366e-01 1.260393034834874151e-02 -1.150342836531740576e-01
1.142512069165483590e-01 -5.139140234938418053e-03 -8.268682542561867077e-02 7.556813556216327235e-03 8.354878435538232173e-02 -1.163388657026809443e-02 -1.141859421305366357e-01 1.659131286093530611e-02 3.168060933639499366e-01 4.803538861768678059e-01 3.178621405403966316e-01 -7.946701884101941421e-03
1.622201080053233685e-02 1.145131439634396453e-01 -1.958513167824165596e-02 -8.288084294034225863e-02 7.817409030292382308e-03 8.273312046746933435e-02 -1.099033944656404443e-02 -1.139643681404549358e-01 1.260393034834874151e-02 3.178621405403966316e-01 5.106650158219614433e-01 3.166981068487191853e-01
-3.174648135780723801e-01 5.060585905634207640e-03 1.144696982931806273e-01 -3.207908178559284312e-03 -8.382727771942979911e-02 5.233257087888715242e-03 8.376789793421174357e-02 -4.021043800629426658e-03 -1.150342836531740576e-01 -7.946701884101941421e-03 3.166981068487191853e-01 5.254073519339074183e-01
4.866459763997824095e-01 3.173248084642414923e-01 -1.056376542069831226e-02 -1.140371780591924594e-01 1.000848707192708922e-02 8.218790102805133280e-02 -1.191318912714225270e-02 -8.271093362484593925e-02 8.703260057283886825e-03 1.139533256368881198e-01 -1.879396360195420557e-02 -3.178351257686666820e-01
3.173248084642414923e-01 5.229138462824325373e-01 3.168720879712189076e-01 -1.511901578098115949e-02 -1.141427613399872837e-01 1.740479012064769654e-02 8.273797046996839155e-02 -1.115202941216587341e-02 -8.350883413025809998e-02 8.503438700093785343e-03 1.143142455529476686e-01 -9.597979942345203144e-04
-1.056376542069831226e-02 3.168720879712189076e-01 5.112657581980071253e-01 3.179207784538613524e-01 -5.947876060688868372e-03 -1.147031343479251592e-01 5.119346070174951233e-03 8.384312980820629591e-02 7.992226420236369852e-04 -8.373383077930111884e-02 2.131731037294640457e-03 1.150218089143484335e-01
-1.140371780591924594e-01 -1.511901578098115949e-02 3.179207784538613524e-01 5.037115957486122397e-01 3.172913049748536940e-01 -1.361720465836684622e-02 -1.142908780871696173e-01 4.887559918146203684e-03 8.349265525562815649e-02 -1.981409389236151505e-03 -8.342698191549946518e-02 -6.038093775575125409e-03
1.000848707192708922e-02 -1.141427613399872837e-01 -5.947876060688868372e-03 3.172913049748536940e-01 5.148067631652188947e-01 3.175696967235402957e-01 -4.284937783663150812e-03 -1.151216391844349790e-01 -3.884394797739002241e-03 8.380186181568644033e-02 1.289613558077624261e-03 -8.367683844159284900e-02
8.218790102805133280e-02 1.740479012064769654e-02 -1.147031343479251592e-01 -1.361720465836684622e-02 3.175696967235402957e-01 5.093320819271258681e-01 3.173583630597452965e-01 4.377672172927009504e-03 -1.142724816259805404e-01 -4.706534156809945302e-03 8.329112103827854274e-02 1.216447165304108957e-02
-1.191318912714225270e-02 8.273797046996839155e-02 5.119346070174951233e-03 -1.142908780871696173e-01 -4.284937783663150812e-03 3.173583630597452965e-01 4.874343600536210630e-01 3.177460145213709120e-01 1.315109117486635074e-02 -1.147819941955626893e-01 -6.230412970542751477e-03 8.316142924552011317e-02
-8.271093362484593925e-02 -1.115202941216587341e-02 8.384312980820629591e-02 4.887559918146203684e-03 -1.151216391844349790e-01 4.377672172927009504e-03 3.177460145213709120e-01 4.939393756711463745e-01 3.173505617821242852e-01 7.407027709457991542e-04 -1.145655862738076403e-01 -9.366484412498524495e-03
8.703260057283886825e-03 -8.350883413025809998e-02 7.992226420236369852e-04 8.349265525562815649e-02 -3.884394797739002241e-03 -1.142724816259805404e-01 1.315109117486635074e-02 3.173505617821242852e-01 4.874145047059010305e-01 3.176753594977162476e-01 2.756685431606979361e-03 -1.147631083148663023e-01
1.139533256368881198e-01 8.503438700093785343e-03 -8.373383077930111884e-02 -1.981409389236151505e-03 8.380186181568644033e-02 -4.706534156809945302e-03 -1.147819941955626893e-01 7.407027709457991542e-04 3.176753594977162476e-01 5.163548509842226242e-01 3.173051785252750667e-01 8.768669992573262933e-03
-1.879396360195420557e-02 1.143142455529476686e-01 2.131731037294640457e-03 -8.342698191549946518e-02 1.289613558077624261e-03 8.329112103827854274e-02 -6.230412970542751477e-03 -1.145655862738076403e-01 2.756685431606979361e-03 3.173051785252750667e-01 4.746689929577846412e-01 3.169507147484827980e-01
-3.178351257686666820e-01 -9.597979942345203144e-04 1.150218089143484335e-01 -6.038093775575125409e-03 -8.367683844159284900e-02 1.216447165304108957e-02 8.316142924552011317e-02 -9.366484412498524495e-03 -1.147631083148663023e-01 8.768669992573262933e-03 3.169507147484827980e-01 4.915118939061546843e-01
5.330897730358763464e-01 3.167211010787266967e-01 -3.518770600124010439e-03 -1.146191036790111112e-01 7.634724591867023992e-04 8.367927701763001880e-02 2.202189100950128261e-03 -8.328534815780502809e-02 -4.474635533143695235e-03 1.145137286132522914e-01 1.061061973416124044e-02 -3.170852538947770416e-01
3.167211010787266967e-01 5.032345948935337265e-01 3.174394624718784863e-01 5.381239954611862115e-03 -1.143831119570870580e-01 -8.844667679334550919e-03 8.291127301305784014e-02 2.218132044978383954e-02 -8.300896122612583250e-02 -1.824763120180720316e-02 1.138603738347201411e-01 2.061055489909413910e-02
-3.518770600124010439e-03 3.174394624718784863e-01 4.803602590652513160e-01 3.176395168343487674e-01 6.933920816513668844e-03 -1.148173439753087249e-01 -6.847075252891415484e-03 8.279793684355042649e-02 4.306901214897363057e-03 -8.317416521441683974e-02 -4.881941970833539313e-03 1.144440866488497521e-01
-1.146191036790111112e-01 5.381239954611862115e-03 3.176395168343487674e-01 5.128214891433778844e-01 3.171890620925224002e-01 1.685940439688513384e-03 -1.141144745613218991e-01 -1.767236680580817204e-02 8.328458651222675480e-02 1.146464324180692697e-02 -8.324517827834489181e-02 -9.332031822787309819e-03
7.634724591867023992e-04 -1.143831119570870580e-01 6.933920816513668844e-03 3.171890620925224002e-01 4.768847040151747430e-01 3.178729807682315611e-01 1.517343199621206534e-02 -1.134227846181156130e-01 -5.963009359090921946e-03 8.298848672102468460e-02 4.101606461570391979e-03 -8.324712040088735887e-02
8.367927701763001880e-02 -8.844667679334550919e-03 -1.148173439753087249e-01 1.685940439688513384e-03 3.178729807682315611e-01 5.111579226948728127e-01 3.167538648123440215e-01 1.736077459488018920e-02 -1.146236143664363105e-01 -7.260794236120765403e-03 8.353849730092470505e-02 3.640250198538689651e-03
2.202189100950128261e-03 8.291127301305784014e-02 -6.847075252891415484e-03 -1.141144745613218991e-01 1.517343199621206534e-02 3.167538648123440215e-01 4.548852749325629219e-01 3.159374178608203021e-01 6.124147545220814601e-03 -1.141883707680187987e-01 -2.105796660443757032e-03 8.332221667638425866e-02
-8.328534815780502809e-02 2.218132044978383954e-02 8.279793684355042649e-02 -1.767236680580817204e-02 -1.134227846181156130e-01 1.736077459488018920e-02 3.159374178608203021e-01 5.088641980512651486e-01 3.180497822773490357e-01 -1.074554776559360526e-02 -1.149497040900200745e-01 1.101493137332131000e-02
-4.474635533143695235e-03 -8.300896122612583250e-02 4.306901214897363057e-03 8.328458651222675480e-02 -5.963009359090921946e-03 -1.146236143664363105e-01 6.124147545220814601e-03 3.180497822773490357e-01 5.116417839981606264e-01 3.173378715061468958e-01 -2.579119998529902369e-03 -1.146737924827739563e-01
1.145137286132522914e-01 -1.824763120180720316e-02 -8.317416521441683974e-02 1.146464324180692697e-02 8.298848672102468460e-02 -7.260794236120765403e-03 -1.141883707680187987e-01 -1.074554776559360526e-02 3.173378715061468958e-01 4.961138266896641391e-01 3.176764755389771544e-01 -4.618194749554544246e-03
1.061061973416124044e-02 1.138603738347201411e-01 -4.881941970833539313e-03 -8.324517827834489181e-02 4.101606461570391979e-03 8.353849730092470505e-02 -2.105796660443757032e-03 -1.149497040900200745e-01 -2.579119998529902369e-03 3.176764755389771544e-01 5.118794205148667897e-01 3.176744059236443207e-01
