6.269138326145134998e-02 3.886027242974076645e-01 4.546011817466983490e-02 4.414720134550838802e-03 6.109413832783021532e-03 2.049416569751863829e-02 1.304863375946631043e-01 5.706812965293495826e-02 2.838676660429800824e-02 2.124623273746774621e-01 2.869181158343569321e-02 1.513210179160950561e-02
3.157483468792589565e-01 6.866109505295255044e-02 3.809880234601012439e-02 2.013859678555750543e-01 3.116161367362882059e-02 5.732674208390893533e-02 1.024923672334314140e-01 4.962676463046092334e-02 3.584937099903932889e-02 5.621474216063473972e-03 1.148387649913948719e-02 8.254357853053148619e-02
1.663710166480323605e-01 1.247847342190258890e-01 2.505478363402128261e-01 1.212095725207604918e-01 1.898687415432267489e-01 5.755817129192401793e-02 1.589814800431727654e-02 1.696474133924603250e-02 1.151554298959337960e-02 7.650740816342965073e-03 7.821239479998364635e-03 2.980951480731965780e-02
1.383779540057480939e-02 5.897336440398069646e-02 2.679447943082137740e-01 3.468498846876088004e-01 2.238328290968438217e-01 1.206279157984933501e-02 1.908146553774588833e-02 3.469875410012285277e-02 1.050635536970445302e-02 5.519129817775943539e-03 2.733586055277779404e-03 3.959249642301959637e-03
1.835720993922865807e-01 1.200019445842898658e-01 4.378959194999933191e-02 1.700840026233352842e-01 8.202992764571048756e-02 7.511241081608213688e-02 2.013281575511923632e-02 8.427926127502753662e-03 1.753489106103871265e-02 1.530520284955364137e-02 9.580098444570872562e-02 1.682082027493734810e-01
8.247187817165621548e-02 6.730037066480001884e-02 1.237802673283102117e-01 3.956364958747269345e-01 9.616667438945175617e-02 1.756222258315851339e-02 4.113071205267463878e-03 2.044542438887895532e-03 1.356641369577577753e-03 1.779700193797827124e-02 1.077375246860664826e-01 8.403330935011887881e-02
7.653223186083074614e-02 1.992660279164817222e-02 1.176298096266014531e-02 2.215145393781675631e-02 5.384157143770973430e-02 1.447451244997596462e-02 2.454068006106884664e-02 1.134919463747437601e-01 1.930723527184104726e-01 6.477931537062148193e-02 1.091535435614583438e-01 2.962728084730558709e-01
1.704705678821918859e-04 1.506980645613599252e-03 1.457953924628344576e-02 4.634248523635644545e-01 3.641776791841424415e-02 1.606693263038814212e-01 2.604232083635296124e-01 4.680180367994839913e-02 3.977917201732718289e-03 1.048002237230403685e-02 1.341370539224949563e-03 2.067407976209144555e-04
9.955127888106779510e-02 2.493555083800758632e-01 1.509529730528421099e-01 1.678094093227198297e-02 1.784581911556105960e-02 7.911745225734075071e-03 2.555043663737910885e-03 9.537529848031545913e-04 1.349670599923459948e-03 1.093001679601097141e-02 1.268757691823734213e-01 3.149374811855985001e-01
3.317149557681401545e-02 2.518463510404612693e-01 1.967104333599184185e-01 1.260825368196671903e-01 2.465000691344008676e-01 1.194455681710724915e-01 1.746291038769721971e-02 2.853152057417289965e-03 8.290883509781180570e-04 9.129502247584706702e-04 5.585205699983807016e-04 3.626924306816334612e-03
3.559005561838704534e-01 6.732364453266895254e-02 6.647039815892773901e-03 2.328469357965902691e-03 6.112435655657453074e-04 1.343972377115438838e-03 3.321668178399276965e-03 5.538590566580601365e-02 1.742336549889758335e-01 1.094182548408496186e-01 1.225730657796333112e-01 1.009125247132567210e-01
2.801198933921108039e-02 2.603243744580426011e-02 4.882796687659798039e-03 8.666300706286968192e-03 2.984990363625307855e-02 1.561172346105041686e-01 4.515843229711509477e-02 2.823189853002370242e-01 7.949150906064941791e-02 7.153813941164352541e-02 2.428504262313178896e-01 2.508184527331803332e-02
1.942526704182405417e-01 1.771536430780580318e-01 5.150723478578050907e-02 1.933435223217637444e-02 5.858329118959413467e-02 2.457763802973351175e-01 1.147755444846963735e-01 5.207792487680819316e-02 9.095992461592788958e-03 3.994468976238691599e-03 1.830003020807140224e-02 5.514846699140790731e-02
1.623304041087363092e-02 5.977795145843994157e-03 2.710422398950289996e-03 2.961627907112199688e-03 1.794372158318215810e-02 5.942698130948769614e-02 1.970921430686631837e-01 1.613065310771862326e-01 6.031197554636531788e-02 4.654256153664966533e-02 3.127448840297110122e-01 1.167483159859746683e-01
5.460191777077764985e-02 1.628689674946942958e-02 2.425667220391663353e-02 4.834503574759922706e-02 2.203026754631812190e-02 3.163352433851812640e-02 5.666898517646398736e-02 1.672855213290004861e-01 8.712574047599684623e-02 8.903664267702435242e-02 1.429619335249587009e-01 2.597668624599565046e-01
1.734806309380475808e-01 2.515448969938921531e-01 2.129677125478729449e-02 1.184379637907602076e-02 1.473483990900316745e-02 2.254402700357650280e-01 6.330483504982323262e-02 1.913631083002255776e-02 9.225603010983940422e-02 8.541517501165378501e-02 1.727274307822149885e-02 2.427370040986847471e-02
5.140826964792061249e-02 5.206521328369721063e-02 1.776111891429506956e-02 2.819792706651048225e-03 9.022446423852172048e-03 6.679760165913747882e-02 2.233112902955208257e-01 1.133623381958334675e-01 1.348543927569758119e-02 2.590355609416123209e-02 2.689524842497774682e-01 1.551104492534559620e-01
5.497011290665491240e-03 2.748184416341584169e-02 3.683061271416962490e-01 8.635914578224757054e-02 1.022036105324123333e-02 2.624748069041184934e-02 2.781677098170806661e-01 1.512116821693956226e-01 2.896989231943118345e-02 1.278559994016444275e-02 2.399063789454848172e-03 2.354081842795028700e-03
4.488272541780328334e-02 3.071628926608894750e-01 9.147799913560832052e-02 2.561956358164077519e-02 1.508753397132397422e-01 7.242704801790801616e-02 1.397894939987669449e-01 7.690881172314520398e-02 9.016325974837570423e-03 3.121162437011865305e-03 8.677361301582312697e-03 7.004127603756639397e-02
5.051989377665265166e-03 1.764609633169512146e-03 2.431109740008679642e-03 2.569231295763985817e-02 3.847754178329068631e-01 8.091426219958736121e-02 2.349819122959957013e-02 3.903921107108093702e-02 1.566671840851496522e-01 1.898549920682944259e-01 7.212972703863373969e-02 1.818099276626388219e-02
1.520216885190758295e-02 8.275461855450935711e-02 7.928334221688966565e-02 1.333743578534990759e-01 2.816870661785766256e-02 8.376894551379650278e-02 3.284780493525939898e-02 2.234336585985659263e-02 1.916093737854315249e-01 2.422066729366982307e-01 4.636720178629806510e-02 4.207344108799657145e-02
1.120055848374120529e-03 1.134604605034889371e-02 3.548100755290059527e-02 5.667402182612448630e-02 6.867832140482693637e-02 3.052873162236148241e-01 4.656984568594925433e-02 4.619515404056613594e-02 2.973323972429176010e-01 1.014617252641535072e-01 2.758917738215222598e-02 2.264931478071286093e-03
1.219972357755262915e-01 1.717197222334324591e-01 2.313667373296031671e-01 3.176866869723204978e-02 6.378399636320768737e-04 1.491821218007260974e-02 2.795367509335413246e-03 1.351578823845486820e-04 1.247020755013094522e-03 7.196139859316642851e-03 5.239128288585749582e-02 3.638266149285943607e-01
1.896779680533778115e-02 1.152040139149167197e-02 2.798320977960254419e-02 9.427143994586206777e-02 1.680905772965733957e-01 1.794772983806010858e-01 2.734632069760397632e-01 6.145890379050795993e-02 4.374032531695640907e-02 7.393942828954341850e-02 1.885141258851154300e-02 2.823599943897282458e-02
2.012603148576920797e-01 1.806484013891562768e-01 7.749306856772447683e-02 1.096503880047267239e-02 3.580839984968242108e-03 4.991266612016096501e-04 1.933234142077944933e-04 4.471300619198224696e-04 7.439400565041897478e-03 6.796057463681332012e-02 3.797557938685107715e-01 6.975698719229131428e-02
1.619398715681554662e-02 7.951934383535759487e-02 1.195362022229171095e-01 1.007535378303776041e-01 1.016083506229929906e-01 7.146608575189809798e-02 2.023545395903302291e-01 1.573318835940815119e-01 1.257829511547623458e-01 1.993034656629120646e-02 2.879692604393723973e-03 2.643079069782206490e-03
3.318972895442483251e-02 4.913206577682281175e-03 9.783778106491555077e-03 6.206759160707839285e-02 1.269485693692690431e-01 1.026463894231427997e-02 4.906809399374265079e-02 2.033143543074752979e-01 7.196716257531116101e-02 9.080591114369326866e-02 2.445128691663289722e-01 9.316409525618832288e-02
3.491027997123160448e-02 3.527858819311744352e-03 2.356658689203572007e-03 9.193776116013416613e-03 2.273858696719370520e-02 6.661040728805914246e-02 1.100899174694728450e-01 2.019224368360324484e-01 4.383526533441822748e-02 5.057228978775168970e-02 3.674113733351097588e-02 4.175013853878004610e-01
1.878746985606549458e-01 1.140048702230633537e-01 3.251037121831969190e-02 1.637653946525932311e-02 2.515817108414843128e-02 9.258229661677903205e-03 8.758289545842077098e-03 2.675994176285673501e-02 5.221384398646693181e-02 3.154550361168155792e-01 1.430078099541580994e-01 6.862219842073682963e-02
3.383609755049996060e-02 1.003076881676012201e-02 1.687051070579432058e-02 2.764793585251981017e-02 1.260482085418804521e-01 2.221026528595238525e-01 1.098453019922971674e-01 1.150512137930865576e-02 1.896541533838681098e-02 4.309281744279002541e-02 2.622717865771563850e-01 1.177833829430826873e-01
1.077481953374572789e-03 7.804539209075558176e-03 5.530135983251331655e-02 4.187707538134325391e-01 1.625348432543324839e-02 3.498673847638705814e-02 2.385429531584236651e-01 1.103678410363751472e-01 8.179727322679603008e-02 1.870597452704843636e-02 1.399112319784141974e-02 2.400477243299384798e-03
5.185012906591006387e-02 1.144045495205532892e-01 5.729684148721671255e-02 9.380305870357424913e-02 1.724266696090179518e-01 1.123809891453968340e-01 9.239266965425665945e-02 9.963683256229260987e-02 8.476173132506058250e-02 7.079505391965387751e-02 2.004877546421363760e-02 3.020269954285371636e-02
4.901630008387928075e-03 5.532377535262773122e-03 2.824187545457274712e-02 4.949285125728725837e-02 1.682863369331198955e-01 2.014307980199351866e-01 3.650838139831494300e-02 3.300984627048745429e-02 1.152854626031529772e-01 2.578259482607915265e-01 7.926281758237722908e-02 2.022167467631008284e-02
2.807830884195881144e-02 2.171669105903724362e-02 4.247116403054813222e-02 1.693126756974757674e-01 1.780245653669801711e-02 4.520574447635467008e-02 3.648607937906385157e-01 3.204143413095544152e-02 1.572422726981160049e-02 7.941222215869855883e-02 1.346898057859280129e-01 4.868447622189515933e-02
1.095148504825897429e-01 2.490076506293506520e-02 3.393110660242188575e-02 3.517802351041238174e-01 9.098668139314525227e-02 7.047645725857152980e-03 7.573394013238041525e-04 2.260739523322730093e-03 1.242098373341962714e-02 2.556114601994298116e-02 1.437913164485146722e-01 1.970471905024034909e-01
4.932286399939122754e-03 1.332581776608155084e-02 4.297354901208992606e-02 2.128492145704147798e-01 1.406570383995127682e-01 1.372300981831910682e-01 1.824970939451773799e-01 6.095517976161037715e-02 6.027582595550950995e-02 1.061038027091686931e-01 2.158289688955678659e-02 1.661719640774813461e-02
2.127722232662897228e-01 6.353503459404805098e-02 1.030525345174637154e-02 2.207143977004434338e-03 1.681447954666262469e-03 4.327308414334864357e-03 3.752047929503170981e-02 2.925546710937796946e-01 1.586899388271867661e-01 5.287990231437878635e-03 1.071868003491622222e-02 2.003998288595580102e-01
3.053383467457473216e-02 1.522790668100040268e-01 1.985454437402701389e-01 1.279292324543789272e-01 3.116620623400199672e-02 2.871257200877861543e-03 5.518340026212727352e-04 1.259803931068243215e-03 9.807611515377314543e-03 4.589746281085913676e-02 1.606733675606025202e-01 2.384848790653640305e-01
6.062965273945050693e-03 1.031551875140499924e-01 3.282092004619009407e-01 3.668493404335713276e-02 2.407136243807102283e-02 1.340836629364108336e-02 5.305027083892017992e-02 2.991348015975131003e-01 8.020142653459247373e-02 2.265704520042147174e-02 2.861021923588732280e-02 4.754220567700514176e-03
3.054281355376959467e-02 1.532909395652371463e-02 8.093751359614310276e-03 3.893089604042174190e-02 2.054818540910756663e-01 2.114778933106835623e-01 4.183004056671768556e-02 7.328425615284923922e-02 1.117444339198642306e-01 1.518407590303348098e-01 5.724910029692074909e-02 5.419510772122480141e-02
2.600974365079744555e-01 9.875642624042901829e-02 2.880394285745178570e-02 1.475142833244456365e-02 1.972991688307279001e-01 7.086574886229682346e-02 1.510712379180490506e-01 6.525930950367338224e-02 1.534493848117860111e-02 1.009701199779263793e-02 1.259346611710104175e-02 7.505988435088076227e-02
1.168997667518802477e-02 3.374668580693632874e-02 4.072962578313258364e-01 5.429982217059996230e-02 3.160011200198694324e-03 1.605891701333079038e-04 4.528471690608340945e-05 3.352338518092310002e-04 3.495850865069542474e-03 1.823945762075270677e-02 4.163932067973741269e-01 5.113762329370642734e-02
3.908498295891918439e-02 1.119016016347883224e-02 1.211490304325096509e-02 8.084694919764524867e-02 2.158728680252443577e-01 1.773939320119541363e-01 1.227892124540487101e-01 2.938664400132522392e-01 2.129174039327435750e-02 7.028334031844224970e-03 2.591976299944083635e-03 1.592850140714366369e-02
2.765740277230845784e-02 4.326860277629959034e-02 6.565608341207999910e-02 8.983455197162058814e-02 1.783506538561064128e-02 3.192900125615503321e-02 2.603204068005624677e-02 3.397136370875764727e-02 8.429538039988017373e-02 1.649068794705308982e-01 3.377645652956251521e-01 7.684906287107558243e-02
2.773781992119369599e-01 1.123698121545564921e-01 2.041274228506030630e-02 5.965686287649010940e-03 8.591941788952797698e-03 1.122113781808482466e-02 8.186640171665936910e-03 1.492426887013901735e-02 3.894878846349884155e-02 2.619963467603291241e-01 8.821428328200114910e-02 1.517901529061254640e-01
2.075640127628498866e-02 1.624723911924026432e-01 2.793879590133275803e-01 4.173493177528807968e-02 1.820084523668050180e-02 6.415929383743737557e-02 2.782191648370987980e-01 8.451428436181077086e-02 1.611280445617014473e-02 1.168177875068908411e-02 1.221499148097086526e-02 1.054515378183953217e-02
1.970638041443449184e-03 8.837437895711715589e-04 7.142566208456989883e-03 8.908476367341898461e-02 3.358960292982027251e-01 5.014706210241315354e-02 1.492472275362798917e-01 1.161509630010387623e-01 1.734440387758764135e-01 2.462516818051947026e-02 3.677188846317482745e-02 1.463591092960420115e-02
8.852824123565852452e-03 2.392139298628538288e-02 2.238018194369520708e-01 2.339004531542370757e-01 2.128174582075090249e-02 2.323035792413405930e-03 5.723775933812430550e-03 2.909432681293734266e-02 1.331929773007348439e-01 4.697036517474430239e-02 2.394930267661304901e-01 3.144425669743604324e-02
1.455972540130763271e-01 1.441593608264282733e-01 1.266608079767329587e-01 1.615577383692257396e-01 5.061454100886283308e-02 6.661910842785888874e-03 1.586227408460594290e-03 1.118308558126181705e-03 2.172803146054588623e-03 4.574521179870632073e-03 2.125625308050001216e-02 3.340402735898763131e-01
7.202046704011167864e-04 3.760245795174921302e-03 2.673101192468106332e-02 4.206041551615857799e-01 5.585394470012973456e-02 7.279692640473173215e-02 3.133817225275328244e-01 7.335059530377320558e-02 2.449223708530064159e-02 5.264862513771748596e-03 1.397687351274095203e-03 1.646406561643250135e-03
1.017432188524717701e-01 1.505032414859655381e-02 1.498124891820310943e-03 7.800655452717523280e-03 5.291037602703827641e-02 2.323061327644415294e-02 9.228459318894538521e-02 1.668491021918685757e-01 1.072161330886636788e-01 4.052682963225352764e-02 4.974237446754025543e-02 3.411476547816405525e-01
8.036914808451370990e-03 7.353213049810587015e-03 2.728804785013958650e-02 2.803109752526131149e-02 1.156754483804910694e-01 2.815468197891025648e-01 5.807753388355370999e-02 2.066415529293852416e-01 1.796970042654539301e-01 5.497810018066529025e-02 2.197005650235547836e-02 1.070421083532993416e-02
3.302453953611866021e-03 2.661186791354486561e-02 1.300661018768210775e-01 8.760351792508230817e-02 8.682467889114850457e-02 1.032030093737381360e-01 5.485245998992639704e-02 1.834299912466475294e-02 2.197002636977377077e-02 2.879377003463180484e-01 1.646330277926468522e-01 1.465215644272333667e-02
7.831652323916620667e-03 9.052576425069287606e-04 2.561706100660841390e-04 5.922765734760015825e-04 4.414064519959362554e-03 3.498123389238016329e-02 9.215594989822026295e-02 2.568633641409170942e-01 1.872078488294006693e-01 1.325031236619865771e-01 1.741168856998047410e-01 1.081721722073657743e-01
2.631429191516773680e-01 3.546097075103526314e-02 2.716118917170757402e-02 3.039528901374314706e-03 2.666033205001930306e-03 1.757568254615341549e-03 2.696045776836535762e-02 4.022088641145881160e-01 8.352227028778405615e-02 6.180629086325877680e-02 2.088529646806980972e-02 7.138861106252228361e-02
5.770294320474649019e-02 2.350670874707232183e-02 2.927678493663027695e-02 2.752224945856589569e-02 8.909777015126714439e-02 5.133675456877397764e-02 1.501186546178446754e-02 9.186731287776805921e-02 3.138038573025638822e-01 4.242256395551238096e-02 4.516094800313689983e-02 2.132902413321784429e-01
1.522764489954387367e-02 6.808539673837796236e-02 3.763299040700244236e-01 8.423765465387411666e-02 3.837363288354272983e-01 6.058406849911188163e-02 8.697835954304095063e-03 7.942432240660914512e-04 1.189393631277586372e-04 4.327745484920078351e-05 2.600326261535178089e-04 1.884673681140048348e-03
1.464115500738868980e-01 7.723614951478684210e-02 2.266144360436747954e-02 1.475598000127028263e-02 8.744118707204442953e-03 4.079883587859912085e-03 2.424264566781290237e-02 1.096201578375839876e-02 3.358864500725059626e-02 4.005725848615978024e-01 6.470787527834725994e-02 1.920371079118571023e-01
2.092591395357124625e-03 2.521832261326471206e-04 1.295239580596485755e-05 1.286387454704931803e-04 3.232824692145302471e-03 3.723421660401597666e-02 4.245699497838174574e-01 4.061199275278751936e-02 3.333284178281113730e-02 4.031173228320306667e-01 4.892560004628716125e-02 6.488885743338711556e-03
5.306592093793853493e-02 2.942029380861718724e-01 1.745660877987453147e-02 3.184720359486833789e-03 8.040174257537449458e-04 7.062136199608262969e-04 1.062461035318257221e-03 3.501584510450166370e-03 4.562844599975938997e-02 2.498872841387957400e-01 1.163073918569989124e-01 2.141924132494911204e-01
1.636830125624845131e-02 3.495355049993212337e-02 2.494944784039153651e-01 1.312326819704099923e-01 2.213616805516370120e-02 5.036015683839997238e-03 1.934466006619165596e-02 1.940987114597514107e-01 2.425136474125639818e-01 3.606957874492151828e-02 9.549925875188384344e-03 3.920228057187350595e-02
2.164387185961038906e-01 2.450096178996880036e-01 1.339441451839976649e-01 1.210006478005706126e-01 3.492920680309394982e-02 9.689243066861755876e-03 3.147077574780273584e-03 6.224197809007079099e-03 1.449812806464902820e-02 2.287030563224064575e-02 7.998143707723885665e-02 1.122672744917684318e-01
5.871271982424120309e-03 3.125204612004534033e-02 8.789000744214849406e-03 2.857737740284496675e-02 2.556785576598971654e-01 6.965327031095948362e-02 6.507498366145819668e-02 7.039393282726570666e-02 1.166576697232726556e-01 3.121826772088684976e-01 3.210521744387390825e-02 3.763994914874903373e-03
2.814972290294161933e-02 3.636117371553337918e-02 3.639928690909253334e-02 1.353211496715093706e-02 1.291535700509432831e-02 5.146452139572726958e-02 4.644147048202586919e-02 1.474618188970988897e-01 8.022198260659947622e-02 1.377436274667673821e-01 3.181693365735063783e-01 9.113958707846189777e-02
5.183041171733902830e-02 1.628382552279112466e-02 4.402739238071585147e-03 1.197281695204309090e-02 4.839632483237662347e-02 2.215770819453844742e-01 6.612115898366530131e-02 1.475201704547287884e-01 1.915182494162103941e-02 8.008714263430111169e-03 6.274898931321962192e-02 3.419859418353293767e-01
3.575663265129739102e-03 2.911644140150256542e-03 7.189190655248254127e-04 2.126255937241531419e-03 1.068561315894503948e-02 2.949946878981851012e-02 6.039810071579089501e-02 7.498849269716935384e-02 1.326741111149068730e-01 2.546945560236273942e-01 4.026512928764370836e-01 2.507588221525863803e-02
6.758909676778241098e-04 4.349686737056466385e-03 3.459990455979881224e-02 4.085678563797442431e-01 1.494001750982315579e-01 8.228961930566304483e-02 2.099029394695206552e-01 9.599175927768145711e-02 9.246309411987344712e-03 2.657504553964751010e-03 1.588334642219372140e-03 7.300195964546182716e-04
5.108715538729249189e-02 7.883227993053625038e-02 1.295703043899717466e-01 1.713403436513552813e-01 6.361962801126701261e-02 7.335400171661369748e-03 2.032297317492768370e-03 3.805161985353397664e-04 1.256895774109541286e-03 2.653482313172242021e-02 3.790451786611501173e-01 8.896517737490586275e-02
1.578132947406446843e-02 3.702861240559383871e-02 2.508488674274792496e-01 3.154307769998111743e-02 9.655311211818992656e-02 2.194746887246565997e-02 2.395823420042562241e-02 3.541740259729134199e-02 1.062390653047463329e-01 2.072568597638944632e-01 1.451563352527276696e-01 2.826963488314051393e-02
1.872376607288047945e-01 9.905166605843046534e-02 9.224952768526492597e-02 1.295767428643770057e-02 6.901686267762423971e-03 2.552441218073216514e-03 4.089068230848997426e-02 3.807910377135577118e-01 6.717903747324312225e-02 1.520945348138666962e-02 1.896135759323664544e-02 7.601777518531267763e-02
1.510503846058421085e-03 5.617320996821193596e-03 1.613583582326658106e-02 8.336501364472008457e-02 1.548629641024906189e-01 1.488112653046816947e-01 1.421099934947934740e-01 1.250449443483417356e-01 1.121682313653221963e-01 1.785632047767528596e-01 2.854528784093364815e-02 3.265434455817760491e-03
1.043569940243030923e-02 5.630347957308227437e-03 2.243415404359946214e-02 1.773094229835869753e-03 4.271880361151564852e-03 2.709113957751464741e-02 1.530374301852236441e-01 1.362107492197575098e-01 7.411092636745458817e-02 2.267787299766589049e-01 2.252423827300669978e-01 1.129834659489985516e-01
2.138735002655510822e-02 2.020682955774837433e-02 2.847120664005136151e-02 1.223117337956644290e-01 1.811695571705525254e-01 8.874142558583747453e-02 6.459666706627913146e-02 8.066464666785595761e-02 7.791109363734413651e-02 2.370548014423229932e-01 5.967063068419562605e-02 1.781405772559267742e-02
6.021264575222627473e-03 8.904294576235528575e-04 2.234521199871483785e-04 3.086999132755327557e-03 4.930553989350672239e-02 3.332358208523718002e-01 1.772008936640293020e-01 2.774063088316667813e-01 6.086303583413488205e-02 2.657018242879130576e-02 5.109567334275051664e-02 1.410039986716005514e-02
2.430729336695931497e-01 1.316870728973669191e-01 3.446839127048846596e-02 5.167080507771639949e-03 2.181987318622253830e-03 1.795778974436568805e-03 1.365888784998048767e-03 7.896457057147247827e-03 3.431022998680652303e-02 1.741663983822002715e-01 2.571816426803507638e-01 1.067061384702184396e-01
5.590194082413507811e-04 7.738889984696442105e-03 1.094562055111147625e-01 3.263207130302731018e-01 6.064688235778700059e-02 8.754193554526495946e-02 2.829022628127187966e-01 9.621237254820108609e-02 2.492596665551081656e-02 3.015138038934774348e-03 5.516349145303031144e-04 1.289791927265281090e-04
2.322848362362762292e-02 4.037744390829231533e-02 2.552977574584561760e-01 1.509386034859942771e-01 2.015821946312120264e-02 1.262877828655480615e-02 1.078554621484591053e-01 2.704409191406603741e-01 4.045876529319671067e-02 4.005415877035148342e-02 2.439383546268954900e-02 1.416757295859646243e-02
3.421199429169884294e-03 1.729929637807490345e-02 2.862147955563964716e-02 1.125859075616697236e-01 2.929167189108460301e-01 7.293897667242381366e-02 8.769443952172291390e-02 1.634099759772270621e-01 1.784537963909142988e-01 2.265635416678991876e-02 1.395624042080840371e-02 6.045615014713776915e-03
5.651180832243632435e-02 3.165825244368866004e-02 3.254631410620492660e-02 5.283526403793142347e-03 1.587823488252206603e-03 6.818425370531379370e-03 3.677174800458809373e-02 4.207052726070211190e-01 3.598859369090888494e-02 5.944043092202730416e-02 1.546372123301422152e-01 1.580505923104059129e-01
1.090120796899461814e-01 4.314907579790176750e-02 1.860794246558434076e-02 3.653575505551170249e-02 3.343877091058534284e-02 7.679732602684484488e-02 2.234626543466983750e-01 7.425633443544862877e-02 1.920873072930527614e-02 3.793950536737987489e-02 2.545224531709443516e-01 7.306937200384923392e-02
1.109503175467524139e-01 1.788754571378998737e-01 1.489366752855877107e-01 4.699609883519931947e-02 2.131442615057451695e-01 2.025292401718880031e-01 2.323047146162800225e-02 2.944257325762414390e-02 1.080157312849606976e-02 4.909218256886092174e-03 1.047890429024147217e-02 1.970520912205192543e-02
9.274766867371229961e-02 2.077869976316588929e-02 1.878742612219667235e-02 4.011201995589078195e-02 1.256066302131209622e-01 1.806708809714390740e-01 8.296727675354782783e-02 4.222236562599127746e-02 1.954287152048893653e-02 3.219976739823008499e-02 1.414744748341408842e-01 2.028899181680753616e-01
1.249725526621468519e-01 8.759464878481011685e-02 9.243492836835241755e-02 3.584558574081396498e-02 7.954465014775050080e-03 1.824891520098889230e-03 1.429016815536924417e-03 3.515297206303431930e-03 3.518893380367367485e-02 3.572306327149092353e-01 1.517620897934815749e-01 1.002469575750981751e-01
7.163833716961996376e-03 8.408957097992221519e-02 2.967365881883555767e-01 8.757297229870890376e-02 2.024425738713980447e-02 1.108233934560650703e-02 9.442600242946770986e-03 3.907625469885835784e-02 8.321034517179556889e-02 2.435715992103970051e-01 1.069581992664684067e-01 1.085143949283865102e-02
4.665065409937768637e-02 1.523977201598480102e-01 3.028336223580960773e-01 3.345860703891169463e-02 2.214685352441607413e-02 1.119802682779610405e-02 1.838391291757522639e-02 9.720562691843485578e-03 3.138175745816512707e-02 1.407434191541099833e-01 1.160154398131000575e-01 1.150694239567605082e-01
6.583988743944882427e-02 6.172009729037658543e-02 3.738304975389705742e-02 2.396374822666540866e-02 1.117538573308630122e-02 8.942503451879833809e-02 1.399396346017854897e-01 3.315988068648597631e-01 9.802324746260875077e-02 3.679578030921758225e-02 6.779976540989431089e-02 3.633556238936139215e-02
3.304162408480285779e-02 7.877066984997046009e-03 2.264963623670535400e-03 7.128187406560092254e-04 3.312958513314655609e-04 1.265117091883291404e-03 4.207899988853330137e-03 2.419452773888491198e-02 9.567106895205035322e-02 2.992116935519398835e-01 2.874714906650853719e-01 2.437504327258450121e-01
3.165898721489997236e-02 1.845525545401930159e-02 5.678056896534815039e-03 2.765254889536011992e-04 1.231902017475000177e-03 3.769459947612490824e-03 2.288630297468444673e-04 8.688249756982220282e-03 1.113181551129505953e-01 3.159532431693022891e-01 1.021558432923830584e-01 4.005854586191396338e-01
1.053960273242941781e-01 2.517724630322973334e-01 9.946813769495169155e-02 1.377458644568983585e-02 1.048671938080990296e-02 7.238498934880799839e-03 4.650144506241962565e-03 7.290752925450207957e-03 5.521452646515304791e-02 4.593952973019360675e-02 1.205771704775443071e-01 2.781914430824932727e-01
1.218319265892327252e-01 2.415580451532905737e-01 2.076831839370338328e-01 9.608961762122227024e-02 1.680373613389107845e-02 2.051567212775365703e-02 6.428584471082785835e-03 6.171618715826873713e-03 2.327316218685010485e-02 7.505363695615524522e-02 1.265489072159516337e-01 5.804190889170930678e-02
9.988340758543007986e-03 8.771813459027241744e-02 3.362017284501288561e-01 6.723328694478916678e-02 4.945945339143065916e-02 1.414878394750079815e-01 1.613719987045226234e-01 2.780134961227466450e-02 3.322813704881179449e-03 6.375459479011950925e-02 3.842230074234050108e-02 1.323815883568982277e-02
9.101260756776769628e-03 2.181132321023878523e-02 1.623005991642306745e-01 2.441350116825425354e-01 5.655022355281119628e-02 3.863905619198090748e-03 7.986897837992314175e-03 7.094114186886833588e-03 4.780339692425289444e-02 3.784000813120557138e-01 4.762817405574872043e-02 1.332501169726546184e-02
7.573437394304333159e-02 1.056126622144012012e-01 1.588455383144715335e-02 4.474371347711164106e-03 7.500473175863213871e-04 1.974488234583729115e-04 1.073478299959981222e-03 5.524079174370991052e-03 2.656034878160977442e-02 4.097437979635405458e-01 7.208424070970512187e-02 2.823605975931661738e-01
8.675514376871274261e-03 1.235644449196572903e-01 3.336433722894049936e-01 3.446097420510682574e-02 4.167387676274317276e-02 3.334629189711714459e-02 7.477875300780253975e-02 1.226428136418194204e-01 5.230449715141056305e-02 5.079163327889088531e-02 1.080018724204937219e-01 1.611595604868201054e-02
1.224358750088436615e-01 1.084618934229330672e-01 1.530344810282973644e-01 4.450735243716401335e-02 1.563304770431676871e-02 7.855732962653395185e-03 1.147543486908205075e-02 2.863708718809656467e-02 7.907408015019495862e-02 2.798993675945464152e-02 1.175601172855634674e-01 2.833349611834000692e-01
3.462002700474927641e-01 1.035991344946903675e-01 1.708697288905782971e-02 5.683517488358898195e-02 3.224540026679670879e-01 1.028679241503779873e-01 9.655395346008463844e-03 1.350871552591678161e-03 1.080657700780681156e-03 1.451208858834418785e-03 3.016701622648752541e-03 3.440168578596108223e-02
1.643421736309171322e-01 4.303634507659482300e-01 1.289593874812806351e-01 2.814129994101171109e-02 2.954304725235070567e-02 9.822008545268930829e-03 1.018655961680238822e-02 1.334984584184430688e-02 2.082473080284968914e-02 2.337930382412727048e-02 3.900211223189598703e-02 1.020860800657032580e-01
1.061666757110427961e-01 1.728742781366802150e-01 4.112360753533125107e-02 9.279513358645963272e-02 5.909440479799694945e-02 6.208503584989510590e-03 1.913248036757013090e-02 2.456280321516953746e-01 1.704014243005884111e-01 6.425079038409202414e-02 1.301370876680068428e-02 9.310960676753255935e-03
1.917110657246386737e-03 5.565852066247793314e-03 1.561869805585372473e-02 3.795048325147758889e-02 6.932909159637534735e-02 3.007375330510841938e-01 5.217590749958953000e-02 1.850931693270550793e-02 7.336826361057900703e-02 3.798875918355646975e-01 4.160447172157218099e-02 3.335679721704054839e-03
2.867367650611256716e-03 5.428001711626412101e-04 4.202863023433667808e-04 6.649915297230787024e-03 4.528784186866114531e-02 5.274410322075048785e-02 2.612945530426397100e-01 1.503451092794562682e-01 2.493228303875522078e-01 1.400545161280892792e-01 7.681500276130440175e-02 1.365567389019856775e-02
