6.269138326145134998e-02 1.506751529642747500e-01 5.146997131942419867e-02 1.257652702909971276e-02 -1.721135462385110608e-03 -1.018202839536287187e-02 -2.785484523366353604e-02 -1.852992110072765319e-02 1.320362939099245340e-02 3.607024598086099737e-02 1.611732259420271818e-02 2.358244277761924190e-02
1.506751529642747500e-01 3.886027242974076645e-01 1.328974011089152085e-01 3.681647170382075507e-02 6.879086688603537440e-03 -5.315404254559199376e-03 -1.907649268892237446e-02 -1.291178756227905761e-02 9.437418363297060339e-03 2.568615127324645753e-02 1.687271607880618668e-02 4.556890015024060714e-02
5.146997131942419867e-02 1.328974011089152085e-01 4.546011817466983490e-02 1.264737798232066883e-02 2.495413036418713676e-03 -1.553497049717584687e-03 -5.857900630400864408e-03 -3.974717562903540627e-03 2.918618601648552587e-03 7.938315231172199046e-03 5.466200337748469001e-03 1.542247843536624294e-02
1.257652702909971276e-02 3.681647170382075507e-02 1.264737798232066883e-02 4.414720134550838802e-03 2.998173993921477050e-03 3.824542551632060128e-03 9.091356760823484165e-03 5.982472775157243912e-03 -4.185789365747283677e-03 -1.146595004734075884e-02 -3.460283482845593131e-03 1.365385715517394676e-03
-1.721135462385110608e-03 6.879086688603537440e-03 2.495413036418713676e-03 2.998173993921477050e-03 6.109413832783021532e-03 1.095875289676473928e-02 2.749702075033600562e-02 1.817465156921980324e-02 -1.280711389372124823e-02 -3.504471050275462241e-02 -1.262559825424346832e-02 -6.752199103711602202e-03
-1.018202839536287187e-02 -5.315404254559199376e-03 -1.553497049717584687e-03 3.824542551632060128e-03 1.095875289676473928e-02 2.049416569751863829e-02 5.169485883523866621e-02 3.418375455337552965e-02 -2.410166972989555983e-02 -6.594501393400717393e-02 -2.411220473514309043e-02 -1.459452769931266283e-02
-2.785484523366353604e-02 -1.907649268892237446e-02 -5.857900630400864408e-03 9.091356760823484165e-03 2.749702075033600562e-02 5.169485883523866621e-02 1.304863375946631043e-01 8.629104206118912157e-02 -6.084258201344540373e-02 -1.664716059868981413e-01 -6.097836768046965839e-02 -3.742725426448990922e-02
-1.852992110072765319e-02 -1.291178756227905761e-02 -3.974717562903540627e-03 5.982472775157243912e-03 1.817465156921980324e-02 3.418375455337552965e-02 8.629104206118912157e-02 5.706812965293495826e-02 -4.023066261129995547e-02 -1.100783686461620364e-01 -4.032660374818671650e-02 -2.477750487107927349e-02
1.320362939099245340e-02 9.437418363297060339e-03 2.918618601648552587e-03 -4.185789365747283677e-03 -1.280711389372124823e-02 -2.410166972989555983e-02 -6.084258201344540373e-02 -4.023066261129995547e-02 2.838676660429800824e-02 7.765919862676752550e-02 2.845847905265158281e-02 1.751949245532422733e-02
3.607024598086099737e-02 2.568615127324645753e-02 7.938315231172199046e-03 -1.146595004734075884e-02 -3.504471050275462241e-02 -6.594501393400717393e-02 -1.664716059868981413e-01 -1.100783686461620364e-01 7.765919862676752550e-02 2.124623273746774621e-01 7.785361688628350540e-02 4.791400832445315283e-02
1.611732259420271818e-02 1.687271607880618668e-02 5.466200337748469001e-03 -3.460283482845593131e-03 -1.262559825424346832e-02 -2.411220473514309043e-02 -6.097836768046965839e-02 -4.032660374818671650e-02 2.845847905265158281e-02 7.785361688628350540e-02 2.869181158343569321e-02 1.837458470380481587e-02
2.358244277761924190e-02 4.556890015024060714e-02 1.542247843536624294e-02 1.365385715517394676e-03 -6.752199103711602202e-03 -1.459452769931266283e-02 -3.742725426448990922e-02 -2.477750487107927349e-02 1.751949245532422733e-02 4.791400832445315283e-02 1.837458470380481587e-02 1.513210179160950561e-02
3.157483468792589565e-01 1.431239634246276871e-01 6.662515273695115980e-02 8.427538263307163269e-02 3.260453661296675021e-02 4.355575569076214348e-02 5.962005492415458491e-02 4.507229063909651279e-02 4.483848722598304803e-02 2.779564197944555878e-02 5.820765544543030079e-02 1.608783324199224152e-01
1.431239634246276871e-01 6.866109505295255044e-02 3.880099853462620763e-02 6.085368770304675629e-02 2.358777351393230581e-02 3.122462843330248844e-02 4.202308388755129909e-02 3.067293054032338082e-02 2.872793410312173695e-02 1.534546255805950554e-02 2.765288918624039458e-02 7.366541894136786894e-02
6.662515273695115980e-02 3.880099853462620763e-02 3.809880234601012439e-02 8.275479899996600330e-02 3.226570598712948101e-02 4.252457080158710684e-02 5.624295993239495500e-02 3.935534378486579832e-02 3.396521843905279253e-02 1.387544246444446724e-02 1.599359093463269613e-02 3.617108984366364244e-02
8.427538263307163269e-02 6.085368770304675629e-02 8.275479899996600330e-02 2.013859678555750543e-01 7.874416619607044199e-02 1.038966627114881608e-01 1.369157566445764751e-01 9.476881292001176904e-02 7.991768377374852683e-02 2.963219284284179106e-02 2.583078196162757328e-02 4.913382735075235569e-02
3.260453661296675021e-02 2.358777351393230581e-02 3.226570598712948101e-02 7.874416619607044199e-02 3.116161367362882059e-02 4.177365835946671851e-02 5.533414678523630725e-02 3.834222939926486967e-02 3.233404090801123704e-02 1.193066280528640166e-02 1.021785784785423853e-02 1.916575826836410326e-02
4.355575569076214348e-02 3.122462843330248844e-02 4.252457080158710684e-02 1.038966627114881608e-01 4.177365835946671851e-02 5.732674208390893533e-02 7.651182054428892765e-02 5.311737451312217861e-02 4.482791516926834530e-02 1.647985462510221863e-02 1.391791053293681482e-02 2.580843248896576292e-02
5.962005492415458491e-02 4.202308388755129909e-02 5.624295993239495500e-02 1.369157566445764751e-01 5.533414678523630725e-02 7.651182054428892765e-02 1.024923672334314140e-01 7.124555705828905516e-02 6.020215346405959761e-02 2.218359870443226481e-02 1.888681295882312441e-02 3.524944977251606715e-02
4.507229063909651279e-02 3.067293054032338082e-02 3.935534378486579832e-02 9.476881292001176904e-02 3.834222939926486967e-02 5.311737451312217861e-02 7.124555705828905516e-02 4.962676463046092334e-02 4.205406577302539528e-02 1.564245768041883089e-02 1.375893083647476700e-02 2.633967720580687039e-02
4.483848722598304803e-02 2.872793410312173695e-02 3.396521843905279253e-02 7.991768377374852683e-02 3.233404090801123704e-02 4.482791516926834530e-02 6.020215346405959761e-02 4.205406577302539528e-02 3.584937099903932889e-02 1.360698039986044799e-02 1.278497485182050232e-02 2.565995051491444870e-02
2.779564197944555878e-02 1.534546255805950554e-02 1.387544246444446724e-02 2.963219284284179106e-02 1.193066280528640166e-02 1.647985462510221863e-02 2.218359870443226481e-02 1.564245768041883089e-02 1.360698039986044799e-02 5.621474216063473972e-03 6.622888034287297346e-03 1.511610574381110246e-02
5.820765544543030079e-02 2.765288918624039458e-02 1.599359093463269613e-02 2.583078196162757328e-02 1.021785784785423853e-02 1.391791053293681482e-02 1.888681295882312441e-02 1.375893083647476700e-02 1.278497485182050232e-02 6.622888034287297346e-03 1.148387649913948719e-02 3.020565860021016957e-02
1.608783324199224152e-01 7.366541894136786894e-02 3.617108984366364244e-02 4.913382735075235569e-02 1.916575826836410326e-02 2.580843248896576292e-02 3.524944977251606715e-02 2.633967720580687039e-02 2.565995051491444870e-02 1.511610574381110246e-02 3.020565860021016957e-02 8.254357853053148619e-02
1.663710166480323605e-01 1.366844006826780644e-01 1.577777713866531095e-01 1.077027707950342639e-01 1.277985663472115396e-01 7.497466057287743846e-02 4.228262273860317055e-02 4.619635948272669823e-02 3.930615215133622525e-02 3.324561172880641235e-02 3.512005811054198789e-02 7.003277026150760143e-02
1.366844006826780644e-01 1.247847342190258890e-01 1.593578142338769044e-01 1.003681244643535586e-01 1.088790221738361597e-01 6.272907071957786740e-02 3.505331355542905952e-02 3.805242176662365639e-02 3.230187494525520175e-02 2.727763923358367606e-02 2.877152367321214946e-02 5.732958322254077393e-02
1.577777713866531095e-01 1.593578142338769044e-01 2.505478363402128261e-01 1.524330743721804826e-01 1.526648490922353496e-01 8.454848462978821477e-02 4.571711025512951304e-02 4.825764084023814043e-02 4.033249276284832374e-02 3.344601526224329907e-02 3.433136460868511236e-02 6.686869352843521908e-02
1.077027707950342639e-01 1.003681244643535586e-01 1.524330743721804826e-01 1.212095725207604918e-01 1.411095063695938789e-01 7.691199760662632834e-02 4.016873549693858458e-02 4.091419481245597844e-02 3.334998967879376774e-02 2.672306897737117964e-02 2.588505144130844038e-02 4.771270395889541660e-02
1.277985663472115396e-01 1.088790221738361597e-01 1.526648490922353496e-01 1.411095063695938789e-01 1.898687415432267489e-01 1.037459408877285799e-01 5.364436546204816303e-02 5.399756077844772295e-02 4.359044655057482676e-02 3.442051772913176655e-02 3.245002078759563757e-02 5.813953519418067761e-02
7.497466057287743846e-02 6.272907071957786740e-02 8.454848462978821477e-02 7.691199760662632834e-02 1.037459408877285799e-01 5.755817129192401793e-02 3.005551816495046977e-02 3.051670615499231173e-02 2.475491902597818858e-02 1.966192500047765634e-02 1.872030913512177930e-02 3.387564005958461355e-02
4.228262273860317055e-02 3.505331355542905952e-02 4.571711025512951304e-02 4.016873549693858458e-02 5.364436546204816303e-02 3.005551816495046977e-02 1.589814800431727654e-02 1.632880388692851265e-02 1.333422210087068308e-02 1.067832774862056446e-02 1.030904527195904835e-02 1.891375638358448741e-02
4.619635948272669823e-02 3.805242176662365639e-02 4.825764084023814043e-02 4.091419481245597844e-02 5.399756077844772295e-02 3.051670615499231173e-02 1.632880388692851265e-02 1.696474133924603250e-02 1.394512018292998895e-02 1.125822650029816019e-02 1.101543918550127593e-02 2.047321992916537048e-02
3.930615215133622525e-02 3.230187494525520175e-02 4.033249276284832374e-02 3.334998967879376774e-02 4.359044655057482676e-02 2.475491902597818858e-02 1.333422210087068308e-02 1.394512018292998895e-02 1.151554298959337960e-02 9.349418136787133668e-03 9.232793468701372408e-03 1.731104636683575976e-02
3.324561172880641235e-02 2.727763923358367606e-02 3.344601526224329907e-02 2.672306897737117964e-02 3.442051772913176655e-02 1.966192500047765634e-02 1.067832774862056446e-02 1.125822650029816019e-02 9.349418136787133668e-03 7.650740816342965073e-03 7.652413252898968531e-03 1.451939429375255150e-02
3.512005811054198789e-02 2.877152367321214946e-02 3.433136460868511236e-02 2.588505144130844038e-02 3.245002078759563757e-02 1.872030913512177930e-02 1.030904527195904835e-02 1.101543918550127593e-02 9.232793468701372408e-03 7.652413252898968531e-03 7.821239479998364635e-03 1.513217248844860550e-02
7.003277026150760143e-02 5.732958322254077393e-02 6.686869352843521908e-02 4.771270395889541660e-02 5.813953519418067761e-02 3.387564005958461355e-02 1.891375638358448741e-02 2.047321992916537048e-02 1.731104636683575976e-02 1.451939429375255150e-02 1.513217248844860550e-02 2.980951480731965780e-02
1.383779540057480939e-02 2.836108992243756982e-02 5.808019052931315263e-02 5.272926499611878259e-02 4.780066933060099499e-02 1.198346430636126891e-02 1.594770689780121084e-02 2.162906944243908614e-02 1.191941491488725940e-02 8.650630866128508623e-03 6.104158897984770030e-03 7.381186959232424911e-03
2.836108992243756982e-02 5.897336440398069646e-02 1.229449021457437868e-01 1.075681830352797214e-01 9.397587685067292085e-02 2.378818441921387583e-02 3.201836012937853138e-02 4.354786488555041635e-02 2.402298077590053066e-02 1.745221898025441781e-02 1.234177682301649398e-02 1.500316725804615170e-02
5.808019052931315263e-02 1.229449021457437868e-01 2.679447943082137740e-01 2.294912238974260443e-01 1.851278692899538947e-01 4.719505787366608945e-02 6.401662939424543342e-02 8.726463171013122688e-02 4.819306267001802202e-02 3.505237741626464343e-02 2.485520607907729801e-02 3.041385663013063470e-02
5.272926499611878259e-02 1.075681830352797214e-01 2.294912238974260443e-01 3.468498846876088004e-01 2.331699834951675432e-01 5.360400104476405192e-02 6.346494548920826595e-02 8.396677340097843945e-02 4.611538483746285833e-02 3.340916925644979441e-02 2.352849844066036075e-02 2.832410887290846141e-02
4.780066933060099499e-02 9.397587685067292085e-02 1.851278692899538947e-01 2.331699834951675432e-01 2.238328290968438217e-01 5.122961399283949835e-02 6.021975683229781329e-02 7.942071852983018099e-02 4.353285244678083837e-02 3.147019445452194780e-02 2.204966000712713439e-02 2.620788513588070273e-02
1.198346430636126891e-02 2.378818441921387583e-02 4.719505787366608945e-02 5.360400104476405192e-02 5.122961399283949835e-02 1.206279157984933501e-02 1.475579258344867847e-02 1.963619666820940954e-02 1.077912199687528633e-02 7.799741267895119942e-03 5.473197367225448792e-03 6.529616549719486317e-03
1.594770689780121084e-02 3.201836012937853138e-02 6.401662939424543342e-02 6.346494548920826595e-02 6.021975683229781329e-02 1.475579258344867847e-02 1.908146553774588833e-02 2.569462774794115806e-02 1.413141317693275903e-02 1.023763339290920636e-02 7.197218830390472548e-03 8.625235358034086947e-03
2.162906944243908614e-02 4.354786488555041635e-02 8.726463171013122688e-02 8.396677340097843945e-02 7.942071852983018099e-02 1.963619666820940954e-02 2.569462774794115806e-02 3.469875410012285277e-02 1.909208255012024083e-02 1.383556717864943900e-02 9.731379470890873240e-03 1.167592777145422950e-02
1.191941491488725940e-02 2.402298077590053066e-02 4.819306267001802202e-02 4.611538483746285833e-02 4.353285244678083837e-02 1.077912199687528633e-02 1.413141317693275903e-02 1.909208255012024083e-02 1.050635536970445302e-02 7.614480155376678397e-03 5.356735038755750834e-03 6.430008589896063498e-03
8.650630866128508623e-03 1.745221898025441781e-02 3.505237741626464343e-02 3.340916925644979441e-02 3.147019445452194780e-02 7.799741267895119942e-03 1.023763339290920636e-02 1.383556717864943900e-02 7.614480155376678397e-03 5.519129817775943539e-03 3.883399668187117668e-03 4.663534212255396848e-03
6.104158897984770030e-03 1.234177682301649398e-02 2.485520607907729801e-02 2.352849844066036075e-02 2.204966000712713439e-02 5.473197367225448792e-03 7.197218830390472548e-03 9.731379470890873240e-03 5.356735038755750834e-03 3.883399668187117668e-03 2.733586055277779404e-03 3.285929218393426540e-03
7.381186959232424911e-03 1.500316725804615170e-02 3.041385663013063470e-02 2.832410887290846141e-02 2.620788513588070273e-02 6.529616549719486317e-03 8.625235358034086947e-03 1.167592777145422950e-02 6.430008589896063498e-03 4.663534212255396848e-03 3.285929218393426540e-03 3.959249642301959637e-03
1.835720993922865807e-01 1.381677138347539024e-01 6.664273198946110699e-02 9.875540188112788553e-02 6.781656446751704870e-02 6.613525020317159719e-02 3.599558070112490737e-02 2.658100350975810267e-02 4.372718906734808508e-02 4.629243117527598317e-02 1.201852550376698442e-01 1.667674812066324286e-01
1.381677138347539024e-01 1.200019445842898658e-01 6.468340513225706578e-02 1.052963726367148745e-01 7.203092142432380995e-02 6.926669480617815566e-02 3.677665587939488168e-02 2.541999738486246455e-02 3.880024260511674011e-02 3.733695956301878727e-02 9.110915421077149523e-02 1.218074540508838066e-01
6.664273198946110699e-02 6.468340513225706578e-02 4.378959194999933191e-02 8.267755779946506234e-02 5.699127084553227973e-02 5.444922034242441478e-02 2.834243618329267134e-02 1.846189529123615225e-02 2.608078749869340018e-02 2.224290675665241065e-02 4.936924266391423677e-02 6.035944587786809534e-02
9.875540188112788553e-02 1.052963726367148745e-01 8.267755779946506234e-02 1.700840026233352842e-01 1.178069065725919351e-01 1.123083154400319333e-01 5.795434076556513214e-02 3.671443644377000298e-02 4.981704017837298992e-02 3.946114205710661571e-02 8.171327019637379674e-02 9.231249093929241867e-02
6.781656446751704870e-02 7.203092142432380995e-02 5.699127084553227973e-02 1.178069065725919351e-01 8.202992764571048756e-02 7.838900790887551318e-02 4.047646853218464513e-02 2.566728518927154090e-02 3.486658916033855138e-02 2.763395906576123634e-02 5.723118761869291915e-02 6.429156948428535467e-02
6.613525020317159719e-02 6.926669480617815566e-02 5.444922034242441478e-02 1.123083154400319333e-01 7.838900790887551318e-02 7.511241081608213688e-02 3.883933714220773326e-02 2.471497469881649145e-02 3.373497941647500553e-02 2.694070960223126851e-02 5.619680915352071038e-02 6.332421381620968737e-02
3.599558070112490737e-02 3.677665587939488168e-02 2.834243618329267134e-02 5.795434076556513214e-02 4.047646853218464513e-02 3.883933714220773326e-02 2.013281575511923632e-02 1.289596723901504163e-02 1.776578731101932651e-02 1.440813779838947054e-02 3.049529051101788207e-02 3.473879012396316468e-02
2.658100350975810267e-02 2.541999738486246455e-02 1.846189529123615225e-02 3.671443644377000298e-02 2.566728518927154090e-02 2.471497469881649145e-02 1.289596723901504163e-02 8.427926127502753662e-03 1.193327521272025994e-02 1.011401308291421178e-02 2.226741975438713619e-02 2.611365708675920938e-02
4.372718906734808508e-02 3.880024260511674011e-02 2.608078749869340018e-02 4.981704017837298992e-02 3.486658916033855138e-02 3.373497941647500553e-02 1.776578731101932651e-02 1.193327521272025994e-02 1.753489106103871265e-02 1.570337436554442717e-02 3.616516451226154533e-02 4.374570985560674585e-02
4.629243117527598317e-02 3.733695956301878727e-02 2.224290675665241065e-02 3.946114205710661571e-02 2.763395906576123634e-02 2.694070960223126851e-02 1.440813779838947054e-02 1.011401308291421178e-02 1.570337436554442717e-02 1.530520284955364137e-02 3.747922188348058736e-02 4.716881317632971859e-02
1.201852550376698442e-01 9.110915421077149523e-02 4.936924266391423677e-02 8.171327019637379674e-02 5.723118761869291915e-02 5.619680915352071038e-02 3.049529051101788207e-02 2.226741975438713619e-02 3.616516451226154533e-02 3.747922188348058736e-02 9.580098444570872562e-02 1.236948553939295620e-01
1.667674812066324286e-01 1.218074540508838066e-01 6.035944587786809534e-02 9.231249093929241867e-02 6.429156948428535467e-02 6.332421381620968737e-02 3.473879012396316468e-02 2.611365708675920938e-02 4.374570985560674585e-02 4.716881317632971859e-02 1.236948553939295620e-01 1.682082027493734810e-01
8.247187817165621548e-02 7.361539154797389073e-02 8.633166649268078641e-02 8.288608445970663263e-02 6.748441857914716513e-02 3.495856560506749311e-02 1.805089325680819812e-02 1.294587978118739990e-02 1.056845489586305878e-02 3.827469669441502936e-02 9.417028147531994464e-02 8.319020953407085806e-02
7.361539154797389073e-02 6.730037066480001884e-02 8.359007610983623660e-02 8.965429735994123739e-02 6.524451118783131109e-02 3.242667368369781672e-02 1.638080351755293734e-02 1.159657842259861904e-02 9.405150161433093597e-03 3.400852163363548425e-02 8.365887383208475692e-02 7.394511535261646951e-02
8.633166649268078641e-02 8.359007610983623660e-02 1.237802673283102117e-01 1.727946370902820328e-01 9.859682706785657946e-02 4.351524932940044332e-02 2.047387471017981034e-02 1.385726543549560888e-02 1.097881227786099562e-02 3.947514326945503194e-02 9.704019103849964578e-02 8.586153974517665710e-02
8.288608445970663263e-02 8.965429735994123739e-02 1.727946370902820328e-01 3.956364958747269345e-01 1.711720814812405789e-01 6.088630593538596480e-02 2.417946928661875855e-02 1.438544838535276219e-02 1.056999497294699303e-02 3.728183475550056469e-02 9.142041824215665913e-02 8.093965748084047673e-02
6.748441857914716513e-02 6.524451118783131109e-02 9.859682706785657946e-02 1.711720814812405789e-01 9.616667438945175617e-02 3.903671242951459869e-02 1.725698250063574177e-02 1.119692673434575896e-02 8.674373552556806713e-03 3.101869209858721527e-02 7.619002920888823249e-02 6.731600844603273515e-02
3.495856560506749311e-02 3.242667368369781672e-02 4.351524932940044332e-02 6.088630593538596480e-02 3.903671242951459869e-02 1.756222258315851339e-02 8.312414873977094429e-03 5.652286840380103469e-03 4.491973371285297445e-03 1.616413736249429703e-02 3.973581314750574550e-02 3.509798408893835542e-02
1.805089325680819812e-02 1.638080351755293734e-02 2.047387471017981034e-02 2.417946928661875855e-02 1.725698250063574177e-02 8.312414873977094429e-03 4.113071205267463878e-03 2.875588850583763248e-03 2.318098740987544967e-03 8.370228407197982320e-03 2.058558695117992249e-02 1.818137583750181058e-02
1.294587978118739990e-02 1.159657842259861904e-02 1.385726543549560888e-02 1.438544838535276219e-02 1.119692673434575896e-02 5.652286840380103469e-03 2.875588850583763248e-03 2.044542438887895532e-03 1.662007856229571687e-03 6.013132752353842446e-03 1.479246539641282734e-02 1.306414821999000303e-02
1.056845489586305878e-02 9.405150161433093597e-03 1.097881227786099562e-02 1.056999497294699303e-02 8.674373552556806713e-03 4.491973371285297445e-03 2.318098740987544967e-03 1.662007856229571687e-03 1.356641369577577753e-03 4.913104539440261292e-03 1.208792346916891768e-02 1.067525607718980765e-02
3.827469669441502936e-02 3.400852163363548425e-02 3.947514326945503194e-02 3.728183475550056469e-02 3.101869209858721527e-02 1.616413736249429703e-02 8.370228407197982320e-03 6.013132752353842446e-03 4.913104539440261292e-03 1.779700193797827124e-02 4.378806575613650165e-02 3.867039986074002900e-02
9.417028147531994464e-02 8.365887383208475692e-02 9.704019103849964578e-02 9.142041824215665913e-02 7.619002920888823249e-02 3.973581314750574550e-02 2.058558695117992249e-02 1.479246539641282734e-02 1.208792346916891768e-02 4.378806575613650165e-02 1.077375246860664826e-01 9.514598878182006780e-02
8.319020953407085806e-02 7.394511535261646951e-02 8.586153974517665710e-02 8.093965748084047673e-02 6.731600844603273515e-02 3.509798408893835542e-02 1.818137583750181058e-02 1.306414821999000303e-02 1.067525607718980765e-02 3.867039986074002900e-02 9.514598878182006780e-02 8.403330935011887881e-02
7.653223186083074614e-02 3.768502913717333702e-02 2.398939459302030369e-02 2.604475935692167343e-02 3.689425100117198209e-02 1.810464244125858935e-02 2.148084776048731631e-02 4.377021050756381426e-02 5.768870942071430141e-02 4.897029339297127859e-02 8.738079560120078082e-02 1.485577461435054203e-01
3.768502913717333702e-02 1.992660279164817222e-02 1.416752911423225028e-02 1.693009240518924749e-02 2.489360767236314248e-02 1.247177340760151007e-02 1.530180316562986670e-02 3.175699142083643345e-02 4.145543301039286699e-02 2.994941490510084556e-02 4.435630348156198444e-02 7.081595642094838661e-02
2.398939459302030369e-02 1.416752911423225028e-02 1.176298096266014531e-02 1.564117868996518432e-02 2.384713357537969133e-02 1.218017663492209149e-02 1.539490624508560966e-02 3.245376662019635455e-02 4.207354269412609538e-02 2.613203191168404771e-02 3.001607021263282687e-02 4.260881007693523292e-02
2.604475935692167343e-02 1.693009240518924749e-02 1.564117868996518432e-02 2.215145393781675631e-02 3.442595460969961191e-02 1.775851535231798284e-02 2.278034625602114518e-02 4.838966838338515375e-02 6.256615778553500928e-02 3.600003676225269067e-02 3.456143511198796203e-02 4.369442664656152803e-02
3.689425100117198209e-02 2.489360767236314248e-02 2.384713357537969133e-02 3.442595460969961191e-02 5.384157143770973430e-02 2.786679827669499149e-02 3.592559544233268898e-02 7.651062905307512430e-02 9.889326624280819766e-02 5.565625544598541002e-02 5.020990073833041245e-02 6.040077067898792090e-02
1.810464244125858935e-02 1.247177340760151007e-02 1.218017663492209149e-02 1.775851535231798284e-02 2.786679827669499149e-02 1.447451244997596462e-02 1.876254283321393893e-02 4.007996754070184547e-02 5.187220594890362690e-02 2.886867611646948620e-02 2.512792917611281901e-02 2.924068233033846886e-02
2.148084776048731631e-02 1.530180316562986670e-02 1.539490624508560966e-02 2.278034625602114518e-02 3.592559544233268898e-02 1.876254283321393893e-02 2.454068006106884664e-02 5.268618353783083297e-02 6.835006098619766934e-02 3.743585398711435364e-02 3.084091890607499817e-02 3.391860072899142986e-02
4.377021050756381426e-02 3.175699142083643345e-02 3.245376662019635455e-02 4.838966838338515375e-02 7.651062905307512430e-02 4.007996754070184547e-02 5.268618353783083297e-02 1.134919463747437601e-01 1.475116348366370400e-01 8.016840614677897547e-02 6.415517706744856830e-02 6.825076983149924725e-02
5.768870942071430141e-02 4.145543301039286699e-02 4.207354269412609538e-02 6.256615778553500928e-02 9.889326624280819766e-02 5.187220594890362690e-02 6.835006098619766934e-02 1.475116348366370400e-01 1.930723527184104726e-01 1.055437343775385423e-01 8.524576039191159027e-02 9.085335180857509463e-02
4.897029339297127859e-02 2.994941490510084556e-02 2.613203191168404771e-02 3.600003676225269067e-02 5.565625544598541002e-02 2.886867611646948620e-02 3.743585398711435364e-02 8.016840614677897547e-02 1.055437343775385423e-01 6.477931537062148193e-02 6.738581555011682878e-02 8.638587248901477555e-02
8.738079560120078082e-02 4.435630348156198444e-02 3.001607021263282687e-02 3.456143511198796203e-02 5.020990073833041245e-02 2.512792917611281901e-02 3.084091890607499817e-02 6.415517706744856830e-02 8.524576039191159027e-02 6.738581555011682878e-02 1.091535435614583438e-01 1.700090079376902208e-01
1.485577461435054203e-01 7.081595642094838661e-02 4.260881007693523292e-02 4.369442664656152803e-02 6.040077067898792090e-02 2.924068233033846886e-02 3.391860072899142986e-02 6.825076983149924725e-02 9.085335180857509463e-02 8.638587248901477555e-02 1.700090079376902208e-01 2.962728084730558709e-01
1.704705678821918859e-04 4.567156695649029867e-04 1.182576197927153036e-03 6.182838888292812966e-03 2.444191939975039717e-03 4.388748744066008067e-03 5.407362908725733310e-03 2.301476890746765626e-03 6.734986188062239490e-04 1.097445389791333386e-03 3.950661074879517143e-04 1.649549241627995978e-04
4.567156695649029867e-04 1.506980645613599252e-03 4.511576326384428813e-03 2.478573709408467968e-02 7.028430169531781416e-03 8.105526826358804351e-03 9.470639655237648308e-03 4.055509777599511367e-03 1.193697205257899727e-03 1.956820632107602112e-03 7.111901060767544759e-04 3.264177414943346986e-04
1.182576197927153036e-03 4.511576326384428813e-03 1.457953924628344576e-02 8.192350941666978748e-02 1.923145118728686320e-02 1.312643092691115343e-02 1.373299678988505919e-02 5.961801939990431926e-03 1.777355156696917805e-03 2.951725825858802013e-03 1.094625219800200722e-03 5.967326976732739621e-04
6.182838888292812966e-03 2.478573709408467968e-02 8.192350941666978748e-02 4.634248523635644545e-01 1.025500196911905970e-01 5.315996340254403041e-02 5.060136757314094569e-02 2.225181592826785265e-02 6.711837494662318063e-03 1.127683638850646673e-02 4.255600627527710358e-03 2.631708936495521286e-03
2.444191939975039717e-03 7.028430169531781416e-03 1.923145118728686320e-02 1.025500196911905970e-01 3.641776791841424415e-02 5.695753484742750727e-02 6.901713459155625618e-02 2.941383685531216707e-02 8.619448952360105748e-03 1.406506171655394141e-02 5.074739930024690926e-03 2.168974452847058625e-03
4.388748744066008067e-03 8.105526826358804351e-03 1.312643092691115343e-02 5.315996340254403041e-02 5.695753484742750727e-02 1.606693263038814212e-01 2.039251319401549079e-01 8.646413770709909796e-02 2.521338781631730225e-02 4.093259911561461517e-02 1.464804757150582962e-02 5.736167120644592755e-03
5.407362908725733310e-03 9.470639655237648308e-03 1.373299678988505919e-02 5.060136757314094569e-02 6.901713459155625618e-02 2.039251319401549079e-01 2.604232083635296124e-01 1.103945533976796733e-01 3.218247197693765299e-02 5.223144890165238446e-02 1.868284971064749014e-02 7.278712858232228022e-03
2.301476890746765626e-03 4.055509777599511367e-03 5.961801939990431926e-03 2.225181592826785265e-02 2.941383685531216707e-02 8.646413770709909796e-02 1.103945533976796733e-01 4.680180367994839913e-02 1.364430176661211164e-02 2.214526251326443332e-02 7.921611324883563038e-03 3.087924471198086329e-03
6.734986188062239490e-04 1.193697205257899727e-03 1.777355156696917805e-03 6.711837494662318063e-03 8.619448952360105748e-03 2.521338781631730225e-02 3.218247197693765299e-02 1.364430176661211164e-02 3.977917201732718289e-03 6.456555487294272748e-03 2.309694324994575679e-03 9.008265048926103295e-04
1.097445389791333386e-03 1.956820632107602112e-03 2.951725825858802013e-03 1.127683638850646673e-02 1.406506171655394141e-02 4.093259911561461517e-02 5.223144890165238446e-02 2.214526251326443332e-02 6.456555487294272748e-03 1.048002237230403685e-02 3.749192904281044292e-03 1.463084971372819332e-03
3.950661074879517143e-04 7.111901060767544759e-04 1.094625219800200722e-03 4.255600627527710358e-03 5.074739930024690926e-03 1.464804757150582962e-02 1.868284971064749014e-02 7.921611324883563038e-03 2.309694324994575679e-03 3.749192904281044292e-03 1.341370539224949563e-03 5.239339276492552353e-04
1.649549241627995978e-04 3.264177414943346986e-04 5.967326976732739621e-04 2.631708936495521286e-03 2.168974452847058625e-03 5.736167120644592755e-03 7.278712858232228022e-03 3.087924471198086329e-03 9.008265048926103295e-04 1.463084971372819332e-03 5.239339276492552353e-04 2.067407976209144555e-04
9.955127888106779510e-02 1.316265720916479365e-01 1.011303638427971663e-01 3.475847307301453692e-02 3.714391513730154470e-02 2.516108782093618920e-02 1.460572945264794649e-02 9.274508806547161407e-03 1.081578896377809185e-02 2.891302052639132397e-02 9.389868854223598627e-02 1.436027722651325167e-01
1.316265720916479365e-01 2.493555083800758632e-01 1.920071686212301842e-01 6.376134262999078040e-02 6.492653669728506993e-02 4.287306999646258582e-02 2.403161413927869944e-02 1.377376346615306370e-02 1.293858906120780652e-02 2.963235166523307124e-02 8.688295008576676914e-02 1.189854792987322107e-01
1.011303638427971663e-01 1.920071686212301842e-01 1.509529730528421099e-01 5.020167994894997321e-02 5.119295015106108820e-02 3.380932945649525040e-02 1.894864982268314527e-02 1.085461451201444848e-02 1.018523348419250914e-02 2.331549016724324477e-02 6.835307751465975745e-02 9.285141446127584408e-02
3.475847307301453692e-02 6.376134262999078040e-02 5.020167994894997321e-02 1.678094093227198297e-02 1.722447768488181291e-02 1.140860748189823429e-02 6.417836400444461992e-03 3.718436228930270017e-03 3.587087569368371115e-03 8.405551846464392324e-03 2.506875495010735949e-02 3.459361420633981499e-02
3.714391513730154470e-02 6.492653669728506993e-02 5.119295015106108820e-02 1.722447768488181291e-02 1.784581911556105960e-02 1.186911406102317268e-02 6.712218142115741748e-03 3.951141127974281374e-03 3.954732836621076102e-03 9.542808447022569848e-03 2.905175211610022332e-02 4.083416007352265453e-02
2.516108782093618920e-02 4.287306999646258582e-02 3.380932945649525040e-02 1.140860748189823429e-02 1.186911406102317268e-02 7.911745225734075071e-03 4.487096124795563086e-03 2.663836725678692639e-03 2.717221360125885408e-03 6.651009966959081643e-03 2.044392161105610187e-02 2.898462094645978468e-02
1.460572945264794649e-02 2.403161413927869944e-02 1.894864982268314527e-02 6.417836400444461992e-03 6.712218142115741748e-03 4.487096124795563086e-03 2.555043663737910885e-03 1.534745348023643877e-03 1.605680301326426005e-03 4.003150023782701961e-03 1.245389897867482318e-02 1.784622992433880506e-02
9.274508806547161407e-03 1.377376346615306370e-02 1.085461451201444848e-02 3.718436228930270017e-03 3.951141127974281374e-03 2.663836725678692639e-03 1.534745348023643877e-03 9.537529848031545913e-04 1.068561067251526603e-03 2.789147513775097620e-03 8.928108419435821716e-03 1.310803834649978614e-02
1.081578896377809185e-02 1.293858906120780652e-02 1.018523348419250914e-02 3.587087569368371115e-03 3.954732836621076102e-03 2.717221360125885408e-03 1.605680301326426005e-03 1.068561067251526603e-03 1.349670599923459948e-03 3.774849987456444129e-03 1.256623786794383579e-02 1.903054964895928639e-02
2.891302052639132397e-02 2.963235166523307124e-02 2.331549016724324477e-02 8.405551846464392324e-03 9.542808447022569848e-03 6.651009966959081643e-03 4.003150023782701961e-03 2.789147513775097620e-03 3.774849987456444129e-03 1.093001679601097141e-02 3.705181714067942722e-02 5.685815967866252041e-02
9.389868854223598627e-02 8.688295008576676914e-02 6.835307751465975745e-02 2.506875495010735949e-02 2.905175211610022332e-02 2.044392161105610187e-02 1.245389897867482318e-02 8.928108419435821716e-03 1.256623786794383579e-02 3.705181714067942722e-02 1.268757691823734213e-01 1.961006149645662944e-01
1.436027722651325167e-01 1.189854792987322107e-01 9.285141446127584408e-02 3.459361420633981499e-02 4.083416007352265453e-02 2.898462094645978468e-02 1.784622992433880506e-02 1.310803834649978614e-02 1.903054964895928639e-02 5.685815967866252041e-02 1.961006149645662944e-01 3.149374811855985001e-01
3.317149557681401545e-02 9.098834693287435882e-02 7.724316607754189157e-02 4.814343892577672979e-02 4.818152319859157762e-02 3.545447111464440637e-02 1.460484188682500961e-02 6.405507997389577567e-03 3.911980597822953265e-03 4.682657082113346296e-03 4.128050762280453465e-03 1.091921663883689206e-02
9.098834693287435882e-02 2.518463510404612693e-01 2.117428930460214243e-01 1.241291396685006987e-01 1.160862007705211196e-01 8.619633055673260602e-02 3.599081535106649771e-02 1.601156067884091858e-02 9.986348456934178788e-03 1.222766105477083448e-02 1.106203767743092932e-02 2.972682561168629722e-02
7.724316607754189157e-02 2.117428930460214243e-01 1.967104333599184185e-01 1.252992858333061288e-01 1.224601931485646833e-01 8.844540153858652942e-02 3.618682778044681608e-02 1.576611666775182968e-02 9.526944701921847766e-03 1.126304623642036991e-02 9.774145275246873613e-03 2.557606160951377688e-02
4.814343892577672979e-02 1.241291396685006987e-01 1.252992858333061288e-01 1.260825368196671903e-01 1.600724168634758970e-01 1.110491712461202651e-01 4.310201748642827208e-02 1.769504980451420614e-02 9.693231147972368802e-03 1.012841382569257959e-02 7.402405099020009129e-03 1.704597449764100672e-02
4.818152319859157762e-02 1.160862007705211196e-01 1.224601931485646833e-01 1.600724168634758970e-01 2.465000691344008676e-01 1.701821428594651464e-01 6.480139352328873059e-02 2.598494055637620356e-02 1.363820188182164606e-02 1.338245271429076844e-02 8.767525848266247146e-03 1.819231281414186024e-02
3.545447111464440637e-02 8.619633055673260602e-02 8.844540153858652942e-02 1.110491712461202651e-01 1.701821428594651464e-01 1.194455681710724915e-01 4.558743841240999600e-02 1.831593044250074201e-02 9.649449543148520131e-03 9.525791616598212191e-03 6.314493214030599683e-03 1.326933802146863448e-02
1.460484188682500961e-02 3.599081535106649771e-02 3.618682778044681608e-02 4.310201748642827208e-02 6.480139352328873059e-02 4.558743841240999600e-02 1.746291038769721971e-02 7.042305992111062146e-03 3.735523243350168283e-03 3.726248446462143878e-03 2.517983048261157770e-03 5.396273732925446071e-03
6.405507997389577567e-03 1.601156067884091858e-02 1.576611666775182968e-02 1.769504980451420614e-02 2.598494055637620356e-02 1.831593044250074201e-02 7.042305992111062146e-03 2.853152057417289965e-03 1.526209912359206139e-03 1.541693857716944140e-03 1.065437734489172415e-03 2.334107209654179196e-03
3.911980597822953265e-03 9.986348456934178788e-03 9.526944701921847766e-03 9.693231147972368802e-03 1.363820188182164606e-02 9.649449543148520131e-03 3.735523243350168283e-03 1.526209912359206139e-03 8.290883509781180570e-04 8.564891864583689188e-04 6.149308617157670702e-04 1.395505186369667538e-03
4.682657082113346296e-03 1.222766105477083448e-02 1.126304623642036991e-02 1.012841382569257959e-02 1.338245271429076844e-02 9.525791616598212191e-03 3.726248446462143878e-03 1.541693857716944140e-03 8.564891864583689188e-04 9.129502247584706702e-04 6.888727233141636510e-04 1.630833732926800133e-03
4.128050762280453465e-03 1.106203767743092932e-02 9.774145275246873613e-03 7.402405099020009129e-03 8.767525848266247146e-03 6.314493214030599683e-03 2.517983048261157770e-03 1.065437734489172415e-03 6.149308617157670702e-04 6.888727233141636510e-04 5.585205699983807016e-04 1.396759861936190629e-03
1.091921663883689206e-02 2.972682561168629722e-02 2.557606160951377688e-02 1.704597449764100672e-02 1.819231281414186024e-02 1.326933802146863448e-02 5.396273732925446071e-03 2.334107209654179196e-03 1.395505186369667538e-03 1.630833732926800133e-03 1.396759861936190629e-03 3.626924306816334612e-03
3.559005561838704534e-01 1.522697781959456709e-01 4.583269234062084529e-02 2.320755977373681334e-02 9.119174819802818369e-03 9.525168257106177150e-03 1.288568801066506016e-02 5.079627724131053484e-02 8.758866884508173523e-02 7.388127643038917836e-02 1.023572125132962696e-01 1.636827861902450110e-01
1.522697781959456709e-01 6.732364453266895254e-02 2.078629828973962285e-02 1.103963023775065763e-02 4.616532070682771716e-03 5.249698991517403462e-03 7.397057742070592759e-03 2.945353008179237703e-02 5.119774416204482537e-02 4.233260514628910814e-02 5.414760304260043955e-02 7.476361712643989077e-02
4.583269234062084529e-02 2.078629828973962285e-02 6.647039815892773901e-03 3.750212189774964570e-03 1.681416972693802921e-03 2.074907620423645585e-03 3.026816832816840545e-03 1.215073627338431050e-02 2.126018376514291625e-02 1.732757397712788444e-02 2.075218910481541057e-02 2.455848412935602090e-02
2.320755977373681334e-02 1.103963023775065763e-02 3.750212189774964570e-03 2.328469357965902691e-03 1.147051335840207700e-03 1.553909848073422272e-03 2.347625154785724054e-03 9.498856756735174489e-03 1.672429759804259369e-02 1.343919815825492248e-02 1.501948310175966680e-02 1.449392114353733815e-02
9.119174819802818369e-03 4.616532070682771716e-03 1.681416972693802921e-03 1.147051335840207700e-03 6.112435655657453074e-04 8.845179550824289715e-04 1.366367032025302825e-03 5.555358273705427938e-03 9.818087574823084612e-03 7.819870590428179905e-03 8.349467201451861442e-03 6.805227489995651323e-03
9.525168257106177150e-03 5.249698991517403462e-03 2.074907620423645585e-03 1.553909848073422272e-03 8.845179550824289715e-04 1.343972377115438838e-03 2.108013035570093906e-03 8.598601428784966721e-03 1.523452055118797166e-02 1.206048449410443077e-02 1.246846117795741976e-02 8.803599977354952671e-03
1.288568801066506016e-02 7.397057742070592759e-03 3.026816832816840545e-03 2.347625154785724054e-03 1.366367032025302825e-03 2.108013035570093906e-03 3.321668178399276965e-03 1.356227138875988093e-02 2.404667571638792467e-02 1.900129534635270137e-02 1.945008960690474548e-02 1.307627031180869266e-02
5.079627724131053484e-02 2.945353008179237703e-02 1.215073627338431050e-02 9.498856756735174489e-03 5.555358273705427938e-03 8.598601428784966721e-03 1.356227138875988093e-02 5.538590566580601365e-02 9.821768771944178189e-02 7.757770521003590214e-02 7.924084288583177482e-02 5.270579705402100856e-02
8.758866884508173523e-02 5.119774416204482537e-02 2.126018376514291625e-02 1.672429759804259369e-02 9.818087574823084612e-03 1.523452055118797166e-02 2.404667571638792467e-02 9.821768771944178189e-02 1.742336549889758335e-01 1.376216746993279283e-01 1.404104651256481429e-01 9.261396218185660723e-02
7.388127643038917836e-02 4.233260514628910814e-02 1.732757397712788444e-02 1.343919815825492248e-02 7.819870590428179905e-03 1.206048449410443077e-02 1.900129534635270137e-02 7.757770521003590214e-02 1.376216746993279283e-01 1.094182548408496186e-01 1.129802497831912805e-01 7.603354641832904548e-02
1.023572125132962696e-01 5.414760304260043955e-02 2.075218910481541057e-02 1.501948310175966680e-02 8.349467201451861442e-03 1.246846117795741976e-02 1.945008960690474548e-02 7.924084288583177482e-02 1.404104651256481429e-01 1.129802497831912805e-01 1.225730657796333112e-01 9.123888072671468286e-02
1.636827861902450110e-01 7.476361712643989077e-02 2.455848412935602090e-02 1.449392114353733815e-02 6.805227489995651323e-03 8.803599977354952671e-03 1.307627031180869266e-02 5.270579705402100856e-02 9.261396218185660723e-02 7.603354641832904548e-02 9.123888072671468286e-02 1.009125247132567210e-01
2.801198933921108039e-02 2.693138487254575705e-02 1.145996270852453133e-02 1.402451483404423133e-02 2.381423613752525759e-02 5.111118839712587569e-02 2.444242452573841193e-02 4.830038453390739922e-02 3.490526772433689279e-02 4.330652104021034954e-02 8.107197437129631812e-02 2.631357302552508534e-02
