2.663848923089030540e-01 2.601722825648736803e-01 1.437371789551213919e-01 4.299837302313118392e-02 -2.223655089523002976e-02 -4.729098543534866750e-02 -6.351572325265023022e-02 -3.720901755752312884e-02 1.853353655486122270e-02 7.485738306578026968e-02 1.100521116778719610e-01 1.932562229600199299e-01
2.601722825648736803e-01 4.012546206098294710e-01 2.428899592644882810e-01 1.323288360316111634e-01 5.801865158065595829e-02 5.465733695378250170e-03 -3.155079353367963579e-02 -4.765365433733791817e-02 -3.217896184241582358e-02 3.071647811141609008e-03 5.771395944349723417e-02 1.499471802336154735e-01
1.437371789551213919e-01 2.428899592644882810e-01 2.312176110147249886e-01 1.794005223630304457e-01 1.274930964676798117e-01 7.116436148574642462e-02 3.693869116892242732e-02 -1.578731247341629007e-02 -5.177324612008897542e-02 -5.911477154892889885e-02 -1.419420788552366516e-02 5.206566605547283816e-02
4.299837302313118392e-02 1.323288360316111634e-01 1.794005223630304457e-01 2.022229077348051685e-01 1.822217101075707113e-01 1.250352006120868109e-01 9.826231089248622930e-02 2.924419168350176484e-02 -4.398833630593485672e-02 -8.555430622834817034e-02 -6.104546529442517189e-02 -2.835053701130224937e-02
-2.223655089523002976e-02 5.801865158065595829e-02 1.274930964676798117e-01 1.822217101075707113e-01 2.085147713060566677e-01 1.647848780807055213e-01 1.521595770461277586e-01 8.137024816078500256e-02 -1.120988899893861704e-02 -7.851308499144594999e-02 -7.529803807543131167e-02 -6.936366823373393831e-02
-4.729098543534866750e-02 5.465733695378250170e-03 7.116436148574642462e-02 1.250352006120868109e-01 1.647848780807055213e-01 1.688155113018309783e-01 1.933194976489903683e-01 1.325984627345229705e-01 4.409362243125163061e-02 -3.243568344832238604e-02 -5.390671853370970767e-02 -6.701178878003555273e-02
-6.351572325265023022e-02 -3.155079353367963579e-02 3.693869116892242732e-02 9.826231089248622930e-02 1.521595770461277586e-01 1.933194976489903683e-01 2.931255222539560501e-01 2.385215998277540328e-01 1.352156764748587148e-01 4.026582506006665813e-02 -2.135727352163266368e-02 -5.876529633678703041e-02
-3.720901755752312884e-02 -4.765365433733791817e-02 -1.578731247341629007e-02 2.924419168350176484e-02 8.137024816078500256e-02 1.325984627345229705e-01 2.385215998277540328e-01 3.048033945985742510e-01 2.309726433126847167e-01 1.497065246357704160e-01 5.591161346640795282e-02 1.249456517379488561e-03
1.853353655486122270e-02 -3.217896184241582358e-02 -5.177324612008897542e-02 -4.398833630593485672e-02 -1.120988899893861704e-02 4.409362243125163061e-02 1.352156764748587148e-01 2.309726433126847167e-01 2.737681951486498622e-01 2.392775100391217880e-01 1.276920062472802764e-01 7.463628381057800520e-02
7.485738306578026968e-02 3.071647811141609008e-03 -5.911477154892889885e-02 -8.555430622834817034e-02 -7.851308499144594999e-02 -3.243568344832238604e-02 4.026582506006665813e-02 1.497065246357704160e-01 2.392775100391217880e-01 3.171718485691797929e-01 1.868312346531193491e-01 1.349325183774685855e-01
1.100521116778719610e-01 5.771395944349723417e-02 -1.419420788552366516e-02 -6.104546529442517189e-02 -7.529803807543131167e-02 -5.390671853370970767e-02 -2.135727352163266368e-02 5.591161346640795282e-02 1.276920062472802764e-01 1.868312346531193491e-01 1.446857999535801076e-01 1.392159021215675641e-01
1.932562229600199299e-01 1.499471802336154735e-01 5.206566605547283816e-02 -2.835053701130224937e-02 -6.936366823373393831e-02 -6.701178878003555273e-02 -5.876529633678703041e-02 1.249456517379488561e-03 7.463628381057800520e-02 1.349325183774685855e-01 1.392159021215675641e-01 1.880349251999154647e-01
3.556110215654900708e-01 2.337431724715400283e-01 1.226552628385667865e-01 5.113968537404331438e-02 -5.836313923582963671e-03 -4.767290227389409107e-02 -5.913854055072036153e-02 -3.223186288659647680e-02 1.309479619421659129e-02 7.251294069952063381e-02 1.570677612479129959e-01 2.549443702732811512e-01
2.337431724715400283e-01 2.294774575671342798e-01 1.703229691288012659e-01 1.367422537939829708e-01 6.139853702712191885e-02 1.603567801861780981e-02 -3.367883338804021631e-02 -5.004914678987139320e-02 -4.546925202753706458e-02 2.298552447646365869e-03 7.119807741969905179e-02 1.532615862806442630e-01
1.226552628385667865e-01 1.703229691288012659e-01 1.924838218244223076e-01 2.189537295922505122e-01 1.219815417333894036e-01 8.132652865271103315e-02 1.151173181886167886e-02 -4.154732724510278030e-02 -7.252677817382227610e-02 -4.975535240783610091e-02 -1.037072282482447150e-02 5.176878751758894059e-02
5.113968537404331438e-02 1.367422537939829708e-01 2.189537295922505122e-01 3.551314991387275466e-01 2.016533335085609058e-01 1.555590124388078199e-01 7.148675467410849083e-02 -1.540823694365138496e-02 -7.882072926877570218e-02 -8.084801934041367655e-02 -6.808395604673413148e-02 -2.359136760222650328e-02
-5.836313923582963671e-03 6.139853702712191885e-02 1.219815417333894036e-01 2.016533335085609058e-01 1.594635050369898055e-01 1.687034350477960576e-01 1.167919861880518106e-01 4.443855107867133308e-02 -1.577780133508517590e-02 -4.492173942431595263e-02 -5.723967047945593967e-02 -4.492494474886617878e-02
-4.767290227389409107e-02 1.603567801861780981e-02 8.132652865271103315e-02 1.555590124388078199e-01 1.687034350477960576e-01 2.524719499134503442e-01 2.254566198160826707e-01 1.388294811140967644e-01 6.734204866562309988e-02 -2.972307977366132024e-03 -4.636850381440116298e-02 -6.290919997067920266e-02
-5.913854055072036153e-02 -3.367883338804021631e-02 1.151173181886167886e-02 7.148675467410849083e-02 1.167919861880518106e-01 2.254566198160826707e-01 3.006929727602058455e-01 2.281593000215558498e-01 1.649695807476834475e-01 7.163650443484187447e-02 8.854639146503431868e-03 -3.853065890880162658e-02
-3.223186288659647680e-02 -5.004914678987139320e-02 -4.154732724510278030e-02 -1.540823694365138496e-02 4.443855107867133308e-02 1.388294811140967644e-01 2.281593000215558498e-01 2.518964405188772737e-01 2.284196238417977587e-01 1.284374629087234321e-01 6.787574001265789247e-02 1.259794177569026688e-02
1.309479619421659129e-02 -4.546925202753706458e-02 -7.252677817382227610e-02 -7.882072926877570218e-02 -1.577780133508517590e-02 6.734204866562309988e-02 1.649695807476834475e-01 2.284196238417977587e-01 2.954073011965492324e-01 1.872198843634273191e-01 1.278149039420437560e-01 7.201547327818498545e-02
7.251294069952063381e-02 2.298552447646365869e-03 -4.975535240783610091e-02 -8.084801934041367655e-02 -4.492173942431595263e-02 -2.972307977366132024e-03 7.163650443484187447e-02 1.284374629087234321e-01 1.872198843634273191e-01 1.577724115353487111e-01 1.438059330634546551e-01 1.169729641955478266e-01
1.570677612479129959e-01 7.119807741969905179e-02 -1.037072282482447150e-02 -6.808395604673413148e-02 -5.723967047945593967e-02 -4.636850381440116298e-02 8.854639146503431868e-03 6.787574001265789247e-02 1.278149039420437560e-01 1.438059330634546551e-01 1.833563789495983865e-01 1.924021331538452173e-01
2.549443702732811512e-01 1.532615862806442630e-01 5.176878751758894059e-02 -2.359136760222650328e-02 -4.492494474886617878e-02 -6.290919997067920266e-02 -3.853065890880162658e-02 1.259794177569026688e-02 7.201547327818498545e-02 1.169729641955478266e-01 1.924021331538452173e-01 2.662352399931987579e-01
3.123514870578978919e-01 2.293271154996027461e-01 1.543620047513291071e-01 3.845001103100165879e-02 -4.613243474643614200e-02 -7.652819380301240093e-02 -6.520531512864996548e-02 -3.442902236263734733e-02 1.855037858589671934e-02 7.955658928429468202e-02 1.383362282722506720e-01 2.106431466597344093e-01
2.293271154996027461e-01 2.464983903007670341e-01 2.264234172342510787e-01 1.172665864463071361e-01 3.545811827132933081e-02 -2.583738677660911073e-02 -5.183439317618310227e-02 -5.810476876165410892e-02 -3.289420978351611374e-02 1.266382886640936983e-02 7.009541889598100428e-02 1.372931645088319996e-01
1.543620047513291071e-01 2.264234172342510787e-01 3.276374885068846776e-01 2.228058578831545455e-01 1.478561122247906146e-01 6.115007723028891701e-02 -6.773190486081497215e-03 -5.425128207066303582e-02 -6.474659212602643099e-02 -4.725995254893948505e-02 -1.123536305445644538e-03 6.413833761218576401e-02
3.845001103100165879e-02 1.172665864463071361e-01 2.228058578831545455e-01 2.433136847507216260e-01 2.263524552831277237e-01 1.428772819384848680e-01 6.552790562897729820e-02 2.434906793809129243e-03 -4.184911604690982195e-02 -6.088433933242046181e-02 -5.259929322167333082e-02 -2.169445207369399137e-02
-4.613243474643614200e-02 3.545811827132933081e-02 1.478561122247906146e-01 2.263524552831277237e-01 3.096620566750590275e-01 2.247523973053962842e-01 1.374933019014955016e-01 7.233920183351570665e-02 5.643734128425269628e-03 -4.429407121061291336e-02 -7.034596715009791557e-02 -7.266246407210853742e-02
-7.652819380301240093e-02 -2.583738677660911073e-02 6.115007723028891701e-02 1.428772819384848680e-01 2.247523973053962842e-01 2.302334185272192080e-01 1.765705831292829764e-01 1.338654398584746552e-01 7.145035231759258587e-02 1.202836817420561977e-02 -3.961596878165471458e-02 -7.006859795294737014e-02
-6.520531512864996548e-02 -5.183439317618310227e-02 -6.773190486081497215e-03 6.552790562897729820e-02 1.374933019014955016e-01 1.765705831292829764e-01 1.887661954472319159e-01 1.907851977388014264e-01 1.382468123596313769e-01 8.154427003137247609e-02 1.840868284260077301e-02 -3.214183714986262874e-02
-3.442902236263734733e-02 -5.810476876165410892e-02 -5.425128207066303582e-02 2.434906793809129243e-03 7.233920183351570665e-02 1.338654398584746552e-01 1.907851977388014264e-01 2.666726905146361570e-01 2.252082397213080178e-01 1.629746338709479048e-01 8.946508775428677063e-02 2.261438229283649001e-02
1.855037858589671934e-02 -3.289420978351611374e-02 -6.474659212602643099e-02 -4.184911604690982195e-02 5.643734128425269628e-03 7.145035231759258587e-02 1.382468123596313769e-01 2.252082397213080178e-01 2.575023366580977413e-01 2.137539194628482742e-01 1.405607977144139875e-01 7.624591885745385378e-02
7.955658928429468202e-02 1.266382886640936983e-02 -4.725995254893948505e-02 -6.088433933242046181e-02 -4.429407121061291336e-02 1.202836817420561977e-02 8.154427003137247609e-02 1.629746338709479048e-01 2.137539194628482742e-01 2.369104868643308881e-01 1.827703385914521417e-01 1.272476493400925834e-01
1.383362282722506720e-01 7.009541889598100428e-02 -1.123536305445644538e-03 -5.259929322167333082e-02 -7.034596715009791557e-02 -3.961596878165471458e-02 1.840868284260077301e-02 8.946508775428677063e-02 1.405607977144139875e-01 1.827703385914521417e-01 1.855266720543867209e-01 1.631529876226305853e-01
2.106431466597344093e-01 1.372931645088319996e-01 6.413833761218576401e-02 -2.169445207369399137e-02 -7.266246407210853742e-02 -7.006859795294737014e-02 -3.214183714986262874e-02 2.261438229283649001e-02 7.624591885745385378e-02 1.272476493400925834e-01 1.631529876226305853e-01 1.949250926427703312e-01
2.233632557756183579e-01 1.902410735090198646e-01 1.287130364942725147e-01 2.169027652305721005e-02 -5.893775401771839118e-02 -5.360261032939533932e-02 -7.583257474580512580e-02 -4.766708350533368360e-02 1.475211766364335070e-02 9.211613334032131561e-02 1.502107283756941303e-01 1.955139360241933688e-01
1.902410735090198646e-01 2.184419358951340262e-01 2.054553195129443788e-01 1.127086381154766143e-01 1.533139102100455203e-02 -3.084670381730642008e-02 -7.682819295098489154e-02 -6.994434296536836126e-02 -2.322430586821672832e-02 4.208069846341386255e-02 9.966517439883300356e-02 1.449432107527042213e-01
1.287130364942725147e-01 2.054553195129443788e-01 3.150658182152093478e-01 2.637744990559918179e-01 1.566450332459102812e-01 2.964101837655115992e-02 -3.592428705953899098e-02 -5.938263179696331995e-02 -4.501829170325229862e-02 -1.365938974922201697e-02 3.079143568373363810e-02 7.445011019261624230e-02
2.169027652305721005e-02 1.127086381154766143e-01 2.637744990559918179e-01 3.866051346988348403e-01 2.770600782630303072e-01 1.011462999167402066e-01 5.251948869285728155e-02 5.986217599354368493e-03 -2.586558655492289527e-02 -4.976826489600420789e-02 -4.899870332496950726e-02 -2.721127518594681355e-02
-5.893775401771839118e-02 1.533139102100455203e-02 1.566450332459102812e-01 2.770600782630303072e-01 3.240585498924090091e-01 1.409560897596229545e-01 1.222468902114428324e-01 7.812312270841519080e-02 2.092746130871443733e-02 -3.872292921163496271e-02 -7.504198320029278890e-02 -8.139401443680385762e-02
-5.360261032939533932e-02 -3.084670381730642008e-02 2.964101837655115992e-02 1.011462999167402066e-01 1.409560897596229545e-01 8.662849049637233456e-02 1.184695506107588392e-01 1.047907672101680843e-01 6.126749720175510283e-02 1.632665247075520965e-02 -2.690960539092927817e-02 -4.971374868125448543e-02
-7.583257474580512580e-02 -7.682819295098489154e-02 -3.592428705953899098e-02 5.251948869285728155e-02 1.222468902114428324e-01 1.184695506107588392e-01 2.328728481167583741e-01 2.378673555272862450e-01 1.617545027894158605e-01 9.470714214400191566e-02 1.070601633520212870e-02 -4.640091718588808950e-02
-4.766708350533368360e-02 -6.994434296536836126e-02 -5.938263179696331995e-02 5.986217599354368493e-03 7.812312270841519080e-02 1.047907672101680843e-01 2.378673555272862450e-01 3.138197002494776955e-01 2.258384613549732634e-01 1.568296779766612525e-01 6.662330619608132498e-02 -2.094616533705849146e-03
1.475211766364335070e-02 -2.322430586821672832e-02 -4.501829170325229862e-02 -2.586558655492289527e-02 2.092746130871443733e-02 6.126749720175510283e-02 1.617545027894158605e-01 2.258384613549732634e-01 2.264708349319132508e-01 1.972864076165715130e-01 1.217056439216805258e-01 6.131108588797687386e-02
9.211613334032131561e-02 4.208069846341386255e-02 -1.365938974922201697e-02 -4.976826489600420789e-02 -3.872292921163496271e-02 1.632665247075520965e-02 9.470714214400191566e-02 1.568296779766612525e-01 1.972864076165715130e-01 2.416770758534613206e-01 1.918869392333096835e-01 1.380382395717003607e-01
1.502107283756941303e-01 9.966517439883300356e-02 3.079143568373363810e-02 -4.899870332496950726e-02 -7.504198320029278890e-02 -2.690960539092927817e-02 1.070601633520212870e-02 6.662330619608132498e-02 1.217056439216805258e-01 1.918869392333096835e-01 2.137047873678361021e-01 1.894931797414001751e-01
1.955139360241933688e-01 1.449432107527042213e-01 7.445011019261624230e-02 -2.721127518594681355e-02 -8.139401443680385762e-02 -4.971374868125448543e-02 -4.640091718588808950e-02 -2.094616533705849146e-03 6.131108588797687386e-02 1.380382395717003607e-01 1.894931797414001751e-01 2.172915685069752856e-01
3.020569202356769845e-01 2.395728838312839448e-01 1.237785356589418961e-01 5.944318045467916062e-02 -4.773683344303320149e-03 -4.917375177714210233e-02 -6.147167699863831380e-02 -4.989683233519284777e-02 -2.010121463544342624e-02 4.386019690247841551e-02 1.444664120375445115e-01 2.396371140191657090e-01
2.395728838312839448e-01 2.899292084473236164e-01 1.845690897566955868e-01 1.412674611133089564e-01 6.391978846668013026e-02 -5.717928715833989900e-04 -5.155986351719046845e-02 -7.292302187894106336e-02 -7.723456054718437491e-02 -2.672634182665396818e-02 4.914468344348174589e-02 1.507533357400566987e-01
1.237785356589418961e-01 1.845690897566955868e-01 1.701188248301189199e-01 1.895563120099946763e-01 1.214324873306650843e-01 6.812204565440069248e-02 4.332491439614598143e-03 -4.007482443477089484e-02 -6.885565522576078679e-02 -5.134119029282517566e-02 -2.331072377669702461e-02 4.882533104307312799e-02
5.944318045467916062e-02 1.412674611133089564e-01 1.895563120099946763e-01 3.059364203863229603e-01 2.237044681657470169e-01 1.653050794385904076e-01 7.953312674379192648e-02 5.578059691677482446e-03 -5.052137865600718480e-02 -6.310717602160975659e-02 -7.058161433519152816e-02 -1.980028085814133226e-02
-4.773683344303320149e-03 6.391978846668013026e-02 1.214324873306650843e-01 2.237044681657470169e-01 2.286076196766091972e-01 2.130273908680647976e-01 1.336998788071840361e-01 6.411143775241896769e-02 1.256392815291907522e-02 -2.759090955571041198e-02 -6.021416369661505841e-02 -5.004929525215930791e-02
-4.917375177714210233e-02 -5.717928715833989900e-04 6.812204565440069248e-02 1.653050794385904076e-01 2.130273908680647976e-01 2.790687539505990467e-01 2.047292959788847011e-01 1.323291507956862456e-01 8.771459100026876565e-02 2.288630508336387398e-02 -2.907919160938710404e-02 -5.801938039894252719e-02
-6.147167699863831380e-02 -5.155986351719046845e-02 4.332491439614598143e-03 7.953312674379192648e-02 1.336998788071840361e-01 2.047292959788847011e-01 2.043444780399503724e-01 1.679704724321345877e-01 1.462382522414094055e-01 7.684716568659782920e-02 2.903448995555981543e-02 -3.059461721744870591e-02
-4.989683233519284777e-02 -7.292302187894106336e-02 -4.007482443477089484e-02 5.578059691677482446e-03 6.411143775241896769e-02 1.323291507956862456e-01 1.679704724321345877e-01 1.897782727494728983e-01 2.044777700711362667e-01 1.258968959829711576e-01 8.534610907340361985e-02 1.095272712023464406e-02
-2.010121463544342624e-02 -7.723456054718437491e-02 -6.885565522576078679e-02 -5.052137865600718480e-02 1.256392815291907522e-02 8.771459100026876565e-02 1.462382522414094055e-01 2.044777700711362667e-01 2.844020842085683287e-01 1.901698263640182462e-01 1.542005875032135265e-01 6.844981712392014805e-02
4.386019690247841551e-02 -2.672634182665396818e-02 -5.134119029282517566e-02 -6.310717602160975659e-02 -2.759090955571041198e-02 2.288630508336387398e-02 7.684716568659782920e-02 1.258968959829711576e-01 1.901698263640182462e-01 1.724721839064847773e-01 1.865422948861921726e-01 1.214093920241996194e-01
1.444664120375445115e-01 4.914468344348174589e-02 -2.331072377669702461e-02 -7.058161433519152816e-02 -6.021416369661505841e-02 -2.907919160938710404e-02 2.903448995555981543e-02 8.534610907340361985e-02 1.542005875032135265e-01 1.865422948861921726e-01 2.833124187295217311e-01 2.304636628857471281e-01
2.396371140191657090e-01 1.507533357400566987e-01 4.882533104307312799e-02 -1.980028085814133226e-02 -5.004929525215930791e-02 -5.801938039894252719e-02 -3.059461721744870591e-02 1.095272712023464406e-02 6.844981712392014805e-02 1.214093920241996194e-01 2.304636628857471281e-01 2.899728148393568850e-01
2.537196967611855536e-01 1.928673763184752532e-01 1.217943390164200612e-01 3.434854091798941744e-02 -4.350228891919914742e-02 -6.873041018876163699e-02 -6.153076382309548287e-02 -3.701104670153988752e-02 1.548598584911959307e-02 8.920782620810899233e-02 1.664227472317230394e-01 2.153494273182688934e-01
1.928673763184752532e-01 2.233468396354022500e-01 2.067534855643670677e-01 1.331325535667063353e-01 1.593234441135419482e-02 -5.939321995376124763e-02 -8.229658503871220554e-02 -7.944758260749956724e-02 -3.148755794170179922e-02 1.005473384325179971e-02 7.132307323388339948e-02 1.276792002030601725e-01
1.217943390164200612e-01 2.067534855643670677e-01 2.920505172854482856e-01 2.647051241163709268e-01 1.261033526791507930e-01 5.628637778350573800e-03 -5.471893469533797849e-02 -7.729198638665008003e-02 -5.186058272705613981e-02 -4.674628219102573007e-02 -1.300746423872462323e-02 4.532318734807064264e-02
3.434854091798941744e-02 1.331325535667063353e-01 2.647051241163709268e-01 4.245855836507037573e-01 2.556808114760484307e-01 1.189703864660973665e-01 3.385248243815909552e-02 -1.304775278420520698e-02 -2.989518655281901346e-02 -5.587027934992944839e-02 -6.096151966217505658e-02 -2.887897244976322247e-02
-4.350228891919914742e-02 1.593234441135419482e-02 1.261033526791507930e-01 2.556808114760484307e-01 2.862565794204223746e-01 2.066869709819437184e-01 1.363576534223587267e-01 9.423139498148649928e-02 3.419270498893745014e-02 -2.332008810868805692e-03 -3.937871944481229763e-02 -5.299599033280494309e-02
-6.873041018876163699e-02 -5.939321995376124763e-02 5.628637778350573800e-03 1.189703864660973665e-01 2.066869709819437184e-01 2.248757191678059930e-01 1.916594740620539139e-01 1.593455163591437629e-01 8.045220090982191374e-02 5.256910198860655081e-02 8.403381669447306315e-03 -3.659444045596644407e-02
-6.153076382309548287e-02 -8.229658503871220554e-02 -5.471893469533797849e-02 3.385248243815909552e-02 1.363576534223587267e-01 1.916594740620539139e-01 2.214070811562086349e-01 2.084251909176208506e-01 1.116035427256707735e-01 8.997070044927721333e-02 4.987887250243580595e-02 -7.988417874640257182e-03
-3.701104670153988752e-02 -7.944758260749956724e-02 -7.729198638665008003e-02 -1.304775278420520698e-02 9.423139498148649928e-02 1.593455163591437629e-01 2.084251909176208506e-01 2.369307235815035217e-01 1.346245130660407574e-01 1.228536303705503319e-01 9.045560048139969500e-02 2.854289903039559234e-02
1.548598584911959307e-02 -3.148755794170179922e-02 -5.186058272705613981e-02 -2.989518655281901346e-02 3.419270498893745014e-02 8.045220090982191374e-02 1.116035427256707735e-01 1.346245130660407574e-01 9.413658567824437218e-02 1.126358130852184308e-01 1.078181481035174888e-01 6.350903521490866566e-02
8.920782620810899233e-02 1.005473384325179971e-02 -4.674628219102573007e-02 -5.587027934992944839e-02 -2.332008810868805692e-03 5.256910198860655081e-02 8.997070044927721333e-02 1.228536303705503319e-01 1.126358130852184308e-01 1.825475462637520252e-01 2.112445723748800908e-01 1.495477307452182103e-01
1.664227472317230394e-01 7.132307323388339948e-02 -1.300746423872462323e-02 -6.096151966217505658e-02 -3.937871944481229763e-02 8.403381669447306315e-03 4.987887250243580595e-02 9.045560048139969500e-02 1.078181481035174888e-01 2.112445723748800908e-01 3.079171393605636409e-01 2.342418008458841683e-01
2.153494273182688934e-01 1.276792002030601725e-01 4.532318734807064264e-02 -2.887897244976322247e-02 -5.299599033280494309e-02 -3.659444045596644407e-02 -7.988417874640257182e-03 2.854289903039559234e-02 6.350903521490866566e-02 1.495477307452182103e-01 2.342418008458841683e-01 2.522259880387738296e-01
2.478312935106652681e-01 1.921583597535950483e-01 1.190397478907715134e-01 5.585119543657271479e-02 5.684129213283870170e-03 -3.411654392185323181e-02 -6.075652322678228023e-02 -6.521236887125636539e-02 -3.116684359641692242e-02 5.122393259418234895e-02 1.560810852224414069e-01 2.436534209080919167e-01
1.921583597535950483e-01 2.130750177593561112e-01 1.804061658790835909e-01 1.319939459235678347e-01 8.867087610316000401e-02 2.055633465477850474e-02 -3.434330953658718683e-02 -7.002209365606870684e-02 -6.697080001265975913e-02 -1.192701315249758767e-02 7.056001723959751115e-02 1.501193662742463797e-01
1.190397478907715134e-01 1.804061658790835909e-01 2.173081659767246987e-01 2.003295925331498029e-01 1.676120754251643197e-01 8.511874754228931916e-02 1.792248370584257136e-02 -3.858023867151224445e-02 -6.475267508828121132e-02 -4.926998260720391598e-02 -6.800925500957379077e-03 5.978254319089281593e-02
5.585119543657271479e-02 1.319939459235678347e-01 2.003295925331498029e-01 2.451828140359995634e-01 2.381128329668555643e-01 1.403554434533269002e-01 7.190988120220631608e-02 1.049106814270533983e-02 -3.621208869971583033e-02 -5.560612746202134304e-02 -5.235630771864039495e-02 -9.605824473178006112e-03
5.684129213283870170e-03 8.867087610316000401e-02 1.676120754251643197e-01 2.381128329668555643e-01 3.171447948187609556e-01 1.982564801945394528e-01 1.267991086081961538e-01 6.874919019302896950e-02 1.090646929874158552e-02 -4.000854693539362961e-02 -7.104353746378214152e-02 -5.589484277944473112e-02
-3.411654392185323181e-02 2.055633465477850474e-02 8.511874754228931916e-02 1.403554434533269002e-01 1.982564801945394528e-01 1.662448833841179419e-01 1.453817919353435628e-01 1.206313222129898749e-01 7.597547668368428986e-02 1.339706550725781181e-02 -4.177135173572532612e-02 -6.163453483206386002e-02
-6.075652322678228023e-02 -3.434330953658718683e-02 1.792248370584257136e-02 7.190988120220631608e-02 1.267991086081961538e-01 1.453817919353435628e-01 1.833506806418603308e-01 1.981526968045013160e-01 1.576581547170256004e-01 8.020965725304338156e-02 1.692493715996781171e-03 -5.488894978846477202e-02
-6.521236887125636539e-02 -7.002209365606870684e-02 -3.858023867151224445e-02 1.049106814270533983e-02 6.874919019302896950e-02 1.206313222129898749e-01 1.981526968045013160e-01 2.795315726133669187e-01 2.487524300469714789e-01 1.531007485513355415e-01 6.157222796781173374e-02 -2.482922216507467417e-02
-3.116684359641692242e-02 -6.697080001265975913e-02 -6.475267508828121132e-02 -3.621208869971583033e-02 1.090646929874158552e-02 7.597547668368428986e-02 1.576581547170256004e-01 2.487524300469714789e-01 3.111056810823640828e-01 2.131415818204887291e-01 1.266104932497987834e-01 3.726896033661912522e-02
5.122393259418234895e-02 -1.192701315249758767e-02 -4.926998260720391598e-02 -5.560612746202134304e-02 -4.000854693539362961e-02 1.339706550725781181e-02 8.020965725304338156e-02 1.531007485513355415e-01 2.131415818204887291e-01 2.112390551054754706e-01 1.868457061256013907e-01 1.271901066708867045e-01
1.560810852224414069e-01 7.056001723959751115e-02 -6.800925500957379077e-03 -5.235630771864039495e-02 -7.104353746378214152e-02 -4.177135173572532612e-02 1.692493715996781171e-03 6.157222796781173374e-02 1.266104932497987834e-01 1.868457061256013907e-01 2.613221809299546283e-01 2.452259604946365190e-01
2.436534209080919167e-01 1.501193662742463797e-01 5.978254319089281593e-02 -9.605824473178006112e-03 -5.589484277944473112e-02 -6.163453483206386002e-02 -5.488894978846477202e-02 -2.482922216507467417e-02 3.726896033661912522e-02 1.271901066708867045e-01 2.452259604946365190e-01 3.466638601413557508e-01
1.975743013476835008e-01 1.970539378973897304e-01 1.044982288367370116e-01 7.385697208513476719e-02 3.932191530556119682e-03 -5.093777944110623734e-02 -6.012068016312436397e-02 -2.466454091879460853e-02 2.834058616385553078e-02 1.042629622320585259e-01 1.335636732982282970e-01 1.711491975991813741e-01
1.970539378973897304e-01 2.734103595808117793e-01 1.707693601578355314e-01 1.639073515448117024e-01 5.756491175634367852e-02 -3.071830515863749334e-02 -7.107976207024699344e-02 -5.923470969634149486e-02 -1.460363841297522211e-02 3.207295850518518399e-02 7.556957366274930088e-02 1.282519506878516402e-01
1.044982288367370116e-01 1.707693601578355314e-01 1.446697862363478526e-01 2.044373426657276616e-01 9.369393498925113195e-02 2.343141151189218757e-02 -2.722257866073053006e-02 -4.166519863447112199e-02 -2.923736331581729131e-02 -2.528240261976013453e-02 9.219329706213922476e-03 4.958545383844707027e-02
7.385697208513476719e-02 1.639073515448117024e-01 2.044373426657276616e-01 4.572432024219060809e-01 2.091682185840769148e-01 1.115706439372103342e-01 2.470504673514326704e-02 -2.742324842278641775e-02 -4.590649133108666569e-02 -7.856198861597567251e-02 -4.350467092786179657e-02 2.793442650002580553e-03
3.932191530556119682e-03 5.756491175634367852e-02 9.369393498925113195e-02 2.091682185840769148e-01 1.739927241794503587e-01 1.844748841570762743e-01 1.275338019315169769e-01 6.449101829308317990e-02 9.784057021600073376e-04 -4.878191739601765026e-02 -4.386585685880808883e-02 -2.963040493189774208e-02
-5.093777944110623734e-02 -3.071830515863749334e-02 2.343141151189218757e-02 1.115706439372103342e-01 1.844748841570762743e-01 3.131001968116001732e-01 2.669606547929532780e-01 1.764814068979938533e-01 6.132818978342345628e-02 -8.946526134633358066e-04 -3.067144055325343038e-02 -4.817328733128864449e-02
-6.012068016312436397e-02 -7.107976207024699344e-02 -2.722257866073053006e-02 2.470504673514326704e-02 1.275338019315169769e-01 2.669606547929532780e-01 3.466632105998980196e-01 2.404339985145175218e-01 1.043529860376372909e-01 5.838237872294570890e-02 7.169060733227495749e-03 -3.099544126750511386e-02
-2.466454091879460853e-02 -5.923470969634149486e-02 -4.166519863447112199e-02 -2.742324842278641775e-02 6.449101829308317990e-02 1.764814068979938533e-01 2.404339985145175218e-01 2.167143563042042143e-01 1.188769453471116705e-01 1.155134762742403148e-01 6.070730464432017026e-02 1.911945647603460058e-02
2.834058616385553078e-02 -1.460363841297522211e-02 -2.923736331581729131e-02 -4.590649133108666569e-02 9.784057021600073376e-04 6.132818978342345628e-02 1.043529860376372909e-01 1.188769453471116705e-01 1.035660180795441448e-01 1.648867157609950618e-01 1.066487970531751067e-01 6.987483543821387810e-02
1.042629622320585259e-01 3.207295850518518399e-02 -2.528240261976013453e-02 -7.856198861597567251e-02 -4.878191739601765026e-02 -8.946526134633358066e-04 5.838237872294570890e-02 1.155134762742403148e-01 1.648867157609950618e-01 3.595150378655209700e-01 2.338656412230396830e-01 1.675801182828124680e-01
1.335636732982282970e-01 7.556957366274930088e-02 9.219329706213922476e-03 -4.350467092786179657e-02 -4.386585685880808883e-02 -3.067144055325343038e-02 7.169060733227495749e-03 6.070730464432017026e-02 1.066487970531751067e-01 2.338656412230396830e-01 2.139787829364662997e-01 1.838410812209065326e-01
1.711491975991813741e-01 1.282519506878516402e-01 4.958545383844707027e-02 2.793442650002580553e-03 -2.963040493189774208e-02 -4.817328733128864449e-02 -3.099544126750511386e-02 1.911945647603460058e-02 6.987483543821387810e-02 1.675801182828124680e-01 1.838410812209065326e-01 1.995720236365761124e-01
2.313214445971121525e-01 2.170602776488407271e-01 1.457257634053153450e-01 5.660616088715166028e-02 5.095932322827438458e-05 -3.744205080682044828e-02 -4.930699377375754450e-02 -3.981018658875895566e-02 -4.762192891664735264e-03 5.053796354712697392e-02 1.350261033719265535e-01 2.191660179005258668e-01
2.170602776488407271e-01 3.295774322330057848e-01 2.606701765654753089e-01 1.364633721510614683e-01 7.656822870413862447e-02 -3.444229663499354457e-04 -5.151908174501429460e-02 -7.955840626016325023e-02 -7.236352860280195753e-02 -3.947190140154197696e-02 1.974058910789203147e-02 1.152003157655636517e-01
1.457257634053153450e-01 2.606701765654753089e-01 3.046158327896268947e-01 1.783987993440983300e-01 1.355836323134641530e-01 5.593559400508496537e-02 -9.874065140457254780e-03 -6.075208609786551806e-02 -7.822732231786784507e-02 -7.196663040279638324e-02 -4.818931146463557164e-02 3.054860780519670291e-02
5.660616088715166028e-02 1.364633721510614683e-01 1.783987993440983300e-01 1.458101816042990106e-01 1.661876465131924552e-01 1.123816225430884497e-01 5.940535740174799489e-02 8.848744194700762858e-03 -2.841646361500183710e-02 -4.849430943367166735e-02 -5.665149046503484276e-02 -2.296180751201337689e-02
5.095932322827438458e-05 7.656822870413862447e-02 1.355836323134641530e-01 1.661876465131924552e-01 2.817611014537113046e-01 2.323644908133224440e-01 1.659448550992406179e-01 9.958755467723411081e-02 3.002607039534330516e-02 -2.390527000889330900e-02 -6.405422988213387014e-02 -6.246154436448041886e-02
-3.744205080682044828e-02 -3.444229663499354457e-04 5.593559400508496537e-02 1.123816225430884497e-01 2.323644908133224440e-01 2.669761519805681216e-01 2.209750356124670911e-01 1.568313424796278222e-01 8.484290205283478992e-02 2.501908112823947317e-02 -2.385966381732006550e-02 -5.195962778216729749e-02
-4.930699377375754450e-02 -5.151908174501429460e-02 -9.874065140457254780e-03 5.940535740174799489e-02 1.659448550992406179e-01 2.209750356124670911e-01 2.469061819819599879e-01 2.002058232436646767e-01 1.279263798165508892e-01 6.987618921696284180e-02 2.560663453730392669e-02 -2.102555613520355055e-02
-3.981018658875895566e-02 -7.955840626016325023e-02 -6.075208609786551806e-02 8.848744194700762858e-03 9.958755467723411081e-02 1.568313424796278222e-01 2.002058232436646767e-01 2.097148186308535056e-01 1.579620614591620564e-01 1.112215514942929417e-01 8.055421759699354922e-02 2.778160053685889766e-02
-4.762192891664735264e-03 -7.236352860280195753e-02 -7.822732231786784507e-02 -2.841646361500183710e-02 3.002607039534330516e-02 8.484290205283478992e-02 1.279263798165508892e-01 1.579620614591620564e-01 1.524769800939044795e-01 1.366211730436625305e-01 1.316126963081357959e-01 8.469866109924088782e-02
5.053796354712697392e-02 -3.947190140154197696e-02 -7.196663040279638324e-02 -4.849430943367166735e-02 -2.390527000889330900e-02 2.501908112823947317e-02 6.987618921696284180e-02 1.112215514942929417e-01 1.366211730436625305e-01 1.637255161757307231e-01 1.978563069385198825e-01 1.548948278622799268e-01
1.350261033719265535e-01 1.974058910789203147e-02 -4.818931146463557164e-02 -5.665149046503484276e-02 -6.405422988213387014e-02 -2.385966381732006550e-02 2.560663453730392669e-02 8.055421759699354922e-02 1.316126963081357959e-01 1.978563069385198825e-01 3.075236806972699299e-01 2.680970599596618209e-01
2.191660179005258668e-01 1.152003157655636517e-01 3.054860780519670291e-02 -2.296180751201337689e-02 -6.246154436448041886e-02 -5.195962778216729749e-02 -2.102555613520355055e-02 2.778160053685889766e-02 8.469866109924088782e-02 1.548948278622799268e-01 2.680970599596618209e-01 3.595906777619592432e-01
2.063987166468549128e-01 2.259901683976375808e-01 1.548925017016588024e-01 4.484234283517007230e-02 -4.579876087420370334e-02 -7.460332413603983082e-02 -5.326834488451511612e-02 -1.101718511474640040e-02 3.564663787475910728e-02 8.122634458345669162e-02 1.082499431823780722e-01 1.608728922608919087e-01
2.259901683976375808e-01 3.453063606573738009e-01 2.622464499608627708e-01 1.337038714268080353e-01 1.355987760117978273e-02 -5.517697607462641873e-02 -6.939725746070422863e-02 -5.607710195698873551e-02 -2.318279213105087222e-02 1.801749318413539344e-02 6.603861213318343304e-02 1.385980154921975238e-01
1.548925017016588024e-01 2.622464499608627708e-01 3.131466395194489882e-01 2.172407421715306097e-01 1.147719947051298595e-01 2.883714685898062374e-02 -2.883435386443577303e-02 -5.691167063457109460e-02 -5.651989904072247939e-02 -4.114392445736558129e-02 6.601593273850576114e-03 7.278661524158568097e-02
4.484234283517007230e-02 1.337038714268080353e-01 2.172407421715306097e-01 2.599779927458190087e-01 2.288475374829086473e-01 1.482647733525139788e-01 6.162978650171549444e-02 -6.260006982987540575e-03 -4.739658459324806034e-02 -6.717934516570459036e-02 -4.690162467439201038e-02 -1.527162867542761204e-02
-4.579876087420370334e-02 1.355987760117978273e-02 1.147719947051298595e-01 2.288475374829086473e-01 3.269228708937945704e-01 2.541688172721165428e-01 1.518265073406540877e-01 6.815635719372498125e-02 1.471802279808705205e-04 -4.681341553836570329e-02 -6.047098413354565216e-02 -6.836380231739380697e-02
-7.460332413603983082e-02 -5.517697607462641873e-02 2.883714685898062374e-02 1.482647733525139788e-01 2.541688172721165428e-01 2.932890299213093965e-01 2.042186193311258946e-01 1.276023201121948003e-01 6.168577608923282024e-02 1.223475156761476453e-02 -2.931876000680466721e-02 -6.385166584719703664e-02
-5.326834488451511612e-02 -6.939725746070422863e-02 -2.883435386443577303e-02 6.162978650171549444e-02 1.518265073406540877e-01 2.042186193311258946e-01 1.980803628149822582e-01 1.668231739523794721e-01 1.221189839627075530e-01 8.660567586319374567e-02 3.061575581496552012e-02 -1.636342361810915608e-02
-1.101718511474640040e-02 -5.607710195698873551e-02 -5.691167063457109460e-02 -6.260006982987540575e-03 6.815635719372498125e-02 1.276023201121948003e-01 1.668231739523794721e-01 1.977830367782836274e-01 1.837790080010240357e-01 1.616935694175529459e-01 9.482312561376519955e-02 4.426459804288100652e-02
3.564663787475910728e-02 -2.318279213105087222e-02 -5.651989904072247939e-02 -4.739658459324806034e-02 1.471802279808705205e-04 6.168577608923282024e-02 1.221189839627075530e-01 1.837790080010240357e-01 2.229694626495637433e-01 2.271761404168979315e-01 1.450524799277684851e-01 9.509550104323435948e-02
8.122634458345669162e-02 1.801749318413539344e-02 -4.114392445736558129e-02 -6.717934516570459036e-02 -4.681341553836570329e-02 1.223475156761476453e-02 8.660567586319374567e-02 1.616935694175529459e-01 2.271761404168979315e-01 3.036733452529966626e-01 1.986379382135910754e-01 1.423993478915586142e-01
1.082499431823780722e-01 6.603861213318343304e-02 6.601593273850576114e-03 -4.690162467439201038e-02 -6.047098413354565216e-02 -2.931876000680466721e-02 3.061575581496552012e-02 9.482312561376519955e-02 1.450524799277684851e-01 1.986379382135910754e-01 1.645608127703137025e-01 1.446341333605930257e-01
1.608728922608919087e-01 1.385980154921975238e-01 7.278661524158568097e-02 -1.527162867542761204e-02 -6.836380231739380697e-02 -6.385166584719703664e-02 -1.636342361810915608e-02 4.426459804288100652e-02 9.509550104323435948e-02 1.423993478915586142e-01 1.446341333605930257e-01 1.678913693492660730e-01
3.851690376921240722e-01 2.522506949578982027e-01 1.248306511482198122e-01 4.875713622564036009e-02 -4.555878863470395196e-03 -4.066271153798711041e-02 -4.891137118945473178e-02 -7.376759874401185579e-02 -4.731927686446739389e-02 2.476052179690801588e-02 1.397614589766212889e-01 2.529973361128829978e-01
2.522506949578982027e-01 2.572910781449740947e-01 1.741033926345645355e-01 1.304501047275966330e-01 7.072849772683732772e-02 3.489470574196636143e-02 -1.343956762349793679e-02 -6.302331341581181301e-02 -7.198479612783406645e-02 -3.697001662461149585e-02 4.306404054651440105e-02 1.481208625301850546e-01
1.248306511482198122e-01 1.741033926345645355e-01 1.792183555371041903e-01 1.920769717770881568e-01 1.317095640096251630e-01 1.044581956375524867e-01 3.634192141678545956e-02 -1.027756299558397687e-02 -4.632675167445143155e-02 -5.327511815538593654e-02 -2.938158498158617571e-02 4.135429257348501725e-02
4.875713622564036009e-02 1.304501047275966330e-01 1.920769717770881568e-01 2.785182282795787279e-01 2.062760850673758528e-01 1.773272293570262170e-01 8.677884155516563114e-02 4.545895166843361840e-02 -1.325363315569928063e-02 -5.525128025460800119e-02 -7.397649553985875814e-02 -3.081134452750219910e-02
-4.555878863470395196e-03 7.072849772683732772e-02 1.317095640096251630e-01 2.062760850673758528e-01 1.980241991003786894e-01 1.973542067601439520e-01 1.058590433146992804e-01 7.900028528051741827e-02 2.646894497904446475e-02 -2.614014133529195608e-02 -6.571096698514905521e-02 -5.354796942694230177e-02
-4.066271153798711041e-02 3.489470574196636143e-02 1.044581956375524867e-01 1.773272293570262170e-01 1.973542067601439520e-01 2.432449453499013758e-01 1.430337194054745742e-01 1.310039444513637075e-01 7.880356326475387863e-02 1.162393951106416995e-02 -5.178335144840336135e-02 -6.741420550039825543e-02
-4.891137118945473178e-02 -1.343956762349793679e-02 3.634192141678545956e-02 8.677884155516563114e-02 1.058590433146992804e-01 1.430337194054745742e-01 1.098546937605795609e-01 1.409232750920749178e-01 1.154214901356166584e-01 6.227512562497248411e-02 5.534049852136095279e-03 -3.803622316376084611e-02
-7.376759874401185579e-02 -6.302331341581181301e-02 -1.027756299558397687e-02 4.545895166843361840e-02 7.900028528051741827e-02 1.310039444513637075e-01 1.409232750920749178e-01 2.501447994744353531e-01 2.404021887179834116e-01 1.624190024945942890e-01 8.202034921987896854e-02 -1.581359805450634204e-02
-4.731927686446739389e-02 -7.198479612783406645e-02 -4.632675167445143155e-02 -1.325363315569928063e-02 2.646894497904446475e-02 7.880356326475387863e-02 1.154214901356166584e-01 2.404021887179834116e-01 3.124413273890312426e-01 2.318695048790547220e-01 1.524244185854820022e-01 3.921453985616971116e-02
2.476052179690801588e-02 -3.697001662461149585e-02 -5.327511815538593654e-02 -5.525128025460800119e-02 -2.614014133529195608e-02 1.162393951106416995e-02 6.227512562497248411e-02 1.624190024945942890e-01 2.318695048790547220e-01 2.455637005437902587e-01 2.104201440113729338e-01 1.102393023521267279e-01
1.397614589766212889e-01 4.306404054651440105e-02 -2.938158498158617571e-02 -7.397649553985875814e-02 -6.571096698514905521e-02 -5.178335144840336135e-02 5.534049852136095279e-03 8.202034921987896854e-02 1.524244185854820022e-01 2.104201440113729338e-01 2.762844543002139774e-01 2.111773432086707092e-01
