1.782567465652005745e-01 3.087787351771192346e-01 1.223544672815436024e-01 4.027658699270614262e-02 1.050001402770255748e-02 -6.081243917912600161e-03 -3.312909189670147636e-02 -5.979487381227620302e-02 -8.366792567299215222e-02 -1.425356755560587829e-01
3.087787351771192346e-01 6.662401138116194055e-01 2.779105580496236128e-01 1.037412340625955554e-01 4.904635382087688122e-02 3.840650097280457614e-02 8.438986739468443132e-02 8.351363187724321346e-02 9.757017950394233571e-03 -1.287265374289716935e-01
1.223544672815436024e-01 2.779105580496236128e-01 1.192118873767503417e-01 4.594089775274448617e-02 2.380887386801186500e-02 2.210859183798183705e-02 5.337600054624380697e-02 5.928180978353971009e-02 2.526055493237095578e-02 -3.495458147394085030e-02
4.027658699270614262e-02 1.037412340625955554e-01 4.594089775274448617e-02 1.869679525197894682e-02 1.113537297180315286e-02 1.254856049056652691e-02 3.289837597895682586e-02 3.964554288449684272e-02 2.467740246239021745e-02 7.944907384376073039e-04
1.050001402770255748e-02 4.904635382087688122e-02 2.380887386801186500e-02 1.113537297180315286e-02 8.701397494417860423e-03 1.258563355033400638e-02 3.573222761303845169e-02 4.594110726393679789e-02 3.517916513326165007e-02 2.173279803185809711e-02
-6.081243917912600161e-03 3.840650097280457614e-02 2.210859183798183705e-02 1.254856049056652691e-02 1.258563355033400638e-02 2.109620036192548162e-02 6.218246585778692409e-02 8.191021170872476997e-02 6.687945671968444084e-02 5.259659501283400068e-02
-3.312909189670147636e-02 8.438986739468443132e-02 5.337600054624380697e-02 3.289837597895682586e-02 3.573222761303845169e-02 6.218246585778692409e-02 1.851142908639684670e-01 2.447350242678151266e-01 2.015585937981703990e-01 1.646105325799648855e-01
-5.979487381227620302e-02 8.351363187724321346e-02 5.928180978353971009e-02 3.964554288449684272e-02 4.594110726393679789e-02 8.191021170872476997e-02 2.447350242678151266e-01 3.303408050384956107e-01 2.745650013653143096e-01 2.301716991580906591e-01
-8.366792567299215222e-02 9.757017950394233571e-03 2.526055493237095578e-02 2.467740246239021745e-02 3.517916513326165007e-02 6.687945671968444084e-02 2.015585937981703990e-01 2.745650013653143096e-01 2.418590340634600433e-01 2.184002094284271112e-01
-1.425356755560587829e-01 -1.287265374289716935e-01 -3.495458147394085030e-02 7.944907384376073039e-04 2.173279803185809711e-02 5.259659501283400068e-02 1.646105325799648855e-01 2.301716991580906591e-01 2.184002094284271112e-01 2.304827291721834315e-01
1.403926320190759108e-02 2.403436100176992163e-02 6.652391155588321947e-02 3.383284736626075706e-02 6.872918448021901258e-03 -1.476676270681816054e-02 -1.582049969221847874e-02 -4.069957192732449186e-02 -5.873972948118078019e-02 -3.677570996318516722e-02
2.403436100176992163e-02 5.740684019736361221e-02 1.720232915609109514e-01 9.762860751136345772e-02 4.737213377802255987e-02 3.954698134590949737e-02 -1.158513574543796557e-03 -3.895380485324428238e-02 -6.629565555501482077e-02 -4.679376710294449321e-02
6.652391155588321947e-02 1.720232915609109514e-01 5.267532674842426710e-01 3.006833749547707657e-01 1.576747774242414912e-01 1.586141111190379205e-01 1.640991968069423906e-02 -8.467150235390134838e-02 -1.578820038175382523e-01 -1.171558176918805622e-01
3.383284736626075706e-02 9.762860751136345772e-02 3.006833749547707657e-01 1.848527309687716946e-01 1.141226830794803415e-01 1.469217301249798879e-01 3.300608410910239182e-02 -1.872157794327120039e-02 -5.727833507520195544e-02 -4.893095751038814556e-02
6.872918448021901258e-03 4.737213377802255987e-02 1.576747774242414912e-01 1.141226830794803415e-01 1.040632584239641056e-01 1.910010780424986621e-01 6.639714792481260508e-02 5.579925655281153807e-02 4.629040591347424044e-02 1.738541627783854460e-02
-1.476676270681816054e-02 3.954698134590949737e-02 1.586141111190379205e-01 1.469217301249798879e-01 1.910010780424986621e-01 4.219373107366762299e-01 1.641125478977622787e-01 1.847825290346888361e-01 1.965412142775601612e-01 1.024434314945208147e-01
-1.582049969221847874e-02 -1.158513574543796557e-03 1.640991968069423906e-02 3.300608410910239182e-02 6.639714792481260508e-02 1.641125478977622787e-01 7.291059028836072153e-02 1.017657858491111955e-01 1.206330908707962807e-01 6.703956720867992880e-02
-4.069957192732449186e-02 -3.895380485324428238e-02 -8.467150235390134838e-02 -1.872157794327120039e-02 5.579925655281153807e-02 1.847825290346888361e-01 1.017657858491111955e-01 1.820603695119046295e-01 2.369917656437386944e-01 1.373629859016089472e-01
-5.873972948118078019e-02 -6.629565555501482077e-02 -1.578820038175382523e-01 -5.727833507520195544e-02 4.629040591347424044e-02 1.965412142775601612e-01 1.206330908707962807e-01 2.369917656437386944e-01 3.232394929607695366e-01 1.888299467186082548e-01
-3.677570996318516722e-02 -4.679376710294449321e-02 -1.171558176918805622e-01 -4.893095751038814556e-02 1.738541627783854460e-02 1.024434314945208147e-01 6.703956720867992880e-02 1.373629859016089472e-01 1.888299467186082548e-01 1.127368762260392426e-01
2.831951130042151821e-01 1.290380052795897237e-01 1.118322986598190849e-01 1.495852957830101637e-01 1.339341586739600798e-01 3.196196778196688792e-02 -7.340640398841259684e-02 -1.282170596507103688e-01 -2.263490134820880795e-01 -2.050908903007471473e-01
1.290380052795897237e-01 6.163321583534758091e-02 5.884340653539912175e-02 8.576304465756101614e-02 8.476009403651831031e-02 3.431949032001679195e-02 -8.573787813641084443e-03 -4.571623870265282413e-02 -9.536630509174695569e-02 -9.106915796405344599e-02
1.118322986598190849e-01 5.884340653539912175e-02 6.708290132283592500e-02 1.109750285805322645e-01 1.232843899061207976e-01 7.150853794533085228e-02 4.588847275052562041e-02 -1.157950529802286195e-02 -6.442140551607024312e-02 -7.304079795960011223e-02
1.495852957830101637e-01 8.576304465756101614e-02 1.109750285805322645e-01 1.983249799064127072e-01 2.333171682763087174e-01 1.529415162933853434e-01 1.349516129887635696e-01 2.405208203768866015e-02 -5.938324433127984553e-02 -8.884703560018220037e-02
1.339341586739600798e-01 8.476009403651831031e-02 1.232843899061207976e-01 2.333171682763087174e-01 2.921717070646931980e-01 2.087248996144069335e-01 2.150826138572899948e-01 7.348431998123504394e-02 -1.618814022079700932e-02 -6.701668597439087993e-02
3.196196778196688792e-02 3.431949032001679195e-02 7.150853794533085228e-02 1.529415162933853434e-01 2.087248996144069335e-01 1.773575654063540008e-01 2.249766270658974388e-01 1.128956454893994821e-01 6.421595030266540050e-02 7.223218489397682102e-03
-7.340640398841259684e-02 -8.573787813641084443e-03 4.588847275052562041e-02 1.349516129887635696e-01 2.150826138572899948e-01 2.249766270658974388e-01 3.469674247141482648e-01 2.137233542906891159e-01 1.890794878119224087e-01 9.804617087130937381e-02
-1.282170596507103688e-01 -4.571623870265282413e-02 -1.157950529802286195e-02 2.405208203768866015e-02 7.348431998123504394e-02 1.128956454893994821e-01 2.137233542906891159e-01 1.624870322796496125e-01 1.831492438217225405e-01 1.212385725989285901e-01
-2.263490134820880795e-01 -9.536630509174695569e-02 -6.442140551607024312e-02 -5.938324433127984553e-02 -1.618814022079700932e-02 6.421595030266540050e-02 1.890794878119224087e-01 1.831492438217225405e-01 2.520114041527637960e-01 1.897832282812291216e-01
-2.050908903007471473e-01 -9.106915796405344599e-02 -7.304079795960011223e-02 -8.884703560018220037e-02 -6.701668597439087993e-02 7.223218489397682102e-03 9.804617087130937381e-02 1.212385725989285901e-01 1.897832282812291216e-01 1.587686563135792261e-01
1.099576855256557961e-01 1.400233810973812720e-01 1.275995602768673076e-01 9.736679749570766040e-02 5.732139635339930650e-02 4.125886225883008962e-02 3.212209966456323895e-02 4.052017262309300788e-03 -7.867116488422891407e-02 -1.962103412604125074e-01
1.400233810973812720e-01 2.589542112429129572e-01 2.572257612663885751e-01 2.020509875904001884e-01 1.222723619622259339e-01 9.542744092476918016e-02 9.577145106715583001e-02 8.889205975009470406e-02 5.379460075007808095e-02 -1.190412003638661176e-01
1.275995602768673076e-01 2.572257612663885751e-01 2.662310251991913401e-01 2.109569315543540768e-01 1.278037554137418930e-01 1.005714919028675297e-01 1.039336500174420919e-01 1.055219850427795564e-01 9.303692409249254835e-02 -7.229546109087549299e-02
9.736679749570766040e-02 2.020509875904001884e-01 2.109569315543540768e-01 1.706992705197435678e-01 1.038130437528869687e-01 8.203356294147878813e-02 8.560163560137112881e-02 8.922466950942734010e-02 8.569086533199252176e-02 -4.387888920010361848e-02
5.732139635339930650e-02 1.222723619622259339e-01 1.278037554137418930e-01 1.038130437528869687e-01 6.375620136033569030e-02 5.082267526994339868e-02 5.363973356901736989e-02 5.718868032961224590e-02 5.845232932594991021e-02 -1.959764147609768456e-02
4.125886225883008962e-02 9.542744092476918016e-02 1.005714919028675297e-01 8.203356294147878813e-02 5.082267526994339868e-02 4.117968312797137820e-02 4.458682096116822757e-02 5.008036819327294636e-02 5.797969842904274196e-02 -1.257209037284249924e-03
3.212209966456323895e-02 9.577145106715583001e-02 1.039336500174420919e-01 8.560163560137112881e-02 5.363973356901736989e-02 4.458682096116822757e-02 5.089030855181528312e-02 6.342554323131560645e-02 8.940309668836701751e-02 3.519825431105771257e-02
4.052017262309300788e-03 8.889205975009470406e-02 1.055219850427795564e-01 8.922466950942734010e-02 5.718868032961224590e-02 5.008036819327294636e-02 6.342554323131560645e-02 9.445481790259060983e-02 1.686384105268255440e-01 1.330593910469519137e-01
-7.867116488422891407e-02 5.379460075007808095e-02 9.303692409249254835e-02 8.569086533199252176e-02 5.845232932594991021e-02 5.797969842904274196e-02 8.940309668836701751e-02 1.686384105268255440e-01 3.726694469011554434e-01 3.966227609134961307e-01
-1.962103412604125074e-01 -1.190412003638661176e-01 -7.229546109087549299e-02 -4.387888920010361848e-02 -1.959764147609768456e-02 -1.257209037284249924e-03 3.519825431105771257e-02 1.330593910469519137e-01 3.966227609134961307e-01 5.712073496686271845e-01
3.209205871715764546e-01 7.558060784241935059e-02 9.102859193578702324e-02 1.123857882973012534e-01 6.628133205373837322e-02 4.039114586192734530e-02 -6.348302009840538218e-03 -8.181226829982765625e-02 -2.512548294356279910e-01 -3.233681022307460240e-01
7.558060784241935059e-02 2.356979880876639705e-02 4.881070659972612524e-02 7.124910758489201579e-02 4.602346146736224081e-02 3.603544916840381584e-02 1.646561196548276124e-02 -3.761411112219273899e-03 -3.806266413784434310e-02 -6.463497594975052551e-02
9.102859193578702324e-02 4.881070659972612524e-02 1.562254717199246523e-01 2.454002143400768055e-01 1.629398048984911362e-01 1.366400501193346384e-01 8.305433799629823033e-02 5.046645684701880213e-02 2.988261245122416504e-02 -3.607995990929839525e-02
1.123857882973012534e-01 7.124910758489201579e-02 2.454002143400768055e-01 3.950927164437281203e-01 2.607899801971395037e-01 2.188670730053750568e-01 1.362588517426611134e-01 9.162870176546128453e-02 7.746159637883037741e-02 -2.203065375677726312e-02
6.628133205373837322e-02 4.602346146736224081e-02 1.629398048984911362e-01 2.607899801971395037e-01 1.777895374441171850e-01 1.520887455480127159e-01 9.603711221449062752e-02 6.749941003665493877e-02 6.404947426162110879e-02 -2.915424822323139931e-03
4.039114586192734530e-02 3.603544916840381584e-02 1.366400501193346384e-01 2.188670730053750568e-01 1.520887455480127159e-01 1.336643241471944799e-01 8.655835794500141289e-02 6.550081928614573390e-02 7.265783267928763167e-02 1.677796732723513956e-02
-6.348302009840538218e-03 1.646561196548276124e-02 8.305433799629823033e-02 1.362588517426611134e-01 9.603711221449062752e-02 8.655835794500141289e-02 5.992362300252170038e-02 5.402074566121993493e-02 7.793354250800113570e-02 4.676437671683724567e-02
-8.181226829982765625e-02 -3.761411112219273899e-03 5.046645684701880213e-02 9.162870176546128453e-02 6.749941003665493877e-02 6.550081928614573390e-02 5.402074566121993493e-02 6.809556919284358301e-02 1.322302979379526566e-01 1.203927459277403106e-01
-2.512548294356279910e-01 -3.806266413784434310e-02 2.988261245122416504e-02 7.746159637883037741e-02 6.404947426162110879e-02 7.265783267928763167e-02 7.793354250800113570e-02 1.322302979379526566e-01 3.008691674665150972e-01 3.114038063065831530e-01
-3.233681022307460240e-01 -6.463497594975052551e-02 -3.607995990929839525e-02 -2.203065375677726312e-02 -2.915424822323139931e-03 1.677796732723513956e-02 4.676437671683724567e-02 1.203927459277403106e-01 3.114038063065831530e-01 3.638492046028131699e-01
9.626216398985511236e-02 1.537404226124448881e-01 9.824001766019731241e-02 8.233431235681186455e-02 3.311842578056846398e-02 -1.071230885199088130e-03 -3.609553300420349775e-02 -5.118593904425328134e-02 -1.291910453181502605e-01 -1.519673732460786741e-01
1.537404226124448881e-01 3.371565699843546149e-01 2.508739187269621307e-01 2.523045569259077525e-01 1.369626885502763514e-01 7.247141707769236274e-02 5.517408309461069305e-02 -7.597944751913695074e-03 -9.068860204655662671e-02 -1.529534336783040516e-01
9.824001766019731241e-02 2.508739187269621307e-01 2.057697843777223090e-01 2.239551972200201080e-01 1.293978638655701452e-01 8.122182926079321574e-02 8.655767935685237946e-02 2.796662929497015226e-02 -8.406185197525929687e-03 -6.083593057653902125e-02
8.233431235681186455e-02 2.523045569259077525e-01 2.239551972200201080e-01 2.631073906931125084e-01 1.585381112491705546e-01 1.095003219709216047e-01 1.331669309888998953e-01 6.210603046512609693e-02 5.118018279171453189e-02 -7.594380723744418096e-03
3.311842578056846398e-02 1.369626885502763514e-01 1.293978638655701452e-01 1.585381112491705546e-01 1.009254329241681680e-01 7.659517563082549052e-02 1.027971919345821994e-01 5.642958954561798357e-02 6.792667528235318830e-02 3.248481048696365975e-02
-1.071230885199088130e-03 7.247141707769236274e-02 8.122182926079321574e-02 1.095003219709216047e-01 7.659517563082549052e-02 6.788650941876039902e-02 1.035826561370404714e-01 6.638554562123058500e-02 1.002820832735543816e-01 7.578909337757967768e-02
-3.609553300420349775e-02 5.517408309461069305e-02 8.655767935685237946e-02 1.331669309888998953e-01 1.027971919345821994e-01 1.035826561370404714e-01 1.725108492344110678e-01 1.200413606319629678e-01 1.987348020332050103e-01 1.689245657456442395e-01
-5.118593904425328134e-02 -7.597944751913695074e-03 2.796662929497015226e-02 6.210603046512609693e-02 5.642958954561798357e-02 6.638554562123058500e-02 1.200413606319629678e-01 9.261912480364548061e-02 1.685622247192894441e-01 1.545955180181264044e-01
-1.291910453181502605e-01 -9.068860204655662671e-02 -8.406185197525929687e-03 5.118018279171453189e-02 6.792667528235318830e-02 1.002820832735543816e-01 1.987348020332050103e-01 1.685622247192894441e-01 3.323442042295936538e-01 3.200097267904423726e-01
-1.519673732460786741e-01 -1.529534336783040516e-01 -6.083593057653902125e-02 -7.594380723744418096e-03 3.248481048696365975e-02 7.578909337757967768e-02 1.689245657456442395e-01 1.545955180181264044e-01 3.200097267904423726e-01 3.314179703443774216e-01
2.252614389271294926e-01 2.172487798452573671e-01 1.930966916688859336e-01 1.058232996701231714e-02 -1.461111289964098503e-01 -1.355761734381508710e-01 -1.094572533778048196e-01 -9.555800765447161615e-02 -5.056510165798015766e-02 -1.225145390074142554e-01
2.172487798452573671e-01 2.199623524383242656e-01 2.177251688122638362e-01 7.533347527340164551e-02 -1.147756441793646304e-01 -1.240300594461719863e-01 -1.043631597145898426e-01 -9.219275763833988113e-02 -4.872021259302244250e-02 -1.177089783215411328e-01
1.930966916688859336e-01 2.177251688122638362e-01 2.875843375978475724e-01 2.862910840170607152e-01 -3.602742068644070386e-03 -7.906810197551394914e-02 -8.280799480755166031e-02 -7.777779597788592181e-02 -4.183110992422699875e-02 -1.022452685445464499e-01
1.058232996701231714e-02 7.533347527340164551e-02 2.862910840170607152e-01 7.001194440190454671e-01 3.224333628046418543e-01 1.080457286587319793e-01 3.786390119106242125e-02 1.723625574411192379e-02 4.862683507147628169e-03 3.680665553955026880e-03
-1.461111289964098503e-01 -1.147756441793646304e-01 -3.602742068644070386e-03 3.224333628046418543e-01 2.675562807704706114e-01 1.554842407772974999e-01 1.007191366886504014e-01 7.910319209393780471e-02 3.825699605193307734e-02 8.537938194029422168e-02
-1.355761734381508710e-01 -1.240300594461719863e-01 -7.906810197551394914e-02 1.080457286587319793e-01 1.554842407772974999e-01 1.126308195523715722e-01 8.187099659271948604e-02 6.770007562284323377e-02 3.359103875345394868e-02 7.670566162289405021e-02
-1.094572533778048196e-01 -1.043631597145898426e-01 -8.280799480755166031e-02 3.786390119106242125e-02 1.007191366886504014e-01 8.187099659271948604e-02 6.269504970819916867e-02 5.295348185670473162e-02 2.656222487847110028e-02 6.125021515246028420e-02
-9.555800765447161615e-02 -9.219275763833988113e-02 -7.777779597788592181e-02 1.723625574411192379e-02 7.910319209393780471e-02 6.770007562284323377e-02 5.295348185670473162e-02 4.522840066521681412e-02 2.288020176112852758e-02 5.317834254232509106e-02
-5.056510165798015766e-02 -4.872021259302244250e-02 -4.183110992422699875e-02 4.862683507147628169e-03 3.825699605193307734e-02 3.359103875345394868e-02 2.656222487847110028e-02 2.288020176112852758e-02 1.179804470252816644e-02 2.791578083903749341e-02
-1.225145390074142554e-01 -1.177089783215411328e-01 -1.022452685445464499e-01 3.680665553955026880e-03 8.537938194029422168e-02 7.670566162289405021e-02 6.125021515246028420e-02 5.317834254232509106e-02 2.791578083903749341e-02 6.716383161886593789e-02
4.566943535608948279e-01 3.187163370153340280e-01 1.728985347960093066e-01 7.274564630512567187e-02 1.655161312770121046e-02 -1.941441596697923710e-02 -5.273905997960058600e-02 -5.266135322066754776e-02 -1.162251194774703705e-01 -2.915608788973650944e-01
3.187163370153340280e-01 2.463858892851022442e-01 1.540383159106463729e-01 8.891841517124861316e-02 5.742575985590927384e-02 4.769953755958171449e-02 4.357666687732490718e-02 -2.495914501892021117e-03 -6.260831087721298316e-02 -1.910735608469027180e-01
1.728985347960093066e-01 1.540383159106463729e-01 1.184193564623162165e-01 9.054894834495427758e-02 8.310707554905868988e-02 9.563081288238287070e-02 1.152418151141292452e-01 3.807058783921597744e-02 -1.186017381560982437e-02 -8.779507785954845933e-02
7.274564630512567187e-02 8.891841517124861316e-02 9.054894834495427758e-02 8.858505430923807600e-02 9.752182344970322658e-02 1.245345432610438230e-01 1.592457092511306294e-01 6.367748679277623891e-02 2.186545375649128278e-02 -1.735410309329289691e-02
1.655161312770121046e-02 5.742575985590927384e-02 8.310707554905868988e-02 9.752182344970322658e-02 1.189494544110296509e-01 1.597779896401463062e-01 2.096883833671687181e-01 8.877963567878692508e-02 4.660585251355203740e-02 2.632776206282737633e-02
-1.941441596697923710e-02 4.769953755958171449e-02 9.563081288238287070e-02 1.245345432610438230e-01 1.597779896401463062e-01 2.227149244065268485e-01 2.983906898698949206e-01 1.280633174795335338e-01 7.481667495467828055e-02 6.292773849122419716e-02
-5.273905997960058600e-02 4.357666687732490718e-02 1.152418151141292452e-01 1.592457092511306294e-01 2.096883833671687181e-01 2.983906898698949206e-01 4.152204417095130551e-01 1.775914844177086116e-01 1.073825060759674016e-01 1.010382199659228125e-01
-5.266135322066754776e-02 -2.495914501892021117e-03 3.807058783921597744e-02 6.367748679277623891e-02 8.877963567878692508e-02 1.280633174795335338e-01 1.775914844177086116e-01 7.879162820345188278e-02 5.368144073750201473e-02 6.289867564998609384e-02
-1.162251194774703705e-01 -6.260831087721298316e-02 -1.186017381560982437e-02 2.186545375649128278e-02 4.660585251355203740e-02 7.481667495467828055e-02 1.073825060759674016e-01 5.368144073750201473e-02 5.253846943939750186e-02 9.178621430780596613e-02
-2.915608788973650944e-01 -1.910735608469027180e-01 -8.779507785954845933e-02 -1.735410309329289691e-02 2.632776206282737633e-02 6.292773849122419716e-02 1.010382199659228125e-01 6.289867564998609384e-02 9.178621430780596613e-02 2.017004282125293702e-01
1.842853442302949674e-01 1.203718019150871454e-01 1.512709229433675806e-01 2.017071210843200957e-01 9.027203624544863358e-02 5.908493470326258573e-02 1.313498855450476871e-02 -1.441107462729073960e-02 -5.261189667333500408e-02 -1.674126877341819142e-01
1.203718019150871454e-01 8.223796575497735462e-02 1.093005194681736791e-01 1.504830724358253990e-01 6.672547338418670371e-02 4.398443502497997870e-02 1.291617802333477893e-02 7.180893182550420785e-03 -3.011502658321283526e-02 -1.073198250933276726e-01
1.512709229433675806e-01 1.093005194681736791e-01 1.562843749341066568e-01 2.234981017137468717e-01 9.762488822341863770e-02 6.356681500984703859e-02 2.031051403604425265e-02 2.098836086267936649e-02 -3.469425152836635301e-02 -1.326642043610797572e-01
2.017071210843200957e-01 1.504830724358253990e-01 2.234981017137468717e-01 3.296773027937968115e-01 1.425512846783749676e-01 9.193591056520275528e-02 3.018241868664483032e-02 3.611479039695719706e-02 -4.411893064721241625e-02 -1.752759784336903881e-01
9.027203624544863358e-02 6.672547338418670371e-02 9.762488822341863770e-02 1.425512846783749676e-01 6.239997623190478987e-02 4.161982061572608305e-02 1.677255435942435341e-02 3.270994853880915959e-02 -1.562572887699670982e-02 -7.735581618527163916e-02
5.908493470326258573e-02 4.398443502497997870e-02 6.356681500984703859e-02 9.193591056520275528e-02 4.161982061572608305e-02 3.183468966138497391e-02 2.303858439119067444e-02 7.934698044812031614e-02 4.270064511941976289e-03 -4.624988724706531606e-02
1.313498855450476871e-02 1.291617802333477893e-02 2.031051403604425265e-02 3.018241868664483032e-02 1.677255435942435341e-02 2.303858439119067444e-02 4.057402422336077452e-02 1.853124840481794044e-01 4.292214896159439463e-02 2.910374308592933619e-03
-1.441107462729073960e-02 7.180893182550420785e-03 2.098836086267936649e-02 3.611479039695719706e-02 3.270994853880915959e-02 7.934698044812031614e-02 1.853124840481794044e-01 8.839918267729141022e-01 2.246986103809033020e-01 8.243352923188097814e-02
-5.261189667333500408e-02 -3.011502658321283526e-02 -3.469425152836635301e-02 -4.411893064721241625e-02 -1.562572887699670982e-02 4.270064511941976289e-03 4.292214896159439463e-02 2.246986103809033020e-01 7.036295027964063753e-02 6.536889417249439060e-02
-1.674126877341819142e-01 -1.073198250933276726e-01 -1.326642043610797572e-01 -1.752759784336903881e-01 -7.735581618527163916e-02 -4.624988724706531606e-02 2.910374308592933619e-03 8.243352923188097814e-02 6.536889417249439060e-02 1.583515451176211453e-01
3.819272041239778481e-01 2.132385165725281251e-01 9.284989524200158717e-02 2.083915059089964383e-01 8.451860310630102124e-02 1.598313937307567489e-02 -4.532035479743930922e-02 -1.295592648854085871e-01 -1.533835979213836187e-01 -1.346732716074023339e-01
2.132385165725281251e-01 1.249870698775476935e-01 6.157392170683102794e-02 1.544069120223463543e-01 6.598817976894204296e-02 2.221500232366879421e-02 -7.193847175411210472e-03 -4.490804316024592235e-02 -6.616880420362421245e-02 -7.056377268710638251e-02
9.284989524200158717e-02 6.157392170683102794e-02 4.189629941411406738e-02 1.298252827292412648e-01 5.791335843942639616e-02 2.870280464436844245e-02 2.161180798187835317e-02 1.780728498281939146e-02 -1.846045916966939813e-03 -2.408222179478688302e-02
2.083915059089964383e-01 1.544069120223463543e-01 1.298252827292412648e-01 4.427210825594096177e-01 1.986161424705425727e-01 1.073135191347581729e-01 1.025321099059181285e-01 1.209669418763983373e-01 5.451496170600882846e-02 -3.952301006711840536e-02
8.451860310630102124e-02 6.598817976894204296e-02 5.791335843942639616e-02 1.986161424705425727e-01 9.373905291688942876e-02 5.756025400882536225e-02 6.614663088351126208e-02 8.957633049821629723e-02 5.239564670832422971e-02 -8.263304611971949640e-03
1.598313937307567489e-02 2.221500232366879421e-02 2.870280464436844245e-02 1.073135191347581729e-01 5.756025400882536225e-02 4.758063144048775561e-02 7.310115415475509915e-02 1.157992949696624307e-01 8.339385163527884837e-02 1.723851047612062412e-02
-4.532035479743930922e-02 -7.193847175411210472e-03 2.161180798187835317e-02 1.025321099059181285e-01 6.614663088351126208e-02 7.310115415475509915e-02 1.343024273676591829e-01 2.287506960011538859e-01 1.767190381157660028e-01 5.674767339465815880e-02
-1.295592648854085871e-01 -4.490804316024592235e-02 1.780728498281939146e-02 1.209669418763983373e-01 8.957633049821629723e-02 1.157992949696624307e-01 2.287506960011538859e-01 4.053681522187805863e-01 3.190133300866940247e-01 1.144029907157745884e-01
-1.533835979213836187e-01 -6.616880420362421245e-02 -1.846045916966939813e-03 5.451496170600882846e-02 5.239564670832422971e-02 8.339385163527884837e-02 1.767190381157660028e-01 3.190133300866940247e-01 2.662410138547808280e-01 1.068459448866074524e-01
-1.346732716074023339e-01 -7.056377268710638251e-02 -2.408222179478688302e-02 -3.952301006711840536e-02 -8.263304611971949640e-03 1.723851047612062412e-02 5.674767339465815880e-02 1.144029907157745884e-01 1.068459448866074524e-01 6.123706622635353286e-02
2.790132853152383907e-01 1.698158286216556734e-01 8.990942864880149821e-02 4.318917632426080150e-02 2.427058331195176485e-02 3.445587518301955476e-02 7.941864271753648619e-02 5.044485870867582850e-02 -1.077686933592540836e-01 -3.662954899516084883e-01
1.698158286216556734e-01 1.082648039373432097e-01 5.931108688540168844e-02 2.992215506473682937e-02 1.903407214730769292e-02 3.154431272880720699e-02 8.070405078022711842e-02 7.617991979149835169e-02 -4.396507317648420260e-02 -2.108030671263727840e-01
8.990942864880149821e-02 5.931108688540168844e-02 3.349530588824260052e-02 1.758085369227076200e-02 1.217963011151003069e-02 2.196963007095949216e-02 5.888787146927012411e-02 6.295259241668094141e-02 -1.262593999530841476e-02 -1.062145640890568288e-01
4.318917632426080150e-02 2.992215506473682937e-02 1.758085369227076200e-02 9.712280303867140002e-03 7.408206673922321239e-03 1.448172990023165359e-02 4.035970892202715710e-02 4.710095631601358968e-02 1.888727463248155531e-03 -4.697570055520425281e-02
2.427058331195176485e-02 1.903407214730769292e-02 1.217963011151003069e-02 7.408206673922321239e-03 6.567714108704410594e-03 1.421522690479958342e-02 4.137912739556888486e-02 5.249710100461456308e-02 1.335938071174670554e-02 -2.005931309250138378e-02
3.445587518301955476e-02 3.154431272880720699e-02 2.196963007095949216e-02 1.448172990023165359e-02 1.421522690479958342e-02 3.256625911479944790e-02 9.690930764475358394e-02 1.273871860060356298e-01 4.395194792868292039e-02 -1.551089699843921470e-02
7.941864271753648619e-02 8.070405078022711842e-02 5.888787146927012411e-02 4.035970892202715710e-02 4.137912739556888486e-02 9.690930764475358394e-02 2.911813729247695326e-01 3.869955879892258976e-01 1.453616273112189883e-01 -1.268220681844604153e-02
5.044485870867582850e-02 7.617991979149835169e-02 6.295259241668094141e-02 4.710095631601358968e-02 5.249710100461456308e-02 1.273871860060356298e-01 3.869955879892258976e-01 5.453728950519903806e-01 2.310859059883135225e-01 6.458117151442985260e-02
-1.077686933592540836e-01 -4.396507317648420260e-02 -1.262593999530841476e-02 1.888727463248155531e-03 1.335938071174670554e-02 4.395194792868292039e-02 1.453616273112189883e-01 2.310859059883135225e-01 1.613041233213142744e-01 2.078022967004704846e-01
-3.662954899516084883e-01 -2.108030671263727840e-01 -1.062145640890568288e-01 -4.697570055520425281e-02 -2.005931309250138378e-02 -1.551089699843921470e-02 -1.268220681844604153e-02 6.458117151442985260e-02 2.078022967004704846e-01 5.325219600337309789e-01
3.751919876318745017e-01 2.723687340322134554e-01 1.509781997359892769e-01 7.470123216377651428e-03 -4.466419674319573735e-02 -7.701439861096381900e-02 -1.229053146719932543e-01 -1.984405388183540508e-01 -1.175519573380275767e-01 -1.712198356560631352e-01
2.723687340322134554e-01 2.697001430109938758e-01 2.644685248486934315e-01 1.431529454846912630e-01 3.891272369598196279e-02 -7.664711993623859673e-03 -4.070347250095247837e-02 -8.027650120085673413e-02 -5.804524609782636679e-02 -1.089529174805039247e-01
1.509781997359892769e-01 2.644685248486934315e-01 4.130839804082130362e-01 3.167007653207803419e-01 1.456853065474355557e-01 8.184701758665569038e-02 6.674972248487746895e-02 7.517311205749085956e-02 1.901734867190137124e-02 -3.161420563272344941e-02
7.470123216377651428e-03 1.431529454846912630e-01 3.167007653207803419e-01 2.897718676494664414e-01 1.505572089360231458e-01 1.034734177330123711e-01 1.065901273003190264e-01 1.423226763510879733e-01 6.025766825410680538e-02 3.181528892194430969e-02
-4.466419674319573735e-02 3.891272369598196279e-02 1.456853065474355557e-01 1.505572089360231458e-01 8.621425184068905179e-02 6.721764583235961821e-02 7.719684168078608244e-02 1.093079953466747634e-01 5.025008728422792476e-02 4.029424029480265651e-02
-7.701439861096381900e-02 -7.664711993623859673e-03 8.184701758665569038e-02 1.034734177330123711e-01 6.721764583235961821e-02 6.081286763809598539e-02 7.768746832122543078e-02 1.155514921716191690e-01 5.506464810480737881e-02 5.126335089902394476e-02
-1.229053146719932543e-01 -4.070347250095247837e-02 6.674972248487746895e-02 1.065901273003190264e-01 7.719684168078608244e-02 7.768746832122543078e-02 1.063741573182897943e-01 1.628532173581652143e-01 7.814677405157753609e-02 7.575149067432593308e-02
-1.984405388183540508e-01 -8.027650120085673413e-02 7.517311205749085956e-02 1.423226763510879733e-01 1.093079953466747634e-01 1.155514921716191690e-01 1.628532173581652143e-01 2.533678360986297284e-01 1.216730653268449924e-01 1.193768573041288500e-01
-1.175519573380275767e-01 -5.804524609782636679e-02 1.901734867190137124e-02 6.025766825410680538e-02 5.025008728422792476e-02 5.506464810480737881e-02 7.814677405157753609e-02 1.216730653268449924e-01 6.097097602973061692e-02 6.560750319872343805e-02
-1.712198356560631352e-01 -1.089529174805039247e-01 -3.161420563272344941e-02 3.181528892194430969e-02 4.029424029480265651e-02 5.126335089902394476e-02 7.575149067432593308e-02 1.193768573041288500e-01 6.560750319872343805e-02 8.451193237401717628e-02
6.411565423840832612e-01 3.441150180960482752e-01 1.360368738541565814e-01 1.028544543452390575e-01 4.666727053520504376e-02 3.515075704629661013e-02 1.133303832512612755e-02 -1.685728305091456925e-03 -8.283243405505066881e-02 -2.565870577554114074e-01
3.441150180960482752e-01 2.158175792297367113e-01 1.046786622089170143e-01 1.052757629273422257e-01 5.745911243073600905e-02 5.510300577884774675e-02 3.322006167483285838e-02 7.568007591453815297e-02 5.566896044844943381e-02 -9.036369337663083257e-02
1.360368738541565814e-01 1.046786622089170143e-01 6.349144396999675810e-02 7.795667413939630364e-02 4.629174188014254648e-02 4.804100570323985298e-02 3.249645083662421746e-02 8.401169138482890431e-02 9.249875520904418669e-02 -1.249909828451417062e-03
1.028544543452390575e-01 1.052757629273422257e-01 7.795667413939630364e-02 1.086221512156383961e-01 6.720365613826188855e-02 7.209515356561267685e-02 5.076377593373093688e-02 1.363304541805462622e-01 1.645367503141603183e-01 4.559700918154418331e-02
4.666727053520504376e-02 5.745911243073600905e-02 4.629174188014254648e-02 6.720365613826188855e-02 4.225930872541722172e-02 4.597799090770761377e-02 3.295683620072244191e-02 8.983308303714801490e-02 1.110995242433958502e-01 3.845993481618435045e-02
3.515075704629661013e-02 5.510300577884774675e-02 4.804100570323985298e-02 7.209515356561267685e-02 4.597799090770761377e-02 5.075266824763068757e-02 3.709707417451665878e-02 1.026778124925607355e-01 1.294027522476540737e-01 5.107035727944540804e-02
1.133303832512612755e-02 3.322006167483285838e-02 3.249645083662421746e-02 5.076377593373093688e-02 3.295683620072244191e-02 3.709707417451665878e-02 2.814565701822836080e-02 8.005781588501573176e-02 1.032919175677478735e-01 4.589597519464851810e-02
-1.685728305091456925e-03 7.568007591453815297e-02 8.401169138482890431e-02 1.363304541805462622e-01 8.983308303714801490e-02 1.026778124925607355e-01 8.005781588501573176e-02 2.323847900278789291e-01 3.046335820537419692e-01 1.461821831906566227e-01
-8.283243405505066881e-02 5.566896044844943381e-02 9.249875520904418669e-02 1.645367503141603183e-01 1.110995242433958502e-01 1.294027522476540737e-01 1.032919175677478735e-01 3.046335820537419692e-01 4.204056153254669970e-01 2.272392910592507809e-01
-2.565870577554114074e-01 -9.036369337663083257e-02 -1.249909828451417062e-03 4.559700918154418331e-02 3.845993481618435045e-02 5.107035727944540804e-02 4.589597519464851810e-02 1.461821831906566227e-01 2.272392910592507809e-01 1.969642438559240649e-01
2.391395483236643249e-01 1.657321646358750900e-01 1.368777258033989364e-01 1.090310079547807953e-01 3.527363693279409601e-02 1.185585705925125757e-02 -1.361534505531851111e-02 -6.446928050760247775e-02 -9.494174835113765309e-02 -3.176455142473859627e-01
1.657321646358750900e-01 1.508521882168125383e-01 1.634460146032467032e-01 1.568684836320212439e-01 6.082607481475026112e-02 4.715423542017047748e-02 4.274505732732043761e-02 4.954188721754681363e-02 -2.974860740655122307e-02 -1.791664673298683230e-01
1.368777258033989364e-01 1.634460146032467032e-01 2.135244865887057641e-01 2.235062258833568349e-01 9.134232041463570539e-02 8.126972528621495551e-02 9.044700610610945102e-02 1.391124002665640735e-01 1.347873125455456567e-02 -1.050468757928677555e-01
1.090310079547807953e-01 1.568684836320212439e-01 2.235062258833568349e-01 2.455967040777537469e-01 1.021364588889420721e-01 9.477133439736437626e-02 1.109532567326891872e-01 1.798282489387718619e-01 3.750573541110614056e-02 -5.357731293162776298e-02
3.527363693279409601e-02 6.082607481475026112e-02 9.134232041463570539e-02 1.021364588889420721e-01 4.382538924903087857e-02 4.331538869904520694e-02 5.396112390699965566e-02 9.187085639389405700e-02 2.439035840073988659e-02 -4.799539466996597878e-03
1.185585705925125757e-02 4.715423542017047748e-02 8.126972528621495551e-02 9.477133439736437626e-02 4.331538869904520694e-02 4.835669175980566309e-02 6.691704729661782092e-02 1.226396310681034663e-01 4.121554840420118410e-02 3.155605378877878592e-02
-1.361534505531851111e-02 4.274505732732043761e-02 9.044700610610945102e-02 1.109532567326891872e-01 5.396112390699965566e-02 6.691704729661782092e-02 1.006063844715908984e-01 1.941832046693168223e-01 7.277777675660890289e-02 8.371607476059247932e-02
-6.446928050760247775e-02 4.954188721754681363e-02 1.391124002665640735e-01 1.798282489387718619e-01 9.187085639389405700e-02 1.226396310681034663e-01 1.941832046693168223e-01 3.887975324852963599e-01 1.542125596418047473e-01 2.063613786037193920e-01
-9.494174835113765309e-02 -2.974860740655122307e-02 1.347873125455456567e-02 3.750573541110614056e-02 2.439035840073988659e-02 4.121554840420118410e-02 7.277777675660890289e-02 1.542125596418047473e-01 8.398332616960714481e-02 1.737479702942090198e-01
-3.176455142473859627e-01 -1.791664673298683230e-01 -1.050468757928677555e-01 -5.357731293162776298e-02 -4.799539466996597878e-03 3.155605378877878592e-02 8.371607476059247932e-02 2.063613786037193920e-01 1.737479702942090198e-01 4.853177486577326394e-01
1.935034985282783060e-01 1.672444157400173881e-01 1.986790381781954051e-01 3.553712054448923685e-02 -4.964273659096538754e-02 -8.792161485211646976e-02 -7.390126444313976917e-02 -6.625532645754854399e-02 -1.086849796891342645e-01 -2.156557490680639788e-01
1.672444157400173881e-01 1.915730709368130280e-01 2.862651554865338621e-01 8.613829390768892869e-02 5.080171025190799439e-02 1.401607556409515884e-02 -9.140442231905823028e-03 -2.710627052775029661e-02 -6.715994708033747040e-02 -1.538239074239437787e-01
1.986790381781954051e-01 2.862651554865338621e-01 4.962576332706670201e-01 1.751273909237238691e-01 1.822153634638674913e-01 1.345950828395794940e-01 6.083816653965385540e-02 6.959804128732852493e-03 -4.588407639375880614e-02 -1.430575047646010511e-01
3.553712054448923685e-02 8.613829390768892869e-02 1.751273909237238691e-01 7.725777362730806841e-02 1.175280213774606564e-01 1.072991327257983296e-01 6.087075884888716593e-02 2.798131934021482956e-02 1.411424496538178468e-02 -4.854607805423538452e-04
-4.964273659096538754e-02 5.080171025190799439e-02 1.822153634638674913e-01 1.175280213774606564e-01 2.537209728338286618e-01 2.594920221649169578e-01 1.602491605640859462e-01 9.167216292654499499e-02 8.895217668566700320e-02 1.224710835325373004e-01
-8.792161485211646976e-02 1.401607556409515884e-02 1.345950828395794940e-01 1.072991327257983296e-01 2.594920221649169578e-01 2.794719171242791567e-01 1.759338266626127856e-01 1.046039461503355805e-01 1.092507162145307104e-01 1.624497578735205616e-01
-7.390126444313976917e-02 -9.140442231905823028e-03 6.083816653965385540e-02 6.087075884888716593e-02 1.602491605640859462e-01 1.759338266626127856e-01 1.141359066817971557e-01 7.059830360842037078e-02 7.818045645254530218e-02 1.219380670311832060e-01
-6.625532645754854399e-02 -2.710627052775029661e-02 6.959804128732852493e-03 2.798131934021482956e-02 9.167216292654499499e-02 1.046039461503355805e-01 7.059830360842037078e-02 4.703178537701580009e-02 5.747346502222614589e-02 9.623203920088807539e-02
-1.086849796891342645e-01 -6.715994708033747040e-02 -4.588407639375880614e-02 1.411424496538178468e-02 8.895217668566700320e-02 1.092507162145307104e-01 7.818045645254530218e-02 5.747346502222614589e-02 7.896360804578858583e-02 1.422223109381095529e-01
-2.156557490680639788e-01 -1.538239074239437787e-01 -1.430575047646010511e-01 -4.854607805423538452e-04 1.224710835325373004e-01 1.624497578735205616e-01 1.219380670311832060e-01 9.623203920088807539e-02 1.422223109381095529e-01 2.680838335742257716e-01
2.597819344843247946e-01 2.781819276601076862e-01 1.604647970950615066e-01 9.920131059788903083e-02 9.089296016985848325e-02 3.573400341529123225e-02 -3.086580106113395033e-02 -1.150913538067863673e-01 -1.557147566301989028e-01 -1.560044167825575256e-01
2.781819276601076862e-01 3.172892660966645795e-01 1.911486892402967097e-01 1.324201324408482983e-01 1.455979736481959053e-01 8.729131627498692980e-02 7.568204312916253923e-03 -7.468713863078275950e-02 -1.314889093789246011e-01 -1.540607929574558665e-01
1.604647970950615066e-01 1.911486892402967097e-01 1.239569140661510027e-01 9.776306173429884228e-02 1.244172229115846351e-01 9.050797661314725906e-02 3.668023673529120093e-02 -5.348058342437982636e-03 -4.904166898829676047e-02 -7.930928911429346861e-02
9.920131059788903083e-02 1.324201324408482983e-01 9.776306173429884228e-02 9.517947707684552838e-02 1.441448395271894556e-01 1.227258531812340792e-01 7.628681269635967377e-02 5.954346646860644854e-02 1.497779508915503266e-02 -3.256522639468403119e-02
9.089296016985848325e-02 1.455979736481959053e-01 1.244172229115846351e-01 1.441448395271894556e-01 2.442776316747755361e-01 2.236795541521875430e-01 1.586843384830283199e-01 1.583559215936782005e-01 8.887670783775604433e-02 -2.319311857988479424e-03
3.573400341529123225e-02 8.729131627498692980e-02 9.050797661314725906e-02 1.227258531812340792e-01 2.236795541521875430e-01 2.197750617688252750e-01 1.696591221361297142e-01 1.889722807922264436e-01 1.266456107974588130e-01 3.274702329908899673e-02
-3.086580106113395033e-02 7.568204312916253923e-03 3.668023673529120093e-02 7.628681269635967377e-02 1.586843384830283199e-01 1.696591221361297142e-01 1.489769151566362471e-01 1.886796036132800114e-01 1.451623607060343601e-01 6.493632534573227921e-02
-1.150913538067863673e-01 -7.468713863078275950e-02 -5.348058342437982636e-03 5.954346646860644854e-02 1.583559215936782005e-01 1.889722807922264436e-01 1.886796036132800114e-01 2.691008596826075516e-01 2.272065924493720246e-01 1.269597850504272096e-01
