4.406851670189648740e-01 1.698155387340151701e-01 2.743631073865168690e-02 -3.636701527943103640e-02 -2.837655755672030544e-02 1.170319181938777979e-02 2.706344765219927465e-02 6.264169631974389474e-03 -4.192826370821077508e-02 -3.057162129809003898e-02 9.718716243771996499e-02 2.064705061340252334e-01
1.698155387340151701e-01 4.883064125186388216e-01 1.895888240849061268e-01 3.671034747378396773e-02 -3.515299000771354709e-02 -4.402831063574068338e-02 4.855008623177572979e-03 2.441035689487307953e-02 7.973055335978375055e-03 -2.598879935469702862e-02 -3.558685649847347782e-02 3.259288676848348665e-02
2.743631073865168690e-02 1.895888240849061268e-01 4.422705067599166373e-01 1.810612870929586005e-01 5.278367131858285877e-02 -4.289880603718045776e-02 -3.410264059014193883e-02 8.073783999482803120e-03 2.800363564099458275e-02 8.873069466383446541e-03 -4.649632363048219336e-02 -4.577777841951026494e-02
-3.636701527943103640e-02 3.671034747378396773e-02 1.810612870929586005e-01 3.976620794188193697e-01 2.243396041889823556e-01 1.093193050842349301e-01 -3.757203400978767482e-02 -4.534308912274059161e-02 8.490470856451685575e-03 3.092302954924444625e-02 1.293912681477725479e-02 -3.367556370972629720e-02
-2.837655755672030544e-02 -3.515299000771354709e-02 5.278367131858285877e-02 2.243396041889823556e-01 3.827719332900218485e-01 2.259936569762976966e-01 5.321024221721147585e-02 -3.972165219396407709e-02 -2.987293355710133463e-02 1.147161236464408138e-02 3.845446925670872873e-02 1.427530182145448842e-02
1.170319181938777979e-02 -4.402831063574068338e-02 -4.289880603718045776e-02 1.093193050842349301e-01 2.259936569762976966e-01 3.416748599137436893e-01 1.877885230321287846e-01 5.718630603626755071e-02 -3.683473121419584412e-02 -3.333462972709845540e-02 1.898324456681469222e-02 3.958928632967374794e-02
2.706344765219927465e-02 4.855008623177572979e-03 -3.410264059014193883e-02 -3.757203400978767482e-02 5.321024221721147585e-02 1.877885230321287846e-01 4.502535328672720993e-01 1.964681868358357508e-01 2.565146989140039413e-02 -3.877652659413476088e-02 -3.724857774516325548e-02 1.255368033663925055e-02
6.264169631974389474e-03 2.441035689487307953e-02 8.073783999482803120e-03 -4.534308912274059161e-02 -3.972165219396407709e-02 5.718630603626755071e-02 1.964681868358357508e-01 4.678637860982538532e-01 1.635418961056502307e-01 2.492061603007927201e-02 -3.880585256721781617e-02 -3.256808522675568029e-02
-4.192826370821077508e-02 7.973055335978375055e-03 2.800363564099458275e-02 8.490470856451685575e-03 -2.987293355710133463e-02 -3.683473121419584412e-02 2.565146989140039413e-02 1.635418961056502307e-01 4.552349296561846170e-01 2.028849204028528863e-01 7.409504327802585166e-02 -4.207698811259553973e-02
-3.057162129809003898e-02 -2.598879935469702862e-02 8.873069466383446541e-03 3.092302954924444625e-02 1.147161236464408138e-02 -3.333462972709845540e-02 -3.877652659413476088e-02 2.492061603007927201e-02 2.028849204028528863e-01 4.486996344442732432e-01 1.954237798341583177e-01 5.666639150313738243e-02
9.718716243771996499e-02 -3.558685649847347782e-02 -4.649632363048219336e-02 1.293912681477725479e-02 3.845446925670872873e-02 1.898324456681469222e-02 -3.724857774516325548e-02 -3.880585256721781617e-02 7.409504327802585166e-02 1.954237798341583177e-01 3.023493256057186995e-01 2.227480542582825906e-01
2.064705061340252334e-01 3.259288676848348665e-02 -4.577777841951026494e-02 -3.367556370972629720e-02 1.427530182145448842e-02 3.958928632967374794e-02 1.255368033663925055e-02 -3.256808522675568029e-02 -4.207698811259553973e-02 5.666639150313738243e-02 2.227480542582825906e-01 3.822278324082016288e-01
4.734684069482576474e-01 1.982023183592784843e-01 4.538756422479565955e-02 -3.669132363789454065e-02 -4.821769726113764309e-02 8.426278380541586677e-03 2.755154833064977354e-02 7.928166460565152368e-03 -2.854671133370677294e-02 -3.873924462570338401e-02 3.905087281478253347e-02 1.757076453705497254e-01
1.982023183592784843e-01 4.368449663772429603e-01 1.788466763677578619e-01 3.607773307520199813e-02 -4.995649536822902026e-02 -3.759244160004958368e-02 1.096931557944684325e-02 3.547441140834330792e-02 1.004616712233003320e-02 -5.214206813191745588e-02 -5.034784250243814346e-02 3.667975554662937510e-02
4.538756422479565955e-02 1.788466763677578619e-01 3.947812012014391136e-01 2.195993449159323874e-01 1.058451791710193629e-01 -4.593238710818847714e-02 -4.830327680293244191e-02 1.426702604093452002e-02 3.469980625195848156e-02 1.154098413003107164e-02 -4.020427722454393560e-02 -3.932045466358924379e-02
-3.669132363789454065e-02 3.607773307520199813e-02 2.195993449159323874e-01 4.547101306751894501e-01 2.116734456297872935e-01 4.134647859375972789e-02 -3.607590257515377180e-02 -3.068862072261729565e-02 9.079228026258118894e-03 3.749246107403385320e-02 1.473856515469627870e-02 -2.701571794390956321e-02
-4.821769726113764309e-02 -4.995649536822902026e-02 1.058451791710193629e-01 2.116734456297872935e-01 3.241904090358834756e-01 1.950874014297582504e-01 7.361922210841043146e-02 -4.337367213005286631e-02 -4.330166042559510653e-02 1.460762693619696920e-02 4.441395596245994309e-02 1.876722737277226188e-02
8.426278380541586677e-03 -3.759244160004958368e-02 -4.593238710818847714e-02 4.134647859375972789e-02 1.950874014297582504e-01 4.290982515486502225e-01 2.074676375538495321e-01 3.705912184053990199e-02 -4.324289740025587248e-02 -4.361901605487497613e-02 1.258755602832575468e-02 3.373917124976712201e-02
2.755154833064977354e-02 1.096931557944684325e-02 -4.830327680293244191e-02 -3.607590257515377180e-02 7.361922210841043146e-02 2.074676375538495321e-01 4.574953820702153395e-01 1.709314103779126515e-01 3.124848961278700252e-02 -3.903934322797826539e-02 -3.429890948310296284e-02 4.888252527659358096e-03
7.928166460565152368e-03 3.547441140834330792e-02 1.426702604093452002e-02 -3.068862072261729565e-02 -4.337367213005286631e-02 3.705912184053990199e-02 1.709314103779126515e-01 4.394596349835834803e-01 2.053872092989859344e-01 7.655097522101178553e-02 -4.494954182841366663e-02 -4.930829663495293197e-02
-2.854671133370677294e-02 1.004616712233003320e-02 3.469980625195848156e-02 9.079228026258118894e-03 -4.330166042559510653e-02 -4.324289740025587248e-02 3.124848961278700252e-02 2.053872092989859344e-01 4.435813519204895305e-01 2.000391513550121292e-01 5.621683077629579389e-02 -3.431944297657767845e-02
-3.873924462570338401e-02 -5.214206813191745588e-02 1.154098413003107164e-02 3.749246107403385320e-02 1.460762693619696920e-02 -4.361901605487497613e-02 -3.903934322797826539e-02 7.655097522101178553e-02 2.000391513550121292e-01 3.347908323105339146e-01 2.204722411691506512e-01 9.466470170534026229e-02
3.905087281478253347e-02 -5.034784250243814346e-02 -4.020427722454393560e-02 1.473856515469627870e-02 4.441395596245994309e-02 1.258755602832575468e-02 -3.429890948310296284e-02 -4.494954182841366663e-02 5.621683077629579389e-02 2.204722411691506512e-01 3.780975210355425609e-01 2.102628413032730237e-01
1.757076453705497254e-01 3.667975554662937510e-02 -3.932045466358924379e-02 -2.701571794390956321e-02 1.876722737277226188e-02 3.373917124976712201e-02 4.888252527659358096e-03 -4.930829663495293197e-02 -3.431944297657767845e-02 9.466470170534026229e-02 2.102628413032730237e-01 4.334819118930063331e-01
4.496737447011183164e-01 1.931823478824209461e-01 2.867707324349714343e-02 -4.211871845888141147e-02 -2.727499282353956778e-02 2.283111501686732603e-02 3.894019007737604260e-02 2.635960462557466848e-03 -4.260448317140827501e-02 -3.805349825096721733e-02 6.496247404972842199e-02 2.039691888092865502e-01
1.931823478824209461e-01 4.389576089116523638e-01 1.829239007521192562e-01 4.071084639345991241e-02 -4.118081132802313415e-02 -3.776402722482631591e-02 2.522899507044700645e-02 3.745185546495636425e-02 4.782249056407634341e-03 -4.758713719193051472e-02 -4.780210692960359942e-02 6.171084010696532840e-02
2.867707324349714343e-02 1.829239007521192562e-01 4.715047939011409173e-01 1.876251517430226334e-01 3.060952324620456327e-02 -4.432606795499479529e-02 -4.115350448910398695e-02 1.321256123886116983e-02 3.365782581983361998e-02 9.719573735362278463e-03 -3.875470558215218103e-02 -4.364938908146796803e-02
-4.211871845888141147e-02 4.071084639345991241e-02 1.876251517430226334e-01 4.380884512265144082e-01 1.883838867390517646e-01 5.377805587506599011e-02 -5.213824119100567145e-02 -4.363750271267331088e-02 1.280089134041003177e-02 3.860687283452781532e-02 1.958792818480438458e-02 -4.158079657431776321e-02
-2.727499282353956778e-02 -4.118081132802313415e-02 3.060952324620456327e-02 1.883838867390517646e-01 4.487349493998208372e-01 2.066763222977078263e-01 6.736163263726094308e-02 -4.088758808635754860e-02 -4.324554392233084799e-02 7.084536526256962272e-03 3.835154921827651359e-02 2.275890737119241544e-02
2.283111501686732603e-02 -3.776402722482631591e-02 -4.432606795499479529e-02 5.377805587506599011e-02 2.066763222977078263e-01 3.995499237272433501e-01 2.101178045032832398e-01 6.592623992970399194e-02 -4.150954886462562832e-02 -4.474425030819414312e-02 -3.642040409507084527e-04 4.021190756479832429e-02
3.894019007737604260e-02 2.522899507044700645e-02 -4.115350448910398695e-02 -5.213824119100567145e-02 6.736163263726094308e-02 2.101178045032832398e-01 3.636137551301670268e-01 2.103790173675478270e-01 7.266827164405677275e-02 -4.305856979256550421e-02 -5.627314163692709315e-02 -4.890193279076768783e-03
2.635960462557466848e-03 3.745185546495636425e-02 1.321256123886116983e-02 -4.363750271267331088e-02 -4.088758808635754860e-02 6.592623992970399194e-02 2.103790173675478270e-01 4.226910310062356180e-01 2.019929179004054387e-01 5.115577185092576307e-02 -4.089616754191759823e-02 -4.758500095709998490e-02
-4.260448317140827501e-02 4.782249056407634341e-03 3.365782581983361998e-02 1.280089134041003177e-02 -4.324554392233084799e-02 -4.150954886462562832e-02 7.266827164405677275e-02 2.019929179004054387e-01 4.218045990761771780e-01 1.979808268546683347e-01 7.092707789514049455e-02 -3.719147477721355954e-02
-3.805349825096721733e-02 -4.758713719193051472e-02 9.719573735362278463e-03 3.860687283452781532e-02 7.084536526256962272e-03 -4.474425030819414312e-02 -4.305856979256550421e-02 5.115577185092576307e-02 1.979808268546683347e-01 4.078063062899399127e-01 2.155144314260819538e-01 8.169384201383947386e-02
6.496247404972842199e-02 -4.780210692960359942e-02 -3.875470558215218103e-02 1.958792818480438458e-02 3.835154921827651359e-02 -3.642040409507084527e-04 -5.627314163692709315e-02 -4.089616754191759823e-02 7.092707789514049455e-02 2.155144314260819538e-01 3.637379813913618753e-01 2.155046630693490950e-01
2.039691888092865502e-01 6.171084010696532840e-02 -4.364938908146796803e-02 -4.158079657431776321e-02 2.275890737119241544e-02 4.021190756479832429e-02 -4.890193279076768783e-03 -4.758500095709998490e-02 -3.719147477721355954e-02 8.169384201383947386e-02 2.155046630693490950e-01 3.738368552386788224e-01
4.054813407377052537e-01 1.830214833483148895e-01 4.149095128371278751e-02 -2.555147383084806212e-02 -1.979125903899954173e-02 2.277461236510186504e-02 3.371679123093689057e-02 9.581247204338165513e-03 -6.023577793157432886e-02 -5.086340379395757477e-02 9.339069313249720450e-02 2.200701163115969528e-01
1.830214833483148895e-01 4.421405524049516478e-01 1.881451621541337382e-01 1.708530700237808481e-02 -3.719447004222029007e-02 -3.743643685170434249e-02 2.251216330413926582e-03 2.063407076259115430e-02 1.798735315790291056e-02 -2.913167276544766787e-02 -4.636800976333575047e-02 4.842357837982257107e-02
4.149095128371278751e-02 1.881451621541337382e-01 4.818682515860290283e-01 1.506075236810783258e-01 9.413203606955579741e-03 -3.505401057602592491e-02 -2.390660874514343587e-02 3.302926825237020077e-03 3.228350889301438709e-02 1.364883707113625361e-02 -4.412802011609610886e-02 -3.686886690657300431e-02
-2.555147383084806212e-02 1.708530700237808481e-02 1.506075236810783258e-01 4.871660737130029117e-01 1.987755590306601594e-01 6.758461620626392274e-02 -2.129923798667944165e-02 -2.514983640940941442e-02 1.878291211110009714e-03 1.752310862855382262e-02 1.083035727326849516e-02 -1.835481959122321066e-02
-1.979125903899954173e-02 -3.719447004222029007e-02 9.413203606955579741e-03 1.987755590306601594e-01 4.579360319909608901e-01 1.661999706589808723e-01 4.165815465248759453e-02 -1.758158820784639503e-02 -2.856372781813958095e-02 -2.674615742289097355e-03 2.532174817466594646e-02 1.681413634429420115e-02
2.277461236510186504e-02 -3.743643685170434249e-02 -3.505401057602592491e-02 6.758461620626392274e-02 1.661999706589808723e-01 1.837878767155511628e-01 1.972570615259231219e-01 9.660365336890582022e-02 -3.701635945962621771e-02 -4.545981021748454753e-02 -1.211181488104215226e-03 3.515301505863365622e-02
3.371679123093689057e-02 2.251216330413926582e-03 -2.390660874514343587e-02 -2.129923798667944165e-02 4.165815465248759453e-02 1.972570615259231219e-01 4.229313626313649377e-01 2.103946371399242621e-01 3.249069009425609861e-02 -3.777024388853617021e-02 -3.469633366372559813e-02 1.350620674146585376e-02
9.581247204338165513e-03 2.063407076259115430e-02 3.302926825237020077e-03 -2.514983640940941442e-02 -1.758158820784639503e-02 9.660365336890582022e-02 2.103946371399242621e-01 4.637067719425284618e-01 1.631684993720633470e-01 2.857271227876515690e-02 -2.925188968953268756e-02 -2.459254748108591349e-02
-6.023577793157432886e-02 1.798735315790291056e-02 3.228350889301438709e-02 1.878291211110009714e-03 -2.856372781813958095e-02 -3.701635945962621771e-02 3.249069009425609861e-02 1.631684993720633470e-01 4.384094900815528328e-01 2.022227642389734514e-01 6.853103979339202068e-02 -5.074119778179552592e-02
-5.086340379395757477e-02 -2.913167276544766787e-02 1.364883707113625361e-02 1.752310862855382262e-02 -2.674615742289097355e-03 -4.545981021748454753e-02 -3.777024388853617021e-02 2.857271227876515690e-02 2.022227642389734514e-01 4.365227173838501784e-01 1.986610342760766756e-01 4.905190552185939579e-02
9.339069313249720450e-02 -4.636800976333575047e-02 -4.412802011609610886e-02 1.083035727326849516e-02 2.532174817466594646e-02 -1.211181488104215226e-03 -3.469633366372559813e-02 -2.925188968953268756e-02 6.853103979339202068e-02 1.986610342760766756e-01 3.907593288437954393e-01 2.175779825914311294e-01
2.200701163115969528e-01 4.842357837982257107e-02 -3.686886690657300431e-02 -1.835481959122321066e-02 1.681413634429420115e-02 3.515301505863365622e-02 1.350620674146585376e-02 -2.459254748108591349e-02 -5.074119778179552592e-02 4.905190552185939579e-02 2.175779825914311294e-01 3.892902019687518589e-01
4.575449874709541787e-01 2.041033903203452460e-01 6.587071201710584245e-02 -3.967517780567667712e-02 -4.538442908507585999e-02 1.356712589264520881e-02 3.621415420445654731e-02 1.131674499750704582e-02 -3.108653829514492622e-02 -4.288590429100783141e-02 3.068006197235877489e-02 1.701938460560424027e-01
2.041033903203452460e-01 4.438982595486451466e-01 1.919643935124270562e-01 4.146090193178196548e-02 -4.170431398665722794e-02 -3.325273929394942374e-02 1.169561592185430245e-02 3.706592228136766642e-02 1.500034410951596106e-02 -4.035392712324503001e-02 -4.714568389357132183e-02 3.015889452112570368e-02
6.587071201710584245e-02 1.919643935124270562e-01 3.510484821064090433e-01 2.110751442672368916e-01 9.312620498653198520e-02 -4.956682685995876525e-02 -6.194808847462547619e-02 7.234473036646131387e-03 4.542454747486654454e-02 3.229255756347890194e-02 -4.315035579720856440e-02 -4.663070544607555989e-02
-3.967517780567667712e-02 4.146090193178196548e-02 2.110751442672368916e-01 4.401977903075530163e-01 2.114667150346961622e-01 3.734194522273125150e-02 -4.759364412041967862e-02 -4.104945558436706721e-02 7.902705106502927457e-03 4.272248428902747364e-02 1.692638943851521027e-02 -3.028129869686587566e-02
-4.538442908507585999e-02 -4.170431398665722794e-02 9.312620498653198520e-02 2.114667150346961622e-01 4.081687494358876012e-01 1.884859880744918503e-01 6.428521738752215886e-02 -3.771172434477393365e-02 -4.214568292040400677e-02 -1.269182638893547217e-03 3.537659633915718471e-02 1.750659143764459608e-02
1.356712589264520881e-02 -3.325273929394942374e-02 -4.956682685995876525e-02 3.734194522273125150e-02 1.884859880744918503e-01 4.395298227142320213e-01 2.114874286841842144e-01 6.563812063579879674e-02 -3.943291035926845683e-02 -5.763278803569073933e-02 2.981654616620435082e-03 3.273316163442555049e-02
3.621415420445654731e-02 1.169561592185430245e-02 -6.194808847462547619e-02 -4.759364412041967862e-02 6.428521738752215886e-02 2.114874286841842144e-01 4.020250184406210514e-01 1.966355801600276343e-01 5.499207947882440994e-02 -4.536905697406647120e-02 -3.936309244533268970e-02 6.294690997104617977e-03
1.131674499750704582e-02 3.706592228136766642e-02 7.234473036646131387e-03 -4.104945558436706721e-02 -3.771172434477393365e-02 6.563812063579879674e-02 1.966355801600276343e-01 3.732632322785627288e-01 2.200854599503906384e-01 1.045994943805644561e-01 -4.006250024098510776e-02 -4.881070180763838473e-02
-3.108653829514492622e-02 1.500034410951596106e-02 4.542454747486654454e-02 7.902705106502927457e-03 -4.214568292040400677e-02 -3.943291035926845683e-02 5.499207947882440994e-02 2.200854599503906384e-01 4.267757609931051022e-01 2.158720983183872177e-01 4.361605925318327859e-02 -3.865187214300198904e-02
-4.288590429100783141e-02 -4.035392712324503001e-02 3.229255756347890194e-02 4.272248428902747364e-02 -1.269182638893547217e-03 -5.763278803569073933e-02 -4.536905697406647120e-02 1.045994943805644561e-01 2.158720983183872177e-01 3.546717317873584463e-01 1.889055969188434547e-01 6.254271758058216335e-02
3.068006197235877489e-02 -4.714568389357132183e-02 -4.315035579720856440e-02 1.692638943851521027e-02 3.537659633915718471e-02 2.981654616620435082e-03 -3.936309244533268970e-02 -4.006250024098510776e-02 4.361605925318327859e-02 1.889055969188434547e-01 4.460852741096684726e-01 2.025503115938485366e-01
1.701938460560424027e-01 3.015889452112570368e-02 -4.663070544607555989e-02 -3.028129869686587566e-02 1.750659143764459608e-02 3.273316163442555049e-02 6.294690997104617977e-03 -4.881070180763838473e-02 -3.865187214300198904e-02 6.254271758058216335e-02 2.025503115938485366e-01 4.567908908070302809e-01
4.268450495987801130e-01 2.021237468541741134e-01 3.844602441071592186e-02 -3.812535976833486551e-02 -2.377334621314439525e-02 3.538546493274296462e-02 3.505598058090494962e-02 -1.024373277479675645e-02 -4.858301192871371937e-02 -4.928190068922221750e-02 3.917054412774258199e-02 2.028513561319944536e-01
2.021237468541741134e-01 4.217465330940574075e-01 1.817863508150643903e-01 3.213414198838398378e-02 -4.983406114256593022e-02 -4.501392208942207873e-02 3.429861442237015084e-02 4.449617406477315851e-02 6.799674050405209863e-03 -5.075615739381610786e-02 -4.387991335619642608e-02 6.773803615381360221e-02
3.844602441071592186e-02 1.817863508150643903e-01 4.584756329769386074e-01 1.851814924680575125e-01 1.738114625710326239e-02 -5.102799794975218517e-02 -2.725447917861809066e-02 2.137154902675528906e-02 3.514970151047903252e-02 1.771780231504211864e-02 -2.705329961291503757e-02 -4.010090357930885807e-02
-3.812535976833486551e-02 3.213414198838398378e-02 1.851814924680575125e-01 4.924511782915964586e-01 1.749140626129998821e-01 3.038950515829423257e-02 -3.413465414121778785e-02 -2.870918709618538317e-02 4.835623294102161726e-03 2.922384917215574765e-02 1.598262301098991867e-02 -3.299116382933973968e-02
-2.377334621314439525e-02 -4.983406114256593022e-02 1.738114625710326239e-02 1.749140626129998821e-01 4.603353861342577291e-01 1.915416180319599038e-01 4.631210152257243112e-02 -3.542803228195459675e-02 -4.647418444621416456e-02 -1.372967466409559696e-02 2.373168057042219364e-02 3.204928210813655365e-02
3.538546493274296462e-02 -4.501392208942207873e-02 -5.102799794975218517e-02 3.038950515829423257e-02 1.915416180319599038e-01 4.222804893260679870e-01 1.905162748246673754e-01 5.788393101887552572e-02 -3.442798231816860538e-02 -5.001993742127866516e-02 -1.407780594177500226e-02 4.774435253240072452e-02
3.505598058090494962e-02 3.429861442237015084e-02 -2.725447917861809066e-02 -3.413465414121778785e-02 4.631210152257243112e-02 1.905162748246673754e-01 4.024746935033099993e-01 2.171889233610305725e-01 1.018403053640327266e-01 -1.356862432821812417e-02 -4.366211110982068377e-02 -2.186811549591438295e-02
-1.024373277479675645e-02 4.449617406477315851e-02 2.137154902675528906e-02 -2.870918709618538317e-02 -3.542803228195459675e-02 5.788393101887552572e-02 2.171889233610305725e-01 4.089852221836660084e-01 2.070006828254996600e-01 7.400300556379292571e-02 -1.739449793533923844e-02 -5.299709542667498108e-02
-4.858301192871371937e-02 6.799674050405209863e-03 3.514970151047903252e-02 4.835623294102161726e-03 -4.647418444621416456e-02 -3.442798231816860538e-02 1.018403053640327266e-01 2.070006828254996600e-01 2.496293402559157659e-01 2.013987583232429990e-01 8.255401944380597046e-02 -3.541333913409677736e-02
-4.928190068922221750e-02 -5.075615739381610786e-02 1.771780231504211864e-02 2.922384917215574765e-02 -1.372967466409559696e-02 -5.001993742127866516e-02 -1.356862432821812417e-02 7.400300556379292571e-02 2.013987583232429990e-01 3.925004205046787598e-01 2.099599827416716580e-01 6.169354678534594294e-02
3.917054412774258199e-02 -4.387991335619642608e-02 -2.705329961291503757e-02 1.598262301098991867e-02 2.373168057042219364e-02 -1.407780594177500226e-02 -4.366211110982068377e-02 -1.739449793533923844e-02 8.255401944380597046e-02 2.099599827416716580e-01 4.463430627621541857e-01 1.905261267353534071e-01
2.028513561319944536e-01 6.773803615381360221e-02 -4.010090357930885807e-02 -3.299116382933973968e-02 3.204928210813655365e-02 4.774435253240072452e-02 -2.186811549591438295e-02 -5.299709542667498108e-02 -3.541333913409677736e-02 6.169354678534594294e-02 1.905261267353534071e-01 4.179329913685581599e-01
4.199236791702029015e-01 2.040202966698029252e-01 7.254163567976895655e-02 -4.209330106018475265e-02 -4.360127560385321233e-02 7.043001131274292774e-03 4.309197272088947928e-02 2.319428589163848725e-02 -3.765860123169785523e-02 -5.140532244759710157e-02 4.478675981008019280e-02 1.925057492104650658e-01
2.040202966698029252e-01 3.980804093890538686e-01 2.151578875231747734e-01 6.710692666609988088e-02 -4.140952692315357647e-02 -5.104371605216766888e-02 3.266717948729778260e-04 3.665187429754105525e-02 2.099798619831336893e-02 -4.298531868925258015e-02 -5.302488452713301215e-02 4.615152142021874959e-02
7.254163567976895655e-02 2.151578875231747734e-01 3.938809616446231621e-01 2.008763976098909554e-01 5.423587259446717435e-02 -4.620050409978924966e-02 -5.289044706106692251e-02 -2.239824269479139159e-03 4.102300503257959308e-02 2.504386414576375425e-02 -4.613341529416997711e-02 -4.414649398007142178e-02
-4.209330106018475265e-02 6.710692666609988088e-02 2.008763976098909554e-01 4.131590099894758006e-01 2.030685107150150825e-01 6.870075762731797653e-02 -4.140424628415953490e-02 -4.553399751169898840e-02 4.659688715671399251e-03 4.165755577000235244e-02 1.779126029694383382e-02 -3.844325583045535288e-02
-4.360127560385321233e-02 -4.140952692315357647e-02 5.423587259446717435e-02 2.030685107150150825e-01 4.437699979248585502e-01 2.019672821324434708e-01 6.687666034492578682e-02 -3.104179619230148374e-02 -4.008801739866865721e-02 6.116477026607884671e-03 3.659352862180648147e-02 9.573007471006880764e-03
7.043001131274292774e-03 -5.104371605216766888e-02 -4.620050409978924966e-02 6.870075762731797653e-02 2.019672821324434708e-01 3.555009379441941286e-01 2.161905768248806037e-01 8.029458869403222065e-02 -4.434079423166988054e-02 -5.441460966128902621e-02 1.106790081055041008e-02 3.714033659541256943e-02
4.309197272088947928e-02 3.266717948729778260e-04 -5.289044706106692251e-02 -4.140424628415953490e-02 6.687666034492578682e-02 2.161905768248806037e-01 3.692066931707799760e-01 2.095927145020145543e-01 5.741936520743062822e-02 -5.556352144812636007e-02 -4.585295511452341932e-02 1.884608831437085963e-02
2.319428589163848725e-02 3.665187429754105525e-02 -2.239824269479139159e-03 -4.553399751169898840e-02 -3.104179619230148374e-02 8.029458869403222065e-02 2.095927145020145543e-01 4.276816098773249530e-01 1.966684606153004666e-01 4.873562050361324866e-02 -4.166108484144650376e-02 -2.934489654864671712e-02
-3.765860123169785523e-02 2.099798619831336893e-02 4.102300503257959308e-02 4.659688715671399251e-03 -4.008801739866865721e-02 -4.434079423166988054e-02 5.741936520743062822e-02 1.966684606153004666e-01 4.495843205159990585e-01 1.959076422776537540e-01 4.412417931541114113e-02 -3.743753479564099901e-02
-5.140532244759710157e-02 -4.298531868925258015e-02 2.504386414576375425e-02 4.165755577000235244e-02 6.116477026607884671e-03 -5.441460966128902621e-02 -5.556352144812636007e-02 4.873562050361324866e-02 1.959076422776537540e-01 4.214406493415244204e-01 1.885032025984169357e-01 3.865310266256370697e-02
4.478675981008019280e-02 -5.302488452713301215e-02 -4.613341529416997711e-02 1.779126029694383382e-02 3.659352862180648147e-02 1.106790081055041008e-02 -4.585295511452341932e-02 -4.166108484144650376e-02 4.412417931541114113e-02 1.885032025984169357e-01 4.431438734183317241e-01 1.932591475162690753e-01
1.925057492104650658e-01 4.615152142021874959e-02 -4.414649398007142178e-02 -3.844325583045535288e-02 9.573007471006880764e-03 3.714033659541256943e-02 1.884608831437085963e-02 -2.934489654864671712e-02 -3.743753479564099901e-02 3.865310266256370697e-02 1.932591475162690753e-01 4.646278576136605998e-01
3.998835753375897806e-01 2.191413419523216277e-01 8.607820107980182489e-02 -3.411527419399947025e-02 -3.816316510236192339e-02 1.487295401069207469e-02 2.263579620768503553e-02 -5.503724930784690411e-03 -4.432835297212421588e-02 -3.255404222538287040e-02 5.460067423124326941e-02 2.028740514503098724e-01
2.191413419523216277e-01 4.291875338639942195e-01 2.057953125713794518e-01 3.803629488238728651e-02 -4.800975510154480846e-02 -3.470017010102231791e-02 1.513813126830169248e-02 3.725880032329655783e-02 2.260046065864964454e-04 -4.013434319684730522e-02 -3.736402419490697513e-02 6.590259181944302380e-02
8.607820107980182489e-02 2.057953125713794518e-01 3.422383135639669449e-01 1.881954230798031369e-01 6.013603919549899424e-02 -4.075667765095861150e-02 -2.791804813753631653e-02 3.256945669940704280e-02 4.386821821829524348e-02 5.457652904661502297e-03 -4.696370889411546901e-02 -5.687482640431950481e-02
-3.411527419399947025e-02 3.803629488238728651e-02 1.881954230798031369e-01 5.027268228322319121e-01 2.014435108295179189e-01 2.021467016897712798e-02 -3.098848742953664095e-02 -2.021599936514117263e-02 1.876057119743158169e-02 2.757623889163375586e-02 3.578488840910314800e-03 -4.245349939522073679e-02
-3.816316510236192339e-02 -4.800975510154480846e-02 6.013603919549899424e-02 2.014435108295179189e-01 4.312267229453561335e-01 1.708540786678125756e-01 2.789706785038527023e-02 -4.306302445794287642e-02 -4.611681785276456474e-02 3.207034898140738530e-03 3.005124478996503215e-02 2.545952510302842281e-02
1.487295401069207469e-02 -3.470017010102231791e-02 -4.075667765095861150e-02 2.021467016897712798e-02 1.708540786678125756e-01 4.746691108768464895e-01 1.784459118894432261e-01 2.703369826629473116e-02 -4.693987067969800780e-02 -3.391121249219188061e-02 1.050653786137733386e-02 4.147547979735280443e-02
2.263579620768503553e-02 1.513813126830169248e-02 -2.791804813753631653e-02 -3.098848742953664095e-02 2.789706785038527023e-02 1.784459118894432261e-01 4.722072731696199677e-01 1.930941675684927639e-01 7.215374499561801047e-02 -2.324630199762182242e-02 -3.154697132195236065e-02 -4.640963237430606762e-04
-5.503724930784690411e-03 3.725880032329655783e-02 3.256945669940704280e-02 -2.021599936514117263e-02 -4.306302445794287642e-02 2.703369826629473116e-02 1.930941675684927639e-01 4.177347391130362686e-01 2.033634999708565927e-01 5.895031192311650514e-02 -3.688224436014496399e-02 -5.394766273962012942e-02
-4.432835297212421588e-02 2.260046065864964454e-04 4.386821821829524348e-02 1.876057119743158169e-02 -4.611681785276456474e-02 -4.693987067969800780e-02 7.215374499561801047e-02 2.033634999708565927e-01 2.584988763680176049e-01 1.967358984142409117e-01 8.587541203813614521e-02 -4.368680815730541928e-02
-3.255404222538287040e-02 -4.013434319684730522e-02 5.457652904661502297e-03 2.757623889163375586e-02 3.207034898140738530e-03 -3.391121249219188061e-02 -2.324630199762182242e-02 5.895031192311650514e-02 1.967358984142409117e-01 4.571516060592044073e-01 2.110652809702064925e-01 5.129098626192050286e-02
5.460067423124326941e-02 -3.736402419490697513e-02 -4.696370889411546901e-02 3.578488840910314800e-03 3.005124478996503215e-02 1.050653786137733386e-02 -3.154697132195236065e-02 -3.688224436014496399e-02 8.587541203813614521e-02 2.110652809702064925e-01 4.141037755038624590e-01 1.910448489478979162e-01
2.028740514503098724e-01 6.590259181944302380e-02 -5.687482640431950481e-02 -4.245349939522073679e-02 2.545952510302842281e-02 4.147547979735280443e-02 -4.640963237430606762e-04 -5.394766273962012942e-02 -4.368680815730541928e-02 5.129098626192050286e-02 1.910448489478979162e-01 4.003716503662697601e-01
4.566514373929022041e-01 1.709647459791924229e-01 2.927040836062996115e-02 -5.122962618033927162e-02 -3.470790867954617887e-02 1.575315247281002667e-02 3.407307680582618431e-02 8.841550933216403563e-03 -4.319530012698760690e-02 -4.508854060678788717e-02 2.512808150760269948e-02 1.820877832274202246e-01
1.709647459791924229e-01 4.658286193297196398e-01 2.023573073816299916e-01 7.194707586601813143e-02 -3.637411906976292797e-02 -3.691930198122778117e-02 1.157517648154848464e-02 2.856534154032904990e-02 1.295426712793695118e-02 -2.803509138765339359e-02 -3.266395369985242852e-02 2.322230453812964418e-02
2.927040836062996115e-02 2.023573073816299916e-01 4.377529161633872956e-01 1.988948609650493526e-01 5.160377233682655884e-02 -3.701389054982918980e-02 -3.774520386947942396e-02 4.666686132490925100e-03 3.497570835865465577e-02 2.542393124020717737e-02 -2.061533809026509789e-02 -3.670012187960795813e-02
-5.122962618033927162e-02 7.194707586601813143e-02 1.988948609650493526e-01 2.990369921729250091e-01 2.086091438453733793e-01 8.883143462258369372e-02 -4.768182294744958971e-02 -5.286947351262917538e-02 -2.004635013010389044e-03 4.473717280446262018e-02 2.904081722843076738e-02 -3.900539905852958011e-02
-3.470790867954617887e-02 -3.637411906976292797e-02 5.160377233682655884e-02 2.086091438453733793e-01 4.306648341379045175e-01 2.105637924425676211e-01 4.078667406405834389e-02 -4.057542407955988528e-02 -4.362771590390431692e-02 1.596000276619852221e-03 3.058876840291098465e-02 1.024133153841378166e-02
1.575315247281002667e-02 -3.691930198122778117e-02 -3.701389054982918980e-02 8.883143462258369372e-02 2.105637924425676211e-01 4.355052315495352433e-01 1.810435230010001284e-01 4.733991851922235428e-02 -3.304424464672828937e-02 -4.138712060540081922e-02 -2.747110324702838058e-03 2.581994885148102339e-02
3.407307680582618431e-02 1.157517648154848464e-02 -3.774520386947942396e-02 -4.768182294744958971e-02 4.078667406405834389e-02 1.810435230010001284e-01 4.313660398101417659e-01 2.042410309240699773e-01 7.880369338633279319e-02 -4.019985834208088249e-02 -4.636183437207394564e-02 5.818747102134459726e-03
8.841550933216403563e-03 2.856534154032904990e-02 4.666686132490925100e-03 -5.286947351262917538e-02 -4.057542407955988528e-02 4.733991851922235428e-02 2.042410309240699773e-01 4.039265993828330403e-01 2.142350410553236773e-01 7.882376551332720416e-02 -3.258698754402917369e-02 -3.098594417528842057e-02
-4.319530012698760690e-02 1.295426712793695118e-02 3.497570835865465577e-02 -2.004635013010389044e-03 -4.362771590390431692e-02 -3.304424464672828937e-02 7.880369338633279319e-02 2.142350410553236773e-01 3.424463903457959368e-01 2.231670947758418178e-01 7.864673382841722016e-02 -3.729656865258390575e-02
-4.508854060678788717e-02 -2.803509138765339359e-02 2.542393124020717737e-02 4.473717280446262018e-02 1.596000276619852221e-03 -4.138712060540081922e-02 -4.019985834208088249e-02 7.882376551332720416e-02 2.231670947758418178e-01 3.605438586365614650e-01 1.965575719338902294e-01 3.739613838641887844e-02
2.512808150760269948e-02 -3.266395369985242852e-02 -2.061533809026509789e-02 2.904081722843076738e-02 3.058876840291098465e-02 -2.747110324702838058e-03 -4.636183437207394564e-02 -3.258698754402917369e-02 7.864673382841722016e-02 1.965575719338902294e-01 4.538772274615296420e-01 1.763660883810067026e-01
1.820877832274202246e-01 2.322230453812964418e-02 -3.670012187960795813e-02 -3.900539905852958011e-02 1.024133153841378166e-02 2.581994885148102339e-02 5.818747102134459726e-03 -3.098594417528842057e-02 -3.729656865258390575e-02 3.739613838641887844e-02 1.763660883810067026e-01 4.823998536167376505e-01
3.984471884382192464e-01 1.850087884331775290e-01 3.325289207672159353e-02 -4.097343325950961873e-02 -2.441233797506012215e-02 2.850018112203861476e-02 3.412974186196128523e-02 -1.426424902604670961e-02 -4.767025480466136056e-02 -2.943354451252042786e-02 9.525743728532706789e-02 2.177826402553764418e-01
1.850087884331775290e-01 4.703017559371612810e-01 1.817991700076899142e-01 2.160542563786851944e-02 -3.369524491590396298e-02 -2.168073511809855136e-02 2.593707701748734079e-02 3.353622921441069826e-02 -2.500939973967046103e-03 -3.836822920660173941e-02 -3.546712492701081798e-02 5.741169133654747125e-02
3.325289207672159353e-02 1.817991700076899142e-01 4.747806297258410635e-01 1.724082738399402293e-01 2.094035913230428425e-02 -3.548509740933337292e-02 -2.852187581432827357e-02 2.004042815084784712e-02 3.027872587928939069e-02 4.790496200059741333e-03 -3.982540341146117990e-02 -4.343447092552305683e-02
-4.097343325950961873e-02 2.160542563786851944e-02 1.724082738399402293e-01 4.665337573610763844e-01 1.786630338608957147e-01 2.945308927388409770e-02 -4.596036961251641351e-02 -4.176685431754058320e-02 1.548769087813858109e-02 3.303334731839355914e-02 1.375232039748761764e-02 -3.630723273901337311e-02
-2.441233797506012215e-02 -3.369524491590396298e-02 2.094035913230428425e-02 1.786630338608957147e-01 4.709625130090313583e-01 1.855771089912253702e-01 4.436297965860233616e-02 -4.471940684683639589e-02 -3.791512215008131792e-02 8.249507878351297618e-03 3.212881725908862951e-02 2.090688018126762859e-02
2.850018112203861476e-02 -2.168073511809855136e-02 -3.548509740933337292e-02 2.945308927388409770e-02 1.855771089912253702e-01 4.433170520854253782e-01 2.000405786837691768e-01 7.242473500683352383e-02 -3.968676951362061500e-02 -4.343466574075172115e-02 -1.902112068393846432e-03 3.640841498302151147e-02
3.412974186196128523e-02 2.593707701748734079e-02 -2.852187581432827357e-02 -4.596036961251641351e-02 4.436297965860233616e-02 2.000405786837691768e-01 3.777234812166685440e-01 2.218142390623799032e-01 8.096205073827007770e-02 -3.704945985115146168e-02 -5.007026003941481007e-02 -1.378873850941216700e-02
-1.426424902604670961e-02 3.353622921441069826e-02 2.004042815084784712e-02 -4.176685431754058320e-02 -4.471940684683639589e-02 7.242473500683352383e-02 2.218142390623799032e-01 3.679858553254518050e-01 2.105146288531959120e-01 6.517551633631175900e-02 -3.457934139164998977e-02 -5.456789794136149285e-02
-4.767025480466136056e-02 -2.500939973967046103e-03 3.027872587928939069e-02 1.548769087813858109e-02 -3.791512215008131792e-02 -3.968676951362061500e-02 8.096205073827007770e-02 2.105146288531959120e-01 3.942477994819642007e-01 2.016413717550409324e-01 6.966407011772263180e-02 -3.264361117607603169e-02
-2.943354451252042786e-02 -3.836822920660173941e-02 4.790496200059741333e-03 3.303334731839355914e-02 8.249507878351297618e-03 -4.343466574075172115e-02 -3.704945985115146168e-02 6.517551633631175900e-02 2.016413717550409324e-01 4.369196878635192016e-01 1.989950886520034934e-01 7.294136983557003573e-02
9.525743728532706789e-02 -3.546712492701081798e-02 -3.982540341146117990e-02 1.375232039748761764e-02 3.212881725908862951e-02 -1.902112068393846432e-03 -5.007026003941481007e-02 -3.457934139164998977e-02 6.966407011772263180e-02 1.989950886520034934e-01 3.441618645693945711e-01 2.234357284335652949e-01
2.177826402553764418e-01 5.741169133654747125e-02 -4.343447092552305683e-02 -3.630723273901337311e-02 2.090688018126762859e-02 3.640841498302151147e-02 -1.378873850941216700e-02 -5.456789794136149285e-02 -3.264361117607603169e-02 7.294136983557003573e-02 2.234357284335652949e-01 3.546184149862775525e-01
4.825208861747016797e-01 1.892428056429709127e-01 4.221232559118792693e-02 -3.857410157419031982e-02 -3.198279998356843429e-02 7.331621595640816155e-03 2.928621707045050288e-02 1.957829367304680240e-02 -1.683163615705440472e-02 -3.664107645511101297e-02 1.794470047449270647e-02 1.816850233787588031e-01
1.892428056429709127e-01 4.307677458935000869e-01 1.967534715949437463e-01 6.759514717010310647e-02 -4.208979027942924556e-02 -5.101759042273054656e-02 -1.608985362816511139e-02 3.195952541104171707e-02 2.460944884254552892e-02 -3.398692117085878872e-02 -4.355051674357020980e-02 3.514851014977573435e-02
4.221232559118792693e-02 1.967534715949437463e-01 3.640052241099134278e-01 2.195004526608535789e-01 8.018729816384884135e-02 -3.805623077786667030e-02 -5.515486232886643303e-02 -1.904932807153826221e-02 2.972512080775730620e-02 3.495169832569269136e-02 -2.953380574221151772e-02 -5.249239652754747465e-02
-3.857410157419031982e-02 6.759514717010310647e-02 2.195004526608535789e-01 4.164080800648254366e-01 2.036128220814943934e-01 6.221929413724505697e-02 -2.152204503322583534e-02 -4.534174693429601777e-02 -9.249331653346036519e-03 4.270583390821351688e-02 2.217185164217946869e-02 -4.284996042668597072e-02
-3.198279998356843429e-02 -4.208979027942924556e-02 8.018729816384884135e-02 2.036128220814943934e-01 3.781148622035070961e-01 2.095469850205574913e-01 9.892084958794455929e-02 -1.805251101324874263e-02 -3.995664597273480834e-02 -8.867835172600093199e-03 2.870397479697469473e-02 2.131144704248686544e-02
7.331621595640816155e-03 -5.101759042273054656e-02 -3.805623077786667030e-02 6.221929413724505697e-02 2.095469850205574913e-01 4.115558659870379721e-01 2.073459179421427712e-01 6.757211879302152391e-02 -2.724323361795554649e-02 -4.806044364439297778e-02 2.581583898504800217e-03 4.015295778153042672e-02
2.928621707045050288e-02 -1.608985362816511139e-02 -5.515486232886643303e-02 -2.152204503322583534e-02 9.892084958794455929e-02 2.073459179421427712e-01 2.574194868594031349e-01 2.006220903375587061e-01 7.803905152494584885e-02 -4.980347997545981481e-02 -4.073460202339525965e-02 2.299869779228895517e-02
1.957829367304680240e-02 3.195952541104171707e-02 -1.904932807153826221e-02 -4.534174693429601777e-02 -1.805251101324874263e-02 6.757211879302152391e-02 2.006220903375587061e-01 4.226076005561299476e-01 2.067866337900096108e-01 4.021757702824088621e-02 -4.092807359180679339e-02 -3.044809570409282365e-02
-1.683163615705440472e-02 2.460944884254552892e-02 2.972512080775730620e-02 -9.249331653346036519e-03 -3.995664597273480834e-02 -2.724323361795554649e-02 7.803905152494584885e-02 2.067866337900096108e-01 4.591128003857998241e-01 1.763211585215224975e-01 2.536993817814761631e-02 -3.324709922110193061e-02
-3.664107645511101297e-02 -3.398692117085878872e-02 3.495169832569269136e-02 4.270583390821351688e-02 -8.867835172600093199e-03 -4.806044364439297778e-02 -4.980347997545981481e-02 4.021757702824088621e-02 1.763211585215224975e-01 4.492675088219541535e-01 1.859233811688678628e-01 3.538714745118394511e-02
1.794470047449270647e-02 -4.355051674357020980e-02 -2.953380574221151772e-02 2.217185164217946869e-02 2.870397479697469473e-02 2.581583898504800217e-03 -4.073460202339525965e-02 -4.092807359180679339e-02 2.536993817814761631e-02 1.859233811688678628e-01 4.692825868503536779e-01 1.763005069218688547e-01
