1.982479617247272508e-01 2.134012489194473949e-01 1.554146146218538527e-01 1.134193883038193268e-01 7.963839123861635172e-02 3.736993086159350053e-02 2.380770511445855220e-02 -3.485953228451190659e-03 -1.751939044104166426e-02 -4.544617816761937351e-02 -4.864679198624995149e-02 -1.122275450114846584e-01
2.134012489194473949e-01 4.177409743826089317e-01 1.997860970187330942e-01 1.217887101942915218e-01 8.280994195625489274e-02 4.134642004756462763e-02 3.397841038010633585e-02 8.484924227772513983e-03 -5.284095037235356229e-03 -3.111098724851183578e-02 -4.379133340135728247e-02 -1.103021122220697453e-01
1.554146146218538527e-01 1.997860970187330942e-01 1.572878482956812096e-01 1.087595637294662687e-01 7.646604580353315306e-02 4.017074073488263730e-02 3.782617453755965364e-02 1.578452410805587791e-02 2.999335431182705968e-03 -1.935845776542900742e-02 -3.538555331964164663e-02 -9.110958009071863650e-02
1.134193883038193268e-01 1.217887101942915218e-01 1.087595637294662687e-01 8.185946783988606867e-02 5.999044793173846646e-02 3.455256200388265309e-02 3.965430431309886761e-02 2.398256078065050256e-02 1.258783658438852177e-02 -3.402280747287116016e-03 -2.297667229553179008e-02 -6.686814612095762222e-02
7.963839123861635172e-02 8.280994195625489274e-02 7.646604580353315306e-02 5.999044793173846646e-02 4.734019990783173981e-02 3.326220127107154534e-02 5.164984192915768324e-02 4.220457394956262515e-02 2.852901189840671009e-02 1.817372917030109572e-02 -9.470926627879065751e-03 -4.457229775702996333e-02
3.736993086159350053e-02 4.134642004756462763e-02 4.017074073488263730e-02 3.455256200388265309e-02 3.326220127107154534e-02 3.555598438593125799e-02 7.852021403003404953e-02 7.707574039334269544e-02 5.364007684774920598e-02 4.856375142341572831e-02 8.736250126324691251e-03 -1.600097623189575269e-02
2.380770511445855220e-02 3.397841038010633585e-02 3.782617453755965364e-02 3.965430431309886761e-02 5.164984192915768324e-02 7.852021403003404953e-02 2.066002002461107268e-01 2.142555524816109891e-01 1.413392968423831664e-01 1.321874244562035450e-01 3.939429474409292253e-02 2.565906103141388835e-03
-3.485953228451190659e-03 8.484924227772513983e-03 1.578452410805587791e-02 2.398256078065050256e-02 4.220457394956262515e-02 7.707574039334269544e-02 2.142555524816109891e-01 2.637796667008570628e-01 1.756228613710349162e-01 1.572513939219664925e-01 5.244302928710033174e-02 2.134693663787386175e-02
-1.751939044104166426e-02 -5.284095037235356229e-03 2.999335431182705968e-03 1.258783658438852177e-02 2.852901189840671009e-02 5.364007684774920598e-02 1.413392968423831664e-01 1.756228613710349162e-01 1.978345983599372471e-01 2.116960156722680342e-01 6.839356996987923376e-02 3.271017157190525548e-02
-4.544617816761937351e-02 -3.111098724851183578e-02 -1.935845776542900742e-02 -3.402280747287116016e-03 1.817372917030109572e-02 4.856375142341572831e-02 1.321874244562035450e-01 1.572513939219664925e-01 2.116960156722680342e-01 2.850416824829681284e-01 9.463344217447508533e-02 5.544328192197364724e-02
-4.864679198624995149e-02 -4.379133340135728247e-02 -3.538555331964164663e-02 -2.297667229553179008e-02 -9.470926627879065751e-03 8.736250126324691251e-03 3.939429474409292253e-02 5.244302928710033174e-02 6.839356996987923376e-02 9.463344217447508533e-02 3.831737778974353414e-02 3.817851907531525507e-02
-1.122275450114846584e-01 -1.103021122220697453e-01 -9.110958009071863650e-02 -6.686814612095762222e-02 -4.457229775702996333e-02 -1.600097623189575269e-02 2.565906103141388835e-03 2.134693663787386175e-02 3.271017157190525548e-02 5.544328192197364724e-02 3.817851907531525507e-02 7.039403788371759174e-02
3.385480492112550865e-01 1.514617691100191843e-01 6.639204932845349516e-02 7.527837389430104553e-02 2.226012613176317836e-02 4.405871894880179947e-03 -8.732145119227589791e-03 -1.415434903051809509e-02 -2.464846275720816021e-02 -2.452669271003964091e-02 -6.224483504401795431e-02 -1.728793452685988552e-01
1.514617691100191843e-01 7.944210120935471520e-02 5.182727681835987144e-02 8.603501632255572407e-02 2.565533711838192954e-02 9.908070027805346291e-03 -3.389024450604499489e-04 -5.899237679469107598e-03 -1.280189513319994823e-02 -1.256936504778533373e-02 -3.002013105468537627e-02 -7.952878178434000245e-02
6.639204932845349516e-02 5.182727681835987144e-02 6.864892737807963552e-02 1.551344069395569902e-01 4.569260045973788653e-02 1.996959901662432452e-02 6.164452250598857590e-03 -2.789849253757319038e-04 -5.443916346782063168e-03 -6.857875985318805101e-03 -1.621448185407433490e-02 -3.865391325799626132e-02
7.527837389430104553e-02 8.603501632255572407e-02 1.551344069395569902e-01 3.850213614866119238e-01 1.144665983698149314e-01 5.532523695743514491e-02 2.556882072560550528e-02 1.145555925223962906e-02 5.207795525489214948e-03 -4.917827180633316947e-03 -2.022470391220870106e-02 -4.818667025904979639e-02
2.226012613176317836e-02 2.565533711838192954e-02 4.569260045973788653e-02 1.144665983698149314e-01 4.617276130866525274e-02 5.756332724442286136e-02 6.266570039247376656e-02 3.924629973040423547e-02 3.765493058380045555e-02 1.465772677065746953e-02 3.767598224197292716e-03 -8.124866003942889103e-03
4.405871894880179947e-03 9.908070027805346291e-03 1.996959901662432452e-02 5.532523695743514491e-02 5.756332724442286136e-02 1.534107453900420137e-01 2.004472539474718706e-01 1.224787704117488302e-01 1.154747852510824013e-01 5.154767150472971265e-02 3.024050252146445392e-02 1.676553917884605199e-02
-8.732145119227589791e-03 -3.389024450604499489e-04 6.164452250598857590e-03 2.556882072560550528e-02 6.266570039247376656e-02 2.004472539474718706e-01 2.909643452060453050e-01 1.723126309985869298e-01 1.506239576264014612e-01 6.859636263392042410e-02 4.356342112029477909e-02 3.111130218570021949e-02
-1.415434903051809509e-02 -5.899237679469107598e-03 -2.789849253757319038e-04 1.145555925223962906e-02 3.924629973040423547e-02 1.224787704117488302e-01 1.723126309985869298e-01 1.701813363489598774e-01 1.956462431218773113e-01 8.216048001894973862e-02 4.838189356959154974e-02 3.446644599896345890e-02
-2.464846275720816021e-02 -1.280189513319994823e-02 -5.443916346782063168e-03 5.207795525489214948e-03 3.765493058380045555e-02 1.154747852510824013e-01 1.506239576264014612e-01 1.956462431218773113e-01 2.920119636895007753e-01 1.198978123814928159e-01 6.901675080026357934e-02 4.992877593036757627e-02
-2.452669271003964091e-02 -1.256936504778533373e-02 -6.857875985318805101e-03 -4.917827180633316947e-03 1.465772677065746953e-02 5.154767150472971265e-02 6.859636263392042410e-02 8.216048001894973862e-02 1.198978123814928159e-01 5.081073674480671154e-02 3.189503548356031892e-02 2.880140324794932052e-02
-6.224483504401795431e-02 -3.002013105468537627e-02 -1.621448185407433490e-02 -2.022470391220870106e-02 3.767598224197292716e-03 3.024050252146445392e-02 4.356342112029477909e-02 4.838189356959154974e-02 6.901675080026357934e-02 3.189503548356031892e-02 2.766745147296241839e-02 4.233474950959435074e-02
-1.728793452685988552e-01 -7.952878178434000245e-02 -3.865391325799626132e-02 -4.818667025904979639e-02 -8.124866003942889103e-03 1.676553917884605199e-02 3.111130218570021949e-02 3.446644599896345890e-02 4.992877593036757627e-02 2.880140324794932052e-02 4.233474950959435074e-02 9.712022055371703766e-02
3.149372405646228001e-01 1.793720803331096403e-01 1.219844064370581987e-01 5.584364302093831889e-02 6.651091452275564690e-03 -1.641455038830110305e-02 -2.510785915770166049e-02 -4.431813892806292510e-02 -5.180344582975218021e-02 -6.198797438022808637e-02 -7.855869845092786075e-02 -1.494593547642530662e-01
1.793720803331096403e-01 1.531974937194476860e-01 1.761921678538300728e-01 8.673344865298868167e-02 4.531774485569888683e-02 1.536103688237780776e-02 -2.097728644757748152e-03 -1.741826476661923612e-02 -2.686795147469247039e-02 -3.540517858101360077e-02 -4.555800303177039157e-02 -8.550688950361942653e-02
1.219844064370581987e-01 1.761921678538300728e-01 3.498377716625137857e-01 1.734070191437102337e-01 1.060248482708057716e-01 5.576723363191213312e-02 2.377470137476609541e-02 9.363003544205522610e-03 -6.870958948064966737e-03 -2.033067844048174963e-02 -3.148402360786854010e-02 -5.962062397323832780e-02
5.584364302093831889e-02 8.673344865298868167e-02 1.734070191437102337e-01 1.438974811601009263e-01 1.634155157438981210e-01 9.335129560378237212e-02 4.637893186239304411e-02 3.772798285507590610e-02 2.509046249938328560e-02 1.217788078443292170e-02 -2.437096727191658159e-03 -2.093663619862629055e-02
6.651091452275564690e-03 4.531774485569888683e-02 1.060248482708057716e-01 1.634155157438981210e-01 2.972195679783706246e-01 1.753704093969149780e-01 8.793519845579834959e-02 7.537408265258041529e-02 5.971972701611297923e-02 4.437889964964936845e-02 2.408242857204714177e-02 1.112121437435225832e-02
-1.641455038830110305e-02 1.536103688237780776e-02 5.576723363191213312e-02 9.335129560378237212e-02 1.753704093969149780e-01 1.153439195203332240e-01 6.840507503696210967e-02 7.399152768495721733e-02 6.350593236548740528e-02 4.734928195337459456e-02 2.747471513550247407e-02 1.979729754526433558e-02
-2.510785915770166049e-02 -2.097728644757748152e-03 2.377470137476609541e-02 4.637893186239304411e-02 8.793519845579834959e-02 6.840507503696210967e-02 6.145444554816910376e-02 9.462959719555325000e-02 8.800429101265207221e-02 6.318660148561949796e-02 3.409268068214409142e-02 2.383770088512894569e-02
-4.431813892806292510e-02 -1.741826476661923612e-02 9.363003544205522610e-03 3.772798285507590610e-02 7.537408265258041529e-02 7.399152768495721733e-02 9.462959719555325000e-02 1.792293000213260323e-01 1.730880497358937564e-01 1.224775958114508040e-01 6.317349978124470189e-02 4.130685168886255587e-02
-5.180344582975218021e-02 -2.686795147469247039e-02 -6.870958948064966737e-03 2.509046249938328560e-02 5.971972701611297923e-02 6.350593236548740528e-02 8.800429101265207221e-02 1.730880497358937564e-01 1.743937678912909073e-01 1.255430739176940924e-01 6.585460298738329832e-02 4.504177363526924716e-02
-6.198797438022808637e-02 -3.540517858101360077e-02 -2.033067844048174963e-02 1.217788078443292170e-02 4.437889964964936845e-02 4.734928195337459456e-02 6.318660148561949796e-02 1.224775958114508040e-01 1.255430739176940924e-01 9.526634484661905544e-02 5.448558305328398549e-02 4.507561831700954147e-02
-7.855869845092786075e-02 -4.555800303177039157e-02 -3.148402360786854010e-02 -2.437096727191658159e-03 2.408242857204714177e-02 2.747471513550247407e-02 3.409268068214409142e-02 6.317349978124470189e-02 6.585460298738329832e-02 5.448558305328398549e-02 3.916321476688258696e-02 4.594736864020958905e-02
-1.494593547642530662e-01 -8.550688950361942653e-02 -5.962062397323832780e-02 -2.093663619862629055e-02 1.112121437435225832e-02 1.979729754526433558e-02 2.383770088512894569e-02 4.130685168886255587e-02 4.504177363526924716e-02 4.507561831700954147e-02 4.594736864020958905e-02 7.605945232032282344e-02
6.199460218624099073e-02 6.018573034584175085e-02 7.186692827969987096e-02 4.555187258609872530e-02 2.114900720393287845e-02 -6.053578694010547379e-03 -4.362469129712883559e-02 -6.425839964892973710e-02 -6.125908581973644323e-02 -8.538578927183529399e-02 -7.561775776781264058e-02 -6.617764114743794612e-02
6.018573034584175085e-02 8.594345329395206012e-02 1.446218690686688624e-01 1.093218491426346806e-01 8.443422831136956908e-02 1.069843409285729102e-02 -2.323011813014021210e-02 -4.303328672580166575e-02 -4.028125662065040746e-02 -5.517551737886146335e-02 -5.087063878136111744e-02 -5.023062962407238291e-02
7.186692827969987096e-02 1.446218690686688624e-01 3.046054942672393184e-01 2.377174152420172826e-01 1.922237786388657776e-01 3.764307811229512801e-02 3.360891533351575110e-03 -1.865204339267466371e-02 -1.836260087773351757e-02 -2.487130273323070323e-02 -2.746058052895785501e-02 -3.917234501646323086e-02
4.555187258609872530e-02 1.093218491426346806e-01 2.377174152420172826e-01 3.667191794569355512e-01 2.445987184512464496e-01 5.046302568321354293e-02 2.698136911523597858e-02 1.288750026243468128e-02 8.486691103949372747e-03 1.000999554555070253e-02 2.786826897725448726e-03 -1.286327098833088198e-02
2.114900720393287845e-02 8.443422831136956908e-02 1.922237786388657776e-01 2.445987184512464496e-01 2.643853369915156182e-01 5.896453203251512259e-02 5.256509623353515515e-02 5.023057852528173273e-02 3.779465390666027214e-02 4.561087897095245786e-02 3.354960562153402881e-02 1.373315900593684823e-02
-6.053578694010547379e-03 1.069843409285729102e-02 3.764307811229512801e-02 5.046302568321354293e-02 5.896453203251512259e-02 1.795038240686639905e-02 3.410305109416450486e-02 4.615278815209011842e-02 2.916607622860176857e-02 2.858998042861618516e-02 2.223056859896762466e-02 1.555645609991047201e-02
-4.362469129712883559e-02 -2.323011813014021210e-02 3.360891533351575110e-03 2.698136911523597858e-02 5.256509623353515515e-02 3.410305109416450486e-02 1.186428554610762798e-01 1.814090300381488996e-01 1.041513592300387092e-01 8.819922706449397076e-02 6.890452881651898398e-02 5.615867707092894734e-02
-6.425839964892973710e-02 -4.303328672580166575e-02 -1.865204339267466371e-02 1.288750026243468128e-02 5.023057852528173273e-02 4.615278815209011842e-02 1.814090300381488996e-01 2.970060409376980015e-01 1.629988697825600075e-01 1.247689107350165583e-01 9.418600732423462740e-02 7.780498139971139815e-02
-6.125908581973644323e-02 -4.028125662065040746e-02 -1.836260087773351757e-02 8.486691103949372747e-03 3.779465390666027214e-02 2.916607622860176857e-02 1.041513592300387092e-01 1.629988697825600075e-01 1.215092159369917241e-01 1.219543574566162997e-01 9.529907632357574598e-02 7.652863274015461736e-02
-8.538578927183529399e-02 -5.517551737886146335e-02 -2.487130273323070323e-02 1.000999554555070253e-02 4.561087897095245786e-02 2.858998042861618516e-02 8.819922706449397076e-02 1.247689107350165583e-01 1.219543574566162997e-01 1.657435376497083945e-01 1.357611884806233515e-01 1.084032984744750933e-01
-7.561775776781264058e-02 -5.087063878136111744e-02 -2.746058052895785501e-02 2.786826897725448726e-03 3.354960562153402881e-02 2.223056859896762466e-02 6.890452881651898398e-02 9.418600732423462740e-02 9.529907632357574598e-02 1.357611884806233515e-01 1.164427538541915330e-01 9.456196494107473038e-02
-6.617764114743794612e-02 -5.023062962407238291e-02 -3.917234501646323086e-02 -1.286327098833088198e-02 1.373315900593684823e-02 1.555645609991047201e-02 5.615867707092894734e-02 7.780498139971139815e-02 7.652863274015461736e-02 1.084032984744750933e-01 9.456196494107473038e-02 7.905714755758452839e-02
2.506206862947679692e-01 2.054030808583414691e-01 8.082425296648904078e-02 6.368108284477172476e-02 2.856467872974727609e-02 1.663495452663576665e-02 -3.464062074435992483e-04 -2.007330290923390465e-02 -5.649274987563621120e-02 -6.366300693184429038e-02 -1.460712317476411393e-01 -1.891018929840917739e-01
2.054030808583414691e-01 2.180076384779339183e-01 9.887028080245167938e-02 1.049924852123751279e-01 5.957293011330092036e-02 5.327706452159024220e-02 2.742636479361990759e-02 6.148033108056940796e-03 -1.742157162888025371e-02 -4.082062651815229065e-02 -1.120477477991312643e-01 -1.430655780700386681e-01
8.082425296648904078e-02 9.887028080245167938e-02 6.885044969840259377e-02 1.177507122856428778e-01 7.259474186015107966e-02 6.551845629375649405e-02 4.010883725317495457e-02 2.746724622879706187e-02 2.835956519352828692e-02 -4.827554763176579726e-04 -3.396964820822979958e-02 -5.417794988195264588e-02
6.368108284477172476e-02 1.049924852123751279e-01 1.177507122856428778e-01 2.702945309186637335e-01 1.702959767113140788e-01 1.490591089061208407e-01 9.309593617666013510e-02 7.313728821720646978e-02 9.537489122102130179e-02 3.485663987409512443e-02 3.687749135829303249e-03 -3.088305619721237738e-02
2.856467872974727609e-02 5.957293011330092036e-02 7.259474186015107966e-02 1.702959767113140788e-01 1.344628898601245015e-01 1.428251628573821153e-01 8.912263897295887027e-02 6.765309882334626101e-02 8.740288721244615644e-02 3.711107917790656963e-02 2.234839368441334656e-02 -2.563328075284213026e-03
1.663495452663576665e-02 5.327706452159024220e-02 6.551845629375649405e-02 1.490591089061208407e-01 1.428251628573821153e-01 1.989966581447287775e-01 1.284623144037977949e-01 9.728803388643900152e-02 1.251677135059292290e-01 5.574947220164215567e-02 4.332157297994534972e-02 1.535009249600925024e-02
-3.464062074435992483e-04 2.742636479361990759e-02 4.010883725317495457e-02 9.309593617666013510e-02 8.912263897295887027e-02 1.284623144037977949e-01 9.217928494466026690e-02 7.678988099095415687e-02 1.049778316053571747e-01 4.863111149831716301e-02 4.256182767390639943e-02 2.231266420517124399e-02
-2.007330290923390465e-02 6.148033108056940796e-03 2.746724622879706187e-02 7.313728821720646978e-02 6.765309882334626101e-02 9.728803388643900152e-02 7.678988099095415687e-02 7.430130842757985687e-02 1.112945577807747111e-01 5.533316585637433616e-02 5.684231801956178554e-02 3.810349904595594639e-02
-5.649274987563621120e-02 -1.742157162888025371e-02 2.835956519352828692e-02 9.537489122102130179e-02 8.740288721244615644e-02 1.251677135059292290e-01 1.049778316053571747e-01 1.112945577807747111e-01 1.792450682473103463e-01 9.526086552940839225e-02 1.107366608500515437e-01 8.244741908348307557e-02
-6.366300693184429038e-02 -4.082062651815229065e-02 -4.827554763176579726e-04 3.485663987409512443e-02 3.711107917790656963e-02 5.574947220164215567e-02 4.863111149831716301e-02 5.533316585637433616e-02 9.526086552940839225e-02 6.358515760170389830e-02 1.006520643712834617e-01 8.629487138119182332e-02
-1.460712317476411393e-01 -1.120477477991312643e-01 -3.396964820822979958e-02 3.687749135829303249e-03 2.234839368441334656e-02 4.332157297994534972e-02 4.256182767390639943e-02 5.684231801956178554e-02 1.107366608500515437e-01 1.006520643712834617e-01 2.134655314596796694e-01 1.999277150716072815e-01
-1.891018929840917739e-01 -1.430655780700386681e-01 -5.417794988195264588e-02 -3.088305619721237738e-02 -2.563328075284213026e-03 1.535009249600925024e-02 2.231266420517124399e-02 3.810349904595594639e-02 8.244741908348307557e-02 8.629487138119182332e-02 1.999277150716072815e-01 2.359907959244448294e-01
1.813752688660790757e-01 1.510086296466880695e-01 1.192673974998003372e-01 3.283278538240443079e-02 -2.154163842665854367e-02 -4.571919290610196307e-02 -5.307176665271921834e-02 -5.526043322106180544e-02 -3.060549202301277028e-02 -7.347581027640984197e-02 -1.373987587785829301e-01 -1.421151672171613867e-01
1.510086296466880695e-01 1.535300552403170704e-01 1.522528887230061301e-01 8.183333283281243875e-02 3.290226319884491379e-02 -6.852954058942632536e-03 -2.600811382465187740e-02 -3.423575701954333084e-02 -2.121970065482789436e-02 -5.351976519704759044e-02 -9.832989342399632571e-02 -1.056640659447795061e-01
1.192673974998003372e-01 1.522528887230061301e-01 2.190447827910994016e-01 1.980646923856969610e-01 1.298062718966721263e-01 6.156272846939135623e-02 2.142390681221802151e-02 1.396292212337787043e-03 -8.066132558514091042e-03 -3.314731365543460706e-02 -6.657346986423218205e-02 -7.521678281973739888e-02
3.283278538240443079e-02 8.183333283281243875e-02 1.980646923856969610e-01 4.387251947254485751e-01 2.129230518518717141e-01 1.183447730159843253e-01 7.012209152824883107e-02 4.555618697286578644e-02 1.291014314314714237e-02 1.078328659579082770e-02 9.517038149271796546e-03 -5.296302214856851188e-03
-2.154163842665854367e-02 3.290226319884491379e-02 1.298062718966721263e-01 2.129230518518717141e-01 2.552844461848282065e-01 1.645983470800586601e-01 1.053044050122277225e-01 7.448920538065477437e-02 2.516803165661081476e-02 3.361408682708209167e-02 4.821626442475913238e-02 3.551371676923538445e-02
-4.571919290610196307e-02 -6.852954058942632536e-03 6.156272846939135623e-02 1.183447730159843253e-01 1.645983470800586601e-01 1.209293665258824035e-01 8.334464549680628553e-02 6.256212342656136682e-02 2.316769243144932780e-02 3.628838831807031096e-02 5.674837791830822376e-02 4.759925460434936972e-02
-5.307176665271921834e-02 -2.600811382465187740e-02 2.142390681221802151e-02 7.012209152824883107e-02 1.053044050122277225e-01 8.334464549680628553e-02 6.197389651208049660e-02 4.930019501366432466e-02 1.992257978302148028e-02 3.542391966218765009e-02 5.880958076219552910e-02 5.029611381038248674e-02
-5.526043322106180544e-02 -3.423575701954333084e-02 1.396292212337787043e-03 4.555618697286578644e-02 7.448920538065477437e-02 6.256212342656136682e-02 4.930019501366432466e-02 4.136454943550115643e-02 1.819406296870640025e-02 3.607533833739504786e-02 6.303300352125584816e-02 5.246971212550460839e-02
-3.060549202301277028e-02 -2.121970065482789436e-02 -8.066132558514091042e-03 1.291014314314714237e-02 2.516803165661081476e-02 2.316769243144932780e-02 1.992257978302148028e-02 1.819406296870640025e-02 9.648404839639912467e-03 2.341991805835989468e-02 4.498719182806246164e-02 3.339929210082853012e-02
-7.347581027640984197e-02 -5.351976519704759044e-02 -3.314731365543460706e-02 1.078328659579082770e-02 3.361408682708209167e-02 3.628838831807031096e-02 3.542391966218765009e-02 3.607533833739504786e-02 2.341991805835989468e-02 6.670295365611925154e-02 1.362909287218168897e-01 9.263656210038645478e-02
-1.373987587785829301e-01 -9.832989342399632571e-02 -6.657346986423218205e-02 9.517038149271796546e-03 4.821626442475913238e-02 5.674837791830822376e-02 5.880958076219552910e-02 6.303300352125584816e-02 4.498719182806246164e-02 1.362909287218168897e-01 2.906903961803823933e-01 1.903163273068886885e-01
-1.421151672171613867e-01 -1.056640659447795061e-01 -7.521678281973739888e-02 -5.296302214856851188e-03 3.551371676923538445e-02 4.759925460434936972e-02 5.029611381038248674e-02 5.246971212550460839e-02 3.339929210082853012e-02 9.263656210038645478e-02 1.903163273068886885e-01 1.607306850426240830e-01
1.656933917542595391e-01 1.330701979141130364e-01 9.761186771615165680e-02 6.528571785038803088e-02 4.638801913885974570e-02 2.034533586532356886e-02 1.250078834733335531e-02 4.565042436814729411e-03 -3.032064799077713313e-02 -6.883174348224588290e-02 -1.280524039517147439e-01 -1.883372868541306200e-01
1.330701979141130364e-01 1.257545684537800246e-01 1.008096558533516096e-01 7.702785591289404432e-02 6.726181766890108882e-02 3.141177133909639485e-02 2.434661448118738067e-02 2.460959945789624459e-02 -5.838611298349314499e-03 -4.716656794196356917e-02 -9.413782173833873390e-02 -1.269449152688692517e-01
9.761186771615165680e-02 1.008096558533516096e-01 9.478218409021341162e-02 9.254924906606827595e-02 1.033194692165173290e-01 4.595566543278181704e-02 3.346200872995323816e-02 3.707648662143054469e-02 1.453007256699770204e-02 -2.378781739331456424e-02 -6.139980947995238303e-02 -8.658527832851622974e-02
6.528571785038803088e-02 7.702785591289404432e-02 9.254924906606827595e-02 1.315242328278148909e-01 1.840561832024222300e-01 7.709694758986984642e-02 4.922233824841044936e-02 5.229256782197816422e-02 3.679281220433076871e-02 2.596503678229967853e-03 -2.600312480887353311e-02 -5.110299129931974299e-02
4.638801913885974570e-02 6.726181766890108882e-02 1.033194692165173290e-01 1.840561832024222300e-01 3.039374114691029138e-01 1.255260866951765086e-01 7.653134733197151929e-02 7.930348558196111119e-02 6.646749147668998270e-02 3.087454098558513674e-02 7.106865389294850233e-03 -2.488393995729422381e-02
2.034533586532356886e-02 3.141177133909639485e-02 4.595566543278181704e-02 7.709694758986984642e-02 1.255260866951765086e-01 5.734183695441893991e-02 4.365244772516312100e-02 5.636652750203079154e-02 5.232541902451946780e-02 2.618641885185881910e-02 1.271632040050458233e-02 -5.552832566689380051e-03
1.250078834733335531e-02 2.434661448118738067e-02 3.346200872995323816e-02 4.922233824841044936e-02 7.653134733197151929e-02 4.365244772516312100e-02 5.127414671968640036e-02 8.810813475005056794e-02 9.163974377754446898e-02 4.560999414595516555e-02 2.686557124686562298e-02 7.125282254191350403e-03
4.565042436814729411e-03 2.460959945789624459e-02 3.707648662143054469e-02 5.229256782197816422e-02 7.930348558196111119e-02 5.636652750203079154e-02 8.810813475005056794e-02 1.789091199518154374e-01 1.998406403869603665e-01 9.802578432013470122e-02 5.955547812397744833e-02 2.881834202957522448e-02
-3.032064799077713313e-02 -5.838611298349314499e-03 1.453007256699770204e-02 3.679281220433076871e-02 6.646749147668998270e-02 5.232541902451946780e-02 9.163974377754446898e-02 1.998406403869603665e-01 2.608500897696793830e-01 1.386562729451701337e-01 9.826694936964418259e-02 6.742449334589326049e-02
-6.883174348224588290e-02 -4.716656794196356917e-02 -2.378781739331456424e-02 2.596503678229967853e-03 3.087454098558513674e-02 2.618641885185881910e-02 4.560999414595516555e-02 9.802578432013470122e-02 1.386562729451701337e-01 1.080383145790310140e-01 1.173976235908999466e-01 1.065486680412006393e-01
-1.280524039517147439e-01 -9.413782173833873390e-02 -6.139980947995238303e-02 -2.600312480887353311e-02 7.106865389294850233e-03 1.271632040050458233e-02 2.686557124686562298e-02 5.955547812397744833e-02 9.826694936964418259e-02 1.173976235908999466e-01 1.874334828022965471e-01 2.049379647887420441e-01
-1.883372868541306200e-01 -1.269449152688692517e-01 -8.658527832851622974e-02 -5.110299129931974299e-02 -2.488393995729422381e-02 -5.552832566689380051e-03 7.125282254191350403e-03 2.881834202957522448e-02 6.742449334589326049e-02 1.065486680412006393e-01 2.049379647887420441e-01 3.344612206279006239e-01
1.154164509430699037e-01 1.734745947881596584e-01 6.280049501789142230e-02 4.796625997885901188e-02 2.487685191870972479e-02 1.819457730715201907e-02 -9.779610057743221008e-03 -1.286899421840831219e-02 -1.183380870179955545e-02 -3.867456516642672759e-02 -4.048137041791927127e-02 -6.660357060093495540e-02
1.734745947881596584e-01 2.627858479129638880e-01 9.614493571276060135e-02 7.833039172788563986e-02 4.081007420437864075e-02 3.326427477034292479e-02 -8.366818425211123081e-03 -1.462222556938659081e-02 -1.263576187022609487e-02 -3.870774498939526242e-02 -5.313826583014610860e-02 -9.757403572325692998e-02
6.280049501789142230e-02 9.614493571276060135e-02 4.629444850329463013e-02 9.697347248619585247e-02 3.046304747013047626e-02 2.069493715637354958e-02 4.276166334173801993e-03 -1.683000332992646512e-03 -3.482636019807345759e-03 -1.274749605234643500e-02 -1.875019927690813742e-02 -3.511858764192956478e-02
4.796625997885901188e-02 7.833039172788563986e-02 9.697347248619585247e-02 4.676170972003226844e-01 1.084066554351400258e-01 5.318580332842201552e-02 3.123533971021869374e-02 1.232291570789663393e-02 1.318749258836380417e-03 -5.530803447179182507e-03 -1.274645380434891000e-02 -2.615734429640277636e-02
2.487685191870972479e-02 4.081007420437864075e-02 3.046304747013047626e-02 1.084066554351400258e-01 4.541532426507462195e-02 6.863628863831411353e-02 6.984261463181497265e-02 3.099396871736167375e-02 8.789149651054104298e-03 1.114642944743489753e-02 -9.182875627530041884e-04 -1.160934161380850621e-02
1.819457730715201907e-02 3.326427477034292479e-02 2.069493715637354958e-02 5.318580332842201552e-02 6.863628863831411353e-02 1.833626889862468579e-01 2.119398999613932300e-01 9.281769927484458116e-02 2.675704015403212316e-02 3.722662098432037714e-02 1.129509271852551823e-02 -4.273439678620473588e-03
-9.779610057743221008e-03 -8.366818425211123081e-03 4.276166334173801993e-03 3.123533971021869374e-02 6.984261463181497265e-02 2.119398999613932300e-01 2.808306524694998418e-01 1.230773579628380576e-01 3.552296211028889428e-02 5.040398772168160763e-02 2.274204743338536713e-02 1.243384340515614646e-02
-1.286899421840831219e-02 -1.462222556938659081e-02 -1.683000332992646512e-03 1.232291570789663393e-02 3.099396871736167375e-02 9.281769927484458116e-02 1.230773579628380576e-01 6.059418684725060428e-02 2.523976000222421384e-02 5.926221243498371039e-02 2.605414363919461573e-02 1.432997409829916621e-02
-1.183380870179955545e-02 -1.263576187022609487e-02 -3.482636019807345759e-03 1.318749258836380417e-03 8.789149651054104298e-03 2.675704015403212316e-02 3.552296211028889428e-02 2.523976000222421384e-02 2.597874783683323807e-02 9.666035181307736091e-02 3.969972506347933805e-02 1.747429353896861812e-02
-3.867456516642672759e-02 -3.870774498939526242e-02 -1.274749605234643500e-02 -5.530803447179182507e-03 1.114642944743489753e-02 3.722662098432037714e-02 5.040398772168160763e-02 5.926221243498371039e-02 9.666035181307736091e-02 3.963197389631094025e-01 1.600664807897582143e-01 6.566114994576682795e-02
-4.048137041791927127e-02 -5.313826583014610860e-02 -1.875019927690813742e-02 -1.274645380434891000e-02 -9.182875627530041884e-04 1.129509271852551823e-02 2.274204743338536713e-02 2.605414363919461573e-02 3.969972506347933805e-02 1.600664807897582143e-01 7.142957853079155706e-02 4.048695928609628153e-02
-6.660357060093495540e-02 -9.757403572325692998e-02 -3.511858764192956478e-02 -2.615734429640277636e-02 -1.160934161380850621e-02 -4.273439678620473588e-03 1.243384340515614646e-02 1.432997409829916621e-02 1.747429353896861812e-02 6.566114994576682795e-02 4.048695928609628153e-02 4.395523754154413015e-02
1.480714625756930636e-01 1.588670764396207524e-01 9.828806851716026527e-02 3.078168893042337179e-02 1.968606389019674288e-02 -6.961919606892976202e-04 -1.780700996377973175e-02 -2.512743627452406620e-02 -2.867502914338784445e-02 -5.199346234593912874e-02 -1.235045672372469816e-01 -1.786278872957225428e-01
1.588670764396207524e-01 2.857801563168585468e-01 2.087979293648506429e-01 7.493953321812962809e-02 7.565921887684720626e-02 5.126192709150769605e-02 3.223048839542427824e-02 1.393730950080247083e-02 -3.873993819830980068e-03 -2.713350614360348842e-02 -8.015232828243160079e-02 -1.211567924167416266e-01
9.828806851716026527e-02 2.087979293648506429e-01 2.184236996595927960e-01 9.165251286107638229e-02 1.151161531016558492e-01 8.966294708906051569e-02 7.297118166884206114e-02 5.037384583517429126e-02 2.441468773735873399e-02 9.607681148063054732e-03 -8.683812230226147996e-03 -5.441412776890489078e-02
3.078168893042337179e-02 7.493953321812962809e-02 9.165251286107638229e-02 5.370912580608437625e-02 9.665723353830088516e-02 7.886754119672179097e-02 5.955779377482307152e-02 4.005447634704210197e-02 2.168751924781611023e-02 1.609939450826464863e-02 1.824306758969131137e-02 -6.040455249369724652e-03
1.968606389019674288e-02 7.565921887684720626e-02 1.151161531016558492e-01 9.665723353830088516e-02 2.291480699333268700e-01 1.918831647619625991e-01 1.347430028428389381e-01 8.583275499424318500e-02 4.714505459302691798e-02 4.017889933911827915e-02 5.911027240564925567e-02 2.362476431356848317e-02
-6.961919606892976202e-04 5.126192709150769605e-02 8.966294708906051569e-02 7.886754119672179097e-02 1.918831647619625991e-01 1.934779834248721020e-01 1.452878160701393251e-01 9.295278870803132254e-02 5.159558944479006315e-02 4.620808639840039839e-02 7.230701092344293812e-02 4.281443515435857938e-02
-1.780700996377973175e-02 3.223048839542427824e-02 7.297118166884206114e-02 5.955779377482307152e-02 1.347430028428389381e-01 1.452878160701393251e-01 1.316877937175309765e-01 9.118221285537353449e-02 5.394967214914880155e-02 5.262600820576247840e-02 8.715068802632675027e-02 5.927532674600988205e-02
-2.512743627452406620e-02 1.393730950080247083e-02 5.037384583517429126e-02 4.005447634704210197e-02 8.583275499424318500e-02 9.295278870803132254e-02 9.118221285537353449e-02 6.934001272893509926e-02 4.413862192909800974e-02 4.675897664820351241e-02 8.133886249648467071e-02 5.919675993887450055e-02
-2.867502914338784445e-02 -3.873993819830980068e-03 2.441468773735873399e-02 2.168751924781611023e-02 4.714505459302691798e-02 5.159558944479006315e-02 5.394967214914880155e-02 4.413862192909800974e-02 3.083499856821961954e-02 3.641513226340657716e-02 6.824105186540121992e-02 5.417814830225577832e-02
-5.199346234593912874e-02 -2.713350614360348842e-02 9.607681148063054732e-03 1.609939450826464863e-02 4.017889933911827915e-02 4.620808639840039839e-02 5.262600820576247840e-02 4.675897664820351241e-02 3.641513226340657716e-02 4.952713200780967107e-02 1.029258681149233245e-01 8.888070490165832227e-02
-1.235045672372469816e-01 -8.015232828243160079e-02 -8.683812230226147996e-03 1.824306758969131137e-02 5.911027240564925567e-02 7.230701092344293812e-02 8.715068802632675027e-02 8.133886249648467071e-02 6.824105186540121992e-02 1.029258681149233245e-01 2.372318070100788434e-01 2.179828634237778451e-01
-1.786278872957225428e-01 -1.211567924167416266e-01 -5.441412776890489078e-02 -6.040455249369724652e-03 2.362476431356848317e-02 4.281443515435857938e-02 5.927532674600988205e-02 5.919675993887450055e-02 5.417814830225577832e-02 8.888070490165832227e-02 2.179828634237778451e-01 3.527677582509992638e-01
7.840612427179036170e-02 1.549285770048846045e-01 1.020504790189659117e-01 6.130206298716453506e-02 1.686482205322796524e-02 -1.839100274733990181e-02 -1.945984969643681228e-02 -2.204987989759251907e-02 -3.127884898243643574e-02 -5.052457856418540727e-02 -2.966461017137682690e-02 -3.987370349520065471e-02
1.549285770048846045e-01 3.440418369881519389e-01 2.115489492383703651e-01 1.263273849055137343e-01 5.484883306430365923e-02 -9.231235925756114957e-03 -1.947626022066573093e-02 -2.419768305708742961e-02 -3.431338076197529979e-02 -5.678774316289061930e-02 -4.053244586068900646e-02 -6.937029378005625524e-02
1.020504790189659117e-01 2.115489492383703651e-01 2.750327345752718311e-01 1.975365410257488574e-01 1.205126933257808786e-01 5.846266155308314783e-02 2.215444528465469742e-02 2.690045643375284755e-03 -1.427615791428060027e-02 -3.563146236939910422e-02 -2.793455017791555625e-02 -4.879429202341571681e-02
6.130206298716453506e-02 1.263273849055137343e-01 1.975365410257488574e-01 2.100073169298340148e-01 1.782433744283547505e-01 1.132123451715197904e-01 5.517195212465533793e-02 2.811802753262639121e-02 1.310523378957116278e-02 3.111561625783379643e-03 -7.696767255754445591e-03 -2.622273427432293691e-02
1.686482205322796524e-02 5.484883306430365923e-02 1.205126933257808786e-01 1.782433744283547505e-01 2.804632434069702640e-01 2.107610682183387318e-01 1.028155731954892294e-01 5.819136194221383174e-02 4.287871600957228468e-02 4.621008495456555010e-02 1.646629894568205771e-02 1.624085710240743110e-03
-1.839100274733990181e-02 -9.231235925756114957e-03 5.846266155308314783e-02 1.132123451715197904e-01 2.107610682183387318e-01 2.244383736990122058e-01 1.164142608375093174e-01 6.928269562025345107e-02 5.492781635345724001e-02 6.426264807333717521e-02 2.858631218794759066e-02 2.001531687816027888e-02
-1.945984969643681228e-02 -1.947626022066573093e-02 2.215444528465469742e-02 5.517195212465533793e-02 1.028155731954892294e-01 1.164142608375093174e-01 6.895210705462800904e-02 4.957927530730578403e-02 4.975048208548266820e-02 6.644107061381090973e-02 2.880037429787659156e-02 1.947326040215572457e-02
-2.204987989759251907e-02 -2.419768305708742961e-02 2.690045643375284755e-03 2.811802753262639121e-02 5.819136194221383174e-02 6.928269562025345107e-02 4.957927530730578403e-02 5.034587444766188552e-02 6.759203077569884976e-02 1.014453578974720549e-01 4.214268908491947130e-02 2.504329808372501506e-02
-3.127884898243643574e-02 -3.431338076197529979e-02 -1.427615791428060027e-02 1.310523378957116278e-02 4.287871600957228468e-02 5.492781635345724001e-02 4.975048208548266820e-02 6.759203077569884976e-02 1.093352909137423890e-01 1.736768413323292737e-01 7.086449349349323301e-02 3.933495596680217782e-02
-5.052457856418540727e-02 -5.678774316289061930e-02 -3.563146236939910422e-02 3.111561625783379643e-03 4.621008495456555010e-02 6.426264807333717521e-02 6.644107061381090973e-02 1.014453578974720549e-01 1.736768413323292737e-01 2.834909456986811072e-01 1.155721916817974981e-01 6.381865893867855188e-02
-2.966461017137682690e-02 -4.053244586068900646e-02 -2.793455017791555625e-02 -7.696767255754445591e-03 1.646629894568205771e-02 2.858631218794759066e-02 2.880037429787659156e-02 4.214268908491947130e-02 7.086449349349323301e-02 1.155721916817974981e-01 4.866515240935388037e-02 3.015768695612240299e-02
-3.987370349520065471e-02 -6.937029378005625524e-02 -4.879429202341571681e-02 -2.622273427432293691e-02 1.624085710240743110e-03 2.001531687816027888e-02 1.947326040215572457e-02 2.504329808372501506e-02 3.933495596680217782e-02 6.381865893867855188e-02 3.015768695612240299e-02 2.682099960490175877e-02
3.915615745041813867e-01 1.852981928697823855e-01 8.146260603368252196e-02 7.958125908784180469e-02 4.260525548051664890e-02 3.423428368397929411e-02 1.143472302453074109e-02 1.052094755811857144e-02 -5.864198264381174225e-03 -4.927522259466435295e-02 -1.158832853073741426e-01 -1.792328260107913795e-01
1.852981928697823855e-01 1.391397963539381388e-01 8.865759489041316610e-02 1.151918315842553886e-01 6.541709591363713272e-02 5.568655339149432976e-02 2.112910753844135514e-02 2.893006439708426317e-02 2.098929588328709087e-02 -1.388719748580591676e-02 -6.233862146364782530e-02 -9.910067189903321028e-02
8.146260603368252196e-02 8.865759489041316610e-02 8.206954381717095071e-02 1.274598927027351114e-01 7.450639417151583288e-02 6.464401962176841154e-02 2.464990610042754049e-02 3.441980595630665662e-02 3.174106855089764423e-02 1.257622368036718716e-02 -1.236982456000575679e-02 -4.289646118107018347e-02
7.958125908784180469e-02 1.151918315842553886e-01 1.274598927027351114e-01 2.145508731254160972e-01 1.271928422090681243e-01 1.115894658710057386e-01 4.290850329998904811e-02 6.096722068346624446e-02 6.037507787963034001e-02 4.075232227083189218e-02 1.840806772505764952e-02 -3.223722798825826713e-02
4.260525548051664890e-02 6.541709591363713272e-02 7.450639417151583288e-02 1.271928422090681243e-01 7.667283603089870836e-02 6.873410824930445417e-02 2.784658305808612733e-02 4.357962731598565009e-02 4.596710963712186127e-02 3.284598252656448225e-02 2.205974550512325091e-02 -1.108487789759566439e-02
3.423428368397929411e-02 5.568655339149432976e-02 6.464401962176841154e-02 1.115894658710057386e-01 6.873410824930445417e-02 6.420835267119090473e-02 2.883227540444287945e-02 5.297181799444156125e-02 6.065599456879259416e-02 4.245404982233151603e-02 3.320568125367469314e-02 -5.594400188890904027e-04
1.143472302453074109e-02 2.112910753844135514e-02 2.464990610042754049e-02 4.290850329998904811e-02 2.784658305808612733e-02 2.883227540444287945e-02 1.770505812584814709e-02 4.498509346448023583e-02 5.840977019638272927e-02 3.571753289730247166e-02 2.701902197703148073e-02 8.415077709299138495e-03
1.052094755811857144e-02 2.893006439708426317e-02 3.441980595630665662e-02 6.096722068346624446e-02 4.357962731598565009e-02 5.297181799444156125e-02 4.498509346448023583e-02 1.398800050235961823e-01 1.926247450799710159e-01 1.088715844559850487e-01 7.740436048857615714e-02 3.568013288485628876e-02
-5.864198264381174225e-03 2.098929588328709087e-02 3.174106855089764423e-02 6.037507787963034001e-02 4.596710963712186127e-02 6.065599456879259416e-02 5.840977019638272927e-02 1.926247450799710159e-01 2.881641490701674635e-01 1.629275284812386482e-01 1.145087861030022330e-01 6.088988711807132026e-02
-4.927522259466435295e-02 -1.388719748580591676e-02 1.257622368036718716e-02 4.075232227083189218e-02 3.284598252656448225e-02 4.245404982233151603e-02 3.571753289730247166e-02 1.088715844559850487e-01 1.629275284812386482e-01 1.437121854597130377e-01 1.585122744214305934e-01 1.013210495699824187e-01
-1.158832853073741426e-01 -6.233862146364782530e-02 -1.236982456000575679e-02 1.840806772505764952e-02 2.205974550512325091e-02 3.320568125367469314e-02 2.701902197703148073e-02 7.740436048857615714e-02 1.145087861030022330e-01 1.585122744214305934e-01 2.621203702792903600e-01 1.868609452870462762e-01
-1.792328260107913795e-01 -9.910067189903321028e-02 -4.289646118107018347e-02 -3.223722798825826713e-02 -1.108487789759566439e-02 -5.594400188890904027e-04 8.415077709299138495e-03 3.568013288485628876e-02 6.088988711807132026e-02 1.013210495699824187e-01 1.868609452870462762e-01 1.802152555385893584e-01
