3.980449887085540928e-01 2.660123268521762396e-01 8.222881406633525403e-02 -6.143508755493338330e-02 -7.900499043464709326e-02 -2.208713891185400385e-03 7.753996249787509232e-02 5.972106276018243620e-02 -8.628894364972811148e-02 -2.635396588457490363e-01
2.660123268521762396e-01 4.232093566151883257e-01 2.685738618043184700e-01 8.294546943289746177e-02 -5.750262709076568723e-02 -8.036390330822625050e-02 -7.005610348758363123e-03 7.519878589474643382e-02 6.238459121362376070e-02 -7.715095937112675939e-02
8.222881406633525403e-02 2.685738618043184700e-01 3.954049840318832887e-01 2.601936585698922944e-01 9.140067075387933726e-02 -5.070306211282588765e-02 -8.008675314337279638e-02 -8.144396609234490908e-03 7.760472037499685505e-02 6.468616332300225480e-02
-6.143508755493338330e-02 8.294546943289746177e-02 2.601936585698922944e-01 3.902391141363925064e-01 2.676885997126238204e-01 9.734190187459793031e-02 -5.177762898147435233e-02 -8.154095969312553926e-02 -5.003537146949949346e-03 7.820942626418436738e-02
-7.900499043464709326e-02 -5.750262709076568723e-02 9.140067075387933726e-02 2.676885997126238204e-01 3.924536340530241363e-01 2.623710249437728459e-01 8.957521589702495401e-02 -5.510361286140132847e-02 -7.905967007279568470e-02 -1.810056862445559404e-03
-2.208713891185400385e-03 -8.036390330822625050e-02 -5.070306211282588765e-02 9.734190187459793031e-02 2.623710249437728459e-01 3.805972742770524220e-01 2.627573173395331696e-01 8.937687056834039967e-02 -5.897755516489011640e-02 -8.031719861325278820e-02
7.753996249787509232e-02 -7.005610348758363123e-03 -8.008675314337279638e-02 -5.177762898147435233e-02 8.957521589702495401e-02 2.627573173395331696e-01 4.052484445917663991e-01 2.688913817507160298e-01 8.177566874710592848e-02 -6.315132371812237633e-02
5.972106276018243620e-02 7.519878589474643382e-02 -8.144396609234490908e-03 -8.154095969312553926e-02 -5.510361286140132847e-02 8.937687056834039967e-02 2.688913817507160298e-01 4.062590482860374275e-01 2.623228554843959337e-01 8.230350782768597329e-02
-8.628894364972811148e-02 6.238459121362376070e-02 7.760472037499685505e-02 -5.003537146949949346e-03 -7.905967007279568470e-02 -5.897755516489011640e-02 8.177566874710592848e-02 2.623228554843959337e-01 4.004300487098250150e-01 2.682415477331484555e-01
-2.635396588457490363e-01 -7.715095937112675939e-02 6.468616332300225480e-02 7.820942626418436738e-02 -1.810056862445559404e-03 -8.031719861325278820e-02 -6.315132371812237633e-02 8.230350782768597329e-02 2.682415477331484555e-01 4.081131065902762756e-01
3.758326327182083260e-01 2.598318416752524174e-01 8.840786782598125670e-02 -5.956143271066629413e-02 -8.078719656053365283e-02 -4.315444748339678405e-04 8.168112527199761219e-02 6.281596649145276823e-02 -8.722299942715577847e-02 -2.653347597614276188e-01
2.598318416752524174e-01 3.856542857889963538e-01 2.661845187612329466e-01 8.469748647730751534e-02 -6.120141406779075477e-02 -7.774993890197606783e-02 6.661972343736036542e-03 8.217811087954920990e-02 5.145055440933810759e-02 -9.805961260509063471e-02
8.840786782598125670e-02 2.661845187612329466e-01 4.202950068065860467e-01 2.694458070094321589e-01 8.080293487670933694e-02 -6.107696313715954561e-02 -7.620826210712425275e-02 2.086238295388733247e-03 7.525788008192391132e-02 5.072657343899682203e-02
-5.956143271066629413e-02 8.469748647730751534e-02 2.694458070094321589e-01 4.013920507031017992e-01 2.588656924243883939e-01 8.286375421122965657e-02 -5.993418202434670078e-02 -8.038479148186179757e-02 1.171676115796550701e-03 8.156633826687539890e-02
-8.078719656053365283e-02 -6.120141406779075477e-02 8.080293487670933694e-02 2.588656924243883939e-01 3.934671567036445716e-01 2.699428890740802611e-01 8.782215005986326872e-02 -6.053895184526265211e-02 -7.709738614954289582e-02 6.379243631735930647e-03
-4.315444748339678405e-04 -7.774993890197606783e-02 -6.107696313715954561e-02 8.286375421122965657e-02 2.699428890740802611e-01 4.193307287013857687e-01 2.654624255667120680e-01 8.330332857327207852e-02 -5.810746121080873766e-02 -7.619288187042069782e-02
8.168112527199761219e-02 6.661972343736036542e-03 -7.620826210712425275e-02 -5.993418202434670078e-02 8.782215005986326872e-02 2.654624255667120680e-01 3.833680933173820859e-01 2.613683705737311347e-01 8.670277312025868877e-02 -6.081818971631995641e-02
6.281596649145276823e-02 8.217811087954920990e-02 2.086238295388733247e-03 -8.038479148186179757e-02 -6.053895184526265211e-02 8.330332857327207852e-02 2.613683705737311347e-01 4.063200539166074154e-01 2.685000494891559564e-01 7.927481540973860263e-02
-8.722299942715577847e-02 5.145055440933810759e-02 7.525788008192391132e-02 1.171676115796550701e-03 -7.709738614954289582e-02 -5.810746121080873766e-02 8.670277312025868877e-02 2.685000494891559564e-01 4.115209906759078606e-01 2.647280354284988757e-01
-2.653347597614276188e-01 -9.805961260509063471e-02 5.072657343899682203e-02 8.156633826687539890e-02 6.379243631735930647e-03 -7.619288187042069782e-02 -6.081818971631995641e-02 7.927481540973860263e-02 2.647280354284988757e-01 4.028190006681788837e-01
4.089873101203732597e-01 2.667898531983269317e-01 9.090460054529651834e-02 -5.441896773254534247e-02 -8.046011293218985339e-02 -2.567560126049191899e-03 7.844444607856819462e-02 5.862174256889645524e-02 -8.386682135647748060e-02 -2.647878645532284470e-01
2.667898531983269317e-01 3.863721782526531312e-01 2.617036539897835135e-01 8.944001183451524839e-02 -5.682266783750421213e-02 -7.894902500740499929e-02 -1.312170403392698241e-03 7.872332259707401358e-02 5.949880728720342848e-02 -8.789031140027411815e-02
9.090460054529651834e-02 2.617036539897835135e-01 3.919399220878333479e-01 2.655760621062923654e-01 8.716120167614040126e-02 -6.019241461274762311e-02 -8.044978761205773266e-02 3.276890055311197647e-03 8.210310951018763570e-02 5.580244264466569654e-02
-5.441896773254534247e-02 8.944001183451524839e-02 2.655760621062923654e-01 4.032681851204245049e-01 2.670377143086313243e-01 8.279950172931251073e-02 -6.085253839167153317e-02 -7.604558952992365728e-02 3.859590068083147175e-03 7.798210806096801673e-02
-8.046011293218985339e-02 -5.682266783750421213e-02 8.716120167614040126e-02 2.670377143086313243e-01 4.063448899612569498e-01 2.632187510190835411e-01 8.392836895928139362e-02 -5.994452997524414573e-02 -7.956533505434908171e-02 1.821001373971733832e-03
-2.567560126049191899e-03 -7.894902500740499929e-02 -6.019241461274762311e-02 8.279950172931251073e-02 2.632187510190835411e-01 3.964014004941001090e-01 2.669289928945853818e-01 8.485850122920537975e-02 -6.144020422338809101e-02 -7.797831477103087106e-02
7.844444607856819462e-02 -1.312170403392698241e-03 -8.044978761205773266e-02 -6.085253839167153317e-02 8.392836895928139362e-02 2.669289928945853818e-01 4.110504292752052424e-01 2.649806812532659039e-01 8.316365974696431074e-02 -5.929192813341924856e-02
5.862174256889645524e-02 7.872332259707401358e-02 3.276890055311197647e-03 -7.604558952992365728e-02 -5.994452997524414573e-02 8.485850122920537975e-02 2.649806812532659039e-01 3.952612385378758142e-01 2.655269462574177952e-01 8.734682158689276166e-02
-8.386682135647748060e-02 5.949880728720342848e-02 8.210310951018763570e-02 3.859590068083147175e-03 -7.956533505434908171e-02 -6.144020422338809101e-02 8.316365974696431074e-02 2.655269462574177952e-01 4.067859651797233189e-01 2.649915995765855237e-01
-2.647878645532284470e-01 -8.789031140027411815e-02 5.580244264466569654e-02 7.798210806096801673e-02 1.821001373971733832e-03 -7.797831477103087106e-02 -5.929192813341924856e-02 8.734682158689276166e-02 2.649915995765855237e-01 3.935884809705692544e-01
3.891992973920408994e-01 2.634399499318840765e-01 8.933676498903241059e-02 -5.821948094955893549e-02 -8.099913433527734796e-02 -5.020205244697100930e-03 7.797140309760827726e-02 6.608561839838926477e-02 -7.889485758969018436e-02 -2.640211969072853715e-01
2.634399499318840765e-01 4.031148827861530393e-01 2.675842988090295638e-01 8.537958625561085924e-02 -5.878060559779108712e-02 -8.090773549571306233e-02 -4.542218523375442588e-03 7.835345002112278912e-02 6.339582166429491572e-02 -8.234486964421508515e-02
8.933676498903241059e-02 2.675842988090295638e-01 3.995796256050104800e-01 2.636514609302613721e-01 8.807110301848124212e-02 -5.394623474679798719e-02 -7.923236805285528706e-02 -6.879510676713941966e-03 7.559945433710879570e-02 5.804656816202617697e-02
-5.821948094955893549e-02 8.537958625561085924e-02 2.636514609302613721e-01 3.983153920512437773e-01 2.655095311161174143e-01 9.215513859615739878e-02 -5.403738963497941444e-02 -8.249266107016739458e-02 -6.162004814672317893e-03 7.774603430239672430e-02
-8.099913433527734796e-02 -5.878060559779108712e-02 8.807110301848124212e-02 2.655095311161174143e-01 3.913626476291461875e-01 2.632784829377122771e-01 9.035735983899194357e-02 -5.465838546537735848e-02 -7.864886502502427268e-02 1.344935813080824468e-03
-5.020205244697100930e-03 -8.090773549571306233e-02 -5.394623474679798719e-02 9.215513859615739878e-02 2.632784829377122771e-01 3.909182368239492722e-01 2.652003924821065839e-01 9.235395547710209541e-02 -5.574451122700732619e-02 -7.748724547233062920e-02
7.797140309760827726e-02 -4.542218523375442588e-03 -7.923236805285528706e-02 -5.403738963497941444e-02 9.035735983899194357e-02 2.652003924821065839e-01 3.955177976545622420e-01 2.653796571196062049e-01 8.450215523828112640e-02 -6.304185851931187745e-02
6.608561839838926477e-02 7.835345002112278912e-02 -6.879510676713941966e-03 -8.249266107016739458e-02 -5.465838546537735848e-02 9.235395547710209541e-02 2.653796571196062049e-01 3.959381311655681968e-01 2.626583888004048184e-01 7.706400226638129847e-02
-7.889485758969018436e-02 6.339582166429491572e-02 7.559945433710879570e-02 -6.162004814672317893e-03 -7.864886502502427268e-02 -5.574451122700732619e-02 8.450215523828112640e-02 2.626583888004048184e-01 4.132659809227818837e-01 2.700110940291478023e-01
-2.640211969072853715e-01 -8.234486964421508515e-02 5.804656816202617697e-02 7.774603430239672430e-02 1.344935813080824468e-03 -7.748724547233062920e-02 -6.304185851931187745e-02 7.706400226638129847e-02 2.700110940291478023e-01 4.227880079695421345e-01
4.162793494050660570e-01 2.626416828201930675e-01 9.094889141912626540e-02 -5.258723040441611041e-02 -8.071950067555545838e-02 -6.324136844291263805e-03 7.732016620591794509e-02 6.649242614150244202e-02 -7.371688372372595111e-02 -2.700631499437021188e-01
2.626416828201930675e-01 3.614471877049145743e-01 2.581865813474646387e-01 9.267088089028331643e-02 -5.688840674153111676e-02 -8.073756528541128907e-02 -3.064985700857222189e-03 8.032880282443455311e-02 6.265110403496090830e-02 -9.018237637955757446e-02
9.094889141912626540e-02 2.581865813474646387e-01 4.015175750619909834e-01 2.718396642815097408e-01 8.417026185397162574e-02 -6.186423661616200637e-02 -8.030049609234310437e-02 1.304756576465367426e-03 7.912592176706356728e-02 5.333117779891315136e-02
-5.258723040441611041e-02 9.267088089028331643e-02 2.718396642815097408e-01 4.106963059169400632e-01 2.616012670747984714e-01 8.097611884239708235e-02 -5.731513130213745227e-02 -7.643513841175039736e-02 -9.277883115236659414e-04 7.630868390873213336e-02
-8.071950067555545838e-02 -5.688840674153111676e-02 8.417026185397162574e-02 2.616012670747984714e-01 3.957376516034223357e-01 2.653612655648786567e-01 9.148872408319365379e-02 -5.711896631460403051e-02 -8.164296976922670590e-02 1.182155629210686213e-03
-6.324136844291263805e-03 -8.073756528541128907e-02 -6.186423661616200637e-02 8.097611884239708235e-02 2.653612655648786567e-01 4.027081856048687625e-01 2.671278204592042460e-01 8.623196394828593070e-02 -5.882984833747151310e-02 -7.545455951750545953e-02
7.732016620591794509e-02 -3.064985700857222189e-03 -8.030049609234310437e-02 -5.731513130213745227e-02 9.148872408319365379e-02 2.671278204592042460e-01 3.935079765626196546e-01 2.618550497922976783e-01 8.787088816416502302e-02 -5.843209710222820735e-02
6.649242614150244202e-02 8.032880282443455311e-02 1.304756576465367426e-03 -7.643513841175039736e-02 -5.711896631460403051e-02 8.623196394828593070e-02 2.618550497922976783e-01 3.950029927801803065e-01 2.681786197215342837e-01 8.079367761470222786e-02
-7.371688372372595111e-02 6.265110403496090830e-02 7.912592176706356728e-02 -9.277883115236659414e-04 -8.164296976922670590e-02 -5.882984833747151310e-02 8.787088816416502302e-02 2.681786197215342837e-01 4.131110628944618668e-01 2.623904860512029091e-01
-2.700631499437021188e-01 -9.018237637955757446e-02 5.333117779891315136e-02 7.630868390873213336e-02 1.182155629210686213e-03 -7.545455951750545953e-02 -5.843209710222820735e-02 8.079367761470222786e-02 2.623904860512029091e-01 4.099917124655368394e-01
3.863026327971699758e-01 2.662117931816359029e-01 8.975761269717613677e-02 -6.011972574064657071e-02 -8.067220503432831480e-02 -3.178128428446430360e-04 7.894645405935518667e-02 5.935229371110888053e-02 -8.512372560245459741e-02 -2.606266702144905967e-01
2.662117931816359029e-01 4.123601503969945847e-01 2.670559677849743130e-01 7.995884043263440377e-02 -6.176191866162333149e-02 -7.868049647823961712e-02 5.485687987337750128e-04 7.949196424556323470e-02 6.085184470505708432e-02 -8.315089759655280854e-02
8.975761269717613677e-02 2.670559677849743130e-01 3.961169456647470888e-01 2.624542825299041593e-01 8.696244643793205054e-02 -5.626325712539555213e-02 -7.826733370261693135e-02 -1.923387293668502853e-03 7.795171449914040096e-02 5.760912303810803575e-02
-6.011972574064657071e-02 7.995884043263440377e-02 2.624542825299041593e-01 4.074853561892544107e-01 2.692572265260637643e-01 8.847188676908626648e-02 -5.817358422056029266e-02 -8.127317135688999494e-02 -3.556544788398870519e-03 7.713737245297727640e-02
-8.067220503432831480e-02 -6.176191866162333149e-02 8.696244643793205054e-02 2.692572265260637643e-01 3.959024420906719355e-01 2.602119962531649344e-01 8.573010838311725945e-02 -5.631618616698102348e-02 -7.855841052070802744e-02 -7.614938110338179264e-04
-3.178128428446430360e-04 -7.868049647823961712e-02 -5.626325712539555213e-02 8.847188676908626648e-02 2.602119962531649344e-01 3.901750996012640083e-01 2.679021949551194659e-01 9.261852262139301517e-02 -5.640922392142228708e-02 -7.944318440098643852e-02
7.894645405935518667e-02 5.485687987337750128e-04 -7.826733370261693135e-02 -5.817358422056029266e-02 8.573010838311725945e-02 2.679021949551194659e-01 4.085064345858682167e-01 2.654047314582541617e-01 8.352808118212259880e-02 -5.990914636068212645e-02
5.935229371110888053e-02 7.949196424556323470e-02 -1.923387293668502853e-03 -8.127317135688999494e-02 -5.631618616698102348e-02 9.261852262139301517e-02 2.654047314582541617e-01 3.856865716151072210e-01 2.607280315085139799e-01 8.589012195861722709e-02
-8.512372560245459741e-02 6.085184470505708432e-02 7.795171449914040096e-02 -3.556544788398870519e-03 -7.855841052070802744e-02 -5.640922392142228708e-02 8.352808118212259880e-02 2.607280315085139799e-01 4.085570922861784249e-01 2.716400867435940780e-01
-2.606266702144905967e-01 -8.315089759655280854e-02 5.760912303810803575e-02 7.713737245297727640e-02 -7.614938110338179264e-04 -7.944318440098643852e-02 -5.990914636068212645e-02 8.589012195861722709e-02 2.716400867435940780e-01 4.089072747727477419e-01
4.025889661834658462e-01 2.646754295530937551e-01 8.306657388066412961e-02 -6.171566238997833881e-02 -7.298808767347561566e-02 1.082731415145431718e-02 7.918644195815732756e-02 4.898963471809679449e-02 -9.396737496815611712e-02 -2.680471181709335737e-01
2.646754295530937551e-01 3.981189518981712583e-01 2.634182212375323351e-01 7.801943651512235900e-02 -6.846372052754604032e-02 -7.872214361699494956e-02 9.253805542082429655e-03 8.262973997005312876e-02 5.491849482232961238e-02 -8.834093861772918110e-02
8.306657388066412961e-02 2.634182212375323351e-01 4.084223684030587886e-01 2.678978371676148940e-01 7.151197439614104256e-02 -6.924881075249386675e-02 -7.463477505403938450e-02 9.605803507654551640e-03 8.076746615923033334e-02 5.933690252892492856e-02
-6.171566238997833881e-02 7.801943651512235900e-02 2.678978371676148940e-01 4.297873148135625265e-01 2.668434644587683868e-01 7.785773278004273767e-02 -6.045080942210502573e-02 -7.629933842611956452e-02 -2.990122303387051164e-04 7.664930535221074759e-02
-7.298808767347561566e-02 -6.846372052754604032e-02 7.151197439614104256e-02 2.668434644587683868e-01 4.081115890479959374e-01 2.647844469645976861e-01 8.660545160157322175e-02 -5.713778845911153537e-02 -8.106119478933322686e-02 -1.161112813518687219e-02
1.082731415145431718e-02 -7.872214361699494956e-02 -6.924881075249386675e-02 7.785773278004273767e-02 2.647844469645976861e-01 3.968209353592043742e-01 2.631525237274018325e-01 8.853895211320664260e-02 -5.444127098112989949e-02 -8.346637993076998219e-02
7.918644195815732756e-02 9.253805542082429655e-03 -7.463477505403938450e-02 -6.045080942210502573e-02 8.660545160157322175e-02 2.631525237274018325e-01 3.938009604278137621e-01 2.673147405505317820e-01 9.496521233034273257e-02 -4.871814590034755088e-02
4.898963471809679449e-02 8.262973997005312876e-02 9.605803507654551640e-03 -7.629933842611956452e-02 -5.713778845911153537e-02 8.853895211320664260e-02 2.673147405505317820e-01 4.000228512989600915e-01 2.626697754407034680e-01 9.584179276748118481e-02
-9.396737496815611712e-02 5.491849482232961238e-02 8.076746615923033334e-02 -2.990122303387051164e-04 -8.106119478933322686e-02 -5.444127098112989949e-02 9.496521233034273257e-02 2.626697754407034680e-01 3.687940627612130706e-01 2.600708316147520849e-01
-2.680471181709335737e-01 -8.834093861772918110e-02 5.933690252892492856e-02 7.664930535221074759e-02 -1.161112813518687219e-02 -8.346637993076998219e-02 -4.871814590034755088e-02 9.584179276748118481e-02 2.600708316147520849e-01 3.935319998065579528e-01
4.130748632101022277e-01 2.661223373594379105e-01 8.239607155476791345e-02 -6.024624133290684691e-02 -7.911560550420429494e-02 -2.920001527095795156e-05 7.807386925837611624e-02 5.692281430065800063e-02 -8.439454471387275447e-02 -2.658767827617847246e-01
2.661223373594379105e-01 4.047173271520517757e-01 2.648199851552859307e-01 8.539210671707873901e-02 -5.838977311065511600e-02 -7.884380674555592494e-02 -5.244453671864684162e-04 7.904380407272729170e-02 6.318430906750352460e-02 -7.913163107819534692e-02
8.239607155476791345e-02 2.648199851552859307e-01 3.995041741953881398e-01 2.651145064473660051e-01 8.929121431494500827e-02 -5.627384865760888533e-02 -7.903435103511916027e-02 -8.439207025995184522e-04 7.962679978656049540e-02 6.292948913007105627e-02
-6.024624133290684691e-02 8.539210671707873901e-02 2.651145064473660051e-01 3.966019292560647447e-01 2.658180983586424517e-01 8.842132957268157567e-02 -5.790119951863417769e-02 -7.966754988018896755e-02 -4.142898036964066250e-03 7.649617829267249536e-02
-7.911560550420429494e-02 -5.838977311065511600e-02 8.929121431494500827e-02 2.658180983586424517e-01 3.958370138631507884e-01 2.630628997773821753e-01 8.451993733873065795e-02 -5.941016136001343872e-02 -8.168659316121713865e-02 -3.967616716530642310e-03
-2.920001527095795156e-05 -7.884380674555592494e-02 -5.627384865760888533e-02 8.842132957268157567e-02 2.630628997773821753e-01 3.982657335031399848e-01 2.668656687049916765e-01 8.659703220366501975e-02 -5.742374799001477570e-02 -7.889042870925479234e-02
7.807386925837611624e-02 -5.244453671864684162e-04 -7.903435103511916027e-02 -5.790119951863417769e-02 8.451993733873065795e-02 2.668656687049916765e-01 4.106862204890215917e-01 2.655541360614775970e-01 8.934913045822046040e-02 -5.417377204942398772e-02
5.692281430065800063e-02 7.904380407272729170e-02 -8.439207025995184522e-04 -7.966754988018896755e-02 -5.941016136001343872e-02 8.659703220366501975e-02 2.655541360614775970e-01 3.867850795783480677e-01 2.623032623850589107e-01 9.148797887176854382e-02
-8.439454471387275447e-02 6.318430906750352460e-02 7.962679978656049540e-02 -4.142898036964066250e-03 -8.168659316121713865e-02 -5.742374799001477570e-02 8.934913045822046040e-02 2.623032623850589107e-01 3.908403017938618662e-01 2.657174982971423072e-01
-2.658767827617847246e-01 -7.913163107819534692e-02 6.292948913007105627e-02 7.649617829267249536e-02 -3.967616716530642310e-03 -7.889042870925479234e-02 -5.417377204942398772e-02 9.148797887176854382e-02 2.657174982971423072e-01 4.036873569588698141e-01
4.055020598738614535e-01 2.625382659249182460e-01 8.303240232273451094e-02 -5.724567271152104786e-02 -7.451600349445698657e-02 -1.334349326569322014e-03 7.574972280959396675e-02 6.162774260195619247e-02 -8.505195690989328372e-02 -2.721412526851689773e-01
2.625382659249182460e-01 3.886909101385783716e-01 2.627011274914721195e-01 9.043773450724515439e-02 -5.839016988042941558e-02 -8.438093363801627000e-02 -5.176821640882136276e-03 7.947675793821828982e-02 5.749652120713730219e-02 -8.946868813164957079e-02
8.303240232273451094e-02 2.627011274914721195e-01 4.011734415133091369e-01 2.698252608419426379e-01 8.161572507270010990e-02 -6.196424398409508538e-02 -7.837475663641559065e-02 -7.872337670239353902e-04 7.698388922000043433e-02 5.953299305771402039e-02
-5.724567271152104786e-02 9.043773450724515439e-02 2.698252608419426379e-01 4.105764372220238601e-01 2.604893722989714555e-01 8.670925701671323982e-02 -5.247291762419020733e-02 -7.803723352528532664e-02 6.550635905228901351e-04 8.151469279234616061e-02
-7.451600349445698657e-02 -5.839016988042941558e-02 8.161572507270010990e-02 2.604893722989714555e-01 3.897065917239499466e-01 2.696008605278804038e-01 9.598966263218901285e-02 -5.512617586294057265e-02 -7.837853819241089037e-02 -2.345582956193606634e-03
-1.334349326569322014e-03 -8.438093363801627000e-02 -6.196424398409508538e-02 8.670925701671323982e-02 2.696008605278804038e-01 4.031367573732712040e-01 2.595265570145088851e-01 8.177012017101570329e-02 -6.086120773475515999e-02 -8.139957319630083954e-02
7.574972280959396675e-02 -5.176821640882136276e-03 -7.837475663641559065e-02 -5.247291762419020733e-02 9.598966263218901285e-02 2.595265570145088851e-01 3.724025088155910601e-01 2.656669538149359910e-01 8.712755086778500857e-02 -6.070365575276417958e-02
6.162774260195619247e-02 7.947675793821828982e-02 -7.872337670239353902e-04 -7.803723352528532664e-02 -5.512617586294057265e-02 8.177012017101570329e-02 2.656669538149359910e-01 4.372282070937901222e-01 2.706923944986908692e-01 7.880380010047846606e-02
-8.505195690989328372e-02 5.749652120713730219e-02 7.698388922000043433e-02 6.550635905228901351e-04 -7.837853819241089037e-02 -6.086120773475515999e-02 8.712755086778500857e-02 2.706923944986908692e-01 3.850951085232824367e-01 2.569193973707294409e-01
-2.721412526851689773e-01 -8.946868813164957079e-02 5.953299305771402039e-02 8.151469279234616061e-02 -2.345582956193606634e-03 -8.139957319630083954e-02 -6.070365575276417958e-02 7.880380010047846606e-02 2.569193973707294409e-01 4.064879777223517343e-01
4.171818447938980823e-01 2.737495066444484149e-01 8.794719763071803809e-02 -5.652170997223835563e-02 -7.699477649344782515e-02 -7.955512575002145377e-04 7.520685177750863204e-02 5.711056113404178181e-02 -8.223079053885912204e-02 -2.616615848854286774e-01
2.737495066444484149e-01 4.009282321531520976e-01 2.563674305441956958e-01 8.663648233966707302e-02 -5.477975648834027683e-02 -8.042821456572603334e-02 -6.568781917233627692e-03 7.756639025725992065e-02 6.015773776896056468e-02 -8.764258913007966223e-02
8.794719763071803809e-02 2.563674305441956958e-01 3.722591976616048126e-01 2.661768882340919129e-01 9.125372563924780134e-02 -6.009893867842718007e-02 -8.238744473651041234e-02 2.269048928700188004e-04 8.086131300568925873e-02 5.811362641090020431e-02
-5.652170997223835563e-02 8.663648233966707302e-02 2.661768882340919129e-01 4.206546181113338112e-01 2.691315507481668035e-01 8.126996224664609358e-02 -5.869886504964490215e-02 -7.551288780800238798e-02 5.279590631216846824e-03 8.035519236943243493e-02
-7.699477649344782515e-02 -5.477975648834027683e-02 9.125372563924780134e-02 2.691315507481668035e-01 3.932625066463929508e-01 2.602517787150107065e-01 9.091432487849188115e-02 -5.464173618914335007e-02 -7.748967542733642411e-02 -6.345795439219120921e-04
-7.955512575002145377e-04 -8.042821456572603334e-02 -6.009893867842718007e-02 8.126996224664609358e-02 2.602517787150107065e-01 3.947766692029323621e-01 2.679547130716551928e-01 8.528725413349512452e-02 -6.470833383160404240e-02 -8.286546024025805146e-02
7.520685177750863204e-02 -6.568781917233627692e-03 -8.238744473651041234e-02 -5.869886504964490215e-02 9.091432487849188115e-02 2.679547130716551928e-01 4.002523196862093346e-01 2.624300356298689962e-01 7.758543390609080881e-02 -6.185132715575809847e-02
5.711056113404178181e-02 7.756639025725992065e-02 2.269048928700188004e-04 -7.551288780800238798e-02 -5.464173618914335007e-02 8.528725413349512452e-02 2.624300356298689962e-01 4.112663228024006079e-01 2.703269837218328364e-01 8.881592587076525547e-02
-8.223079053885912204e-02 6.015773776896056468e-02 8.086131300568925873e-02 5.279590631216846824e-03 -7.748967542733642411e-02 -6.470833383160404240e-02 7.758543390609080881e-02 2.703269837218328364e-01 4.101091372024303072e-01 2.621675602092200519e-01
-2.616615848854286774e-01 -8.764258913007966223e-02 5.811362641090020431e-02 8.035519236943243493e-02 -6.345795439219120921e-04 -8.286546024025805146e-02 -6.185132715575809847e-02 8.881592587076525547e-02 2.621675602092200519e-01 3.793091517396386392e-01
4.037291554806462512e-01 2.631948437671132179e-01 8.593865411051311576e-02 -5.653504300824553630e-02 -7.976479447342718632e-02 -8.634958102113196241e-03 7.465266953336957556e-02 6.329364203371404263e-02 -8.198497555577749507e-02 -2.683001099776651799e-01
2.631948437671132179e-01 4.002323643313174251e-01 2.663294921019560557e-01 8.912135979148609610e-02 -5.576711123571161804e-02 -8.347016876076258918e-02 -1.009222872587019551e-02 7.669809457821691323e-02 6.405025240093377425e-02 -7.974613064254579275e-02
8.593865411051311576e-02 2.663294921019560557e-01 3.974275136177555789e-01 2.639176654068647876e-01 9.061153476396953399e-02 -5.128153470075182824e-02 -7.933337310254173769e-02 -5.578955034219620218e-03 7.827535469178717453e-02 6.176636820428194063e-02
-5.653504300824553630e-02 8.912135979148609610e-02 2.639176654068647876e-01 3.927785415244080536e-01 2.647122195136156764e-01 9.747435408908097787e-02 -4.956095829130782726e-02 -8.013233137853049970e-02 -4.031962172948953815e-03 7.783306246356168356e-02
-7.976479447342718632e-02 -5.576711123571161804e-02 9.061153476396953399e-02 2.647122195136156764e-01 3.856056732183588687e-01 2.632012374276909150e-01 9.157501253104902150e-02 -5.715254161261879018e-02 -8.033972992159039983e-02 2.101727782411907356e-04
-8.634958102113196241e-03 -8.347016876076258918e-02 -5.128153470075182824e-02 9.747435408908097787e-02 2.632012374276909150e-01 3.836639133122598522e-01 2.625220271213891676e-01 8.448141416096076328e-02 -6.209638039097881146e-02 -7.815021317990400451e-02
7.465266953336957556e-02 -1.009222872587019551e-02 -7.933337310254173769e-02 -4.956095829130782726e-02 9.157501253104902150e-02 2.625220271213891676e-01 4.058876527141903057e-01 2.695668667050016287e-01 8.113769866403763853e-02 -6.371504749566984926e-02
6.329364203371404263e-02 7.669809457821691323e-02 -5.578955034219620218e-03 -8.013233137853049970e-02 -5.715254161261879018e-02 8.448141416096076328e-02 2.695668667050016287e-01 4.158432760211513424e-01 2.632181947477472139e-01 7.813195023691928143e-02
-8.198497555577749507e-02 6.405025240093377425e-02 7.827535469178717453e-02 -4.031962172948953815e-03 -8.033972992159039983e-02 -6.209638039097881146e-02 8.113769866403763853e-02 2.632181947477472139e-01 3.963665265969634199e-01 2.654493928629756971e-01
-2.683001099776651799e-01 -7.974613064254579275e-02 6.176636820428194063e-02 7.783306246356168356e-02 2.101727782411907356e-04 -7.815021317990400451e-02 -6.371504749566984926e-02 7.813195023691928143e-02 2.654493928629756971e-01 4.184653831829449055e-01
4.121018455798935443e-01 2.657778436544682155e-01 7.698778082331741990e-02 -6.417999023339140963e-02 -7.582314661015990276e-02 4.988861103062430802e-03 7.885367036976542732e-02 5.463570476430876927e-02 -8.947323202015508570e-02 -2.676675384483125919e-01
2.657778436544682155e-01 4.042658383535391309e-01 2.641898843772805261e-01 8.067563581754735869e-02 -6.257548706922982928e-02 -7.928803911919107827e-02 7.617709715726948480e-04 7.889308805065536889e-02 5.782013115991011670e-02 -8.550357302482829158e-02
7.698778082331741990e-02 2.641898843772805261e-01 4.133458970784928965e-01 2.680785665180895339e-01 8.214109978992850669e-02 -6.048798036455241278e-02 -7.867088861811358247e-02 1.254208202659046808e-04 7.876184862562242428e-02 6.323669766459447117e-02
-6.417999023339140963e-02 8.067563581754735869e-02 2.680785665180895339e-01 4.063744456220965140e-01 2.634909044090102404e-01 8.827111389177613732e-02 -5.435681771140974533e-02 -7.822379394348755177e-02 -3.610414797021435120e-03 7.770198547558397617e-02
-7.582314661015990276e-02 -6.257548706922982928e-02 8.214109978992850669e-02 2.634909044090102404e-01 3.928646665719373599e-01 2.658087146671126999e-01 9.220338784339127125e-02 -5.594660973727765690e-02 -8.179548757715024432e-02 -7.819662526069914854e-03
4.988861103062430802e-03 -7.928803911919107827e-02 -6.048798036455241278e-02 8.827111389177613732e-02 2.658087146671126999e-01 3.939451991318803081e-01 2.632050674799201739e-01 8.548030163802730619e-02 -5.806867803237789061e-02 -8.167075836441529957e-02
7.885367036976542732e-02 7.617709715726948480e-04 -7.867088861811358247e-02 -5.435681771140974533e-02 9.220338784339127125e-02 2.632050674799201739e-01 3.941158416137349185e-01 2.657798660046933881e-01 8.936619096737882795e-02 -5.487615473235122471e-02
5.463570476430876927e-02 7.889308805065536889e-02 1.254208202659046808e-04 -7.822379394348755177e-02 -5.594660973727765690e-02 8.548030163802730619e-02 2.657798660046933881e-01 4.085414145761003257e-01 2.665945587679690032e-01 9.052427125647617701e-02
-8.947323202015508570e-02 5.782013115991011670e-02 7.876184862562242428e-02 -3.610414797021435120e-03 -8.179548757715024432e-02 -5.806867803237789061e-02 8.936619096737882795e-02 2.665945587679690032e-01 3.850518263691581344e-01 2.602816886614240932e-01
-2.676675384483125919e-01 -8.550357302482829158e-02 6.323669766459447117e-02 7.770198547558397617e-02 -7.819662526069914854e-03 -8.167075836441529957e-02 -5.487615473235122471e-02 9.052427125647617701e-02 2.602816886614240932e-01 3.893930251031746947e-01
4.245439084937032703e-01 2.697275896399289330e-01 7.948468333392523510e-02 -6.093852937158262401e-02 -7.578167518384346102e-02 1.048220929165339385e-03 7.682182391768925533e-02 6.392875710256397392e-02 -7.464485547008720134e-02 -2.659962260163336589e-01
2.697275896399289330e-01 4.025254863029331109e-01 2.601391576345543077e-01 8.838939413393304134e-02 -5.469548593002215853e-02 -8.037014777945730715e-02 -7.552672867759961835e-03 7.672009965436848988e-02 6.489999288252382148e-02 -8.120309809279740998e-02
7.948468333392523510e-02 2.601391576345543077e-01 3.899672990878233492e-01 2.685265877707684323e-01 9.024420377076924904e-02 -5.813174853683474724e-02 -8.275728100716886471e-02 -9.384222606760396490e-03 7.535384186635085690e-02 6.420791483055916793e-02
-6.093852937158262401e-02 8.838939413393304134e-02 2.685265877707684323e-01 4.057588928344215695e-01 2.625661348495001435e-01 8.486967852244087229e-02 -5.421512705418041894e-02 -8.034013902369309401e-02 -5.375501998268017272e-03 7.954840369199515926e-02
-7.578167518384346102e-02 -5.469548593002215853e-02 9.024420377076924904e-02 2.625661348495001435e-01 3.887005672780771692e-01 2.659389032505221628e-01 9.679237708415508457e-02 -4.983363999556693347e-02 -7.896578325885172944e-02 -4.693338569548918468e-03
1.048220929165339385e-03 -8.037014777945730715e-02 -5.813174853683474724e-02 8.486967852244087229e-02 2.659389032505221628e-01 4.032060758193399819e-01 2.646826064439194992e-01 9.133107357859543418e-02 -5.540939205188781524e-02 -8.143674710641692072e-02
7.682182391768925533e-02 -7.552672867759961835e-03 -8.275728100716886471e-02 -5.421512705418041894e-02 9.679237708415508457e-02 2.646826064439194992e-01 3.714740239375912134e-01 2.592030003925920312e-01 8.879705200899137840e-02 -5.859076173771846086e-02
6.392875710256397392e-02 7.672009965436848988e-02 -9.384222606760396490e-03 -8.034013902369309401e-02 -4.983363999556693347e-02 9.133107357859543418e-02 2.592030003925920312e-01 4.032402766761439827e-01 2.715230785135432368e-01 8.407355027185781093e-02
-7.464485547008720134e-02 6.489999288252382148e-02 7.535384186635085690e-02 -5.375501998268017272e-03 -7.896578325885172944e-02 -5.540939205188781524e-02 8.879705200899137840e-02 2.715230785135432368e-01 4.113877656127832294e-01 2.616829855056922449e-01
-2.659962260163336589e-01 -8.120309809279740998e-02 6.420791483055916793e-02 7.954840369199515926e-02 -4.693338569548918468e-03 -8.143674710641692072e-02 -5.859076173771846086e-02 8.407355027185781093e-02 2.616829855056922449e-01 3.991957039571789601e-01
4.031249204415352505e-01 2.621086838438207445e-01 8.286672994714081031e-02 -5.907996627678761825e-02 -7.662057823023281367e-02 -2.372644595295235557e-03 7.560461507679838711e-02 6.009871614657177896e-02 -8.512950699926913334e-02 -2.705503781066154745e-01
2.621086838438207445e-01 3.991470882051553204e-01 2.654019471102608829e-01 8.597632355520208602e-02 -6.049427597740284629e-02 -8.372406069490505309e-02 -3.577967592666257690e-03 8.042000876986313274e-02 6.175039759787839810e-02 -8.212240042127824657e-02
8.286672994714081031e-02 2.654019471102608829e-01 4.037501695746295027e-01 2.673544145454392895e-01 8.431015086265289393e-02 -5.766001504520695820e-02 -7.680691880740850297e-02 -1.178899333234737076e-03 7.733156738168495137e-02 6.171652223219367683e-02
-5.907996627678761825e-02 8.597632355520208602e-02 2.673544145454392895e-01 4.068822676187067167e-01 2.632631185174750255e-01 9.172188254728305679e-02 -5.212133956962891612e-02 -8.048777626846118083e-02 -4.815802393462719107e-03 7.801061225659637610e-02
-7.662057823023281367e-02 -6.049427597740284629e-02 8.431015086265289393e-02 2.632631185174750255e-01 3.846177500069645760e-01 2.652289846263707895e-01 9.163913719715764683e-02 -5.712562790188749351e-02 -8.051628514382608293e-02 -4.600511292117722209e-03
-2.372644595295235557e-03 -8.372406069490505309e-02 -5.766001504520695820e-02 9.172188254728305679e-02 2.652289846263707895e-01 3.965312544684522766e-01 2.625173797143596222e-01 8.475103500648940857e-02 -5.875500662690819054e-02 -8.059372776121953574e-02
7.560461507679838711e-02 -3.577967592666257690e-03 -7.680691880740850297e-02 -5.212133956962891612e-02 9.163913719715764683e-02 2.625173797143596222e-01 3.932024272346894556e-01 2.682162341703142605e-01 8.870992738983048131e-02 -5.766803716234809862e-02
6.009871614657177896e-02 8.042000876986313274e-02 -1.178899333234737076e-03 -8.048777626846118083e-02 -5.712562790188749351e-02 8.475103500648940857e-02 2.682162341703142605e-01 4.155937029082770739e-01 2.640085015023748150e-01 8.356012333978123097e-02
-8.512950699926913334e-02 6.175039759787839810e-02 7.733156738168495137e-02 -4.815802393462719107e-03 -8.051628514382608293e-02 -5.875500662690819054e-02 8.870992738983048131e-02 2.640085015023748150e-01 3.796641100662506152e-01 2.622864005171121615e-01
-2.705503781066154745e-01 -8.212240042127824657e-02 6.171652223219367683e-02 7.801061225659637610e-02 -4.600511292117722209e-03 -8.059372776121953574e-02 -5.766803716234809862e-02 8.356012333978123097e-02 2.622864005171121615e-01 4.174863094753415993e-01
4.019169723067662070e-01 2.602048924674703612e-01 8.094395622328412476e-02 -6.062671986757899034e-02 -7.964014725632799496e-02 1.564890205970868604e-03 8.191612305160023144e-02 5.967050614818179832e-02 -8.687309238687651591e-02 -2.687878720280252320e-01
2.602048924674703612e-01 3.980385692336291248e-01 2.699787074420630928e-01 8.806999589119189620e-02 -5.896434863699966805e-02 -7.729038122829966218e-02 3.095501003181086539e-03 7.861578148576178759e-02 5.894714246584360773e-02 -8.300678109209487510e-02
8.094395622328412476e-02 2.699787074420630928e-01 4.184729074904836033e-01 2.644692420731454274e-01 8.417075156159918581e-02 -5.748423551727864511e-02 -7.837184557116579076e-02 -1.887079314256115978e-03 7.792118544460566176e-02 6.195773144475734406e-02
-6.062671986757899034e-02 8.806999589119189620e-02 2.644692420731454274e-01 3.791974580954086127e-01 2.611759899865845336e-01 8.881013049863255293e-02 -5.882387544806552682e-02 -8.087284152840273910e-02 -4.181693646139067813e-03 7.818571345586880494e-02
-7.964014725632799496e-02 -5.896434863699966805e-02 8.417075156159918581e-02 2.611759899865845336e-01 4.074337618808238637e-01 2.698836378307926664e-01 8.304302899709854746e-02 -6.107624570250474311e-02 -8.100363222431880561e-02 -7.422411911274963544e-04
1.564890205970868604e-03 -7.729038122829966218e-02 -5.748423551727864511e-02 8.881013049863255293e-02 2.698836378307926664e-01 4.055014709397168904e-01 2.624960274475212074e-01 8.607905392035015979e-02 -5.404175499035481639e-02 -7.644042462281601391e-02
8.191612305160023144e-02 3.095501003181086539e-03 -7.837184557116579076e-02 -5.882387544806552682e-02 8.304302899709854746e-02 2.624960274475212074e-01 3.970594444288191305e-01 2.661198155518797459e-01 9.412665622698512813e-02 -5.512963535837099582e-02
5.967050614818179832e-02 7.861578148576178759e-02 -1.887079314256115978e-03 -8.087284152840273910e-02 -6.107624570250474311e-02 8.607905392035015979e-02 2.661198155518797459e-01 3.914690986859118427e-01 2.634007765869800233e-01 8.570953205588720258e-02
-8.687309238687651591e-02 5.894714246584360773e-02 7.792118544460566176e-02 -4.181693646139067813e-03 -8.100363222431880561e-02 -5.404175499035481639e-02 9.412665622698512813e-02 2.634007765869800233e-01 3.918598587527835075e-01 2.646244940471017548e-01
-2.687878720280252320e-01 -8.300678109209487510e-02 6.195773144475734406e-02 7.818571345586880494e-02 -7.422411911274963544e-04 -7.644042462281601391e-02 -5.512963535837099582e-02 8.570953205588720258e-02 2.646244940471017548e-01 4.090504581856613808e-01
4.040368250901588132e-01 2.668504324098358027e-01 8.404200447981277633e-02 -5.909652916343999252e-02 -7.830612613253362664e-02 1.419756922955006141e-03 7.977716573108649400e-02 5.818870572190404378e-02 -8.692912197692606591e-02 -2.642701311638659956e-01
2.668504324098358027e-01 4.062242917887022298e-01 2.652668623095297828e-01 8.808802188482618700e-02 -5.582298924086164654e-02 -7.824245484948857965e-02 -1.528247004334498411e-03 7.728247364047141632e-02 5.788117362335841454e-02 -8.566156048825934732e-02
8.404200447981277633e-02 2.652668623095297828e-01 3.952300181541911206e-01 2.637360851653091087e-01 8.848751237977245387e-02 -5.831628696121961275e-02 -8.098399264613967419e-02 -2.003670927973505260e-03 7.933110723240874296e-02 6.066261679635685800e-02
-5.909652916343999252e-02 8.808802188482618700e-02 2.637360851653091087e-01 3.923697543944698607e-01 2.649449827080936348e-01 8.570517444979158794e-02 -5.978698163234905799e-02 -7.894629512172124386e-02 2.122617243001890565e-03 8.094110835947851412e-02
-7.830612613253362664e-02 -5.582298924086164654e-02 8.848751237977245387e-02 2.649449827080936348e-01 4.049983274325880123e-01 2.669700093462967772e-01 8.580344279612400760e-02 -5.846511104269178083e-02 -7.776265246142684273e-02 1.256372499748004004e-03
1.419756922955006141e-03 -7.824245484948857965e-02 -5.831628696121961275e-02 8.570517444979158794e-02 2.669700093462967772e-01 4.023258828207105786e-01 2.639465524937482099e-01 8.539298867479211408e-02 -5.925553608815489065e-02 -7.976086442033707147e-02
7.977716573108649400e-02 -1.528247004334498411e-03 -8.098399264613967419e-02 -5.978698163234905799e-02 8.580344279612400760e-02 2.639465524937482099e-01 3.948431763710219533e-01 2.645602760616226345e-01 8.534364194702347139e-02 -6.008526228602901337e-02
