3.065928902598658579e-01 3.171755160718737754e-01 -2.912529962670375519e-02 -1.437012809348305609e-01 -1.495417873935309672e-01 -6.733946427041477556e-02 1.053896565376743599e-03 7.024160681787322558e-02 2.413714727657518405e-02 -6.851245599579325329e-02 -8.862576336489393081e-02 -1.916639268000660534e-01
3.171755160718737754e-01 7.173771509305405525e-01 2.791685837280598603e-01 8.205425944837776986e-02 1.416956267788133800e-02 -1.172365315494037705e-02 -3.347560436476287871e-02 -1.463804703266809518e-02 2.623325273571846736e-02 4.269945033533603662e-02 -5.271398441765997971e-03 -9.319870621018240542e-02
-2.912529962670375519e-02 2.791685837280598603e-01 2.727389730212832486e-01 2.302565274692951469e-01 1.859192568162264525e-01 8.498578001125728365e-02 2.018409543385285554e-02 -6.082717090244785935e-02 -3.749531917412397830e-02 3.701274594690343034e-02 5.670842827642985640e-02 9.576111185644065049e-02
-1.437012809348305609e-01 8.205425944837776986e-02 2.302565274692951469e-01 2.589519741268661024e-01 2.342142745936343085e-01 1.227434733222642627e-01 6.637228297976208169e-02 -4.885693492968098961e-02 -6.360234062517276798e-02 3.441612655261136727e-03 5.899856864398295153e-02 1.410266271056947185e-01
-1.495417873935309672e-01 1.416956267788133800e-02 1.859192568162264525e-01 2.342142745936343085e-01 2.302776882261118874e-01 1.398893103458422882e-01 1.231867943307878022e-01 3.719543131457463906e-03 -6.543971064641396218e-02 -3.958574996295017440e-02 3.578515176712206147e-02 1.231027060885332564e-01
-6.733946427041477556e-02 -1.172365315494037705e-02 8.498578001125728365e-02 1.227434733222642627e-01 1.398893103458422882e-01 1.222963509437023366e-01 1.910812418346988228e-01 1.151854611820408714e-01 -2.243101723239150289e-02 -7.965048956890664889e-02 -1.299235120026726552e-02 3.936793533871917744e-02
1.053896565376743599e-03 -3.347560436476287871e-02 2.018409543385285554e-02 6.637228297976208169e-02 1.231867943307878022e-01 1.910812418346988228e-01 4.406279678610071082e-01 3.842745694234311893e-01 6.524966525880769586e-02 -1.443968697380537958e-01 -7.271514572227649742e-02 -4.034057435948232295e-02
7.024160681787322558e-02 -1.463804703266809518e-02 -6.082717090244785935e-02 -4.885693492968098961e-02 3.719543131457463906e-03 1.151854611820408714e-01 3.842745694234311893e-01 4.734493746878389864e-01 2.464644258729458415e-01 4.518405687199574666e-02 -2.958343976668337955e-02 -7.154148860673238686e-02
2.413714727657518405e-02 2.623325273571846736e-02 -3.749531917412397830e-02 -6.360234062517276798e-02 -6.543971064641396218e-02 -2.243101723239150289e-02 6.524966525880769586e-02 2.464644258729458415e-01 3.577525057060120806e-01 3.654867267859798763e-01 1.129725149825368535e-01 2.572278732636278098e-02
-6.851245599579325329e-02 4.269945033533603662e-02 3.701274594690343034e-02 3.441612655261136727e-03 -3.958574996295017440e-02 -7.965048956890664889e-02 -1.443968697380537958e-01 4.518405687199574666e-02 3.654867267859798763e-01 5.545918444378631351e-01 2.181238482954185876e-01 1.368868080893436423e-01
-8.862576336489393081e-02 -5.271398441765997971e-03 5.670842827642985640e-02 5.899856864398295153e-02 3.578515176712206147e-02 -1.299235120026726552e-02 -7.271514572227649742e-02 -2.958343976668337955e-02 1.129725149825368535e-01 2.181238482954185876e-01 1.060429424348068722e-01 1.024230523415920469e-01
-1.916639268000660534e-01 -9.319870621018240542e-02 9.576111185644065049e-02 1.410266271056947185e-01 1.231027060885332564e-01 3.936793533871917744e-02 -4.034057435948232295e-02 -7.154148860673238686e-02 2.572278732636278098e-02 1.368868080893436423e-01 1.024230523415920469e-01 1.593003373640813625e-01
6.080299747963571200e-01 2.920834466426769360e-01 7.329467390759822343e-02 -3.910976419214583222e-02 -3.342594845608323761e-02 -4.171133939900467658e-02 -1.117299714495176288e-02 3.881754262099249703e-02 6.019154013050775909e-02 -3.984715723347386114e-03 -1.138144299665943687e-01 -3.463629527909563022e-01
2.920834466426769360e-01 1.911498038440458958e-01 1.211299029568433244e-01 1.390209140881519256e-01 1.927069030158035101e-02 -5.287530756932828924e-02 -5.791951848614179665e-02 2.151857174827059155e-02 8.318833496087058021e-02 3.763114751513594453e-02 -1.384376453745304360e-02 -1.296756188361119499e-01
7.329467390759822343e-02 1.211299029568433244e-01 1.766890008507516208e-01 3.282304252153071533e-01 9.345947126784170944e-02 -7.505620195843311360e-03 -5.565151330228262222e-02 -1.294676926704285691e-02 3.599183350706264967e-02 3.111869857393398733e-02 3.059986938718835606e-02 7.277911784192887465e-03
-3.910976419214583222e-02 1.390209140881519256e-01 3.282304252153071533e-01 7.022721450115148034e-01 2.331975851772085107e-01 8.102547649819150100e-02 -3.258837027526680086e-02 -4.892373654614100981e-02 -2.390596750117363056e-02 1.446581009743811916e-02 5.523758603699596009e-02 9.164180239072630685e-02
-3.342594845608323761e-02 1.927069030158035101e-02 9.345947126784170944e-02 2.331975851772085107e-01 1.121205819875110143e-01 1.337205963290959976e-01 1.060954503111447844e-01 8.183760827631270801e-03 -5.602708052385389076e-02 -3.253586373755074090e-02 -1.445036660046203694e-02 1.292303975343549009e-02
-4.171133939900467658e-02 -5.287530756932828924e-02 -7.505620195843311360e-03 8.102547649819150100e-02 1.337205963290959976e-01 3.503458446460683273e-01 3.858420088369825529e-01 1.099458177361845035e-01 -1.039247217728680867e-01 -9.348267990696618179e-02 -8.736223311783179735e-02 -5.129890590460348121e-02
-1.117299714495176288e-02 -5.791951848614179665e-02 -5.565151330228262222e-02 -3.258837027526680086e-02 1.060954503111447844e-01 3.858420088369825529e-01 5.167557162798119830e-01 2.518020325065512544e-01 4.113586976269850704e-02 -3.596489680578934811e-02 -6.583358110136158792e-02 -6.014371825427711898e-02
3.881754262099249703e-02 2.151857174827059155e-02 -1.294676926704285691e-02 -4.892373654614100981e-02 8.183760827631270801e-03 1.099458177361845035e-01 2.518020325065512544e-01 2.943104856702153382e-01 3.166115666079198365e-01 1.344712732585340853e-01 6.933655422620599307e-02 1.880786218848102750e-02
6.019154013050775909e-02 8.318833496087058021e-02 3.599183350706264967e-02 -2.390596750117363056e-02 -5.602708052385389076e-02 -1.039247217728680867e-01 4.113586976269850704e-02 3.166115666079198365e-01 5.348241291904096695e-01 2.683664275338395466e-01 1.796573393859154932e-01 9.362739524363386523e-02
-3.984715723347386114e-03 3.763114751513594453e-02 3.111869857393398733e-02 1.446581009743811916e-02 -3.253586373755074090e-02 -9.348267990696618179e-02 -3.596489680578934811e-02 1.344712732585340853e-01 2.683664275338395466e-01 1.466816365995701199e-01 1.118992833337036780e-01 8.066394184555070179e-02
-1.138144299665943687e-01 -1.384376453745304360e-02 3.059986938718835606e-02 5.523758603699596009e-02 -1.445036660046203694e-02 -8.736223311783179735e-02 -6.583358110136158792e-02 6.933655422620599307e-02 1.796573393859154932e-01 1.118992833337036780e-01 1.121795920283188558e-01 1.334222591849657524e-01
-3.463629527909563022e-01 -1.296756188361119499e-01 7.277911784192887465e-03 9.164180239072630685e-02 1.292303975343549009e-02 -5.129890590460348121e-02 -6.014371825427711898e-02 1.880786218848102750e-02 9.362739524363386523e-02 8.066394184555070179e-02 1.334222591849657524e-01 2.546410890954334261e-01
5.565024641395674987e-01 2.849567287681377126e-01 2.521632678532189503e-02 -7.439969559513065489e-02 -5.850469303472680127e-02 2.052484799643648425e-02 6.564862427598051886e-02 9.520160130846450075e-02 2.491524179532614292e-02 -8.053590106764997592e-02 -1.720236423147968041e-01 -3.137964295027111383e-01
2.849567287681377126e-01 2.842368629148568360e-01 2.957052680792437993e-01 7.977310406295340384e-02 -6.242025053038685600e-02 -6.334300638040846199e-02 -2.007518167859146524e-02 2.234465826307780248e-02 3.920114396144228075e-02 2.174891637330257296e-02 -2.776072109065550256e-02 -1.148091477799104282e-01
2.521632678532189503e-02 2.957052680792437993e-01 6.248393344783713665e-01 3.063500282748942150e-01 3.536362913768567595e-02 -8.994463955597595262e-02 -9.219622075656898341e-02 -7.095123472672805465e-02 1.728374397325465120e-02 8.978722754090931457e-02 9.787821889384608343e-02 7.560863913848198115e-02
-7.439969559513065489e-02 7.977310406295340384e-02 3.063500282748942150e-01 2.778386721325397102e-01 2.643169637773551406e-01 1.131623913026311434e-01 1.340386183381942972e-02 -4.200371635286730132e-02 -3.853611102248439418e-02 -4.271663911471823560e-03 3.227213524469969147e-02 6.369456162154128742e-02
-5.850469303472680127e-02 -6.242025053038685600e-02 3.536362913768567595e-02 2.643169637773551406e-01 5.274231489621420410e-01 3.484728679827460152e-01 1.545031287384019403e-01 3.642608744152016353e-02 -6.295203439846139282e-02 -9.659324500983128281e-02 -6.016215374065033566e-02 -9.586751122531480748e-03
2.052484799643648425e-02 -6.334300638040846199e-02 -8.994463955597595262e-02 1.131623913026311434e-01 3.484728679827460152e-01 2.797396353200411467e-01 1.660055349234010325e-01 1.147464889891669504e-01 1.991296878291502412e-02 -4.705684908752350015e-02 -5.905594704291444036e-02 -5.099558229234461143e-02
6.564862427598051886e-02 -2.007518167859146524e-02 -9.219622075656898341e-02 1.340386183381942972e-02 1.545031287384019403e-01 1.660055349234010325e-01 1.533333124960786775e-01 1.951060198232028309e-01 1.363457231384159751e-01 5.567422541374921624e-02 -9.082569996902885301e-03 -4.720981200098313402e-02
9.520160130846450075e-02 2.234465826307780248e-02 -7.095123472672805465e-02 -4.200371635286730132e-02 3.642608744152016353e-02 1.147464889891669504e-01 1.951060198232028309e-01 3.571882689697317703e-01 3.233957342319277450e-01 2.079284759541070171e-01 6.699484248763035166e-02 -2.697120474706408977e-02
2.491524179532614292e-02 3.920114396144228075e-02 1.728374397325465120e-02 -3.853611102248439418e-02 -6.295203439846139282e-02 1.991296878291502412e-02 1.363457231384159751e-01 3.233957342319277450e-01 3.496174071352414203e-01 2.676645166148238220e-01 1.292909206973850700e-01 3.995072511143021865e-02
-8.053590106764997592e-02 2.174891637330257296e-02 8.978722754090931457e-02 -4.271663911471823560e-03 -9.659324500983128281e-02 -4.705684908752350015e-02 5.567422541374921624e-02 2.079284759541070171e-01 2.676645166148238220e-01 2.479424840498436200e-01 1.566615400851880946e-01 1.066639348521302433e-01
-1.720236423147968041e-01 -2.776072109065550256e-02 9.787821889384608343e-02 3.227213524469969147e-02 -6.016215374065033566e-02 -5.905594704291444036e-02 -9.082569996902885301e-03 6.699484248763035166e-02 1.292909206973850700e-01 1.566615400851880946e-01 1.354200665872376252e-01 1.412032676799301334e-01
-3.137964295027111383e-01 -1.148091477799104282e-01 7.560863913848198115e-02 6.369456162154128742e-02 -9.586751122531480748e-03 -5.099558229234461143e-02 -4.720981200098313402e-02 -2.697120474706408977e-02 3.995072511143021865e-02 1.066639348521302433e-01 1.412032676799301334e-01 2.059183428143477324e-01
1.938126808636924103e-01 1.793375658058636302e-01 1.562066242435852514e-01 -3.453574343682174613e-02 -8.764974838547637259e-02 -3.343163658950179702e-03 6.565925231767841264e-02 7.393805591435366475e-02 -2.532050741219713658e-02 -1.289772436287341117e-01 -1.605724970551208330e-01 -1.809650878896185422e-01
1.793375658058636302e-01 2.518120575438104192e-01 3.228454076637712333e-01 3.951922698318735550e-02 -1.641374189747925316e-01 -3.805195891928418728e-02 4.027671473031121246e-03 3.836170371045586475e-02 1.937345799828213769e-02 -1.437026105301909829e-02 -5.418171931182798329e-02 -1.074501482044668693e-01
1.562066242435852514e-01 3.228454076637712333e-01 5.538956282066467285e-01 2.726780552992407181e-01 -1.292702050674156278e-01 -5.361141604108402015e-02 -6.180993648608575086e-02 -1.739400221116524370e-02 4.725014134385868703e-02 8.738134336711574079e-02 4.804480831735423452e-02 -3.057626951002967441e-02
-3.453574343682174613e-02 3.951922698318735550e-02 2.726780552992407181e-01 6.044193559106998404e-01 3.787317246168099283e-01 6.112132657350311665e-02 -1.543832504596417271e-02 -4.661957182463084826e-02 -1.371790226148778338e-02 2.207785626945165877e-02 3.985193725420618782e-02 4.736514939556654702e-02
-8.764974838547637259e-02 -1.641374189747925316e-01 -1.292702050674156278e-01 3.787317246168099283e-01 5.020316296602165274e-01 1.219627502052298973e-01 1.008209268213734189e-01 4.621747842547942881e-02 -4.110856165293765713e-02 -9.876350984636270147e-02 -6.908735798693699248e-02 -4.245382834541440963e-03
-3.343163658950179702e-03 -3.805195891928418728e-02 -5.361141604108402015e-02 6.112132657350311665e-02 1.219627502052298973e-01 4.286821470832121589e-02 8.139283348201475921e-02 8.671864759271813439e-02 2.038096485207652880e-02 -2.865434581766981154e-02 -3.707542657027364241e-02 -2.473224566060705509e-02
6.565925231767841264e-02 4.027671473031121246e-03 -6.180993648608575086e-02 -1.543832504596417271e-02 1.008209268213734189e-01 8.139283348201475921e-02 2.765123819668124927e-01 3.621580621748651807e-01 1.529187632055414858e-01 -4.240363754918044341e-03 -7.666164555090416999e-02 -9.141105252907744116e-02
7.393805591435366475e-02 3.836170371045586475e-02 -1.739400221116524370e-02 -4.661957182463084826e-02 4.621747842547942881e-02 8.671864759271813439e-02 3.621580621748651807e-01 5.326489523288114869e-01 2.775265064886129340e-01 1.002872694658397817e-01 -1.839739361667103862e-02 -6.848669857077541168e-02
-2.532050741219713658e-02 1.937345799828213769e-02 4.725014134385868703e-02 -1.371790226148778338e-02 -4.110856165293765713e-02 2.038096485207652880e-02 1.529187632055414858e-01 2.775265064886129340e-01 2.229022386508835163e-01 2.047588226448396054e-01 1.291917093104242575e-01 7.320751763674572532e-02
-1.289772436287341117e-01 -1.437026105301909829e-02 8.738134336711574079e-02 2.207785626945165877e-02 -9.876350984636270147e-02 -2.865434581766981154e-02 -4.240363754918044341e-03 1.002872694658397817e-01 2.047588226448396054e-01 3.275661953310343155e-01 2.796401031742866694e-01 2.139821338709186338e-01
-1.605724970551208330e-01 -5.418171931182798329e-02 4.804480831735423452e-02 3.985193725420618782e-02 -6.908735798693699248e-02 -3.707542657027364241e-02 -7.666164555090416999e-02 -1.839739361667103862e-02 1.291917093104242575e-01 2.796401031742866694e-01 2.728024676035782914e-01 2.301172003199998262e-01
-1.809650878896185422e-01 -1.074501482044668693e-01 -3.057626951002967441e-02 4.736514939556654702e-02 -4.245382834541440963e-03 -2.473224566060705509e-02 -9.141105252907744116e-02 -6.848669857077541168e-02 7.320751763674572532e-02 2.139821338709186338e-01 2.301172003199998262e-01 2.187281972254969120e-01
4.395334868751159529e-01 3.586733498836328082e-01 1.071325344341666902e-01 -6.977040290282992413e-03 -5.114638327074480517e-02 -6.048327631350733369e-02 -6.948765035406296794e-03 4.471245735124742410e-02 9.756811419335913171e-02 3.142376982615665421e-02 -7.233803644655864562e-02 -2.727107731725857409e-01
3.586733498836328082e-01 4.368486357681785615e-01 2.007448755808411700e-01 1.491036429257731610e-01 -1.955174776896968260e-03 -1.069152129062166390e-01 -7.385119049636008903e-02 -1.239393914072242642e-02 5.727201483698999424e-02 7.867378623516478597e-02 1.206785705135876852e-01 -6.327015765128535252e-02
1.071325344341666902e-01 2.007448755808411700e-01 1.496999448194499815e-01 2.234151899887676374e-01 9.738404384377011280e-02 2.593264910630039763e-03 -3.919637638538094049e-02 -4.525909394515711254e-02 -4.388585651246654229e-02 1.446126621512635289e-02 8.006352819007671318e-02 3.664472973726633914e-02
-6.977040290282992413e-03 1.491036429257731610e-01 2.234151899887676374e-01 4.936295417779880124e-01 3.030269960014110309e-01 1.676441506983203655e-01 5.861598542576759545e-03 -8.361393845232625854e-02 -1.524678337638390446e-01 -4.340554684210887193e-02 5.426811281096976386e-02 9.753018900844975803e-02
-5.114638327074480517e-02 -1.955174776896968260e-03 9.738404384377011280e-02 3.030269960014110309e-01 2.644485061385091207e-01 2.595847712284164999e-01 1.180624829557204436e-01 2.180393550604238506e-02 -3.833030963655466306e-02 -3.344741062952471394e-02 -3.399023431807544210e-02 1.558516379089277398e-02
-6.048327631350733369e-02 -1.069152129062166390e-01 2.593264910630039763e-03 1.676441506983203655e-01 2.595847712284164999e-01 3.953157646990986818e-01 2.591701217589725825e-01 1.533858923851095235e-01 1.141832765776947117e-01 -8.782283696586093815e-04 -9.917335471297845928e-02 -6.785436976934486331e-02
-6.948765035406296794e-03 -7.385119049636008903e-02 -3.919637638538094049e-02 5.861598542576759545e-03 1.180624829557204436e-01 2.591701217589725825e-01 2.146350294199596553e-01 1.726118474200226127e-01 1.884130831856259958e-01 5.011861547688337137e-02 -4.462583494580485421e-02 -6.739574284195018472e-02
4.471245735124742410e-02 -1.239393914072242642e-02 -4.525909394515711254e-02 -8.361393845232625854e-02 2.180393550604238506e-02 1.533858923851095235e-01 1.726118474200226127e-01 1.886962339346719697e-01 2.613258375349417073e-01 1.091395528847331486e-01 3.938872891962773293e-02 -3.789419954034428661e-02
9.756811419335913171e-02 5.727201483698999424e-02 -4.388585651246654229e-02 -1.524678337638390446e-01 -3.833030963655466306e-02 1.141832765776947117e-01 1.884130831856259958e-01 2.613258375349417073e-01 4.220814688802184689e-01 2.122019223417579981e-01 1.647583299411555791e-01 1.153221505609422493e-02
3.142376982615665421e-02 7.867378623516478597e-02 1.446126621512635289e-02 -4.340554684210887193e-02 -3.344741062952471394e-02 -8.782283696586093815e-04 5.011861547688337137e-02 1.091395528847331486e-01 2.122019223417579981e-01 1.484444255791201872e-01 2.030342429557809303e-01 1.120259291345031272e-01
-7.233803644655864562e-02 1.206785705135876852e-01 8.006352819007671318e-02 5.426811281096976386e-02 -3.399023431807544210e-02 -9.917335471297845928e-02 -4.462583494580485421e-02 3.938872891962773293e-02 1.647583299411555791e-01 2.030342429557809303e-01 4.284206079018623159e-01 3.507258618429132668e-01
-2.727107731725857409e-01 -6.327015765128535252e-02 3.664472973726633914e-02 9.753018900844975803e-02 1.558516379089277398e-02 -6.785436976934486331e-02 -6.739574284195018472e-02 -3.789419954034428661e-02 1.153221505609422493e-02 1.120259291345031272e-01 3.507258618429132668e-01 4.182463542058325046e-01
3.423121081473168292e-01 2.954048541980195397e-01 2.002733257496903674e-01 -8.183297365050337668e-02 -6.154332045609069157e-02 2.693421869021451337e-02 7.988574715596147291e-02 9.848129838808931946e-02 3.024241558050160678e-02 -3.384908697072352372e-03 -1.043016806852484213e-01 -2.262424201999179152e-01
2.954048541980195397e-01 3.291314492533723435e-01 2.909011165174967273e-01 -2.657795783854817115e-03 -1.055041006906745765e-01 -3.156365065323250840e-02 3.686166694379447439e-02 7.645467798763863621e-02 4.350450254728695232e-02 7.626635019859762110e-02 5.897327160116060812e-02 -1.108646799854012960e-01
2.002733257496903674e-01 2.909011165174967273e-01 3.788241819420551382e-01 2.607622461566087013e-01 -6.494451281479686477e-02 -9.079073126433477581e-02 -4.800288199577358583e-02 -6.871177663500359703e-03 2.145462731964541472e-02 8.139234867085005931e-02 1.127732100982586499e-01 -2.654152940025351556e-02
-8.183297365050337668e-02 -2.657795783854817115e-03 2.607622461566087013e-01 7.730171889062014134e-01 2.750798393764701810e-01 7.051229118504131858e-03 -7.907012585028350138e-02 -1.001451399038804924e-01 -3.791473594002130187e-02 -3.848256083413727907e-02 -1.972663535784141206e-02 4.408076196073162922e-02
-6.154332045609069157e-02 -1.055041006906745765e-01 -6.494451281479686477e-02 2.750798393764701810e-01 3.689611951108431320e-01 2.654591259659192515e-01 1.872298973884474749e-01 1.346729774591191864e-01 2.623793199394533829e-02 -2.658547849178830372e-02 -6.985531489122530358e-02 -1.899401820822686771e-02
2.693421869021451337e-02 -3.156365065323250840e-02 -9.079073126433477581e-02 7.051229118504131858e-03 2.654591259659192515e-01 2.839342663489800023e-01 2.521561804893435177e-01 2.148700083997165389e-01 6.169512745834229012e-02 2.584036748781891671e-02 -1.555176863803101918e-02 -3.937076900880086966e-02
7.988574715596147291e-02 3.686166694379447439e-02 -4.800288199577358583e-02 -7.907012585028350138e-02 1.872298973884474749e-01 2.521561804893435177e-01 2.571453921804794374e-01 2.377430054460478448e-01 7.842471185164599790e-02 6.619973979438936729e-02 4.167006171141260373e-02 -3.441692594548032003e-02
9.848129838808931946e-02 7.645467798763863621e-02 -6.871177663500359703e-03 -1.001451399038804924e-01 1.346729774591191864e-01 2.148700083997165389e-01 2.377430054460478448e-01 2.358169070283162583e-01 8.527370140822043698e-02 9.500567768163149796e-02 9.180648104893951444e-02 -1.471886153899035904e-02
3.024241558050160678e-02 4.350450254728695232e-02 2.145462731964541472e-02 -3.791473594002130187e-02 2.623793199394533829e-02 6.169512745834229012e-02 7.842471185164599790e-02 8.527370140822043698e-02 3.854760058130659445e-02 6.562257539347429725e-02 9.180348500512999776e-02 2.976506479950953576e-02
-3.384908697072352372e-03 7.626635019859762110e-02 8.139234867085005931e-02 -3.848256083413727907e-02 -2.658547849178830372e-02 2.584036748781891671e-02 6.619973979438936729e-02 9.500567768163149796e-02 6.562257539347429725e-02 1.673917569302649233e-01 2.838936393063791752e-01 1.511289256978246009e-01
-1.043016806852484213e-01 5.897327160116060812e-02 1.127732100982586499e-01 -1.972663535784141206e-02 -6.985531489122530358e-02 -1.555176863803101918e-02 4.167006171141260373e-02 9.180648104893951444e-02 9.180348500512999776e-02 2.838936393063791752e-01 5.299660189292523249e-01 3.320208803508485351e-01
-2.262424201999179152e-01 -1.108646799854012960e-01 -2.654152940025351556e-02 4.408076196073162922e-02 -1.899401820822686771e-02 -3.937076900880086966e-02 -3.441692594548032003e-02 -1.471886153899035904e-02 2.976506479950953576e-02 1.511289256978246009e-01 3.320208803508485351e-01 2.949519346416283883e-01
3.087381298461423507e-01 2.637829105707055755e-01 1.781013864804405766e-01 5.519374397687933781e-02 -7.263091322296968966e-02 -6.788729707871059282e-02 -5.903453322106755330e-02 -2.242018245386348529e-02 6.168578383826155143e-02 5.811264202599716183e-02 -3.966258156873191110e-02 -2.849718072506788880e-01
2.637829105707055755e-01 3.131702039039919172e-01 2.571094329953197977e-01 1.309403175583617185e-01 -2.004206418814333257e-02 -6.821011026621087714e-02 -9.470925852553066515e-02 -8.479941654812585272e-02 3.530541613167641896e-02 1.126475452016906242e-01 1.097923817761912585e-01 -9.424023633773997988e-02
1.781013864804405766e-01 2.571094329953197977e-01 2.577823199057363013e-01 2.024188215583032635e-01 1.176707577579196584e-01 -6.972754449051552731e-04 -6.162832539703241158e-02 -8.503189292859213155e-02 -3.000433762741663065e-03 8.527214311304437411e-02 1.215879689535966784e-01 -3.343667780097190657e-03
5.519374397687933781e-02 1.309403175583617185e-01 2.024188215583032635e-01 2.840563352437945888e-01 3.385190881432321164e-01 1.266372708510770939e-01 2.925282477017370625e-02 -3.108254957968642485e-02 -4.052585344539043344e-02 6.418167133528716525e-03 4.724370037805236677e-02 3.453797438854933066e-02
-7.263091322296968966e-02 -2.004206418814333257e-02 1.176707577579196584e-01 3.385190881432321164e-01 5.595807008938625815e-01 2.617802759565291959e-01 1.407154627694757187e-01 5.862497272249361097e-02 -5.252705807096848950e-02 -7.854454975666111394e-02 -5.868612506890080738e-02 3.939450950254326511e-02
-6.788729707871059282e-02 -6.821011026621087714e-02 -6.972754449051552731e-04 1.266372708510770939e-01 2.617802759565291959e-01 1.448273592664117149e-01 1.098322740669326891e-01 9.632743062737639250e-02 2.337571041766751956e-02 -4.230035361723494952e-02 -6.486220373284845575e-02 -2.335022769279749243e-03
-5.903453322106755330e-02 -9.470925852553066515e-02 -6.162832539703241158e-02 2.925282477017370625e-02 1.407154627694757187e-01 1.098322740669326891e-01 1.362600999001529201e-01 1.951281140949823190e-01 1.458872898363824389e-01 9.701265495086720467e-03 -6.766443232488324189e-02 -4.249808518163650239e-02
-2.242018245386348529e-02 -8.479941654812585272e-02 -8.503189292859213155e-02 -3.108254957968642485e-02 5.862497272249361097e-02 9.632743062737639250e-02 1.951281140949823190e-01 3.704901115630442332e-01 3.685687950280936986e-01 1.237341308938903761e-01 -3.231094221691256652e-02 -8.279281209224655103e-02
6.168578383826155143e-02 3.530541613167641896e-02 -3.000433762741663065e-03 -4.052585344539043344e-02 -5.252705807096848950e-02 2.337571041766751956e-02 1.458872898363824389e-01 3.685687950280936986e-01 4.787301261063699465e-01 2.506889602015240359e-01 1.040328222971751426e-01 -3.812231471917251757e-02
5.811264202599716183e-02 1.126475452016906242e-01 8.527214311304437411e-02 6.418167133528716525e-03 -7.854454975666111394e-02 -4.230035361723494952e-02 9.701265495086720467e-03 1.237341308938903761e-01 2.506889602015240359e-01 2.158528455883129138e-01 2.096278199615862481e-01 1.091842363028127233e-01
-3.966258156873191110e-02 1.097923817761912585e-01 1.215879689535966784e-01 4.724370037805236677e-02 -5.868612506890080738e-02 -6.486220373284845575e-02 -6.766443232488324189e-02 -3.231094221691256652e-02 1.040328222971751426e-01 2.096278199615862481e-01 3.525057237501212914e-01 3.499867356133302687e-01
-2.849718072506788880e-01 -9.424023633773997988e-02 -3.343667780097190657e-03 3.453797438854933066e-02 3.939450950254326511e-02 -2.335022769279749243e-03 -4.249808518163650239e-02 -8.279281209224655103e-02 -3.812231471917251757e-02 1.091842363028127233e-01 3.499867356133302687e-01 5.780060440320615722e-01
2.988065291810598212e-01 3.769780965328415334e-01 1.155682589462144472e-01 -2.549793197022290347e-02 -3.653474548536878030e-02 -3.815997032954979162e-02 2.338806511216229983e-02 4.199803812880620324e-02 2.007591763067984036e-02 1.405249864866153775e-02 -7.593921255619091870e-02 -1.870518661020501849e-01
3.769780965328415334e-01 5.035817903748873725e-01 1.607720903203193052e-01 7.714150875754935063e-03 -4.153216762137891538e-02 -5.868588738460071841e-02 2.128237440766042599e-02 5.810574931199398441e-02 4.180909521497009479e-02 8.024299534825196645e-02 -6.464418245417054287e-02 -2.235899477822333170e-01
1.155682589462144472e-01 1.607720903203193052e-01 8.256164722271418233e-02 1.697846469680090176e-01 2.507763969276856353e-02 -1.900164075603806568e-02 -8.698581019915531398e-03 1.003926516049235933e-02 1.278650147170820942e-02 3.156247153564651492e-02 -1.550324171408648533e-02 -6.621132262939084800e-02
-2.549793197022290347e-02 7.714150875754935063e-03 1.697846469680090176e-01 9.089895712744824330e-01 2.167604222656838442e-01 2.626889853177689568e-02 -5.465622732394083416e-02 -3.695597989997774502e-02 -8.402030851837336348e-03 3.116663344358767181e-03 1.338830510682777197e-02 2.341422559869753631e-02
-3.653474548536878030e-02 -4.153216762137891538e-02 2.507763969276856353e-02 2.167604222656838442e-01 8.830434528862857180e-02 1.187575918541897285e-01 1.093247739910545024e-01 3.992382800030527812e-02 -1.190477030687457898e-03 -3.273076127855596706e-02 -6.831895057110019993e-03 1.769529416200366079e-02
-3.815997032954979162e-02 -5.868588738460071841e-02 -1.900164075603806568e-02 2.626889853177689568e-02 1.187575918541897285e-01 3.623988665868412284e-01 4.074814939087509913e-01 1.745283195979039359e-01 1.745885203981532852e-02 -6.881817094438361093e-02 -2.989970901730876207e-02 7.841421423530163526e-03
2.338806511216229983e-02 2.128237440766042599e-02 -8.698581019915531398e-03 -5.465622732394083416e-02 1.093247739910545024e-01 4.074814939087509913e-01 5.107050092449209044e-01 2.379943659227476416e-01 5.044728006037937917e-02 5.780520236167261024e-03 -1.236450846290247305e-02 -1.975409027312044832e-02
4.199803812880620324e-02 5.810574931199398441e-02 1.003926516049235933e-02 -3.695597989997774502e-02 3.992382800030527812e-02 1.745283195979039359e-01 2.379943659227476416e-01 1.310267770611014404e-01 5.482060879477712589e-02 1.092787695740479043e-01 3.757375067170799776e-02 -1.038611652371132163e-02
2.007591763067984036e-02 4.180909521497009479e-02 1.278650147170820942e-02 -8.402030851837336348e-03 -1.190477030687457898e-03 1.745885203981532852e-02 5.044728006037937917e-02 5.482060879477712589e-02 6.096923200903086454e-02 1.997802664566130648e-01 9.050324788845406920e-02 2.148710280483608764e-02
1.405249864866153775e-02 8.024299534825196645e-02 3.156247153564651492e-02 3.116663344358767181e-03 -3.273076127855596706e-02 -6.881817094438361093e-02 5.780520236167261024e-03 1.092787695740479043e-01 1.997802664566130648e-01 7.223229409960698622e-01 3.436592375933883448e-01 1.159675257909223434e-01
-7.593921255619091870e-02 -6.464418245417054287e-02 -1.550324171408648533e-02 1.338830510682777197e-02 -6.831895057110019993e-03 -2.989970901730876207e-02 -1.236450846290247305e-02 3.757375067170799776e-02 9.050324788845406920e-02 3.436592375933883448e-01 1.898323786204570429e-01 1.093340057287362777e-01
-1.870518661020501849e-01 -2.235899477822333170e-01 -6.621132262939084800e-02 2.341422559869753631e-02 1.769529416200366079e-02 7.841421423530163526e-03 -1.975409027312044832e-02 -1.038611652371132163e-02 2.148710280483608764e-02 1.159675257909223434e-01 1.093340057287362777e-01 1.405009121398008154e-01
2.455915464766391110e-01 2.551085534560241230e-01 9.980953161446184940e-02 -1.886548298864183099e-02 -9.908854180324742911e-02 -3.228318159398729098e-02 6.350792085497287964e-02 9.758330526026638696e-02 7.358122926870250269e-02 3.854469292139160730e-02 -5.157226876926898629e-02 -2.671263215439592664e-01
2.551085534560241230e-01 5.225004891649316363e-01 3.837299938003658761e-01 8.368220649165517000e-02 -3.888767900632071617e-02 -5.509394734743596617e-02 -1.291767806125484336e-02 2.454145291702571757e-02 4.094209755239464066e-02 6.237726670765691289e-02 9.526422307674121959e-02 -4.976571810362473425e-02
9.980953161446184940e-02 3.837299938003658761e-01 4.075283429203716556e-01 1.605819034866919348e-01 1.392468632439913534e-01 1.975047122253354229e-02 -7.910008507561601399e-02 -9.841193555341931631e-02 -6.206534270037074308e-02 -2.083206267423357363e-02 4.286661846890047617e-02 8.366484035428524424e-02
-1.886548298864183099e-02 8.368220649165517000e-02 1.605819034866919348e-01 1.124819241167867578e-01 1.968624733351595490e-01 1.096992252821233638e-01 -8.386486958216532450e-03 -6.424117486443549352e-02 -5.981049199486092316e-02 -4.841014100668353248e-02 -3.168813841270989168e-02 5.352455619012125299e-02
-9.908854180324742911e-02 -3.888767900632071617e-02 1.392468632439913534e-01 1.968624733351595490e-01 4.813760483651677857e-01 3.535637405278047041e-01 1.113382926424776043e-01 -4.273941203039792469e-02 -8.212809317258942809e-02 -9.492917110229739941e-02 -1.073923829786423284e-01 5.598368134962598136e-02
-3.228318159398729098e-02 -5.509394734743596617e-02 1.975047122253354229e-02 1.096992252821233638e-01 3.535637405278047041e-01 3.709131562075340671e-01 2.562083968305707837e-01 1.295982460122142021e-01 4.278827944162387487e-02 3.469798177982223427e-04 -3.006046680043558336e-02 -1.363057049388270367e-02
6.350792085497287964e-02 -1.291767806125484336e-02 -7.910008507561601399e-02 -8.386486958216532450e-03 1.113382926424776043e-01 2.562083968305707837e-01 3.249838019555402191e-01 2.712772369534441896e-01 1.644867393688592416e-01 1.089480861119470484e-01 7.980066395198442963e-02 -7.142811092729504929e-02
9.758330526026638696e-02 2.454145291702571757e-02 -9.841193555341931631e-02 -6.424117486443549352e-02 -4.273941203039792469e-02 1.295982460122142021e-01 2.712772369534441896e-01 2.775103727281524324e-01 1.881883431664215789e-01 1.418954285620827038e-01 1.276530755021565156e-01 -7.087528336062545731e-02
7.358122926870250269e-02 4.094209755239464066e-02 -6.206534270037074308e-02 -5.981049199486092316e-02 -8.212809317258942809e-02 4.278827944162387487e-02 1.644867393688592416e-01 1.881883431664215789e-01 1.390665606489327466e-01 1.171240115081055716e-01 1.282617726520849932e-01 -2.014876313154394943e-02
3.854469292139160730e-02 6.237726670765691289e-02 -2.083206267423357363e-02 -4.841014100668353248e-02 -9.492917110229739941e-02 3.469798177982223427e-04 1.089480861119470484e-01 1.418954285620827038e-01 1.171240115081055716e-01 1.216096035606886588e-01 1.843881211702951273e-01 8.033113000998175213e-02
-5.157226876926898629e-02 9.526422307674121959e-02 4.286661846890047617e-02 -3.168813841270989168e-02 -1.073923829786423284e-01 -3.006046680043558336e-02 7.980066395198442963e-02 1.276530755021565156e-01 1.282617726520849932e-01 1.843881211702951273e-01 3.925776297345091037e-01 3.583459427798790786e-01
-2.671263215439592664e-01 -4.976571810362473425e-02 8.366484035428524424e-02 5.352455619012125299e-02 5.598368134962598136e-02 -1.363057049388270367e-02 -7.142811092729504929e-02 -7.087528336062545731e-02 -2.014876313154394943e-02 8.033113000998175213e-02 3.583459427798790786e-01 6.038605241207216645e-01
2.129784125092198943e-01 3.100347134905180324e-01 5.126299629874779551e-02 -1.047073905864193549e-01 -7.133930553687331533e-02 7.517716325271706079e-02 9.341184590104895102e-02 6.451425636372537520e-02 7.245666983186929656e-04 -7.599052172707607133e-02 -8.122888693645917424e-02 -1.332620052444934144e-01
3.100347134905180324e-01 5.913493184649103451e-01 3.041430340946937871e-01 -8.282348939842424512e-03 -1.013903444949160737e-01 1.037907236985916373e-02 6.574773547713730348e-02 7.334841351571477763e-02 4.439208001739503029e-02 -3.439437808078835233e-03 -5.442681662635424911e-02 -1.479598326333944336e-01
5.126299629874779551e-02 3.041430340946937871e-01 4.680313988020146088e-01 3.140422724254116060e-01 8.769936678056902690e-02 -1.179973849309240430e-01 -1.152751905788500786e-01 -6.872512099420360898e-02 8.972181091902236769e-04 6.940518765064290774e-02 5.093510693015933927e-02 3.314395065537851376e-02
-1.047073905864193549e-01 -8.282348939842424512e-03 3.140422724254116060e-01 3.963882244718255343e-01 3.026595800673764769e-01 1.189502783276319767e-02 -9.118138576453793664e-02 -9.380586680993692472e-02 -4.328601185784139438e-02 2.315293493698775476e-02 5.356116458110039141e-02 9.404675864936451468e-02
-7.133930553687331533e-02 -1.013903444949160737e-01 8.769936678056902690e-02 3.026595800673764769e-01 5.013532829545075398e-01 3.320259653010386169e-01 1.124241602027650361e-01 1.181781706178868484e-02 -3.634228262812850413e-02 -5.817782284622551731e-02 -1.360902595508914348e-02 2.602158324553102697e-02
7.517716325271706079e-02 1.037907236985916373e-02 -1.179973849309240430e-01 1.189502783276319767e-02 3.320259653010386169e-01 4.431675579877397686e-01 2.698872257635390182e-01 1.521144810424255311e-01 4.657978822019599729e-02 -4.268793153418606878e-02 -5.722694316976521811e-02 -7.902373730601787438e-02
9.341184590104895102e-02 6.574773547713730348e-02 -1.152751905788500786e-01 -9.118138576453793664e-02 1.124241602027650361e-01 2.698872257635390182e-01 2.132698063107595077e-01 1.609582138091400494e-01 1.025176424822744348e-01 5.045927142660097675e-02 -1.599070976176344278e-02 -6.614373672534634707e-02
6.451425636372537520e-02 7.334841351571477763e-02 -6.872512099420360898e-02 -9.380586680993692472e-02 1.181781706178868484e-02 1.521144810424255311e-01 1.609582138091400494e-01 1.696443047573901186e-01 1.721763904278502677e-01 1.784504367642106293e-01 5.248096174212814324e-02 -1.753339131279585059e-02
7.245666983186929656e-04 4.439208001739503029e-02 8.972181091902236769e-04 -4.328601185784139438e-02 -3.634228262812850413e-02 4.657978822019599729e-02 1.025176424822744348e-01 1.721763904278502677e-01 2.518558954101109415e-01 3.358078075138938301e-01 1.423789392686942434e-01 5.799281434102783461e-02
-7.599052172707607133e-02 -3.439437808078835233e-03 6.940518765064290774e-02 2.315293493698775476e-02 -5.817782284622551731e-02 -4.268793153418606878e-02 5.045927142660097675e-02 1.784504367642106293e-01 3.358078075138938301e-01 5.153280301400510188e-01 2.417608709576788140e-01 1.424531328309702194e-01
-8.122888693645917424e-02 -5.442681662635424911e-02 5.093510693015933927e-02 5.356116458110039141e-02 -1.360902595508914348e-02 -5.722694316976521811e-02 -1.599070976176344278e-02 5.248096174212814324e-02 1.423789392686942434e-01 2.417608709576788140e-01 1.278611135184903325e-01 9.712994842342972945e-02
-1.332620052444934144e-01 -1.479598326333944336e-01 3.314395065537851376e-02 9.404675864936451468e-02 2.602158324553102697e-02 -7.902373730601787438e-02 -6.614373672534634707e-02 -1.753339131279585059e-02 5.799281434102783461e-02 1.424531328309702194e-01 9.712994842342972945e-02 1.087726546729982091e-01
6.922354222453330763e-01 3.475100225969554035e-01 7.992162322854388934e-02 -3.771996177812845380e-02 -5.979381344613908522e-02 -8.082460487057270548e-02 -2.980067597248629852e-02 -1.837514312017333312e-02 3.012127240424323019e-02 5.599013265822091329e-02 -2.109702518095165919e-03 -2.537761698341555738e-01
3.475100225969554035e-01 2.782652675296206080e-01 1.497908165807175784e-01 1.337299122855005185e-01 5.576606911884285367e-02 1.724117607664170729e-02 -1.798012887279261396e-02 -7.260873847794543923e-02 -4.459054060726112823e-02 6.851450287601135170e-02 1.354667984113480661e-01 -1.639081070009857505e-02
7.992162322854388934e-02 1.497908165807175784e-01 1.548519555210551846e-01 2.306493842372129011e-01 1.422135079028013505e-01 1.181099578647292481e-01 2.150459111219520103e-02 -3.393971763907797923e-02 -5.025069200573754891e-02 1.116308171055914455e-02 7.255946485516749644e-02 4.461480065834499964e-02
-3.771996177812845380e-02 1.337299122855005185e-01 2.306493842372129011e-01 4.171819442688489699e-01 2.788504009767108771e-01 2.591670128987740851e-01 7.159749638074532074e-02 7.466247609403584527e-03 -5.325186549619233267e-02 -3.633621074345742136e-02 1.578730946190035414e-02 6.235650593559000782e-02
-5.979381344613908522e-02 5.576606911884285367e-02 1.422135079028013505e-01 2.788504009767108771e-01 2.033333188741093256e-01 2.056362146545887004e-01 6.829351969683042367e-02 4.799305612979723468e-02 -2.178752974317152511e-03 -3.898827617962955655e-02 -3.916713945996544433e-02 1.690629129782872733e-02
-8.082460487057270548e-02 1.724117607664170729e-02 1.181099578647292481e-01 2.591670128987740851e-01 2.056362146545887004e-01 2.299366620399834471e-01 9.176004315439784120e-02 1.122212574998687484e-01 6.074428392630745743e-02 -4.126226605864556640e-02 -9.343342498913068117e-02 -2.135526812129556404e-02
-2.980067597248629852e-02 -1.798012887279261396e-02 2.150459111219520103e-02 7.159749638074532074e-02 6.829351969683042367e-02 9.176004315439784120e-02 5.437756071433306332e-02 1.149395520610752702e-01 1.099743556087439261e-01 1.192257463271812618e-02 -5.807188367199650481e-02 -3.688619924014033269e-02
-1.837514312017333312e-02 -7.260873847794543923e-02 -3.393971763907797923e-02 7.466247609403584527e-03 4.799305612979723468e-02 1.122212574998687484e-01 1.149395520610752702e-01 3.367127493404732386e-01 3.843357491275164461e-01 1.195744322269326754e-01 -9.024154652199330162e-02 -1.028464474327629996e-01
3.012127240424323019e-02 -4.459054060726112823e-02 -5.025069200573754891e-02 -5.325186549619233267e-02 -2.178752974317152511e-03 6.074428392630745743e-02 1.099743556087439261e-01 3.843357491275164461e-01 5.194079154312626345e-01 2.562505575443092543e-01 4.626950300323744159e-02 -5.012231225668532103e-02
5.599013265822091329e-02 6.851450287601135170e-02 1.116308171055914455e-02 -3.633621074345742136e-02 -3.898827617962955655e-02 -4.126226605864556640e-02 1.192257463271812618e-02 1.195744322269326754e-01 2.562505575443092543e-01 2.756288945295337633e-01 2.903785408786629940e-01 1.376767082308784917e-01
-2.109702518095165919e-03 1.354667984113480661e-01 7.255946485516749644e-02 1.578730946190035414e-02 -3.916713945996544433e-02 -9.343342498913068117e-02 -5.807188367199650481e-02 -9.024154652199330162e-02 4.626950300323744159e-02 2.903785408786629940e-01 5.108340844847542028e-01 3.322443028257566211e-01
