1.853149687125098533e-01 1.921143149028621544e-01 1.161473122257708629e-01 7.760749026640235970e-02 4.744828278604508454e-02 9.295134986264302901e-03 -2.874923576137388553e-02 -6.411593559645223372e-02 -1.092581244953718111e-01 -1.722686592593949684e-01
1.921143149028621544e-01 3.319653556608099243e-01 1.908129804474164026e-01 1.246792874361902503e-01 9.253943448776739966e-02 5.374027400007300170e-02 2.963241679577907628e-02 -1.056469356925543099e-02 -6.028228578509225305e-02 -1.240266471308502649e-01
1.161473122257708629e-01 1.908129804474164026e-01 1.687431022838719041e-01 1.401213005329755568e-01 1.159922044033320498e-01 7.590939446055885997e-02 6.095308966581926974e-02 3.158279518748598885e-02 -1.209953436996574934e-02 -7.052555015897402080e-02
7.760749026640235970e-02 1.246792874361902503e-01 1.401213005329755568e-01 1.526146483083677952e-01 1.412725804818554809e-01 9.932503625517996593e-02 8.867914219102612794e-02 6.293695799818489756e-02 2.533001777524469811e-02 -3.127214776967814774e-02
4.744828278604508454e-02 9.253943448776739966e-02 1.159922044033320498e-01 1.412725804818554809e-01 1.477520563877856019e-01 1.148105069845019865e-01 1.148770348571527267e-01 8.959590976257661432e-02 5.583879211730170822e-02 5.950556940919450068e-03
9.295134986264302901e-03 5.374027400007300170e-02 7.590939446055885997e-02 9.932503625517996593e-02 1.148105069845019865e-01 1.103016042476020475e-01 1.362953331566286730e-01 1.140444607193797921e-01 7.818823455860030025e-02 4.158757253845977303e-02
-2.874923576137388553e-02 2.963241679577907628e-02 6.095308966581926974e-02 8.867914219102612794e-02 1.148770348571527267e-01 1.362953331566286730e-01 2.192492192112800720e-01 1.988408892410670759e-01 1.343383132016323367e-01 9.156928011415291224e-02
-6.411593559645223372e-02 -1.056469356925543099e-02 3.158279518748598885e-02 6.293695799818489756e-02 8.959590976257661432e-02 1.140444607193797921e-01 1.988408892410670759e-01 2.395459909278175870e-01 1.769754719828622869e-01 1.286163797951055399e-01
-1.092581244953718111e-01 -6.028228578509225305e-02 -1.209953436996574934e-02 2.533001777524469811e-02 5.583879211730170822e-02 7.818823455860030025e-02 1.343383132016323367e-01 1.769754719828622869e-01 2.001119105278627575e-01 1.842645317618274436e-01
-1.722686592593949684e-01 -1.240266471308502649e-01 -7.052555015897402080e-02 -3.127214776967814774e-02 5.950556940919450068e-03 4.158757253845977303e-02 9.156928011415291224e-02 1.286163797951055399e-01 1.842645317618274436e-01 2.444011437320948443e-01
8.336072809863495636e-02 8.063861968253802082e-02 9.010740919974273566e-02 5.901356570197059670e-02 3.226878663474947589e-02 -1.080497992152794958e-03 -3.922113554018970272e-02 -8.127573887553940502e-02 -1.079526264272187841e-01 -1.245808630248149973e-01
8.063861968253802082e-02 1.086109106618366321e-01 1.609864276613675593e-01 1.049806616486704952e-01 6.596684145830755686e-02 4.035609062884274595e-02 -1.140815960440759100e-02 -5.428788397111166536e-02 -7.841107006746256269e-02 -9.844565806386239293e-02
9.010740919974273566e-02 1.609864276613675593e-01 3.114737426714171420e-01 1.990175863826995628e-01 1.217250098836706595e-01 9.602626328937326206e-02 2.440887228470978165e-02 -2.419634620949264597e-02 -5.849972056283190419e-02 -8.678723869435063520e-02
5.901356570197059670e-02 1.049806616486704952e-01 1.990175863826995628e-01 1.843413036682138850e-01 1.390566307823866699e-01 1.267937423070625014e-01 5.401282887026480350e-02 1.947989005976888399e-02 -1.814765235305184146e-02 -5.105293558414459448e-02
3.226878663474947589e-02 6.596684145830755686e-02 1.217250098836706595e-01 1.390566307823866699e-01 1.566551876283509559e-01 1.865350431742626991e-01 8.780616312953609670e-02 5.435828020741192979e-02 1.926053511600873611e-02 -1.468264616153677413e-02
-1.080497992152794958e-03 4.035609062884274595e-02 9.602626328937326206e-02 1.267937423070625014e-01 1.865350431742626991e-01 3.093863773531104200e-01 1.576463109264502060e-01 1.164780857564593347e-01 7.781614025710718863e-02 4.197117453154677880e-02
-3.922113554018970272e-02 -1.140815960440759100e-02 2.440887228470978165e-02 5.401282887026480350e-02 8.780616312953609670e-02 1.576463109264502060e-01 1.262466642365380753e-01 1.440114385533153019e-01 1.142594389549853318e-01 8.284273179941963050e-02
-8.127573887553940502e-02 -5.428788397111166536e-02 -2.419634620949264597e-02 1.947989005976888399e-02 5.435828020741192979e-02 1.164780857564593347e-01 1.440114385533153019e-01 2.338304279998999480e-01 2.043905970151589646e-01 1.469592035879910275e-01
-1.079526264272187841e-01 -7.841107006746256269e-02 -5.849972056283190419e-02 -1.814765235305184146e-02 1.926053511600873611e-02 7.781614025710718863e-02 1.142594389549853318e-01 2.043905970151589646e-01 2.679485346080909824e-01 2.022182892416604094e-01
-1.245808630248149973e-01 -9.844565806386239293e-02 -8.678723869435063520e-02 -5.105293558414459448e-02 -1.468264616153677413e-02 4.197117453154677880e-02 8.284273179941963050e-02 1.469592035879910275e-01 2.022182892416604094e-01 2.181461230739077661e-01
2.568337761134844022e-01 1.643363630517772345e-01 1.218667432647757010e-01 9.243677700886296367e-02 5.825962364669898252e-02 1.195293760285862962e-02 -4.249949894771395953e-02 -8.548754245974518606e-02 -1.379854169610548464e-01 -1.750670920618973558e-01
1.643363630517772345e-01 1.299041457067476868e-01 1.172856748554611667e-01 1.042213704204716929e-01 7.716296207757028514e-02 4.067291423835779629e-02 3.703945573873590729e-03 -4.099424632512391892e-02 -8.349209912583166471e-02 -1.074637054378373424e-01
1.218667432647757010e-01 1.172856748554611667e-01 1.425183471665664725e-01 1.539143107262389010e-01 1.239137781140143280e-01 7.805810930475164111e-02 4.773203971235164683e-02 -7.331348383736322784e-03 -5.527373127451704754e-02 -7.778114067928651454e-02
9.243677700886296367e-02 1.042213704204716929e-01 1.539143107262389010e-01 2.136839760887676576e-01 1.916083477165132776e-01 1.229181958643291717e-01 9.169927003489827810e-02 3.166817033670447923e-02 -1.903480335273848023e-02 -5.140099141693576373e-02
5.825962364669898252e-02 7.716296207757028514e-02 1.239137781140143280e-01 1.916083477165132776e-01 2.314163511993517219e-01 1.662252474010426084e-01 1.349512804085767903e-01 7.300590461251481311e-02 3.101939447102947112e-02 -1.363816209274993502e-02
1.195293760285862962e-02 4.067291423835779629e-02 7.805810930475164111e-02 1.229181958643291717e-01 1.662252474010426084e-01 1.771264026956417825e-01 1.829140474832310626e-01 1.089723986961857044e-01 7.113556037669102605e-02 2.676410873544828734e-02
-4.249949894771395953e-02 3.703945573873590729e-03 4.773203971235164683e-02 9.169927003489827810e-02 1.349512804085767903e-01 1.829140474832310626e-01 2.638283592650315645e-01 1.738723537579849598e-01 1.282070544721527205e-01 7.485184895219752776e-02
-8.548754245974518606e-02 -4.099424632512391892e-02 -7.331348383736322784e-03 3.166817033670447923e-02 7.300590461251481311e-02 1.089723986961857044e-01 1.738723537579849598e-01 1.747820590387535733e-01 1.735162894066942241e-01 1.123266102174507036e-01
-1.379854169610548464e-01 -8.349209912583166471e-02 -5.527373127451704754e-02 -1.903480335273848023e-02 3.101939447102947112e-02 7.113556037669102605e-02 1.282070544721527205e-01 1.735162894066942241e-01 2.410072271858993975e-01 1.704361364009977509e-01
-1.750670920618973558e-01 -1.074637054378373424e-01 -7.778114067928651454e-02 -5.140099141693576373e-02 -1.363816209274993502e-02 2.676410873544828734e-02 7.485184895219752776e-02 1.123266102174507036e-01 1.704361364009977509e-01 1.688993555397557411e-01
1.454550811479753125e-01 1.451890338527047353e-01 1.066076134150161503e-01 7.487180224015926866e-02 4.862291133719856551e-02 2.130726559679925469e-02 -1.807959096890037962e-02 -6.403515635559445252e-02 -1.161596803303906328e-01 -1.757098701273308583e-01
1.451890338527047353e-01 2.122933626402767060e-01 1.815431198615686803e-01 1.339017451765640021e-01 9.807434098253971222e-02 7.425054722972004861e-02 3.863269239072311678e-02 -1.382545857120476805e-02 -6.902413585227633319e-02 -1.187146833637102994e-01
1.066076134150161503e-01 1.815431198615686803e-01 2.046049864297257714e-01 1.698286938171182370e-01 1.246815895732852342e-01 9.860081868921263815e-02 7.076535450376295056e-02 2.914690567309351221e-02 -1.736393815611830121e-02 -6.779681840455158148e-02
7.487180224015926866e-02 1.339017451765640021e-01 1.698286938171182370e-01 1.893066281195509570e-01 1.532127608576949185e-01 1.234793568239576089e-01 9.329371806906731901e-02 5.577741306123133042e-02 1.861211101617246677e-02 -3.406451390954300107e-02
4.862291133719856551e-02 9.807434098253971222e-02 1.246815895732852342e-01 1.532127608576949185e-01 1.532246102518259045e-01 1.381532807725809608e-01 1.116303877803950934e-01 7.458252239546933615e-02 4.378412347888418349e-02 -2.267203428284606317e-03
2.130726559679925469e-02 7.425054722972004861e-02 9.860081868921263815e-02 1.234793568239576089e-01 1.381532807725809608e-01 1.514663479732052676e-01 1.405846277604882455e-01 1.064971700433123419e-01 7.775312631255303086e-02 3.669285177715964075e-02
-1.807959096890037962e-02 3.863269239072311678e-02 7.076535450376295056e-02 9.329371806906731901e-02 1.116303877803950934e-01 1.405846277604882455e-01 1.639277682323704577e-01 1.488885405369940740e-01 1.269941660541017980e-01 8.545967610437057993e-02
-6.403515635559445252e-02 -1.382545857120476805e-02 2.914690567309351221e-02 5.577741306123133042e-02 7.458252239546933615e-02 1.064971700433123419e-01 1.488885405369940740e-01 1.801725582672775161e-01 1.864060055653626313e-01 1.352216702154286909e-01
-1.161596803303906328e-01 -6.902413585227633319e-02 -1.736393815611830121e-02 1.861211101617246677e-02 4.378412347888418349e-02 7.775312631255303086e-02 1.269941660541017980e-01 1.864060055653626313e-01 2.711013714414005626e-01 2.172466055102854898e-01
-1.757098701273308583e-01 -1.187146833637102994e-01 -6.779681840455158148e-02 -3.406451390954300107e-02 -2.267203428284606317e-03 3.669285177715964075e-02 8.545967610437057993e-02 1.352216702154286909e-01 2.172466055102854898e-01 3.284472854963918498e-01
2.864898464970407899e-01 1.166753586208145455e-01 9.712308436628254438e-02 6.905867467190368592e-02 4.181443138384855623e-02 1.672874481482926334e-02 -3.489377492693493399e-02 -9.629081796240113178e-02 -1.589143794430281920e-01 -2.186873463272549778e-01
1.166753586208145455e-01 6.325070120319398193e-02 8.401026857253277025e-02 8.106085912770255586e-02 5.452982723734638160e-02 4.174977848800630331e-02 1.292275919059467093e-02 -2.519586785985604427e-02 -6.299214662174251744e-02 -8.650432784339573411e-02
9.712308436628254438e-02 8.401026857253277025e-02 1.728105582262682294e-01 1.950722358266901990e-01 1.285724037272296949e-01 1.060051340245566076e-01 6.964057439099716196e-02 1.739824599863877552e-02 -3.484451706892150585e-02 -6.308434867492146436e-02
6.905867467190368592e-02 8.106085912770255586e-02 1.950722358266901990e-01 2.622908347635277693e-01 1.749373655787569981e-01 1.389658358002770211e-01 9.990055321449328729e-02 5.007051416500173102e-02 1.590751391821740692e-03 -3.303566484807795439e-02
4.181443138384855623e-02 5.452982723734638160e-02 1.285724037272296949e-01 1.749373655787569981e-01 1.711648458824260310e-01 1.661779208918636175e-01 1.209077509776711190e-01 6.795864064216165790e-02 2.712473567066597119e-02 -6.485209888196637358e-03
1.672874481482926334e-02 4.174977848800630331e-02 1.060051340245566076e-01 1.389658358002770211e-01 1.661779208918636175e-01 2.138781100568593607e-01 1.670111389979622718e-01 1.023995925769723286e-01 5.895507747701359685e-02 2.206507401673966223e-02
-3.489377492693493399e-02 1.292275919059467093e-02 6.964057439099716196e-02 9.990055321449328729e-02 1.209077509776711190e-01 1.670111389979622718e-01 1.587596841555488636e-01 1.244063120254962906e-01 1.031266833227831442e-01 6.530289375752819370e-02
-9.629081796240113178e-02 -2.519586785985604427e-02 1.739824599863877552e-02 5.007051416500173102e-02 6.795864064216165790e-02 1.023995925769723286e-01 1.244063120254962906e-01 1.504562879730449720e-01 1.751686560730831566e-01 1.240742684636805399e-01
-1.589143794430281920e-01 -6.299214662174251744e-02 -3.484451706892150585e-02 1.590751391821740692e-03 2.712473567066597119e-02 5.895507747701359685e-02 1.031266833227831442e-01 1.751686560730831566e-01 2.752519661143841279e-01 2.041625799563210331e-01
-2.186873463272549778e-01 -8.650432784339573411e-02 -6.308434867492146436e-02 -3.303566484807795439e-02 -6.485209888196637358e-03 2.206507401673966223e-02 6.530289375752819370e-02 1.240742684636805399e-01 2.041625799563210331e-01 2.456471651277071511e-01
1.337234190591714278e-01 1.629542810155206745e-01 1.044959571504466278e-01 7.341900418718610988e-02 3.687681416605804313e-02 -1.848234995269678552e-03 -4.113036977238165859e-02 -6.118862615993006515e-02 -1.108401572343286901e-01 -1.440601163307209664e-01
1.629542810155206745e-01 2.718905885663411848e-01 1.847223645604285647e-01 1.356145382147916911e-01 8.949431989068110105e-02 4.535088198745770155e-02 4.285827969912277963e-03 -3.336616557242861464e-02 -8.028474976170968391e-02 -1.225263419209689508e-01
1.044959571504466278e-01 1.847223645604285647e-01 1.801048456069496706e-01 1.727412322915881093e-01 1.191889273525750526e-01 7.341163890682088355e-02 4.611342448847514930e-02 6.653197811343641160e-03 -3.131643126622961348e-02 -7.089683517047913608e-02
7.341900418718610988e-02 1.356145382147916911e-01 1.727412322915881093e-01 2.449403690693778279e-01 1.806003168189642127e-01 1.154546830169558280e-01 8.772022990606728743e-02 4.318116911905214850e-02 1.147987152439441591e-02 -3.641149441109262086e-02
3.687681416605804313e-02 8.949431989068110105e-02 1.191889273525750526e-01 1.806003168189642127e-01 1.665346647823441328e-01 1.291428668405301683e-01 1.172912580158555484e-01 6.817214466649740290e-02 4.653521834102297000e-02 6.475963184215855623e-03
-1.848234995269678552e-03 4.535088198745770155e-02 7.341163890682088355e-02 1.154546830169558280e-01 1.291428668405301683e-01 1.468773178311563732e-01 1.703301496977239482e-01 1.037532943244044437e-01 8.118962775111324137e-02 4.912131921527247702e-02
-4.113036977238165859e-02 4.285827969912277963e-03 4.611342448847514930e-02 8.772022990606728743e-02 1.172912580158555484e-01 1.703301496977239482e-01 2.483169849178692157e-01 1.593622451645157478e-01 1.308036168800888743e-01 9.624191208140703280e-02
-6.118862615993006515e-02 -3.336616557242861464e-02 6.653197811343641160e-03 4.318116911905214850e-02 6.817214466649740290e-02 1.037532943244044437e-01 1.593622451645157478e-01 1.335049204386708488e-01 1.456017886301198272e-01 1.163819235408866254e-01
-1.108401572343286901e-01 -8.028474976170968391e-02 -3.131643126622961348e-02 1.147987152439441591e-02 4.653521834102297000e-02 8.118962775111324137e-02 1.308036168800888743e-01 1.456017886301198272e-01 2.352032231741271184e-01 2.066582496688745274e-01
-1.440601163307209664e-01 -1.225263419209689508e-01 -7.089683517047913608e-02 -3.641149441109262086e-02 6.475963184215855623e-03 4.912131921527247702e-02 9.624191208140703280e-02 1.163819235408866254e-01 2.066582496688745274e-01 2.389036665539920890e-01
2.213115515865523852e-01 1.718433376032639515e-01 1.194944360616406881e-01 6.187066597572458970e-02 -6.215088083669708871e-03 -5.141106221652987085e-02 -8.177454943465840842e-02 -1.058696889860592238e-01 -9.516875793251367011e-02 -1.661187859293049851e-01
1.718433376032639515e-01 1.857003491125670813e-01 1.692857864520976030e-01 1.173445619616183405e-01 5.563545758488911558e-02 -1.551736656239017945e-03 -4.663865978976792365e-02 -7.471443788698897692e-02 -6.791519966196692126e-02 -1.186687024318838768e-01
1.194944360616406881e-01 1.692857864520976030e-01 2.349473236636411277e-01 2.111968014819781692e-01 1.299031988139840998e-01 6.131673641442068889e-02 1.531955395434422612e-03 -3.587442977917942172e-02 -4.063344685052580618e-02 -7.613710552510954965e-02
6.187066597572458970e-02 1.173445619616183405e-01 2.111968014819781692e-01 3.570054849434042277e-01 2.115929545154027758e-01 1.230379878186409898e-01 6.598813208904194538e-02 3.167390117605402289e-02 2.692067133641078049e-03 -2.376199908062271923e-02
-6.215088083669708871e-03 5.563545758488911558e-02 1.299031988139840998e-01 2.115929545154027758e-01 2.406582822961346735e-01 1.727624438677309859e-01 1.146348063024329178e-01 8.345839568667808017e-02 4.240582075871764112e-02 3.452806504387358894e-02
-5.141106221652987085e-02 -1.551736656239017945e-03 6.131673641442068889e-02 1.230379878186409898e-01 1.727624438677309859e-01 1.756965999127135802e-01 1.484126072918982020e-01 1.239825863695855623e-01 6.741955257078358077e-02 6.669827190813595874e-02
-8.177454943465840842e-02 -4.663865978976792365e-02 1.531955395434422612e-03 6.598813208904194538e-02 1.146348063024329178e-01 1.484126072918982020e-01 1.745151479680412954e-01 1.681990300796937232e-01 9.225944993572031405e-02 9.161299303162986907e-02
-1.058696889860592238e-01 -7.471443788698897692e-02 -3.587442977917942172e-02 3.167390117605402289e-02 8.345839568667808017e-02 1.239825863695855623e-01 1.681990300796937232e-01 1.891190442600937660e-01 1.091951313449850414e-01 1.137609045796673241e-01
-9.516875793251367011e-02 -6.791519966196692126e-02 -4.063344685052580618e-02 2.692067133641078049e-03 4.240582075871764112e-02 6.741955257078358077e-02 9.225944993572031405e-02 1.091951313449850414e-01 7.440122203983293159e-02 9.322164264323773430e-02
-1.661187859293049851e-01 -1.186687024318838768e-01 -7.613710552510954965e-02 -2.376199908062271923e-02 3.452806504387358894e-02 6.669827190813595874e-02 9.161299303162986907e-02 1.137609045796673241e-01 9.322164264323773430e-02 1.466449942170187926e-01
2.719000749968726316e-01 1.989744959393786317e-01 1.329981590833375638e-01 7.656619203631426229e-02 3.112651781547590840e-02 -5.995216148841411678e-03 -4.447748234691674407e-02 -7.312249744705245913e-02 -1.237936396884571494e-01 -1.994150403450822284e-01
1.989744959393786317e-01 2.237246724422944089e-01 1.748227716457948500e-01 1.151269334959436619e-01 7.043128776741816588e-02 3.669843238522055295e-02 3.121010912489130713e-03 -3.653693602546493474e-02 -8.319897407876784834e-02 -1.371167975767573488e-01
1.329981590833375638e-01 1.748227716457948500e-01 1.942049995805226470e-01 1.590725437136869536e-01 1.159666744669768240e-01 8.028707556347783325e-02 5.543962113150072146e-02 9.195608160186313079e-03 -3.767350634836529044e-02 -8.775024252745003417e-02
7.656619203631426229e-02 1.151269334959436619e-01 1.590725437136869536e-01 1.814103161447797319e-01 1.593098145261180043e-01 1.222412712764554821e-01 9.970492697251906455e-02 5.434968981813516342e-02 1.601574761518335596e-02 -3.015582244865569125e-02
3.112651781547590840e-02 7.043128776741816588e-02 1.159666744669768240e-01 1.593098145261180043e-01 1.789558675518294062e-01 1.577523538498723510e-01 1.360294660494643648e-01 8.523896145256840140e-02 5.504380639221449767e-02 1.802254627941292375e-02
-5.995216148841411678e-03 3.669843238522055295e-02 8.028707556347783325e-02 1.222412712764554821e-01 1.577523538498723510e-01 1.890585808414468327e-01 1.908443500352073607e-01 1.154796655930661192e-01 8.028554797237517915e-02 5.032615116822836132e-02
-4.447748234691674407e-02 3.121010912489130713e-03 5.543962113150072146e-02 9.970492697251906455e-02 1.360294660494643648e-01 1.908443500352073607e-01 2.663029186569098594e-01 1.643350378075098539e-01 1.158210221238360482e-01 8.494739288148751843e-02
-7.312249744705245913e-02 -3.653693602546493474e-02 9.195608160186313079e-03 5.434968981813516342e-02 8.523896145256840140e-02 1.154796655930661192e-01 1.643350378075098539e-01 1.314400725496332190e-01 1.170676683142180541e-01 1.049184095847885412e-01
-1.237936396884571494e-01 -8.319897407876784834e-02 -3.767350634836529044e-02 1.601574761518335596e-02 5.504380639221449767e-02 8.028554797237517915e-02 1.158210221238360482e-01 1.170676683142180541e-01 1.422510168444618694e-01 1.564244398519363533e-01
-1.994150403450822284e-01 -1.371167975767573488e-01 -8.775024252745003417e-02 -3.015582244865569125e-02 1.802254627941292375e-02 5.032615116822836132e-02 8.494739288148751843e-02 1.049184095847885412e-01 1.564244398519363533e-01 2.207514803912489498e-01
2.128745686818512839e-01 1.414067831010987486e-01 1.093346862100225136e-01 8.529272638035528820e-02 4.345551792616322850e-02 1.713041881424343105e-02 -1.897269509383931949e-02 -7.633685537559498080e-02 -1.033150665626116210e-01 -1.968856978511294986e-01
1.414067831010987486e-01 1.372052987365727228e-01 1.412328354292739507e-01 1.255749643368346546e-01 7.858902137255585618e-02 6.372361955372916886e-02 1.573996091165953334e-02 -3.013458457595825923e-02 -5.485012366052434418e-02 -1.110805716787244268e-01
1.093346862100225136e-01 1.412328354292739507e-01 1.951501979415211085e-01 1.958487904609497732e-01 1.200042728705899009e-01 1.024422058781864209e-01 4.262080369509355093e-02 4.706997520444320543e-03 -2.807371801911633102e-02 -7.139594288200500072e-02
8.529272638035528820e-02 1.255749643368346546e-01 1.958487904609497732e-01 2.610715379575863082e-01 1.670742143020061965e-01 1.429106884007251277e-01 6.745703872012175084e-02 3.797001894795011545e-02 -2.820405410731825508e-03 -4.245626245647279862e-02
4.345551792616322850e-02 7.858902137255585618e-02 1.200042728705899009e-01 1.670742143020061965e-01 1.586972590468743727e-01 1.650576713911811044e-01 8.289641904162091401e-02 6.091271373254542737e-02 2.574272417064623480e-02 1.149937961293313795e-03
1.713041881424343105e-02 6.372361955372916886e-02 1.024422058781864209e-01 1.429106884007251277e-01 1.650576713911811044e-01 2.053551229413951851e-01 1.120575268285995685e-01 1.017748769147471533e-01 5.619226513785027799e-02 3.855577267779144307e-02
-1.897269509383931949e-02 1.573996091165953334e-02 4.262080369509355093e-02 6.745703872012175084e-02 8.289641904162091401e-02 1.120575268285995685e-01 8.749611421686562251e-02 1.448224011491675567e-01 6.929221360334221480e-02 5.286865956721377435e-02
-7.633685537559498080e-02 -3.013458457595825923e-02 4.706997520444320543e-03 3.797001894795011545e-02 6.091271373254542737e-02 1.017748769147471533e-01 1.448224011491675567e-01 3.999469467274427426e-01 1.659842653005101920e-01 1.146694612775494976e-01
-1.033150665626116210e-01 -5.485012366052434418e-02 -2.807371801911633102e-02 -2.820405410731825508e-03 2.574272417064623480e-02 5.619226513785027799e-02 6.929221360334221480e-02 1.659842653005101920e-01 1.139884663516220614e-01 1.322702750008512007e-01
-1.968856978511294986e-01 -1.110805716787244268e-01 -7.139594288200500072e-02 -4.245626245647279862e-02 1.149937961293313795e-03 3.855577267779144307e-02 5.286865956721377435e-02 1.146694612775494976e-01 1.322702750008512007e-01 2.282144873982692723e-01
2.942830386045467428e-01 2.018113647426622304e-01 9.501134837561575619e-02 9.092598346452566982e-02 4.620609523211034741e-02 8.856423117846141252e-03 -3.016447448813385293e-02 -7.411425173876978745e-02 -1.121630975517419332e-01 -1.432402978189319387e-01
2.018113647426622304e-01 1.694531477420019305e-01 9.503166110710009606e-02 1.128781428934188119e-01 6.895388316894356107e-02 4.090492237930952457e-02 1.040475846382660219e-02 -3.159257205944963898e-02 -6.787529799499693317e-02 -9.453509394480341665e-02
9.501134837561575619e-02 9.503166110710009606e-02 8.311911531450411061e-02 1.439611665582574418e-01 8.562325499952533336e-02 5.332812309114431937e-02 3.139694443230215543e-02 2.160261786332719116e-03 -2.764404686164441752e-02 -4.479394802815597765e-02
9.092598346452566982e-02 1.128781428934188119e-01 1.439611665582574418e-01 3.218250971977449360e-01 1.873094153623305336e-01 1.122800656583729934e-01 7.660677081882469319e-02 3.931154222706537138e-02 -6.217994602598335072e-03 -3.792045617598571727e-02
4.620609523211034741e-02 6.895388316894356107e-02 8.562325499952533336e-02 1.873094153623305336e-01 1.530952209196581038e-01 1.284178363205380480e-01 1.102376431706783982e-01 7.871632419416405013e-02 4.434653277617434802e-02 1.132006620282812164e-03
8.856423117846141252e-03 4.090492237930952457e-02 5.332812309114431937e-02 1.122800656583729934e-01 1.284178363205380480e-01 1.601394787522197327e-01 1.638614499350876386e-01 1.293608049307307661e-01 9.200805754713144158e-02 3.575605249012016318e-02
-3.016447448813385293e-02 1.040475846382660219e-02 3.139694443230215543e-02 7.660677081882469319e-02 1.102376431706783982e-01 1.638614499350876386e-01 2.045868425377807553e-01 1.857769195446715704e-01 1.357003521058970930e-01 6.605312001629283503e-02
-7.411425173876978745e-02 -3.159257205944963898e-02 2.160261786332719116e-03 3.931154222706537138e-02 7.871632419416405013e-02 1.293608049307307661e-01 1.857769195446715704e-01 2.618988611085649731e-01 2.108210686109531218e-01 1.053983152824847502e-01
-1.121630975517419332e-01 -6.787529799499693317e-02 -2.764404686164441752e-02 -6.217994602598335072e-03 4.434653277617434802e-02 9.200805754713144158e-02 1.357003521058970930e-01 2.108210686109531218e-01 2.449999775777635946e-01 1.338468200836646083e-01
-1.432402978189319387e-01 -9.453509394480341665e-02 -4.479394802815597765e-02 -3.792045617598571727e-02 1.132006620282812164e-03 3.575605249012016318e-02 6.605312001629283503e-02 1.053983152824847502e-01 1.338468200836646083e-01 1.065992202452147042e-01
2.202835375588762801e-01 1.780937584840793231e-01 1.288034963580832748e-01 8.956633332128294267e-02 5.467264945320152170e-02 2.734505812311197742e-02 -3.343779708455105627e-03 -5.633885772123953944e-02 -1.073480192585234139e-01 -1.995259619184361899e-01
1.780937584840793231e-01 2.047300820807051447e-01 1.689728628448191605e-01 1.231141615946263201e-01 8.223259001266708390e-02 5.782884389863461594e-02 4.092478847423103305e-02 -6.317526777791779291e-03 -6.050367306934680695e-02 -1.305180990437471988e-01
1.288034963580832748e-01 1.689728628448191605e-01 1.851994125584657813e-01 1.538412783798061012e-01 1.086087298116850813e-01 8.220763823309541751e-02 7.254871616503062726e-02 3.718341612909049909e-02 -1.948654178743882553e-02 -8.659880684663004424e-02
8.956633332128294267e-02 1.231141615946263201e-01 1.538412783798061012e-01 1.589751055629298748e-01 1.252010706382855887e-01 1.028473506706391039e-01 9.891892019556804139e-02 7.008223534641389030e-02 1.734587280943969412e-02 -4.701822930108883608e-02
5.467264945320152170e-02 8.223259001266708390e-02 1.086087298116850813e-01 1.252010706382855887e-01 1.152613218464743350e-01 1.069486224784436945e-01 1.134564286889838125e-01 8.786540966301435718e-02 4.294363072372098938e-02 -9.024976698693379720e-03
2.734505812311197742e-02 5.782884389863461594e-02 8.220763823309541751e-02 1.028473506706391039e-01 1.069486224784436945e-01 1.189609061501131770e-01 1.466356969886268846e-01 1.203114185898794819e-01 7.033691263942543070e-02 2.627057007654394483e-02
-3.343779708455105627e-03 4.092478847423103305e-02 7.254871616503062726e-02 9.891892019556804139e-02 1.134564286889838125e-01 1.466356969886268846e-01 2.281870268472542262e-01 2.074012605312846591e-01 1.221738104441858763e-01 7.286595119685994326e-02
-5.633885772123953944e-02 -6.317526777791779291e-03 3.718341612909049909e-02 7.008223534641389030e-02 8.786540966301435718e-02 1.203114185898794819e-01 2.074012605312846591e-01 2.886792774595556277e-01 1.797185064733992643e-01 1.249639439730497043e-01
-1.073480192585234139e-01 -6.050367306934680695e-02 -1.948654178743882553e-02 1.734587280943969412e-02 4.294363072372098938e-02 7.033691263942543070e-02 1.221738104441858763e-01 1.797185064733992643e-01 1.779590637888057991e-01 1.817993096487218463e-01
-1.995259619184361899e-01 -1.305180990437471988e-01 -8.659880684663004424e-02 -4.701822930108883608e-02 -9.024976698693379720e-03 2.627057007654394483e-02 7.286595119685994326e-02 1.249639439730497043e-01 1.817993096487218463e-01 3.017642661468197263e-01
2.708776431858631595e-01 1.939900663674821446e-01 1.350386291509567682e-01 7.717732614092666366e-02 1.570326572326220457e-02 -2.784877233484317136e-02 -5.780009553514063592e-02 -9.209770100148925720e-02 -1.068708666509516625e-01 -1.686747745938917409e-01
1.939900663674821446e-01 2.168269248050820608e-01 1.933197322450124767e-01 1.263938876342210194e-01 6.666115279857101616e-02 2.712844840764088578e-02 -8.069318194083126977e-03 -4.426904519251376180e-02 -6.484046205447650812e-02 -1.117443110569687759e-01
1.350386291509567682e-01 1.933197322450124767e-01 2.717580543513550273e-01 1.979006924194420813e-01 1.176227207244693040e-01 7.555997849569801028e-02 3.974634179741143303e-02 5.649043162015011943e-03 -2.836186060933152189e-02 -7.170375766457470768e-02
7.717732614092666366e-02 1.263938876342210194e-01 1.979006924194420813e-01 2.287846834594420842e-01 1.662228964078848459e-01 1.230382370731683411e-01 8.538769439706875297e-02 6.232960922940643939e-02 2.182240429737266132e-02 -1.979851397047485348e-02
1.570326572326220457e-02 6.666115279857101616e-02 1.176227207244693040e-01 1.662228964078848459e-01 1.688588632976148474e-01 1.483371043523793176e-01 1.137829895568033545e-01 9.500219121561018221e-02 5.630649918023810513e-02 2.684199107994279104e-02
-2.784877233484317136e-02 2.712844840764088578e-02 7.555997849569801028e-02 1.230382370731683411e-01 1.483371043523793176e-01 1.614615698838378632e-01 1.428460706483800635e-01 1.293403155118518777e-01 8.185823179883840173e-02 5.734095806876039064e-02
-5.780009553514063592e-02 -8.069318194083126977e-03 3.974634179741143303e-02 8.538769439706875297e-02 1.137829895568033545e-01 1.428460706483800635e-01 1.697731255775933590e-01 1.820812480996447658e-01 1.113070167197680732e-01 7.945680675789272562e-02
-9.209770100148925720e-02 -4.426904519251376180e-02 5.649043162015011943e-03 6.232960922940643939e-02 9.500219121561018221e-02 1.293403155118518777e-01 1.820812480996447658e-01 2.543054133695200059e-01 1.585030618477719644e-01 1.134471768781640660e-01
-1.068708666509516625e-01 -6.484046205447650812e-02 -2.836186060933152189e-02 2.182240429737266132e-02 5.630649918023810513e-02 8.185823179883840173e-02 1.113070167197680732e-01 1.585030618477719644e-01 1.218355420755918295e-01 1.083737806266721337e-01
-1.686747745938917409e-01 -1.117443110569687759e-01 -7.170375766457470768e-02 -1.979851397047485348e-02 2.684199107994279104e-02 5.734095806876039064e-02 7.945680675789272562e-02 1.134471768781640660e-01 1.083737806266721337e-01 1.355181799941002629e-01
3.274137050423751583e-01 1.986642972642191363e-01 1.119947931254644397e-01 8.115984584260201029e-02 3.605763586660527820e-02 6.497949176915518085e-03 -2.345803100975980132e-02 -7.685168569392029914e-02 -1.297269467390773368e-01 -1.912860675448890546e-01
1.986642972642191363e-01 2.022757037183656736e-01 1.485820083010103987e-01 1.312566389507033582e-01 8.135849600823705230e-02 6.412952428519462511e-02 2.285599105984718882e-02 -1.299109377863813704e-02 -6.688996603798268159e-02 -1.137297648616932277e-01
1.119947931254644397e-01 1.485820083010103987e-01 1.537025764813735318e-01 1.655359683275445248e-01 1.085592551745250545e-01 9.202977788576027773e-02 4.896991277451583774e-02 3.339310537404002743e-02 -1.125045156014847607e-02 -5.698006749881599081e-02
8.115984584260201029e-02 1.312566389507033582e-01 1.655359683275445248e-01 2.268029230461821588e-01 1.609575908637137509e-01 1.398056984345517617e-01 7.946563432345946087e-02 7.339729776720133048e-02 3.307142660285034702e-02 -2.238093443827320062e-02
3.605763586660527820e-02 8.135849600823705230e-02 1.085592551745250545e-01 1.609575908637137509e-01 1.552957472231959735e-01 1.606043450291750607e-01 9.253886370842881459e-02 8.870144361890741624e-02 5.815264211831841501e-02 1.430116166155391555e-02
6.497949176915518085e-03 6.412952428519462511e-02 9.202977788576027773e-02 1.398056984345517617e-01 1.606043450291750607e-01 2.039561496778764249e-01 1.235872587894920743e-01 1.251601037982088827e-01 9.181362163899992046e-02 4.600311034023064904e-02
-2.345803100975980132e-02 2.285599105984718882e-02 4.896991277451583774e-02 7.946563432345946087e-02 9.253886370842881459e-02 1.235872587894920743e-01 9.003303789089409093e-02 1.144915012487190131e-01 9.760671118943350932e-02 5.719365004580237444e-02
-7.685168569392029914e-02 -1.299109377863813704e-02 3.339310537404002743e-02 7.339729776720133048e-02 8.870144361890741624e-02 1.251601037982088827e-01 1.144915012487190131e-01 1.966594070486062107e-01 1.950805247977404344e-01 1.200680181726341417e-01
-1.297269467390773368e-01 -6.688996603798268159e-02 -1.125045156014847607e-02 3.307142660285034702e-02 5.815264211831841501e-02 9.181362163899992046e-02 9.760671118943350932e-02 1.950805247977404344e-01 2.580493792928577057e-01 1.763330058367332254e-01
-1.912860675448890546e-01 -1.137297648616932277e-01 -5.698006749881599081e-02 -2.238093443827320062e-02 1.430116166155391555e-02 4.600311034023064904e-02 5.719365004580237444e-02 1.200680181726341417e-01 1.763330058367332254e-01 1.858113705782733771e-01
2.034327477355570846e-01 1.638952292367599484e-01 1.225300715710915256e-01 8.391681695892092008e-02 3.817314846832566694e-02 8.993969033139700281e-03 -2.783748604057942333e-02 -7.679579437216196847e-02 -9.703688136048206625e-02 -2.001938542080084760e-01
1.638952292367599484e-01 1.947717133425371783e-01 1.735557365921517603e-01 1.309621176838533796e-01 7.638317517643064547e-02 5.573600041051385290e-02 1.713994386284697913e-02 -2.946575657317462849e-02 -5.624941036792229648e-02 -1.242285338866237349e-01
1.225300715710915256e-01 1.735557365921517603e-01 2.124920484808784926e-01 1.882183411775187332e-01 1.118805709303386936e-01 9.026700998396305908e-02 5.385222293926129888e-02 1.938240291816604663e-02 -2.169059517017395827e-02 -7.883794782182297622e-02
8.391681695892092008e-02 1.309621176838533796e-01 1.882183411775187332e-01 2.390684106741793324e-01 1.541602073131306816e-01 1.308946962947521997e-01 8.941297144311084744e-02 6.493479118540582129e-02 1.436378652003149868e-02 -3.436889314526090505e-02
3.817314846832566694e-02 7.638317517643064547e-02 1.118805709303386936e-01 1.541602073131306816e-01 1.266371382740093532e-01 1.274720999513701547e-01 9.655482490274219787e-02 8.081268778803428476e-02 3.636961507124156917e-02 1.046427261148006639e-02
8.993969033139700281e-03 5.573600041051385290e-02 9.026700998396305908e-02 1.308946962947521997e-01 1.274720999513701547e-01 1.581813739280474307e-01 1.377620470342340586e-01 1.294702244363079013e-01 6.728752340816719635e-02 5.014603901699223737e-02
-2.783748604057942333e-02 1.713994386284697913e-02 5.385222293926129888e-02 8.941297144311084744e-02 9.655482490274219787e-02 1.377620470342340586e-01 1.608040655453461809e-01 1.868002807916473162e-01 9.577236490226800902e-02 7.958230495191387366e-02
-7.679579437216196847e-02 -2.946575657317462849e-02 1.938240291816604663e-02 6.493479118540582129e-02 8.081268778803428476e-02 1.294702244363079013e-01 1.868002807916473162e-01 2.892658923147786165e-01 1.510786940331798889e-01 1.313291096371497491e-01
-9.703688136048206625e-02 -5.624941036792229648e-02 -2.169059517017395827e-02 1.436378652003149868e-02 3.636961507124156917e-02 6.728752340816719635e-02 9.577236490226800902e-02 1.510786940331798889e-01 1.148238211120673619e-01 1.518563828205202193e-01
-2.001938542080084760e-01 -1.242285338866237349e-01 -7.883794782182297622e-02 -3.436889314526090505e-02 1.046427261148006639e-02 5.014603901699223737e-02 7.958230495191387366e-02 1.313291096371497491e-01 1.518563828205202193e-01 3.005227885925990106e-01
2.037966880730590624e-01 1.567756241594024380e-01 1.298778510321881297e-01 5.937969010690884869e-02 2.993326728328164765e-02 -1.182644738024035344e-02 -4.829230539395270444e-02 -7.568167269403799913e-02 -1.178332778414509924e-01 -1.918998810821692935e-01
1.567756241594024380e-01 1.802520270693029336e-01 1.946069352088405646e-01 9.358000800891676241e-02 6.739733928617780423e-02 2.958028111083776945e-02 -7.939981508155965692e-03 -3.895878292753094524e-02 -7.464390704651208130e-02 -1.265444401396634000e-01
1.298778510321881297e-01 1.946069352088405646e-01 3.051820063420264129e-01 1.526883108987620585e-01 1.215352080300496906e-01 8.187304789660951321e-02 4.469206365373731837e-02 5.240949382539243293e-03 -3.967827162597033913e-02 -9.287856348863147982e-02
5.937969010690884869e-02 9.358000800891676241e-02 1.526883108987620585e-01 1.123963380533400946e-01 1.350304908162665019e-01 1.054330667557030754e-01 7.109007003653455836e-02 4.242341652204735525e-02 1.179673323256071743e-02 -2.719889202296908726e-02
2.993326728328164765e-02 6.739733928617780423e-02 1.215352080300496906e-01 1.350304908162665019e-01 2.343686584171598142e-01 1.999345022962206175e-01 1.349914207775210206e-01 9.373189759345743055e-02 6.055629368112493832e-02 1.816472203335471949e-02
-1.182644738024035344e-02 2.958028111083776945e-02 8.187304789660951321e-02 1.054330667557030754e-01 1.999345022962206175e-01 2.301556724201378468e-01 1.729043297605095120e-01 1.227292373747875115e-01 8.864796634714515455e-02 5.593695150321331688e-02
-4.829230539395270444e-02 -7.939981508155965692e-03 4.469206365373731837e-02 7.109007003653455836e-02 1.349914207775210206e-01 1.729043297605095120e-01 1.849488725198378813e-01 1.503092577990641221e-01 1.169977724172604622e-01 8.713448522898274706e-02
-7.568167269403799913e-02 -3.895878292753094524e-02 5.240949382539243293e-03 4.242341652204735525e-02 9.373189759345743055e-02 1.227292373747875115e-01 1.503092577990641221e-01 1.497925347267413665e-01 1.340847242563943109e-01 1.144867138545972163e-01
-1.178332778414509924e-01 -7.464390704651208130e-02 -3.967827162597033913e-02 1.179673323256071743e-02 6.055629368112493832e-02 8.864796634714515455e-02 1.169977724172604622e-01 1.340847242563943109e-01 1.550473675747606195e-01 1.649751943098397289e-01
-1.918998810821692935e-01 -1.265444401396634000e-01 -9.287856348863147982e-02 -2.719889202296908726e-02 1.816472203335471949e-02 5.593695150321331688e-02 8.713448522898274706e-02 1.144867138545972163e-01 1.649751943098397289e-01 2.440598348036356613e-01
2.200490570067242524e-01 1.916831235745946327e-01 1.267757297441818032e-01 8.419838833556542168e-02 5.066001952440168932e-02 2.212107285394014460e-03 -3.955432982630131822e-02 -8.447984772710188939e-02 -1.271668529294203154e-01 -1.595335364125042288e-01
1.916831235745946327e-01 2.369276976191766471e-01 1.732256013438444042e-01 1.212299457301336675e-01 9.036927290585655692e-02 4.814041898996308105e-02 4.508240076439164190e-03 -4.330978059737012470e-02 -8.867974134843778500e-02 -1.225979871174257135e-01
1.267757297441818032e-01 1.732256013438444042e-01 1.716049358854591089e-01 1.427596313182314391e-01 1.212449357749681988e-01 8.118189805635933620e-02 4.293872872941463525e-02 2.665806992230674959e-03 -4.631687098842064698e-02 -7.943019199579234857e-02
8.419838833556542168e-02 1.212299457301336675e-01 1.427596313182314391e-01 1.581807170814742147e-01 1.639313073869420601e-01 1.194571071230614984e-01 7.671174275374784135e-02 4.460340260676371599e-02 -3.408044193010151528e-03 -4.355801857183839304e-02
5.066001952440168932e-02 9.036927290585655692e-02 1.212449357749681988e-01 1.639313073869420601e-01 2.289398986690460158e-01 1.869420608690234575e-01 1.249269995285337831e-01 9.144845210030116966e-02 4.532513083082467115e-02 -4.478873028161040742e-03
2.212107285394014460e-03 4.814041898996308105e-02 8.118189805635933620e-02 1.194571071230614984e-01 1.869420608690234575e-01 2.103661364914261589e-01 1.618136580459775264e-01 1.297222019120735093e-01 8.600790106673221469e-02 3.920061320930785798e-02
-3.955432982630131822e-02 4.508240076439164190e-03 4.293872872941463525e-02 7.671174275374784135e-02 1.249269995285337831e-01 1.618136580459775264e-01 1.724872613534770283e-01 1.690705772456546629e-01 1.217341763389054726e-01 7.182811355114730734e-02
-8.447984772710188939e-02 -4.330978059737012470e-02 2.665806992230674959e-03 4.460340260676371599e-02 9.144845210030116966e-02 1.297222019120735093e-01 1.690705772456546629e-01 2.304253993103876075e-01 1.878039922787837213e-01 1.177738285370014126e-01
