4.885265065764017867e-01 2.496950538157824695e-01 -1.363087763972311087e-02 -6.310455457610997243e-02 3.443055118258475916e-03 4.348357457113365132e-02 3.287776465554693387e-03 -6.335262259780718996e-02 -2.504706351664385752e-04 2.518336095994826440e-01
2.496950538157824695e-01 5.330522514590081418e-01 2.543530108899206832e-01 -1.598100315550847472e-04 -6.523814461530424991e-02 -3.690974595889563899e-03 4.297983756245933595e-02 1.708747766696126552e-03 -6.247017992280397974e-02 -2.438885286943189706e-03
-1.363087763972311087e-02 2.543530108899206832e-01 4.899546640489493843e-01 2.496388920197357142e-01 8.125583795516472599e-03 -6.200587355382172067e-02 -1.081022818040956388e-02 4.279154539844806648e-02 8.239316293341960099e-03 -6.387075967943345312e-02
-6.310455457610997243e-02 -1.598100315550847472e-04 2.496388920197357142e-01 4.912122291108072525e-01 2.522348296987017569e-01 6.844554710297802436e-03 -6.331086651002218457e-02 -1.724649918612655101e-03 4.293861904138533692e-02 8.978351116098238528e-04
3.443055118258475916e-03 -6.523814461530424991e-02 8.125583795516472599e-03 2.522348296987017569e-01 4.976327473675477009e-01 2.486279018593129386e-01 1.097308808266744123e-02 -6.301297070128697442e-02 -3.702958611995032460e-03 4.358295830278975658e-02
4.348357457113365132e-02 -3.690974595889563899e-03 -6.200587355382172067e-02 6.844554710297802436e-03 2.486279018593129386e-01 4.779935943522714004e-01 2.539923665424937416e-01 -2.876186836547532828e-03 -6.418174601743517615e-02 2.491567144555710371e-03
3.287776465554693387e-03 4.297983756245933595e-02 -1.081022818040956388e-02 -6.331086651002218457e-02 1.097308808266744123e-02 2.539923665424937416e-01 5.100339765679200443e-01 2.490467959897504358e-01 -5.458954479276966441e-03 -6.219221879299079159e-02
-6.335262259780718996e-02 1.708747766696126552e-03 4.279154539844806648e-02 -1.724649918612655101e-03 -6.301297070128697442e-02 -2.876186836547532828e-03 2.490467959897504358e-01 5.078598003302707831e-01 2.517718878216589351e-01 -1.235142554108531465e-03
-2.504706351664385752e-04 -6.247017992280397974e-02 8.239316293341960099e-03 4.293861904138533692e-02 -3.702958611995032460e-03 -6.418174601743517615e-02 -5.458954479276966441e-03 2.517718878216589351e-01 4.957696428978663472e-01 2.493326235834293914e-01
2.518336095994826440e-01 -2.438885286943189706e-03 -6.387075967943345312e-02 8.978351116098238528e-04 4.358295830278975658e-02 2.491567144555710371e-03 -6.219221879299079159e-02 -1.235142554108531465e-03 2.493326235834293914e-01 5.079645872889742009e-01
4.689038126736540524e-01 2.464987579554325792e-01 8.954058183612714425e-03 -6.408831187099721383e-02 -5.129021366886346925e-03 4.487432160495924416e-02 3.571146769591096014e-04 -6.572375708524011428e-02 -5.904405476950258524e-04 2.563112019012260823e-01
2.464987579554325792e-01 4.830973761102715924e-01 2.582093588565682607e-01 -1.545043685042861957e-02 -6.537628815713644737e-02 7.144937322937538332e-03 4.315055045708481030e-02 -3.111131587390348653e-03 -6.262492233177613388e-02 1.890025607385962050e-02
8.954058183612714425e-03 2.582093588565682607e-01 5.321301788983456849e-01 2.473923488682012728e-01 -6.947774957695755042e-04 -6.185978884361097163e-02 5.118919481190447283e-03 4.351958935847797388e-02 -5.141858330352687065e-03 -6.443523529341449452e-02
-6.408831187099721383e-02 -1.545043685042861957e-02 2.473923488682012728e-01 4.979502161043737885e-01 2.534327839332194410e-01 2.297076375439375661e-03 -6.512498840503758157e-02 -5.794010458682132686e-03 4.405465472059312548e-02 -1.496482897248816845e-03
-5.129021366886346925e-03 -6.537628815713644737e-02 -6.947774957695755042e-04 2.534327839332194410e-01 4.842917445106550423e-01 2.489930252370483599e-01 -8.609375703322147758e-03 -6.311828878849692903e-02 5.171894691815723429e-03 4.271803695782377952e-02
4.487432160495924416e-02 7.144937322937538332e-03 -6.185978884361097163e-02 2.297076375439375661e-03 2.489930252370483599e-01 5.324064200345639541e-01 2.553854059745573890e-01 7.602855270354057227e-03 -6.473860035144017588e-02 2.707160126139475723e-03
3.571146769591096014e-04 4.315055045708481030e-02 5.118919481190447283e-03 -6.512498840503758157e-02 -8.609375703322147758e-03 2.553854059745573890e-01 4.706414122632511798e-01 2.486782097087753551e-01 4.151834467083998295e-04 -6.206369621488527777e-02
-6.572375708524011428e-02 -3.111131587390348653e-03 4.351958935847797388e-02 -5.794010458682132686e-03 -6.311828878849692903e-02 7.602855270354057227e-03 2.486782097087753551e-01 5.072752453106748050e-01 2.530640886150770097e-01 -1.325913809178829762e-02
-5.904405476950258524e-04 -6.262492233177613388e-02 -5.141858330352687065e-03 4.405465472059312548e-02 5.171894691815723429e-03 -6.473860035144017588e-02 4.151834467083998295e-04 2.530640886150770097e-01 5.146442734107289363e-01 2.485608742877466193e-01
2.563112019012260823e-01 1.890025607385962050e-02 -6.443523529341449452e-02 -1.496482897248816845e-03 4.271803695782377952e-02 2.707160126139475723e-03 -6.206369621488527777e-02 -1.325913809178829762e-02 2.485608742877466193e-01 5.086593206834815195e-01
5.188614331210714692e-01 2.528178538659875407e-01 6.660765009673209197e-03 -6.268117476191931159e-02 -1.104164366081058623e-03 4.210319733904595990e-02 4.007628318091582646e-04 -6.192120880757484569e-02 -5.062059318671372973e-04 2.492716174616987357e-01
2.528178538659875407e-01 4.813806107702293113e-01 2.486450141671033565e-01 7.942138619359740206e-03 -6.250900948894329290e-02 -3.115969228906001476e-03 4.286206599267619599e-02 1.702289532702837196e-03 -6.347564142871109372e-02 -3.191667676282228597e-03
6.660765009673209197e-03 2.486450141671033565e-01 4.935394878692779264e-01 2.521294835502588816e-01 -4.488501327940597196e-03 -6.290012466690889092e-02 2.629630891248075763e-03 4.229255908498603944e-02 -3.447974912428178069e-03 -6.214875323168175814e-02
-6.268117476191931159e-02 7.942138619359740206e-03 2.521294835502588816e-01 5.041503545255079377e-01 2.491919816690267020e-01 -2.630929445404742335e-03 -6.201246154527097904e-02 3.268373189021635348e-03 4.210899697234214700e-02 -2.737936523329579167e-03
-1.104164366081058623e-03 -6.250900948894329290e-02 -4.488501327940597196e-03 2.491919816690267020e-01 5.095283334937142916e-01 2.512310413218240557e-01 3.615986710106848176e-05 -6.287323364661046021e-02 3.933562102751060087e-04 4.251061265234352265e-02
4.210319733904595990e-02 -3.115969228906001476e-03 -6.290012466690889092e-02 -2.630929445404742335e-03 2.512310413218240557e-01 4.886462650597754864e-01 2.497410590436411892e-01 -3.553517598063069514e-03 -6.199539961598950211e-02 2.026504824501349292e-03
4.007628318091582646e-04 4.286206599267619599e-02 2.629630891248075763e-03 -6.201246154527097904e-02 3.615986710106848176e-05 2.497410590436411892e-01 5.168827759573084712e-01 2.514865580286388957e-01 -6.811156349279725436e-04 -6.308434634900211835e-02
-6.192120880757484569e-02 1.702289532702837196e-03 4.229255908498603944e-02 3.268373189021635348e-03 -6.287323364661046021e-02 -3.553517598063069514e-03 2.514865580286388957e-01 4.883656168275879450e-01 2.494268495359906745e-01 3.288834036501153690e-04
-5.062059318671372973e-04 -6.347564142871109372e-02 -3.447974912428178069e-03 4.210899697234214700e-02 3.933562102751060087e-04 -6.199539961598950211e-02 -6.811156349279725436e-04 2.494268495359906745e-01 5.112350895282902208e-01 2.515935521565076938e-01
2.492716174616987357e-01 -3.191667676282228597e-03 -6.214875323168175814e-02 -2.737936523329579167e-03 4.251061265234352265e-02 2.026504824501349292e-03 -6.308434634900211835e-02 3.288834036501153690e-04 2.515935521565076938e-01 4.874100328472345534e-01
4.763105497343712580e-01 2.475134960796636918e-01 2.670225015437154188e-03 -6.157053812946101934e-02 -2.136556029114069621e-03 4.243980596263187410e-02 5.740497335596977078e-03 -6.346780456880145305e-02 -1.395599828073221423e-02 2.570092884690857726e-01
2.475134960796636918e-01 5.055183122609838708e-01 2.528922819710227032e-01 -2.756795910002981641e-03 -6.401761540981920628e-02 -1.433979079127037761e-03 4.310767019814562562e-02 3.341420936911623264e-03 -6.257611481013339305e-02 5.372992887977509277e-03
2.670225015437154188e-03 2.528922819710227032e-01 5.001214441721648640e-01 2.484004460647420975e-01 1.601216275134862083e-03 -6.161019583095202895e-02 -4.353541638649831638e-03 4.209591334219996150e-02 6.724609178837361034e-03 -6.511313560304442249e-02
-6.157053812946101934e-02 -2.756795910002981641e-03 2.484004460647420975e-01 5.014727074780741534e-01 2.525603390503596835e-01 5.121650597645292791e-03 -6.335263092749943148e-02 -4.884452650751996625e-03 4.308408037173195454e-02 -1.636715092893345318e-03
-2.136556029114069621e-03 -6.401761540981920628e-02 1.601216275134862083e-03 2.525603390503596835e-01 4.915627005150057238e-01 2.482007269922425763e-01 5.703475259123404542e-03 -6.154017044267508230e-02 -5.613004616178707447e-03 4.409369530232419565e-02
4.243980596263187410e-02 -1.433979079127037761e-03 -6.161019583095202895e-02 5.121650597645292791e-03 2.482007269922425763e-01 4.941651962317536451e-01 2.527708137952352496e-01 4.422623903409104995e-03 -6.498435804356467171e-02 4.206100101057033344e-03
5.740497335596977078e-03 4.310767019814562562e-02 -4.353541638649831638e-03 -6.335263092749943148e-02 5.703475259123404542e-03 2.527708137952352496e-01 4.968068246329012672e-01 2.480892243598500635e-01 3.838275292398008083e-03 -6.289980146999073207e-02
-6.346780456880145305e-02 3.341420936911623264e-03 4.209591334219996150e-02 -4.884452650751996625e-03 -6.154017044267508230e-02 4.422623903409104995e-03 2.480892243598500635e-01 4.909549709318727362e-01 2.554545361647049817e-01 -1.171089770004669038e-02
-1.395599828073221423e-02 -6.257611481013339305e-02 6.724609178837361034e-03 4.308408037173195454e-02 -5.613004616178707447e-03 -6.498435804356467171e-02 3.838275292398008083e-03 2.554545361647049817e-01 5.125716079365985056e-01 2.464034326429677124e-01
2.570092884690857726e-01 5.372992887977509277e-03 -6.511313560304442249e-02 -1.636715092893345318e-03 4.409369530232419565e-02 4.206100101057033344e-03 -6.289980146999073207e-02 -1.171089770004669038e-02 2.464034326429677124e-01 5.305156861062817475e-01
5.296711727787992707e-01 2.602317332679133233e-01 2.279944670092801454e-02 -6.521812222076522891e-02 -6.726806789511641065e-03 4.300937979942734413e-02 5.854307900789045352e-03 -6.172606661152623547e-02 -1.504884005232205724e-02 2.480170911758171892e-01
2.602317332679133233e-01 4.439069846164143129e-01 2.492206379807068439e-01 3.791141967401922934e-03 -6.326980111290569919e-02 -3.011420027350124231e-03 4.399165723330945160e-02 6.735326345259457989e-03 -6.634709746086724091e-02 -4.409936878021481627e-03
2.279944670092801454e-02 2.492206379807068439e-01 5.089939666810862073e-01 2.532687267271487852e-01 -1.076823502640148270e-02 -6.417755670812769209e-02 6.430823819572545688e-03 4.431292923528114269e-02 -5.192429180447084500e-03 -6.474206434683232869e-02
-6.521812222076522891e-02 3.791141967401922934e-03 2.532687267271487852e-01 5.155377107359678801e-01 2.494497827506503285e-01 1.558907229742020548e-03 -6.248899637369480925e-02 -4.348823444151151546e-03 4.321398290261615344e-02 1.157055744377003762e-03
-6.726806789511641065e-03 -6.326980111290569919e-02 -1.076823502640148270e-02 2.494497827506503285e-01 4.924590687488386576e-01 2.517183666866025793e-01 -3.059065772130851579e-04 -6.348262329950118965e-02 -1.199764623004526522e-03 4.394465777388709138e-02
4.300937979942734413e-02 -3.011420027350124231e-03 -6.417755670812769209e-02 1.558907229742020548e-03 2.517183666866025793e-01 5.039232023821760276e-01 2.494696112732024962e-01 5.188147190005069562e-03 -6.249364418710096764e-02 3.152391093795428936e-04
5.854307900789045352e-03 4.399165723330945160e-02 6.430823819572545688e-03 -6.248899637369480925e-02 -3.059065772130851579e-04 2.494696112732024962e-01 4.943818808746921478e-01 2.514734539210275455e-01 3.692430176782388225e-03 -6.439115379952473073e-02
-6.172606661152623547e-02 6.735326345259457989e-03 4.431292923528114269e-02 -4.348823444151151546e-03 -6.348262329950118965e-02 5.188147190005069562e-03 2.514734539210275455e-01 4.889594202052361394e-01 2.503986300529708053e-01 -6.187334975898477543e-03
-1.504884005232205724e-02 -6.634709746086724091e-02 -5.192429180447084500e-03 4.321398290261615344e-02 -1.199764623004526522e-03 -6.249364418710096764e-02 3.692430176782388225e-03 2.503986300529708053e-01 5.151174880143041257e-01 2.526799965783325108e-01
2.480170911758171892e-01 -4.409936878021481627e-03 -6.474206434683232869e-02 1.157055744377003762e-03 4.394465777388709138e-02 3.152391093795428936e-04 -6.439115379952473073e-02 -6.187334975898477543e-03 2.526799965783325108e-01 5.070491049624907820e-01
4.765401210462936188e-01 2.505276789382611113e-01 -3.485957121723598680e-03 -6.223336539572604104e-02 4.188837616341809997e-03 4.233069677436172851e-02 -1.311917250098860576e-03 -6.274548888511063960e-02 -4.929352717011016224e-03 2.519846459608040545e-01
2.505276789382611113e-01 5.188528422092690828e-01 2.510827753139791008e-01 -1.806313012989598909e-03 -6.286611756036745990e-02 -1.033757090053905254e-03 4.233500119671858991e-02 -7.812500891854637450e-04 -6.245060727046956861e-02 6.663023471490543345e-03
-3.485957121723598680e-03 2.510827753139791008e-01 4.911158089353231393e-01 2.496052261152885976e-01 -3.011007592731314991e-03 -6.209206123219036810e-02 -9.372562318903526497e-04 4.230214811827102961e-02 5.068577302509938431e-03 -6.333421106294069569e-02
-6.223336539572604104e-02 -1.806313012989598909e-03 2.496052261152885976e-01 5.112148289077269592e-01 2.514087901895699084e-01 3.149741022580155800e-03 -6.263578935890962152e-02 1.066862331302216582e-04 4.238430325129700915e-02 -3.241238637575687143e-03
4.188837616341809997e-03 -6.286611756036745990e-02 -3.011007592731314991e-03 2.514087901895699084e-01 4.945228100064767984e-01 2.492036801951071356e-01 4.415454508062629374e-03 -6.213734916673942926e-02 -6.811512580760552965e-03 4.287067470435878408e-02
4.233069677436172851e-02 -1.033757090053905254e-03 -6.209206123219036810e-02 3.149741022580155800e-03 2.492036801951071356e-01 4.880447880706417774e-01 2.516120907083138070e-01 -2.434850230299561227e-03 -6.352560067930657084e-02 4.737483669290470933e-03
-1.311917250098860576e-03 4.233500119671858991e-02 -9.372562318903526497e-04 -6.263578935890962152e-02 4.415454508062629374e-03 2.516120907083138070e-01 5.162199773134054093e-01 2.497543923082990169e-01 6.855848993092479235e-03 -6.242081921808643324e-02
-6.274548888511063960e-02 -7.812500891854637450e-04 4.230214811827102961e-02 1.066862331302216582e-04 -6.213734916673942926e-02 -2.434850230299561227e-03 2.497543923082990169e-01 4.780953075316994871e-01 2.524466652170266334e-01 -5.300623280949811125e-03
-4.929352717011016224e-03 -6.245060727046956861e-02 5.068577302509938431e-03 4.238430325129700915e-02 -6.811512580760552965e-03 -6.352560067930657084e-02 6.855848993092479235e-03 2.524466652170266334e-01 5.123038149405059194e-01 2.488399626593983116e-01
2.519846459608040545e-01 6.663023471490543345e-03 -6.333421106294069569e-02 -3.241238637575687143e-03 4.287067470435878408e-02 4.737483669290470933e-03 -6.242081921808643324e-02 -5.300623280949811125e-03 2.488399626593983116e-01 5.130897010386648027e-01
5.061407993422285534e-01 2.501811491328488901e-01 4.276145008011560458e-03 -6.553666572326644069e-02 9.255819129599461570e-03 4.333982855363539138e-02 -5.433794336374565825e-03 -6.383355970863732742e-02 6.903701594183911210e-03 2.534442448114254676e-01
2.501811491328488901e-01 4.932699420859043560e-01 2.534087192419970935e-01 -6.852871910595728124e-03 -6.363230601988502377e-02 8.141995044680624613e-03 4.407502863429101081e-02 -7.996672707513530209e-03 -6.528137568606214025e-02 -4.002552142462081561e-03
4.276145008011560458e-03 2.534087192419970935e-01 4.996357844070201115e-01 2.513250160430332003e-01 -2.065685798207851642e-02 -6.304677655338661313e-02 8.166653060026193497e-03 4.376680560735866227e-02 -6.517124832735458721e-03 -6.597526488258434463e-02
-6.553666572326644069e-02 -6.852871910595728124e-03 2.513250160430332003e-01 5.385875722955368872e-01 2.527343456446335401e-01 -7.992232048301821032e-03 -6.715629146251664294e-02 4.199562435158185961e-03 4.875951207914296093e-02 6.461952992282127967e-03
9.255819129599461570e-03 -6.363230601988502377e-02 -2.065685798207851642e-02 2.527343456446335401e-01 5.004643438291467294e-01 2.526108315079824695e-01 6.998445668556039362e-03 -6.475279736126116070e-02 -5.628222032548216291e-03 4.362860791416310613e-02
4.333982855363539138e-02 8.141995044680624613e-03 -6.304677655338661313e-02 -7.992232048301821032e-03 2.526108315079824695e-01 4.935373290647742106e-01 2.519099998708678179e-01 4.475940999657681369e-04 -6.572108858855854607e-02 -1.064225087108853010e-02
-5.433794336374565825e-03 4.407502863429101081e-02 8.166653060026193497e-03 -6.715629146251664294e-02 6.998445668556039362e-03 2.519099998708678179e-01 4.936788974623005921e-01 2.506481932570479576e-01 3.282373771678289733e-03 -6.334383782342724312e-02
-6.383355970863732742e-02 -7.996672707513530209e-03 4.376680560735866227e-02 4.199562435158185961e-03 -6.475279736126116070e-02 4.475940999657681369e-04 2.506481932570479576e-01 5.120854467363631368e-01 2.538059536007954975e-01 1.779509931975491177e-02
6.903701594183911210e-03 -6.528137568606214025e-02 -6.517124832735458721e-03 4.875951207914296093e-02 -5.628222032548216291e-03 -6.572108858855854607e-02 3.282373771678289733e-03 2.538059536007954975e-01 4.617800025570938383e-01 2.507058744564752972e-01
2.534442448114254676e-01 -4.002552142462081561e-03 -6.597526488258434463e-02 6.461952992282127967e-03 4.362860791416310613e-02 -1.064225087108853010e-02 -6.334383782342724312e-02 1.779509931975491177e-02 2.507058744564752972e-01 5.008198822196303635e-01
5.156961310649555985e-01 2.509916886339100262e-01 -3.766658011038416694e-03 -6.294928190684276337e-02 9.694181353368118469e-04 4.271476887344506645e-02 -2.132054924259288008e-03 -6.285478182474456277e-02 -3.674620672595254635e-03 2.496349179082263114e-01
2.509916886339100262e-01 5.009385169333893106e-01 2.498126083814637410e-01 1.677857993014387778e-03 -6.204159149849289290e-02 -3.336411026605788383e-03 4.217069998980985807e-02 8.503705466035224592e-05 -6.288302712881141399e-02 -9.321517409420851039e-03
-3.766658011038416694e-03 2.498126083814637410e-01 4.990026156324154361e-01 2.508756930682066733e-01 2.337940102491611709e-03 -6.252392482994367784e-02 -3.734460302130930293e-04 4.246858824762035634e-02 4.202491209020792901e-03 -6.170553340192782427e-02
-6.294928190684276337e-02 1.677857993014387778e-03 2.508756930682066733e-01 4.963784365590476200e-01 2.494426821112929737e-01 4.419148372989429620e-03 -6.192965999939192140e-02 1.124629237791726884e-03 4.227488059246081731e-02 4.034513429472487075e-03
9.694181353368118469e-04 -6.204159149849289290e-02 2.337940102491611709e-03 2.494426821112929737e-01 4.960714510917716424e-01 2.510521948571535766e-01 -1.783723883087748622e-03 -6.294513054573365463e-02 -3.143180180248836449e-03 4.198724353686315858e-02
4.271476887344506645e-02 -3.336411026605788383e-03 -6.252392482994367784e-02 4.419148372989429620e-03 2.510521948571535766e-01 4.965424571477885518e-01 2.492139750078690152e-01 -6.567991222750797428e-03 -6.238706446272423295e-02 -1.446359734300872420e-03
-2.132054924259288008e-03 4.217069998980985807e-02 -3.734460302130930293e-04 -6.192965999939192140e-02 -1.783723883087748622e-03 2.492139750078690152e-01 5.195561496108467292e-01 2.528135082509012088e-01 7.284793402030470891e-03 -6.258730661122335892e-02
-6.285478182474456277e-02 8.503705466035224592e-05 4.246858824762035634e-02 1.124629237791726884e-03 -6.294513054573365463e-02 -6.567991222750797428e-03 2.528135082509012088e-01 4.825456345364364519e-01 2.485928243869351961e-01 9.339787305467674161e-03
-3.674620672595254635e-03 -6.288302712881141399e-02 4.202491209020792901e-03 4.227488059246081731e-02 -3.143180180248836449e-03 -6.238706446272423295e-02 7.284793402030470891e-03 2.485928243869351961e-01 4.899257044586188825e-01 2.524163898880455448e-01
2.496349179082263114e-01 -9.321517409420851039e-03 -6.170553340192782427e-02 4.034513429472487075e-03 4.198724353686315858e-02 -1.446359734300872420e-03 -6.258730661122335892e-02 9.339787305467674161e-03 2.524163898880455448e-01 5.033429029647329411e-01
5.059518295100818852e-01 2.531001632087505615e-01 9.384608717284637081e-03 -6.455076675013965426e-02 -3.306035238099827751e-03 4.465397785391003738e-02 9.472178161275027555e-03 -6.349661617685070647e-02 2.502234457520263744e-03 2.489264024774005546e-01
2.531001632087505615e-01 4.866254671356083916e-01 2.491912493017344743e-01 -2.250619845495092052e-03 -6.263735202580071604e-02 1.242551263023381012e-03 4.398697365641874441e-02 2.889290125605309227e-03 -6.472561966885444218e-02 -5.838792198728008642e-03
9.384608717284637081e-03 2.491912493017344743e-01 4.976531662750389717e-01 2.524356934196245739e-01 -5.056019605947592588e-03 -6.483020028332747708e-02 -2.895727666435205915e-03 4.476317805358732971e-02 -7.162314519002001452e-03 -6.332356376543264720e-02
-6.455076675013965426e-02 -2.250619845495092052e-03 2.524356934196245739e-01 5.201902447713975253e-01 2.500535406857772314e-01 8.697684453323794099e-04 -6.307449703972604904e-02 -5.647946980758589836e-03 4.503301072070066413e-02 5.459970940017207924e-03
-3.306035238099827751e-03 -6.263735202580071604e-02 -5.056019605947592588e-03 2.500535406857772314e-01 4.813096817757532841e-01 2.539770593406833754e-01 1.105233345688813595e-02 -6.702450175525277720e-02 5.765527241458864513e-03 4.436355961053947694e-02
4.465397785391003738e-02 1.242551263023381012e-03 -6.483020028332747708e-02 8.697684453323794099e-04 2.539770593406833754e-01 5.117878345312825150e-01 2.481583596268492065e-01 7.231794656862180690e-03 -6.597913674660312033e-02 -5.830043068792656498e-03
9.472178161275027555e-03 4.398697365641874441e-02 -2.895727666435205915e-03 -6.307449703972604904e-02 1.105233345688813595e-02 2.481583596268492065e-01 4.505041677002616929e-01 2.624425728973710514e-01 -1.853909637449205339e-02 -6.792342770445497502e-02
-6.349661617685070647e-02 2.889290125605309227e-03 4.476317805358732971e-02 -5.647946980758589836e-03 -6.702450175525277720e-02 7.231794656862180690e-03 2.624425728973710514e-01 5.682587315733846900e-01 2.516239405998582646e-01 2.945870369798833655e-05
2.502234457520263744e-03 -6.472561966885444218e-02 -7.162314519002001452e-03 4.503301072070066413e-02 5.765527241458864513e-03 -6.597913674660312033e-02 -1.853909637449205339e-02 2.516239405998582646e-01 4.662801798805909503e-01 2.537694858720129787e-01
2.489264024774005546e-01 -5.838792198728008642e-03 -6.332356376543264720e-02 5.459970940017207924e-03 4.436355961053947694e-02 -5.830043068792656498e-03 -6.792342770445497502e-02 2.945870369798833655e-05 2.537694858720129787e-01 5.114386968465853833e-01
5.286955641962256536e-01 2.520681889996598812e-01 6.891461389364357797e-04 -6.449960010219221718e-02 5.566650511333934639e-03 4.350681841049140047e-02 -1.175671516290366023e-03 -6.342894291203315937e-02 1.159498738412369917e-02 2.519832243823019735e-01
2.520681889996598812e-01 5.039835365410214596e-01 2.497799305240510082e-01 1.560393294021598064e-02 -6.476038364542406611e-02 -8.655671696391611242e-03 4.346456031857462432e-02 8.381800318569162384e-03 -6.557311986974684315e-02 -1.108580580140686687e-02
6.891461389364357797e-04 2.497799305240510082e-01 4.573990768640445737e-01 2.568762992890925023e-01 -1.002785618455392935e-02 -6.473523705845288245e-02 1.541638082953720838e-03 4.409950593462816371e-02 -6.971527500482523412e-03 -6.303349640505381823e-02
-6.449960010219221718e-02 1.560393294021598064e-02 2.568762992890925023e-01 5.375708040099831386e-01 2.493829771698325148e-01 -1.415859940184499696e-03 -6.244956228210277183e-02 2.889395492427177599e-04 4.308117648999075511e-02 -2.415181077506772453e-03
5.566650511333934639e-03 -6.476038364542406611e-02 -1.002785618455392935e-02 2.493829771698325148e-01 4.896831581703549596e-01 2.519375777087541346e-01 8.507632104251072400e-03 -6.397276291093273448e-02 1.284079748344539584e-03 4.341392375342223442e-02
4.350681841049140047e-02 -8.655671696391611242e-03 -6.473523705845288245e-02 -1.415859940184499696e-03 2.519375777087541346e-01 4.922462477346393195e-01 2.495630411816377459e-01 -1.477212900482575920e-04 -6.256420186222301505e-02 2.218143976183740290e-03
-1.175671516290366023e-03 4.346456031857462432e-02 1.541638082953720838e-03 -6.244956228210277183e-02 8.507632104251072400e-03 2.495630411816377459e-01 4.970468140889769959e-01 2.523672450521037280e-01 -1.085140773483641262e-02 -6.354780406845442209e-02
-6.342894291203315937e-02 8.381800318569162384e-03 4.409950593462816371e-02 2.889395492427177599e-04 -6.397276291093273448e-02 -1.477212900482575920e-04 2.523672450521037280e-01 5.148646458246955993e-01 2.491059043666644379e-01 -2.685648906386820314e-03
1.159498738412369917e-02 -6.557311986974684315e-02 -6.971527500482523412e-03 4.308117648999075511e-02 1.284079748344539584e-03 -6.256420186222301505e-02 -1.085140773483641262e-02 2.491059043666644379e-01 5.125677026208719234e-01 2.530738328649219659e-01
2.519832243823019735e-01 -1.108580580140686687e-02 -6.303349640505381823e-02 -2.415181077506772453e-03 4.341392375342223442e-02 2.218143976183740290e-03 -6.354780406845442209e-02 -2.685648906386820314e-03 2.530738328649219659e-01 4.659424499491903182e-01
4.994036119742815139e-01 2.505378005497487237e-01 1.847412228956207825e-03 -6.316025462876079244e-02 -3.543578918353150389e-03 4.290720706868960538e-02 1.009282904330251543e-02 -6.356938470476956871e-02 -8.610917479348050019e-03 2.512671715882786039e-01
2.505378005497487237e-01 4.993236264664239199e-01 2.513557270062471427e-01 5.343094091039739604e-04 -6.378964124246710998e-02 -5.845833681596539558e-03 4.223380485001060336e-02 2.450950150010461001e-03 -6.240622809957128980e-02 -5.143516931389374366e-03
1.847412228956207825e-03 2.513557270062471427e-01 4.986890195970269946e-01 2.500322575412101123e-01 4.066201705266883279e-03 -6.211197982539005957e-02 -8.978127802446198708e-03 4.361454107742238073e-02 4.156267525831168486e-03 -6.406066130249522816e-02
-6.316025462876079244e-02 5.343094091039739604e-04 2.500322575412101123e-01 4.979852638758713868e-01 2.518660313903963166e-01 1.055720578570889037e-02 -6.309492499200555771e-02 -2.438627639223803732e-03 4.292308324224354543e-02 2.476157048175316264e-03
-3.543578918353150389e-03 -6.378964124246710998e-02 4.066201705266883279e-03 2.518660313903963166e-01 4.873964886547753617e-01 2.488211093183949063e-01 1.157100608567896219e-02 -6.468482478225130727e-02 -1.390873042145236022e-03 4.468471594892317600e-02
4.290720706868960538e-02 -5.845833681596539558e-03 -6.211197982539005957e-02 1.055720578570889037e-02 2.488211093183949063e-01 4.819602810882115396e-01 2.547092935395429691e-01 -6.099478917717388385e-03 -6.408177367611769815e-02 3.001186019483952083e-03
1.009282904330251543e-02 4.223380485001060336e-02 -8.978127802446198708e-03 -6.309492499200555771e-02 1.157100608567896219e-02 2.547092935395429691e-01 5.086164362136831318e-01 2.496699447105530378e-01 -9.021930867943254648e-03 -6.309567536491522688e-02
-6.356938470476956871e-02 2.450950150010461001e-03 4.361454107742238073e-02 -2.438627639223803732e-03 -6.468482478225130727e-02 -6.099478917717388385e-03 2.496699447105530378e-01 5.202317253350263737e-01 2.519446709069620427e-01 3.200102797239774005e-04
-8.610917479348050019e-03 -6.240622809957128980e-02 4.156267525831168486e-03 4.292308324224354543e-02 -1.390873042145236022e-03 -6.408177367611769815e-02 -9.021930867943254648e-03 2.519446709069620427e-01 4.834246278931190188e-01 2.507939997358906714e-01
2.512671715882786039e-01 -5.143516931389374366e-03 -6.406066130249522816e-02 2.476157048175316264e-03 4.468471594892317600e-02 3.001186019483952083e-03 -6.309567536491522688e-02 3.200102797239774005e-04 2.507939997358906714e-01 5.229689189015802597e-01
5.170308615680277997e-01 2.482522727586767564e-01 -4.950004224546018100e-03 -6.132869624523053231e-02 4.753529801475630048e-03 4.248218244009794448e-02 -1.309276410467517674e-03 -6.336087005690371754e-02 7.713877694821656868e-03 2.545919363406732305e-01
2.482522727586767564e-01 4.982923177999557529e-01 2.522969387015329135e-01 -7.941786647571480104e-03 -6.337813781659372425e-02 1.903293163495667004e-03 4.293795028649526058e-02 -1.428830489520177939e-03 -6.280347968485947008e-02 -6.609270379852890884e-03
-4.950004224546018100e-03 2.522969387015329135e-01 5.126899829792627150e-01 2.486809058678241258e-01 -4.331147816714604401e-03 -6.255561660051449369e-02 -1.106925461794812165e-03 4.262990527147248604e-02 -1.762618667642766243e-03 -6.407352123475121286e-02
-6.132869624523053231e-02 -7.941786647571480104e-03 2.486809058678241258e-01 5.067976731740648777e-01 2.529961811937188054e-01 4.836959963523551793e-03 -6.337187916753944661e-02 -3.214674229091039372e-03 4.313761376142669079e-02 8.382521237473272366e-03
4.753529801475630048e-03 -6.337813781659372425e-02 -4.331147816714604401e-03 2.529961811937188054e-01 4.902773207304224057e-01 2.486916153246605254e-01 6.635756687335791180e-03 -6.165911629788059511e-02 -5.322693268087507791e-04 4.219633175381924672e-02
4.248218244009794448e-02 1.903293163495667004e-03 -6.255561660051449369e-02 4.836959963523551793e-03 2.486916153246605254e-01 4.949376055033655186e-01 2.518429318684638485e-01 3.604437587857239281e-04 -6.362208442239888906e-02 -5.732606591057764697e-03
-1.309276410467517674e-03 4.293795028649526058e-02 -1.106925461794812165e-03 -6.337187916753944661e-02 6.635756687335791180e-03 2.518429318684638485e-01 4.938390945743677540e-01 2.487826484078898004e-01 -5.295615003638183549e-03 -6.216937065305271765e-02
-6.336087005690371754e-02 -1.428830489520177939e-03 4.262990527147248604e-02 -3.214674229091039372e-03 -6.165911629788059511e-02 3.604437587857239281e-04 2.487826484078898004e-01 5.180051778713385957e-01 2.534349325244503737e-01 9.440213972954690155e-03
7.713877694821656868e-03 -6.280347968485947008e-02 -1.762618667642766243e-03 4.313761376142669079e-02 -5.322693268087507791e-04 -6.362208442239888906e-02 -5.295615003638183549e-03 2.534349325244503737e-01 4.814330743537058588e-01 2.477412693442403724e-01
2.545919363406732305e-01 -6.609270379852890884e-03 -6.407352123475121286e-02 8.382521237473272366e-03 4.219633175381924672e-02 -5.732606591057764697e-03 -6.216937065305271765e-02 9.440213972954690155e-03 2.477412693442403724e-01 4.866968914454916639e-01
5.305668714005535858e-01 2.511555206454176847e-01 -2.062220917276980092e-03 -6.392838210133960919e-02 1.319775741526175127e-03 4.428438750195812929e-02 3.402372101081274722e-04 -6.417212002501529455e-02 -1.390328823352980983e-03 2.521257701432872422e-01
2.511555206454176847e-01 4.999497412704112520e-01 2.521291220811887612e-01 6.764446718700096312e-03 -6.407653633323209807e-02 -4.639325989202101874e-03 4.420157432828010491e-02 1.331150701184266941e-02 -6.328782195991991544e-02 -1.539577134230699258e-02
-2.062220917276980092e-03 2.521291220811887612e-01 4.825443831402216333e-01 2.503487171168571335e-01 -3.151625918700723915e-04 -6.312806248285302013e-02 -1.084988660120869046e-03 4.312034858518104530e-02 1.276537488956016632e-03 -6.366545912564387788e-02
-6.392838210133960919e-02 6.764446718700096312e-03 2.503487171168571335e-01 5.136075765065287735e-01 2.516928093199184424e-01 7.414831205766352941e-04 -6.404364020126665502e-02 -9.940657108197159877e-03 4.345179682210904837e-02 5.389007552824601546e-03
1.319775741526175127e-03 -6.407653633323209807e-02 -3.151625918700723915e-04 2.516928093199184424e-01 4.856419158347657916e-01 2.506625943893250330e-01 3.557414270854646933e-03 -6.344554222662525389e-02 -1.451225243873994347e-03 4.356525911970737797e-02
4.428438750195812929e-02 -4.639325989202101874e-03 -6.312806248285302013e-02 7.414831205766352941e-04 2.506625943893250330e-01 5.144058827635678011e-01 2.517033041140366856e-01 1.555385233024704147e-02 -6.420810500313091362e-02 -4.664876460253380638e-03
3.402372101081274722e-04 4.420157432828010491e-02 -1.084988660120869046e-03 -6.404364020126665502e-02 3.557414270854646933e-03 2.517033041140366856e-01 4.622966433694547517e-01 2.532913742025688086e-01 8.721543598824623572e-05 -6.472264440473357583e-02
-6.417212002501529455e-02 1.331150701184266941e-02 4.312034858518104530e-02 -9.940657108197159877e-03 -6.344554222662525389e-02 1.555385233024704147e-02 2.532913742025688086e-01 5.098975853815196357e-01 2.513643553979275080e-01 -7.362129056829175289e-03
-1.390328823352980983e-03 -6.328782195991991544e-02 1.276537488956016632e-03 4.345179682210904837e-02 -1.451225243873994347e-03 -6.420810500313091362e-02 8.721543598824623572e-05 2.513643553979275080e-01 5.125635116151150417e-01 2.507008769067204934e-01
2.521257701432872422e-01 -1.539577134230699258e-02 -6.366545912564387788e-02 5.389007552824601546e-03 4.356525911970737797e-02 -4.664876460253380638e-03 -6.472264440473357583e-02 -7.362129056829175289e-03 2.507008769067204934e-01 4.885258887178648979e-01
4.982158442162697431e-01 2.513426584657675877e-01 4.303374278400948563e-03 -6.312304119100786703e-02 -1.166508376622525395e-03 4.318642667789069495e-02 6.197753761873123907e-03 -6.365284953975959559e-02 -6.312208786752071185e-03 2.494225099351423669e-01
2.513426584657675877e-01 4.969161871957456511e-01 2.501820134965394571e-01 -5.026662968932140568e-03 -6.306732532424505488e-02 -9.067208868596648812e-04 4.284691862218963782e-02 -8.601682118346729803e-04 -6.337407095929441236e-02 -6.382827460357427297e-03
4.303374278400948563e-03 2.501820134965394571e-01 5.012010786594218725e-01 2.503002769935150362e-01 -2.948010392203926494e-03 -6.326123705176094070e-02 -3.011291158742418657e-03 4.321834084823303335e-02 1.201058443476804832e-03 -6.286164646002939671e-02
-6.312304119100786703e-02 -5.026662968932140568e-03 2.503002769935150362e-01 5.153617956636180608e-01 2.521236899787054342e-01 7.430001626459968415e-03 -6.259119791847220227e-02 -2.981920234426436046e-03 4.275900005134030540e-02 6.550097812288439153e-03
-1.166508376622525395e-03 -6.306732532424505488e-02 -2.948010392203926494e-03 2.521236899787054342e-01 4.774874653788705459e-01 2.504474095358538710e-01 8.007602359798027258e-03 -6.375139401533067018e-02 -1.755613333693918903e-03 4.363109608059628775e-02
4.318642667789069495e-02 -9.067208868596648812e-04 -6.326123705176094070e-02 7.430001626459968415e-03 2.504474095358538710e-01 5.021569708598542237e-01 2.504937755083341822e-01 -2.529161747583487992e-03 -6.294796436384622607e-02 -3.323585575146155088e-03
6.197753761873123907e-03 4.284691862218963782e-02 -3.011291158742418657e-03 -6.259119791847220227e-02 8.007602359798027258e-03 2.504937755083341822e-01 4.885014170964501190e-01 2.519254862428058073e-01 -4.050295296309989329e-03 -6.488384226102142383e-02
-6.365284953975959559e-02 -8.601682118346729803e-04 4.321834084823303335e-02 -2.981920234426436046e-03 -6.375139401533067018e-02 -2.529161747583487992e-03 2.519254862428058073e-01 5.286163095730750383e-01 2.513617179330385198e-01 7.713569351252006628e-03
-6.312208786752071185e-03 -6.337407095929441236e-02 1.201058443476804832e-03 4.275900005134030540e-02 -1.755613333693918903e-03 -6.294796436384622607e-02 -4.050295296309989329e-03 2.513617179330385198e-01 4.626077185536917602e-01 2.544143782060977466e-01
2.494225099351423669e-01 -6.382827460357427297e-03 -6.286164646002939671e-02 6.550097812288439153e-03 4.363109608059628775e-02 -3.323585575146155088e-03 -6.488384226102142383e-02 7.713569351252006628e-03 2.544143782060977466e-01 5.289352128029977118e-01
5.000763588044641050e-01 2.516778364581554461e-01 -2.439162561259270758e-03 -6.369673304646519818e-02 -4.421489148369758121e-03 4.264168892681435841e-02 2.085122621161075718e-05 -6.246988049488734485e-02 -6.446835055458935773e-03 2.489820351056158954e-01
2.516778364581554461e-01 4.915774796106344713e-01 2.491393467746531587e-01 -7.721901589232350177e-03 -6.332556732140177946e-02 5.021394221794581170e-03 4.249171547075022287e-02 -3.140242813175812830e-03 -6.324691266313262061e-02 4.055892067321544350e-04
-2.439162561259270758e-03 2.491393467746531587e-01 5.307141840635554164e-01 2.547641219951674030e-01 9.801979693841965380e-03 -6.384312009292963941e-02 -1.488288757194265776e-03 4.307829861854144127e-02 4.820156170983126015e-03 -6.192221674435277601e-02
-6.369673304646519818e-02 -7.721901589232350177e-03 2.547641219951674030e-01 4.655915148535441084e-01 2.499583593928568770e-01 -3.867431913897889390e-04 -6.213989613320570343e-02 -9.869911040941443253e-04 4.227239194174652048e-02 4.248755276633400108e-03
-4.421489148369758121e-03 -6.332556732140177946e-02 9.801979693841965380e-03 2.499583593928568770e-01 5.127301687671428354e-01 2.511017603031122647e-01 -7.659992128201723559e-03 -6.333776196910623213e-02 2.811177827178760807e-04 4.285154507206481722e-02
4.264168892681435841e-02 5.021394221794581170e-03 -6.384312009292963941e-02 -3.867431913897889390e-04 2.511017603031122647e-01 5.069285358258166507e-01 2.499043518279812082e-01 2.465974558497358287e-03 -6.197576579173756650e-02 -4.454628022532958545e-03
2.085122621161075718e-05 4.249171547075022287e-02 -1.488288757194265776e-03 -6.213989613320570343e-02 -7.659992128201723559e-03 2.499043518279812082e-01 4.983360571501373459e-01 2.513138575051209189e-01 7.437825172396639838e-03 -6.281634463571653115e-02
-6.246988049488734485e-02 -3.140242813175812830e-03 4.307829861854144127e-02 -9.869911040941443253e-04 -6.333776196910623213e-02 2.465974558497358287e-03 2.513138575051209189e-01 4.897484516800333365e-01 2.490900782702094030e-01 4.627359633675246983e-03
-6.446835055458935773e-03 -6.324691266313262061e-02 4.820156170983126015e-03 4.227239194174652048e-02 2.811177827178760807e-04 -6.197576579173756650e-02 7.437825172396639838e-03 2.490900782702094030e-01 4.916001856590394015e-01 2.523136908343011076e-01
2.489820351056158954e-01 4.055892067321544350e-04 -6.192221674435277601e-02 4.248755276633400108e-03 4.285154507206481722e-02 -4.454628022532958545e-03 -6.281634463571653115e-02 4.627359633675246983e-03 2.523136908343011076e-01 5.126970635856293868e-01
5.058306445246858463e-01 2.494248272134746980e-01 -5.725071336954061854e-03 -6.206728822228503584e-02 4.343498526277866228e-05 4.197436517643512999e-02 -9.899235937739167285e-04 -6.232111279673819421e-02 5.871963789384491809e-03 2.507839633128060575e-01
2.494248272134746980e-01 5.094029611001281710e-01 2.511202109017530715e-01 4.109508054217649031e-03 -6.220624073884475913e-02 -2.285030425596488567e-04 4.182864787924210626e-02 2.111686760030367840e-03 -6.201720863719068638e-02 -2.321724906342711222e-03
-5.725071336954061854e-03 2.511202109017530715e-01 4.936519632979221028e-01 2.493133834735081489e-01 5.423174973101331509e-03 -6.201239909720595439e-02 -1.967447361914905803e-03 4.191049815772266568e-02 -1.388464786942714829e-04 -6.223199334659650084e-02
-6.206728822228503584e-02 4.109508054217649031e-03 2.493133834735081489e-01 4.896489200955662091e-01 2.510871020856269009e-01 -3.811957209793215284e-03 -6.223201196810005525e-02 4.893770892629828971e-05 4.196400001839297594e-02 -8.271510715869001811e-04
4.343498526277866228e-05 -6.220624073884475913e-02 5.423174973101331509e-03 2.510871020856269009e-01 5.089339266191348354e-01 2.495202972868307001e-01 -1.573844028804143990e-03 -6.191736425862385401e-02 2.958477280422457112e-03 4.183293611771548431e-02
4.197436517643512999e-02 -2.285030425596488567e-04 -6.201239909720595439e-02 -3.811957209793215284e-03 2.495202972868307001e-01 5.028255744634246849e-01 2.504401339393060866e-01 3.569119767460873435e-03 -6.229213113916398648e-02 -1.014790838491984402e-03
-9.899235937739167285e-04 4.182864787924210626e-02 -1.967447361914905803e-03 -6.223201196810005525e-02 -1.573844028804143990e-03 2.504401339393060866e-01 4.906411874366834458e-01 2.500699336688666508e-01 -3.886072029662989043e-03 -6.187200130832698486e-02
