4.961389401908761210e-01 2.499237867616541098e-01 -4.444760795406765483e-03 -6.195508945079196417e-02 1.096536238292986423e-03 4.183090473886200145e-02 1.040593227914039234e-03 -6.197745032865913106e-02 -6.048871627233574910e-05 2.501471043441972908e-01
2.499237867616541098e-01 5.106717466186178056e-01 2.504375386206469933e-01 5.281445083729283119e-05 -6.218313587148482924e-02 -1.208350104881004885e-03 4.177552715446049281e-02 4.991812558926547391e-04 -6.188417187226370741e-02 -6.840934009725821614e-04
-4.444760795406765483e-03 2.504375386206469933e-01 4.968110073881273903e-01 2.499041624276563678e-01 2.519838569809420940e-03 -6.183094788603946124e-02 -3.454903522832173009e-03 4.175879998538899185e-02 2.643730133121711956e-03 -6.204012719179203411e-02
-6.195508945079196417e-02 5.281445083729283119e-05 2.499041624276563678e-01 4.971820048628642907e-01 2.501945402312992783e-01 2.165417797015720125e-03 -6.197851850604920582e-02 -5.154462518303973805e-04 4.177411089838431457e-02 2.439718162029174266e-04
1.096536238292986423e-03 -6.218313587148482924e-02 2.519838569809420940e-03 2.501945402312992783e-01 4.993508057550462009e-01 2.497974153773672712e-01 3.581787736496069331e-03 -6.194342514668127464e-02 -1.178180494536400788e-03 4.184208857387826386e-02
4.183090473886200145e-02 -1.208350104881004885e-03 -6.183094788603946124e-02 2.165417797015720125e-03 2.497974153773672712e-01 4.928862834500193357e-01 2.503949690827068641e-01 -1.019366437297715682e-03 -6.207029223801412143e-02 8.379333834627882309e-04
1.040593227914039234e-03 4.177552715446049281e-02 -3.454903522832173009e-03 -6.197851850604920582e-02 3.581787736496069331e-03 2.503949690827068641e-01 5.032504871828724635e-01 2.498420521019411866e-01 -1.751194826591283889e-03 -6.185053177751761999e-02
-6.197745032865913106e-02 4.991812558926547391e-04 4.175879998538899185e-02 -5.154462518303973805e-04 -6.194342514668127464e-02 -1.019366437297715682e-03 2.498420521019411866e-01 5.025655351539513038e-01 2.501431781191433279e-01 -3.641018947594699962e-04
-6.048871627233574910e-05 -6.188417187226370741e-02 2.643730133121711956e-03 4.177411089838431457e-02 -1.178180494536400788e-03 -6.207029223801412143e-02 -1.751194826591283889e-03 2.501431781191433279e-01 4.985568332269669778e-01 2.498767279957175291e-01
2.501471043441972908e-01 -6.840934009725821614e-04 -6.204012719179203411e-02 2.439718162029174266e-04 4.184208857387826386e-02 8.379333834627882309e-04 -6.185053177751761999e-02 -3.641018947594699962e-04 2.498767279957175291e-01 5.025863561706713778e-01
4.901229484696018046e-01 2.495613562199797131e-01 2.983934638939790551e-03 -6.206221857916524587e-02 -1.638610978244935774e-03 4.198145393111234192e-02 2.236323752788100649e-04 -6.223628357141389872e-02 -3.822542286341318665e-04 2.506628132892603777e-01
2.495613562199797131e-01 4.947975371838186365e-01 2.508670686004418338e-01 -5.065349062600716518e-03 -6.220482759350098173e-02 2.286798676166854755e-03 4.180102714792692520e-02 -9.596090926595375343e-04 -6.190774323634234272e-02 6.110378569782015483e-03
2.983934638939790551e-03 2.508670686004418338e-01 5.103065075490790248e-01 2.496690974272822439e-01 -1.475626973033610564e-04 -6.181594878288688283e-02 1.635221175806179147e-03 4.183597723731145163e-02 -1.622789877738739246e-03 -6.210274313826698311e-02
-6.206221857916524587e-02 -5.065349062600716518e-03 2.496690974272822439e-01 4.991762845717456765e-01 2.503238349015199926e-01 8.821175721867634354e-04 -6.217671188273101585e-02 -1.896959258707039226e-03 4.189566348413895774e-02 -4.214309820793461043e-04
-1.638610978244935774e-03 -6.220482759350098173e-02 -1.475626973033610564e-04 2.503238349015199926e-01 4.947411299714513100e-01 2.498453221919930689e-01 -2.821445803095216313e-03 -6.195735631190851800e-02 1.629855871270468682e-03 4.175392848169183491e-02
4.198145393111234192e-02 2.286798676166854755e-03 -6.181594878288688283e-02 8.821175721867634354e-04 2.498453221919930689e-01 5.104792108345609369e-01 2.505510255512997109e-01 2.566345851981425771e-03 -6.213321802421850615e-02 7.577585491945004010e-04
2.236323752788100649e-04 4.180102714792692520e-02 1.635221175806179147e-03 -6.217671188273101585e-02 -2.821445803095216313e-03 2.505510255512997109e-01 4.904499871874962724e-01 2.498053114354962245e-01 1.110135561828763141e-04 -6.183486811019316826e-02
-6.223628357141389872e-02 -9.596090926595375343e-04 4.183597723731145163e-02 -1.896959258707039226e-03 -6.195735631190851800e-02 2.566345851981425771e-03 2.498053114354962245e-01 5.024055985332435137e-01 2.502903504516534872e-01 -4.252800475896736238e-03
-3.822542286341318665e-04 -6.190774323634234272e-02 -1.622789877738739246e-03 4.189566348413895774e-02 1.629855871270468682e-03 -6.213321802421850615e-02 1.110135561828763141e-04 2.502903504516534872e-01 5.047902283603218354e-01 2.497816381083169668e-01
2.506628132892603777e-01 6.110378569782015483e-03 -6.210274313826698311e-02 -4.214309820793461043e-04 4.175392848169183491e-02 7.577585491945004010e-04 -6.183486811019316826e-02 -4.252800475896736238e-03 2.497816381083169668e-01 5.027305673386884832e-01
5.062147159448038281e-01 2.502627943304612246e-01 2.210851587437171611e-03 -6.190695126073664234e-02 -3.497284651857792163e-04 4.168138982040914264e-02 1.016150142560626884e-04 -6.182207626160083486e-02 -1.242703335733357298e-04 2.498685809120235191e-01
2.502627943304612246e-01 4.939120059381763572e-01 2.497997058895422562e-01 2.611476840446225363e-03 -6.188725461288346885e-02 -1.013631753405220669e-03 4.176409868924790825e-02 5.788397456283028535e-04 -6.199399753134623298e-02 -1.098263288915692516e-03
2.210851587437171611e-03 2.497997058895422562e-01 4.979028444419095201e-01 2.501856520200835265e-01 -1.497120665272274340e-03 -6.193031648697464031e-02 8.650940417120069580e-04 4.170197785500603938e-02 -1.135068675793356099e-03 -6.184805686778727801e-02
-6.190695126073664234e-02 2.611476840446225363e-03 2.501856520200835265e-01 5.013614545129392308e-01 2.498599960768713990e-01 -8.716205195596175848e-04 -6.183249123839737460e-02 1.071721045210334046e-03 4.168183987852436267e-02 -8.920838939696588282e-04
-3.497284651857792163e-04 -6.188725461288346885e-02 -1.497120665272274340e-03 2.498599960768713990e-01 5.031438884037726655e-01 2.500852243332472025e-01 4.200396837456357203e-05 -6.192751545871718472e-02 1.086302932640402443e-04 4.172573854859537579e-02
4.168138982040914264e-02 -1.013631753405220669e-03 -6.193031648697464031e-02 -8.716205195596175848e-04 2.500852243332472025e-01 4.962208834239568711e-01 2.499214445850138078e-01 -1.178465555026243783e-03 -6.183097534125943373e-02 6.651429522413787078e-04
1.016150142560626884e-04 4.176409868924790825e-02 8.650940417120069580e-04 -6.183249123839737460e-02 4.200396837456357203e-05 2.499214445850138078e-01 5.055698161270461011e-01 2.501141309287483461e-01 -1.852234428597471227e-04 -6.195035239208740441e-02
-6.182207626160083486e-02 5.788397456283028535e-04 4.170197785500603938e-02 1.071721045210334046e-03 -6.192751545871718472e-02 -1.178465555026243783e-03 2.501141309287483461e-01 4.961397364757512696e-01 2.498854912645463999e-01 8.757389856396853578e-05
-1.242703335733357298e-04 -6.199399753134623298e-02 -1.135068675793356099e-03 4.168183987852436267e-02 1.086302932640402443e-04 -6.183097534125943373e-02 -1.852234428597471227e-04 2.498854912645463999e-01 5.037091819512480306e-01 2.501255443318363691e-01
2.498685809120235191e-01 -1.098263288915692516e-03 -6.184805686778727801e-02 -8.920838939696588282e-04 4.172573854859537579e-02 6.651429522413787078e-04 -6.195035239208740441e-02 8.757389856396853578e-05 2.501255443318363691e-01 4.958254727803904638e-01
4.923531312290704287e-01 2.496714637936959802e-01 7.549867863389726937e-04 -6.177948578844778132e-02 -5.896534944218372260e-04 4.171673772219283705e-02 1.798635305487897382e-03 -6.199602776153263078e-02 -4.578503306339829632e-03 2.507336804686913778e-01
2.496714637936959802e-01 5.018761384692040917e-01 2.502686167793938266e-01 -9.013603350214670872e-04 -6.205102395299554735e-02 -4.552462123152670095e-04 4.179167749023691286e-02 1.057745015251301433e-03 -6.189814061537832895e-02 1.895560999731647420e-03
7.549867863389726937e-04 2.502686167793938266e-01 5.001031074820536659e-01 2.497696897397079785e-01 4.380912203524346942e-04 -6.178748987349805266e-02 -1.373107895639860600e-03 4.168157332824494465e-02 2.179442704340863596e-03 -6.217557720935502213e-02
-6.177948578844778132e-02 -9.013603350214670872e-04 2.497696897397079785e-01 5.005074720513206232e-01 2.502330410597752852e-01 1.671868171859259644e-03 -6.198118058036007627e-02 -1.554131524264872662e-03 4.179010606557272134e-02 -6.054673256128495582e-04
-5.896534944218372260e-04 -6.205102395299554735e-02 4.380912203524346942e-04 2.502330410597752852e-01 4.972787926182268281e-01 2.497490807750170072e-01 1.836133099174997851e-03 -6.177924780467493326e-02 -1.838518355931002476e-03 4.189800993981562804e-02
4.171673772219283705e-02 -4.552462123152670095e-04 -6.178748987349805266e-02 1.671868171859259644e-03 2.497490807750170072e-01 4.981420491166842490e-01 2.502554853366252274e-01 1.358693210385374713e-03 -6.215909920978028580e-02 1.378872813651633219e-03
1.798635305487897382e-03 4.179167749023691286e-02 -1.373107895639860600e-03 -6.198118058036007627e-02 1.836133099174997851e-03 2.502554853366252274e-01 4.989836436138223030e-01 2.497347794265281085e-01 1.362159254322795401e-03 -6.193240729263794347e-02
-6.199602776153263078e-02 1.057745015251301433e-03 4.168157332824494465e-02 -1.554131524264872662e-03 -6.177924780467493326e-02 1.358693210385374713e-03 2.497347794265281085e-01 4.970919224366976419e-01 2.505578690061112668e-01 -3.826711683632069358e-03
-4.578503306339829632e-03 -6.189814061537832895e-02 2.179442704340863596e-03 4.179010606557272134e-02 -1.838518355931002476e-03 -6.215909920978028580e-02 1.362159254322795401e-03 2.505578690061112668e-01 5.039323418282520839e-01 2.495536251846890430e-01
2.507336804686913778e-01 1.895560999731647420e-03 -6.217557720935502213e-02 -6.054673256128495582e-04 4.189800993981562804e-02 1.378872813651633219e-03 -6.193240729263794347e-02 -3.826711683632069358e-03 2.495536251846890430e-01 5.097314011546577595e-01
5.091669029507057687e-01 2.511052991811839052e-01 7.229812859013095422e-03 -6.219164638170270737e-02 -2.062171764297840958e-03 4.178808955963780880e-02 1.739716114836968369e-03 -6.181637383016257842e-02 -4.584458228959457753e-03 2.497284038678976859e-01
2.511052991811839052e-01 4.824886480139726763e-01 2.499291308586958082e-01 1.047004817239761791e-03 -6.198908953699010238e-02 -8.985479254930600927e-04 4.189375137448153597e-02 2.138534817296768552e-03 -6.230901790456798428e-02 -1.661756787119525718e-03
7.229812859013095422e-03 2.499291308586958082e-01 5.030846627055920450e-01 2.502897718671787120e-01 -3.519574432945315155e-03 -6.206281024681686853e-02 2.047371497951596710e-03 4.192034320714468215e-02 -1.596663923959213728e-03 -6.214474157576990732e-02
-6.219164638170270737e-02 1.047004817239761791e-03 2.502897718671787120e-01 5.051226682861971184e-01 2.499050825099549678e-01 5.156281577948218769e-04 -6.189122333432250933e-02 -1.413330074226474328e-03 4.180533749169589031e-02 4.346968291356259747e-04
-2.062171764297840958e-03 -6.198908953699010238e-02 -3.519574432945315155e-03 2.499050825099549678e-01 4.974734158094009095e-01 2.501264265833640366e-01 -7.737707685383514618e-05 -6.198817848250349344e-02 -4.395589708163607275e-04 4.188379851077111971e-02
4.178808955963780880e-02 -8.985479254930600927e-04 -6.206281024681686853e-02 5.156281577948218769e-04 2.501264265833640366e-01 5.012967770224553421e-01 2.499021016898034520e-01 1.717023298934215302e-03 -6.189199862927087514e-02 5.009960669339361215e-05
1.739716114836968369e-03 4.189375137448153597e-02 2.047371497951596710e-03 -6.189122333432250933e-02 -7.737707685383514618e-05 2.499021016898034520e-01 4.981187424569900601e-01 2.501003825933428848e-01 1.279112761034577805e-03 -6.209044760949732761e-02
-6.181637383016257842e-02 2.138534817296768552e-03 4.192034320714468215e-02 -1.413330074226474328e-03 -6.198817848250349344e-02 1.717023298934215302e-03 2.501003825933428848e-01 4.963077253202866634e-01 2.500095533782881185e-01 -1.932157376921758013e-03
-4.584458228959457753e-03 -6.230901790456798428e-02 -1.596663923959213728e-03 4.180533749169589031e-02 -4.395589708163607275e-04 -6.189199862927087514e-02 1.279112761034577805e-03 2.500095533782881185e-01 5.048323335640010345e-01 2.502354311536703069e-01
2.497284038678976859e-01 -1.661756787119525718e-03 -6.214474157576990732e-02 4.346968291356259747e-04 4.188379851077111971e-02 5.009960669339361215e-05 -6.209044760949732761e-02 -1.932157376921758013e-03 2.502354311536703069e-01 5.021081238704008243e-01
4.922679613036530788e-01 2.500095488688388601e-01 -1.163677627040763177e-03 -6.185756492020434705e-02 1.379364215659408845e-03 4.170636392982447760e-02 -4.259594583723245315e-04 -6.191421705702279676e-02 -1.638099265376608341e-03 2.501715674703661185e-01
2.500095488688388601e-01 5.062217984285111161e-01 2.500698071357770891e-01 -5.676430709460182113e-04 -6.192709799038527418e-02 -3.487189287343984458e-04 4.170684795164389391e-02 -2.479544213500228973e-04 -6.188111490306347218e-02 2.209539678969169897e-03
-1.163677627040763177e-03 2.500698071357770891e-01 4.970498551635598172e-01 2.499051304046248090e-01 -1.016896847406686044e-03 -6.184117747395080633e-02 -3.059513295485909428e-04 4.170298322414749126e-02 1.657960203778648459e-03 -6.197847753648128011e-02
-6.185756492020434705e-02 -5.676430709460182113e-04 2.499051304046248090e-01 5.037152898836410042e-01 2.501060346182726324e-01 1.046812077645421172e-03 -6.190156503093448281e-02 3.615313658528071473e-05 4.171219570832196410e-02 -1.073345856606647448e-03
1.379364215659408845e-03 -6.192709799038527418e-02 -1.016896847406686044e-03 2.501060346182726324e-01 4.982090942695900360e-01 2.498611720289707905e-01 1.459674001817689009e-03 -6.184652387847420357e-02 -2.229813030612293277e-03 4.176509655165187157e-02
4.170636392982447760e-02 -3.487189287343984458e-04 -6.184117747395080633e-02 1.046812077645421172e-03 2.498611720289707905e-01 4.960642349346636726e-01 2.501280440912519998e-01 -8.390904798543786895e-04 -6.199976102660841037e-02 1.557698675475908869e-03
-4.259594583723245315e-04 4.170684795164389391e-02 -3.059513295485909428e-04 -6.190156503093448281e-02 1.459674001817689009e-03 2.501280440912519998e-01 5.053800110499798715e-01 2.499232618433344655e-01 2.277406292615325682e-03 -6.187763451930963776e-02
-6.191421705702279676e-02 -2.479544213500228973e-04 4.170298322414749126e-02 3.615313658528071473e-05 -6.184652387847420357e-02 -8.390904798543786895e-04 2.499232618433344655e-01 4.927844317906803218e-01 2.502222360360566444e-01 -1.763749444644049230e-03
-1.638099265376608341e-03 -6.188111490306347218e-02 1.657960203778648459e-03 4.171219570832196410e-02 -2.229813030612293277e-03 -6.199976102660841037e-02 2.277406292615325682e-03 2.502222360360566444e-01 5.040195731161010162e-01 2.498201766949091907e-01
2.501715674703661185e-01 2.209539678969169897e-03 -6.197847753648128011e-02 -1.073345856606647448e-03 4.176509655165187157e-02 1.557698675475908869e-03 -6.187763451930963776e-02 -1.763749444644049230e-03 2.498201766949091907e-01 5.042877500596272267e-01
5.020697720314224455e-01 2.499664378446634361e-01 1.413617401029762174e-03 -6.220142772891296135e-02 2.795150141141724328e-03 4.181820141499273391e-02 -1.574028367702932875e-03 -6.203858961243075704e-02 1.995382083706464908e-03 2.503094495358360594e-01
2.499664378446634361e-01 4.977444588571329209e-01 2.503051688733594071e-01 -1.951826998367219013e-03 -6.201945485619424214e-02 2.453630416670758707e-03 4.189277738837809267e-02 -2.402360127320164913e-03 -6.217332499668992013e-02 -1.332289341502693701e-03
1.413617401029762174e-03 2.503051688733594071e-01 4.996902265724292858e-01 2.501106596871525700e-01 -6.562251844088021549e-03 -6.195763442578734737e-02 2.449247418222149503e-03 4.186586719320205263e-02 -1.870509737221142006e-03 -6.224057180883826867e-02
-6.220142772891296135e-02 -1.951826998367219013e-03 2.501106596871525700e-01 5.120494583403512046e-01 2.502655965782663028e-01 -2.275274758012771348e-03 -6.237107311181592367e-02 1.096815236623783184e-03 4.234823547384113096e-02 1.845328911994781589e-03
2.795150141141724328e-03 -6.201945485619424214e-02 -6.562251844088021549e-03 2.502655965782663028e-01 5.000217969677477337e-01 2.502142825389510050e-01 2.164778457200252498e-03 -6.210529035342694792e-02 -1.530549499711217690e-03 4.185261865693894190e-02
4.181820141499273391e-02 2.453630416670758707e-03 -6.195763442578734737e-02 -2.275274758012771348e-03 2.502142825389510050e-01 4.978654068959443846e-01 2.501598923409730224e-01 1.925860533781151762e-04 -6.222392371591456417e-02 -3.262186467797583474e-03
-1.574028367702932875e-03 4.189277738837809267e-02 2.449247418222149503e-03 -6.237107311181592367e-02 2.164778457200252498e-03 2.501598923409730224e-01 4.980537545719454506e-01 2.499946300178317038e-01 7.102506364794277001e-04 -6.198447629069320230e-02
-6.203858961243075704e-02 -2.402360127320164913e-03 4.186586719320205263e-02 1.096815236623783184e-03 -6.210529035342694792e-02 1.925860533781151762e-04 2.499946300178317038e-01 5.040554208085805676e-01 2.503814076513709574e-01 5.651134313395873854e-03
1.995382083706464908e-03 -6.217332499668992013e-02 -1.870509737221142006e-03 4.234823547384113096e-02 -1.530549499711217690e-03 -6.222392371591456417e-02 7.102506364794277001e-04 2.503814076513709574e-01 4.879932476180147694e-01 2.500400617824946603e-01
2.503094495358360594e-01 -1.332289341502693701e-03 -6.224057180883826867e-02 1.845328911994781589e-03 4.185261865693894190e-02 -3.262186467797583474e-03 -6.198447629069320230e-02 5.651134313395873854e-03 2.500400617824946603e-01 5.004564573364249647e-01
5.051627310671480409e-01 2.500604249308089333e-01 -1.214997760891075185e-03 -6.193581599874788124e-02 3.014668167170590166e-04 4.174756974437577456e-02 -6.831342837818272021e-04 -6.192509310111812826e-02 -1.226566974483303193e-03 2.499085643115838140e-01
2.500604249308089333e-01 5.003033119131430340e-01 2.499276356508129959e-01 5.436784955852045145e-04 -6.183502184246968125e-02 -1.091730318999228682e-03 4.168784473511513711e-02 1.694897572326317312e-05 -6.192887896530098468e-02 -3.070265196569443421e-03
-1.214997760891075185e-03 2.499276356508129959e-01 4.996595550577010991e-01 2.500468750377646820e-01 7.846885119040226085e-04 -6.188883051395190071e-02 -1.362321674083851342e-04 4.172143998646996033e-02 1.382716503309821751e-03 -6.179897371714428850e-02
-6.193581599874788124e-02 5.436784955852045145e-04 2.500468750377646820e-01 4.988058137129773306e-01 2.498869479881943856e-01 1.460142777768984844e-03 -6.182281774213266301e-02 3.866464331170821681e-04 4.169988736296902088e-02 1.319792023636163093e-03
3.014668167170590166e-04 -6.183502184246968125e-02 7.846885119040226085e-04 2.498869479881943856e-01 4.986955027181005917e-01 2.500661585492366945e-01 -5.776346806644729655e-04 -6.193603963891387842e-02 -1.030847090964419257e-03 4.166861975457234607e-02
4.174756974437577456e-02 -1.091730318999228682e-03 -6.188883051395190071e-02 1.460142777768984844e-03 2.500661585492366945e-01 4.988397631911002383e-01 2.498625966444676938e-01 -2.193253674858123854e-03 -6.187391173066088268e-02 -4.661514890571237264e-04
-6.831342837818272021e-04 4.168784473511513711e-02 -1.362321674083851342e-04 -6.182281774213266301e-02 -5.776346806644729655e-04 2.498625966444676938e-01 5.064411260549187555e-01 2.502631174010297443e-01 2.414077142138608759e-03 -6.189679351315102718e-02
-6.192509310111812826e-02 1.694897572326317312e-05 4.172143998646996033e-02 3.866464331170821681e-04 -6.193603963891387842e-02 -2.193253674858123854e-03 2.502631174010297443e-01 4.942972167649998250e-01 2.497930109152428635e-01 3.078063131539656577e-03
-1.226566974483303193e-03 -6.192887896530098468e-02 1.382716503309821751e-03 4.169988736296902088e-02 -1.030847090964419257e-03 -6.187391173066088268e-02 2.414077142138608759e-03 2.497930109152428635e-01 4.967194721057797135e-01 2.502183263894882659e-01
2.499085643115838140e-01 -3.070265196569443421e-03 -6.179897371714428850e-02 1.319792023636163093e-03 4.166861975457234607e-02 -4.661514890571237264e-04 -6.189679351315102718e-02 3.078063131539656577e-03 2.502183263894882659e-01 5.010755074141189924e-01
5.019578791025591791e-01 2.502686204456743835e-01 3.014048045628131122e-03 -6.209949665700356669e-02 -9.795469847388702835e-04 4.196249116066580465e-02 2.860551175928569695e-03 -6.203869657976611440e-02 6.877717648314319102e-04 2.498604197435840557e-01
2.502686204456743835e-01 4.956039281978465993e-01 2.498814013577071447e-01 -6.935548479335240483e-04 -6.191534297119470620e-02 4.001613557114132389e-04 4.189956344459370985e-02 7.966004166798637456e-04 -6.211543748334674014e-02 -1.858980995207307717e-03
3.014048045628131122e-03 2.498814013577071447e-01 4.993029723058835523e-01 2.501955893692940913e-01 -1.794476774844635646e-03 -6.213178386180677470e-02 -6.876911242320871143e-04 4.198937734694804802e-02 -2.162846694937450853e-03 -6.198576452263154096e-02
-6.209949665700356669e-02 -6.935548479335240483e-04 2.501955893692940913e-01 5.066673805451534784e-01 2.499867725729028045e-01 2.804507357538578091e-04 -6.197455811885650701e-02 -1.762487538095036492e-03 4.199838768276795142e-02 1.669397261442082808e-03
-9.795469847388702835e-04 -6.191534297119470620e-02 -1.794476774844635646e-03 2.499867725729028045e-01 4.940226819225663757e-01 2.503568666840529922e-01 3.073785665838360461e-03 -6.240014581479960687e-02 1.724121412907142622e-03 4.193596113810071913e-02
4.196249116066580465e-02 4.001613557114132389e-04 -6.213178386180677470e-02 2.804507357538578091e-04 2.503568666840529922e-01 5.040672387073302785e-01 2.497796235789033203e-01 2.579913941556041552e-03 -6.229062432527655846e-02 -1.858087869981983175e-03
2.860551175928569695e-03 4.189956344459370985e-02 -6.876911242320871143e-04 -6.197455811885650701e-02 3.073785665838360461e-03 2.497796235789033203e-01 4.847569070565898031e-01 2.513713763775586862e-01 -5.768958612567006913e-03 -6.248863800552946490e-02
-6.203869657976611440e-02 7.966004166798637456e-04 4.198937734694804802e-02 -1.762487538095036492e-03 -6.240014581479960687e-02 2.579913941556041552e-03 2.513713763775586862e-01 5.209458804987918690e-01 2.502471704195351476e-01 4.572538076500799742e-04
6.877717648314319102e-04 -6.211543748334674014e-02 -2.162846694937450853e-03 4.199838768276795142e-02 1.724121412907142622e-03 -6.229062432527655846e-02 -5.768958612567006913e-03 2.502471704195351476e-01 4.890283625116019217e-01 2.503214353802475922e-01
2.498604197435840557e-01 -1.858980995207307717e-03 -6.198576452263154096e-02 1.669397261442082808e-03 4.193596113810071913e-02 -1.858087869981983175e-03 -6.248863800552946490e-02 4.572538076500799742e-04 2.503214353802475922e-01 5.036467691516836043e-01
5.093517764623627375e-01 2.501741558499699369e-01 1.610087733653893342e-04 -6.210913801182463972e-02 1.781062294839591467e-03 4.183770585164905964e-02 -3.837476097903642913e-04 -6.199272040136859924e-02 3.797370134319868595e-03 2.501825249889752523e-01
2.501741558499699369e-01 5.013794838868914638e-01 2.499494859140306557e-01 5.033040645991925660e-03 -6.213747310043306327e-02 -2.748600686097591415e-03 4.183223444899936833e-02 2.672318117586890661e-03 -6.221910982859859413e-02 -3.654599231937947709e-03
1.610087733653893342e-04 2.499494859140306557e-01 4.864119568345977584e-01 2.507204947700655273e-01 -3.323745612456430968e-03 -6.213623359615367409e-02 5.329148343987432420e-04 4.190179836109722555e-02 -2.214649626740955966e-03 -6.195265083103064507e-02
-6.210913801182463972e-02 5.033040645991925660e-03 2.507204947700655273e-01 5.120599506204336349e-01 2.498954718728976787e-01 -3.505782001988048437e-04 -6.188244942789081215e-02 4.033114392806825231e-06 4.179128881646120008e-02 -7.591764223247381930e-04
1.781062294839591467e-03 -6.213747310043306327e-02 -3.323745612456430968e-03 2.498954718728976787e-01 4.965509521261574077e-01 2.501576952505488727e-01 2.784842997693782671e-03 -6.204399318268539326e-02 3.954704958860439583e-04 4.182646613315200990e-02
4.183770585164905964e-02 -2.748600686097591415e-03 -6.213623359615367409e-02 -3.505782001988048437e-04 2.501576952505488727e-01 4.974132868059573109e-01 2.499031164833893648e-01 1.759515130171597150e-05 -6.189584167632374706e-02 7.223195773160157604e-04
-3.837476097903642913e-04 4.183223444899936833e-02 5.329148343987432420e-04 -6.188244942789081215e-02 2.784842997693782671e-03 2.499031164833893648e-01 4.990240707872143355e-01 2.502098245493389328e-01 -3.536297072415271574e-03 -6.200258104528520720e-02
-6.199272040136859924e-02 2.672318117586890661e-03 4.190179836109722555e-02 4.033114392806825231e-06 -6.204399318268539326e-02 1.759515130171597150e-05 2.502098245493389328e-01 5.048341576068475778e-01 2.498525795325126642e-01 -9.217070514028584405e-04
3.797370134319868595e-03 -6.221910982859859413e-02 -2.214649626740955966e-03 4.179128881646120008e-02 3.954704958860439583e-04 -6.189584167632374706e-02 -3.536297072415271574e-03 2.498525795325126642e-01 5.040497409222652880e-01 2.502931576474324293e-01
2.501825249889752523e-01 -3.654599231937947709e-03 -6.195265083103064507e-02 -7.591764223247381930e-04 4.182646613315200990e-02 7.223195773160157604e-04 -6.200258104528520720e-02 -9.217070514028584405e-04 2.502931576474324293e-01 4.889246239472637146e-01
4.997733842118078362e-01 2.500025303586260739e-01 5.713852535180079023e-04 -6.195387376982882527e-02 -1.069114576618767840e-03 4.176969493382919063e-02 3.220990735143744021e-03 -6.200582341745958931e-02 -2.810317970444986633e-03 2.500945732473480732e-01
2.500025303586260739e-01 4.997635588428815390e-01 2.501015479691967025e-01 1.762427961300972422e-04 -6.202711202238808674e-02 -1.868328381817316091e-03 4.169794332473540643e-02 7.234314457172474726e-04 -6.187538637309222822e-02 -1.603286256519240085e-03
5.713852535180079023e-04 2.501015479691967025e-01 4.996191188155174046e-01 2.499476803654111234e-01 1.222327504387694854e-03 -6.184358216295997301e-02 -2.868186725047564955e-03 4.184516380214488296e-02 1.336937857090423655e-03 -6.205594310555694049e-02
-6.195387376982882527e-02 1.762427961300972422e-04 2.499476803654111234e-01 4.993987089340546914e-01 2.501582617030441158e-01 3.396357375417435875e-03 -6.195591909154864185e-02 -7.384833561734352111e-04 4.177062592078722991e-02 7.497819299757928083e-04
-1.069114576618767840e-03 -6.202711202238808674e-02 1.222327504387694854e-03 2.501582617030441158e-01 4.959946110608923764e-01 2.498156143745276503e-01 3.748039747180144463e-03 -6.211945129658635878e-02 -4.431909101251570865e-04 4.195588058073492638e-02
4.176969493382919063e-02 -1.868328381817316091e-03 -6.184358216295997301e-02 3.396357375417435875e-03 2.498156143745276503e-01 4.942345261710249238e-01 2.504739033283779337e-01 -2.019320390557462902e-03 -6.205971545545670848e-02 9.554660869530986686e-04
3.220990735143744021e-03 4.169794332473540643e-02 -2.868186725047564955e-03 -6.195591909154864185e-02 3.748039747180144463e-03 2.504739033283779337e-01 5.027372144073385396e-01 2.499097009640742217e-01 -2.920523890260902714e-03 -6.194892487730174757e-02
-6.200582341745958931e-02 7.234314457172474726e-04 4.184516380214488296e-02 -7.384833561734352111e-04 -6.211945129658635878e-02 -2.019320390557462902e-03 2.499097009640742217e-01 5.065467943094230652e-01 2.501654609662800621e-01 2.398816371560353461e-04
-2.810317970444986633e-03 -6.187538637309222822e-02 1.336937857090423655e-03 4.177062592078722991e-02 -4.431909101251570865e-04 -6.205971545545670848e-02 -2.920523890260902714e-03 2.501654609662800621e-01 4.944722106182413701e-01 2.500340896657109457e-01
2.500945732473480732e-01 -1.603286256519240085e-03 -6.205594310555694049e-02 7.497819299757928083e-04 4.195588058073492638e-02 9.554660869530986686e-04 -6.194892487730174757e-02 2.398816371560353461e-04 2.500340896657109457e-01 5.074598726288214179e-01
5.055342213960071218e-01 2.497532659904330432e-01 -1.543631884133951334e-03 -6.175723003783276099e-02 1.551344374870366593e-03 4.172373854203902110e-02 -4.398588665063666615e-04 -6.198251945837449789e-02 2.577209394630100743e-03 2.504619488030452867e-01
2.497532659904330432e-01 4.993806587611407943e-01 2.502041388355114027e-01 -2.570099446389502787e-03 -6.198419074694088565e-02 5.896533551488845719e-04 4.177244604300448666e-02 -4.412806231512285925e-04 -6.191967961850271263e-02 -2.229731814926540732e-03
-1.543631884133951334e-03 2.502041388355114027e-01 5.041376877924783617e-01 2.498023841088636288e-01 -1.449858861884130738e-03 -6.189235169310532136e-02 -3.454114979186439279e-04 4.173891645741398260e-02 -6.023525816380537017e-04 -6.206087429978933423e-02
-6.175723003783276099e-02 -2.570099446389502787e-03 2.498023841088636288e-01 5.021782199550967052e-01 2.502835655113979652e-01 1.636960640439624314e-03 -6.198282231464589953e-02 -1.077374473506526606e-03 4.179504977460605369e-02 2.734328441441093160e-03
1.551344374870366593e-03 -6.198419074694088565e-02 -1.449858861884130738e-03 2.502835655113979652e-01 4.968221083727348830e-01 2.498024821889690272e-01 2.163508451788877761e-03 -6.179230812968550257e-02 -1.269223306167240636e-04 4.169197821917071389e-02
4.172373854203902110e-02 5.896533551488845719e-04 -6.189235169310532136e-02 1.636960640439624314e-03 2.498024821889690272e-01 4.983408738114674663e-01 2.501544317447402799e-01 1.152845835148462537e-04 -6.201044332212086313e-02 -1.843874669707022598e-03
-4.398588665063666615e-04 4.177244604300448666e-02 -3.454114979186439279e-04 -6.198282231464589953e-02 2.163508451788877761e-03 2.501544317447402799e-01 4.979593918502329131e-01 2.498134064888496431e-01 -1.794676924399798285e-03 -6.184926614613405621e-02
-6.198251945837449789e-02 -4.412806231512285925e-04 4.173891645741398260e-02 -1.077374473506526606e-03 -6.179230812968550257e-02 1.152845835148462537e-04 2.498134064888496431e-01 5.059480794989326125e-01 2.503329257363406946e-01 3.089877617378737965e-03
2.577209394630100743e-03 -6.191967961850271263e-02 -6.023525816380537017e-04 4.179504977460605369e-02 -1.269223306167240636e-04 -6.201044332212086313e-02 -1.794676924399798285e-03 2.503329257363406946e-01 4.939645797993307830e-01 2.496975242655161409e-01
2.504619488030452867e-01 -2.229731814926540732e-03 -6.206087429978933423e-02 2.734328441441093160e-03 4.169197821917071389e-02 -1.843874669707022598e-03 -6.184926614613405621e-02 3.089877617378737965e-03 2.496975242655161409e-01 4.957341787625750840e-01
5.098351697670814309e-01 2.500826345540059781e-01 -6.268070313084263961e-04 -6.203989677728694030e-02 4.109018400813864826e-04 4.191356299356749360e-02 1.043683945750970704e-04 -6.206491270706837593e-02 -3.048677900444754854e-04 2.501872368126386581e-01
2.500826345540059781e-01 4.999100373883773041e-01 2.501837922252713731e-01 2.256022186625147516e-03 -6.205723603653715004e-02 -1.497519380239515762e-03 4.190744887880396008e-02 4.173523060641800772e-03 -6.197459697324206318e-02 -4.936356169623338196e-03
-6.268070313084263961e-04 2.501837922252713731e-01 4.942781364107741160e-01 2.499838586433852095e-01 -1.924403763781707029e-04 -6.194965199060417649e-02 -2.536599084813707982e-04 4.179527916645898317e-02 3.650076407763613168e-04 -6.201573931565899922e-02
-6.203989677728694030e-02 2.256022186625147516e-03 2.499838586433852095e-01 5.045095314043273049e-01 2.501383760525895950e-01 2.596765015213530099e-04 -6.205691059512648267e-02 -3.117221333104407653e-03 4.182825213497350092e-02 1.658768786181866921e-03
4.109018400813864826e-04 -6.205723603653715004e-02 -1.924403763781707029e-04 2.501383760525895950e-01 4.953401956052670974e-01 2.500134240620895398e-01 9.665663529709966981e-04 -6.199631340032828175e-02 -4.214854691345626663e-04 4.184107265987106750e-02
4.191356299356749360e-02 -1.497519380239515762e-03 -6.194965199060417649e-02 2.596765015213530099e-04 2.500134240620895398e-01 5.048172023370592898e-01 2.501492889349540283e-01 4.991178526930978646e-03 -6.207376825816481036e-02 -1.427826782010604371e-03
1.043683945750970704e-04 4.190744887880396008e-02 -2.536599084813707982e-04 -6.205691059512648267e-02 9.665663529709966981e-04 2.501492889349540283e-01 4.879282702858540044e-01 2.503239963303614535e-01 -5.851206264056302286e-05 -6.212624368369490391e-02
-6.206491270706837593e-02 4.173523060641800772e-03 4.179527916645898317e-02 -3.117221333104407653e-03 -6.199631340032828175e-02 4.991178526930978646e-03 2.503239963303614535e-01 5.031991113248508452e-01 2.500945351417330764e-01 -2.347751175754600461e-03
-3.048677900444754854e-04 -6.197459697324206318e-02 3.650076407763613168e-04 4.182825213497350092e-02 -4.214854691345626663e-04 -6.207376825816481036e-02 -5.851206264056302286e-05 2.500945351417330764e-01 5.040544618803615151e-01 2.500209525837763236e-01
2.501872368126386581e-01 -4.936356169623338196e-03 -6.201573931565899922e-02 1.658768786181866921e-03 4.184107265987106750e-02 -1.427826782010604371e-03 -6.212624368369490391e-02 -2.347751175754600461e-03 2.500209525837763236e-01 4.961278835960558076e-01
4.993533827276478432e-01 2.500934772711502774e-01 1.424311760898042860e-03 -6.195127818662074515e-02 -3.579483856376539401e-04 4.179992495605704128e-02 1.993030675774142176e-03 -6.201652149630751398e-02 -2.113248476405423220e-03 2.498913982877159212e-01
2.500934772711502774e-01 4.989371199607430252e-01 2.499722853917591692e-01 -1.607880180054311204e-03 -6.195125512278897711e-02 -2.991647688563370874e-04 4.176501362616920343e-02 -2.938525400437881629e-04 -6.198609775396002330e-02 -1.996899063429509371e-03
1.424311760898042860e-03 2.499722853917591692e-01 5.003837544898567247e-01 2.499780737909924611e-01 -1.017041133685121779e-03 -6.196893480470149623e-02 -9.384307651015178116e-04 4.180330058259912329e-02 3.863739651811188072e-04 -6.192639541510773504e-02
-6.195127818662074515e-02 -1.607880180054311204e-03 2.499780737909924611e-01 5.050409550015804161e-01 2.501914201238725766e-01 2.445308455398225410e-03 -6.190132635655829635e-02 -9.581536289925702676e-04 4.175745928184891598e-02 2.048480035346429869e-03
-3.579483856376539401e-04 -6.195125512278897711e-02 -1.017041133685121779e-03 2.501914201238725766e-01 4.926603072292213836e-01 2.499964803945876057e-01 2.526380898027339502e-03 -6.202119237089238901e-02 -5.085503216271887233e-04 4.184921607799008819e-02
4.179992495605704128e-02 -2.991647688563370874e-04 -6.196893480470149623e-02 2.445308455398225410e-03 2.499964803945876057e-01 5.007565388169086251e-01 2.500043054826377453e-01 -7.767576626526635254e-04 -6.193922274404141393e-02 -1.073799037006011817e-03
1.993030675774142176e-03 4.176501362616920343e-02 -9.384307651015178116e-04 -6.190132635655829635e-02 2.526380898027339502e-03 2.500043054826377453e-01 4.962690531768733093e-01 2.501608732991355000e-01 -1.435795024079228755e-03 -6.214912484926671948e-02
-6.201652149630751398e-02 -2.938525400437881629e-04 4.180330058259912329e-02 -9.581536289925702676e-04 -6.202119237089238901e-02 -7.767576626526635254e-04 2.501608732991355000e-01 5.093614957317702530e-01 2.501120390245982206e-01 2.558927304159292274e-03
-2.113248476405423220e-03 -6.198609775396002330e-02 3.863739651811188072e-04 4.175745928184891598e-02 -5.085503216271887233e-04 -6.193922274404141393e-02 -1.435795024079228755e-03 2.501120390245982206e-01 4.878959631101397743e-01 2.504438457498703863e-01
2.498913982877159212e-01 -1.996899063429509371e-03 -6.192639541510773504e-02 2.048480035346429869e-03 4.184921607799008819e-02 -1.073799037006011817e-03 -6.214912484926671948e-02 2.558927304159292274e-03 2.504438457498703863e-01 5.093414297552585346e-01
4.999851299343371913e-01 2.501309695061800786e-01 -7.178098985413024777e-04 -6.201995602404207497e-02 -1.436775739751521268e-03 4.174125345765436479e-02 7.884352353839784583e-06 -6.188409417723722550e-02 -2.137755972964446288e-03 2.498392499624853824e-01
2.501309695061800786e-01 4.971603303248853800e-01 2.498616487402982589e-01 -2.557458848262951067e-03 -6.197961694030136581e-02 1.636570064842886004e-03 4.172457470328124612e-02 -1.021752092048081083e-03 -6.196769901940757386e-02 1.519622328839693309e-04
-7.178098985413024777e-04 2.498616487402982589e-01 5.099589980852075044e-01 2.504800272416317641e-01 3.211816649183477090e-03 -6.203530003459863107e-02 -4.945732251184270425e-04 4.178855433126694302e-02 1.557516969168897588e-03 -6.182446645266220786e-02
-6.201995602404207497e-02 -2.557458848262951067e-03 2.504800272416317641e-01 4.888369703434771729e-01 2.499561162581000195e-01 -1.993599400177893839e-04 -6.184896549039611835e-02 -2.780865651800665727e-04 4.170155387788483659e-02 1.386207549420279865e-03
-1.436775739751521268e-03 -6.197961694030136581e-02 3.211816649183477090e-03 2.499561162581000195e-01 5.042265425454214300e-01 2.500668887092671877e-01 -2.516934970207248927e-03 -6.197582888649778160e-02 9.554792479276463671e-05 4.176305244169684072e-02
4.174125345765436479e-02 1.636570064842886004e-03 -6.203530003459863107e-02 -1.993599400177893839e-04 2.500668887092671877e-01 5.023113321343837256e-01 2.499412279758688737e-01 7.777991500705027077e-04 -6.183029241475168636e-02 -1.456098820907361256e-03
7.884352353839784583e-06 4.172457470328124612e-02 -4.945732251184270425e-04 -6.184896549039611835e-02 -2.516934970207248927e-03 2.499412279758688737e-01 4.994499303668450962e-01 2.500929923981874969e-01 2.454530603284726768e-03 -6.192086005564195750e-02
-6.188409417723722550e-02 -1.021752092048081083e-03 4.178855433126694302e-02 -2.780865651800665727e-04 -6.197582888649778160e-02 7.777991500705027077e-04 2.500929923981874969e-01 4.966349241486281985e-01 2.498506495330101440e-01 1.536311191615392230e-03
-2.137755972964446288e-03 -6.196769901940757386e-02 1.557516969168897588e-03 4.170155387788483659e-02 9.554792479276463671e-05 -6.183029241475168636e-02 2.454530603284726768e-03 2.498506495330101440e-01 4.972540433915901836e-01 2.502043709571243890e-01
2.498392499624853824e-01 1.519622328839693309e-04 -6.182446645266220786e-02 1.386207549420279865e-03 4.176305244169684072e-02 -1.456098820907361256e-03 -6.192086005564195750e-02 1.536311191615392230e-03 2.502043709571243890e-01 5.041817987252240618e-01
5.019277726744016954e-01 2.498853445235708903e-01 -1.903967531442353998e-03 -6.183832541947481554e-02 1.521106091603653850e-05 4.166652330954412342e-02 -3.306549769354055063e-04 -6.186650935512782307e-02 1.949657294393159629e-03 2.500366923071288827e-01
2.498853445235708903e-01 5.031155015666365360e-01 2.500739935934820912e-01 1.368941180563170140e-03 -6.185383996136557816e-02 -7.577605928685087443e-05 4.165050739731489954e-02 6.990046719487182699e-04 -6.183283963166068264e-02 -7.753260921483425688e-04
-1.903967531442353998e-03 2.500739935934820912e-01 4.979037981663133605e-01 2.498729762381653452e-01 1.803277847954351748e-03 -6.183226430818915265e-02 -6.511907855915370852e-04 4.165954755618039157e-02 -4.373655929523247166e-05 -6.185670692677658344e-02
-6.183832541947481554e-02 1.368941180563170140e-03 2.498729762381653452e-01 4.965731135043173206e-01 2.500702935456928788e-01 -1.271977769476048724e-03 -6.185672692710010578e-02 1.943841232150732637e-05 4.166544736046019076e-02 -2.731980477795648054e-04
1.521106091603653850e-05 -6.185383996136557816e-02 1.803277847954351748e-03 2.500702935456928788e-01 5.029618742451437141e-01 2.498959900731914097e-01 -5.221864734494497881e-04 -6.182168894005893311e-02 9.785732971446369638e-04 4.165094467791472660e-02
4.166652330954412342e-02 -7.577605928685087443e-05 -6.183226430818915265e-02 -1.271977769476048724e-03 2.498959900731914097e-01 5.009349074052655837e-01 2.499983137308961489e-01 1.187666289705723152e-03 -6.186324284627385539e-02 -3.378240483137104778e-04
-3.306549769354055063e-04 4.165050739731489954e-02 -6.511907855915370852e-04 -6.185672692710010578e-02 -5.221864734494497881e-04 2.499983137308961489e-01 4.968864941449944173e-01 2.499571271431154096e-01 -1.291268220062737277e-03 -6.181675409572608831e-02
