2.176515536121901018e-01 2.831044308046987701e-01 1.773839882863915141e-01 9.906275975352542285e-02 5.553643059702055573e-02 2.336467821201268155e-02 1.568494580742387651e-02 -4.747469788343458910e-04 -1.411672464230264573e-02 -3.661178703322302830e-02 -4.125190732625936413e-02 -1.068814373686563790e-01
2.831044308046987701e-01 4.851415775191589286e-01 2.525802625954173819e-01 1.328010937848660700e-01 7.445884536278572774e-02 3.454708782946509793e-02 3.235695594343934028e-02 1.421992476575137734e-02 -3.394083960232877149e-03 -3.086007780614228452e-02 -4.778073279725043865e-02 -1.344805515434216447e-01
1.773839882863915141e-01 2.525802625954173819e-01 1.617520120631877611e-01 8.869019324259541648e-02 5.100160247479380848e-02 2.550474817862983037e-02 2.831563942555715210e-02 1.746503407641957634e-02 5.044235487619159672e-03 -1.289868928798823533e-02 -2.923195525374335316e-02 -8.701239676073280194e-02
9.906275975352542285e-02 1.328010937848660700e-01 8.869019324259541648e-02 5.064150811370692062e-02 3.074516331108646111e-02 1.828817161771454508e-02 2.696223070107718611e-02 2.281414851894311702e-02 1.407551807119687172e-02 4.201079829163499070e-03 -1.290812162870790328e-02 -4.766760049215365558e-02
5.553643059702055573e-02 7.445884536278572774e-02 5.100160247479380848e-02 3.074516331108646111e-02 2.165325510897060657e-02 1.861882020982010000e-02 3.872177831001345771e-02 4.037733910227683104e-02 3.073128404209039127e-02 2.513791817744000234e-02 -1.575982321414867021e-04 -2.417775512971889404e-02
2.336467821201268155e-02 3.454708782946509793e-02 2.550474817862983037e-02 1.828817161771454508e-02 1.861882020982010000e-02 2.609246164304973581e-02 6.836654603860148338e-02 7.733978514238290525e-02 6.045537019207977009e-02 5.672479394723901197e-02 1.438770372393361266e-02 -4.889305467064985686e-03
1.568494580742387651e-02 3.235695594343934028e-02 2.831563942555715210e-02 2.696223070107718611e-02 3.872177831001345771e-02 6.836654603860148338e-02 1.927850931952648228e-01 2.213501892294436613e-01 1.682087940878727594e-01 1.588010405829267668e-01 4.774623736268240881e-02 1.074311884942914970e-02
-4.747469788343458910e-04 1.421992476575137734e-02 1.746503407641957634e-02 2.281414851894311702e-02 4.037733910227683104e-02 7.733978514238290525e-02 2.213501892294436613e-01 2.783910696828730824e-01 2.123546774115250280e-01 1.974274253025769532e-01 6.188660578162567816e-02 2.283344280012725505e-02
-1.411672464230264573e-02 -3.394083960232877149e-03 5.044235487619159672e-03 1.407551807119687172e-02 3.073128404209039127e-02 6.045537019207977009e-02 1.682087940878727594e-01 2.123546774115250280e-01 2.168100429561003184e-01 2.227529776607480305e-01 6.942127688839186406e-02 3.059989324472006667e-02
-3.661178703322302830e-02 -3.086007780614228452e-02 -1.289868928798823533e-02 4.201079829163499070e-03 2.513791817744000234e-02 5.672479394723901197e-02 1.588010405829267668e-01 1.974274253025769532e-01 2.227529776607480305e-01 2.617647924786328795e-01 8.326247029445746350e-02 4.478257781799688253e-02
-4.125190732625936413e-02 -4.778073279725043865e-02 -2.923195525374335316e-02 -1.290812162870790328e-02 -1.575982321414867021e-04 1.438770372393361266e-02 4.774623736268240881e-02 6.188660578162567816e-02 6.942127688839186406e-02 8.326247029445746350e-02 3.092085068390349259e-02 2.872051460520878147e-02
-1.068814373686563790e-01 -1.344805515434216447e-01 -8.701239676073280194e-02 -4.766760049215365558e-02 -2.417775512971889404e-02 -4.889305467064985686e-03 1.074311884942914970e-02 2.283344280012725505e-02 3.059989324472006667e-02 4.478257781799688253e-02 2.872051460520878147e-02 5.639578294296279659e-02
3.439710151832603424e-01 1.644062713526762143e-01 8.658430083247638243e-02 1.128511344282049356e-01 3.007375095125135872e-02 -1.592851585558886264e-03 -2.486121582886793163e-02 -3.368143770165828860e-02 -5.042121911848835430e-02 -3.633341228545628604e-02 -7.147027587302270946e-02 -1.816578133758398605e-01
1.644062713526762143e-01 9.128856934194710948e-02 6.410180452526847983e-02 1.066741262907837939e-01 3.084194834682851480e-02 9.275325829414236140e-03 -5.852922034534611267e-03 -1.436808908377893920e-02 -2.511921657974369032e-02 -1.895124276011455819e-02 -3.703815023704011555e-02 -9.038829561320724237e-02
8.658430083247638243e-02 6.410180452526847983e-02 7.363172520623355310e-02 1.575628483972139615e-01 4.833180251506863367e-02 2.651111383903503871e-02 1.329110857867330311e-02 2.701267181281491805e-03 -4.765940663834791584e-03 -8.019499504906869164e-03 -2.089636773100115794e-02 -5.070815780302156961e-02
1.128511344282049356e-01 1.066741262907837939e-01 1.575628483972139615e-01 3.718117280418448689e-01 1.167393189980986123e-01 7.460064397180737883e-02 5.171767568233214679e-02 2.854171692430514801e-02 1.866964988928513508e-02 -2.079625997283878619e-03 -2.556525428928431778e-02 -6.785188123168664487e-02
3.007375095125135872e-02 3.084194834682851480e-02 4.833180251506863367e-02 1.167393189980986123e-01 4.786281658668373185e-02 6.149532836926482893e-02 6.994835591042311562e-02 4.871452884336285871e-02 4.593877482458537387e-02 1.618595339524765003e-02 2.519785156397301440e-03 -1.228276854090501295e-02
-1.592851585558886264e-03 9.275325829414236140e-03 2.651111383903503871e-02 7.460064397180737883e-02 6.149532836926482893e-02 1.481219404847141097e-01 1.994189835984618298e-01 1.409700807463171446e-01 1.363294460036671429e-01 5.598582128883765330e-02 3.152930417525038470e-02 2.021343798704171302e-02
-2.486121582886793163e-02 -5.852922034534611267e-03 1.329110857867330311e-02 5.171767568233214679e-02 6.994835591042311562e-02 1.994189835984618298e-01 2.933712627458680000e-01 2.043356083930145672e-01 1.924731249836148794e-01 8.069964141456449636e-02 5.015251179504391643e-02 4.229501988233090592e-02
-3.368143770165828860e-02 -1.436808908377893920e-02 2.701267181281491805e-03 2.854171692430514801e-02 4.871452884336285871e-02 1.409700807463171446e-01 2.043356083930145672e-01 1.888027086241484132e-01 2.055249488922499812e-01 8.388761477820583234e-02 5.189971394761055956e-02 4.644535668909181847e-02
-5.042121911848835430e-02 -2.511921657974369032e-02 -4.765940663834791584e-03 1.866964988928513508e-02 4.593877482458537387e-02 1.363294460036671429e-01 1.924731249836148794e-01 2.055249488922499812e-01 2.623270341346486401e-01 1.060466801034236906e-01 6.605610029919993520e-02 6.192510804367384186e-02
-3.633341228545628604e-02 -1.895124276011455819e-02 -8.019499504906869164e-03 -2.079625997283878619e-03 1.618595339524765003e-02 5.598582128883765330e-02 8.069964141456449636e-02 8.388761477820583234e-02 1.060466801034236906e-01 4.430400951502964230e-02 3.045844766535276901e-02 3.422548908000901113e-02
-7.147027587302270946e-02 -3.703815023704011555e-02 -2.089636773100115794e-02 -2.556525428928431778e-02 2.519785156397301440e-03 3.152930417525038470e-02 5.015251179504391643e-02 5.189971394761055956e-02 6.605610029919993520e-02 3.045844766535276901e-02 2.880649498845367154e-02 4.800519962016264186e-02
-1.816578133758398605e-01 -9.038829561320724237e-02 -5.070815780302156961e-02 -6.785188123168664487e-02 -1.228276854090501295e-02 2.021343798704171302e-02 4.229501988233090592e-02 4.644535668909181847e-02 6.192510804367384186e-02 3.422548908000901113e-02 4.800519962016264186e-02 1.057006951471667899e-01
3.014284271305615603e-01 1.987460462954029616e-01 1.658346815047788969e-01 6.891965539519336048e-02 2.010109081609186797e-03 -2.512139155343465907e-02 -3.631732211923269921e-02 -6.469608457660275258e-02 -7.147485949970514008e-02 -7.352511086015889319e-02 -7.958896258121297973e-02 -1.420688593188646764e-01
1.987460462954029616e-01 1.732042246044293576e-01 2.023742327827022514e-01 1.031381339524343743e-01 5.550068094244973299e-02 1.504799445232883268e-02 -7.418721189665379405e-03 -2.868833652794154643e-02 -3.801154349653753511e-02 -4.322435904066546097e-02 -5.020429383203590251e-02 -9.252297050874630502e-02
1.658346815047788969e-01 2.023742327827022514e-01 3.489888752904996005e-01 1.935395733008003494e-01 1.419679021949717679e-01 6.982557928723515106e-02 2.652978194527169653e-02 8.221797367039658522e-03 -8.091329540519512364e-03 -2.141491911063308703e-02 -3.530839079261684915e-02 -7.421969023636709739e-02
6.891965539519336048e-02 1.031381339524343743e-01 1.935395733008003494e-01 1.601970093519785587e-01 1.814063059278848700e-01 1.026542115746265638e-01 5.342582638268304762e-02 4.866279156836250674e-02 3.513631071951223150e-02 1.911054311565730385e-02 4.406812417438843010e-04 -2.267432272370982840e-02
2.010109081609186797e-03 5.550068094244973299e-02 1.419679021949717679e-01 1.814063059278848700e-01 2.902701427797414468e-01 1.727921453522322515e-01 9.595869566951049923e-02 9.743207821737123742e-02 8.111748973470248036e-02 5.882838350574283448e-02 3.177877349689446629e-02 1.693281572266071983e-02
-2.512139155343465907e-02 1.504799445232883268e-02 6.982557928723515106e-02 1.026542115746265638e-01 1.727921453522322515e-01 1.141295095224533762e-01 7.385052014017630395e-02 8.907069124212263489e-02 7.865015524643276246e-02 5.804448483190972896e-02 3.377010868506840485e-02 2.595152725005130112e-02
-3.631732211923269921e-02 -7.418721189665379405e-03 2.652978194527169653e-02 5.342582638268304762e-02 9.595869566951049923e-02 7.385052014017630395e-02 6.504819679251989950e-02 9.970853989123784622e-02 9.300495498927702220e-02 6.759211466359939247e-02 3.825907274533259933e-02 3.028003388608908886e-02
-6.469608457660275258e-02 -2.868833652794154643e-02 8.221797367039658522e-03 4.866279156836250674e-02 9.743207821737123742e-02 8.907069124212263489e-02 9.970853989123784622e-02 1.769559027814549546e-01 1.695517876619428987e-01 1.219926552548922516e-01 6.721015007742503489e-02 5.188770591111974834e-02
-7.147485949970514008e-02 -3.801154349653753511e-02 -8.091329540519512364e-03 3.513631071951223150e-02 8.111748973470248036e-02 7.865015524643276246e-02 9.300495498927702220e-02 1.695517876619428987e-01 1.674787450795965082e-01 1.219098416040280269e-01 6.807599032458803989e-02 5.448675443117684952e-02
-7.352511086015889319e-02 -4.322435904066546097e-02 -2.141491911063308703e-02 1.911054311565730385e-02 5.882838350574283448e-02 5.804448483190972896e-02 6.759211466359939247e-02 1.219926552548922516e-01 1.219098416040280269e-01 9.215922645849664030e-02 5.485196663247503962e-02 4.995504816327710207e-02
-7.958896258121297973e-02 -5.020429383203590251e-02 -3.530839079261684915e-02 4.406812417438843010e-04 3.177877349689446629e-02 3.377010868506840485e-02 3.825907274533259933e-02 6.721015007742503489e-02 6.807599032458803989e-02 5.485196663247503962e-02 3.863959397987209998e-02 4.561888988834804370e-02
-1.420688593188646764e-01 -9.252297050874630502e-02 -7.421969023636709739e-02 -2.267432272370982840e-02 1.693281572266071983e-02 2.595152725005130112e-02 3.028003388608908886e-02 5.188770591111974834e-02 5.448675443117684952e-02 4.995504816327710207e-02 4.561888988834804370e-02 7.150014622839746814e-02
5.256144927454131643e-02 5.534800569025992434e-02 7.150435460821755185e-02 4.376628815703952069e-02 5.538161537539256808e-03 -1.093629266163832423e-02 -5.146045030965887973e-02 -7.661175175205493793e-02 -6.656205878715962254e-02 -7.995888643931040041e-02 -6.502017054436710908e-02 -5.481443981567148127e-02
5.534800569025992434e-02 7.820688160279902490e-02 1.371552212668782078e-01 1.187396457615303158e-01 6.887017396621775145e-02 3.712895301768769606e-03 -3.695875422451598558e-02 -6.162338409413219142e-02 -5.340783639192442367e-02 -6.390328010230350575e-02 -5.325702672968832263e-02 -4.852142457244934537e-02
7.150435460821755185e-02 1.371552212668782078e-01 2.990666542875871636e-01 2.913859199454435500e-01 2.025731447128681362e-01 3.271030295467313581e-02 -1.501638448771938986e-02 -4.291925512821574695e-02 -3.839842641282988078e-02 -4.638946620821021716e-02 -4.170711745573662393e-02 -4.622451693484956603e-02
4.376628815703952069e-02 1.187396457615303158e-01 2.913859199454435500e-01 4.192821492273468564e-01 2.830937927009301025e-01 5.658338636707944957e-02 3.083232501884913476e-02 1.832450899823673957e-02 1.156673959774991850e-02 1.134827364799927997e-02 3.806307603699091244e-03 -1.078732694064555957e-02
5.538161537539256808e-03 6.887017396621775145e-02 2.025731447128681362e-01 2.830937927009301025e-01 2.626580610433958962e-01 6.023785412476999335e-02 6.508209301924175461e-02 7.291281327178848748e-02 5.529994138371092938e-02 6.075179939990282135e-02 4.411697777403067455e-02 2.484614285843673998e-02
-1.093629266163832423e-02 3.712895301768769606e-03 3.271030295467313581e-02 5.658338636707944957e-02 6.023785412476999335e-02 1.864074472668283272e-02 3.714053186132691697e-02 5.172001429254431681e-02 3.541028204815825642e-02 3.489838612855805655e-02 2.596991609561504627e-02 1.875148370054471186e-02
-5.146045030965887973e-02 -3.695875422451598558e-02 -1.501638448771938986e-02 3.083232501884913476e-02 6.508209301924175461e-02 3.714053186132691697e-02 1.209761369513237678e-01 1.850332696511523545e-01 1.174500251459466571e-01 1.057858320556903098e-01 7.849063381569507114e-02 6.187386622066898961e-02
-7.661175175205493793e-02 -6.162338409413219142e-02 -4.291925512821574695e-02 1.832450899823673957e-02 7.291281327178848748e-02 5.172001429254431681e-02 1.850332696511523545e-01 3.006686529916453576e-01 1.830128213289919925e-01 1.551672505658018286e-01 1.126869943681329256e-01 8.911408135032228284e-02
-6.656205878715962254e-02 -5.340783639192442367e-02 -3.839842641282988078e-02 1.156673959774991850e-02 5.529994138371092938e-02 3.541028204815825642e-02 1.174500251459466571e-01 1.830128213289919925e-01 1.356289021890073609e-01 1.333622050101518908e-01 9.933884650786600767e-02 7.816341063129110533e-02
-7.995888643931040041e-02 -6.390328010230350575e-02 -4.638946620821021716e-02 1.134827364799927997e-02 6.075179939990282135e-02 3.489838612855805655e-02 1.057858320556903098e-01 1.551672505658018286e-01 1.333622050101518908e-01 1.555243565161990027e-01 1.195816838858394376e-01 9.433595405300304604e-02
-6.502017054436710908e-02 -5.325702672968832263e-02 -4.170711745573662393e-02 3.806307603699091244e-03 4.411697777403067455e-02 2.596991609561504627e-02 7.849063381569507114e-02 1.126869943681329256e-01 9.933884650786600767e-02 1.195816838858394376e-01 9.488516126286045127e-02 7.584382827550430195e-02
-5.481443981567148127e-02 -4.852142457244934537e-02 -4.622451693484956603e-02 -1.078732694064555957e-02 2.484614285843673998e-02 1.875148370054471186e-02 6.187386622066898961e-02 8.911408135032228284e-02 7.816341063129110533e-02 9.433595405300304604e-02 7.584382827550430195e-02 6.190084992661156610e-02
2.728479271093243175e-01 2.188504314665086214e-01 8.633539096689414605e-02 6.962979073672607988e-02 3.196933147030433381e-02 1.870490260336451008e-02 1.335484912331425314e-04 -2.030576859071008683e-02 -5.935418672566611376e-02 -7.215242397607191105e-02 -1.760734266332076858e-01 -2.281205078388485741e-01
2.188504314665086214e-01 2.146494162685421703e-01 1.008079661304969732e-01 1.162709852184386911e-01 7.049715580764154277e-02 6.448345004281255677e-02 3.345177754322799235e-02 1.080246787376252550e-02 -1.113755205944342436e-02 -4.080733489151176091e-02 -1.254980888367741021e-01 -1.704840151853951324e-01
8.633539096689414605e-02 1.008079661304969732e-01 7.007014330408264935e-02 1.219129945815224658e-01 8.093267866878088579e-02 7.799643519577000028e-02 4.753902848172500417e-02 3.253691018346009656e-02 3.505788806047347578e-02 3.623909335839533077e-03 -3.024900063349390475e-02 -5.805083659212722375e-02
6.962979073672607988e-02 1.162709852184386911e-01 1.219129945815224658e-01 2.714143110562777794e-01 1.832620212589886333e-01 1.747641776990968843e-01 1.098647479138936678e-01 8.450034288213190137e-02 1.097323346422409696e-01 4.527954340597316329e-02 2.090804315051380396e-02 -2.282551763332316477e-02
3.196933147030433381e-02 7.049715580764154277e-02 8.093267866878088579e-02 1.832620212589886333e-01 1.457052390025120048e-01 1.580133206075887420e-01 9.951839309973475878e-02 7.593612949030931203e-02 9.944825195874346102e-02 4.552226102270462427e-02 3.562249525427413355e-02 4.362560351068988686e-03
1.870490260336451008e-02 6.448345004281255677e-02 7.799643519577000028e-02 1.747641776990968843e-01 1.580133206075887420e-01 2.040781784794787057e-01 1.303492692060962410e-01 9.932574412138078790e-02 1.305712315701568760e-01 6.224054886374586620e-02 5.683895033799825358e-02 2.298968676211513712e-02
1.335484912331425314e-04 3.345177754322799235e-02 4.753902848172500417e-02 1.098647479138936678e-01 9.951839309973475878e-02 1.303492692060962410e-01 8.873749585314047450e-02 7.167605181922438728e-02 9.823401758194882927e-02 4.887297834409996822e-02 4.991686514118880147e-02 2.777916489309106840e-02
-2.030576859071008683e-02 1.080246787376252550e-02 3.253691018346009656e-02 8.450034288213190137e-02 7.593612949030931203e-02 9.932574412138078790e-02 7.167605181922438728e-02 6.374584506210463630e-02 9.351771525363161697e-02 5.017174305666523282e-02 5.989301091642829783e-02 4.297240946918078064e-02
-5.935418672566611376e-02 -1.113755205944342436e-02 3.505788806047347578e-02 1.097323346422409696e-01 9.944825195874346102e-02 1.305712315701568760e-01 9.823401758194882927e-02 9.351771525363161697e-02 1.454843880700799064e-01 8.368560135362303198e-02 1.123142680781203939e-01 9.108931348761348246e-02
-7.215242397607191105e-02 -4.080733489151176091e-02 3.623909335839533077e-03 4.527954340597316329e-02 4.552226102270462427e-02 6.224054886374586620e-02 4.887297834409996822e-02 5.017174305666523282e-02 8.368560135362303198e-02 5.819882740241733021e-02 9.885490570882063399e-02 9.263066623470753158e-02
-1.760734266332076858e-01 -1.254980888367741021e-01 -3.024900063349390475e-02 2.090804315051380396e-02 3.562249525427413355e-02 5.683895033799825358e-02 4.991686514118880147e-02 5.989301091642829783e-02 1.123142680781203939e-01 9.885490570882063399e-02 2.081884923036199930e-01 2.127472215771357700e-01
-2.281205078388485741e-01 -1.704840151853951324e-01 -5.805083659212722375e-02 -2.282551763332316477e-02 4.362560351068988686e-03 2.298968676211513712e-02 2.777916489309106840e-02 4.297240946918078064e-02 9.108931348761348246e-02 9.263066623470753158e-02 2.127472215771357700e-01 2.568797360884201852e-01
1.926832365192192587e-01 1.511486163475818656e-01 1.122288666848899885e-01 2.431377409658257160e-02 -4.433210016897969757e-02 -5.672987640716795066e-02 -5.402787213829848140e-02 -5.289008539483392585e-02 -3.269468883388083197e-02 -8.807974506124077729e-02 -1.731607872486506938e-01 -1.690275030814101243e-01
1.511486163475818656e-01 1.409299987571623058e-01 1.416937027495370205e-01 9.505411879897272820e-02 2.067548245538108898e-02 -1.776049411517715421e-02 -2.988159535216266399e-02 -3.456841613362406779e-02 -2.300237912866580359e-02 -6.359971429539834631e-02 -1.242742913449535608e-01 -1.236259584554632029e-01
1.122288666848899885e-01 1.416937027495370205e-01 2.249727983509622331e-01 2.590611656400438334e-01 1.498257261071106461e-01 5.459432125837872241e-02 1.148457540503309074e-02 -6.105898534662004135e-03 -1.056168911915316561e-02 -3.749647057054766863e-02 -7.722397438417649695e-02 -8.067440782542736888e-02
2.431377409658257160e-02 9.505411879897272820e-02 2.590611656400438334e-01 5.025368594194825622e-01 2.906081936231755258e-01 1.381627758455755695e-01 6.578703148303097215e-02 3.626806534680102057e-02 1.091553051637796437e-02 1.350302130105655515e-02 1.830746027227116504e-02 5.338489567832217092e-03
-4.433210016897969757e-02 2.067548245538108898e-02 1.498257261071106461e-01 2.906081936231755258e-01 2.545417164222897322e-01 1.360541494866173151e-01 7.417215493249305902e-02 4.884942121735860038e-02 2.016756149606796847e-02 4.011520443794080321e-02 7.068718370152862751e-02 5.843598678930892604e-02
-5.672987640716795066e-02 -1.776049411517715421e-02 5.459432125837872241e-02 1.381627758455755695e-01 1.360541494866173151e-01 8.120415237746902992e-02 4.899506960157192642e-02 3.562404822304669066e-02 1.668204883782757608e-02 3.729980994454788062e-02 6.861887872125393972e-02 5.996515810499272736e-02
-5.402787213829848140e-02 -2.988159535216266399e-02 1.148457540503309074e-02 6.578703148303097215e-02 7.417215493249305902e-02 4.899506960157192642e-02 3.270960514681560405e-02 2.587569401750968584e-02 1.333503971217256216e-02 3.218965134200898331e-02 6.090197223241759078e-02 5.363591770699469713e-02
-5.289008539483392585e-02 -3.456841613362406779e-02 -6.105898534662004135e-03 3.626806534680102057e-02 4.884942121735860038e-02 3.562404822304669066e-02 2.587569401750968584e-02 2.190465289672474669e-02 1.221267769732239591e-02 3.130703576489497764e-02 6.072799359283944515e-02 5.238138968849893884e-02
-3.269468883388083197e-02 -2.300237912866580359e-02 -1.056168911915316561e-02 1.091553051637796437e-02 2.016756149606796847e-02 1.668204883782757608e-02 1.333503971217256216e-02 1.221267769732239591e-02 7.708850414607524258e-03 2.170970473952634622e-02 4.405685741670048450e-02 3.505597734221042178e-02
-8.807974506124077729e-02 -6.359971429539834631e-02 -3.749647057054766863e-02 1.350302130105655515e-02 4.011520443794080321e-02 3.729980994454788062e-02 3.218965134200898331e-02 3.130703576489497764e-02 2.170970473952634622e-02 6.515162287670481223e-02 1.361016415403928925e-01 1.017741262837800892e-01
-1.731607872486506938e-01 -1.242742913449535608e-01 -7.722397438417649695e-02 1.830746027227116504e-02 7.068718370152862751e-02 6.861887872125393972e-02 6.090197223241759078e-02 6.072799359283944515e-02 4.405685741670048450e-02 1.361016415403928925e-01 2.925721591010226330e-01 2.111339419793744898e-01
-1.690275030814101243e-01 -1.236259584554632029e-01 -8.067440782542736888e-02 5.338489567832217092e-03 5.843598678930892604e-02 5.996515810499272736e-02 5.363591770699469713e-02 5.238138968849893884e-02 3.505597734221042178e-02 1.017741262837800892e-01 2.111339419793744898e-01 1.830843477175398970e-01
1.707676904948190466e-01 1.219169117109730471e-01 8.574262967833795601e-02 6.425808720864377432e-02 5.530214201749288072e-02 2.267789554002699881e-02 1.175928613973968237e-02 2.250978461608507761e-03 -3.303038660918046487e-02 -7.818480880057535054e-02 -1.548935686193336492e-01 -2.230055424304437650e-01
1.219169117109730471e-01 9.793951794142824463e-02 7.761883091818368163e-02 7.008664208989383304e-02 7.434522226322773375e-02 3.265153916695438113e-02 2.308070668867958156e-02 2.408367865841042760e-02 -3.302669032302688566e-04 -4.396864461453251632e-02 -1.017486697854689676e-01 -1.447906175199215606e-01
8.574262967833795601e-02 7.761883091818368163e-02 7.511480891337056487e-02 8.685202017254797791e-02 1.107603812519306341e-01 4.813135928959126619e-02 3.454044802135321224e-02 4.152673235137883251e-02 2.586922459404917760e-02 -1.544096539201875520e-02 -6.007904352236800860e-02 -9.381551260483260435e-02
6.425808720864377432e-02 7.008664208989383304e-02 8.685202017254797791e-02 1.290565689034840480e-01 1.868645228430018679e-01 7.892469442861640982e-02 5.360899757398918108e-02 6.453800380378138524e-02 5.446674744629775161e-02 1.098472808891515912e-02 -2.696128559890396265e-02 -6.028460372861345340e-02
5.530214201749288072e-02 7.434522226322773375e-02 1.107603812519306341e-01 1.868645228430018679e-01 2.942940113673001568e-01 1.228057175380040111e-01 8.125514156673657729e-02 9.711346949863888800e-02 8.993474696305805982e-02 3.773083875833932455e-02 1.188735396288060752e-04 -3.942656238122786011e-02
2.267789554002699881e-02 3.265153916695438113e-02 4.813135928959126619e-02 7.892469442861640982e-02 1.228057175380040111e-01 5.539939082051575925e-02 4.401666669627091188e-02 6.213581982651088242e-02 6.209177535417022276e-02 2.891675459401596426e-02 9.208788718020704395e-03 -1.152310112020032626e-02
1.175928613973968237e-02 2.308070668867958156e-02 3.454044802135321224e-02 5.360899757398918108e-02 8.125514156673657729e-02 4.401666669627091188e-02 5.030127583333689201e-02 8.929674497736236893e-02 9.766410501351693862e-02 4.868338271495320502e-02 2.643175408102303725e-02 5.150480278496316101e-03
2.250978461608507761e-03 2.408367865841042760e-02 4.152673235137883251e-02 6.453800380378138524e-02 9.711346949863888800e-02 6.213581982651088242e-02 8.929674497736236893e-02 1.795497920535228387e-01 2.066124568274587125e-01 1.053128928304077061e-01 6.573423217363659476e-02 3.221365610135018542e-02
-3.303038660918046487e-02 -3.302669032302688566e-04 2.586922459404917760e-02 5.446674744629775161e-02 8.993474696305805982e-02 6.209177535417022276e-02 9.766410501351693862e-02 2.066124568274587125e-01 2.645611032744522584e-01 1.459389502547481787e-01 1.107132015573453754e-01 8.109730874625292740e-02
-7.818480880057535054e-02 -4.396864461453251632e-02 -1.544096539201875520e-02 1.098472808891515912e-02 3.773083875833932455e-02 2.891675459401596426e-02 4.868338271495320502e-02 1.053128928304077061e-01 1.459389502547481787e-01 1.120248684894141339e-01 1.275673691673434029e-01 1.270999202657148164e-01
-1.548935686193336492e-01 -1.017486697854689676e-01 -6.007904352236800860e-02 -2.696128559890396265e-02 1.188735396288060752e-04 9.208788718020704395e-03 2.643175408102303725e-02 6.573423217363659476e-02 1.107132015573453754e-01 1.275673691673434029e-01 2.041693681887147838e-01 2.391507184856099255e-01
-2.230055424304437650e-01 -1.447906175199215606e-01 -9.381551260483260435e-02 -6.028460372861345340e-02 -3.942656238122786011e-02 -1.152310112020032626e-02 5.150480278496316101e-03 3.221365610135018542e-02 8.109730874625292740e-02 1.270999202657148164e-01 2.391507184856099255e-01 3.668216037196411761e-01
3.462158291259734982e-02 5.739892441762516756e-02 3.803205920048244315e-02 8.349924034729218347e-02 3.933370356486189101e-02 2.714037038551529030e-02 -4.025337843259502515e-03 -8.388577927959849079e-03 -1.154537355508649180e-02 -4.441339099463155471e-02 -2.538752760906700517e-02 -2.312209565864328797e-02
5.739892441762516756e-02 9.796537396323018454e-02 6.678419821545351909e-02 1.522980203698812707e-01 7.301168929917248307e-02 5.735192972818127510e-02 5.394853303768940359e-03 -5.672894933459850589e-03 -1.153263499485330038e-02 -4.604630775578345131e-02 -3.128308980578824172e-02 -3.483861575106798197e-02
3.803205920048244315e-02 6.678419821545351909e-02 5.237494884284597113e-02 1.478396226294624305e-01 6.074751142151885164e-02 4.981287474528529879e-02 1.546267605528901801e-02 2.799040018595341447e-03 -4.384056696899964710e-03 -2.195234647646846990e-02 -1.726818044349841610e-02 -2.186166205371451940e-02
8.349924034729218347e-02 1.522980203698812707e-01 1.478396226294624305e-01 5.367985270953516963e-01 1.782504601922747234e-01 1.378099999696803524e-01 6.042123370139523830e-02 1.979173348315620834e-02 -3.875557273302103999e-03 -3.511518043839075010e-02 -3.242785165044610729e-02 -4.584535477314075069e-02
3.933370356486189101e-02 7.301168929917248307e-02 6.074751142151885164e-02 1.782504601922747234e-01 9.593725922721153820e-02 1.263403630970465763e-01 9.658511763283492146e-02 4.624452816522628407e-02 1.064991562961739927e-02 2.530802278272318781e-03 -7.404914654665181728e-03 -1.882679155078552033e-02
2.714037038551529030e-02 5.735192972818127510e-02 4.981287474528529879e-02 1.378099999696803524e-01 1.263403630970465763e-01 2.514044105153308006e-01 2.431573973227213470e-01 1.224335565975864792e-01 3.719614443027148554e-02 4.721802398296508912e-02 1.389987583580168905e-02 -6.051652966383747577e-03
-4.025337843259502515e-03 5.394853303768940359e-03 1.546267605528901801e-02 6.042123370139523830e-02 9.658511763283492146e-02 2.431573973227213470e-01 3.342138537866027881e-01 1.656054495537950255e-01 5.217399654452194169e-02 7.538905898165304542e-02 3.244614387703997904e-02 1.361189753527444930e-02
-8.388577927959849079e-03 -5.672894933459850589e-03 2.799040018595341447e-03 1.979173348315620834e-02 4.624452816522628407e-02 1.224335565975864792e-01 1.656054495537950255e-01 9.074093950999220781e-02 3.520996744199555994e-02 7.101795706515892648e-02 3.065418985336884963e-02 1.418367167920018060e-02
-1.154537355508649180e-02 -1.153263499485330038e-02 -4.384056696899964710e-03 -3.875557273302103999e-03 1.064991562961739927e-02 3.719614443027148554e-02 5.217399654452194169e-02 3.520996744199555994e-02 2.839560241074535335e-02 9.734600183884949132e-02 4.064374051270055327e-02 1.804246978097382575e-02
-4.441339099463155471e-02 -4.604630775578345131e-02 -2.195234647646846990e-02 -3.511518043839075010e-02 2.530802278272318781e-03 4.721802398296508912e-02 7.538905898165304542e-02 7.101795706515892648e-02 9.734600183884949132e-02 3.886754781201881004e-01 1.606901141889978679e-01 6.998963081362978567e-02
-2.538752760906700517e-02 -3.128308980578824172e-02 -1.726818044349841610e-02 -3.242785165044610729e-02 -7.404914654665181728e-03 1.389987583580168905e-02 3.244614387703997904e-02 3.065418985336884963e-02 4.064374051270055327e-02 1.606901141889978679e-01 6.840873011010960292e-02 3.267465349035375555e-02
-2.312209565864328797e-02 -3.483861575106798197e-02 -2.186166205371451940e-02 -4.584535477314075069e-02 -1.882679155078552033e-02 -6.051652966383747577e-03 1.361189753527444930e-02 1.418367167920018060e-02 1.804246978097382575e-02 6.998963081362978567e-02 3.267465349035375555e-02 2.046329350579559336e-02
1.640686354858635898e-01 1.711981720257816642e-01 1.081561223106497771e-01 3.284780184158110627e-02 2.006222315628885047e-02 2.720711302096082314e-03 -9.859332300436573354e-03 -1.715582953580246581e-02 -2.557988276508339071e-02 -5.758057990768321310e-02 -1.519889901043876834e-01 -2.116677195328777461e-01
1.711981720257816642e-01 2.943809717026634742e-01 2.291629093774167902e-01 8.698964508117873473e-02 9.882227641958388209e-02 7.510283611952184302e-02 5.029024868150919203e-02 2.476157977674060123e-02 2.070947260409615812e-03 -2.299512335434188148e-02 -8.166571843220374327e-02 -1.393571831610290190e-01
1.081561223106497771e-01 2.291629093774167902e-01 2.269310198601413309e-01 9.537090454249372296e-02 1.252647664681000306e-01 1.033129965297130276e-01 7.680149790808596388e-02 4.652661460988032072e-02 2.128967828654345501e-02 9.912881284017151934e-03 -3.060736641607464739e-03 -5.098663585656664637e-02
3.284780184158110627e-02 8.698964508117873473e-02 9.537090454249372296e-02 5.196059171761897161e-02 9.283465379900919523e-02 8.120130523702598357e-02 5.869594138809366285e-02 3.502139200759052384e-02 1.776104201609723238e-02 1.459478787677603862e-02 2.102920912979848456e-02 1.594427864846312878e-03
2.006222315628885047e-02 9.882227641958388209e-02 1.252647664681000306e-01 9.283465379900919523e-02 2.134332580224094222e-01 1.925557719875463369e-01 1.351515433131150745e-01 7.834285113280040069e-02 4.037605070539948549e-02 3.759687165010489052e-02 6.595843184568904449e-02 4.329771832249412061e-02
2.720711302096082314e-03 7.510283611952184302e-02 1.033129965297130276e-01 8.120130523702598357e-02 1.925557719875463369e-01 1.868544448724400453e-01 1.338840940319302453e-01 7.820325695579245784e-02 4.139876118598480315e-02 4.114956269701863789e-02 7.634014578415207475e-02 5.944323684489788429e-02
-9.859332300436573354e-03 5.029024868150919203e-02 7.680149790808596388e-02 5.869594138809366285e-02 1.351515433131150745e-01 1.338840940319302453e-01 1.019525067477934088e-01 6.203095155623652990e-02 3.510273615670297248e-02 3.863756286866328049e-02 7.592317038695628462e-02 6.417056667248065283e-02
-1.715582953580246581e-02 2.476157977674060123e-02 4.652661460988032072e-02 3.502139200759052384e-02 7.834285113280040069e-02 7.820325695579245784e-02 6.203095155623652990e-02 4.016104422580004524e-02 2.491618117044215597e-02 3.081911530142678046e-02 6.414127843430837694e-02 5.774301233114964571e-02
-2.557988276508339071e-02 2.070947260409615812e-03 2.128967828654345501e-02 1.776104201609723238e-02 4.037605070539948549e-02 4.139876118598480315e-02 3.510273615670297248e-02 2.491618117044215597e-02 1.798580393118319118e-02 2.615125449181218698e-02 5.870453422081025469e-02 5.697685720745142290e-02
-5.758057990768321310e-02 -2.299512335434188148e-02 9.912881284017151934e-03 1.459478787677603862e-02 3.759687165010489052e-02 4.114956269701863789e-02 3.863756286866328049e-02 3.081911530142678046e-02 2.615125449181218698e-02 4.394937786667235669e-02 1.053828090250248511e-01 1.070394298541306743e-01
-1.519889901043876834e-01 -8.166571843220374327e-02 -3.060736641607464739e-03 2.102920912979848456e-02 6.595843184568904449e-02 7.634014578415207475e-02 7.592317038695628462e-02 6.414127843430837694e-02 5.870453422081025469e-02 1.053828090250248511e-01 2.647638392911993988e-01 2.735123688454027535e-01
-2.116677195328777461e-01 -1.393571831610290190e-01 -5.098663585656664637e-02 1.594427864846312878e-03 4.329771832249412061e-02 5.944323684489788429e-02 6.417056667248065283e-02 5.774301233114964571e-02 5.697685720745142290e-02 1.070394298541306743e-01 2.735123688454027535e-01 3.935585062762149700e-01
7.580174844748385765e-02 1.575126536381485920e-01 1.204016898835912758e-01 6.474937729163782185e-02 1.126930567858755450e-02 -2.023571499771754240e-02 -2.087917949981035748e-02 -2.545209701564438848e-02 -3.821429473203263871e-02 -6.131023953490481737e-02 -3.233142749505861502e-02 -3.856909917408588018e-02
1.575126536381485920e-01 3.559831420778075683e-01 2.635575959317507655e-01 1.525579894502657463e-01 5.650993202855368602e-02 -1.041825884152796505e-02 -2.275705486463023078e-02 -3.226883504358506183e-02 -5.036309664141381398e-02 -8.265292971519017096e-02 -4.922380374429058403e-02 -7.169363142896964525e-02
1.204016898835912758e-01 2.635575959317507655e-01 2.994508923538154455e-01 2.080265457875659918e-01 1.304960724245853021e-01 5.974622042166354702e-02 1.590437178816638333e-02 -6.646174866326706905e-03 -2.652186340992049654e-02 -5.218959255196765901e-02 -3.427954853262494411e-02 -5.481990827146964590e-02
6.474937729163782185e-02 1.525579894502657463e-01 2.080265457875659918e-01 2.077460559910995763e-01 1.965996670437551996e-01 1.315082104761055026e-01 5.954213459428386868e-02 2.985903061357457131e-02 1.808698225764580544e-02 1.397654855679622554e-02 -2.080436352151738937e-03 -2.264390538825812593e-02
1.126930567858755450e-02 5.650993202855368602e-02 1.304960724245853021e-01 1.965996670437551996e-01 3.003989885610724997e-01 2.302892435139546889e-01 1.114590851775577873e-01 6.782556124284183641e-02 6.139493388215209319e-02 7.753013667888586369e-02 2.956315159309051005e-02 9.590607909089518199e-03
-2.023571499771754240e-02 -1.041825884152796505e-02 5.974622042166354702e-02 1.315082104761055026e-01 2.302892435139546889e-01 2.172772652489421141e-01 1.105903415541182599e-01 7.197338619894939893e-02 7.048878418514605004e-02 9.370204082406292934e-02 3.947658857817305800e-02 2.435043022161838266e-02
-2.087917949981035748e-02 -2.275705486463023078e-02 1.590437178816638333e-02 5.954213459428386868e-02 1.114590851775577873e-01 1.105903415541182599e-01 6.327771805818149797e-02 4.885896458860326808e-02 5.621775381597328425e-02 8.023362875622702672e-02 3.378444209561026063e-02 2.145093785941151049e-02
-2.545209701564438848e-02 -3.226883504358506183e-02 -6.646174866326706905e-03 2.985903061357457131e-02 6.782556124284183641e-02 7.197338619894939893e-02 4.885896458860326808e-02 4.902624040309866427e-02 6.753515001480410451e-02 1.027565043701998693e-01 4.270060466571919122e-02 2.621240515907439367e-02
-3.821429473203263871e-02 -5.036309664141381398e-02 -2.652186340992049654e-02 1.808698225764580544e-02 6.139493388215209319e-02 7.048878418514605004e-02 5.621775381597328425e-02 6.753515001480410451e-02 1.032016480701826722e-01 1.620338162201198362e-01 6.685526572334110629e-02 4.012501092187106128e-02
-6.131023953490481737e-02 -8.265292971519017096e-02 -5.218959255196765901e-02 1.397654855679622554e-02 7.753013667888586369e-02 9.370204082406292934e-02 8.023362875622702672e-02 1.027565043701998693e-01 1.620338162201198362e-01 2.579241950165684916e-01 1.063881325951676615e-01 6.389557079644843374e-02
-3.233142749505861502e-02 -4.922380374429058403e-02 -3.427954853262494411e-02 -2.080436352151738937e-03 2.956315159309051005e-02 3.947658857817305800e-02 3.378444209561026063e-02 4.270060466571919122e-02 6.685526572334110629e-02 1.063881325951676615e-01 4.483049075878677014e-02 2.921369414172526185e-02
-3.856909917408588018e-02 -7.169363142896964525e-02 -5.481990827146964590e-02 -2.264390538825812593e-02 9.590607909089518199e-03 2.435043022161838266e-02 2.145093785941151049e-02 2.621240515907439367e-02 4.012501092187106128e-02 6.389557079644843374e-02 2.921369414172526185e-02 2.508161501295831999e-02
4.318797620221381250e-01 2.370442491221445291e-01 1.183243841511632949e-01 1.205176631265170717e-01 6.138937957130734258e-02 4.800540280773516605e-02 1.787152681258566411e-02 2.312703480106508003e-02 7.433760894806504260e-03 -4.384391594207463771e-02 -1.385157542971288680e-01 -2.332800493391384844e-01
2.370442491221445291e-01 1.805881878139264374e-01 1.075941846252944645e-01 1.267363593045752190e-01 6.859856187425134033e-02 5.823733856351048788e-02 2.595866927830218010e-02 4.669417669878304922e-02 4.476254435871815374e-02 5.789203830947274240e-03 -5.811190058576484740e-02 -1.338743962864678561e-01
1.183243841511632949e-01 1.075941846252944645e-01 7.731610336439731501e-02 1.028287572638623415e-01 5.805250141112516110e-02 5.174201791914576076e-02 2.498539416880202549e-02 4.977087740833426033e-02 5.551082128299363039e-02 3.258877264110483091e-02 3.202829362358404486e-04 -5.732974141917938915e-02
1.205176631265170717e-01 1.267363593045752190e-01 1.028287572638623415e-01 1.477405864203842900e-01 8.552449252921728862e-02 7.837537524241944276e-02 3.947016898346053515e-02 8.236708099472153655e-02 9.684683471575052105e-02 7.051224079380452592e-02 4.004646239439273170e-02 -4.201540396596303850e-02
6.138937957130734258e-02 6.859856187425134033e-02 5.805250141112516110e-02 8.552449252921728862e-02 5.040943093252464591e-02 4.726612283283938842e-02 2.486803265343243141e-02 5.439295555558403689e-02 6.596253257644649204e-02 4.977416508802853801e-02 3.473681008327397096e-02 -1.450937894393822258e-02
4.800540280773516605e-02 5.823733856351048788e-02 5.174201791914576076e-02 7.837537524241944276e-02 4.726612283283938842e-02 4.592136626571499680e-02 2.593780221426125396e-02 6.090232539865644140e-02 7.676642248154899595e-02 5.798771774687837971e-02 4.560821077373836130e-02 -2.259096232017192285e-03
1.787152681258566411e-02 2.595866927830218010e-02 2.498539416880202549e-02 3.947016898346053515e-02 2.486803265343243141e-02 2.593780221426125396e-02 1.740021857405638778e-02 4.716995869241115413e-02 6.339108446350508186e-02 4.468950298192830850e-02 3.664886143046434258e-02 8.868175619680201960e-03
2.312703480106508003e-02 4.669417669878304922e-02 4.977087740833426033e-02 8.236708099472153655e-02 5.439295555558403689e-02 6.090232539865644140e-02 4.716995869241115413e-02 1.408984285754651955e-01 1.962021909940249997e-01 1.310473128631680084e-01 1.074228613161098966e-01 4.094815023374111240e-02
7.433760894806504260e-03 4.476254435871815374e-02 5.551082128299363039e-02 9.684683471575052105e-02 6.596253257644649204e-02 7.676642248154899595e-02 6.339108446350508186e-02 1.962021909940249997e-01 2.946502695155518436e-01 1.934488153987613812e-01 1.584131286706129405e-01 7.257156317011922986e-02
-4.384391594207463771e-02 5.789203830947274240e-03 3.258877264110483091e-02 7.051224079380452592e-02 4.977416508802853801e-02 5.798771774687837971e-02 4.468950298192830850e-02 1.310473128631680084e-01 1.934488153987613812e-01 1.661924410072043445e-01 1.732885899044009081e-01 1.030927691557313591e-01
-1.385157542971288680e-01 -5.811190058576484740e-02 3.202829362358404486e-04 4.004646239439273170e-02 3.473681008327397096e-02 4.560821077373836130e-02 3.664886143046434258e-02 1.074228613161098966e-01 1.584131286706129405e-01 1.732885899044009081e-01 2.448086707134092821e-01 1.834480190176920322e-01
-2.332800493391384844e-01 -1.338743962864678561e-01 -5.732974141917938915e-02 -4.201540396596303850e-02 -1.450937894393822258e-02 -2.259096232017192285e-03 8.868175619680201960e-03 4.094815023374111240e-02 7.257156317011922986e-02 1.030927691557313591e-01 1.834480190176920322e-01 2.021945347952263106e-01
