4.901765428938683611e-01 2.758003528396721360e-01 -7.670770894565631659e-02 -9.383532995077609185e-02 3.333200860117675746e-02 7.417455470781933458e-02 5.821147721225895452e-03 -7.826421873791428174e-02 2.357278352541879868e-02 1.055394726186540816e-01 -7.836922699378666424e-02 -3.483272196397187992e-01
2.758003528396721360e-01 6.979228193265518687e-01 2.989003489967086424e-01 -3.148497148410164814e-02 -1.160108873270668806e-01 -1.049488941525320365e-02 8.003761113881896483e-02 -4.249482943660648493e-03 -7.777826955668842857e-02 1.276745666605259497e-02 1.019731819686001267e-01 5.327438347376863004e-02
-7.670770894565631659e-02 2.989003489967086424e-01 4.540086005528925495e-01 3.149422392001139936e-01 6.055479482921163892e-02 -9.321054864753237912e-02 -7.735867159523351910e-02 8.231954617371420313e-02 4.457689010271652374e-02 -8.878216228421290102e-02 -1.895126486369078100e-02 1.056228170037049885e-01
-9.383532995077609185e-02 -3.148497148410164814e-02 3.149422392001139936e-01 4.621308655397334819e-01 3.248779143182666251e-01 4.486368513961122573e-02 -1.103313396704568156e-01 8.529274824701563434e-04 7.993955251600043388e-02 -1.762766935118700862e-02 -7.296315204495895657e-02 -2.582864685419116596e-02
3.333200860117675746e-02 -1.160108873270668806e-01 6.055479482921163892e-02 3.248779143182666251e-01 4.639421665664212879e-01 2.938678424204989037e-01 6.604110285559020022e-02 -1.113579560733810592e-01 -2.462082353034371340e-02 8.440353859818199023e-02 2.500211222018508192e-03 -8.306937643128098347e-02
7.417455470781933458e-02 -1.049488941525320365e-02 -9.321054864753237912e-02 4.486368513961122573e-02 2.938678424204989037e-01 3.856001147595102818e-01 3.254417148213808453e-01 -2.338065307321437677e-02 -1.179533596924766253e-01 4.308178624116441174e-02 7.408217442797346286e-02 1.376244503117818232e-03
5.821147721225895452e-03 8.003761113881896483e-02 -7.735867159523351910e-02 -1.103313396704568156e-01 6.604110285559020022e-02 3.254417148213808453e-01 5.568611266634115875e-01 2.955019150416761109e-01 -4.283338348903777820e-02 -8.840118808253853711e-02 3.538325932272054497e-02 8.185030455779082614e-02
-7.826421873791428174e-02 -4.249482943660648493e-03 8.231954617371420313e-02 8.529274824701563434e-04 -1.113579560733810592e-01 -2.338065307321437677e-02 2.955019150416761109e-01 5.692928721272194625e-01 3.290665263934615670e-01 -5.973335429990572071e-02 -1.133778620527615966e-01 -1.630231274508188444e-02
2.357278352541879868e-02 -7.777826955668842857e-02 4.457689010271652374e-02 7.993955251600043388e-02 -2.462082353034371340e-02 -1.179533596924766253e-01 -4.283338348903777820e-02 3.290665263934615670e-01 4.961661474083322032e-01 3.035537660740977861e-01 1.284675107456407367e-03 -1.047027390329798024e-01
1.055394726186540816e-01 1.276745666605259497e-02 -8.878216228421290102e-02 -1.762766935118700862e-02 8.440353859818199023e-02 4.308178624116441174e-02 -8.840118808253853711e-02 -5.973335429990572071e-02 3.035537660740977861e-01 6.087852214841004139e-01 3.128599528570825683e-01 4.439414584283455506e-02
-7.836922699378666424e-02 1.019731819686001267e-01 -1.895126486369078100e-02 -7.296315204495895657e-02 2.500211222018508192e-03 7.408217442797346286e-02 3.538325932272054497e-02 -1.133778620527615966e-01 1.284675107456407367e-03 3.128599528570825683e-01 3.396516852217321136e-01 2.813637568484298468e-01
-3.483272196397187992e-01 5.327438347376863004e-02 1.056228170037049885e-01 -2.582864685419116596e-02 -8.306937643128098347e-02 1.376244503117818232e-03 8.185030455779082614e-02 -1.630231274508188444e-02 -1.047027390329798024e-01 4.439414584283455506e-02 2.813637568484298468e-01 4.754618374562904481e-01
6.207281750288119460e-01 3.110727936659209991e-01 1.000806011153797942e-02 -1.046560266998662753e-01 2.375625323635890615e-02 9.145610780920002125e-02 -2.468570275904473366e-02 -8.463793618846826572e-02 2.486184372379537239e-02 1.090958889016318545e-01 2.345204998708927402e-02 -3.020705149161844183e-01
3.110727936659209991e-01 4.872993423076823483e-01 3.097769458484549432e-01 5.919571451665404938e-03 -1.117263045894190399e-01 -6.002877538264682344e-02 8.599050766857196937e-02 3.183438710255080684e-02 -8.711699683823131979e-02 -1.367735203220837338e-02 1.118995290391207598e-01 7.049226790299890910e-02
1.000806011153797942e-02 3.097769458484549432e-01 4.068450512892939908e-01 3.072552973964426393e-01 -1.602598742957956485e-02 -1.238717798074864679e-01 3.041222262763019352e-02 8.578176857457939231e-02 -3.425550410035654858e-02 -7.820633772088107782e-02 2.858307677917425790e-03 1.130834016819441679e-01
-1.046560266998662753e-01 5.919571451665404938e-03 3.072552973964426393e-01 6.547975366129892283e-01 3.006343188988475634e-01 3.116760868108271743e-02 -1.044975713490000901e-01 -9.032278132825855704e-03 7.531128766319265810e-02 -8.282575328230701653e-04 -7.658862634959948124e-02 -3.403777435347500602e-02
2.375625323635890615e-02 -1.117263045894190399e-01 -1.602598742957956485e-02 3.006343188988475634e-01 3.430342833104044198e-01 3.029949052281762367e-01 1.593989214739764682e-02 -1.099529414477016243e-01 1.239072245111181702e-03 7.822190951224564093e-02 3.105841005333050131e-02 -6.880076027946888106e-02
9.145610780920002125e-02 -6.002877538264682344e-02 -1.238717798074864679e-01 3.116760868108271743e-02 3.029949052281762367e-01 5.338785671131434096e-01 3.123751834243246317e-01 -4.300802828653086524e-02 -1.058273578510884744e-01 4.083432142566209566e-02 9.454368936818059732e-02 -6.472094604161178835e-03
-2.468570275904473366e-02 8.599050766857196937e-02 3.041222262763019352e-02 -1.044975713490000901e-01 1.593989214739764682e-02 3.123751834243246317e-01 5.613171666921300540e-01 3.187261920291581396e-01 -2.513934792995511924e-02 -1.136325496440515892e-01 -3.327387816586514779e-02 7.211229387484512088e-02
-8.463793618846826572e-02 3.183438710255080684e-02 8.578176857457939231e-02 -9.032278132825855704e-03 -1.099529414477016243e-01 -4.300802828653086524e-02 3.187261920291581396e-01 4.762709068298215387e-01 3.125712576470393578e-01 -2.916140524475065599e-03 -1.130762039254965962e-01 -2.031562580982450295e-02
2.486184372379537239e-02 -8.711699683823131979e-02 -3.425550410035654858e-02 7.531128766319265810e-02 1.239072245111181702e-03 -1.058273578510884744e-01 -2.513934792995511924e-02 3.125712576470393578e-01 5.777253916526747801e-01 3.155508574038735636e-01 4.907058863016451611e-02 -1.025193919050919611e-01
1.090958889016318545e-01 -1.367735203220837338e-02 -7.820633772088107782e-02 -8.282575328230701653e-04 7.822190951224564093e-02 4.083432142566209566e-02 -1.136325496440515892e-01 -2.916140524475065599e-03 3.155508574038735636e-01 3.828868401755254336e-01 2.956838221361914876e-01 6.300732404533057607e-02
2.345204998708927402e-02 1.118995290391207598e-01 2.858307677917425790e-03 -7.658862634959948124e-02 3.105841005333050131e-02 9.454368936818059732e-02 -3.327387816586514779e-02 -1.130762039254965962e-01 4.907058863016451611e-02 2.956838221361914876e-01 4.535181007104023831e-01 3.283746925838423869e-01
-3.020705149161844183e-01 7.049226790299890910e-02 1.130834016819441679e-01 -3.403777435347500602e-02 -6.880076027946888106e-02 -6.472094604161178835e-03 7.211229387484512088e-02 -2.031562580982450295e-02 -1.025193919050919611e-01 6.300732404533057607e-02 3.283746925838423869e-01 5.016986382771311259e-01
5.950005021399028537e-01 3.173712600765947189e-01 -4.845763816025189935e-02 -1.037704739706611645e-01 2.949255567173345027e-02 6.937450346143961277e-02 -1.486881975937578981e-02 -7.562663269153704904e-02 1.962930887160201088e-02 1.060625131773389601e-01 -1.769198371872956338e-02 -3.113465261013378393e-01
3.173712600765947189e-01 4.546307054357381916e-01 3.117204075669096630e-01 -2.786696785162371542e-02 -1.097882335104781448e-01 4.595767433343052322e-02 8.377777662766204558e-02 -1.711239627892543330e-02 -8.249716866827769279e-02 2.283918772358550439e-02 1.148131390514570416e-01 6.938633296056161831e-03
-4.845763816025189935e-02 3.117204075669096630e-01 6.244077855603583638e-01 3.058548720651952380e-01 -4.315754218944860277e-02 -1.012860234547715288e-01 1.017764976794772493e-02 7.588833648871415316e-02 -1.091899650096035332e-02 -7.650922921277189537e-02 7.314991966480342660e-04 1.063794405919960412e-01
-1.037704739706611645e-01 -2.786696785162371542e-02 3.058548720651952380e-01 4.570922322649132452e-01 3.226886610297349800e-01 -1.830504780591797609e-02 -1.182676428033149624e-01 -1.490549827952840009e-02 8.779667689985047596e-02 1.174047389020082405e-02 -8.609165307649857546e-02 -4.234731023697320407e-02
2.949255567173345027e-02 -1.097882335104781448e-01 -4.315754218944860277e-02 3.226886610297349800e-01 5.833736950986194714e-01 3.070596912248912402e-01 1.711410481952332658e-03 -1.069359190467071286e-01 6.036358323919154001e-03 7.660622640696670982e-02 2.399945340692648255e-03 -7.488221909536824095e-02
6.937450346143961277e-02 4.595767433343052322e-02 -1.012860234547715288e-01 -1.830504780591797609e-02 3.070596912248912402e-01 4.732268267100985248e-01 3.175028087787261089e-01 4.786800016253090623e-02 -1.205096193339671301e-01 -3.448916603678842119e-02 8.658100124222330163e-02 6.141176468118032805e-02
-1.486881975937578981e-02 8.377777662766204558e-02 1.017764976794772493e-02 -1.182676428033149624e-01 1.711410481952332658e-03 3.175028087787261089e-01 4.344708994029680138e-01 3.124778186213920117e-01 -4.125285388884689444e-03 -1.105969081891872152e-01 3.102087425674538920e-04 7.947412847539822578e-02
-7.562663269153704904e-02 -1.711239627892543330e-02 7.588833648871415316e-02 -1.490549827952840009e-02 -1.069359190467071286e-01 4.786800016253090623e-02 3.124778186213920117e-01 5.244248210343223082e-01 3.211277144306339260e-01 -2.021330744446728223e-04 -1.180464336804809278e-01 -4.053165503654347634e-02
1.962930887160201088e-02 -8.249716866827769279e-02 -1.091899650096035332e-02 8.779667689985047596e-02 6.036358323919154001e-03 -1.205096193339671301e-01 -4.125285388884689444e-03 3.211277144306339260e-01 4.987823166211046710e-01 3.133407011589182667e-01 1.356429798616381327e-02 -1.059184077047595762e-01
1.060625131773389601e-01 2.283918772358550439e-02 -7.650922921277189537e-02 1.174047389020082405e-02 7.660622640696670982e-02 -3.448916603678842119e-02 -1.105969081891872152e-01 -2.021330744446728223e-04 3.133407011589182667e-01 4.866473983453912244e-01 3.209732795218220858e-01 6.562115108183784462e-02
-1.769198371872956338e-02 1.148131390514570416e-01 7.314991966480342660e-04 -8.609165307649857546e-02 2.399945340692648255e-03 8.658100124222330163e-02 3.102087425674538920e-04 -1.180464336804809278e-01 1.356429798616381327e-02 3.209732795218220858e-01 4.465012763360768910e-01 3.066615358403204650e-01
-3.113465261013378393e-01 6.938633296056161831e-03 1.063794405919960412e-01 -4.234731023697320407e-02 -7.488221909536824095e-02 6.141176468118032805e-02 7.947412847539822578e-02 -4.053165503654347634e-02 -1.059184077047595762e-01 6.562115108183784462e-02 3.066615358403204650e-01 4.214415410504962489e-01
4.737143232628995837e-01 3.209290373647278316e-01 5.982447839927377761e-03 -1.210666386124774341e-01 8.156582014478531983e-02 6.221425869964392064e-02 -2.558936442717132205e-04 -6.688900818794568659e-02 2.555315528923417581e-02 1.028693752752481705e-01 -3.774466197155734032e-02 -3.109100931591950445e-01
3.209290373647278316e-01 4.625048445481326764e-01 3.102955044148225650e-01 -6.959600126117400365e-02 -5.701318213518258293e-02 4.653475116321584282e-02 9.242913882131578718e-02 -4.188484248852127056e-02 -8.029668351685406713e-02 3.628299704902337997e-02 1.111600643804716432e-01 -3.665765458772945323e-02
5.982447839927377761e-03 3.102955044148225650e-01 5.930338888005721731e-01 3.013530974726423284e-01 -1.400024659142667938e-01 -8.336126034064439416e-02 1.375033343277421230e-02 5.997718874049891291e-02 -2.798702272032966426e-02 -6.797911752779241257e-02 2.845612962235989640e-02 1.060057908696084850e-01
-1.210666386124774341e-01 -6.959600126117400365e-02 3.013530974726423284e-01 6.393915076510041651e-01 2.828758726939167856e-01 -1.791645585171980359e-02 -1.224287346318059383e-01 1.627866650556435493e-02 9.175660949896342899e-02 3.145803910319846380e-04 -9.454574430878476266e-02 -2.273072188201724284e-02
8.156582014478531983e-02 -5.701318213518258293e-02 -1.400024659142667938e-01 2.828758726939167856e-01 6.378308087185470265e-01 2.863749713206709124e-01 1.002617784658321604e-01 -1.011105519710962380e-01 -5.477888693666563280e-02 6.551279291898007284e-02 5.563756645859147670e-02 -5.335896940664512644e-02
6.221425869964392064e-02 4.653475116321584282e-02 -8.336126034064439416e-02 -1.791645585171980359e-02 2.863749713206709124e-01 2.367275111354656403e-01 2.543206165499736771e-01 4.328912636825396620e-02 -9.110531777838000445e-02 -3.126871156434481158e-02 6.789725585168132627e-02 3.568483464893833224e-02
-2.558936442717132205e-04 9.242913882131578718e-02 1.375033343277421230e-02 -1.224287346318059383e-01 1.002617784658321604e-01 2.543206165499736771e-01 5.151391026445348853e-01 3.377935007939554257e-01 -3.913529117646859234e-02 -1.308214987028597509e-01 2.446786926404776949e-02 9.828091690924181667e-02
-6.688900818794568659e-02 -4.188484248852127056e-02 5.997718874049891291e-02 1.627866650556435493e-02 -1.011105519710962380e-01 4.328912636825396620e-02 3.377935007939554257e-01 5.562432328217801203e-01 3.024105298091932514e-01 1.324281306147595885e-02 -1.041236191027572755e-01 -3.166916095566363332e-02
2.555315528923417581e-02 -8.029668351685406713e-02 -2.798702272032966426e-02 9.175660949896342899e-02 -5.477888693666563280e-02 -9.110531777838000445e-02 -3.913529117646859234e-02 3.024105298091932514e-01 4.551904023248080078e-01 3.255053755130081772e-01 1.406145210745329485e-02 -1.175780817069165540e-01
1.028693752752481705e-01 3.628299704902337997e-02 -6.797911752779241257e-02 3.145803910319846380e-04 6.551279291898007284e-02 -3.126871156434481158e-02 -1.308214987028597509e-01 1.324281306147595885e-02 3.255053755130081772e-01 5.106834608897934391e-01 3.106508990167975437e-01 2.884429540080013857e-02
-3.774466197155734032e-02 1.111600643804716432e-01 2.845612962235989640e-02 -9.454574430878476266e-02 5.563756645859147670e-02 6.789725585168132627e-02 2.446786926404776949e-02 -1.041236191027572755e-01 1.406145210745329485e-02 3.106508990167975437e-01 4.602442628992250984e-01 3.188802358564882256e-01
-3.109100931591950445e-01 -3.665765458772945323e-02 1.060057908696084850e-01 -2.273072188201724284e-02 -5.335896940664512644e-02 3.568483464893833224e-02 9.828091690924181667e-02 -3.166916095566363332e-02 -1.175780817069165540e-01 2.884429540080013857e-02 3.188802358564882256e-01 4.592966543032948046e-01
5.486813378387680462e-01 3.006238171732745212e-01 -6.218894199381168678e-03 -1.046834286589195112e-01 2.586040535404634383e-02 7.830066246322282819e-02 -3.479272466153595506e-02 -8.654377726757811473e-02 4.563561828950450650e-03 1.165896362389584606e-01 5.527114192149461258e-02 -3.268551257374622820e-01
3.006238171732745212e-01 5.772360860087276668e-01 3.170408369994178188e-01 1.516510079811885132e-02 -1.216074968914155896e-01 -2.366595424163064204e-02 9.505839795965204120e-02 4.561631929922081718e-02 -7.846503672965328413e-02 -4.245518866204314734e-02 8.680729760316341359e-02 6.306510385402702701e-02
-6.218894199381168678e-03 3.170408369994178188e-01 3.714737399578973420e-01 3.004462081215980018e-01 7.093267197570685828e-03 -1.023835425316480668e-01 1.382537207133908638e-02 7.460839227923532491e-02 4.483206880818078194e-03 -7.550928968289727372e-02 -3.695731070265175638e-02 1.145802146804699995e-01
-1.046834286589195112e-01 1.516510079811885132e-02 3.004462081215980018e-01 6.012922007801941859e-01 3.227716459336696930e-01 -2.057280173906209791e-02 -1.200130446425518582e-01 -1.887019107923641748e-02 8.111031101056292991e-02 1.252946631578849730e-02 -7.385227040165608103e-02 -7.610689630987941059e-03
2.586040535404634383e-02 -1.216074968914155896e-01 7.093267197570685828e-03 3.227716459336696930e-01 4.364174046786351013e-01 3.070519732908474353e-01 9.231585391790373199e-03 -9.961665011144957282e-02 -2.249209133172808822e-02 7.176845850073582112e-02 4.898987839538911093e-02 -8.271565578893406989e-02
7.830066246322282819e-02 -2.366595424163064204e-02 -1.023835425316480668e-01 -2.057280173906209791e-02 3.070519732908474353e-01 5.528325242845844034e-01 3.275024313830781630e-01 3.056647802476883391e-02 -1.159616557802993081e-01 -1.463914608400934333e-02 7.931130247979914505e-02 -1.251965831830177504e-03
-3.479272466153595506e-02 9.505839795965204120e-02 1.382537207133908638e-02 -1.200130446425518582e-01 9.231585391790373199e-03 3.275024313830781630e-01 4.485606826445622808e-01 2.933596042373512458e-01 3.878027305884582110e-02 -9.782760040174534599e-02 -6.141348088455833576e-02 8.286630468649205938e-02
-8.654377726757811473e-02 4.561631929922081718e-02 7.460839227923532491e-02 -1.887019107923641748e-02 -9.961665011144957282e-02 3.056647802476883391e-02 2.933596042373512458e-01 4.140952688346480892e-01 3.281974437173637016e-01 2.055232599774096600e-02 -1.217559861382937064e-01 1.579625091092966976e-02
4.563561828950450650e-03 -7.846503672965328413e-02 4.483206880818078194e-03 8.111031101056292991e-02 -2.249209133172808822e-02 -1.159616557802993081e-01 3.878027305884582110e-02 3.281974437173637016e-01 5.685381296383587024e-01 3.001988449875694354e-01 2.882847462945943226e-02 -1.067511981978071511e-01
1.165896362389584606e-01 -4.245518866204314734e-02 -7.550928968289727372e-02 1.252946631578849730e-02 7.176845850073582112e-02 -1.463914608400934333e-02 -9.782760040174534599e-02 2.055232599774096600e-02 3.001988449875694354e-01 3.731111242629269187e-01 3.176439419893204441e-01 -4.255114111789769227e-03
5.527114192149461258e-02 8.680729760316341359e-02 -3.695731070265175638e-02 -7.385227040165608103e-02 4.898987839538911093e-02 7.931130247979914505e-02 -6.141348088455833576e-02 -1.217559861382937064e-01 2.882847462945943226e-02 3.176439419893204441e-01 5.693679662892683346e-01 3.030302633147886060e-01
-3.268551257374622820e-01 6.306510385402702701e-02 1.145802146804699995e-01 -7.610689630987941059e-03 -8.271565578893406989e-02 -1.251965831830177504e-03 8.286630468649205938e-02 1.579625091092966976e-02 -1.067511981978071511e-01 -4.255114111789769227e-03 3.030302633147886060e-01 5.383935347815409500e-01
5.146246160745124865e-01 2.950225946049439552e-01 7.102632979638777433e-03 -8.884770312098061451e-02 6.376146926001788340e-02 4.855335655019212687e-02 -4.696518773040107841e-02 -6.004211204411847441e-02 4.301901859265340466e-02 1.361646201375357468e-01 6.207032196323845549e-03 -3.384941219694705961e-01
2.950225946049439552e-01 4.830231969759891664e-01 3.461126302052116577e-01 -7.642127744941444589e-02 -7.575721632014002782e-02 6.380895067640129925e-02 6.303867584837094529e-02 -4.520237106325293575e-02 -6.855472269614797109e-02 -2.465452540761701658e-02 9.394385084060280500e-02 2.253975437119232379e-03
7.102632979638777433e-03 3.461126302052116577e-01 5.361040641187064804e-01 2.612184275751098239e-01 -1.056394717589063392e-01 -6.670621442089474940e-02 5.624679092640053751e-02 5.660829661034809390e-02 -4.045195329905470344e-02 -1.035613569106890453e-01 7.665587970236000664e-03 1.353951912490290732e-01
-8.884770312098061451e-02 -7.642127744941444589e-02 2.612184275751098239e-01 7.366612715520511889e-01 2.691245380545650989e-01 -8.361877630171592191e-02 -1.043380851386965513e-01 3.822523097111278634e-02 8.222982472655157582e-02 5.504832144564092422e-02 -6.427301945392638327e-02 -4.715057484621831135e-02
6.376146926001788340e-02 -7.575721632014002782e-02 -1.056394717589063392e-01 2.691245380545650989e-01 5.264586883314872345e-01 3.453607048034539884e-01 4.416246508973343393e-02 -1.293330072883873139e-01 -5.598923791290525559e-02 3.912499366236794202e-02 5.632631692246554272e-02 -5.312564746418262790e-02
4.855335655019212687e-02 6.380895067640129925e-02 -6.670621442089474940e-02 -8.361877630171592191e-02 3.453607048034539884e-01 4.840950421982407326e-01 2.935483078677435520e-01 8.837677781852777345e-03 -8.920626067850166707e-02 -7.635769883516668743e-02 4.852294008817183146e-02 5.661230861427075239e-02
-4.696518773040107841e-02 6.303867584837094529e-02 5.624679092640053751e-02 -1.043380851386965513e-01 4.416246508973343393e-02 2.935483078677435520e-01 4.312110460698301839e-01 3.363253355384395737e-01 7.596786632198671008e-02 -6.947642765105412066e-02 -5.414601274399979958e-02 6.111382151670897295e-02
-6.004211204411847441e-02 -4.520237106325293575e-02 5.660829661034809390e-02 3.822523097111278634e-02 -1.293330072883873139e-01 8.837677781852777345e-03 3.363253355384395737e-01 5.324037312739846595e-01 2.856695119523411375e-01 1.007098401267555177e-01 -8.565949955804179339e-02 -5.071223502573560249e-02
4.301901859265340466e-02 -6.855472269614797109e-02 -4.045195329905470344e-02 8.222982472655157582e-02 -5.598923791290525559e-02 -8.920626067850166707e-02 7.596786632198671008e-02 2.856695119523411375e-01 2.629971381147780951e-01 2.513483397293760357e-01 6.876308902785852051e-02 -9.183405858404061761e-02
1.361646201375357468e-01 -2.465452540761701658e-02 -1.035613569106890453e-01 5.504832144564092422e-02 3.912499366236794202e-02 -7.635769883516668743e-02 -6.947642765105412066e-02 1.007098401267555177e-01 2.513483397293760357e-01 4.486042105661638968e-01 3.468805603657065806e-01 -2.667084644777139787e-02
6.207032196323845549e-03 9.394385084060280500e-02 7.665587970236000664e-03 -6.427301945392638327e-02 5.632631692246554272e-02 4.852294008817183146e-02 -5.414601274399979958e-02 -8.565949955804179339e-02 6.876308902785852051e-02 3.468805603657065806e-01 5.598686615693652113e-01 2.925704525336888517e-01
-3.384941219694705961e-01 2.253975437119232379e-03 1.353951912490290732e-01 -4.715057484621831135e-02 -5.312564746418262790e-02 5.661230861427075239e-02 6.111382151670897295e-02 -5.071223502573560249e-02 -9.183405858404061761e-02 -2.667084644777139787e-02 2.925704525336888517e-01 4.839483331549587208e-01
4.857931320125337127e-01 3.182833912869923454e-01 2.147583546258760578e-02 -1.115355471685201688e-01 -9.435768950538180044e-03 8.305177774103325583e-02 4.184702555115846212e-02 -6.831001962814023387e-02 -3.754382180801399405e-02 1.084873958021203427e-01 6.753798258130119803e-02 -3.116217309146395165e-01
3.182833912869923454e-01 4.758945801235707762e-01 3.158401269871386474e-01 3.598752881748241983e-02 -1.116529347237305708e-01 -2.533429880918461677e-03 8.013761266890236101e-02 2.807099012479587902e-02 -8.352583887586470524e-02 -7.444755081728059165e-03 1.128326095703119092e-01 1.009535019099997398e-02
2.147583546258760578e-02 3.158401269871386474e-01 4.763827402035603620e-01 3.185094981226690436e-01 -1.030025775360996973e-02 -1.140991403686972550e-01 -3.446312908986625539e-02 7.273016342036957294e-02 2.129170579158348731e-02 -7.896836844548230094e-02 -3.543364945261751053e-02 1.132114106108124407e-01
-1.115355471685201688e-01 3.598752881748241983e-02 3.185094981226690436e-01 4.678401222223551037e-01 3.106640015323723358e-01 -1.131279685988609805e-02 -1.146766729003961816e-01 -1.838697680820330221e-02 8.761777863602233929e-02 -7.612890064980925783e-03 -8.980551997247235296e-02 1.784034478373240293e-02
-9.435768950538180044e-03 -1.116529347237305708e-01 -1.030025775360996973e-02 3.106640015323723358e-01 5.930600527893816754e-01 3.154441070387700163e-01 3.984545651064111405e-02 -1.038800366031977784e-01 -1.541953946437316786e-02 7.772127640876383414e-02 2.922286425006044575e-02 -8.004231262396704905e-02
8.305177774103325583e-02 -2.533429880918461677e-03 -1.140991403686972550e-01 -1.131279685988609805e-02 3.154441070387700163e-01 3.916351383636225147e-01 2.968717241654189598e-01 6.450880504511584401e-02 -1.130449992646235108e-01 -1.808530192367392014e-02 8.138522968319478190e-02 2.468510629472150768e-03
4.184702555115846212e-02 8.013761266890236101e-02 -3.446312908986625539e-02 -1.146766729003961816e-01 3.984545651064111405e-02 2.968717241654189598e-01 4.454795829196265267e-01 3.271177642448218625e-01 -2.454185478976761425e-02 -1.150056274528347827e-01 2.014574306395288793e-03 8.111770730462966594e-02
-6.831001962814023387e-02 2.807099012479587902e-02 7.273016342036957294e-02 -1.838697680820330221e-02 -1.038800366031977784e-01 6.450880504511584401e-02 3.271177642448218625e-01 5.174929324922934448e-01 3.075300386169573241e-01 -2.650975682018540114e-02 -1.139178138312537947e-01 3.312787603948399995e-02
-3.754382180801399405e-02 -8.352583887586470524e-02 2.129170579158348731e-02 8.761777863602233929e-02 -1.541953946437316786e-02 -1.130449992646235108e-01 -2.454185478976761425e-02 3.075300386169573241e-01 5.698940284872047179e-01 3.171067583228546760e-01 5.935380374684119317e-03 -1.122332152426924190e-01
1.084873958021203427e-01 -7.444755081728059165e-03 -7.896836844548230094e-02 -7.612890064980925783e-03 7.772127640876383414e-02 -1.808530192367392014e-02 -1.150056274528347827e-01 -2.650975682018540114e-02 3.171067583228546760e-01 4.501402934489996399e-01 3.176265879479509557e-01 -1.919281130140990804e-02
6.753798258130119803e-02 1.128326095703119092e-01 -3.543364945261751053e-02 -8.980551997247235296e-02 2.922286425006044575e-02 8.138522968319478190e-02 2.014574306395288793e-03 -1.139178138312537947e-01 5.935380374684119317e-03 3.176265879479509557e-01 5.187017286632042978e-01 3.068908837387858135e-01
-3.116217309146395165e-01 1.009535019099997398e-02 1.132114106108124407e-01 1.784034478373240293e-02 -8.004231262396704905e-02 2.468510629472150768e-03 8.111770730462966594e-02 3.312787603948399995e-02 -1.122332152426924190e-01 -1.919281130140990804e-02 3.068908837387858135e-01 6.076856682736846427e-01
4.128001379944558624e-01 3.140346612597423315e-01 7.288997187405327205e-02 -7.281380542980010750e-02 2.237795011967188066e-02 5.583460461690865212e-02 -3.764639829880592203e-02 -3.540346874010735778e-02 4.424839414120727149e-02 1.022703607057632302e-01 -1.056762120877563216e-01 -3.124313221292297493e-01
3.140346612597423315e-01 6.172168416351677678e-01 3.093803943378768961e-01 -3.554969018500487438e-02 -8.613117702438620460e-02 4.340586481131017416e-03 6.359839941992992407e-02 -3.545609906750997464e-02 -7.157109732247023126e-02 -3.033841332748914849e-02 1.221721680215355210e-01 3.896513936659459776e-02
7.288997187405327205e-02 3.093803943378768961e-01 2.681340669375411601e-01 2.458499120917689573e-01 -2.324668351641117139e-02 -7.840793127169262688e-02 3.792152060028558536e-02 3.507219156693746481e-02 -3.350523573909190700e-02 -6.599199803823971311e-02 7.733783595727754256e-02 1.022626613044714250e-01
-7.281380542980010750e-02 -3.554969018500487438e-02 2.458499120917689573e-01 8.243642479006851875e-01 2.427776520400232174e-01 -6.779107488852417762e-02 -5.837732754125291024e-02 6.240851757916461573e-02 5.119372376118661028e-02 -6.403647952918784837e-03 -5.044206051312700306e-02 -6.057901161630560583e-03
2.237795011967188066e-02 -8.613117702438620460e-02 -2.324668351641117139e-02 2.427776520400232174e-01 3.408979855406849557e-01 3.455374788837428657e-01 1.275606872106795769e-02 -1.432685693997355625e-01 -3.894746233590418855e-02 7.311648499532107104e-02 -2.218206912126387785e-03 -6.865553664522996979e-02
5.583460461690865212e-02 4.340586481131017416e-03 -7.840793127169262688e-02 -6.779107488852417762e-02 3.455374788837428657e-01 6.232717012063677675e-01 2.669713868473190255e-01 -1.139351015387055077e-01 -9.128238378104813755e-02 2.411601742106460333e-02 5.321004790151099423e-02 -9.016473193604400416e-03
-3.764639829880592203e-02 6.359839941992992407e-02 3.792152060028558536e-02 -5.837732754125291024e-02 1.275606872106795769e-02 2.669713868473190255e-01 5.636764875624810101e-01 3.676777867237708830e-01 6.932613226775960480e-02 -1.066186284678629637e-01 -1.115040905959347600e-02 7.347495663631678497e-02
-3.540346874010735778e-02 -3.545609906750997464e-02 3.507219156693746481e-02 6.240851757916461573e-02 -1.432685693997355625e-01 -1.139351015387055077e-01 3.676777867237708830e-01 5.045006488761751839e-01 2.397634867531290848e-01 3.784914020743988805e-02 -7.519980031535293541e-02 -3.660358011672623646e-02
4.424839414120727149e-02 -7.157109732247023126e-02 -3.350523573909190700e-02 5.119372376118661028e-02 -3.894746233590418855e-02 -9.128238378104813755e-02 6.932613226775960480e-02 2.397634867531290848e-01 2.485131666333646461e-01 2.986090770397642480e-01 2.322799006109906375e-02 -1.037231150235423671e-01
1.022703607057632302e-01 -3.033841332748914849e-02 -6.599199803823971311e-02 -6.403647952918784837e-03 7.311648499532107104e-02 2.411601742106460333e-02 -1.066186284678629637e-01 3.784914020743988805e-02 2.986090770397642480e-01 6.958680889018871163e-01 2.858236507395123249e-01 -4.511912995107820318e-02
-1.056762120877563216e-01 1.221721680215355210e-01 7.733783595727754256e-02 -5.044206051312700306e-02 -2.218206912126387785e-03 5.321004790151099423e-02 -1.115040905959347600e-02 -7.519980031535293541e-02 2.322799006109906375e-02 2.858236507395123249e-01 4.034634333920362748e-01 3.306552710615151547e-01
-3.124313221292297493e-01 3.896513936659459776e-02 1.022626613044714250e-01 -6.057901161630560583e-03 -6.865553664522996979e-02 -9.016473193604400416e-03 7.347495663631678497e-02 -3.660358011672623646e-02 -1.037231150235423671e-01 -4.511912995107820318e-02 3.306552710615151547e-01 4.972931934191648917e-01
4.644798160385246177e-01 3.201722023389894090e-01 -5.838092741606164260e-02 -1.048686697502925341e-01 -7.824372252488614662e-03 7.706133837797100872e-02 -2.989729528218002972e-04 -7.691986257675609284e-02 -1.183476593465536061e-02 1.005891077930218397e-01 7.459919024274190569e-02 -3.117833149670118376e-01
3.201722023389894090e-01 5.813234920650415249e-01 3.021111774407645445e-01 -1.197181107959712117e-02 -1.152562202041684802e-01 2.814476106570870315e-02 8.473737807032194480e-02 -1.986017532559651577e-02 -8.986536007146742056e-02 -2.696097766062782036e-02 1.053594379961249189e-01 2.910939441658120380e-02
-5.838092741606164260e-02 3.021111774407645445e-01 5.721902414498987177e-01 3.065155682293042583e-01 5.033558535364360265e-02 -1.179374490911044293e-01 -3.353887015715258102e-02 8.501855460487647842e-02 4.981968623129921780e-02 -5.882726376902815135e-02 -8.850263810717549917e-02 1.033294535977794248e-01
-1.048686697502925341e-01 -1.197181107959712117e-02 3.065155682293042583e-01 3.409410285942611751e-01 3.013714534108122289e-01 7.597608066181977919e-03 -1.070300790609136909e-01 -2.492316435577977829e-03 7.796871752315664983e-02 3.321047199447792891e-02 -6.401107420587437424e-02 -1.737409514572478553e-02
-7.824372252488614662e-03 -1.152562202041684802e-01 5.033558535364360265e-02 3.013714534108122289e-01 5.757270836839820660e-01 3.179931443657658119e-01 -2.973217338979622718e-02 -1.154170477430891961e-01 -4.220872758727596021e-03 7.853520565873450821e-02 4.113871832201261569e-02 -8.615100154206155325e-02
7.706133837797100872e-02 2.814476106570870315e-02 -1.179374490911044293e-01 7.597608066181977919e-03 3.179931443657658119e-01 4.967267992028902013e-01 3.176118845061508544e-01 1.631810568526098626e-02 -1.117194963935529695e-01 -5.333555972472429907e-02 5.956825284687122801e-02 2.817871157339989219e-02
-2.989729528218002972e-04 8.473737807032194480e-02 -3.353887015715258102e-02 -1.070300790609136909e-01 -2.973217338979622718e-02 3.176118845061508544e-01 4.970673738482969672e-01 3.166552070832135413e-01 3.374957266984222881e-02 -9.804003178900465298e-02 -5.457331072264080818e-02 8.467822180827021261e-02
-7.691986257675609284e-02 -1.986017532559651577e-02 8.501855460487647842e-02 -2.492316435577977829e-03 -1.154170477430891961e-01 1.631810568526098626e-02 3.166552070832135413e-01 4.692881514131000409e-01 3.153100564789222959e-01 7.738306253102741894e-02 -9.248904638193702898e-02 -2.202251311567162556e-02
-1.183476593465536061e-02 -8.986536007146742056e-02 4.981968623129921780e-02 7.796871752315664983e-02 -4.220872758727596021e-03 -1.117194963935529695e-01 3.374957266984222881e-02 3.153100564789222959e-01 4.159481198054525986e-01 2.961287789415995575e-01 6.505264871881227817e-02 -1.192668244036250574e-01
1.005891077930218397e-01 -2.696097766062782036e-02 -5.882726376902815135e-02 3.321047199447792891e-02 7.853520565873450821e-02 -5.333555972472429907e-02 -9.804003178900465298e-02 7.738306253102741894e-02 2.961287789415995575e-01 4.006776100837979859e-01 3.230259113625505996e-01 -3.967067484900566043e-02
7.459919024274190569e-02 1.053594379961249189e-01 -8.850263810717549917e-02 -6.401107420587437424e-02 4.113871832201261569e-02 5.956825284687122801e-02 -5.457331072264080818e-02 -9.248904638193702898e-02 6.505264871881227817e-02 3.230259113625505996e-01 5.559760525847312618e-01 2.933697715013348084e-01
-3.117833149670118376e-01 2.910939441658120380e-02 1.033294535977794248e-01 -1.737409514572478553e-02 -8.615100154206155325e-02 2.817871157339989219e-02 8.467822180827021261e-02 -2.202251311567162556e-02 -1.192668244036250574e-01 -3.967067484900566043e-02 2.933697715013348084e-01 6.296542312300238420e-01
4.372650613418653798e-01 3.098668301422797255e-01 -5.289163191678394882e-02 -9.522878727047789926e-02 4.818543236868132185e-02 4.760566007160119822e-02 -5.149906309572406526e-02 -5.939934319458931716e-02 4.206530042936522384e-02 9.311026965472674055e-02 -8.743893119330958807e-02 -3.205159343829159235e-01
3.098668301422797255e-01 6.148233032292446110e-01 2.982457529282219744e-01 -7.211174829010127962e-02 -9.757619055360389204e-02 7.855179224553779371e-02 6.049097441376527495e-02 -5.356052180481486735e-02 -7.874871372427147409e-02 4.029082778449584457e-02 1.014341941713908096e-01 -7.108752714438910242e-03
-5.289163191678394882e-02 2.982457529282219744e-01 5.606456611183880945e-01 3.233013157808402038e-01 -3.377913538110782071e-02 -1.093439823994110660e-01 2.792350772607592874e-02 8.658907860888889751e-02 3.123340934686693986e-03 -8.409869057802768499e-02 1.147904127954950046e-02 1.192079366228562670e-01
-9.522878727047789926e-02 -7.211174829010127962e-02 3.233013157808402038e-01 5.159948138911980564e-01 3.097824706043568188e-01 -6.265937279575568841e-02 -1.023150130287832499e-01 2.199918466977228773e-02 7.876910881965853983e-02 -8.025274985676173270e-03 -7.724487418919118165e-02 -2.987465768879265376e-02
4.818543236868132185e-02 -9.757619055360389204e-02 -3.377913538110782071e-02 3.097824706043568188e-01 5.768211572925527886e-01 3.134100882805912480e-01 -2.437483065129443169e-02 -1.208900538793635515e-01 -1.843790092449319046e-02 8.567278199246761150e-02 5.089053501337807706e-03 -8.314923747020679101e-02
4.760566007160119822e-02 7.855179224553779371e-02 -1.093439823994110660e-01 -6.265937279575568841e-02 3.134100882805912480e-01 5.431733932164429790e-01 3.126288374310894902e-01 2.639636947388592642e-02 -1.012775139391119267e-01 -2.604975774803805488e-02 7.462991406606514500e-02 6.013049071354228947e-02
-5.149906309572406526e-02 6.049097441376527495e-02 2.792350772607592874e-02 -1.023150130287832499e-01 -2.437483065129443169e-02 3.126288374310894902e-01 4.397770155545677184e-01 3.182669453798030457e-01 6.259656355479398249e-02 -1.121858874382243437e-01 -2.833610949975209903e-02 7.023768348382633531e-02
-5.939934319458931716e-02 -5.356052180481486735e-02 8.658907860888889751e-02 2.199918466977228773e-02 -1.208900538793635515e-01 2.639636947388592642e-02 3.182669453798030457e-01 4.661946912652160102e-01 3.104131683262163488e-01 6.582869032381222577e-03 -1.087122588874170348e-01 -4.823608244967075853e-02
4.206530042936522384e-02 -7.874871372427147409e-02 3.123340934686693986e-03 7.876910881965853983e-02 -1.843790092449319046e-02 -1.012775139391119267e-01 6.259656355479398249e-02 3.104131683262163488e-01 4.372844286393638424e-01 3.179992219192790959e-01 1.289969979086759075e-02 -1.131178510553185468e-01
9.311026965472674055e-02 4.029082778449584457e-02 -8.409869057802768499e-02 -8.025274985676173270e-03 8.567278199246761150e-02 -2.604975774803805488e-02 -1.121858874382243437e-01 6.582869032381222577e-03 3.179992219192790959e-01 5.794404159314434644e-01 3.094291310410566265e-01 4.423159446050617394e-02
-8.743893119330958807e-02 1.014341941713908096e-01 1.147904127954950046e-02 -7.724487418919118165e-02 5.089053501337807706e-03 7.462991406606514500e-02 -2.833610949975209903e-02 -1.087122588874170348e-01 1.289969979086759075e-02 3.094291310410566265e-01 3.750002566882756905e-01 3.002311804268485429e-01
-3.205159343829159235e-01 -7.108752714438910242e-03 1.192079366228562670e-01 -2.987465768879265376e-02 -8.314923747020679101e-02 6.013049071354228947e-02 7.023768348382633531e-02 -4.823608244967075853e-02 -1.131178510553185468e-01 4.423159446050617394e-02 3.002311804268485429e-01 4.535798018314762814e-01
6.616206070895779279e-01 2.952026749998135080e-01 -1.656253912806358863e-02 -1.093143284791500969e-01 3.856756156522984924e-03 8.306024710436296643e-02 1.041203922756058636e-02 -7.322938570309972528e-02 -2.110854873836082168e-02 1.061955952553371302e-01 5.049063758310513156e-02 -3.031405310413176624e-01
2.952026749998135080e-01 5.187717911721005937e-01 3.121048363930205571e-01 2.717929408193125659e-02 -1.038943357131793810e-01 -4.535670022202417662e-02 6.483254043705677372e-02 9.991293123813382859e-02 -6.781341988567497758e-02 -8.512895335276186859e-02 9.175962562179729165e-02 9.860189718897441336e-02
-1.656253912806358863e-02 3.121048363930205571e-01 4.039023591952958792e-01 3.171960174058393589e-01 3.106770262688625384e-02 -1.139870489633758310e-01 -2.935522579083518768e-02 6.332880842631696816e-02 1.901635334016236675e-02 -7.140401502866093597e-02 -2.214792523616146078e-02 1.050201416417927969e-01
-1.093143284791500969e-01 2.717929408193125659e-02 3.171960174058393589e-01 5.628431904734233493e-01 3.064517305126602809e-01 1.078787093916878242e-02 -9.709190286311676632e-02 -8.133200785128516519e-02 7.413076112543137697e-02 5.425838432725241245e-02 -7.302491079683449959e-02 -4.516440041162163299e-02
3.856756156522984924e-03 -1.038943357131793810e-01 3.106770262688625384e-02 3.064517305126602809e-01 3.900104247301373617e-01 3.223381953609575912e-01 6.647301401150505773e-02 -8.276653631991681692e-02 -2.608928345895204087e-02 6.719698250712574650e-02 1.811045836920509647e-02 -7.272193579767907701e-02
8.306024710436296643e-02 -4.535670022202417662e-02 -1.139870489633758310e-01 1.078787093916878242e-02 3.223381953609575912e-01 5.533994089166749397e-01 2.955598171170069621e-01 8.316392847754613959e-02 -1.096687778394995760e-01 -3.585326518162257337e-02 7.979171046506261522e-02 1.838790629916158686e-02
1.041203922756058636e-02 6.483254043705677372e-02 -2.935522579083518768e-02 -9.709190286311676632e-02 6.647301401150505773e-02 2.955598171170069621e-01 2.877647455504247498e-01 2.786992039212314864e-01 2.616089802663905048e-02 -9.968409181219277382e-02 -8.428923005143227482e-03 7.454149587993680326e-02
-7.322938570309972528e-02 9.991293123813382859e-02 6.332880842631696816e-02 -8.133200785128516519e-02 -8.276653631991681692e-02 8.316392847754613959e-02 2.786992039212314864e-01 5.324606980836485981e-01 3.252856309442784810e-01 -4.686592773814376306e-02 -1.160783158216527194e-01 5.077527661704678980e-02
-2.110854873836082168e-02 -6.781341988567497758e-02 1.901635334016236675e-02 7.413076112543137697e-02 -2.608928345895204087e-02 -1.096687778394995760e-01 2.616089802663905048e-02 3.252856309442784810e-01 5.580212265474995270e-01 3.111158198441497102e-01 -1.286037816498706611e-02 -1.113967567838303474e-01
1.061955952553371302e-01 -8.512895335276186859e-02 -7.140401502866093597e-02 5.425838432725241245e-02 6.719698250712574650e-02 -3.585326518162257337e-02 -9.968409181219277382e-02 -4.686592773814376306e-02 3.111158198441497102e-01 4.775596721264422362e-01 3.172140059728765782e-01 -2.136044847005176550e-02
5.049063758310513156e-02 9.175962562179729165e-02 -2.214792523616146078e-02 -7.302491079683449959e-02 1.811045836920509647e-02 7.979171046506261522e-02 -8.428923005143227482e-03 -1.160783158216527194e-01 -1.286037816498706611e-02 3.172140059728765782e-01 5.582613915098010304e-01 3.188097188039581420e-01
