1.184619824017523748e-01 1.950513185180536291e-01 9.384350806460982353e-02 4.799954672001039563e-02 3.742066290702025788e-02 4.366287044565332620e-02 9.956948045263355751e-02 1.345606243581365935e-01 1.164224153073331602e-01 1.130075908247969441e-01
3.807267154101010714e-02 5.942628631993896599e-02 1.536146450768166027e-01 1.149024681815726534e-01 9.075329448801780496e-02 1.283290860357956253e-01 7.419624434817978509e-02 1.137940224082739926e-01 1.406225528550809067e-01 8.628872874531376413e-02
1.066912177956033103e-01 6.309472757806054710e-02 6.801080148823093752e-02 1.019569278182088645e-01 1.219755525320043166e-01 1.045096992637508798e-01 1.272813153487946658e-01 9.907888209415630087e-02 1.123267869269403141e-01 9.507408915424990503e-02
8.941986871133025816e-02 1.008927888989562122e-01 1.048521008894525153e-01 8.920921194252913466e-02 6.286381941640878379e-02 5.472499699070333679e-02 6.131135133186491060e-02 8.559328909121916018e-02 1.609599063063733015e-01 1.901726664211625395e-01
1.219328190057814149e-01 4.056103980509512263e-02 8.027045192916576477e-02 1.300592624717044343e-01 1.025605739862645444e-01 8.801970502901119986e-02 6.670478169155767689e-02 7.505289855236432772e-02 1.386919497066014528e-01 1.561465178224542838e-01
8.216539895083820044e-02 1.210913030318747641e-01 1.070089990675080482e-01 1.145733264146810704e-01 8.212014839975328995e-02 7.103789143235116066e-02 9.326636419933939659e-02 7.817936718358195480e-02 1.251602047329911094e-01 1.253969965870811165e-01
9.390218298914812523e-02 1.040967071636427904e-01 1.408212648034753434e-01 2.293323878800795079e-01 1.401334680857768133e-01 8.631038773013674503e-02 6.485041475330716176e-02 5.303402235054628655e-02 3.102951803507274925e-02 5.648964620881481713e-02
1.571712918314153162e-01 1.233514779307925691e-01 8.972567893495900226e-02 7.633367597387431813e-02 8.313212762457383720e-02 1.054824794860126785e-01 1.257196013040108307e-01 6.742281561430316095e-02 6.389893724222617255e-02 1.077619140578323642e-01
8.625807119013673141e-02 7.353438166031690815e-02 9.878855507052364260e-02 1.221590478912368410e-01 6.735755718506844514e-02 6.061908259066052518e-02 6.634260347928003232e-02 2.440291461620881508e-01 9.213796477012872743e-02 8.877359000056003757e-02
1.277450406055631316e-01 9.017689310300622263e-02 5.994202641303201379e-02 1.363072775164094197e-01 8.668539041716635807e-02 7.122779706057896787e-02 9.518321670953276692e-02 1.430711365401932111e-01 1.188215806518254231e-01 7.083964098269268650e-02
1.336426644314129275e-01 9.928550178465647691e-02 6.859253026445774615e-02 4.546587655635200842e-02 3.490446842072943145e-02 5.032314299234558197e-02 1.202574324431037872e-01 1.678175165728005291e-01 1.151848679341894166e-01 1.645259985999521501e-01
1.270637240827928727e-01 1.327060529641485020e-01 1.515837932049758363e-01 1.204826772558612313e-01 7.693484214344578631e-02 7.078614505179697813e-02 8.287289307632368651e-02 1.033380349685588395e-01 6.351298708991634512e-02 7.071885016218003306e-02
1.915282338629549219e-01 1.207408106123202679e-01 7.779542563662902865e-02 8.859581100914971918e-02 6.402884903586392173e-02 6.273419825900378166e-02 4.431750514709260902e-02 9.353293601733235485e-02 1.326303325817643763e-01 1.240958978378891298e-01
1.183958450748451713e-01 1.020747068269955149e-01 1.112829637169769903e-01 1.077252129505991418e-01 5.940125208881041202e-02 6.527199867895026875e-02 8.156323659425160355e-02 1.265273503487595597e-01 7.987265600458277881e-02 1.478847777152285936e-01
1.106171486300526058e-01 1.105189947406423207e-01 1.423009213021887154e-01 7.315189359644827527e-02 1.116523884649582576e-01 1.189295703724915498e-01 8.502016414985098802e-02 6.202375820626968017e-02 7.216090293859955818e-02 1.136242575984980074e-01
1.116691208276371083e-01 1.194738019664759732e-01 8.512887297804942743e-02 7.768793178248882547e-02 1.066985400098593023e-01 1.061064575599116877e-01 9.386987952030230453e-02 1.128456916023492240e-01 1.030642331534805944e-01 8.345547059944577462e-02
7.285798857893668878e-02 9.282217957450475398e-02 1.298850332921739070e-01 1.180885653899350352e-01 8.754694972217211268e-02 8.177260872954258963e-02 1.548360490245429544e-01 1.239016373503393775e-01 7.828900406713217019e-02 5.999998427072045920e-02
1.046468122093926062e-01 1.005002935164541755e-01 7.036600541323054236e-02 7.372421332042074227e-02 8.280317252380245407e-02 1.133184594065669848e-01 9.511833219842957821e-02 1.002336122524551121e-01 1.170894933880943373e-01 1.421996057711536754e-01
1.454049106618694742e-01 1.297413475765994695e-01 5.573795298802372566e-02 6.150730480491449492e-02 5.660336567653059814e-02 1.443894076135334992e-01 9.967725066318519622e-02 6.209130158283601708e-02 1.088339840210636594e-01 1.360131744114439489e-01
8.526401572321194722e-02 7.921219720845704138e-02 1.139310195850275625e-01 1.526759327742431283e-01 1.012103119560339021e-01 4.231327892507011357e-02 4.797456416794569634e-02 9.477570477227204027e-02 1.529582558644634049e-01 1.296847190232751079e-01
3.283307925427032814e-02 7.122357019639549702e-02 1.900013498395900780e-01 1.542528658324719970e-01 7.748159356041300905e-02 7.217895808293933735e-02 1.876536209566151692e-01 1.252569240264299055e-01 5.561019902831690342e-02 3.350783922255762964e-02
1.392325329245613086e-01 1.298204074498857941e-01 9.013611830392512236e-02 8.938980488035139227e-02 6.502808747988642057e-02 6.976103233749808563e-02 7.622441962069881338e-02 1.584017678767242199e-01 1.104975949154067966e-01 7.150823421106217159e-02
1.279834202122332731e-01 1.005540327556445901e-01 1.323921708238077199e-01 1.097327692958996181e-01 5.551089043485247371e-02 5.021088073332213852e-02 7.241914261713430778e-02 1.460083184661976619e-01 1.070183211905425813e-01 9.817005347036600327e-02
4.463173350218931773e-02 7.007698444519268322e-02 1.960945034496066885e-01 1.281628208265699620e-01 8.001146458902322345e-02 7.518064400006922721e-02 1.187040161600481647e-01 1.328605050637096663e-01 9.509363262547679274e-02 5.918369533811432270e-02
6.867009359450829131e-02 9.760841718238068287e-02 9.906283738370318115e-02 1.131638201562438495e-01 6.726468554003499356e-02 1.013792076300509548e-01 8.126292015519502587e-02 7.301247395027293807e-02 1.486091263067403911e-01 1.499664181008697750e-01
5.391996638206807135e-02 6.737223285293041097e-02 5.550138627028085997e-02 1.100550263268720019e-01 1.404100352331942303e-01 1.275677977646517969e-01 1.098613230458235501e-01 1.754048559244594241e-01 9.677696957475143136e-02 6.313040662496853528e-02
1.769360730639494561e-01 1.173684343020628268e-01 8.666497281587122459e-02 5.655918698109158038e-02 8.183044966482046212e-02 1.026151513792271097e-01 1.033582187900873861e-01 6.074990617668328541e-02 6.728742512626130490e-02 1.466301816999453500e-01
8.190208739040197305e-02 5.621107217567580111e-02 5.617722054539435461e-02 5.452080184641974053e-02 8.459729915644403908e-02 1.724937454440462758e-01 1.369924620253127057e-01 9.890588139516845456e-02 1.183548093294323200e-01 1.398446206917045576e-01
1.123768428617094028e-01 1.239897040686523955e-01 1.375237956572646914e-01 7.860006197939672923e-02 6.734896210974541941e-02 7.735927144652986198e-02 5.872158950666886423e-02 9.442075134755673060e-02 1.301898099518806751e-01 1.194692110705953547e-01
1.098011913657347405e-01 9.409646616691927368e-02 1.108089185149967737e-01 7.669832706241426490e-02 5.920385767422252365e-02 4.068290303757855081e-02 6.748522713783024207e-02 1.243369998487734718e-01 2.067305453195669440e-01 1.101555638719634578e-01
6.771288366533725900e-02 9.718725846243111977e-02 1.076659211933005678e-01 9.809603824577151077e-02 9.638616319949339095e-02 9.077413115837391910e-02 1.325499364731156926e-01 1.264194555920713225e-01 1.136888407411020124e-01 6.951937126900351038e-02
5.664543093019673570e-02 4.934374283254081006e-02 9.134106757991755643e-02 9.704804453433260591e-02 8.957418644108834649e-02 1.144877028147146258e-01 1.415434476729760249e-01 1.097768245587593394e-01 1.223860195988661775e-01 1.278535330366078193e-01
9.533968117392424557e-02 1.235339882321825900e-01 1.724358885152595111e-01 1.157010933281016479e-01 5.993010224601158509e-02 5.080757328954244728e-02 6.843600587563170023e-02 9.938983735586874591e-02 1.057691466682638276e-01 1.086566833152137757e-01
9.785827159105710271e-02 1.284471576569110041e-01 8.143222937142018114e-02 9.065982445282094737e-02 7.713048459587747152e-02 1.852089532227068625e-01 1.349435197037710532e-01 8.465386615151695993e-02 5.705109319797535550e-02 6.261460005594340905e-02
1.114660259943984488e-01 7.728945537428993928e-02 6.730291055196463423e-02 8.402174353237154558e-02 9.304453153502351137e-02 1.671167777232345220e-01 1.286435476024250790e-01 8.150255730324974801e-02 9.244923775854321790e-02 9.716321262449952034e-02
1.006735236351035401e-01 8.332754212564127960e-02 1.218598832924163017e-01 1.491352183511124863e-01 1.132144564442433554e-01 5.344191195840557879e-02 6.208830748272096273e-02 7.069076159697332273e-02 1.304766013714950823e-01 1.150917937418880627e-01
5.061938351782319101e-02 7.406949058028233779e-02 1.146031867361809176e-01 1.869111618842420053e-01 5.310132102269556759e-02 7.006351476800609657e-02 1.420231437155667353e-01 1.269835092675698773e-01 1.162542982815768788e-01 6.537099022605631637e-02
1.309023594581767702e-01 9.222028253894105909e-02 8.351895904585414365e-02 9.702505455980675597e-02 7.986455361715363854e-02 9.621804060488761690e-02 1.166843187622674805e-01 1.008961721641727927e-01 9.494936011586184443e-02 1.077208991328780785e-01
1.257522325867761193e-01 1.225433149743782035e-01 8.530791369925574963e-02 8.938488505704310361e-02 7.070872597476358934e-02 6.822664126028654685e-02 9.379073361708027690e-02 9.082717660869799037e-02 1.186221900013419150e-01 1.348361862203766581e-01
7.373453375679159261e-02 6.803386563708030410e-02 9.666094462390663333e-02 1.267737007976822983e-01 9.367701107398138105e-02 7.916458584581188840e-02 9.238543576019297987e-02 9.584252551254927865e-02 1.130424093378739753e-01 1.606849876541295297e-01
4.688354815646601781e-02 8.610940408097748910e-02 1.770339957554626364e-01 7.865423058644108179e-02 6.816995390560645629e-02 1.140048066429952128e-01 1.446184367213776134e-01 1.147243525118515073e-01 1.053420461342642056e-01 6.445922550455804312e-02
8.737181738573694678e-02 1.681646750381124433e-01 1.082975259823870384e-01 4.630006110800199276e-02 3.542454159746303427e-02 6.751088412759853608e-02 1.118578880724447333e-01 1.056647480077673174e-01 1.416827311480513552e-01 1.277251275324368107e-01
6.283101341563568365e-02 6.742457781731991950e-02 8.025822549434907804e-02 1.308239056837987579e-01 1.217258558103841287e-01 1.197428842344486488e-01 1.230391718466874035e-01 8.919396036431115338e-02 9.484382760743013951e-02 1.101165777256352951e-01
8.134869568240614413e-02 1.048821618589564769e-01 1.448413846931074778e-01 1.202809346866766105e-01 8.805824906538282926e-02 8.168612241282767472e-02 8.235929085913959447e-02 6.739582205132890746e-02 8.814200836301214204e-02 1.410053303271620873e-01
1.067619527164920534e-01 4.209087741045546005e-02 6.116129747959479779e-02 1.439437824799160437e-01 7.687247228948032585e-02 1.282142840493251668e-01 1.418520350283295761e-01 1.302163354988388755e-01 9.666086504459495132e-02 7.222609800297294380e-02
3.973543528082044279e-02 3.769236941134880559e-02 6.425750323346129944e-02 1.019314659277326257e-01 1.405898115504012336e-01 1.327042661933378609e-01 6.534696162982830958e-02 1.374572424779059998e-01 2.005961248630667715e-01 7.968881943209671359e-02
1.086261191403509740e-01 8.067424301226283623e-02 9.123760566479846568e-02 1.479038018195391602e-01 1.038697889872025465e-01 8.669413416625716684e-02 1.178599525519911095e-01 8.064912150480051112e-02 8.635749317411217651e-02 9.612773997868494236e-02
5.834016775489092588e-02 8.268838002123082842e-02 1.423481437598266008e-01 1.406897877373115002e-01 8.180681611308152079e-02 9.574358783003139584e-02 1.102566002926254618e-01 1.214283785629579754e-01 8.709302831573872972e-02 7.960510961230525540e-02
1.432314765357698971e-01 1.038106197057637042e-01 6.931639789504012716e-02 4.895374589172693525e-02 1.168482897114055674e-01 9.741712062535676231e-02 1.319683272824368481e-01 1.043283804763774636e-01 7.996264246740818205e-02 1.041629994087148042e-01
5.442114297243343113e-02 7.706721027653382072e-02 1.016011861702047214e-01 1.212806506566817683e-01 2.449534143696551758e-01 1.436018299254424591e-01 7.915819252884978563e-02 5.951691617584837363e-02 5.976208634295755023e-02 5.863737058139299047e-02
7.704550474567763152e-02 5.116160820807601900e-02 1.561848943370828524e-01 1.097455778853805436e-01 1.141737390507494981e-01 6.092642924736962895e-02 5.012375338365666899e-02 9.662908981626114335e-02 1.490279355141884143e-01 1.349814678115577038e-01
1.373619064016855795e-01 1.686355878326071256e-01 7.098722964630099774e-02 7.409191252630209501e-02 6.145210791732977351e-02 9.952478992846634787e-02 8.466886684073275660e-02 9.056609334226356500e-02 9.505953316736362457e-02 1.176519723969483150e-01
5.250744976045514795e-02 6.739557955857433669e-02 6.504728649110988470e-02 6.963223616535275939e-02 9.645983608764012451e-02 1.346956446731255863e-01 1.709025603729223408e-01 1.150937331979891426e-01 1.332738357981751998e-01 9.499183789465570626e-02
8.345094448985072855e-02 7.655352246888767753e-02 1.080260227715043458e-01 1.201802742448039030e-01 9.055372682121112793e-02 7.739887363523745289e-02 7.551983631478759174e-02 1.358154969035179627e-01 1.095712245540605700e-01 1.229300777961388758e-01
7.343046659845794966e-02 1.480760481502712556e-01 1.728752829802184532e-01 8.712686721604742668e-02 6.476701039567545060e-02 8.846140813234321110e-02 1.445881003009996946e-01 9.959070163081437665e-02 5.992570650181373859e-02 6.115840809335847811e-02
9.534356011633116079e-02 6.528876469512523428e-02 4.414279854824398885e-02 3.626103005406797197e-02 5.659148509498752866e-02 1.302259165987793565e-01 1.891136955177756540e-01 9.989867424617113190e-02 1.514170882325457934e-01 1.317169868959723322e-01
9.925676692382470745e-02 8.069682516809384420e-02 1.356818410092390514e-01 1.101991330084340776e-01 6.238239325930423212e-02 7.260223482942648743e-02 1.602658692117143457e-01 1.613398157368138019e-01 6.778325477247171271e-02 4.979186608067782960e-02
7.818875953474681284e-02 8.135065818739413424e-02 1.099077229656207910e-01 6.909721962784705351e-02 1.132929048816694872e-01 7.732964582444205870e-02 1.119796195946314576e-01 1.293553398646395403e-01 1.148770597020526280e-01 1.146210698169559811e-01
9.400138117049616771e-02 6.912330137051793388e-02 7.700360429819436137e-02 9.775771950042971836e-02 1.109251979461161330e-01 8.621659241839214893e-02 7.399590689043146485e-02 1.716238035173514032e-01 1.120286469237159049e-01 1.073238459643549997e-01
8.463285092496851403e-02 1.889074560439928108e-01 1.003392422777596438e-01 9.187622590884617080e-02 1.378797500592722769e-01 9.741619977974504130e-02 8.381608778255006387e-02 6.493872421106947068e-02 6.126361543379166275e-02 8.892984757800428963e-02
1.277910852009730980e-01 8.406758530067112711e-02 4.299107827620064770e-02 6.750738342377676782e-02 1.227197132564786797e-01 8.298355569499402118e-02 1.108544896897686594e-01 1.271913518162439694e-01 1.194723517031763271e-01 1.144214056377169525e-01
1.034521829101717472e-01 1.763740983997831302e-01 1.002549622706369603e-01 6.320401266047660782e-02 7.700836324360869900e-02 7.011956190481297146e-02 1.036746529963488428e-01 1.314173773875944029e-01 7.596370593189433196e-02 9.853108229467263945e-02
1.190533822211587850e-01 8.069958662423978857e-02 6.431099752021615656e-02 5.416883467851311973e-02 5.003710218070979432e-02 9.595267292923817526e-02 1.546819192476193150e-01 1.236825775800051985e-01 1.185580997519946611e-01 1.388548272663049366e-01
1.622898858215626738e-01 1.351732423596169741e-01 8.667230742707973667e-02 1.929453762517426285e-01 1.766621704936041648e-01 7.059562007542548312e-02 2.930871054108991069e-02 2.733358628632449883e-02 4.133111589457728885e-02 7.768798484897682100e-02
4.305874394427133822e-02 6.650267633857000205e-02 9.581079888114162058e-02 1.436700547830906671e-01 1.262544470591556167e-01 9.285556499204108971e-02 1.028764258768435358e-01 1.280056297299324297e-01 1.424396869890097173e-01 5.852597140594405223e-02
1.129862990989385502e-01 6.428758194329364795e-02 7.199875504745015253e-02 4.550334973943542805e-02 8.048776834123072543e-02 2.205275032000149071e-01 1.385341410896457071e-01 1.078136300753069488e-01 6.744265891882528230e-02 9.041831254585865063e-02
6.960732030760927169e-02 7.155141896652625344e-02 9.527194419472186093e-02 9.738063338803738811e-02 1.365763147142712852e-01 1.051407166705947416e-01 6.270284514994275971e-02 1.105030884370788724e-01 1.663393634990360526e-01 8.492635467218148659e-02
7.394421669511330730e-02 1.394653207974932418e-01 1.069174210673255049e-01 9.518600685910659498e-02 1.449706714669583563e-01 1.058319237213621034e-01 1.560831622517281636e-01 8.246652924343486624e-02 5.175153057331827178e-02 4.338321732415961751e-02
9.847063496526592408e-02 7.538572838252585728e-02 9.624823415168606844e-02 1.079819859690289152e-01 1.079958184351823558e-01 9.322132392145475455e-02 7.457918869593077593e-02 9.380411232002917876e-02 1.239838429616817450e-01 1.283291301972144527e-01
1.608917578406920401e-01 1.130753246064942485e-01 8.680127427743168644e-02 1.736278365343867647e-01 9.977259476776514924e-02 1.154074508316548231e-01 1.108401643414083093e-01 5.870058282159441865e-02 2.507557881983489556e-02 5.580743515873792110e-02
9.889390601918542079e-02 1.050645202943818191e-01 2.162251564717770358e-01 9.680429378857086098e-02 5.813060697695120183e-02 1.052299374010243621e-01 5.786829295543424040e-02 4.668632971298095763e-02 6.363902652529693227e-02 1.514579298543972663e-01
5.685224934163491534e-02 6.693717174240945700e-02 8.553744749491790089e-02 1.076798200108215753e-01 8.826358179682956828e-02 5.850224812546748338e-02 9.336410788358974477e-02 1.613003881696958297e-01 1.359120392637794272e-01 1.456509461708542508e-01
5.434607961215526251e-02 6.988912084888261600e-02 1.533808303712357601e-01 1.329130740614762884e-01 7.183849712673888444e-02 4.765470132221241023e-02 6.516473736510566828e-02 1.533742623930320625e-01 1.683192185285809217e-01 8.311947837058004940e-02
8.739550247563188101e-02 1.687620359848387985e-01 1.470414066636480110e-01 1.389101574050592702e-01 1.145654907084358159e-01 1.116958393476826239e-01 7.640285898779780593e-02 5.425027481706493765e-02 4.244923961478030972e-02 5.852719399506062237e-02
9.233465801255960614e-02 7.833490236398769901e-02 1.005939591017847023e-01 1.028753070873018871e-01 1.002861667601269990e-01 1.340565690411331112e-01 6.665540044260409580e-02 7.189131210483676315e-02 1.489536163524840529e-01 1.040181087331810694e-01
8.808385890203031254e-02 1.021897378548763113e-01 1.241943610063728221e-01 1.491739935261094385e-01 6.290878689075521391e-02 4.198753014910582698e-02 7.361573042640287556e-02 1.249678952434816470e-01 1.377851034967655097e-01 9.509300250410004929e-02
5.739598276292727508e-02 1.078155164514699449e-01 1.007879712794232108e-01 1.260680942215340605e-01 9.873838609776880437e-02 1.360900001929694070e-01 1.917995257741184068e-01 1.055760894350514650e-01 3.888437732448207784e-02 3.684405646025555592e-02
8.952653284787800980e-02 8.347012704004019845e-02 9.553916510438409393e-02 1.449867055890949885e-01 1.019016317498286361e-01 1.316779295634109559e-01 6.687155792829466150e-02 4.941848096281348940e-02 8.555941872610395293e-02 1.510484504881510481e-01
8.957912056636553599e-02 8.785919971424488439e-02 5.136035201890470914e-02 6.357101164127340609e-02 9.572198826912808878e-02 1.142113285530661354e-01 1.153685644676925304e-01 1.017700828295421966e-01 1.215436665288234241e-01 1.590146854109591446e-01
1.838504602771983687e-01 5.151371097169182844e-02 2.531695332445311336e-02 3.343497626215498342e-02 7.524640854519874800e-02 2.183335636196628848e-01 1.306362003287945273e-01 6.350811485734797479e-02 9.050309885861798631e-02 1.276565129548797861e-01
4.054524451095622983e-02 6.265696265960671307e-02 9.650090310392994697e-02 1.057947822201129456e-01 1.233664259418794790e-01 1.200184061046808415e-01 1.302822605942345058e-01 1.515047015471764347e-01 1.133043868354545597e-01 5.602592648196855207e-02
7.897852102153574139e-02 5.182541212254629381e-02 4.025166582728664788e-02 8.393135524159142657e-02 2.278965069851432435e-01 1.411322944807670288e-01 8.135006129081162607e-02 8.348130643543762164e-02 1.448107611778170212e-01 6.634211541706323823e-02
1.132431771988501590e-01 6.631436844065824454e-02 7.235688024949513131e-02 8.220163036731448214e-02 1.126047512196557410e-01 1.349056912841917200e-01 1.179469281733213221e-01 8.458181613806779742e-02 1.117160683946689659e-01 1.041286885337766033e-01
1.314514783703866763e-01 7.429618513572996963e-02 6.759002015335933977e-02 4.105146333045887885e-02 8.756502580633221400e-02 2.008942274332458089e-01 1.207632437774631279e-01 8.205506976716726852e-02 8.036184101532944934e-02 1.139714452105273779e-01
6.513042373862591716e-02 6.672381554972411921e-02 6.886466287162526512e-02 1.035773115164562164e-01 1.228495893827505903e-01 1.196790526759723694e-01 1.179992841753495503e-01 1.127900712902260572e-01 1.064786402551387290e-01 1.159071485441313387e-01
6.692100283935716043e-02 3.705408874705583971e-02 4.729971484911425772e-02 1.174637377950398798e-01 2.041337547140816833e-01 9.865036468610399734e-02 6.944895106554403730e-02 8.419915235389122121e-02 1.460009568667164914e-01 1.288282760830954110e-01
7.574711686997542825e-02 1.311031031907663458e-01 1.406839466405589711e-01 1.158711957408483373e-01 9.029183819995922899e-02 7.308049121601711828e-02 6.895406665476161434e-02 1.036812914868013025e-01 1.144738279557504512e-01 8.611312204456111896e-02
1.017527837107384536e-01 1.306421102740573659e-01 1.150393803612516780e-01 1.508575681368977683e-01 1.065472771089000514e-01 9.125860828717900775e-02 1.001159105089772100e-01 8.273412572571348100e-02 6.840210387276229875e-02 5.265013201352267136e-02
7.773397640614279624e-02 1.318463010187699846e-01 1.075722573902188339e-01 8.938034364283860278e-02 6.234794405267762157e-02 9.572473952958777954e-02 1.325523801854702755e-01 9.079540523102908045e-02 1.160906374948841857e-01 9.595601504838116580e-02
8.387360683605546430e-02 7.031895359313523886e-02 9.095644965816915284e-02 1.011658417706849389e-01 6.960172184912497007e-02 7.852126401396072874e-02 9.137715592222853123e-02 1.424115760681154419e-01 1.637371146124184107e-01 1.080363156761071086e-01
2.880324111670636011e-02 4.682631012570732248e-02 1.262135070696853434e-01 1.840889884543600030e-01 1.017549911532610596e-01 1.053175355664714985e-01 1.594962082197490805e-01 1.239478723723248799e-01 8.211525783868624251e-02 4.143608808304827251e-02
9.195039860249054620e-02 5.454872424736312980e-02 7.297499774529139782e-02 8.502212540187249756e-02 1.587795560269668615e-01 1.308693218731051267e-01 6.446502750164052886e-02 5.649147901060753985e-02 1.182105452574587767e-01 1.666878243332037823e-01
7.317566701912189830e-02 1.326896107319122664e-01 1.427521697514286814e-01 1.005450415060510361e-01 5.403494808541773470e-02 7.173644928910544172e-02 7.841702557841173649e-02 1.156030365059332460e-01 1.467754758200872922e-01 8.427057571253053492e-02
9.642554274276901594e-02 1.094112710317189652e-01 1.054780725798112606e-01 5.739400091849945762e-02 6.952596549142643634e-02 7.845977277922661086e-02 1.060998000210902348e-01 1.278887937991458057e-01 1.504149684644754681e-01 9.890181217183696694e-02
5.159936632809190848e-02 6.426603693320279143e-02 8.574221151132389862e-02 1.835752333033720818e-01 8.093102562104081965e-02 8.048274995817369937e-02 1.033553288043712465e-01 1.267311508907608963e-01 1.356541936375865454e-01 8.766270301207622351e-02
8.011736422087797904e-02 9.787790606442203778e-02 8.738531843324934267e-02 1.031862363890503481e-01 1.387814698842832484e-01 9.749809712639084802e-02 6.904191511288287897e-02 8.314846471490158764e-02 1.497663462430993131e-01 9.319688181084231915e-02
1.096858171708953167e-01 1.217944682814240953e-01 1.116020088130957322e-01 8.118800675679588297e-02 1.312376914268990058e-01 1.268250238848458444e-01 6.647167955506591563e-02 9.364647979342274886e-02 8.160103541655029658e-02 7.594778890100528645e-02
1.109308796506117967e-01 8.881209676701079525e-02 9.621838496253107276e-02 7.757466482211192171e-02 8.339496792608311337e-02 9.128639307425411020e-02 1.167894439742860752e-01 1.253650685676796495e-01 1.040980207329258306e-01 1.055300795225059540e-01
7.414736794097839812e-02 9.080742434377081507e-02 1.345470000318756132e-01 1.428553464275403861e-01 1.142846628216874910e-01 1.003523166758353291e-01 1.159022149867467155e-01 9.727368234666365632e-02 7.051022586414906757e-02 5.931975856075261122e-02
5.171650046894080144e-02 3.519113436720344712e-02 6.796569412980579816e-02 1.823880265231640208e-01 1.379967366753562241e-01 7.301228507561834113e-02 5.017662193591818087e-02 1.102714022938783567e-01 1.794257360926943268e-01 1.118558624374206834e-01
