1.184619824017523748e-01 1.450549612861355420e-01 9.852688747359217292e-02 6.828241253648378861e-02 5.589792872158763637e-02 5.399088491753510632e-02 7.477930871862450979e-02 8.596196443468445691e-02 8.887353981992814067e-02 1.047187737479019498e-01
1.450549612861355420e-01 1.950513185180536291e-01 1.327382345076378312e-01 8.962372148955742579e-02 6.996401951335744218e-02 6.360092522297676465e-02 8.372982234371198484e-02 9.292695949554818924e-02 9.535029893814045421e-02 1.171847955616232978e-01
9.852688747359217292e-02 1.327382345076378312e-01 9.384350806460982353e-02 6.521473639842741143e-02 5.230685973788611054e-02 4.866279006310544192e-02 6.488497459495592978e-02 7.154050335397317550e-02 7.063493718837299262e-02 8.215054346993551360e-02
6.828241253648378861e-02 8.962372148955742579e-02 6.521473639842741143e-02 4.799954672001039563e-02 4.078442247915595176e-02 3.999985819559553901e-02 5.517492869514376008e-02 6.116509658910732061e-02 5.790116556675678483e-02 6.167437460832797536e-02
5.589792872158763637e-02 6.996401951335744218e-02 5.230685973788611054e-02 4.078442247915595176e-02 3.742066290702025788e-02 3.914675781949615574e-02 5.617996999166915278e-02 6.298160777938979771e-02 5.769132957930028782e-02 5.617775976652869541e-02
5.399088491753510632e-02 6.360092522297676465e-02 4.866279006310544192e-02 3.999985819559553901e-02 3.914675781949615574e-02 4.366287044565332620e-02 6.501795247095046304e-02 7.387041812975128630e-02 6.640527606491024304e-02 6.034754716659249812e-02
7.477930871862450979e-02 8.372982234371198484e-02 6.488497459495592978e-02 5.517492869514376008e-02 5.617996999166915278e-02 6.501795247095046304e-02 9.956948045263355751e-02 1.145184594704298786e-01 1.023838766322248406e-01 8.974541945970775092e-02
8.596196443468445691e-02 9.292695949554818924e-02 7.154050335397317550e-02 6.116509658910732061e-02 6.298160777938979771e-02 7.387041812975128630e-02 1.145184594704298786e-01 1.345606243581365935e-01 1.218144969156074869e-01 1.064506291809357297e-01
8.887353981992814067e-02 9.535029893814045421e-02 7.063493718837299262e-02 5.790116556675678483e-02 5.769132957930028782e-02 6.640527606491024304e-02 1.023838766322248406e-01 1.218144969156074869e-01 1.164224153073331602e-01 1.070611076402219752e-01
1.047187737479019498e-01 1.171847955616232978e-01 8.215054346993551360e-02 6.167437460832797536e-02 5.617775976652869541e-02 6.034754716659249812e-02 8.974541945970775092e-02 1.064506291809357297e-01 1.070611076402219752e-01 1.130075908247969441e-01
3.807267154101010714e-02 4.455075353103976621e-02 6.602586496535564620e-02 5.551660619056682927e-02 4.871804028099598755e-02 5.709122510131880990e-02 4.636746759578232180e-02 5.879474635710106589e-02 6.689846805533607166e-02 5.490273338884613802e-02
4.455075353103976621e-02 5.942628631993896599e-02 9.366070115898680881e-02 7.883308668593300150e-02 6.560761952992202883e-02 7.060413906319164268e-02 5.169137098279281972e-02 6.019671129705939094e-02 6.756059076005310748e-02 5.784153280213930048e-02
6.602586496535564620e-02 9.366070115898680881e-02 1.536146450768166027e-01 1.303313900398457570e-01 1.068433512251465017e-01 1.109788496761190263e-01 7.649739182811986227e-02 8.374574351356495194e-02 9.244766377343435759e-02 8.096548469501448075e-02
5.551660619056682927e-02 7.883308668593300150e-02 1.303313900398457570e-01 1.149024681815726534e-01 9.743249425768459038e-02 1.030976970700181738e-01 6.975830070740604572e-02 7.371597742859059554e-02 7.922517129660389124e-02 6.844199182173210660e-02
4.871804028099598755e-02 6.560761952992202883e-02 1.068433512251465017e-01 9.743249425768459038e-02 9.075329448801780496e-02 1.028974437634659345e-01 7.083465032623198487e-02 7.433591537529257720e-02 7.745798006195267482e-02 6.394689196300686052e-02
5.709122510131880990e-02 7.060413906319164268e-02 1.109788496761190263e-01 1.030976970700181738e-01 1.028974437634659345e-01 1.283290860357956253e-01 9.243864689574599058e-02 9.973857586558126931e-02 1.028105455277985164e-01 8.128826961139576368e-02
4.636746759578232180e-02 5.169137098279281972e-02 7.649739182811986227e-02 6.975830070740604572e-02 7.083465032623198487e-02 9.243864689574599058e-02 7.419624434817978509e-02 8.735103517017492325e-02 9.231475096223877574e-02 7.126791938312547481e-02
5.879474635710106589e-02 6.019671129705939094e-02 8.374574351356495194e-02 7.371597742859059554e-02 7.433591537529257720e-02 9.973857586558126931e-02 8.735103517017492325e-02 1.137940224082739926e-01 1.242934581025200158e-01 9.510109467035746111e-02
6.689846805533607166e-02 6.756059076005310748e-02 9.244766377343435759e-02 7.922517129660389124e-02 7.745798006195267482e-02 1.028105455277985164e-01 9.231475096223877574e-02 1.242934581025200158e-01 1.406225528550809067e-01 1.086103454140526781e-01
5.490273338884613802e-02 5.784153280213930048e-02 8.096548469501448075e-02 6.844199182173210660e-02 6.394689196300686052e-02 8.128826961139576368e-02 7.126791938312547481e-02 9.510109467035746111e-02 1.086103454140526781e-01 8.628872874531376413e-02
1.066912177956033103e-01 8.009279362489227228e-02 7.626367140382719900e-02 8.342453934223185985e-02 8.410787144020934192e-02 7.660656253563585816e-02 8.730108655058460565e-02 8.619056661216759063e-02 1.007264318190091018e-01 9.857236768868675447e-02
8.009279362489227228e-02 6.309472757806054710e-02 6.306621655061955822e-02 7.125995645323197902e-02 7.226467619477353055e-02 6.373111945053121230e-02 6.874461079222740634e-02 6.455010171727257329e-02 7.353173675619549543e-02 7.236451050329480161e-02
7.626367140382719900e-02 6.306621655061955822e-02 6.801080148823093752e-02 8.089139157015538817e-02 8.371796867407799159e-02 7.229361848749199515e-02 7.371635250976277254e-02 6.435510320793351446e-02 6.957065306758089540e-02 6.779299270054475746e-02
8.342453934223185985e-02 7.125995645323197902e-02 8.089139157015538817e-02 1.019569278182088645e-01 1.087385315297112187e-01 9.396066347154946596e-02 9.302283174759806705e-02 7.643361474682079659e-02 7.791361011871232589e-02 7.402040354193328842e-02
8.410787144020934192e-02 7.226467619477353055e-02 8.371796867407799159e-02 1.087385315297112187e-01 1.219755525320043166e-01 1.085377699800672835e-01 1.081505993541627408e-01 8.605322159134520810e-02 8.342510962460092383e-02 7.611653050257291553e-02
7.660656253563585816e-02 6.373111945053121230e-02 7.229361848749199515e-02 9.396066347154946596e-02 1.085377699800672835e-01 1.045096992637508798e-01 1.099916235308961432e-01 8.825939478903380153e-02 8.342955730468164244e-02 7.253445116567076856e-02
8.730108655058460565e-02 6.874461079222740634e-02 7.371635250976277254e-02 9.302283174759806705e-02 1.081505993541627408e-01 1.099916235308961432e-01 1.272813153487946658e-01 1.068627988833874970e-01 1.022089855354080534e-01 8.642761334041494659e-02
8.619056661216759063e-02 6.455010171727257329e-02 6.435510320793351446e-02 7.643361474682079659e-02 8.605322159134520810e-02 8.825939478903380153e-02 1.068627988833874970e-01 9.907888209415630087e-02 1.008864285519838339e-01 8.662615102925902422e-02
1.007264318190091018e-01 7.353173675619549543e-02 6.957065306758089540e-02 7.791361011871232589e-02 8.342510962460092383e-02 8.342955730468164244e-02 1.022089855354080534e-01 1.008864285519838339e-01 1.123267869269403141e-01 1.002829567705757208e-01
9.857236768868675447e-02 7.236451050329480161e-02 6.779299270054475746e-02 7.402040354193328842e-02 7.611653050257291553e-02 7.253445116567076856e-02 8.642761334041494659e-02 8.662615102925902422e-02 1.002829567705757208e-01 9.507408915424990503e-02
8.941986871133025816e-02 8.743863095568253641e-02 8.181543438295538206e-02 7.276393273600219314e-02 6.091299042551027998e-02 5.776865797348809672e-02 6.267803709906905052e-02 7.537710796444373196e-02 1.044674786361196872e-01 1.208154994071894694e-01
8.743863095568253641e-02 1.008927888989562122e-01 1.002781585482963311e-01 9.008060166362942545e-02 7.407821501891830029e-02 6.716843508389644390e-02 6.736926571767795635e-02 7.251184954767042612e-02 9.085570693877759174e-02 1.037330938969110578e-01
8.181543438295538206e-02 1.002781585482963311e-01 1.048521008894525153e-01 9.577447895087000396e-02 7.891532417713362224e-02 7.088824176751770678e-02 6.928612854982675595e-02 7.094650886772482790e-02 8.348382931508802063e-02 9.252616360408252860e-02
7.276393273600219314e-02 9.008060166362942545e-02 9.577447895087000396e-02 8.920921194252913466e-02 7.425186712942929979e-02 6.712472862852787714e-02 6.568096440390419621e-02 6.663632620986312260e-02 7.663851354110222391e-02 8.259304746903924077e-02
6.091299042551027998e-02 7.407821501891830029e-02 7.891532417713362224e-02 7.425186712942929979e-02 6.286381941640878379e-02 5.777622350555493280e-02 5.748117458323188933e-02 5.912044258514258244e-02 6.810364092841450501e-02 7.158799027162975059e-02
5.776865797348809672e-02 6.716843508389644390e-02 7.088824176751770678e-02 6.712472862852787714e-02 5.777622350555493280e-02 5.472499699070333679e-02 5.629289102230591174e-02 5.990357594395277763e-02 7.044809870637824822e-02 7.233351204629837050e-02
6.267803709906905052e-02 6.736926571767795635e-02 6.928612854982675595e-02 6.568096440390419621e-02 5.748117458323188933e-02 5.629289102230591174e-02 6.131135133186491060e-02 6.918156509586663450e-02 8.481880905831498674e-02 8.568851049458547919e-02
7.537710796444373196e-02 7.251184954767042612e-02 7.094650886772482790e-02 6.663632620986312260e-02 5.912044258514258244e-02 5.990357594395277763e-02 6.918156509586663450e-02 8.559328909121916018e-02 1.121085348998511755e-01 1.133302226167741122e-01
1.044674786361196872e-01 9.085570693877759174e-02 8.348382931508802063e-02 7.663851354110222391e-02 6.810364092841450501e-02 7.044809870637824822e-02 8.481880905831498674e-02 1.121085348998511755e-01 1.609599063063733015e-01 1.672279933192398205e-01
1.208154994071894694e-01 1.037330938969110578e-01 9.252616360408252860e-02 8.259304746903924077e-02 7.158799027162975059e-02 7.233351204629837050e-02 8.568851049458547919e-02 1.133302226167741122e-01 1.672279933192398205e-01 1.901726664211625395e-01
1.219328190057814149e-01 6.583175242464189836e-02 7.387502021030205313e-02 8.273645544408729513e-02 7.197955799604004168e-02 7.022567069231433479e-02 6.971544115448660706e-02 8.413178080214303578e-02 1.209830917623717222e-01 1.342977533534177315e-01
6.583175242464189836e-02 4.056103980509512263e-02 5.279956186045703381e-02 6.276665934159428306e-02 5.454815393643387689e-02 5.079307426790326263e-02 4.557578290387687830e-02 4.840806056919796929e-02 6.384701413540301573e-02 6.954779072402221540e-02
7.387502021030205313e-02 5.279956186045703381e-02 8.027045192916576477e-02 1.005724111979645480e-01 8.769395811939283136e-02 7.911752159056922862e-02 6.524440617491319983e-02 6.042672582186970481e-02 7.064065000615581125e-02 7.412393493787694521e-02
8.273645544408729513e-02 6.276665934159428306e-02 1.005724111979645480e-01 1.300592624717044343e-01 1.143918395611439598e-01 1.028280798598078805e-01 8.279575121347507172e-02 7.281006718266441746e-02 8.015411814332540352e-02 8.164615256066025395e-02
7.197955799604004168e-02 5.454815393643387689e-02 8.769395811939283136e-02 1.143918395611439598e-01 1.025605739862645444e-01 9.347625950197532840e-02 7.583752054782870455e-02 6.660016735211685135e-02 7.236322809603626394e-02 7.210778956327691669e-02
7.022567069231433479e-02 5.079307426790326263e-02 7.911752159056922862e-02 1.028280798598078805e-01 9.347625950197532840e-02 8.801970502901119986e-02 7.378974525941722762e-02 6.710332554554084006e-02 7.447390459179548117e-02 7.312774781689712622e-02
6.971544115448660706e-02 4.557578290387687830e-02 6.524440617491319983e-02 8.279575121347507172e-02 7.583752054782870455e-02 7.378974525941722762e-02 6.670478169155767689e-02 6.605898118120878681e-02 7.811008761888642293e-02 7.678811843151681082e-02
8.413178080214303578e-02 4.840806056919796929e-02 6.042672582186970481e-02 7.281006718266441746e-02 6.660016735211685135e-02 6.710332554554084006e-02 6.605898118120878681e-02 7.505289855236432772e-02 9.734304901043179525e-02 9.745925484927352167e-02
1.209830917623717222e-01 6.384701413540301573e-02 7.064065000615581125e-02 8.015411814332540352e-02 7.236322809603626394e-02 7.447390459179548117e-02 7.811008761888642293e-02 9.734304901043179525e-02 1.386919497066014528e-01 1.430543466544321463e-01
1.342977533534177315e-01 6.954779072402221540e-02 7.412393493787694521e-02 8.164615256066025395e-02 7.210778956327691669e-02 7.312774781689712622e-02 7.678811843151681082e-02 9.745925484927352167e-02 1.430543466544321463e-01 1.561465178224542838e-01
8.216539895083820044e-02 9.428259839242669749e-02 8.186378362353871618e-02 7.900314573938922724e-02 6.566413888010788624e-02 6.123436403470486344e-02 7.094711225733976723e-02 6.837661513861814644e-02 9.042488824458894126e-02 9.626427342970567125e-02
9.428259839242669749e-02 1.210913030318747641e-01 1.098779657439820229e-01 1.065862981655967684e-01 8.541708361277763895e-02 7.446373963581870425e-02 8.039174940106862122e-02 7.300446025859604060e-02 9.330817735907775967e-02 1.013335274571933731e-01
8.186378362353871618e-02 1.098779657439820229e-01 1.070089990675080482e-01 1.076647517960560713e-01 8.656121542924724577e-02 7.387786633226495203e-02 7.679092775498712331e-02 6.605959330092892046e-02 8.032430345199534361e-02 8.580047492695866418e-02
7.900314573938922724e-02 1.065862981655967684e-01 1.076647517960560713e-01 1.145733264146810704e-01 9.453038029975883993e-02 8.149978414011996297e-02 8.415357076722122798e-02 7.014671846734205074e-02 8.172233415914784138e-02 8.421210710594978499e-02
6.566413888010788624e-02 8.541708361277763895e-02 8.656121542924724577e-02 9.453038029975883993e-02 8.212014839975328995e-02 7.378344467975328502e-02 7.818710540285836452e-02 6.527163058586961386e-02 7.475209164422710884e-02 7.399520414862080508e-02
6.123436403470486344e-02 7.446373963581870425e-02 7.387786633226495203e-02 8.149978414011996297e-02 7.378344467975328502e-02 7.103789143235116066e-02 7.902378647689049795e-02 6.757065890637256600e-02 7.770367237892279733e-02 7.436380749519282130e-02
7.094711225733976723e-02 8.039174940106862122e-02 7.679092775498712331e-02 8.415357076722122798e-02 7.818710540285836452e-02 7.902378647689049795e-02 9.326636419933939659e-02 8.272768529307000795e-02 9.710001651637888143e-02 9.154432149069248459e-02
6.837661513861814644e-02 7.300446025859604060e-02 6.605959330092892046e-02 7.014671846734205074e-02 6.527163058586961386e-02 6.757065890637256600e-02 8.272768529307000795e-02 7.817936718358195480e-02 9.602031267021879368e-02 9.136882237083013281e-02
9.042488824458894126e-02 9.330817735907775967e-02 8.032430345199534361e-02 8.172233415914784138e-02 7.475209164422710884e-02 7.770367237892279733e-02 9.710001651637888143e-02 9.602031267021879368e-02 1.251602047329911094e-01 1.219950191689616603e-01
9.626427342970567125e-02 1.013335274571933731e-01 8.580047492695866418e-02 8.421210710594978499e-02 7.399520414862080508e-02 7.436380749519282130e-02 9.154432149069248459e-02 9.136882237083013281e-02 1.219950191689616603e-01 1.253969965870811165e-01
9.390218298914812523e-02 9.631970353367556859e-02 9.803321424720970456e-02 1.017551465440018621e-01 8.576932729376746112e-02 7.614647909618568744e-02 7.096299086300696113e-02 6.669365737770154012e-02 5.256550743076575383e-02 7.225187830764510932e-02
9.631970353367556859e-02 1.040967071636427904e-01 1.121720963852362307e-01 1.187247422897144966e-01 9.356432101346895402e-02 7.848884217530056884e-02 7.136872725617823821e-02 6.667059995901508662e-02 5.270319731716352485e-02 7.294680023044902706e-02
9.803321424720970456e-02 1.121720963852362307e-01 1.408212648034753434e-01 1.632493086128524729e-01 1.189399458637193790e-01 8.945033741943481109e-02 7.588426459677799496e-02 6.866313576962547460e-02 5.349218360042451437e-02 7.354229012632178264e-02
1.017551465440018621e-01 1.187247422897144966e-01 1.632493086128524729e-01 2.293323878800795079e-01 1.657831927456920040e-01 1.151333979201881741e-01 9.037678601311219251e-02 7.772166136146997639e-02 5.826688447772186003e-02 7.756398506109185575e-02
8.576932729376746112e-02 9.356432101346895402e-02 1.189399458637193790e-01 1.657831927456920040e-01 1.401334680857768133e-01 1.038088093315474997e-01 8.293556751333741595e-02 7.095683623706242060e-02 5.220285971580194972e-02 6.772759367546973830e-02
7.614647909618568744e-02 7.848884217530056884e-02 8.945033741943481109e-02 1.151333979201881741e-01 1.038088093315474997e-01 8.631038773013674503e-02 7.282783547515836453e-02 6.365242969979606480e-02 4.710079292046431831e-02 6.104519879230922708e-02
7.096299086300696113e-02 7.136872725617823821e-02 7.588426459677799496e-02 9.037678601311219251e-02 8.293556751333741595e-02 7.282783547515836453e-02 6.485041475330716176e-02 5.805518851594002744e-02 4.351484700457228239e-02 5.690225344549179609e-02
6.669365737770154012e-02 6.667059995901508662e-02 6.866313576962547460e-02 7.772166136146997639e-02 7.095683623706242060e-02 6.365242969979606480e-02 5.805518851594002744e-02 5.303402235054628655e-02 4.026013504205773474e-02 5.320098365293097348e-02
5.256550743076575383e-02 5.270319731716352485e-02 5.349218360042451437e-02 5.826688447772186003e-02 5.220285971580194972e-02 4.710079292046431831e-02 4.351484700457228239e-02 4.026013504205773474e-02 3.102951803507274925e-02 4.155281695177442947e-02
7.225187830764510932e-02 7.294680023044902706e-02 7.354229012632178264e-02 7.756398506109185575e-02 6.772759367546973830e-02 6.104519879230922708e-02 5.690225344549179609e-02 5.320098365293097348e-02 4.155281695177442947e-02 5.648964620881481713e-02
1.571712918314153162e-01 1.348746982982349241e-01 1.054367919465998282e-01 8.430111080649305144e-02 7.587363621897817711e-02 7.883263015874256152e-02 8.731823764688481648e-02 7.437192693820862677e-02 8.804291276343703676e-02 1.262171108203977155e-01
1.348746982982349241e-01 1.233514779307925691e-01 1.003303054565802821e-01 8.167215764005886225e-02 7.321913411944504235e-02 7.455982970514148100e-02 8.037043321440194565e-02 6.600051923840200008e-02 7.531421193350776311e-02 1.065163982280019489e-01
1.054367919465998282e-01 1.003303054565802821e-01 8.972567893495900226e-02 7.843295670240793549e-02 7.346633690823191343e-02 7.563494537813492125e-02 7.990714494524205069e-02 6.154944110447425898e-02 6.398992225563429614e-02 8.474075517257879941e-02
8.430111080649305144e-02 8.167215764005886225e-02 7.843295670240793549e-02 7.633367597387431813e-02 7.665087893379321504e-02 8.144421997653432388e-02 8.573753586963270279e-02 6.263615019373816595e-02 5.890859314778426614e-02 7.101499056703924895e-02
7.587363621897817711e-02 7.321913411944504235e-02 7.346633690823191343e-02 7.665087893379321504e-02 8.313212762457383720e-02 9.179694936982314701e-02 9.749720557268201637e-02 6.933211368425029608e-02 6.096328940264733598e-02 6.771787487459739185e-02
7.883263015874256152e-02 7.455982970514148100e-02 7.563494537813492125e-02 8.144421997653432388e-02 9.179694936982314701e-02 1.054824794860126785e-01 1.138379723705986724e-01 8.055951225878460464e-02 6.902803480411259796e-02 7.346630573033695322e-02
8.731823764688481648e-02 8.037043321440194565e-02 7.990714494524205069e-02 8.573753586963270279e-02 9.749720557268201637e-02 1.138379723705986724e-01 1.257196013040108307e-01 9.004147546314286710e-02 7.782306961129902001e-02 8.271751171168129080e-02
7.437192693820862677e-02 6.600051923840200008e-02 6.154944110447425898e-02 6.263615019373816595e-02 6.933211368425029608e-02 8.055951225878460464e-02 9.004147546314286710e-02 6.742281561430316095e-02 6.184451351414935183e-02 6.925786390175044105e-02
8.804291276343703676e-02 7.531421193350776311e-02 6.398992225563429614e-02 5.890859314778426614e-02 6.096328940264733598e-02 6.902803480411259796e-02 7.782306961129902001e-02 6.184451351414935183e-02 6.389893724222617255e-02 7.876003944400247758e-02
1.262171108203977155e-01 1.065163982280019489e-01 8.474075517257879941e-02 7.101499056703924895e-02 6.771787487459739185e-02 7.346630573033695322e-02 8.271751171168129080e-02 6.925786390175044105e-02 7.876003944400247758e-02 1.077619140578323642e-01
8.625807119013673141e-02 7.723073126010338019e-02 8.501945788327089359e-02 9.160714219838271555e-02 6.760950652276989659e-02 6.199762510547282557e-02 5.749665397548655438e-02 9.839842987108465833e-02 7.128309175341246418e-02 8.327424224116630747e-02
7.723073126010338019e-02 7.353438166031690815e-02 8.378188023611532476e-02 9.114662715041717267e-02 6.616205402000771563e-02 5.776699277605194804e-02 4.892190816367296413e-02 7.822029050489079371e-02 5.771190767521211518e-02 7.063017666041734866e-02
8.501945788327089359e-02 8.378188023611532476e-02 9.878855507052364260e-02 1.089309399416571456e-01 7.886809154505208808e-02 6.751810566664387392e-02 5.442701622440012516e-02 8.316748039131122150e-02 6.107519416226767084e-02 7.570658978110718362e-02
9.160714219838271555e-02 9.114662715041717267e-02 1.089309399416571456e-01 1.221590478912368410e-01 8.924727889056879859e-02 7.692273287277591465e-02 6.192535573781822456e-02 9.398306921398688618e-02 6.738184280616589528e-02 8.172500252723668979e-02
6.760950652276989659e-02 6.616205402000771563e-02 7.886809154505208808e-02 8.924727889056879859e-02 6.735755718506844514e-02 6.078342296511661524e-02 5.189210884208463048e-02 8.197624697968672325e-02 5.580073219353559599e-02 6.284757095345615274e-02
6.199762510547282557e-02 5.776699277605194804e-02 6.751810566664387392e-02 7.692273287277591465e-02 6.078342296511661524e-02 6.061908259066052518e-02 5.819746328267451363e-02 9.899031825312706867e-02 6.301688793578258396e-02 6.290726458932245635e-02
5.749665397548655438e-02 4.892190816367296413e-02 5.442701622440012516e-02 6.192535573781822456e-02 5.189210884208463048e-02 5.819746328267451363e-02 6.634260347928003232e-02 1.235213411432180830e-01 7.467914878816279967e-02 6.590574740003975196e-02
9.839842987108465833e-02 7.822029050489079371e-02 8.316748039131122150e-02 9.398306921398688618e-02 8.197624697968672325e-02 9.899031825312706867e-02 1.235213411432180830e-01 2.440291461620881508e-01 1.450428580581147320e-01 1.211445273153148317e-01
7.128309175341246418e-02 5.771190767521211518e-02 6.107519416226767084e-02 6.738184280616589528e-02 5.580073219353559599e-02 6.301688793578258396e-02 7.467914878816279967e-02 1.450428580581147320e-01 9.213796477012872743e-02 8.347522943378983540e-02
8.327424224116630747e-02 7.063017666041734866e-02 7.570658978110718362e-02 8.172500252723668979e-02 6.284757095345615274e-02 6.290726458932245635e-02 6.590574740003975196e-02 1.211445273153148317e-01 8.347522943378983540e-02 8.877359000056003757e-02
1.277450406055631316e-01 1.048134582960754818e-01 7.887204677667147834e-02 1.071899085391899292e-01 8.303891363496840317e-02 7.367895523821142711e-02 8.245216480521935787e-02 1.017294797364774045e-01 1.022572765488829194e-01 9.095368873722253777e-02
1.048134582960754818e-01 9.017689310300622263e-02 7.064196593563538962e-02 9.853275952500833990e-02 7.559824868848431800e-02 6.452923345108424469e-02 6.835662653234950148e-02 8.085407643353595408e-02 8.025821863592819128e-02 7.267692502634590102e-02
7.887204677667147834e-02 7.064196593563538962e-02 5.994202641303201379e-02 8.820355068641347329e-02 6.816764462778135414e-02 5.700226253349291450e-02 5.757470898066337217e-02 6.447081804859600140e-02 6.132894412999154860e-02 5.451209660515873856e-02
1.071899085391899292e-01 9.853275952500833990e-02 8.820355068641347329e-02 1.363072775164094197e-01 1.066927379569201362e-01 8.899597521991089999e-02 8.798168829742822328e-02 9.509362558883359406e-02 8.689390950982055217e-02 7.483197482268716394e-02
8.303891363496840317e-02 7.559824868848431800e-02 6.816764462778135414e-02 1.066927379569201362e-01 8.668539041716635807e-02 7.521150170651928757e-02 7.676589319578200343e-02 8.365600612615525788e-02 7.436024111412394000e-02 6.051197924778878301e-02
7.367895523821142711e-02 6.452923345108424469e-02 5.700226253349291450e-02 8.899597521991089999e-02 7.521150170651928757e-02 7.122779706057896787e-02 7.835538345024203877e-02 8.853081457500311391e-02 7.706302100088374685e-02 5.796256483938494464e-02
8.245216480521935787e-02 6.835662653234950148e-02 5.757470898066337217e-02 8.798168829742822328e-02 7.676589319578200343e-02 7.835538345024203877e-02 9.518321670953276692e-02 1.131860902147007047e-01 9.830460737260234005e-02 6.975555907229986918e-02
1.017294797364774045e-01 8.085407643353595408e-02 6.447081804859600140e-02 9.509362558883359406e-02 8.365600612615525788e-02 8.853081457500311391e-02 1.131860902147007047e-01 1.430711365401932111e-01 1.267241514385854806e-01 8.870929122415198431e-02
1.022572765488829194e-01 8.025821863592819128e-02 6.132894412999154860e-02 8.689390950982055217e-02 7.436024111412394000e-02 7.706302100088374685e-02 9.830460737260234005e-02 1.267241514385854806e-01 1.188215806518254231e-01 8.672377541271253376e-02
9.095368873722253777e-02 7.267692502634590102e-02 5.451209660515873856e-02 7.483197482268716394e-02 6.051197924778878301e-02 5.796256483938494464e-02 6.975555907229986918e-02 8.870929122415198431e-02 8.672377541271253376e-02 7.083964098269268650e-02
1.336426644314129275e-01 1.118651642450315259e-01 8.905815844123204927e-02 6.905601860262644554e-02 5.611468008716971601e-02 6.021124622313356323e-02 8.457915798273392405e-02 9.975469627531477479e-02 1.016343291448664199e-01 1.410353904070817954e-01
1.118651642450315259e-01 9.928550178465647691e-02 8.108855452553506704e-02 6.355836270728473791e-02 5.179279875503963598e-02 5.532296306859688789e-02 7.674377875787041781e-02 8.756065303211774120e-02 8.431838465889177070e-02 1.140772252759208183e-01
8.905815844123204927e-02 8.108855452553506704e-02 6.859253026445774615e-02 5.499543437780035626e-02 4.573825277518765026e-02 4.977576484830732728e-02 6.969907938899214117e-02 7.834485980081662415e-02 7.080087098216264474e-02 9.074272789015339069e-02
6.905601860262644554e-02 6.355836270728473791e-02 5.499543437780035626e-02 4.546587655635200842e-02 3.897241736428420922e-02 4.370857394387325096e-02 6.243256422033473252e-02 6.996802591583696496e-02 5.968636761258942075e-02 7.159564288112879593e-02
5.611468008716971601e-02 5.179279875503963598e-02 4.573825277518765026e-02 3.897241736428420922e-02 3.490446842072943145e-02 4.085546096133883115e-02 6.007325823357672484e-02 6.765031017914002742e-02 5.453206995153355580e-02 6.023057276614351280e-02
6.021124622313356323e-02 5.532296306859688789e-02 4.977576484830732728e-02 4.370857394387325096e-02 4.085546096133883115e-02 5.032314299234558197e-02 7.652450408832797701e-02 8.708709153480653775e-02 6.695501245163562598e-02 6.783573823302849193e-02
8.457915798273392405e-02 7.674377875787041781e-02 6.969907938899214117e-02 6.243256422033473252e-02 6.007325823357672484e-02 7.652450408832797701e-02 1.202574324431037872e-01 1.389858549317758429e-01 1.044003794296959609e-01 9.976373346828897037e-02
9.975469627531477479e-02 8.756065303211774120e-02 7.834485980081662415e-02 6.996802591583696496e-02 6.765031017914002742e-02 8.708709153480653775e-02 1.389858549317758429e-01 1.678175165728005291e-01 1.287704330426996946e-01 1.223467470595828305e-01
1.016343291448664199e-01 8.431838465889177070e-02 7.080087098216264474e-02 5.968636761258942075e-02 5.453206995153355580e-02 6.695501245163562598e-02 1.044003794296959609e-01 1.287704330426996946e-01 1.151848679341894166e-01 1.242418515662786632e-01
1.410353904070817954e-01 1.140772252759208183e-01 9.074272789015339069e-02 7.159564288112879593e-02 6.023057276614351280e-02 6.783573823302849193e-02 9.976373346828897037e-02 1.223467470595828305e-01 1.242418515662786632e-01 1.645259985999521501e-01
1.270637240827928727e-01 1.236034159567325902e-01 1.181853507051869312e-01 9.807542136088022444e-02 7.685857645653446091e-02 7.290151091660949934e-02 7.926356942307309639e-02 9.134602150700923962e-02 7.820739276602013679e-02 9.119086007197391153e-02
1.236034159567325902e-01 1.327060529641485020e-01 1.338511660718005869e-01 1.095932152316827224e-01 8.104583881411324409e-02 7.178918225383013052e-02 7.434510853929918173e-02 8.371596357261644472e-02 7.171575827027135142e-02 8.530419250751336557e-02
1.181853507051869312e-01 1.338511660718005869e-01 1.515837932049758363e-01 1.288877645123817917e-01 9.401858733960737069e-02 8.000169844701886246e-02 7.924269376789251640e-02 8.604956979088633495e-02 7.117931215997036487e-02 8.199274768857642282e-02
9.807542136088022444e-02 1.095932152316827224e-01 1.288877645123817917e-01 1.204826772558612313e-01 9.209875277243817493e-02 8.013930748889661060e-02 7.934244808410367833e-02 8.465091048585864086e-02 6.690985914534293422e-02 7.189406882211044070e-02
7.685857645653446091e-02 8.104583881411324409e-02 9.401858733960737069e-02 9.209875277243817493e-02 7.693484214344578631e-02 7.112532262830903451e-02 7.259064200797010757e-02 7.778851626712295075e-02 5.976775264308274022e-02 6.038966391112540050e-02
7.290151091660949934e-02 7.178918225383013052e-02 8.000169844701886246e-02 8.013930748889661060e-02 7.112532262830903451e-02 7.078614505179697813e-02 7.515098479256308861e-02 8.168183998482220209e-02 6.208592095284079515e-02 6.048806109560719846e-02
7.926356942307309639e-02 7.434510853929918173e-02 7.924269376789251640e-02 7.934244808410367833e-02 7.259064200797010757e-02 7.515098479256308861e-02 8.287289307632368651e-02 9.163935338102377481e-02 6.984190144207279294e-02 6.740367909616114261e-02
9.134602150700923962e-02 8.371596357261644472e-02 8.604956979088633495e-02 8.465091048585864086e-02 7.778851626712295075e-02 8.168183998482220209e-02 9.163935338102377481e-02 1.033380349685588395e-01 7.969397845836617700e-02 7.766275570148514773e-02
7.820739276602013679e-02 7.171575827027135142e-02 7.117931215997036487e-02 6.690985914534293422e-02 5.976775264308274022e-02 6.208592095284079515e-02 6.984190144207279294e-02 7.969397845836617700e-02 6.351298708991634512e-02 6.444789466292792646e-02
9.119086007197391153e-02 8.530419250751336557e-02 8.199274768857642282e-02 7.189406882211044070e-02 6.038966391112540050e-02 6.048806109560719846e-02 6.740367909616114261e-02 7.766275570148514773e-02 6.444789466292792646e-02 7.071885016218003306e-02
1.915282338629549219e-01 1.441495219491442381e-01 1.034501088224218102e-01 9.847912304867062483e-02 7.993566708840273149e-02 7.784747281787163242e-02 6.655732465582987756e-02 9.830262430217262537e-02 1.257028551756173562e-01 1.427360953780921204e-01
1.441495219491442381e-01 1.207408106123202679e-01 9.187195334220887855e-02 8.974554549583474428e-02 7.244928378604863217e-02 6.910959023744303598e-02 5.657976006647371520e-02 7.932842539556385353e-02 9.632270357498279312e-02 1.057199960683223861e-01
1.034501088224218102e-01 9.187195334220887855e-02 7.779542563662902865e-02 8.065919342548069637e-02 6.629455918370368017e-02 6.329844633223546957e-02 5.076454011664727206e-02 6.874468572489250695e-02 7.872566708495641608e-02 7.922584997390451356e-02
9.847912304867062483e-02 8.974554549583474428e-02 8.065919342548069637e-02 8.859581100914971918e-02 7.442638740972348788e-02 7.177884855705805867e-02 5.747303547262593015e-02 7.702148122039127742e-02 8.534575194516005880e-02 7.981641748377951706e-02
7.993566708840273149e-02 7.244928378604863217e-02 6.629455918370368017e-02 7.442638740972348788e-02 6.402884903586392173e-02 6.273082517416808668e-02 5.082354573426934446e-02 6.868419017875979082e-02 7.560771225038781518e-02 6.794594766019737553e-02
7.784747281787163242e-02 6.910959023744303598e-02 6.329844633223546957e-02 7.177884855705805867e-02 6.273082517416808668e-02 6.273419825900378166e-02 5.180324118145308160e-02 7.122702077093695516e-02 7.878234021580929336e-02 6.908220047895603788e-02
6.655732465582987756e-02 5.657976006647371520e-02 5.076454011664727206e-02 5.747303547262593015e-02 5.082354573426934446e-02 5.180324118145308160e-02 4.431750514709260902e-02 6.302256664070193803e-02 7.108909045492946277e-02 6.166031087065493993e-02
9.830262430217262537e-02 7.932842539556385353e-02 6.874468572489250695e-02 7.702148122039127742e-02 6.868419017875979082e-02 7.122702077093695516e-02 6.302256664070193803e-02 9.353293601733235485e-02 1.084386723705451222e-01 9.415303245261390230e-02
1.257028551756173562e-01 9.632270357498279312e-02 7.872566708495641608e-02 8.534575194516005880e-02 7.560771225038781518e-02 7.878234021580929336e-02 7.108909045492946277e-02 1.084386723705451222e-01 1.326303325817643763e-01 1.196572168869363267e-01
1.427360953780921204e-01 1.057199960683223861e-01 7.922584997390451356e-02 7.981641748377951706e-02 6.794594766019737553e-02 6.908220047895603788e-02 6.166031087065493993e-02 9.415303245261390230e-02 1.196572168869363267e-01 1.240958978378891298e-01
1.183958450748451713e-01 1.037984207222009403e-01 9.756521838487268450e-02 8.976335390782333445e-02 6.551532248455968488e-02 6.726533182565382074e-02 7.478472240570199769e-02 9.566870765538550148e-02 8.592168016046131118e-02 1.266703996092579110e-01
1.037984207222009403e-01 1.020747068269955149e-01 1.022383596840074349e-01 9.531264387506926949e-02 6.766323957147078738e-02 6.591008186213302700e-02 6.894837603282732985e-02 8.362233900760231153e-02 7.220663316128864140e-02 1.049883297163153872e-01
9.756521838487268450e-02 1.022383596840074349e-01 1.112829637169769903e-01 1.071409754609081721e-01 7.611611466604176202e-02 7.293590011155226538e-02 7.382749285497230973e-02 8.579864511657084303e-02 6.974838414803058440e-02 9.683627845345468832e-02
8.976335390782333445e-02 9.531264387506926949e-02 1.071409754609081721e-01 1.077252129505991418e-01 7.820180159586524737e-02 7.608654731702078899e-02 7.715043398840962241e-02 8.847913025611223170e-02 6.870188129777157759e-02 9.064255804253776305e-02
6.551532248455968488e-02 6.766323957147078738e-02 7.611611466604176202e-02 7.820180159586524737e-02 5.940125208881041202e-02 6.034795003807044700e-02 6.299382638779219001e-02 7.302079832706748208e-02 5.511652637903626667e-02 6.934420925020172433e-02
6.726533182565382074e-02 6.591008186213302700e-02 7.293590011155226538e-02 7.608654731702078899e-02 6.034795003807044700e-02 6.527199867895026875e-02 7.113543012684259148e-02 8.429755147709000473e-02 6.261182801691134170e-02 7.567323598647716920e-02
7.478472240570199769e-02 6.894837603282732985e-02 7.382749285497230973e-02 7.715043398840962241e-02 6.299382638779219001e-02 7.113543012684259148e-02 8.156323659425160355e-02 9.960451839843365018e-02 7.424759594532678864e-02 8.842077467320191841e-02
9.566870765538550148e-02 8.362233900760231153e-02 8.579864511657084303e-02 8.847913025611223170e-02 7.302079832706748208e-02 8.429755147709000473e-02 9.960451839843365018e-02 1.265273503487595597e-01 9.648183749118088848e-02 1.162669971682013664e-01
8.592168016046131118e-02 7.220663316128864140e-02 6.974838414803058440e-02 6.870188129777157759e-02 5.511652637903626667e-02 6.261182801691134170e-02 7.424759594532678864e-02 9.648183749118088848e-02 7.987265600458277881e-02 1.034202404616249016e-01
1.266703996092579110e-01 1.049883297163153872e-01 9.683627845345468832e-02 9.064255804253776305e-02 6.934420925020172433e-02 7.567323598647716920e-02 8.842077467320191841e-02 1.162669971682013664e-01 1.034202404616249016e-01 1.478847777152285936e-01
1.106171486300526058e-01 1.058001408863289416e-01 1.098365671868340165e-01 7.276107455758740183e-02 7.884367675935297082e-02 7.911449003577419870e-02 7.147879420403820128e-02 6.873677448813172997e-02 8.208875311687871545e-02 1.088435203585273736e-01
1.058001408863289416e-01 1.105189947406423207e-01 1.205716422436256818e-01 7.935704904993653996e-02 8.332017049643519746e-02 8.019022285583279896e-02 6.945699312288070026e-02 6.431597364007757278e-02 7.515639957194208964e-02 9.993499607881956015e-02
1.098365671868340165e-01 1.205716422436256818e-01 1.423009213021887154e-01 9.673083852164776619e-02 1.032767849295788271e-01 9.781442241343799027e-02 8.143515035698967175e-02 7.132458015799540696e-02 7.914202648348236946e-02 1.025728535953704668e-01
7.276107455758740183e-02 7.935704904993653996e-02 9.673083852164776619e-02 7.315189359644827527e-02 8.555156443301070723e-02 8.328681243861210670e-02 6.814863363833660592e-02 5.652761474172449119e-02 5.818421104751180656e-02 7.073630230540439712e-02
7.884367675935297082e-02 8.332017049643519746e-02 1.032767849295788271e-01 8.555156443301070723e-02 1.116523884649582576e-01 1.128174103411053730e-01 9.209608597938800933e-02 7.381584092212778447e-02 7.148024272548630931e-02 8.133146317060538366e-02
7.911449003577419870e-02 8.019022285583279896e-02 9.781442241343799027e-02 8.328681243861210670e-02 1.128174103411053730e-01 1.189295703724915498e-01 9.875574132331907395e-02 7.944676043432465085e-02 7.620331057892534843e-02 8.479332938988801138e-02
7.147879420403820128e-02 6.945699312288070026e-02 8.143515035698967175e-02 6.814863363833660592e-02 9.209608597938800933e-02 9.875574132331907395e-02 8.502016414985098802e-02 7.049590364141461452e-02 6.932461819649864132e-02 7.791444539185679585e-02
6.873677448813172997e-02 6.431597364007757278e-02 7.132458015799540696e-02 5.652761474172449119e-02 7.381584092212778447e-02 7.944676043432465085e-02 7.049590364141461452e-02 6.202375820626968017e-02 6.440313778113931908e-02 7.489345858965448799e-02
8.208875311687871545e-02 7.515639957194208964e-02 7.914202648348236946e-02 5.818421104751180656e-02 7.148024272548630931e-02 7.620331057892534843e-02 6.932461819649864132e-02 6.440313778113931908e-02 7.216090293859955818e-02 8.809162664556621780e-02
1.088435203585273736e-01 9.993499607881956015e-02 1.025728535953704668e-01 7.073630230540439712e-02 8.133146317060538366e-02 8.479332938988801138e-02 7.791444539185679585e-02 7.489345858965448799e-02 8.809162664556621780e-02 1.136242575984980074e-01
1.116691208276371083e-01 1.127171589453324352e-01 9.022634288546793613e-02 7.787658476043411715e-02 8.149287712430125508e-02 7.755994643384193921e-02 7.474042969896727007e-02 8.726945154785800685e-02 9.261356307008450361e-02 9.280480681580699498e-02
1.127171589453324352e-01 1.194738019664759732e-01 9.797199358875410824e-02 8.533072723236892476e-02 8.850058838927837845e-02 8.170601445495845327e-02 7.522524796202220698e-02 8.460261347870831616e-02 8.889778335271107668e-02 9.066135450686010899e-02
9.022634288546793613e-02 9.797199358875410824e-02 8.512887297804942743e-02 7.789151839911781505e-02 8.323062680142748193e-02 7.664512815248430977e-02 6.811923022952666440e-02 7.280549061545348033e-02 7.317784210242145315e-02 7.273576558879668585e-02
7.787658476043411715e-02 8.533072723236892476e-02 7.789151839911781505e-02 7.768793178248882547e-02 8.794587936742677414e-02 8.257667648544259054e-02 7.210853434207468993e-02 7.349668647929062659e-02 6.930192521968928099e-02 6.482190661781561669e-02
8.149287712430125508e-02 8.850058838927837845e-02 8.323062680142748193e-02 8.794587936742677414e-02 1.066985400098593023e-01 1.035447142474633514e-01 9.093430754565792751e-02 9.075197974991670857e-02 8.145529358061746883e-02 7.129622992349139710e-02
7.755994643384193921e-02 8.170601445495845327e-02 7.664512815248430977e-02 8.257667648544259054e-02 1.035447142474633514e-01 1.061064575599116877e-01 9.641646623253491422e-02 9.750032008051763566e-02 8.593157460106311263e-02 7.162002512264788179e-02
7.474042969896727007e-02 7.522524796202220698e-02 6.811923022952666440e-02 7.210853434207468993e-02 9.093430754565792751e-02 9.641646623253491422e-02 9.386987952030230453e-02 9.936732808347149837e-02 8.861312923961968402e-02 7.216929918862163840e-02
8.726945154785800685e-02 8.460261347870831616e-02 7.280549061545348033e-02 7.349668647929062659e-02 9.075197974991670857e-02 9.750032008051763566e-02 9.936732808347149837e-02 1.128456916023492240e-01 1.042845183853096935e-01 8.562346012166333065e-02
9.261356307008450361e-02 8.889778335271107668e-02 7.317784210242145315e-02 6.930192521968928099e-02 8.145529358061746883e-02 8.593157460106311263e-02 8.861312923961968402e-02 1.042845183853096935e-01 1.030642331534805944e-01 8.863028012391364896e-02
9.280480681580699498e-02 9.066135450686010899e-02 7.273576558879668585e-02 6.482190661781561669e-02 7.129622992349139710e-02 7.162002512264788179e-02 7.216929918862163840e-02 8.562346012166333065e-02 8.863028012391364896e-02 8.345547059944577462e-02
