1.084462096089049143e-01 1.273632024790535278e-01 1.005622590102179387e-01 8.314530223427800404e-02 7.791471637796765215e-02 7.934822443165337469e-02 1.017878472092784287e-01 1.108591451372753639e-01 1.048494155525442478e-01 1.057236779588267284e-01
7.284292206955672588e-02 8.371484234399424740e-02 1.169941312520789145e-01 1.080594211211788891e-01 9.923990950714976778e-02 1.094111416884206572e-01 9.092950274874883609e-02 1.065546954174989291e-01 1.154988898677959952e-01 9.675454398357713481e-02
1.025713318638895033e-01 8.601406299032496316e-02 8.848315821924976343e-02 1.013862098310452931e-01 1.077857262734773780e-01 1.021784504047113240e-01 1.087031278556619129e-01 9.986274846935186411e-02 1.041969165463188657e-01 9.881826754596922946e-02
9.703470703538960573e-02 9.832089959337964036e-02 9.989952704326071631e-02 9.663016496592320703e-02 8.744109751842124578e-02 8.413535077823378061e-02 8.737388152087875726e-02 9.791086344814622922e-02 1.225889186602766578e-01 1.286645894360901876e-01
1.072702106827844726e-01 7.173799367573825692e-02 9.122911105255183950e-02 1.099206142729363955e-01 1.025424352300719488e-01 9.709339510748116187e-02 8.879079912842141598e-02 9.337695946039048511e-02 1.165515143401708864e-01 1.214869670494533732e-01
9.350300856862146792e-02 1.065795651235820762e-01 1.027197793970050510e-01 1.053208758318644606e-01 9.451970380610451306e-02 9.038776481378418826e-02 9.885211235290147780e-02 9.245299695038425303e-02 1.078595809000122696e-01 1.078046122557403536e-01
9.713655615360317075e-02 1.010013640727210338e-01 1.173343561118623396e-01 1.420161221270357654e-01 1.169772082275365999e-01 9.688145311461716924e-02 8.951772812087381570e-02 8.518603783300124355e-02 7.019623119076050244e-02 8.375294304798863720e-02
1.190670661001214797e-01 1.098316484033126927e-01 9.806036109537934198e-02 9.213234925404098496e-02 9.427892802595605470e-02 1.019951966945220334e-01 1.073404569045380980e-01 8.694689933155863582e-02 8.648461268274573732e-02 1.038624815078251218e-01
9.821230725550175733e-02 9.103595237892761483e-02 1.006340631754283066e-01 1.088697942944897579e-01 9.017539253692638535e-02 8.815068813203211229e-02 8.674905220217313251e-02 1.338782297680983502e-01 1.005574659696251982e-01 1.017370542867975236e-01
1.093155046663944890e-01 9.707365169399786997e-02 8.328123429993569693e-02 1.103294888332791990e-01 9.654077971986733953e-02 9.133820556036054139e-02 1.003130822738140249e-01 1.147553246240121394e-01 1.073463748334059220e-01 8.970635349493281951e-02
1.105138718044780949e-01 1.021567254547860043e-01 9.376740634556379739e-02 8.378430460075329822e-02 7.563291167087618505e-02 8.110767834817744770e-02 1.062657139647446708e-01 1.198478333695338488e-01 1.074107999476418968e-01 1.195127544934448532e-01
1.088536540827829552e-01 1.135273673115299031e-01 1.186071826953192659e-01 1.074002951378043025e-01 9.126589483255012625e-02 8.952185000563890604e-02 9.535058840759458310e-02 1.021400093034848522e-01 8.541636275985275972e-02 8.791679546344260965e-02
1.281900818216504256e-01 1.072392340630456686e-01 9.233332436814035982e-02 9.865271583392348775e-02 9.017923335227627513e-02 8.875265218184430482e-02 7.573729790136635165e-02 9.611677306188418091e-02 1.109793705069254954e-01 1.118193169089437000e-01
1.070916567545212722e-01 1.021915637664758542e-01 1.047959336349209847e-01 1.031063148982068883e-01 8.479561808947960744e-02 8.859430794209188775e-02 9.490387914604775377e-02 1.085379139001095838e-01 9.213785402090633736e-02 1.138449578472400525e-01
1.054166927911107388e-01 1.045966415068214223e-01 1.116841867142957662e-01 8.889240807657852739e-02 1.036513165930074420e-01 1.070418748395569331e-01 9.588018371294827757e-02 8.635449709972924104e-02 9.062778350704926711e-02 1.058544151589023985e-01
1.038810229464611629e-01 1.062657742899347224e-01 9.485084813057077791e-02 9.207973550976114585e-02 1.024874155687634097e-01 1.024695187893919224e-01 9.824392050981148317e-02 1.043625716367922451e-01 1.011672226483537607e-01 9.419196997015935602e-02
9.204691433513512155e-02 9.875730768759966027e-02 1.097029445374562706e-01 1.058125144963314862e-01 9.589739523268818455e-02 9.326241025784236249e-02 1.155916138288121675e-01 1.084743839269756704e-01 9.384748300381334785e-02 8.660703269334610321e-02
1.023508056860227000e-01 1.009001741380749356e-01 8.963699649559897509e-02 9.118607140305823311e-02 9.422476071324069335e-02 1.039862766152080675e-01 9.795654418809794650e-02 1.002371553226205914e-01 1.061584438840501299e-01 1.133627715540278802e-01
1.188998327249128906e-01 1.121163870707032051e-01 8.356209473803991039e-02 8.688269229609996147e-02 8.237643251604109818e-02 1.124449401712307867e-01 9.930397721088475571e-02 8.462905577126775269e-02 1.042594983936739744e-01 1.155250891071458313e-01
9.610116200315586832e-02 9.353646485150465817e-02 1.055399063225689604e-01 1.170840893124256987e-01 1.012058043278795810e-01 7.598933468839778882e-02 8.027450081698916939e-02 1.006313223144283953e-01 1.184607978775728265e-01 1.111766174850772476e-01
7.590307994030270899e-02 9.384957893600198719e-02 1.300747063279929228e-01 1.206747902609250495e-01 9.429585392021513912e-02 8.835180925585477130e-02 1.218671253693333761e-01 1.104256638661260670e-01 8.734775263151271785e-02 7.720963949173546836e-02
1.114626278776513491e-01 1.099899956791575151e-01 9.848671704867149879e-02 9.946764376207593850e-02 8.985064925005026293e-02 9.125174736769439687e-02 9.143893364888713848e-02 1.157601069797573601e-01 1.030666440084060664e-01 8.922493437764861257e-02
1.092760895184101966e-01 1.011230535995220614e-01 1.115367418850780890e-01 1.048683005181821198e-01 8.383369142579749633e-02 8.154516299990600958e-02 9.053091002612251303e-02 1.139711601001160979e-01 1.030739016928005763e-01 1.002409882340650760e-01
7.957643675939636563e-02 8.956559203434009964e-02 1.271422850259540382e-01 1.119520032248814967e-01 9.555220575186763876e-02 9.152234063833852851e-02 1.055766906565657887e-01 1.112143736679665484e-01 1.007388181789801856e-01 8.715925406170943468e-02
8.830139966604143298e-02 1.001826123088731535e-01 1.007984628982681874e-01 1.045951370655600204e-01 8.746975251894692494e-02 1.015953602595052185e-01 9.529015764961890067e-02 9.131698376285682373e-02 1.154009363848402386e-01 1.150491974854890992e-01
8.656347938473341053e-02 9.271423056752906011e-02 8.352152411814697808e-02 1.026203582299592409e-01 1.119894384705025780e-01 1.101969322928043615e-01 1.046814261888358577e-01 1.199463214087136964e-01 9.894091102146015948e-02 8.882537831731476818e-02
1.279107945610877262e-01 1.100523988168039258e-01 9.610610206906043673e-02 8.165840331552841336e-02 9.335615955513434927e-02 1.019319911809975360e-01 1.010418111627388316e-01 8.356761117316813259e-02 8.731302506176708000e-02 1.170617031037136657e-01
9.415720261730720075e-02 8.616782798863040216e-02 8.786124805882197797e-02 8.558836154624080428e-02 9.589316721753664285e-02 1.210607193382817470e-01 1.130329257736119308e-01 1.009344388124725767e-01 1.048904968544116106e-01 1.104136117926852595e-01
1.052877991625689735e-01 1.080327753456310769e-01 1.107782298339530097e-01 9.256482154750403368e-02 8.988185275639440364e-02 9.458925280167977678e-02 8.487045707046372844e-02 9.806573582012007018e-02 1.091020920349790035e-01 1.068269836267058681e-01
1.023795164746687525e-01 9.562588080251298306e-02 1.031439458501919038e-01 9.367885229825478888e-02 8.705030564558094430e-02 7.652647533574434557e-02 9.036356855063717997e-02 1.117168157283910390e-01 1.330396556414060738e-01 1.064749836726118781e-01
8.816879833322588400e-02 9.950296400288220766e-02 1.028629839977601296e-01 9.920267190434797766e-02 9.857949112605456088e-02 9.705292005157518942e-02 1.108504420348534053e-01 1.096614250342413666e-01 1.052086990301305258e-01 8.890960448492885027e-02
8.196668889421701576e-02 7.965520702922919416e-02 9.922503824865540334e-02 1.013798225271806408e-01 9.726871679387159852e-02 1.048191866131212707e-01 1.133684189495718780e-01 1.052948431214941194e-01 1.087387049769805297e-01 1.082833728456786548e-01
9.871023658566868697e-02 1.097065419675902348e-01 1.230485375785565355e-01 1.068838956226074444e-01 8.592620362990152638e-02 8.205064228792655068e-02 9.014676772884772094e-02 1.009510304195750940e-01 1.012656304725355200e-01 1.013105137067904921e-01
9.984998370727701800e-02 1.084788002634505255e-01 9.251805411441288429e-02 9.684945963331348384e-02 9.222057209891418306e-02 1.253077344658437009e-01 1.146906121343527624e-01 9.805440521781094709e-02 8.530285998327577501e-02 8.672751838134881708e-02
1.036741228597228004e-01 9.204594673320293241e-02 8.856622477648948277e-02 9.597403244816488099e-02 9.908238005747420363e-02 1.204993248073687184e-01 1.102730708057743647e-01 9.399298612563540545e-02 9.718688078660178697e-02 9.870503059956575731e-02
1.002832519738281608e-01 9.482818062085698885e-02 1.082751737471972786e-01 1.164007855303424710e-01 1.054444973930472873e-01 8.227928017270602634e-02 8.750570390792028475e-02 9.016939480024832587e-02 1.098299985645922461e-01 1.049837332892611108e-01
8.424017247241744055e-02 9.485324859225265082e-02 1.068405544655900985e-01 1.201665027786880252e-01 7.793579563484689943e-02 8.896575362936413878e-02 1.148104286442287042e-01 1.124297855002095864e-01 1.092098559946628189e-01 9.054790228773955396e-02
1.093114855754156456e-01 9.740870364262729786e-02 9.471308415727811014e-02 9.962067919647513148e-02 9.308745346426909595e-02 9.876220440987108773e-02 1.052511362644481807e-01 1.004552623601129846e-01 9.866652389071199625e-02 1.027234670387904558e-01
1.092612302013474951e-01 1.071124619560056695e-01 9.463941814774318173e-02 9.694175392086842868e-02 9.016361696351207766e-02 8.885882083504938189e-02 9.818726718988024516e-02 9.673127535984263337e-02 1.062158879659801519e-01 1.118882674597708460e-01
8.976226805594421376e-02 8.856068034254716004e-02 9.953876847807066608e-02 1.088637872296737974e-01 9.811679387729613233e-02 9.310261468252331585e-02 9.890601556077580070e-02 1.007147942891634951e-01 1.056454049916393523e-01 1.167888724923663302e-01
7.908972516560869304e-02 9.463811018005582887e-02 1.193621987700517612e-01 9.134126895567448723e-02 8.899478571168925600e-02 1.064619685596238097e-01 1.164449698679038969e-01 1.086345741058890590e-01 1.057268278375526338e-01 8.930557084595062978e-02
9.613586305379676067e-02 1.194888709489201895e-01 1.037154906984883995e-01 7.906872262941067042e-02 7.384995366030164266e-02 9.169314667005759589e-02 1.080957845111180371e-01 1.043750549690972695e-01 1.137919358481069010e-01 1.097851770107027281e-01
8.614257283150697497e-02 8.869416243061428728e-02 9.343097998608729249e-02 1.101923809892071393e-01 1.084145451614801636e-01 1.076275926587198090e-01 1.073611956836577064e-01 9.595231924251498845e-02 9.845605791054187761e-02 1.037281931056698303e-01
9.272480154560097665e-02 1.022893114066442538e-01 1.143007202221462820e-01 1.074693272531634936e-01 9.722181814361847974e-02 9.553310518639120119e-02 9.586446186563074567e-02 8.870869865173268420e-02 9.537683262493637515e-02 1.105109231001354386e-01
1.035941627336712106e-01 7.448414551613126433e-02 8.388956271690771460e-02 1.118795272900011684e-01 9.200699562914871343e-02 1.113894760709601139e-01 1.162868229001829401e-01 1.126044047549473459e-01 1.016856746415141094e-01 9.217922774653564133e-02
7.893879896766431425e-02 7.864891095556281186e-02 9.196449945184499708e-02 1.042811329262525039e-01 1.126755148819207908e-01 1.081716881907279770e-01 8.688109481174419169e-02 1.132817131319529547e-01 1.295329044083927683e-01 9.562374227393669046e-02
1.034868049694817882e-01 9.350423739828525593e-02 9.698281286833285164e-02 1.139498515326081152e-01 1.018780647752449420e-01 9.596519892572707988e-02 1.057063910495694564e-01 9.315219451645395665e-02 9.583092623329306226e-02 9.954351773100339473e-02
8.500531508258872548e-02 9.478477271281808558e-02 1.136394845313401236e-01 1.128109710049720882e-01 9.384478708550840487e-02 9.868626950239647866e-02 1.032410159809290656e-01 1.070704458540929771e-01 9.655704324598177180e-02 9.435989499937251501e-02
1.142130455817402246e-01 1.028955624722706075e-01 8.952268936139343158e-02 7.832758932572395083e-02 1.052538279585650827e-01 1.004690142625875443e-01 1.112413935573345197e-01 1.024400188660574279e-01 9.357281456886515358e-02 1.020640440454620712e-01
8.270727563515556380e-02 8.910639166734085626e-02 9.829947677201242295e-02 1.113557169922775869e-01 1.469589525866665802e-01 1.190608199122260291e-01 9.265624016285879672e-02 8.456487397643344672e-02 8.754450546544534362e-02 8.774574682958355409e-02
9.229172210074376714e-02 7.783282231379806682e-02 1.139489938489861853e-01 1.054044895936402382e-01 1.082277804260063092e-01 8.756520990968939822e-02 8.168914442279927302e-02 1.012906046649180991e-01 1.182107886726098123e-01 1.135384440468089756e-01
1.147896455190605403e-01 1.202721251422932680e-01 8.895468800607445048e-02 9.150480579757988564e-02 8.599013504603687796e-02 1.010173569165770946e-01 9.494747988053788001e-02 9.612311097753176159e-02 9.836750640749976349e-02 1.080331463068084780e-01
8.095841958941044081e-02 9.105004824796447682e-02 9.039795174857957749e-02 9.059089224305830190e-02 9.933530324901823638e-02 1.118043088519157791e-01 1.225996186764599927e-01 1.069508567939756877e-01 1.095486827698581578e-01 9.676391782975943268e-02
9.459503781721258220e-02 9.154846684696221759e-02 1.027104045218637657e-01 1.068425455825344206e-01 9.729674120499788581e-02 9.243392988131479693e-02 9.107897737547943073e-02 1.110459980057014878e-01 1.042814171157855768e-01 1.081664816481481134e-01
9.319374258234053299e-02 1.181835663558853805e-01 1.239206085195373869e-01 9.721633860434987506e-02 8.706701888229285979e-02 9.496307951766530531e-02 1.124652492631125211e-01 9.995085501315524590e-02 8.540173420140158289e-02 8.763780706025961487e-02
1.006671658310122480e-01 9.255054713989933901e-02 8.339934069469850941e-02 7.710510424947678021e-02 8.534175399709992282e-02 1.105433318688500699e-01 1.252631684673978785e-01 1.017179338997143134e-01 1.144851916842127559e-01 1.089264621676383771e-01
1.012060380085635924e-01 9.415780074542638711e-02 1.118282385140114688e-01 1.038959419156516850e-01 8.659990346391864546e-02 9.147387999092937427e-02 1.201582999196116608e-01 1.204302740160396457e-01 8.940909338559682729e-02 8.084053004025071321e-02
9.271681315112248467e-02 9.402023100801623623e-02 1.033437644384497256e-01 8.755992512184300469e-02 1.033526135933252876e-01 9.162361268777208245e-02 1.047582146114119650e-01 1.107111332152731498e-01 1.063457982519060985e-01 1.055678939208801875e-01
9.958146809145465572e-02 8.914206736040153345e-02 9.238803288280390824e-02 1.002801712160832220e-01 1.043591303837538842e-01 9.528842885281006703e-02 8.929428929744420707e-02 1.189342717371919406e-01 1.056826975493324466e-01 1.050494426287243710e-01
9.483732717159079617e-02 1.227291685404080790e-01 1.008093897549380280e-01 9.795113877406463887e-02 1.106693877313658647e-01 9.924823918409664270e-02 9.623509620060438641e-02 8.984889343807780926e-02 8.847689210538667304e-02 9.919446709946709573e-02
1.102240341821873609e-01 9.479656736880043288e-02 7.554220665897702636e-02 8.828159027043765150e-02 1.081480962446718652e-01 9.456964164579287346e-02 1.040554733860428738e-01 1.095435821073899030e-01 1.080893314981750675e-01 1.067494766375251120e-01
1.027723225145486252e-01 1.222475780919596022e-01 1.013423171306165049e-01 8.786699352309135236e-02 9.420159321388990592e-02 9.032528175347045996e-02 1.015696641181554755e-01 1.085439531083955689e-01 9.048545562837617684e-02 1.006448409174963421e-01
1.057955129567618863e-01 9.498845591169949309e-02 9.049469462005396703e-02 8.579155006394600935e-02 8.118010397776294351e-02 9.854493130195243755e-02 1.158144562328320831e-01 1.087938371486906752e-01 1.072497643054708405e-01 1.113466934808297615e-01
1.161138212717824358e-01 1.081275001756993592e-01 9.699213146387046514e-02 1.306187468953227682e-01 1.283276643757250701e-01 9.479665521742829115e-02 7.404102390684033641e-02 7.433406145143189869e-02 8.193423993736104194e-02 9.471415530453825005e-02
7.793824440618563054e-02 9.064899205181506381e-02 1.013933651894278476e-01 1.146335875644046709e-01 1.088550306945019613e-01 9.845020189524425480e-02 1.019717144123600261e-01 1.096309843022681141e-01 1.126783226110266573e-01 8.379955687276585685e-02
1.045443895855037442e-01 8.763770652419278218e-02 9.143751620131655711e-02 7.819446279569022829e-02 9.473808542155601198e-02 1.374006057147610649e-01 1.197689348151483035e-01 1.054244686916584184e-01 8.589083642292527632e-02 9.496299382724775195e-02
9.100267245561445562e-02 9.209797225974106216e-02 1.006947477768847243e-01 1.004142111224630152e-01 1.115407949188604864e-01 1.016602540356594947e-01 8.555394779856198562e-02 1.031919320232503740e-01 1.184990494188890575e-01 9.534441819007552499e-02
9.188596369004282949e-02 1.127247545079382712e-01 1.027446990709778574e-01 9.887389540258714749e-02 1.142636800554665821e-01 1.035778638222126513e-01 1.179557019679317587e-01 9.596159360942474459e-02 8.355221686755512356e-02 7.845963100586313133e-02
9.981330050528476605e-02 9.105189830851601052e-02 9.868952992997014062e-02 1.028041159610121325e-01 1.028620004611662253e-01 9.778879915940101586e-02 9.088795222033688170e-02 9.832099283016884628e-02 1.082747973850885503e-01 1.095066132390555558e-01
1.191476111104398244e-01 1.079351815175666474e-01 9.757271809047851630e-02 1.207743411509753506e-01 1.021574895729430582e-01 1.106738626442763385e-01 1.101928237304575647e-01 8.697716360832893900e-02 6.325520264530394565e-02 8.131360592922988462e-02
1.019083698356834516e-01 1.054950444812495780e-01 1.317183594445685002e-01 1.001880008122381094e-01 8.608066343554435229e-02 1.068833881534426433e-01 8.809048576183770018e-02 8.055471349891059341e-02 8.541509418089424099e-02 1.136658803956308861e-01
8.128855007354841844e-02 8.739843239954341036e-02 9.658279894582191827e-02 1.045747180990113379e-01 9.595272697887485824e-02 8.250868895674945414e-02 9.815294274823026244e-02 1.221345555146818029e-01 1.167015143682667844e-01 1.147050719152717113e-01
8.365029360796452651e-02 8.851323958815411619e-02 1.157477328267179917e-01 1.115214019927326106e-01 9.103331578627907317e-02 8.077447196520569361e-02 8.899695828284381882e-02 1.193873980057486572e-01 1.236544023195772918e-01 9.672078562477631758e-02
9.656329642118477441e-02 1.210783021600724541e-01 1.176465386758605569e-01 1.133746280341643431e-01 1.034053302502654925e-01 1.029497612495952896e-01 9.335920782361137316e-02 8.573237436985942095e-02 7.934062914657474819e-02 8.654993186881165812e-02
9.896293927019753078e-02 9.362985701192017007e-02 1.017491268532149801e-01 1.025913860612425871e-01 1.011537859806368733e-01 1.100456594807473487e-01 8.683735635827360966e-02 8.888138236827422545e-02 1.138289851968694449e-01 1.023195214186233271e-01
9.710851858341908172e-02 1.024988052201650096e-01 1.095727946940002751e-01 1.151571936495778825e-01 8.566384452364513014e-02 7.614606565882314770e-02 9.192032202676403418e-02 1.099927118382083846e-01 1.128733298779382582e-01 9.906641392745893504e-02
8.710601205376709844e-02 1.054799403214171927e-01 9.990502272052692589e-02 1.057941304860805926e-01 1.005974841762531519e-01 1.157144266143168565e-01 1.298433111308047172e-01 1.043612581988558607e-01 7.525057224811619594e-02 7.594784204986142206e-02
9.667699304601028165e-02 9.531201610548289960e-02 9.988055621394575923e-02 1.151009854260647280e-01 1.028535103623944569e-01 1.115864386182089385e-01 8.853245814343550790e-02 7.995605619357962213e-02 9.514345069054205850e-02 1.149575352003357614e-01
9.737478192044235481e-02 9.761228408787978039e-02 8.170878587849392249e-02 8.760124399433677489e-02 9.962283136566361941e-02 1.047026403972495245e-01 1.046757410963296553e-01 1.013086345961314444e-01 1.079086878700319108e-01 1.174843687934410130e-01
1.243220552156854564e-01 8.096161353448685927e-02 6.913057104087710902e-02 7.691790830811334745e-02 9.650666696372128817e-02 1.369030937329587250e-01 1.144403761093545357e-01 8.969938158475831980e-02 9.963900664903646565e-02 1.114793268610081572e-01
7.648484462687740737e-02 8.853887225962084329e-02 1.011527153394600753e-01 1.021613811850515391e-01 1.065138158574750193e-01 1.071459399608075541e-01 1.116272117450386181e-01 1.171592285126663857e-01 1.054864497836426468e-01 8.372954072936006353e-02
9.637789584217489047e-02 8.509331284569829346e-02 7.793321044929271690e-02 9.817524476063685390e-02 1.402819227909219146e-01 1.202906134845026509e-01 9.593646716011604292e-02 9.109420002176689402e-02 1.083919380219791062e-01 8.642519462291106680e-02
1.042049143412548257e-01 8.742545571416732164e-02 9.100898184535677338e-02 9.502489610637984696e-02 1.052918079516576844e-01 1.115662275029938311e-01 1.060972296341245180e-01 9.452089610613217951e-02 1.034800246087223402e-01 1.013795661892109568e-01
1.102117903436568014e-01 9.221980509999358477e-02 9.048801542119215557e-02 7.618222688444013790e-02 9.701249224934815896e-02 1.298097974090400286e-01 1.105002823704328702e-01 9.636639386804476959e-02 9.320025129414108434e-02 1.040089450597106585e-01
8.707874751765276589e-02 8.899256155978008120e-02 8.955630910300266256e-02 1.019294030831311704e-01 1.077352716244876912e-01 1.069007940384419930e-01 1.063883847601598265e-01 1.044016537212694440e-01 1.021283581598171480e-01 1.048885164322571201e-01
8.959028009891284450e-02 7.532762943474388684e-02 8.139520912389086593e-02 1.096892163982962770e-01 1.319208734156031848e-01 1.025869686997897268e-01 9.060748103976887236e-02 9.417628149015994099e-02 1.139356364494284179e-01 1.107704238494062743e-01
9.076526773110332735e-02 1.101127732789999036e-01 1.142618521344256899e-01 1.071720625556978335e-01 9.801819075869930287e-02 9.074865163244238975e-02 8.842777147244576530e-02 1.013270043622316735e-01 1.045438230952597664e-01 9.462260297869443115e-02
1.002625768663309019e-01 1.107635988886209594e-01 1.069681635679317899e-01 1.158690126236369966e-01 1.020078294196602176e-01 9.696674025153774468e-02 1.012494862931219430e-01 9.591988237814191853e-02 8.954138593228359866e-02 8.045132377873417950e-02
9.175588694570914472e-02 1.097291006693824900e-01 1.034339730707337923e-01 9.728257607000162510e-02 8.591303347657947009e-02 9.893769311575700831e-02 1.104339117651991498e-01 9.741515283955828886e-02 1.059318772860063096e-01 9.916679476107290170e-02
9.432409458560589433e-02 8.843030881235736107e-02 9.702190544295000163e-02 1.006136028967903884e-01 8.815436482363735171e-02 9.201389726039921335e-02 9.796959159617209256e-02 1.155939860375927442e-01 1.215710642265362684e-01 1.043071843179588648e-01
7.173422850282645813e-02 8.056950357159718690e-02 1.103791355726100876e-01 1.247276851999785108e-01 1.023013996774336520e-01 1.027236607448183819e-01 1.172472261730808096e-01 1.104213216372822437e-01 9.909026707697815572e-02 8.080557184339481891e-02
9.845118256069432250e-02 8.393917520436074142e-02 9.321642530570167784e-02 9.704335579542835988e-02 1.191219892273764625e-01 1.108890315674282701e-01 8.732080467586705863e-02 8.340842939500668629e-02 1.064097862335688094e-01 1.201998200345676115e-01
9.031921079200228020e-02 1.106744928986421322e-01 1.144362643261619128e-01 1.014823781562824712e-01 8.293103750471352009e-02 9.214117944842221963e-02 9.438329602732699330e-02 1.061460419443958081e-01 1.134408783348265781e-01 9.404522056722638967e-02
9.873408703120950536e-02 1.029177984066123874e-01 1.014833984218242446e-01 8.303730546986469452e-02 8.987977681771999738e-02 9.393104356958825729e-02 1.038546295561224853e-01 1.104039227713394800e-01 1.157317339248015442e-01 1.000263040309173762e-01
8.313626460170434052e-02 8.934592395384388652e-02 9.539143803466115790e-02 1.205154613515723727e-01 9.220283343711442592e-02 9.448996606667241227e-02 1.031675414246220890e-01 1.105612241451970207e-01 1.131875552267572194e-01 9.800179175785500574e-02
9.393764507746031611e-02 1.007445171105789961e-01 9.688988328074472911e-02 1.019751224970731063e-01 1.123316338717684215e-01 9.981449409664033823e-02 8.907928547541713038e-02 9.373732579336596649e-02 1.137111568822791186e-01 9.777893591467172463e-02
1.037913908578347866e-01 1.074485890526671594e-01 1.042731587782287084e-01 9.354054826495386554e-02 1.094897765594777111e-01 1.077514522422357568e-01 8.691986215190804221e-02 9.916007676388809144e-02 9.527528309278870955e-02 9.234986223601723832e-02
1.031970833124523368e-01 9.597972166975067554e-02 9.905803667981744054e-02 9.242204995649001831e-02 9.469712771864130518e-02 9.730101253952597173e-02 1.055454930466070418e-01 1.082031504163738223e-01 1.017313781386905425e-01 1.018649465216506095e-01
9.214176043132048244e-02 9.792704465467445829e-02 1.116246827634726907e-01 1.141177939226649396e-01 1.053234657160615761e-01 9.965655176417800853e-02 1.042362537155386848e-01 9.917794718184987091e-02 9.011122208788155397e-02 8.568327776235794280e-02
8.400522182081909817e-02 7.410152323678907693e-02 8.926163749072657527e-02 1.255274462522442680e-01 1.150455156741510554e-01 9.242842326656658392e-02 8.108012657013420610e-02 1.047961104503605523e-01 1.258062222342982706e-01 1.079477730039101885e-01
