1.084462096089049143e-01 1.131900602621121188e-01 9.494926099775513606e-02 8.061599809198677358e-02 7.285153953933753979e-02 6.974996206670307231e-02 7.741064816793538639e-02 8.430619874029959826e-02 9.086603099023032870e-02 1.017322636028253069e-01
1.131900602621121188e-01 1.273632024790535278e-01 1.099352800317399681e-01 9.343117624009675271e-02 8.246703423244855502e-02 7.557481095983771546e-02 7.974708114481511567e-02 8.335081979518706163e-02 8.835336632373386179e-02 1.007556484409635744e-01
9.494926099775513606e-02 1.099352800317399681e-01 1.005622590102179387e-01 8.858699196781895380e-02 7.952231874505549802e-02 7.264161234494254105e-02 7.497510095449992640e-02 7.534328087251994377e-02 7.626391556570973063e-02 8.438743832825532087e-02
8.061599809198677358e-02 9.343117624009675271e-02 8.858699196781895380e-02 8.314530223427800404e-02 7.795778482992883618e-02 7.300688715831152309e-02 7.563620065150382377e-02 7.415531471214006909e-02 7.117149774208222923e-02 7.417835633283387242e-02
7.285153953933753979e-02 8.246703423244855502e-02 7.952231874505549802e-02 7.795778482992883618e-02 7.791471637796765215e-02 7.625687425460958568e-02 8.091013978472610946e-02 7.896907516346089728e-02 7.285387822546085523e-02 7.110895948374867936e-02
6.974996206670307231e-02 7.557481095983771546e-02 7.264161234494254105e-02 7.300688715831152309e-02 7.625687425460958568e-02 7.934822443165337469e-02 8.757201028986724700e-02 8.666052808311722200e-02 7.854817437325359308e-02 7.279136530863203336e-02
7.741064816793538639e-02 7.974708114481511567e-02 7.497510095449992640e-02 7.563620065150382377e-02 8.091013978472610946e-02 8.757201028986724700e-02 1.017878472092784287e-01 1.036122578759358093e-01 9.432676868346084875e-02 8.519159805366965932e-02
8.430619874029959826e-02 8.335081979518706163e-02 7.534328087251994377e-02 7.415531471214006909e-02 7.896907516346089728e-02 8.666052808311722200e-02 1.036122578759358093e-01 1.108591451372753639e-01 1.041130398283845182e-01 9.484137398356320969e-02
9.086603099023032870e-02 8.835336632373386179e-02 7.626391556570973063e-02 7.117149774208222923e-02 7.285387822546085523e-02 7.854817437325359308e-02 9.432676868346084875e-02 1.041130398283845182e-01 1.048494155525442478e-01 1.003450693443489750e-01
1.017322636028253069e-01 1.007556484409635744e-01 8.438743832825532087e-02 7.417835633283387242e-02 7.110895948374867936e-02 7.279136530863203336e-02 8.519159805366965932e-02 9.484137398356320969e-02 1.003450693443489750e-01 1.057236779588267284e-01
7.284292206955672588e-02 7.487510346336324896e-02 8.196772151138750906e-02 7.398619517288301806e-02 6.767288738075455390e-02 6.983462943169613246e-02 6.638185487361113191e-02 7.556820363397109830e-02 8.324986770305477235e-02 8.097951721775406564e-02
7.487510346336324896e-02 8.371484234399424740e-02 9.618158898257478384e-02 8.771438159438207927e-02 7.810476719805262147e-02 7.607770964533812352e-02 6.725843218184432426e-02 7.240113463605071797e-02 7.863047849548837620e-02 7.839684965833203234e-02
8.196772151138750906e-02 9.618158898257478384e-02 1.169941312520789145e-01 1.094825369272795224e-01 9.759288413065880796e-02 9.260627163583620702e-02 7.759118005392320883e-02 7.886947176691626316e-02 8.312670400322479114e-02 8.313996338478428505e-02
7.398619517288301806e-02 8.771438159438207927e-02 1.094825369272795224e-01 1.080594211211788891e-01 9.977813930051940283e-02 9.587161547111976156e-02 7.872766588727725390e-02 7.676116700229901335e-02 7.761974869877666383e-02 7.559665413473358464e-02
6.767288738075455390e-02 7.810476719805262147e-02 9.759288413065880796e-02 9.977813930051940283e-02 9.923990950714976778e-02 1.001142529266570019e-01 8.343463938919104539e-02 8.019937155331363643e-02 7.802340293350848444e-02 7.236778388638520632e-02
6.983462943169613246e-02 7.607770964533812352e-02 9.260627163583620702e-02 9.587161547111976156e-02 1.001142529266570019e-01 1.094111416884206572e-01 9.549672964395410080e-02 9.364316295343255714e-02 8.976594366747422948e-02 7.961884390651077781e-02
6.638185487361113191e-02 6.725843218184432426e-02 7.759118005392320883e-02 7.872766588727725390e-02 8.343463938919104539e-02 9.549672964395410080e-02 9.092950274874883609e-02 9.449787909755169579e-02 9.222493470153278472e-02 8.010809345575378715e-02
7.556820363397109830e-02 7.240113463605071797e-02 7.886947176691626316e-02 7.676116700229901335e-02 8.019937155331363643e-02 9.364316295343255714e-02 9.449787909755169579e-02 1.065546954174989291e-01 1.079845396996552132e-01 9.403228065254623513e-02
8.324986770305477235e-02 7.863047849548837620e-02 8.312670400322479114e-02 7.761974869877666383e-02 7.802340293350848444e-02 8.976594366747422948e-02 9.222493470153278472e-02 1.079845396996552132e-01 1.154988898677959952e-01 1.031197433671908470e-01
8.097951721775406564e-02 7.839684965833203234e-02 8.313996338478428505e-02 7.559665413473358464e-02 7.236778388638520632e-02 7.961884390651077781e-02 8.010809345575378715e-02 9.403228065254623513e-02 1.031197433671908470e-01 9.675454398357713481e-02
1.025713318638895033e-01 9.113487251905807995e-02 8.540067743379688159e-02 8.283361348834189508e-02 7.916487087613133244e-02 7.530525643203313246e-02 8.016293593750109525e-02 8.371020713956908721e-02 9.361694290302668975e-02 9.780700528616556588e-02
9.113487251905807995e-02 8.601406299032496316e-02 8.423535584583247138e-02 8.350176133334474837e-02 7.922871442785388296e-02 7.246928402631963584e-02 7.296252393093527466e-02 7.271966948937508279e-02 7.967297697579374394e-02 8.407272416462129028e-02
8.540067743379688159e-02 8.423535584583247138e-02 8.848315821924976343e-02 9.170887761795960824e-02 8.840814613296164859e-02 7.940734639545796170e-02 7.617025426207282846e-02 7.138023930189756061e-02 7.462269584196026817e-02 7.761693621748734506e-02
8.283361348834189508e-02 8.350176133334474837e-02 9.170887761795960824e-02 1.013862098310452931e-01 1.013760579594741862e-01 9.183295027606168393e-02 8.618180539774059068e-02 7.676294484982018607e-02 7.578895987098742404e-02 7.593449580105550434e-02
7.916487087613133244e-02 7.922871442785388296e-02 8.840814613296164859e-02 1.013760579594741862e-01 1.077857262734773780e-01 1.012699150473574394e-01 9.606208621446769846e-02 8.365637644907961135e-02 7.882834629893231693e-02 7.507999674521752265e-02
7.530525643203313246e-02 7.246928402631963584e-02 7.940734639545796170e-02 9.183295027606168393e-02 1.012699150473574394e-01 1.021784504047113240e-01 1.013915600827598879e-01 8.939626267450544173e-02 8.262429422467519602e-02 7.518499044113834129e-02
8.016293593750109525e-02 7.296252393093527466e-02 7.617025426207282846e-02 8.618180539774059068e-02 9.606208621446769846e-02 1.013915600827598879e-01 1.087031278556619129e-01 1.001392466116873409e-01 9.384209356756881282e-02 8.367519782246538029e-02
8.371020713956908721e-02 7.271966948937508279e-02 7.138023930189756061e-02 7.676294484982018607e-02 8.365637644907961135e-02 8.939626267450544173e-02 1.001392466116873409e-01 9.986274846935186411e-02 9.820918335901265839e-02 8.883699712625672817e-02
9.361694290302668975e-02 7.967297697579374394e-02 7.462269584196026817e-02 7.578895987098742404e-02 7.882834629893231693e-02 8.262429422467519602e-02 9.384209356756881282e-02 9.820918335901265839e-02 1.041969165463188657e-01 9.818194766210515401e-02
9.780700528616556588e-02 8.407272416462129028e-02 7.761693621748734506e-02 7.593449580105550434e-02 7.507999674521752265e-02 7.518499044113834129e-02 8.367519782246538029e-02 8.883699712625672817e-02 9.818194766210515401e-02 9.881826754596922946e-02
9.703470703538960573e-02 9.302222753099594066e-02 8.608900849548206669e-02 7.865765295602317186e-02 7.167958531658255583e-02 6.963918235811425439e-02 7.277258089307162003e-02 8.128625462464568463e-02 9.715102020647356507e-02 1.068417250174028832e-01
9.302222753099594066e-02 9.832089959337964036e-02 9.578573638511951593e-02 8.882227575787207674e-02 7.956973404273730288e-02 7.385644809336663896e-02 7.223211132380459587e-02 7.543848508113557005e-02 8.670328537063842766e-02 9.622514611825186415e-02
8.608900849548206669e-02 9.578573638511951593e-02 9.989952704326071631e-02 9.584753161751904948e-02 8.664655612001534446e-02 7.927684815558183606e-02 7.453526616318195686e-02 7.340025550005604971e-02 7.992459758853620588e-02 8.691781086169775294e-02
7.865765295602317186e-02 8.882227575787207674e-02 9.584753161751904948e-02 9.663016496592320703e-02 8.982527500800703557e-02 8.310716855182628815e-02 7.746609093488587838e-02 7.388018195909840102e-02 7.675210360008472010e-02 8.027974983128077779e-02
7.167958531658255583e-02 7.956973404273730288e-02 8.664655612001534446e-02 8.982527500800703557e-02 8.744109751842124578e-02 8.351354105865366195e-02 7.918239491054829271e-02 7.525643240825666269e-02 7.604411434868407760e-02 7.610243866950694436e-02
6.963918235811425439e-02 7.385644809336663896e-02 7.927684815558183606e-02 8.310716855182628815e-02 8.351354105865366195e-02 8.413535077823378061e-02 8.299075607891218120e-02 8.064557315359310863e-02 8.115421727865508583e-02 7.829208344617374915e-02
7.277258089307162003e-02 7.223211132380459587e-02 7.453526616318195686e-02 7.746609093488587838e-02 7.918239491054829271e-02 8.299075607891218120e-02 8.737388152087875726e-02 8.901886750626851474e-02 9.151169683174595337e-02 8.672348002655967669e-02
8.128625462464568463e-02 7.543848508113557005e-02 7.340025550005604971e-02 7.388018195909840102e-02 7.525643240825666269e-02 8.064557315359310863e-02 8.901886750626851474e-02 9.791086344814622922e-02 1.055465776025068386e-01 1.008027604349019529e-01
9.715102020647356507e-02 8.670328537063842766e-02 7.992459758853620588e-02 7.675210360008472010e-02 7.604411434868407760e-02 8.115421727865508583e-02 9.151169683174595337e-02 1.055465776025068386e-01 1.225889186602766578e-01 1.212451192787260823e-01
1.068417250174028832e-01 9.622514611825186415e-02 8.691781086169775294e-02 8.027974983128077779e-02 7.610243866950694436e-02 7.829208344617374915e-02 8.672348002655967669e-02 1.008027604349019529e-01 1.212451192787260823e-01 1.286645894360901876e-01
1.072702106827844726e-01 8.398812627724758229e-02 8.431316212839654045e-02 8.345997296550511368e-02 7.663654400971003922e-02 7.500258567821038724e-02 7.640106409226130046e-02 8.531702200022031612e-02 1.024010147611605914e-01 1.108164450066163459e-01
8.398812627724758229e-02 7.173799367573825692e-02 7.731309952864079404e-02 7.903590560785730967e-02 7.209358000419990864e-02 6.760221798864411713e-02 6.418976303661104443e-02 6.676115907049773313e-02 7.692903774083140189e-02 8.336253786888109252e-02
8.431316212839654045e-02 7.731309952864079404e-02 9.122911105255183950e-02 9.754239269238147714e-02 8.981485516971292327e-02 8.224351290321527119e-02 7.361652049597897096e-02 7.073178678646152573e-02 7.656858690045242888e-02 8.146253624644489433e-02
8.345997296550511368e-02 7.903590560785730967e-02 9.754239269238147714e-02 1.099206142729363955e-01 1.037673160845988263e-01 9.536828452715294391e-02 8.347098058652356600e-02 7.644545886194309414e-02 7.838989163622372969e-02 8.066753332320798775e-02
7.663654400971003922e-02 7.209358000419990864e-02 8.981485516971292327e-02 1.037673160845988263e-01 1.025424352300719488e-01 9.700743809970396869e-02 8.579702486713104703e-02 7.763502826383102129e-02 7.704164803322226251e-02 7.617901601966746428e-02
7.500258567821038724e-02 6.760221798864411713e-02 8.224351290321527119e-02 9.536828452715294391e-02 9.700743809970396869e-02 9.709339510748116187e-02 8.939143152787137891e-02 8.267855158951595285e-02 8.167834509424945488e-02 7.812212951716818177e-02
7.640106409226130046e-02 6.418976303661104443e-02 7.361652049597897096e-02 8.347098058652356600e-02 8.579702486713104703e-02 8.939143152787137891e-02 8.879079912842141598e-02 8.696275483818541319e-02 8.837547340516384298e-02 8.349047548592063162e-02
8.531702200022031612e-02 6.676115907049773313e-02 7.073178678646152573e-02 7.644545886194309414e-02 7.763502826383102129e-02 8.267855158951595285e-02 8.696275483818541319e-02 9.337695946039048511e-02 1.003767150782681750e-01 9.605927601873182065e-02
1.024010147611605914e-01 7.692903774083140189e-02 7.656858690045242888e-02 7.838989163622372969e-02 7.704164803322226251e-02 8.167834509424945488e-02 8.837547340516384298e-02 1.003767150782681750e-01 1.165515143401708864e-01 1.154811908123517528e-01
1.108164450066163459e-01 8.336253786888109252e-02 8.146253624644489433e-02 8.066753332320798775e-02 7.617901601966746428e-02 7.812212951716818177e-02 8.349047548592063162e-02 9.605927601873182065e-02 1.154811908123517528e-01 1.214869670494533732e-01
9.350300856862146792e-02 9.587023610557715569e-02 8.709914021657123862e-02 8.117915521519625255e-02 7.292171787060457155e-02 7.007494940799352534e-02 7.485997174017722244e-02 7.735226629935196274e-02 9.000172803503428409e-02 9.652946104675211303e-02
9.587023610557715569e-02 1.065795651235820762e-01 1.010381064497410664e-01 9.521035039477496187e-02 8.353468146595705024e-02 7.625483222606080358e-02 7.674483666608242216e-02 7.560481970779282801e-02 8.613446819255120290e-02 9.385581085398814194e-02
8.709914021657123862e-02 1.010381064497410664e-01 1.027197793970050510e-01 1.007113858480780805e-01 8.921276673160297155e-02 7.991696133012744785e-02 7.710999469953583318e-02 7.188784896206325270e-02 7.819477636794455733e-02 8.380362755695348886e-02
8.117915521519625255e-02 9.521035039477496187e-02 1.007113858480780805e-01 1.053208758318644606e-01 9.668017947828001779e-02 8.766492315597448903e-02 8.347869038238892037e-02 7.476765475175303766e-02 7.720966683986443813e-02 7.940165081813829739e-02
7.292171787060457155e-02 8.353468146595705024e-02 8.921276673160297155e-02 9.668017947828001779e-02 9.451970380610451306e-02 8.931879083839044942e-02 8.661309961323560014e-02 7.673011033000833037e-02 7.645076224750760319e-02 7.476398353282745490e-02
7.007494940799352534e-02 7.625483222606080358e-02 7.991696133012744785e-02 8.766492315597448903e-02 8.931879083839044942e-02 9.038776481378418826e-02 9.153458533299294042e-02 8.242357970664979105e-02 8.127241601005194549e-02 7.633577858996593024e-02
7.485997174017722244e-02 7.674483666608242216e-02 7.710999469953583318e-02 8.347869038238892037e-02 8.661309961323560014e-02 9.153458533299294042e-02 9.885211235290147780e-02 9.250266267053151859e-02 9.264452057916164329e-02 8.562163585370551055e-02
7.735226629935196274e-02 7.560481970779282801e-02 7.188784896206325270e-02 7.476765475175303766e-02 7.673011033000833037e-02 8.242357970664979105e-02 9.250266267053151859e-02 9.245299695038425303e-02 9.663452671044824027e-02 9.041674263801083300e-02
9.000172803503428409e-02 8.613446819255120290e-02 7.819477636794455733e-02 7.720966683986443813e-02 7.645076224750760319e-02 8.127241601005194549e-02 9.264452057916164329e-02 9.663452671044824027e-02 1.078595809000122696e-01 1.045098665345680494e-01
9.652946104675211303e-02 9.385581085398814194e-02 8.380362755695348886e-02 7.940165081813829739e-02 7.476398353282745490e-02 7.633577858996593024e-02 8.562163585370551055e-02 9.041674263801083300e-02 1.045098665345680494e-01 1.078046122557403536e-01
9.713655615360317075e-02 9.563225281442455650e-02 9.313171257870697661e-02 9.113136777510461028e-02 7.954426414386925326e-02 7.434702219999135553e-02 7.560560652768519296e-02 7.870602704730540744e-02 7.659033217482003053e-02 8.810403086971112241e-02
9.563225281442455650e-02 1.010013640727210338e-01 1.036094620033749941e-01 1.029281767093056937e-01 8.658011699811368755e-02 7.594727134514042688e-02 7.325583839781363293e-02 7.423239223587868585e-02 7.194315365547832020e-02 8.383763110846331745e-02
9.313171257870697661e-02 1.036094620033749941e-01 1.173343561118623396e-01 1.230361845547795763e-01 1.028627188481590904e-01 8.570916212766285791e-02 7.743631720511051642e-02 7.449530488256062011e-02 6.989624209507082353e-02 8.044621818161837301e-02
9.113136777510461028e-02 1.029281767093056937e-01 1.230361845547795763e-01 1.420161221270357654e-01 1.231429051092596538e-01 1.019102646128216272e-01 8.869686728167298917e-02 8.125948995511858564e-02 7.252000515073761533e-02 8.012417223436167635e-02
7.954426414386925326e-02 8.658011699811368755e-02 1.028627188481590904e-01 1.231429051092596538e-01 1.169772082275365999e-01 1.017343309490131714e-01 8.986160652256769410e-02 8.119888616209609833e-02 6.983713020693207985e-02 7.345070379303403341e-02
7.434702219999135553e-02 7.594727134514042688e-02 8.570916212766285791e-02 1.019102646128216272e-01 1.017343309490131714e-01 9.688145311461716924e-02 8.998624342095992712e-02 8.278750260229801594e-02 7.058138795531752885e-02 7.208018296259846580e-02
7.560560652768519296e-02 7.325583839781363293e-02 7.743631720511051642e-02 8.869686728167298917e-02 8.986160652256769410e-02 8.998624342095992712e-02 8.951772812087381570e-02 8.535037355503077849e-02 7.379141097618738265e-02 7.515538788842635043e-02
7.870602704730540744e-02 7.423239223587868585e-02 7.449530488256062011e-02 8.125948995511858564e-02 8.119888616209609833e-02 8.278750260229801594e-02 8.535037355503077849e-02 8.518603783300124355e-02 7.570995259192155047e-02 7.835422685090635830e-02
7.659033217482003053e-02 7.194315365547832020e-02 6.989624209507082353e-02 7.252000515073761533e-02 6.983713020693207985e-02 7.058138795531752885e-02 7.379141097618738265e-02 7.570995259192155047e-02 7.019623119076050244e-02 7.498606997825785214e-02
8.810403086971112241e-02 8.383763110846331745e-02 8.044621818161837301e-02 8.012417223436167635e-02 7.345070379303403341e-02 7.208018296259846580e-02 7.515538788842635043e-02 7.835422685090635830e-02 7.498606997825785214e-02 8.375294304798863720e-02
1.190670661001214797e-01 1.106889733277507532e-01 9.678561167501066598e-02 8.456484430143357267e-02 7.777273457202159290e-02 7.722783188430731860e-02 8.121179980814523247e-02 8.075598494299413010e-02 9.059659037442666096e-02 1.076641428218528540e-01
1.106889733277507532e-01 1.098316484033126927e-01 9.988127601206003847e-02 8.843705690309852652e-02 8.018416867336686238e-02 7.680159642255558750e-02 7.731413804853175253e-02 7.398567543421016857e-02 8.124031448273322242e-02 9.697343382216504215e-02
9.678561167501066598e-02 9.988127601206003847e-02 9.806036109537934198e-02 9.124623709184233322e-02 8.456091702487711359e-02 8.032367536572744549e-02 7.805745368781438764e-02 7.062228835733910803e-02 7.321605335569938977e-02 8.458951465391718882e-02
8.456484430143357267e-02 8.843705690309852652e-02 9.124623709184233322e-02 9.213234925404098496e-02 8.983844663147506904e-02 8.707901271572857094e-02 8.361958592712968874e-02 7.220060111121348601e-02 6.984952042617773027e-02 7.596319443985076469e-02
7.777273457202159290e-02 8.018416867336686238e-02 8.456091702487711359e-02 8.983844663147506904e-02 9.427892802595605470e-02 9.524020820412412713e-02 9.253215512908027907e-02 7.821445076580932354e-02 7.186827048180270683e-02 7.332938414613422717e-02
7.722783188430731860e-02 7.680159642255558750e-02 8.032367536572744549e-02 8.707901271572857094e-02 9.524020820412412713e-02 1.019951966945220334e-01 1.021384671134827893e-01 8.676841105204331772e-02 7.818909865357862032e-02 7.650995027950967253e-02
8.121179980814523247e-02 7.731413804853175253e-02 7.805745368781438764e-02 8.361958592712968874e-02 9.253215512908027907e-02 1.021384671134827893e-01 1.073404569045380980e-01 9.378958600251557920e-02 8.559752523723050677e-02 8.302305012209257318e-02
8.075598494299413010e-02 7.398567543421016857e-02 7.062228835733910803e-02 7.220060111121348601e-02 7.821445076580932354e-02 8.676841105204331772e-02 9.378958600251557920e-02 8.694689933155863582e-02 8.322197749374127262e-02 8.291638651887478506e-02
9.059659037442666096e-02 8.124031448273322242e-02 7.321605335569938977e-02 6.984952042617773027e-02 7.186827048180270683e-02 7.818909865357862032e-02 8.559752523723050677e-02 8.322197749374127262e-02 8.648461268274573732e-02 9.111857747028631604e-02
1.076641428218528540e-01 9.697343382216504215e-02 8.458951465391718882e-02 7.596319443985076469e-02 7.332938414613422717e-02 7.650995027950967253e-02 8.302305012209257318e-02 8.291638651887478506e-02 9.111857747028631604e-02 1.038624815078251218e-01
9.821230725550175733e-02 9.104155142267042478e-02 8.844784977945754911e-02 8.550537763793489288e-02 7.466918717242526649e-02 7.243259710912543226e-02 7.248767574910972011e-02 9.213579652974802914e-02 8.749068672065259122e-02 9.617808446548084533e-02
9.104155142267042478e-02 9.103595237892761483e-02 9.264570728989525439e-02 9.091795337722106962e-02 7.791418540544901850e-02 7.196655628666659421e-02 6.728297034337031579e-02 8.112523794535833610e-02 7.602475312290267462e-02 8.504682226936449707e-02
8.844784977945754911e-02 9.264570728989525439e-02 1.006340631754283066e-01 1.020984173955034879e-01 8.796843766654166563e-02 7.958216585818037037e-02 7.086582401405183695e-02 8.103951494895510199e-02 7.327425733460356250e-02 8.098337720068991830e-02
8.550537763793489288e-02 9.091795337722106962e-02 1.020984173955034879e-01 1.088697942944897579e-01 9.637923802529488326e-02 8.806555587270972763e-02 7.737765192844783813e-02 8.586975808574393021e-02 7.438427538346592538e-02 7.916181685219003672e-02
7.466918717242526649e-02 7.791418540544901850e-02 8.796843766654166563e-02 9.637923802529488326e-02 9.017539253692638535e-02 8.592743951372369682e-02 7.730956703960416287e-02 8.587424829814026273e-02 7.169665328484151057e-02 7.220045048492573780e-02
7.243259710912543226e-02 7.196655628666659421e-02 7.958216585818037037e-02 8.806555587270972763e-02 8.592743951372369682e-02 8.815068813203211229e-02 8.372819298944250699e-02 9.560309706531466833e-02 7.820844021914789834e-02 7.462471883492821645e-02
7.248767574910972011e-02 6.728297034337031579e-02 7.086582401405183695e-02 7.737765192844783813e-02 7.730956703960416287e-02 8.372819298944250699e-02 8.674905220217313251e-02 1.043896594124513605e-01 8.575399054543794697e-02 7.931099364758768810e-02
9.213579652974802914e-02 8.112523794535833610e-02 8.103951494895510199e-02 8.586975808574393021e-02 8.587424829814026273e-02 9.560309706531466833e-02 1.043896594124513605e-01 1.338782297680983502e-01 1.125329354983214958e-01 1.039465101181442086e-01
8.749068672065259122e-02 7.602475312290267462e-02 7.327425733460356250e-02 7.438427538346592538e-02 7.169665328484151057e-02 7.820844021914789834e-02 8.575399054543794697e-02 1.125329354983214958e-01 1.005574659696251982e-01 9.710066846375758898e-02
9.617808446548084533e-02 8.504682226936449707e-02 8.098337720068991830e-02 7.916181685219003672e-02 7.220045048492573780e-02 7.462471883492821645e-02 7.931099364758768810e-02 1.039465101181442086e-01 9.710066846375758898e-02 1.017370542867975236e-01
1.093155046663944890e-01 1.000074111218149930e-01 8.590866222476742364e-02 8.976338708960693302e-02 7.926587675581472925e-02 7.511883856289665318e-02 7.954219129116199549e-02 8.966626336758054538e-02 9.508299652944104952e-02 9.546769753938685876e-02
1.000074111218149930e-01 9.707365169399786997e-02 8.676203008019130192e-02 9.244660801138247785e-02 8.065347272037431958e-02 7.337814529299337141e-02 7.350696698056119471e-02 7.927653548184079857e-02 8.275782422061229993e-02 8.434833533533556138e-02
8.590866222476742364e-02 8.676203008019130192e-02 8.328123429993569693e-02 9.297881319907726205e-02 8.218174726651669704e-02 7.353653535207745062e-02 7.042594742419948373e-02 7.179911457954349374e-02 7.169729157679979870e-02 7.178196244350015798e-02
8.976338708960693302e-02 9.244660801138247785e-02 9.297881319907726205e-02 1.103294888332791990e-01 1.004106588365724917e-01 9.053054347216274444e-02 8.512205754799813395e-02 8.326512129151830699e-02 7.904617071312962373e-02 7.603276025401953242e-02
7.926587675581472925e-02 8.065347272037431958e-02 8.218174726651669704e-02 1.004106588365724917e-01 9.654077971986733953e-02 9.052459419682787334e-02 8.673622206336420448e-02 8.409935624926645481e-02 7.686486388426837235e-02 7.001575516190654269e-02
7.511883856289665318e-02 7.337814529299337141e-02 7.353653535207745062e-02 9.053054347216274444e-02 9.052459419682787334e-02 9.133820556036054139e-02 9.203565713599090592e-02 9.100992812428779222e-02 8.166084355983302401e-02 7.048587587554325240e-02
7.954219129116199549e-02 7.350696698056119471e-02 7.042594742419948373e-02 8.512205754799813395e-02 8.673622206336420448e-02 9.203565713599090592e-02 1.003130822738140249e-01 1.037092258604333656e-01 9.381358083871360609e-02 7.862100260466706181e-02
8.966626336758054538e-02 7.927653548184079857e-02 7.179911457954349374e-02 8.326512129151830699e-02 8.409935624926645481e-02 9.100992812428779222e-02 1.037092258604333656e-01 1.147553246240121394e-01 1.074063993610486489e-01 9.045834230447592772e-02
9.508299652944104952e-02 8.275782422061229993e-02 7.169729157679979870e-02 7.904617071312962373e-02 7.686486388426837235e-02 8.166084355983302401e-02 9.381358083871360609e-02 1.074063993610486489e-01 1.073463748334059220e-01 9.421933965622009133e-02
9.546769753938685876e-02 8.434833533533556138e-02 7.178196244350015798e-02 7.603276025401953242e-02 7.001575516190654269e-02 7.048587587554325240e-02 7.862100260466706181e-02 9.045834230447592772e-02 9.421933965622009133e-02 8.970635349493281951e-02
1.105138718044780949e-01 1.024410951065025804e-01 9.186172018680321960e-02 8.113164906537809196e-02 7.246708851637417848e-02 7.124204000668502013e-02 7.983993096159561209e-02 8.881292630633502716e-02 9.433830418784450167e-02 1.100240993969085063e-01
1.024410951065025804e-01 1.021567254547860043e-01 9.512929696133089197e-02 8.497026675334273804e-02 7.496209008069690261e-02 7.115925609484227699e-02 7.590259591935848149e-02 8.037969326994776065e-02 8.301045850075536303e-02 9.749605799287010266e-02
9.186172018680321960e-02 9.512929696133089197e-02 9.376740634556379739e-02 8.648329195728257646e-02 7.738340867115928168e-02 7.316407945675096336e-02 7.617913500219031242e-02 7.720250431614777975e-02 7.577438071897786565e-02 8.652301472776124935e-02
8.113164906537809196e-02 8.497026675334273804e-02 8.648329195728257646e-02 8.378430460075329822e-02 7.751926803455191917e-02 7.479252091897949095e-02 7.801138943031746265e-02 7.708310276635499392e-02 7.174631423390825935e-02 7.786008475508618409e-02
7.246708851637417848e-02 7.496209008069690261e-02 7.738340867115928168e-02 7.751926803455191917e-02 7.563291167087618505e-02 7.598417483325406452e-02 8.109918217356112957e-02 7.974067157602225675e-02 7.112527096263644710e-02 7.262414309108061738e-02
7.124204000668502013e-02 7.115925609484227699e-02 7.316407945675096336e-02 7.479252091897949095e-02 7.598417483325406452e-02 8.110767834817744770e-02 9.018871223916850866e-02 8.994854886319406106e-02 7.837184846533427895e-02 7.572912356519757859e-02
7.983993096159561209e-02 7.590259591935848149e-02 7.617913500219031242e-02 7.801138943031746265e-02 8.109918217356112957e-02 9.018871223916850866e-02 1.062657139647446708e-01 1.094693980916759679e-01 9.559299624630779313e-02 8.959905863337322418e-02
8.881292630633502716e-02 8.037969326994776065e-02 7.720250431614777975e-02 7.708310276635499392e-02 7.974067157602225675e-02 8.994854886319406106e-02 1.094693980916759679e-01 1.198478333695338488e-01 1.085328233493541294e-01 1.025867336887490988e-01
9.433830418784450167e-02 8.301045850075536303e-02 7.577438071897786565e-02 7.174631423390825935e-02 7.112527096263644710e-02 7.837184846533427895e-02 9.559299624630779313e-02 1.085328233493541294e-01 1.074107999476418968e-01 1.076541912208045515e-01
1.100240993969085063e-01 9.749605799287010266e-02 8.652301472776124935e-02 7.786008475508618409e-02 7.262414309108061738e-02 7.572912356519757859e-02 8.959905863337322418e-02 1.025867336887490988e-01 1.076541912208045515e-01 1.195127544934448532e-01
1.088536540827829552e-01 1.070564165997995726e-01 1.009765507858955969e-01 8.860437179290989174e-02 7.704776457563783376e-02 7.415436492847826688e-02 7.748581908497512161e-02 8.459627001563675697e-02 8.493873096253200250e-02 9.418818505703591137e-02
1.070564165997995726e-01 1.135273673115299031e-01 1.116383764266900280e-01 9.833914162182114116e-02 8.280931353075185464e-02 7.550141201082033460e-02 7.484135778238801273e-02 7.900133919745820632e-02 7.871382091302138451e-02 8.883854938916321831e-02
1.009765507858955969e-01 1.116383764266900280e-01 1.186071826953192659e-01 1.086478952676797199e-01 9.203422731704716253e-02 8.198938481322802507e-02 7.789544172348440709e-02 7.852523447322456995e-02 7.526941604622876258e-02 8.318937916989441184e-02
8.860437179290989174e-02 9.833914162182114116e-02 1.086478952676797199e-01 1.074002951378043025e-01 9.512799172966890371e-02 8.627339266950496965e-02 8.117088504689895512e-02 7.918026081648957271e-02 7.206914375235098924e-02 7.539830829986340910e-02
7.704776457563783376e-02 8.280931353075185464e-02 9.203422731704716253e-02 9.512799172966890371e-02 9.126589483255012625e-02 8.710438809497134116e-02 8.376822513015474980e-02 8.110928016288804221e-02 7.094283230437678500e-02 6.964041545098634267e-02
7.415436492847826688e-02 7.550141201082033460e-02 8.198938481322802507e-02 8.627339266950496965e-02 8.710438809497134116e-02 8.952185000563890604e-02 8.981669989491433692e-02 8.822799805187679645e-02 7.595332371266222404e-02 7.126096649964944185e-02
7.748581908497512161e-02 7.484135778238801273e-02 7.789544172348440709e-02 8.117088504689895512e-02 8.376822513015474980e-02 8.981669989491433692e-02 9.535058840759458310e-02 9.651945832359756783e-02 8.370117640598959130e-02 7.735276108566985220e-02
8.459627001563675697e-02 7.900133919745820632e-02 7.852523447322456995e-02 7.918026081648957271e-02 8.110928016288804221e-02 8.822799805187679645e-02 9.651945832359756783e-02 1.021400093034848522e-01 9.095260563875390281e-02 8.512512865913011983e-02
8.493873096253200250e-02 7.871382091302138451e-02 7.526941604622876258e-02 7.206914375235098924e-02 7.094283230437678500e-02 7.595332371266222404e-02 8.370117640598959130e-02 9.095260563875390281e-02 8.541636275985275972e-02 8.346168131404202439e-02
9.418818505703591137e-02 8.883854938916321831e-02 8.318937916989441184e-02 7.539830829986340910e-02 6.964041545098634267e-02 7.126096649964944185e-02 7.735276108566985220e-02 8.512512865913011983e-02 8.346168131404202439e-02 8.791679546344260965e-02
1.281900818216504256e-01 1.124482611878857841e-01 9.488216557681497521e-02 8.832324361147496361e-02 7.948089148247952651e-02 7.778159322591637892e-02 7.477936246632130302e-02 8.945475072506758885e-02 1.043929498810904771e-01 1.146824105409389172e-01
1.124482611878857841e-01 1.072392340630456686e-01 9.519537462971772168e-02 9.037833611847809201e-02 8.031144441964445380e-02 7.577541629114731281e-02 6.888877534066842334e-02 7.788918800358901606e-02 8.790951294266338700e-02 9.677826188378210737e-02
9.488216557681497521e-02 9.519537462971772168e-02 9.233332436814035982e-02 9.228248245395266613e-02 8.333927410945832226e-02 7.773494960902765927e-02 6.778377046654987526e-02 7.213344639669909408e-02 7.671258590550036893e-02 8.139540053448664214e-02
8.832324361147496361e-02 9.037833611847809201e-02 9.228248245395266613e-02 9.865271583392348775e-02 9.208884121079376206e-02 8.682383716219622960e-02 7.467842033501560783e-02 7.669197275197134345e-02 7.735468925488685199e-02 7.773443433617738263e-02
7.948089148247952651e-02 8.031144441964445380e-02 8.333927410945832226e-02 9.208884121079376206e-02 9.017923335227627513e-02 8.749498659056334504e-02 7.618015207235069586e-02 7.791828787460296224e-02 7.645040499414557100e-02 7.312346615587200782e-02
7.778159322591637892e-02 7.577541629114731281e-02 7.773494960902765927e-02 8.682383716219622960e-02 8.749498659056334504e-02 8.875265218184430482e-02 7.971572869095536196e-02 8.312164459897622426e-02 8.125602481215452033e-02 7.515481579365704268e-02
7.477936246632130302e-02 6.888877534066842334e-02 6.778377046654987526e-02 7.467842033501560783e-02 7.618015207235069586e-02 7.971572869095536196e-02 7.573729790136635165e-02 8.256198110302287452e-02 8.243981041503711804e-02 7.540229143789259347e-02
8.945475072506758885e-02 7.788918800358901606e-02 7.213344639669909408e-02 7.669197275197134345e-02 7.791828787460296224e-02 8.312164459897622426e-02 8.256198110302287452e-02 9.611677306188418091e-02 9.991231080079229776e-02 9.239016265450637755e-02
1.043929498810904771e-01 8.790951294266338700e-02 7.671258590550036893e-02 7.735468925488685199e-02 7.645040499414557100e-02 8.125602481215452033e-02 8.243981041503711804e-02 9.991231080079229776e-02 1.109793705069254954e-01 1.068599413370990014e-01
1.146824105409389172e-01 9.677826188378210737e-02 8.139540053448664214e-02 7.773443433617738263e-02 7.312346615587200782e-02 7.515481579365704268e-02 7.540229143789259347e-02 9.239016265450637755e-02 1.068599413370990014e-01 1.118193169089437000e-01
1.070916567545212722e-01 1.004147938539542984e-01 9.348745154431198356e-02 8.554897530371727288e-02 7.365759683004879932e-02 7.317004288832987258e-02 7.674433359631536999e-02 8.673256655198142984e-02 8.834679078626775373e-02 1.063602433242585854e-01
1.004147938539542984e-01 1.021915637664758542e-01 9.974476072704310803e-02 9.242936060374541685e-02 7.786494716455837073e-02 7.377959917622464725e-02 7.307445210510854494e-02 7.877981630347180575e-02 7.855183458079942338e-02 9.530052077277106903e-02
9.348745154431198356e-02 9.974476072704310803e-02 1.047959336349209847e-01 1.008765392773951358e-01 8.571248623929536570e-02 7.988980238489593044e-02 7.603546591562504453e-02 7.787168074157274633e-02 7.398550852160207247e-02 8.748830007101271455e-02
8.554897530371727288e-02 9.242936060374541685e-02 1.008765392773951358e-01 1.031063148982068883e-01 9.065725403908304891e-02 8.580794458246002177e-02 8.097505467364482512e-02 8.034760521494258012e-02 7.243699794183605656e-02 8.157661145689523718e-02
7.365759683004879932e-02 7.786494716455837073e-02 8.571248623929536570e-02 9.065725403908304891e-02 8.479561808947960744e-02 8.385081247318952602e-02 8.080170243491799353e-02 7.976302665810365566e-02 6.915657331740751590e-02 7.362760389222200441e-02
7.317004288832987258e-02 7.377959917622464725e-02 7.988980238489593044e-02 8.580794458246002177e-02 8.385081247318952602e-02 8.859430794209188775e-02 8.896656528892402105e-02 8.926221244299693824e-02 7.606788510677840731e-02 7.748783218672464224e-02
7.674433359631536999e-02 7.307445210510854494e-02 7.603546591562504453e-02 8.097505467364482512e-02 8.080170243491799353e-02 8.896656528892402105e-02 9.490387914604775377e-02 9.869043190738077675e-02 8.486821214763831667e-02 8.505855574093845739e-02
8.673256655198142984e-02 7.877981630347180575e-02 7.787168074157274633e-02 8.034760521494258012e-02 7.976302665810365566e-02 8.926221244299693824e-02 9.869043190738077675e-02 1.085379139001095838e-01 9.651483236015984124e-02 9.804867889850973905e-02
8.834679078626775373e-02 7.855183458079942338e-02 7.398550852160207247e-02 7.243699794183605656e-02 6.915657331740751590e-02 7.606788510677840731e-02 8.486821214763831667e-02 9.651483236015984124e-02 9.213785402090633736e-02 9.844847393827108051e-02
1.063602433242585854e-01 9.530052077277106903e-02 8.748830007101271455e-02 8.157661145689523718e-02 7.362760389222200441e-02 7.748783218672464224e-02 8.505855574093845739e-02 9.804867889850973905e-02 9.844847393827108051e-02 1.138449578472400525e-01
1.054166927911107388e-01 1.012476934928122074e-01 9.672386362644133651e-02 7.884663797898626425e-02 7.742898226261693551e-02 7.631885056458381777e-02 7.547396216901483545e-02 7.848930646143598144e-02 8.840121966436585710e-02 1.022956153601063400e-01
1.012476934928122074e-01 1.045966415068214223e-01 1.042760111837191389e-01 8.576177022542993966e-02 8.267580023211726359e-02 7.817436677197645012e-02 7.350241716695617156e-02 7.327437259949608206e-02 8.092921025539043245e-02 9.445440875901159328e-02
9.672386362644133651e-02 1.042760111837191389e-01 1.116841867142957662e-01 9.566608883537344732e-02 9.383677759496922288e-02 8.742893898835969735e-02 7.881690562712147241e-02 7.427687408555805337e-02 7.816230971710860786e-02 8.923559614649262395e-02
7.884663797898626425e-02 8.576177022542993966e-02 9.566608883537344732e-02 8.889240807657852739e-02 9.222662344584049710e-02 8.757845624205561064e-02 7.767027657942005003e-02 6.978039494913232388e-02 6.890719360749981981e-02 7.458117527323100682e-02
7.742898226261693551e-02 8.267580023211726359e-02 9.383677759496922288e-02 9.222662344584049710e-02 1.036513165930074420e-01 1.023518003679203259e-01 9.141682805992509819e-02 8.021460484228909449e-02 7.533859212878460387e-02 7.682094393412083888e-02
7.631885056458381777e-02 7.817436677197645012e-02 8.742893898835969735e-02 8.757845624205561064e-02 1.023518003679203259e-01 1.070418748395569331e-01 9.855075188993565882e-02 8.723451034391493941e-02 8.076753096233124651e-02 7.946923518566156863e-02
7.547396216901483545e-02 7.350241716695617156e-02 7.881690562712147241e-02 7.767027657942005003e-02 9.141682805992509819e-02 9.855075188993565882e-02 9.588018371294827757e-02 8.805277071826138335e-02 8.303997244831778923e-02 8.125153772963111809e-02
7.848930646143598144e-02 7.327437259949608206e-02 7.427687408555805337e-02 6.978039494913232388e-02 8.021460484228909449e-02 8.723451034391493941e-02 8.805277071826138335e-02 8.635449709972924104e-02 8.533071723357114891e-02 8.536838067528271234e-02
8.840121966436585710e-02 8.092921025539043245e-02 7.816230971710860786e-02 6.890719360749981981e-02 7.533859212878460387e-02 8.076753096233124651e-02 8.303997244831778923e-02 8.533071723357114891e-02 9.062778350704926711e-02 9.481636526789610775e-02
1.022956153601063400e-01 9.445440875901159328e-02 8.923559614649262395e-02 7.458117527323100682e-02 7.682094393412083888e-02 7.946923518566156863e-02 8.125153772963111809e-02 8.536838067528271234e-02 9.481636526789610775e-02 1.058544151589023985e-01
1.038810229464611629e-01 1.019269710744505064e-01 9.008223000107810907e-02 8.092050630677766199e-02 7.830285824233172709e-02 7.559606011765340750e-02 7.602342850018568854e-02 8.399830850405023974e-02 9.085592738809825097e-02 9.545128019008893017e-02
1.019269710744505064e-01 1.062657742899347224e-01 9.721377783367060599e-02 8.838412532172729152e-02 8.438390396551490036e-02 7.838412938340533209e-02 7.485005313037612629e-02 7.932141951203987296e-02 8.457415589089066488e-02 9.018678398298446419e-02
9.008223000107810907e-02 9.721377783367060599e-02 9.485084813057077791e-02 9.007785949726973551e-02 8.767593247043703464e-02 8.051538303220653892e-02 7.380558527903480215e-02 7.409771452999233676e-02 7.560582221934859792e-02 7.907367322381229913e-02
8.092050630677766199e-02 8.838412532172729152e-02 9.007785949726973551e-02 9.207973550976114585e-02 9.387282639811629636e-02 8.755722187133899159e-02 7.889616908735649914e-02 7.569056929948110579e-02 7.286444215374393574e-02 7.256735770534916696e-02
7.830285824233172709e-02 8.438390396551490036e-02 8.767593247043703464e-02 9.387282639811629636e-02 1.024874155687634097e-01 9.929166592288901638e-02 9.041576863253705798e-02 8.513508928923442520e-02 7.825396681449386938e-02 7.347018584509187877e-02
7.559606011765340750e-02 7.838412938340533209e-02 8.051538303220653892e-02 8.755722187133899159e-02 9.929166592288901638e-02 1.024695187893919224e-01 9.695512581057383339e-02 9.250081845728944097e-02 8.353432448929412613e-02 7.490808176225208226e-02
7.602342850018568854e-02 7.485005313037612629e-02 7.380558527903480215e-02 7.889616908735649914e-02 9.041576863253705798e-02 9.695512581057383339e-02 9.824392050981148317e-02 9.780771295252849162e-02 8.947260466416540048e-02 7.872623855635171863e-02
8.399830850405023974e-02 7.932141951203987296e-02 7.409771452999233676e-02 7.569056929948110579e-02 8.513508928923442520e-02 9.250081845728944097e-02 9.780771295252849162e-02 1.043625716367922451e-01 9.930616798561246739e-02 8.842286440293498084e-02
9.085592738809825097e-02 8.457415589089066488e-02 7.560582221934859792e-02 7.286444215374393574e-02 7.825396681449386938e-02 8.353432448929412613e-02 8.947260466416540048e-02 9.930616798561246739e-02 1.011672226483537607e-01 9.401292033607368259e-02
9.545128019008893017e-02 9.018678398298446419e-02 7.907367322381229913e-02 7.256735770534916696e-02 7.347018584509187877e-02 7.490808176225208226e-02 7.872623855635171863e-02 8.842286440293498084e-02 9.401292033607368259e-02 9.419196997015935602e-02
