4.137324535747872734e-01 3.097872162948090424e-01 6.569326286083179700e-02 -8.630741355971512097e-02 -7.550806631080841935e-02 2.398110263685803573e-02 7.889350276680695551e-02 1.511189161727297114e-02 -8.333137670309026523e-02 -7.090080173823570808e-02 9.634320531296292067e-02 3.074386632351076010e-01
3.097872162948090424e-01 4.587564020885132043e-01 3.161581264515475054e-01 7.725715715162101427e-02 -8.537710247818597331e-02 -8.496925378195366307e-02 1.511488929450558599e-02 8.100793839090672521e-02 2.384498586952980143e-02 -8.047366492282245765e-02 -7.919388989062536854e-02 7.119866554293938221e-02
6.569326286083179700e-02 3.161581264515475054e-01 4.093510312954796171e-01 2.980543626934105683e-01 8.829704792960156590e-02 -6.917852568859517159e-02 -8.468453551927032641e-02 1.467511430728052173e-02 7.988466576501992988e-02 2.507764256147149498e-02 -8.021037464727975852e-02 -9.434014834667892035e-02
-8.630741355971512097e-02 7.725715715162101427e-02 2.980543626934105683e-01 4.057534335975454542e-01 3.107696546233605916e-01 9.603164327499477682e-02 -7.382572016980767926e-02 -8.514541760334096154e-02 1.892707684157734702e-02 8.253084153948334056e-02 2.036094719528608321e-02 -8.054399037589549115e-02
-7.550806631080841935e-02 -8.537710247818597331e-02 8.829704792960156590e-02 3.107696546233605916e-01 4.138541945259147647e-01 3.005413588597852792e-01 8.792319396079781302e-02 -8.031329111237209273e-02 -8.050746508499681542e-02 2.427640563123447531e-02 8.041647966662276992e-02 2.884777966972930721e-02
2.398110263685803573e-02 -8.496925378195366307e-02 -6.917852568859517159e-02 9.603164327499477682e-02 3.005413588597852792e-01 3.886024140254383807e-01 3.024369126630362392e-01 8.281421881120326622e-02 -8.180457625233676644e-02 -8.001828323511214758e-02 2.639915643170258688e-02 8.524078149454927811e-02
7.889350276680695551e-02 1.511488929450558599e-02 -8.468453551927032641e-02 -7.382572016980767926e-02 8.792319396079781302e-02 3.024369126630362392e-01 4.303335916030204822e-01 3.162232105094420209e-01 7.151841956403355571e-02 -9.398889357315634574e-02 -7.584808872770232302e-02 2.549196840912917178e-02
1.511189161727297114e-02 8.100793839090672521e-02 1.467511430728052173e-02 -8.514541760334096154e-02 -8.031329111237209273e-02 8.281421881120326622e-02 3.162232105094420209e-01 4.280004229679771344e-01 3.026099689248453184e-01 7.335358573233745350e-02 -8.140651601501258661e-02 -8.454903327468349383e-02
-8.333137670309026523e-02 2.384498586952980143e-02 7.988466576501992988e-02 1.892707684157734702e-02 -8.050746508499681542e-02 -8.180457625233676644e-02 7.151841956403355571e-02 3.026099689248453184e-01 4.177783915756578814e-01 3.155514315342377585e-01 8.163747173013999325e-02 -8.048679260945290626e-02
-7.090080173823570808e-02 -8.047366492282245765e-02 2.507764256147149498e-02 8.253084153948334056e-02 2.427640563123447531e-02 -8.001828323511214758e-02 -9.398889357315634574e-02 7.335358573233745350e-02 3.155514315342377585e-01 4.374073235743439758e-01 3.027361497267276880e-01 9.012415737144145733e-02
9.634320531296292067e-02 -7.919388989062536854e-02 -8.021037464727975852e-02 2.036094719528608321e-02 8.041647966662276992e-02 2.639915643170258688e-02 -7.584808872770232302e-02 -8.140651601501258661e-02 8.163747173013999325e-02 3.027361497267276880e-01 3.843158440237454121e-01 3.006214152675361073e-01
3.074386632351076010e-01 7.119866554293938221e-02 -9.434014834667892035e-02 -8.054399037589549115e-02 2.884777966972930721e-02 8.524078149454927811e-02 2.549196840912917178e-02 -8.454903327468349383e-02 -8.048679260945290626e-02 9.012415737144145733e-02 3.006214152675361073e-01 4.121144971475848018e-01
4.434072222782331485e-01 3.176123931185594329e-01 8.396124248636832599e-02 -8.687918086891796565e-02 -8.052491330065669750e-02 1.786430517446014471e-02 7.848331654245659095e-02 2.026643837065793263e-02 -7.922012726608997080e-02 -7.582284634059677231e-02 7.509911603160807081e-02 3.061035024435197482e-01
3.176123931185594329e-01 4.138659122247884126e-01 2.950073120547204164e-01 7.979905676715667862e-02 -7.824764017621063661e-02 -8.520998893108205907e-02 1.915518584029026611e-02 8.284498079769996026e-02 2.449850904559759332e-02 -8.335334427171992022e-02 -9.332038593712871366e-02 7.050219108937737234e-02
8.396124248636832599e-02 2.950073120547204164e-01 3.955096883611693981e-01 3.139211409955999788e-01 8.419328004930123899e-02 -7.883787738106270981e-02 -7.999472663368815961e-02 2.468519581104833965e-02 8.067424175075937898e-02 1.479886718751026800e-02 -8.263739004594425341e-02 -8.025559943885855751e-02
-8.687918086891796565e-02 7.979905676715667862e-02 3.139211409955999788e-01 4.525423351410425843e-01 3.080281345945342641e-01 8.325544401631848612e-02 -8.319083706161442548e-02 -8.015986940608522959e-02 2.353347810046283600e-02 8.056192630063362115e-02 2.852916561188672054e-02 -7.509811548518577351e-02
-8.052491330065669750e-02 -7.824764017621063661e-02 8.419328004930123899e-02 3.080281345945342641e-01 3.808155137416744385e-01 2.951091391514449880e-01 8.694524825825554470e-02 -7.601054571785408054e-02 -8.191207531663090291e-02 2.047926145637304907e-02 8.294889577221846444e-02 2.872257493705986792e-02
1.786430517446014471e-02 -8.520998893108205907e-02 -7.883787738106270981e-02 8.325544401631848612e-02 2.951091391514449880e-01 4.236231053375227318e-01 3.191347205137730070e-01 7.572043464726904705e-02 -9.301837932437041767e-02 -7.939457130669279328e-02 2.474934312922807966e-02 8.171291865193494597e-02
7.848331654245659095e-02 1.915518584029026611e-02 -7.999472663368815961e-02 -8.319083706161442548e-02 8.694524825825554470e-02 3.191347205137730070e-01 4.300466145243843630e-01 3.008268964442277760e-01 7.455951101715646567e-02 -7.965691757247568561e-02 -8.211044234156214539e-02 1.448087965487424716e-02
2.026643837065793263e-02 8.284498079769996026e-02 2.468519581104833965e-02 -8.015986940608522959e-02 -7.601054571785408054e-02 7.572043464726904705e-02 3.008268964442277760e-01 4.101589044057706301e-01 3.134971500721422943e-01 8.555371504179587472e-02 -7.885435341462551651e-02 -8.637386499356532188e-02
-7.922012726608997080e-02 2.449850904559759332e-02 8.067424175075937898e-02 2.353347810046283600e-02 -8.191207531663090291e-02 -9.301837932437041767e-02 7.455951101715646567e-02 3.134971500721422943e-01 4.351776702514934536e-01 3.050869279491057462e-01 8.678018016764867115e-02 -7.413228809878016912e-02
-7.582284634059677231e-02 -8.335334427171992022e-02 1.479886718751026800e-02 8.056192630063362115e-02 2.047926145637304907e-02 -7.939457130669279328e-02 -7.965691757247568561e-02 8.555371504179587472e-02 3.050869279491057462e-01 3.899842850553055795e-01 2.994536282429822727e-01 9.643032319178831968e-02
7.509911603160807081e-02 -9.332038593712871366e-02 -8.263739004594425341e-02 2.852916561188672054e-02 8.294889577221846444e-02 2.474934312922807966e-02 -8.211044234156214539e-02 -7.885435341462551651e-02 8.678018016764867115e-02 2.994536282429822727e-01 4.094485420936070375e-01 3.094762731803938349e-01
3.061035024435197482e-01 7.050219108937737234e-02 -8.025559943885855751e-02 -7.509811548518577351e-02 2.872257493705986792e-02 8.171291865193494597e-02 1.448087965487424716e-02 -8.637386499356532188e-02 -7.413228809878016912e-02 9.643032319178831968e-02 3.094762731803938349e-01 4.154202065850650660e-01
4.366132682663790843e-01 3.063058711221245956e-01 7.132281504028242791e-02 -8.745011209648045902e-02 -7.687907624155809749e-02 3.183761000315096790e-02 8.305380034487055974e-02 1.872677840861386098e-02 -8.512295997224422761e-02 -7.942997829539813481e-02 8.654258409667137109e-02 3.124527101620036551e-01
3.063058711221245956e-01 4.079299525464695209e-01 3.094302211244050471e-01 7.761277980204761562e-02 -8.525347345583250691e-02 -7.640103130270228804e-02 2.515555455674537907e-02 7.958046998012738293e-02 1.645482726204709409e-02 -8.250915794016776272e-02 -7.693794137326578908e-02 8.117346319235273222e-02
7.132281504028242791e-02 3.094302211244050471e-01 4.435447046145851169e-01 3.114667621628537941e-01 7.281717735639478550e-02 -8.999416713668309531e-02 -8.156639785836639067e-02 2.335485875315511384e-02 8.216498491334806031e-02 2.122264282554752607e-02 -8.200028751486665435e-02 -8.815755382279544250e-02
-8.745011209648045902e-02 7.761277980204761562e-02 3.114667621628537941e-01 4.082408669805486223e-01 3.039691103862267596e-01 7.876650112742662746e-02 -7.791425540363083879e-02 -8.098165773776759557e-02 2.018504772220845733e-02 7.998860757246356590e-02 2.419341938323725863e-02 -7.737235395003570770e-02
-7.687907624155809749e-02 -8.525347345583250691e-02 7.281717735639478550e-02 3.039691103862267596e-01 4.334286099991194741e-01 3.146959956656252277e-01 8.492750517920222286e-02 -8.191133848113997529e-02 -8.330271947378126152e-02 2.113062012188578545e-02 8.310838691877386886e-02 2.978834590313814493e-02
3.183761000315096790e-02 -7.640103130270228804e-02 -8.999416713668309531e-02 7.876650112742662746e-02 3.146959956656252277e-01 4.121322572215569968e-01 2.987590504785552770e-01 8.675776408929231076e-02 -7.570219199771195673e-02 -8.180901566598995645e-02 1.528825112934410063e-02 7.943245791033894110e-02
8.305380034487055974e-02 2.515555455674537907e-02 -8.156639785836639067e-02 -7.791425540363083879e-02 8.492750517920222286e-02 2.987590504785552770e-01 3.993395778930708961e-01 3.082693093102150117e-01 8.670401453789677859e-02 -8.160770498695783803e-02 -8.667865789063118609e-02 1.415001744564398437e-02
1.872677840861386098e-02 7.958046998012738293e-02 2.335485875315511384e-02 -8.098165773776759557e-02 -8.191133848113997529e-02 8.675776408929231076e-02 3.082693093102150117e-01 4.250165154904371745e-01 3.085508507530975719e-01 7.775757140256198130e-02 -8.248777410004744237e-02 -8.258576707009182560e-02
-8.512295997224422761e-02 1.645482726204709409e-02 8.216498491334806031e-02 2.018504772220845733e-02 -8.330271947378126152e-02 -7.570219199771195673e-02 8.670401453789677859e-02 3.085508507530975719e-01 4.128253525264321544e-01 3.048744459868884538e-01 8.902807280884444951e-02 -7.166371886027483873e-02
-7.942997829539813481e-02 -8.250915794016776272e-02 2.122264282554752607e-02 7.998860757246356590e-02 2.113062012188578545e-02 -8.180901566598995645e-02 -8.160770498695783803e-02 7.775757140256198130e-02 3.048744459868884538e-01 4.166833526372135110e-01 3.092821723680762025e-01 9.095532691343548304e-02
8.654258409667137109e-02 -7.693794137326578908e-02 -8.200028751486665435e-02 2.419341938323725863e-02 8.310838691877386886e-02 1.528825112934410063e-02 -8.667865789063118609e-02 -8.248777410004744237e-02 8.902807280884444951e-02 3.092821723680762025e-01 4.026546140442250898e-01 2.974926196990301253e-01
3.124527101620036551e-01 8.117346319235273222e-02 -8.815755382279544250e-02 -7.737235395003570770e-02 2.978834590313814493e-02 7.943245791033894110e-02 1.415001744564398437e-02 -8.258576707009182560e-02 -7.166371886027483873e-02 9.095532691343548304e-02 2.974926196990301253e-01 4.015909277799716848e-01
4.102927720638227527e-01 3.012012204517872660e-01 8.238001198918802614e-02 -8.346780900541508896e-02 -7.161530731145726580e-02 3.051612660460510662e-02 8.339732808073230252e-02 1.517205260853281279e-02 -8.787658293953591604e-02 -7.883644268935806332e-02 9.163668015364331842e-02 3.091362137060708615e-01
3.012012204517872660e-01 4.093401191521243154e-01 3.121034163247544679e-01 6.936594775461450701e-02 -1.007591751993359430e-01 -7.699272518786061392e-02 2.311371289944018359e-02 7.801734958543271592e-02 1.393515472246421513e-02 -8.209644515627950723e-02 -7.268671212200869536e-02 8.698753125955058230e-02
8.238001198918802614e-02 3.121034163247544679e-01 4.376223449054091885e-01 3.090363255072901549e-01 5.191800156111227305e-02 -9.041811397150602281e-02 -8.131388072939754741e-02 2.886112885099218275e-02 8.345169307224414856e-02 1.826893807790297766e-02 -8.563980387366820768e-02 -8.242068294891155555e-02
-8.346780900541508896e-02 6.936594775461450701e-02 3.090363255072901549e-01 4.446385803209003118e-01 3.194140808596619419e-01 8.038609712516384120e-02 -7.518585885507284017e-02 -7.733837510490727818e-02 2.191433078664203199e-02 7.795135088180818461e-02 2.089385921055731538e-02 -7.714917676724269979e-02
-7.161530731145726580e-02 -1.007591751993359430e-01 5.191800156111227305e-02 3.194140808596619419e-01 4.446001728820923593e-01 2.990489288304581939e-01 9.817878715138500523e-02 -7.293125441725198388e-02 -8.728667149010385651e-02 9.808098950410439054e-03 8.168608765809226568e-02 3.790978240154585510e-02
3.051612660460510662e-02 -7.699272518786061392e-02 -9.041811397150602281e-02 8.038609712516384120e-02 2.990489288304581939e-01 3.561834882178244177e-01 2.910890009843999371e-01 9.118657956635323192e-02 -7.430314057141469697e-02 -8.491143166982778601e-02 1.581694819806265390e-02 8.184594760823030168e-02
8.339732808073230252e-02 2.311371289944018359e-02 -8.131388072939754741e-02 -7.518585885507284017e-02 9.817878715138500523e-02 2.910890009843999371e-01 4.222954048515282222e-01 3.196040856595273594e-01 7.674109665895022248e-02 -8.960473824321692204e-02 -8.147276768001091019e-02 2.500186869278701526e-02
1.517205260853281279e-02 7.801734958543271592e-02 2.886112885099218275e-02 -7.733837510490727818e-02 -7.293125441725198388e-02 9.118657956635323192e-02 3.196040856595273594e-01 4.312318368135715785e-01 3.017544432279933853e-01 7.956306869830165329e-02 -7.759999699456188171e-02 -8.055465036606190843e-02
-8.787658293953591604e-02 1.393515472246421513e-02 8.345169307224414856e-02 2.191433078664203199e-02 -8.728667149010385651e-02 -7.430314057141469697e-02 7.674109665895022248e-02 3.017544432279933853e-01 4.050591895032890632e-01 3.085769694630456361e-01 8.887495520008398264e-02 -7.817353865749274155e-02
-7.883644268935806332e-02 -8.209644515627950723e-02 1.826893807790297766e-02 7.795135088180818461e-02 9.808098950410439054e-03 -8.491143166982778601e-02 -8.960473824321692204e-02 7.956306869830165329e-02 3.085769694630456361e-01 4.224601140631501495e-01 3.072182010701238752e-01 8.310870665772929211e-02
9.163668015364331842e-02 -7.268671212200869536e-02 -8.563980387366820768e-02 2.089385921055731538e-02 8.168608765809226568e-02 1.581694819806265390e-02 -8.147276768001091019e-02 -7.759999699456188171e-02 8.887495520008398264e-02 3.072182010701238752e-01 4.057189459372669282e-01 3.025591233817844783e-01
3.091362137060708615e-01 8.698753125955058230e-02 -8.242068294891155555e-02 -7.714917676724269979e-02 3.790978240154585510e-02 8.184594760823030168e-02 2.500186869278701526e-02 -8.055465036606190843e-02 -7.817353865749274155e-02 8.310870665772929211e-02 3.025591233817844783e-01 4.105570312890113316e-01
4.267049025987080801e-01 3.183073816935885203e-01 8.267029403975860447e-02 -8.530474594441841973e-02 -8.038991281971757941e-02 2.420717388766710498e-02 8.068861673731313189e-02 2.277811604069090654e-02 -7.851109412311943481e-02 -7.998009821937804298e-02 7.088576722164185995e-02 3.017327448393776201e-01
3.183073816935885203e-01 4.318592492441261088e-01 2.991764913782453128e-01 8.148131108609917017e-02 -7.847632245609259538e-02 -8.102886350944110694e-02 2.102631723530738739e-02 8.167689812804396210e-02 2.864234511674685485e-02 -7.903692414947623146e-02 -9.648539224131613690e-02 7.136029216755376825e-02
8.267029403975860447e-02 2.991764913782453128e-01 3.879648392572476734e-01 3.071718197925591975e-01 8.684768446395968455e-02 -8.033581918582181902e-02 -8.265359065364495661e-02 1.713323408974921219e-02 8.098908424316875188e-02 2.395868047436354106e-02 -7.786212685455305704e-02 -7.998140944070737668e-02
-8.530474594441841973e-02 8.148131108609917017e-02 3.071718197925591975e-01 4.401994913300191214e-01 3.115312369596355269e-01 7.491048385397720832e-02 -8.813122442483720120e-02 -8.259471275638177734e-02 2.206114622458423338e-02 8.197608015675253434e-02 2.985128117182077323e-02 -7.873349184645075938e-02
-8.038991281971757941e-02 -7.847632245609259538e-02 8.684768446395968455e-02 3.115312369596355269e-01 4.030027160662750796e-01 3.012813383400494427e-01 8.439146294764669765e-02 -7.232164685828926243e-02 -8.234038646692272423e-02 1.522337194557220851e-02 8.023768444414489109e-02 2.460941348988057720e-02
2.420717388766710498e-02 -8.102886350944110694e-02 -8.033581918582181902e-02 7.491048385397720832e-02 3.012813383400494427e-01 4.287782249415278413e-01 3.156655864345885298e-01 8.810514079105832841e-02 -8.334271251728142538e-02 -8.544754764014254877e-02 1.497295346759363113e-02 8.092614274099926841e-02
8.068861673731313189e-02 2.102631723530738739e-02 -8.265359065364495661e-02 -8.813122442483720120e-02 8.439146294764669765e-02 3.156655864345885298e-01 4.078332584195558663e-01 2.949257937145221553e-01 8.523184822953885909e-02 -7.252494651398774805e-02 -8.412667145938595992e-02 1.677991040007381640e-02
2.277811604069090654e-02 8.167689812804396210e-02 1.713323408974921219e-02 -8.259471275638177734e-02 -7.232164685828926243e-02 8.810514079105832841e-02 2.949257937145221553e-01 3.973793550341640501e-01 3.127093882747502551e-01 9.073532983036051991e-02 -7.803155347211923609e-02 -8.315972733682808204e-02
-7.851109412311943481e-02 2.864234511674685485e-02 8.098908424316875188e-02 2.206114622458423338e-02 -8.234038646692272423e-02 -8.334271251728142538e-02 8.523184822953885909e-02 3.127093882747502551e-01 4.341414863690873926e-01 3.044585778623432604e-01 8.239781255445247088e-02 -8.275519216403828815e-02
-7.998009821937804298e-02 -7.903692414947623146e-02 2.395868047436354106e-02 8.197608015675253434e-02 1.522337194557220851e-02 -8.544754764014254877e-02 -7.252494651398774805e-02 9.073532983036051991e-02 3.044585778623432604e-01 3.870059479214832399e-01 3.005779216702811896e-01 8.487013733229156753e-02
7.088576722164185995e-02 -9.648539224131613690e-02 -7.786212685455305704e-02 2.985128117182077323e-02 8.023768444414489109e-02 1.497295346759363113e-02 -8.412667145938595992e-02 -7.803155347211923609e-02 8.239781255445247088e-02 3.005779216702811896e-01 4.318311309878353210e-01 3.170556685724662538e-01
3.017327448393776201e-01 7.136029216755376825e-02 -7.998140944070737668e-02 -7.873349184645075938e-02 2.460941348988057720e-02 8.092614274099926841e-02 1.677991040007381640e-02 -8.315972733682808204e-02 -8.275519216403828815e-02 8.487013733229156753e-02 3.170556685724662538e-01 4.232993978300050308e-01
4.223618497570612584e-01 3.096724259869930163e-01 8.110975960205493718e-02 -8.975953127205128779e-02 -6.939149319278267725e-02 3.661158504554010151e-02 7.831106963688874711e-02 9.250007389662719820e-03 -8.448966473303332059e-02 -8.690310213245285020e-02 7.647888419277357186e-02 3.067161110925219480e-01
3.096724259869930163e-01 4.108946357211348266e-01 3.025986430014725448e-01 6.969700636434109087e-02 -9.323705234319457080e-02 -7.606429878865260397e-02 3.036491842121352702e-02 8.234584898579033752e-02 1.638971002281806172e-02 -8.214239991086916270e-02 -8.256223853617306041e-02 8.574588471487885888e-02
8.110975960205493718e-02 3.025986430014725448e-01 4.230847217371421776e-01 3.167916098794205104e-01 5.587863511871739297e-02 -9.819250045536190297e-02 -7.304693406136344991e-02 3.652147418956391833e-02 8.140244267515714394e-02 2.440875005044264301e-02 -7.891596699736432019e-02 -7.862190876760027924e-02
-8.975953127205128779e-02 6.969700636434109087e-02 3.167916098794205104e-01 4.636820447842340820e-01 3.116600632972932883e-01 6.809056095065618708e-02 -8.361783935336453144e-02 -7.698956521989296087e-02 2.084809202615333507e-02 8.109967106426363426e-02 2.875731755865907138e-02 -7.827137508997487891e-02
-6.939149319278267725e-02 -9.323705234319457080e-02 5.587863511871739297e-02 3.116600632972932883e-01 4.227255559371926874e-01 3.081835108675313739e-01 8.774036085139409746e-02 -7.948256894930146033e-02 -8.715608017830020482e-02 1.365830694295307179e-03 7.684811170826866267e-02 3.608830637556321996e-02
3.661158504554010151e-02 -7.606429878865260397e-02 -9.819250045536190297e-02 6.809056095065618708e-02 3.081835108675313739e-01 4.123790353941460540e-01 3.024845412129526512e-01 8.479399999881528927e-02 -7.367654061509448793e-02 -9.132336720748047976e-02 8.007375089516407043e-03 8.347553354814429838e-02
7.831106963688874711e-02 3.036491842121352702e-02 -7.304693406136344991e-02 -8.361783935336453144e-02 8.774036085139409746e-02 3.024845412129526512e-01 4.046243735389084550e-01 3.093355115653975140e-01 9.533228170805933821e-02 -6.433968086686778221e-02 -8.422388265140791364e-02 1.110902834464145075e-02
9.250007389662719820e-03 8.234584898579033752e-02 3.652147418956391833e-02 -7.698956521989296087e-02 -7.948256894930146033e-02 8.479399999881528927e-02 3.093355115653975140e-01 4.224167486763937274e-01 3.015093634196154837e-01 1.026798075469885635e-01 -6.999992211248473595e-02 -8.875464158007204118e-02
-8.448966473303332059e-02 1.638971002281806172e-02 8.140244267515714394e-02 2.084809202615333507e-02 -8.715608017830020482e-02 -7.367654061509448793e-02 9.533228170805933821e-02 3.015093634196154837e-01 3.679500782720608876e-01 2.918487915647450803e-01 9.272923953417129550e-02 -7.408945983790005130e-02
-8.690310213245285020e-02 -8.214239991086916270e-02 2.440875005044264301e-02 8.109967106426363426e-02 1.365830694295307179e-03 -9.132336720748047976e-02 -6.433968086686778221e-02 1.026798075469885635e-01 2.918487915647450803e-01 4.074290432426900255e-01 3.145829851953461098e-01 8.030057262675742435e-02
7.647888419277357186e-02 -8.256223853617306041e-02 -7.891596699736432019e-02 2.875731755865907138e-02 7.684811170826866267e-02 8.007375089516407043e-03 -8.422388265140791364e-02 -6.999992211248473595e-02 9.272923953417129550e-02 3.145829851953461098e-01 4.321496138512852525e-01 3.060657881228848742e-01
3.067161110925219480e-01 8.574588471487885888e-02 -7.862190876760027924e-02 -7.827137508997487891e-02 3.608830637556321996e-02 8.347553354814429838e-02 1.110902834464145075e-02 -8.875464158007204118e-02 -7.408945983790005130e-02 8.030057262675742435e-02 3.060657881228848742e-01 4.103022990877424614e-01
4.116385638032720173e-01 3.035611954571365012e-01 8.819134703076897397e-02 -7.429832303382084835e-02 -8.298323157841155928e-02 1.939200527975104213e-02 8.316284976411586483e-02 3.093081429887832579e-02 -7.928084285050772395e-02 -8.640985176740836882e-02 7.284070190575442361e-02 3.101692051437072717e-01
3.035611954571365012e-01 4.132406620473556003e-01 3.091800963422431936e-01 8.741156833919445923e-02 -8.282113253073143666e-02 -8.220545839162921031e-02 1.591185608562560583e-02 7.982920939040422104e-02 2.513678874146715869e-02 -7.941892521722966614e-02 -8.724885520287088692e-02 7.706588479498799327e-02
8.819134703076897397e-02 3.091800963422431936e-01 4.105638773586439694e-01 3.017640521389604036e-01 8.019841316615089477e-02 -8.118849615786516427e-02 -8.600850783738794858e-02 1.447620769182344190e-02 8.192718796847703322e-02 2.477310284822706321e-02 -7.998773865845522357e-02 -8.291401150662160158e-02
-7.429832303382084835e-02 8.741156833919445923e-02 3.017640521389604036e-01 4.101750445574218196e-01 3.119235793392535205e-01 8.124438817979198757e-02 -7.938031203602236019e-02 -8.312996462118171781e-02 2.212101744510108770e-02 8.155922902682145870e-02 2.396249172075191197e-02 -8.113468951729208012e-02
-8.298323157841155928e-02 -8.282113253073143666e-02 8.019841316615089477e-02 3.119235793392535205e-01 4.363391470110096759e-01 3.072105805462229111e-01 8.853672001846038531e-02 -7.479754364948841550e-02 -8.165055085490460773e-02 1.955197124982673701e-02 8.108927210877020508e-02 2.243481286578948020e-02
1.939200527975104213e-02 -8.220545839162921031e-02 -8.118849615786516427e-02 8.124438817979198757e-02 3.072105805462229111e-01 3.943079358319844241e-01 2.992820178458203140e-01 9.322028444655944268e-02 -7.711357792197900962e-02 -8.431598888865605990e-02 1.494457607002821348e-02 8.033745687117316292e-02
8.316284976411586483e-02 1.591185608562560583e-02 -8.600850783738794858e-02 -7.938031203602236019e-02 8.853672001846038531e-02 2.992820178458203140e-01 4.049501916738589280e-01 3.081258880454739169e-01 7.870128368825704546e-02 -8.670389396582695030e-02 -8.321792288556836836e-02 2.819141220110624527e-02
3.093081429887832579e-02 7.982920939040422104e-02 1.447620769182344190e-02 -8.312996462118171781e-02 -7.479754364948841550e-02 9.322028444655944268e-02 3.081258880454739169e-01 4.208619689878728143e-01 3.090593922716359798e-01 7.652861618857245696e-02 -8.161833454742956073e-02 -7.513439790846780653e-02
-7.928084285050772395e-02 2.513678874146715869e-02 8.192718796847703322e-02 2.212101744510108770e-02 -8.165055085490460773e-02 -7.711357792197900962e-02 7.870128368825704546e-02 3.090593922716359798e-01 4.302980836140523069e-01 3.095656934213608658e-01 8.420265277877214682e-02 -8.531436926382013342e-02
-8.640985176740836882e-02 -7.941892521722966614e-02 2.477310284822706321e-02 8.155922902682145870e-02 1.955197124982673701e-02 -8.431598888865605990e-02 -8.670389396582695030e-02 7.652861618857245696e-02 3.095656934213608658e-01 4.075529663997770058e-01 3.026619460789584659e-01 7.596975308263972937e-02
7.284070190575442361e-02 -8.724885520287088692e-02 -7.998773865845522357e-02 2.396249172075191197e-02 8.108927210877020508e-02 1.494457607002821348e-02 -8.321792288556836836e-02 -8.161833454742956073e-02 8.420265277877214682e-02 3.026619460789584659e-01 4.184648162797828252e-01 3.129795177763019520e-01
3.101692051437072717e-01 7.706588479498799327e-02 -8.291401150662160158e-02 -8.113468951729208012e-02 2.243481286578948020e-02 8.033745687117316292e-02 2.819141220110624527e-02 -7.513439790846780653e-02 -8.531436926382013342e-02 7.596975308263972937e-02 3.129795177763019520e-01 4.416067424349731652e-01
4.060556681930468370e-01 3.158390798571744096e-01 8.953608434675539018e-02 -8.315691670097148658e-02 -7.003620944446067864e-02 2.511968046043774883e-02 7.008989964798878480e-02 5.457554272171684373e-03 -7.805012164060107227e-02 -7.549048430984342528e-02 9.007700309051729082e-02 2.998730709028918362e-01
3.158390798571744096e-01 4.317864561311087757e-01 2.945173589460883812e-01 7.769337772836720779e-02 -8.754517908236922330e-02 -8.807478720656516935e-02 2.847571850321902603e-02 8.996318705940314908e-02 2.206805461866789483e-02 -8.676365552273479498e-02 -7.772445257086638137e-02 8.806029109744223371e-02
8.953608434675539018e-02 2.945173589460883812e-01 3.709871265358142267e-01 3.106951471001935805e-01 6.771415812337384932e-02 -8.812744792434272501e-02 -6.635917735551644103e-02 4.156273791434150072e-02 7.622139560437227179e-02 1.210628736013575138e-02 -8.282015381586449454e-02 -7.046464257942271214e-02
-8.315691670097148658e-02 7.769337772836720779e-02 3.106951471001935805e-01 4.930604917983508195e-01 3.155815665705467010e-01 7.031036974458294841e-02 -9.124357231535898394e-02 -7.472348208331316965e-02 2.643637669327411621e-02 8.295943543630440731e-02 1.245053058067531644e-02 -8.643121591139554805e-02
-7.003620944446067864e-02 -8.754517908236922330e-02 6.771415812337384932e-02 3.155815665705467010e-01 3.870857806891386255e-01 2.966814982074307272e-01 7.816415853889624454e-02 -8.414828377890477829e-02 -8.084148084043465965e-02 1.285509184965710934e-02 7.517237967477372051e-02 2.998855128105043510e-02
2.511968046043774883e-02 -8.807478720656516935e-02 -8.812744792434272501e-02 7.031036974458294841e-02 2.966814982074307272e-01 4.338146529317807865e-01 3.174712747148982217e-01 6.863906213829246150e-02 -8.599896643332018142e-02 -8.647156188028073953e-02 3.060495892943090879e-02 9.178057115012272504e-02
7.008989964798878480e-02 2.847571850321902603e-02 -6.635917735551644103e-02 -9.124357231535898394e-02 7.816415853889624454e-02 3.174712747148982217e-01 4.358820674662576833e-01 3.095593478002656163e-01 8.654989591776610092e-02 -7.181627876061161264e-02 -7.369125458088271463e-02 1.314736558312182627e-02
5.457554272171684373e-03 8.996318705940314908e-02 4.156273791434150072e-02 -7.472348208331316965e-02 -8.414828377890477829e-02 6.863906213829246150e-02 3.095593478002656163e-01 4.157027510629496825e-01 2.966368126960611251e-01 9.859617072327599152e-02 -7.755712855236714109e-02 -9.781009309542239294e-02
-7.805012164060107227e-02 2.206805461866789483e-02 7.622139560437227179e-02 2.643637669327411621e-02 -8.084148084043465965e-02 -8.599896643332018142e-02 8.654989591776610092e-02 2.966368126960611251e-01 3.706967436637408353e-01 3.039395881431136148e-01 7.813497804521291057e-02 -8.028444754784572202e-02
-7.549048430984342528e-02 -8.676365552273479498e-02 1.210628736013575138e-02 8.295943543630440731e-02 1.285509184965710934e-02 -8.647156188028073953e-02 -7.181627876061161264e-02 9.859617072327599152e-02 3.039395881431136148e-01 4.484705397740866850e-01 3.131389074980210907e-01 8.644998805644815709e-02
9.007700309051729082e-02 -7.772445257086638137e-02 -8.282015381586449454e-02 1.245053058067531644e-02 7.517237967477372051e-02 3.060495892943090879e-02 -7.369125458088271463e-02 -7.755712855236714109e-02 7.813497804521291057e-02 3.131389074980210907e-01 4.033173807711046832e-01 3.018211268558889104e-01
2.998730709028918362e-01 8.806029109744223371e-02 -7.046464257942271214e-02 -8.643121591139554805e-02 2.998855128105043510e-02 9.178057115012272504e-02 1.314736558312182627e-02 -9.781009309542239294e-02 -8.028444754784572202e-02 8.644998805644815709e-02 3.018211268558889104e-01 4.031403409826369022e-01
4.083417170441385746e-01 3.034791507232618701e-01 7.282046722633835067e-02 -8.171864762811620331e-02 -8.273512927471288192e-02 2.483002107198533509e-02 8.362834719364439784e-02 2.037615663608550315e-02 -8.401440874136846537e-02 -8.930088050221646201e-02 7.022974671112341971e-02 3.103248483767443999e-01
3.034791507232618701e-01 4.344901796870714872e-01 3.182069086636430955e-01 8.038692403911174011e-02 -8.242389353356371906e-02 -7.779028061977379116e-02 2.483726257869782808e-02 7.928901200247948089e-02 2.141774041919670621e-02 -7.690677311543839267e-02 -8.842334381292224488e-02 7.354518505420876151e-02
7.282046722633835067e-02 3.182069086636430955e-01 4.306798947587797133e-01 2.989501020193548464e-01 8.870393841012573499e-02 -7.690017898371342975e-02 -8.427905579987002294e-02 1.559897425264023495e-02 8.214322508830902703e-02 3.691473648654677170e-02 -7.090466854864581336e-02 -9.195099154509125960e-02
-8.171864762811620331e-02 8.038692403911174011e-02 2.989501020193548464e-01 3.818507771796737504e-01 3.037670357371159424e-01 8.535150859124282507e-02 -8.089948190373505432e-02 -8.330196730485606160e-02 1.846440110064521620e-02 8.256346024986696563e-02 3.289623425697298098e-02 -7.903648277903374542e-02
-8.273512927471288192e-02 -8.242389353356371906e-02 8.870393841012573499e-02 3.037670357371159424e-01 4.334100415790831384e-01 3.131095059230161182e-01 7.596830397615846053e-02 -8.593080788849831453e-02 -8.212873846680943113e-02 1.703782673685127688e-02 8.075367738237906878e-02 2.212515349977621504e-02
2.483002107198533509e-02 -7.779028061977379116e-02 -7.690017898371342975e-02 8.535150859124282507e-02 3.131095059230161182e-01 4.163105945065225244e-01 3.036496828603032494e-01 8.432808271602498795e-02 -7.553282465966087988e-02 -8.628273675490082117e-02 7.855064286492029896e-03 7.888292779986105785e-02
8.362834719364439784e-02 2.483726257869782808e-02 -8.427905579987002294e-02 -8.089948190373505432e-02 7.596830397615846053e-02 3.036496828603032494e-01 4.158889962265895912e-01 3.093861033693481311e-01 8.927665612096594150e-02 -7.419789253685174502e-02 -8.780130949537465201e-02 1.935821755364375632e-02
2.037615663608550315e-02 7.928901200247948089e-02 1.559897425264023495e-02 -8.330196730485606160e-02 -8.593080788849831453e-02 8.432808271602498795e-02 3.093861033693481311e-01 4.112783713982230971e-01 3.026191153555142233e-01 9.462618635447445081e-02 -6.891825405781183689e-02 -8.030072284654826698e-02
-8.401440874136846537e-02 2.141774041919670621e-02 8.214322508830902703e-02 1.846440110064521620e-02 -8.212873846680943113e-02 -7.553282465966087988e-02 8.927665612096594150e-02 3.026191153555142233e-01 3.984312270162179148e-01 3.019670832855408382e-01 9.499214000590498752e-02 -8.175492281518439985e-02
-8.930088050221646201e-02 -7.690677311543839267e-02 3.691473648654677170e-02 8.256346024986696563e-02 1.703782673685127688e-02 -8.628273675490082117e-02 -7.419789253685174502e-02 9.462618635447445081e-02 3.019670832855408382e-01 3.976993235171565888e-01 3.043298521383182575e-01 7.247336519901319274e-02
7.022974671112341971e-02 -8.842334381292224488e-02 -7.090466854864581336e-02 3.289623425697298098e-02 8.075367738237906878e-02 7.855064286492029896e-03 -8.780130949537465201e-02 -6.891825405781183689e-02 9.499214000590498752e-02 3.043298521383182575e-01 4.260214621742686170e-01 3.138752445395515123e-01
3.103248483767443999e-01 7.354518505420876151e-02 -9.195099154509125960e-02 -7.903648277903374542e-02 2.212515349977621504e-02 7.888292779986105785e-02 1.935821755364375632e-02 -8.030072284654826698e-02 -8.175492281518439985e-02 7.247336519901319274e-02 3.138752445395515123e-01 4.455974149122586825e-01
4.049606021961851265e-01 3.061790540072792943e-01 7.007920434998342329e-02 -8.831020760221672261e-02 -7.296709337112444738e-02 3.655635839524262742e-02 7.902834336597079623e-02 9.773604271097439608e-03 -8.500667611250152522e-02 -7.176492338056147946e-02 9.704011429248257659e-02 3.057280699983470074e-01
3.061790540072792943e-01 4.385167057960448478e-01 3.150586317774757283e-01 7.104297052007024771e-02 -9.132961605322309495e-02 -7.345251263633303940e-02 3.467427489739690477e-02 8.223699484331103982e-02 1.481134761875663175e-02 -8.515034762082052122e-02 -7.206307656145713447e-02 8.489633637262544719e-02
7.007920434998342329e-02 3.150586317774757283e-01 4.311753969049815227e-01 3.065170730714493197e-01 7.233693513944264297e-02 -8.865192386282332027e-02 -7.584640648502338767e-02 2.587195816160024753e-02 7.951709655312405589e-02 2.022893837681702389e-02 -8.134118638019177672e-02 -8.787285342962994350e-02
-8.831020760221672261e-02 7.104297052007024771e-02 3.065170730714493197e-01 4.181138981427742207e-01 3.097524525728421185e-01 7.332588171823428702e-02 -8.701559304554108698e-02 -8.241756583788474588e-02 2.112979989478929593e-02 8.273421051673544857e-02 2.031372459305110997e-02 -8.146758300143282228e-02
-7.296709337112444738e-02 -9.132961605322309495e-02 7.233693513944264297e-02 3.097524525728421185e-01 4.352856178808006682e-01 3.123429582368939528e-01 7.482169216559506064e-02 -8.387122656502890572e-02 -8.074188508631957584e-02 2.156334411516104554e-02 7.965406899840299371e-02 2.973478258703435295e-02
3.655635839524262742e-02 -7.345251263633303940e-02 -8.865192386282332027e-02 7.332588171823428702e-02 3.123429582368939528e-01 4.237747704979353269e-01 3.045458826503161243e-01 8.883810190276378305e-02 -7.256639018984092915e-02 -8.482044371560551466e-02 1.514944816660622473e-02 8.290213407111503285e-02
7.902834336597079623e-02 3.467427489739690477e-02 -7.584640648502338767e-02 -8.701559304554108698e-02 7.482169216559506064e-02 3.045458826503161243e-01 4.060435158469938299e-01 3.066497456682114597e-01 9.144588139503881385e-02 -7.860779006024386228e-02 -8.418629832965573989e-02 1.095309576894534613e-02
9.773604271097439608e-03 8.223699484331103982e-02 2.587195816160024753e-02 -8.241756583788474588e-02 -8.387122656502890572e-02 8.883810190276378305e-02 3.066497456682114597e-01 4.078201807488363584e-01 3.014420566195985529e-01 8.432135821392315600e-02 -7.829582671446186359e-02 -8.824281944880071893e-02
-8.500667611250152522e-02 1.481134761875663175e-02 7.951709655312405589e-02 2.112979989478929593e-02 -8.074188508631957584e-02 -7.256639018984092915e-02 9.144588139503881385e-02 3.014420566195985529e-01 4.050539158352479130e-01 3.105378844800795735e-01 8.452490769968581952e-02 -7.713344613183378828e-02
-7.176492338056147946e-02 -8.515034762082052122e-02 2.022893837681702389e-02 8.273421051673544857e-02 2.156334411516104554e-02 -8.482044371560551466e-02 -7.860779006024386228e-02 8.432135821392315600e-02 3.105378844800795735e-01 4.324597759395267804e-01 3.060598349690030195e-01 9.061447909721721816e-02
9.704011429248257659e-02 -7.206307656145713447e-02 -8.134118638019177672e-02 2.031372459305110997e-02 7.965406899840299371e-02 1.514944816660622473e-02 -8.418629832965573989e-02 -7.829582671446186359e-02 8.452490769968581952e-02 3.060598349690030195e-01 3.913680270033539355e-01 2.997991664439987325e-01
3.057280699983470074e-01 8.489633637262544719e-02 -8.787285342962994350e-02 -8.146758300143282228e-02 2.973478258703435295e-02 8.290213407111503285e-02 1.095309576894534613e-02 -8.824281944880071893e-02 -7.713344613183378828e-02 9.061447909721721816e-02 2.997991664439987325e-01 4.054275932072550770e-01
4.555015212929204305e-01 3.185099036868922484e-01 7.437930812927170954e-02 -8.826506212196899570e-02 -7.829991273541986319e-02 2.355048189235501438e-02 7.943214461848119301e-02 3.458419612161395262e-02 -7.253646902260335594e-02 -8.802739342266205358e-02 6.535253748978495092e-02 3.083503532806686209e-01
3.185099036868922484e-01 4.161765515061182086e-01 2.957521273547163432e-01 8.854777165424718155e-02 -7.054214193495292329e-02 -8.607631308174726326e-02 8.079297360571859737e-03 8.063705159999033645e-02 3.487674265516114980e-02 -7.617142514840555267e-02 -9.504987051332153269e-02 6.904816229321113219e-02
7.437930812927170954e-02 2.957521273547163432e-01 3.981256501014915350e-01 3.133797862394581135e-01 8.867570961073963087e-02 -8.238537942386731094e-02 -8.723363728318214716e-02 6.927627229077117955e-03 7.900524091019694994e-02 2.996860331727823137e-02 -7.481913859997264826e-02 -8.460015910968207709e-02
-8.826506212196899570e-02 8.854777165424718155e-02 3.133797862394581135e-01 4.293174242837517474e-01 3.011448419588289016e-01 8.199275344447617964e-02 -7.311118818488214488e-02 -8.754491985369497464e-02 1.369075149047423168e-02 8.246509798825887860e-02 3.058916728048114222e-02 -7.935678834681082761e-02
-7.829991273541986319e-02 -7.054214193495292329e-02 8.867570961073963087e-02 3.011448419588289016e-01 3.928818793115553820e-01 3.079293452029614464e-01 9.800301125234076038e-02 -6.557655257490069278e-02 -8.389615923324503233e-02 1.313322781532389946e-02 7.908202017907636772e-02 2.526196510137966589e-02
2.355048189235501438e-02 -8.607631308174726326e-02 -8.238537942386731094e-02 8.199275344447617964e-02 3.079293452029614464e-01 4.286060497588530804e-01 3.037590775676822785e-01 9.509002965507085126e-02 -7.860987040453167041e-02 -8.592925473584432650e-02 1.800157662725911795e-02 8.302609317073303408e-02
7.943214461848119301e-02 8.079297360571859737e-03 -8.723363728318214716e-02 -7.311118818488214488e-02 9.800301125234076038e-02 3.037590775676822785e-01 3.695269580579936819e-01 2.928285922099151950e-01 8.683100447848425552e-02 -7.545473749232026184e-02 -8.095075143388137662e-02 2.104708264391219955e-02
3.458419612161395262e-02 8.063705159999033645e-02 6.927627229077117955e-03 -8.754491985369497464e-02 -6.557655257490069278e-02 9.509002965507085126e-02 2.928285922099151950e-01 4.234460047722913290e-01 3.199162039090166498e-01 7.652722769484812670e-02 -9.262387780944157656e-02 -7.964676933715321427e-02
-7.253646902260335594e-02 3.487674265516114980e-02 7.900524091019694994e-02 1.369075149047423168e-02 -8.389615923324503233e-02 -7.860987040453167041e-02 8.683100447848425552e-02 3.199162039090166498e-01 4.317440838005818238e-01 3.013016108032109397e-01 7.397559940744917462e-02 -8.107034604000540323e-02
-8.802739342266205358e-02 -7.617142514840555267e-02 2.996860331727823137e-02 8.246509798825887860e-02 1.313322781532389946e-02 -8.592925473584432650e-02 -7.545473749232026184e-02 7.652722769484812670e-02 3.013016108032109397e-01 4.091155277451473116e-01 3.118787995242967570e-01 8.368489881865684432e-02
6.535253748978495092e-02 -9.504987051332153269e-02 -7.481913859997264826e-02 3.058916728048114222e-02 7.908202017907636772e-02 1.800157662725911795e-02 -8.095075143388137662e-02 -9.262387780944157656e-02 7.397559940744917462e-02 3.118787995242967570e-01 4.336339653719129550e-01 3.077351210862435127e-01
