1.733466359307309079e-01 1.853041359122439558e-01 1.248405878944057051e-01 9.471769508071245514e-02 6.966574229550873132e-02 3.292248603043075594e-02 6.164965704586096180e-04 -2.610081420888155784e-02 -4.766537892945844901e-02 -7.663236705529313797e-02 -8.988211815003600835e-02 -1.309335197103708992e-01
1.853041359122439558e-01 2.591702543836359451e-01 1.760389736129344684e-01 1.272758629523372265e-01 9.631697424189605838e-02 5.827882705962282583e-02 3.137110849137835639e-02 3.030082281410564904e-03 -2.337600383082818339e-02 -5.449803911770480236e-02 -7.576669084334883286e-02 -1.230925820382087477e-01
1.248405878944057051e-01 1.760389736129344684e-01 1.626131635647559692e-01 1.369605435367847457e-01 1.103442004056484349e-01 7.241501407600905993e-02 5.059283564247530479e-02 2.683120690723295870e-02 2.944037564231047344e-03 -2.617110447432117321e-02 -5.057524671330391325e-02 -8.696509131725452257e-02
9.471769508071245514e-02 1.272758629523372265e-01 1.369605435367847457e-01 1.442409606075620299e-01 1.296968549642026347e-01 9.335819075486395668e-02 7.518330439075374128e-02 5.177840204360531495e-02 2.947896381819534173e-02 2.626857027215454519e-03 -2.956937871719209771e-02 -6.585857244909681940e-02
6.966574229550873132e-02 9.631697424189605838e-02 1.103442004056484349e-01 1.296968549642026347e-01 1.351556020318117335e-01 1.113645307728018397e-01 1.042414460126325215e-01 8.060559067513618781e-02 5.747264340132583749e-02 3.524591949465455398e-02 -2.957331357667305604e-03 -4.025034982238000214e-02
3.292248603043075594e-02 5.827882705962282583e-02 7.241501407600905993e-02 9.335819075486395668e-02 1.113645307728018397e-01 1.152838926699682048e-01 1.319698874704821334e-01 1.118124131877619998e-01 8.312515725521583965e-02 6.526102444665471403e-02 2.756223915789021359e-02 -4.126988847205387279e-03
6.164965704586096180e-04 3.137110849137835639e-02 5.059283564247530479e-02 7.518330439075374128e-02 1.042414460126325215e-01 1.319698874704821334e-01 1.891561396461211575e-01 1.757092729317485114e-01 1.295454092021096903e-01 1.056215705016117778e-01 6.145434102294121403e-02 3.136840075836856701e-02
-2.610081420888155784e-02 3.030082281410564904e-03 2.683120690723295870e-02 5.177840204360531495e-02 8.060559067513618781e-02 1.118124131877619998e-01 1.757092729317485114e-01 2.020562056020991371e-01 1.631561343816081422e-01 1.336264403578585058e-01 8.178782255353744812e-02 5.455242570397730861e-02
-4.766537892945844901e-02 -2.337600383082818339e-02 2.944037564231047344e-03 2.947896381819534173e-02 5.747264340132583749e-02 8.312515725521583965e-02 1.295454092021096903e-01 1.631561343816081422e-01 1.827070570021550600e-01 1.715414673395824208e-01 1.059352026415799342e-01 7.495542720088095578e-02
-7.663236705529313797e-02 -5.449803911770480236e-02 -2.617110447432117321e-02 2.626857027215454519e-03 3.524591949465455398e-02 6.526102444665471403e-02 1.056215705016117778e-01 1.336264403578585058e-01 1.715414673395824208e-01 2.030109168389016838e-01 1.354821317893820098e-01 1.046460125330371804e-01
-8.988211815003600835e-02 -7.576669084334883286e-02 -5.057524671330391325e-02 -2.956937871719209771e-02 -2.957331357667305604e-03 2.756223915789021359e-02 6.145434102294121403e-02 8.178782255353744812e-02 1.059352026415799342e-01 1.354821317893820098e-01 1.091433841591943621e-01 1.025088653702046493e-01
-1.309335197103708992e-01 -1.230925820382087477e-01 -8.696509131725452257e-02 -6.585857244909681940e-02 -4.025034982238000214e-02 -4.126988847205387279e-03 3.136840075836856701e-02 5.455242570397730861e-02 7.495542720088095578e-02 1.046460125330371804e-01 1.025088653702046493e-01 1.241157875630647389e-01
2.282768195249726406e-01 1.641753903325217090e-01 1.128140867741522918e-01 9.866735100527992963e-02 5.202336338014681982e-02 2.455172717378455854e-02 -4.032124600054050496e-03 -3.210549021647710055e-02 -6.160177449837193203e-02 -7.722415725838281675e-02 -1.150078515745874691e-01 -1.742323272640637910e-01
1.641753903325217090e-01 1.502585501508189592e-01 1.238896892247293713e-01 1.213044729941848421e-01 6.941768243543877670e-02 4.650923115450479595e-02 2.320991690531989948e-02 -4.710409206546042025e-03 -3.281167413100698205e-02 -5.046380362733435265e-02 -7.887012513421395865e-02 -1.190877758494862798e-01
1.128140867741522918e-01 1.238896892247293713e-01 1.401891526140075506e-01 1.631239026075320397e-01 9.705941896273849456e-02 7.092784063179555232e-02 4.880316657379673434e-02 2.281265372371163447e-02 -2.489551628175655160e-03 -2.607638571337606015e-02 -5.265415171624987511e-02 -8.148944351253309404e-02
9.866735100527992963e-02 1.213044729941848421e-01 1.631239026075320397e-01 2.267182794778602739e-01 1.438918731206525470e-01 1.136390105076862667e-01 8.700717463541776664e-02 5.739436200109197111e-02 3.305574339042639809e-02 -1.050240432976989359e-03 -3.491722641965617352e-02 -6.768039705319926769e-02
5.202336338014681982e-02 6.941768243543877670e-02 9.705941896273849456e-02 1.438918731206525470e-01 1.156657273826463272e-01 1.184668119082722820e-01 1.046483261324735459e-01 7.448155398513675585e-02 5.627046253287182331e-02 2.766484266348276377e-02 2.201959999030511823e-03 -2.507974314418308717e-02
2.455172717378455854e-02 4.650923115450479595e-02 7.092784063179555232e-02 1.136390105076862667e-01 1.184668119082722820e-01 1.663787877431480711e-01 1.678399892872476651e-01 1.217182589426149264e-01 9.600837829001997170e-02 6.158067025779900838e-02 3.699462023533935107e-02 8.034946439163444601e-03
-4.032124600054050496e-03 2.320991690531989948e-02 4.880316657379673434e-02 8.700717463541776664e-02 1.046483261324735459e-01 1.678399892872476651e-01 2.029438636892055281e-01 1.591795857889256594e-01 1.281189488855470349e-01 8.528072004536824124e-02 6.115541980736288047e-02 3.522756068549703912e-02
-3.210549021647710055e-02 -4.710409206546042025e-03 2.281265372371163447e-02 5.739436200109197111e-02 7.448155398513675585e-02 1.217182589426149264e-01 1.591795857889256594e-01 1.666187724830633654e-01 1.582703657889883431e-01 1.081661425938988397e-01 8.053833854268835357e-02 5.648731206207714683e-02
-6.160177449837193203e-02 -3.281167413100698205e-02 -2.489551628175655160e-03 3.305574339042639809e-02 5.627046253287182331e-02 9.600837829001997170e-02 1.281189488855470349e-01 1.582703657889883431e-01 1.933297013698155042e-01 1.426643831083455605e-01 1.117094037380873678e-01 8.484450732952666940e-02
-7.722415725838281675e-02 -5.046380362733435265e-02 -2.607638571337606015e-02 -1.050240432976989359e-03 2.766484266348276377e-02 6.158067025779900838e-02 8.528072004536824124e-02 1.081661425938988397e-01 1.426643831083455605e-01 1.227945416097476899e-01 1.097919236158908102e-01 9.443520783992129242e-02
-1.150078515745874691e-01 -7.887012513421395865e-02 -5.265415171624987511e-02 -3.491722641965617352e-02 2.201959999030511823e-03 3.699462023533935107e-02 6.115541980736288047e-02 8.053833854268835357e-02 1.117094037380873678e-01 1.097919236158908102e-01 1.214911161179227789e-01 1.252633673364504374e-01
-1.742323272640637910e-01 -1.190877758494862798e-01 -8.148944351253309404e-02 -6.768039705319926769e-02 -2.507974314418308717e-02 8.034946439163444601e-03 3.522756068549703912e-02 5.648731206207714683e-02 8.484450732952666940e-02 9.443520783992129242e-02 1.252633673364504374e-01 1.653346878367921990e-01
1.988465287894211619e-01 1.587522054934333848e-01 1.295910201757880797e-01 8.586760195286169406e-02 5.652648769790741268e-02 1.854432243412081419e-02 -1.501970463467688748e-02 -4.454202601967940933e-02 -6.600187354334111078e-02 -8.926010386472245373e-02 -1.138054606851383876e-01 -1.512998521800720253e-01
1.587522054934333848e-01 1.681383358480012247e-01 1.649708207863583020e-01 1.142035290775595680e-01 8.393981276340883868e-02 4.887081997228699681e-02 1.785960691448707643e-02 -9.071220594472373736e-03 -3.375245380884935725e-02 -5.673216607663361666e-02 -7.782659941234913725e-02 -1.093946997304872937e-01
1.295910201757880797e-01 1.649708207863583020e-01 2.159284115452883013e-01 1.642578029414326624e-01 1.270565654112869036e-01 8.426041725405634952e-02 5.136793995794806944e-02 2.655509010703732686e-02 -3.147494313734484385e-03 -3.188198584787404338e-02 -5.593483588320311006e-02 -8.454063189481490770e-02
8.586760195286169406e-02 1.142035290775595680e-01 1.642578029414326624e-01 1.659876590951457620e-01 1.558278332399758437e-01 1.114784276330095525e-01 7.514198468262878183e-02 5.445133681949598098e-02 2.958124477269634400e-02 3.839513449901550170e-03 -2.205510817396271958e-02 -5.011020729448981137e-02
5.652648769790741268e-02 8.393981276340883868e-02 1.270565654112869036e-01 1.558278332399758437e-01 1.968355952448622159e-01 1.580900052773572262e-01 1.132623519557126590e-01 8.977158016820102615e-02 6.453418076011095683e-02 4.112005858964785932e-02 1.288444887962912969e-02 -1.926101329058249600e-02
1.854432243412081419e-02 4.887081997228699681e-02 8.426041725405634952e-02 1.114784276330095525e-01 1.580900052773572262e-01 1.560991044480518619e-01 1.281426759274930383e-01 1.117328111350473496e-01 8.601681703409164159e-02 6.456248126331123882e-02 4.029745400244704595e-02 1.339267246540982309e-02
-1.501970463467688748e-02 1.785960691448707643e-02 5.136793995794806944e-02 7.514198468262878183e-02 1.132623519557126590e-01 1.281426759274930383e-01 1.327936631437810766e-01 1.359119912467074420e-01 1.113372817761713873e-01 8.570905003644527231e-02 6.078838476960801707e-02 3.896652453576530950e-02
-4.454202601967940933e-02 -9.071220594472373736e-03 2.655509010703732686e-02 5.445133681949598098e-02 8.977158016820102615e-02 1.117328111350473496e-01 1.359119912467074420e-01 1.722815191922872080e-01 1.555735769950147562e-01 1.220305716712333233e-01 8.765998903392928365e-02 6.394982829599912821e-02
-6.600187354334111078e-02 -3.375245380884935725e-02 -3.147494313734484385e-03 2.958124477269634400e-02 6.453418076011095683e-02 8.601681703409164159e-02 1.113372817761713873e-01 1.555735769950147562e-01 1.704765277392536471e-01 1.472996687139104810e-01 1.093267913770671340e-01 8.260332445278834035e-02
-8.926010386472245373e-02 -5.673216607663361666e-02 -3.188198584787404338e-02 3.839513449901550170e-03 4.112005858964785932e-02 6.456248126331123882e-02 8.570905003644527231e-02 1.220305716712333233e-01 1.472996687139104810e-01 1.545424925512622338e-01 1.279751984630409511e-01 1.040850612515492740e-01
-1.138054606851383876e-01 -7.782659941234913725e-02 -5.593483588320311006e-02 -2.205510817396271958e-02 1.288444887962912969e-02 4.029745400244704595e-02 6.078838476960801707e-02 8.765998903392928365e-02 1.093267913770671340e-01 1.279751984630409511e-01 1.284761576975561592e-01 1.205345208037074678e-01
-1.512998521800720253e-01 -1.093946997304872937e-01 -8.454063189481490770e-02 -5.011020729448981137e-02 -1.926101329058249600e-02 1.339267246540982309e-02 3.896652453576530950e-02 6.394982829599912821e-02 8.260332445278834035e-02 1.040850612515492740e-01 1.205345208037074678e-01 1.395940047050893695e-01
1.379397881887926003e-01 1.320626579358133434e-01 1.192310228190096022e-01 9.149431436142616003e-02 6.515690027796251782e-02 1.735564842563093804e-02 -1.859206243800009054e-02 -4.650907738100431427e-02 -5.966162705184725745e-02 -8.149149998523094740e-02 -1.006675423755061527e-01 -1.221802424378840846e-01
1.320626579358133434e-01 1.575348969394307352e-01 1.631346925784745716e-01 1.295248933797858992e-01 9.971932537325292611e-02 4.428115031848463279e-02 1.710787284797594954e-02 -1.132995920164107245e-02 -3.032025175641660936e-02 -4.933931178098054093e-02 -6.877191590326875437e-02 -9.768665162787715239e-02
1.192310228190096022e-01 1.631346925784745716e-01 2.137918476268999834e-01 1.882538786775542761e-01 1.408575822654472842e-01 6.974622414959397165e-02 4.868984000233087667e-02 2.143186713226651746e-02 -3.921729054078128794e-03 -2.435705342341059135e-02 -4.587266876752892075e-02 -7.772100780116750207e-02
9.149431436142616003e-02 1.295248933797858992e-01 1.882538786775542761e-01 2.489802691297236803e-01 1.971401438461738986e-01 9.580697427659437548e-02 7.366363327364373881e-02 4.910407609255380834e-02 2.347185266149168226e-02 4.509192433773270316e-03 -1.993508276930456777e-02 -5.327270794715868035e-02
6.515690027796251782e-02 9.971932537325292611e-02 1.408575822654472842e-01 1.971401438461738986e-01 2.027816372767627384e-01 1.084718197134647288e-01 9.724393000721889835e-02 7.731080738206171088e-02 5.054958516457010165e-02 3.520405247867568199e-02 1.081104836370126894e-02 -2.476066435063847826e-02
1.735564842563093804e-02 4.428115031848463279e-02 6.974622414959397165e-02 9.580697427659437548e-02 1.084718197134647288e-01 7.519039483255895995e-02 9.154749373488657582e-02 8.809369714076634161e-02 6.244441847048329969e-02 4.956746895822303212e-02 3.360064849323864122e-02 1.102860454553490979e-02
-1.859206243800009054e-02 1.710787284797594954e-02 4.868984000233087667e-02 7.366363327364373881e-02 9.724393000721889835e-02 9.154749373488657582e-02 1.498312124897707154e-01 1.643619778133120490e-01 1.190031920502563900e-01 9.463629272748028121e-02 7.422194414527572004e-02 5.088825251838126340e-02
-4.650907738100431427e-02 -1.132995920164107245e-02 2.143186713226651746e-02 4.910407609255380834e-02 7.731080738206171088e-02 8.809369714076634161e-02 1.643619778133120490e-01 2.071628840294410245e-01 1.580800407618759840e-01 1.254583837760195331e-01 9.888512975682811623e-02 7.596363801831762519e-02
-5.966162705184725745e-02 -3.032025175641660936e-02 -3.921729054078128794e-03 2.347185266149168226e-02 5.054958516457010165e-02 6.244441847048329969e-02 1.190031920502563900e-01 1.580800407618759840e-01 1.520281166461255884e-01 1.399507618774495921e-01 1.134356030420161227e-01 8.745534861645150315e-02
-8.149149998523094740e-02 -4.933931178098054093e-02 -2.435705342341059135e-02 4.509192433773270316e-03 3.520405247867568199e-02 4.956746895822303212e-02 9.463629272748028121e-02 1.254583837760195331e-01 1.399507618774495921e-01 1.659876705523940510e-01 1.470905068601431331e-01 1.157769923640864784e-01
-1.006675423755061527e-01 -6.877191590326875437e-02 -4.587266876752892075e-02 -1.993508276930456777e-02 1.081104836370126894e-02 3.360064849323864122e-02 7.422194414527572004e-02 9.888512975682811623e-02 1.134356030420161227e-01 1.470905068601431331e-01 1.523037499045013510e-01 1.317531888222570058e-01
-1.221802424378840846e-01 -9.768665162787715239e-02 -7.772100780116750207e-02 -5.327270794715868035e-02 -2.476066435063847826e-02 1.102860454553490979e-02 5.088825251838126340e-02 7.596363801831762519e-02 8.745534861645150315e-02 1.157769923640864784e-01 1.317531888222570058e-01 1.364675323835985166e-01
1.960508501654805169e-01 1.685692216150712630e-01 1.083024760774329853e-01 8.588581018663311861e-02 5.111111260473331919e-02 2.675151409825342330e-02 -3.927526230794006930e-04 -2.903440287954468790e-02 -6.192006608373536169e-02 -8.120676932268829085e-02 -1.271451817281032959e-01 -1.660879787237592997e-01
1.685692216150712630e-01 1.855657442706796223e-01 1.351995251670984888e-01 1.196805901527387139e-01 8.055934198416304926e-02 5.901484475770529120e-02 3.191497662191082607e-02 2.432974710689113969e-03 -2.994423285369130633e-02 -5.472838826346110297e-02 -9.304160977173456248e-02 -1.255636485567832028e-01
1.083024760774329853e-01 1.351995251670984888e-01 1.280578489127941477e-01 1.392520760885920250e-01 1.025223399005953384e-01 8.095693378597416945e-02 5.540812307907855977e-02 3.243445299652730068e-02 9.595574366115340245e-03 -1.910150465145674450e-02 -5.209072196395347215e-02 -7.717150177700343727e-02
8.588581018663311861e-02 1.196805901527387139e-01 1.392520760885920250e-01 1.922176292152052435e-01 1.564057546070135307e-01 1.287822312889054521e-01 9.236356478146368065e-02 6.689248133952725717e-02 4.836789616026326150e-02 1.156697331720041300e-02 -2.447401216755892839e-02 -5.482507628911460762e-02
5.111111260473331919e-02 8.055934198416304926e-02 1.025223399005953384e-01 1.564057546070135307e-01 1.590807982533075648e-01 1.507800657926976484e-01 1.117775483518487212e-01 8.292029491446614720e-02 6.811268858014034311e-02 3.532431300106676081e-02 9.057214561007829665e-03 -2.058132951221902304e-02
2.675151409825342330e-02 5.901484475770529120e-02 8.095693378597416945e-02 1.287822312889054521e-01 1.507800657926976484e-01 1.805655097854186875e-01 1.464932773758500506e-01 1.123520949559860815e-01 9.573062040222737878e-02 5.934696077204154596e-02 3.866023286360896483e-02 8.512066320614807696e-03
-3.927526230794006930e-04 3.191497662191082607e-02 5.540812307907855977e-02 9.236356478146368065e-02 1.117775483518487212e-01 1.464932773758500506e-01 1.438475504563629381e-01 1.253142289313013136e-01 1.152633886025134502e-01 7.529054060142043037e-02 5.753003474460310906e-02 3.183314926449678367e-02
-2.903440287954468790e-02 2.432974710689113969e-03 3.243445299652730068e-02 6.689248133952725717e-02 8.292029491446614720e-02 1.123520949559860815e-01 1.253142289313013136e-01 1.356176228041101606e-01 1.425289438007751042e-01 9.871755091990613851e-02 8.090748217033973122e-02 5.588051722803586557e-02
-6.192006608373536169e-02 -2.994423285369130633e-02 9.595574366115340245e-03 4.836789616026326150e-02 6.811268858014034311e-02 9.573062040222737878e-02 1.152633886025134502e-01 1.425289438007751042e-01 1.772846786863944146e-01 1.347020824870271971e-01 1.196617602738598851e-01 8.952421891509665386e-02
-8.120676932268829085e-02 -5.472838826346110297e-02 -1.910150465145674450e-02 1.156697331720041300e-02 3.532431300106676081e-02 5.934696077204154596e-02 7.529054060142043037e-02 9.871755091990613851e-02 1.347020824870271971e-01 1.263193576130379747e-01 1.347114015304755053e-01 1.095770205351637716e-01
-1.271451817281032959e-01 -9.304160977173456248e-02 -5.209072196395347215e-02 -2.447401216755892839e-02 9.057214561007829665e-03 3.866023286360896483e-02 5.753003474460310906e-02 8.090748217033973122e-02 1.196617602738598851e-01 1.347114015304755053e-01 1.834676624203904205e-01 1.666756443186648284e-01
-1.660879787237592997e-01 -1.255636485567832028e-01 -7.717150177700343727e-02 -5.482507628911460762e-02 -2.058132951221902304e-02 8.512066320614807696e-03 3.183314926449678367e-02 5.588051722803586557e-02 8.952421891509665386e-02 1.095770205351637716e-01 1.666756443186648284e-01 1.919247474168184753e-01
1.696440959410029092e-01 1.484517677040712025e-01 1.147489581202642273e-01 7.910816970298928386e-02 4.146613794221384180e-02 5.670196944913922024e-03 -2.793920929619856525e-02 -5.311538129748601123e-02 -5.808302337949888122e-02 -8.925262526898547488e-02 -1.239673019313699831e-01 -1.455435447427396722e-01
1.484517677040712025e-01 1.613651396817932515e-01 1.477229252027613404e-01 1.187222127970465335e-01 7.696614913958199633e-02 4.128454347976426297e-02 7.308154592593567832e-03 -2.069674639268837685e-02 -3.491408129043369057e-02 -6.139146573619617964e-02 -8.743277473750012130e-02 -1.104310318092610460e-01
1.147489581202642273e-01 1.477229252027613404e-01 1.841928914085159130e-01 1.852539160948928620e-01 1.234179532991136752e-01 8.051364885560546858e-02 4.854321456170833382e-02 2.118775258249496959e-02 -4.967380269410599271e-03 -2.999787562427137094e-02 -5.389515907269396000e-02 -7.659159547827813774e-02
7.910816970298928386e-02 1.187222127970465335e-01 1.852539160948928620e-01 2.752494159280376440e-01 1.904555638493310721e-01 1.242427207510519854e-01 8.777203495922092369e-02 6.256632108096810141e-02 2.828869418035009214e-02 8.598004089119279034e-03 -1.384319281663769739e-02 -4.184465532120619502e-02
4.146613794221384180e-02 7.696614913958199633e-02 1.234179532991136752e-01 1.904555638493310721e-01 1.859928589832542667e-01 1.435888875398131648e-01 1.115122332156914531e-01 8.681886444272542136e-02 4.874539206340093578e-02 3.648017466852773727e-02 2.189670508340023358e-02 -6.097696230985789195e-03
5.670196944913922024e-03 4.128454347976426297e-02 8.051364885560546858e-02 1.242427207510519854e-01 1.435888875398131648e-01 1.491552885292443675e-01 1.362289081422857207e-01 1.147325535987331613e-01 6.806112237596947945e-02 5.742378449420419695e-02 4.767678193972250955e-02 2.419671392046713471e-02
-2.793920929619856525e-02 7.308154592593567832e-03 4.854321456170833382e-02 8.777203495922092369e-02 1.115122332156914531e-01 1.362289081422857207e-01 1.504791753654825537e-01 1.392556105816123990e-01 8.710118716027898111e-02 7.830244432589648917e-02 7.099365601746812637e-02 5.071610919351490776e-02
-5.311538129748601123e-02 -2.069674639268837685e-02 2.118775258249496959e-02 6.256632108096810141e-02 8.681886444272542136e-02 1.147325535987331613e-01 1.392556105816123990e-01 1.444921093708542437e-01 9.804097587764401545e-02 9.647376801987753159e-02 9.267374780291229297e-02 7.151380278386125500e-02
-5.808302337949888122e-02 -3.491408129043369057e-02 -4.967380269410599271e-03 2.828869418035009214e-02 4.874539206340093578e-02 6.806112237596947945e-02 8.710118716027898111e-02 9.804097587764401545e-02 7.844605497326531673e-02 9.165641330552944110e-02 9.671467232935963831e-02 7.470353766168931486e-02
-8.925262526898547488e-02 -6.139146573619617964e-02 -2.999787562427137094e-02 8.598004089119279034e-03 3.648017466852773727e-02 5.742378449420419695e-02 7.830244432589648917e-02 9.647376801987753159e-02 9.165641330552944110e-02 1.313220264093732936e-01 1.531118031901184395e-01 1.174945806134380377e-01
-1.239673019313699831e-01 -8.743277473750012130e-02 -5.389515907269396000e-02 -1.384319281663769739e-02 2.189670508340023358e-02 4.767678193972250955e-02 7.099365601746812637e-02 9.267374780291229297e-02 9.671467232935963831e-02 1.531118031901184395e-01 2.041943506596771707e-01 1.641118641527359867e-01
-1.455435447427396722e-01 -1.104310318092610460e-01 -7.659159547827813774e-02 -4.184465532120619502e-02 -6.097696230985789195e-03 2.419671392046713471e-02 5.071610919351490776e-02 7.151380278386125500e-02 7.470353766168931486e-02 1.174945806134380377e-01 1.641118641527359867e-01 1.654665927495010957e-01
1.638972564952374533e-01 1.412182370090080685e-01 1.113049321943103409e-01 8.231336809665069920e-02 6.230187402447304873e-02 3.331649318526671427e-02 8.742705673144477579e-03 -2.057839985243739567e-02 -5.323475862375658813e-02 -7.888430672262594645e-02 -1.181201520650577430e-01 -1.643307811584563127e-01
1.412182370090080685e-01 1.546289250852190822e-01 1.379810937288747930e-01 1.100485151430770775e-01 8.972406451948169992e-02 5.821364600483489721e-02 3.742069869457827214e-02 1.267451576947296009e-02 -2.166370863953769738e-02 -5.075346316482470116e-02 -8.226648195433797217e-02 -1.192878709736599485e-01
1.113049321943103409e-01 1.379810937288747930e-01 1.486359453935219843e-01 1.361077633525436537e-01 1.199205617853874306e-01 8.016504704407292903e-02 5.897688250407992494e-02 3.950156518074533774e-02 8.579567432664065782e-03 -2.387272959755168400e-02 -5.459113886057571918e-02 -8.620389600378361439e-02
8.231336809665069920e-02 1.100485151430770775e-01 1.361077633525436537e-01 1.603681240521732110e-01 1.629468803510911168e-01 1.101769723374892984e-01 8.192915579754932176e-02 6.360806903241068844e-02 3.797662156581840115e-02 5.476641731821771560e-03 -2.590717767425609191e-02 -5.790218980089625878e-02
6.230187402447304873e-02 8.972406451948169992e-02 1.199205617853874306e-01 1.629468803510911168e-01 2.039230738933317522e-01 1.467128385841406368e-01 1.123704719348015413e-01 9.160945109325914493e-02 6.704365187159211370e-02 3.463923020808164915e-02 3.229705746388073558e-03 -3.320263379615145949e-02
3.331649318526671427e-02 5.821364600483489721e-02 8.016504704407292903e-02 1.101769723374892984e-01 1.467128385841406368e-01 1.259098996557267980e-01 1.117788906632101176e-01 1.015682707122832762e-01 8.030714257206671147e-02 5.061358810295928101e-02 2.678522193759526326e-02 -2.983540423970937154e-03
8.742705673144477579e-03 3.742069869457827214e-02 5.897688250407992494e-02 8.192915579754932176e-02 1.123704719348015413e-01 1.117788906632101176e-01 1.258792202173976693e-01 1.346734334071668371e-01 1.149255594308021683e-01 7.638880009710843910e-02 5.218919116042666784e-02 2.582023327400299190e-02
-2.057839985243739567e-02 1.267451576947296009e-02 3.950156518074533774e-02 6.360806903241068844e-02 9.160945109325914493e-02 1.015682707122832762e-01 1.346734334071668371e-01 1.775744628733782471e-01 1.684376139806520456e-01 1.151397492847741066e-01 8.372294337091437666e-02 5.805776078333558382e-02
-5.323475862375658813e-02 -2.166370863953769738e-02 8.579567432664065782e-03 3.797662156581840115e-02 6.704365187159211370e-02 8.030714257206671147e-02 1.149255594308021683e-01 1.684376139806520456e-01 1.958300078049844961e-01 1.486753803675827101e-01 1.162740316175192301e-01 9.012009893548715567e-02
-7.888430672262594645e-02 -5.075346316482470116e-02 -2.387272959755168400e-02 5.476641731821771560e-03 3.463923020808164915e-02 5.061358810295928101e-02 7.638880009710843910e-02 1.151397492847741066e-01 1.486753803675827101e-01 1.469544089272115106e-01 1.395174244444440936e-01 1.193379463610084873e-01
-1.181201520650577430e-01 -8.226648195433797217e-02 -5.459113886057571918e-02 -2.590717767425609191e-02 3.229705746388073558e-03 2.678522193759526326e-02 5.218919116042666784e-02 8.372294337091437666e-02 1.162740316175192301e-01 1.395174244444440936e-01 1.761623616500504474e-01 1.737898147514417291e-01
-1.643307811584563127e-01 -1.192878709736599485e-01 -8.620389600378361439e-02 -5.790218980089625878e-02 -3.320263379615145949e-02 -2.983540423970937154e-03 2.582023327400299190e-02 5.805776078333558382e-02 9.012009893548715567e-02 1.193379463610084873e-01 1.737898147514417291e-01 2.202363139517668489e-01
1.554877763060436568e-01 1.582967313742374704e-01 9.326006206655564068e-02 7.776496232891574878e-02 4.050726312615539337e-02 1.683519457941380984e-02 -1.540286681323328744e-02 -3.863359869103023120e-02 -5.122197034799916976e-02 -8.887530480995345372e-02 -9.632675524604047967e-02 -1.252994079404033678e-01
1.582967313742374704e-01 1.769550916864964796e-01 1.147251753066453883e-01 1.118691158806310454e-01 6.366519998417446979e-02 4.135073144874096968e-02 8.290406193385797123e-03 -2.163636552573828045e-02 -3.978098467350363321e-02 -7.453888515749741706e-02 -8.534257344067198991e-02 -1.190337467432280028e-01
9.326006206655564068e-02 1.147251753066453883e-01 1.070707753493140846e-01 1.560335010629997909e-01 8.664418668914500299e-02 6.023595665481467493e-02 3.580536132426415108e-02 9.403070274218307267e-03 -1.192504529319517517e-02 -3.648629458907878820e-02 -4.693798016660305494e-02 -6.791551123421998848e-02
7.776496232891574878e-02 1.118691158806310454e-01 1.560335010629997909e-01 3.208355090580260471e-01 1.750361609558656051e-01 1.191079192924613395e-01 8.572519342607937132e-02 5.012584375423206895e-02 1.526438387941779495e-02 -9.639759280704722835e-03 -2.960973566638104224e-02 -5.231905566701623017e-02
4.050726312615539337e-02 6.366519998417446979e-02 8.664418668914500299e-02 1.750361609558656051e-01 1.270683037073363497e-01 1.214364549335766180e-01 1.043396775219539441e-01 6.699072618679142999e-02 3.326353468353712706e-02 2.235423479013237333e-02 1.611466767001076134e-03 -1.935912712233734539e-02
1.683519457941380984e-02 4.135073144874096968e-02 6.023595665481467493e-02 1.191079192924613395e-01 1.214364549335766180e-01 1.797260821738631276e-01 1.809790971797676229e-01 1.188686602359142613e-01 6.389089832032304739e-02 5.700733041017028851e-02 3.073978565513551045e-02 7.003847537717612301e-03
-1.540286681323328744e-02 8.290406193385797123e-03 3.580536132426415108e-02 8.572519342607937132e-02 1.043396775219539441e-01 1.809790971797676229e-01 2.179982716983121238e-01 1.523856996993190882e-01 8.647943411519029566e-02 8.421546697107135104e-02 5.565512196148393598e-02 3.505514968885863752e-02
-3.863359869103023120e-02 -2.163636552573828045e-02 9.403070274218307267e-03 5.012584375423206895e-02 6.699072618679142999e-02 1.188686602359142613e-01 1.523856996993190882e-01 1.286427598573254283e-01 8.975197184822046592e-02 1.065153221559765329e-01 7.430103735134419018e-02 5.319560503399907436e-02
-5.122197034799916976e-02 -3.978098467350363321e-02 -1.192504529319517517e-02 1.526438387941779495e-02 3.326353468353712706e-02 6.389089832032304739e-02 8.647943411519029566e-02 8.975197184822046592e-02 8.922975747975181449e-02 1.336878331559112065e-01 9.512767938633547027e-02 6.658866562177509496e-02
-8.887530480995345372e-02 -7.453888515749741706e-02 -3.648629458907878820e-02 -9.639759280704722835e-03 2.235423479013237333e-02 5.700733041017028851e-02 8.421546697107135104e-02 1.065153221559765329e-01 1.336878331559112065e-01 2.342379847778863766e-01 1.700339900303830531e-01 1.166781745762162648e-01
-9.632675524604047967e-02 -8.534257344067198991e-02 -4.693798016660305494e-02 -2.960973566638104224e-02 1.611466767001076134e-03 3.073978565513551045e-02 5.565512196148393598e-02 7.430103735134419018e-02 9.512767938633547027e-02 1.700339900303830531e-01 1.418209432663934400e-01 1.125800137162228931e-01
-1.252994079404033678e-01 -1.190337467432280028e-01 -6.791551123421998848e-02 -5.231905566701623017e-02 -1.935912712233734539e-02 7.003847537717612301e-03 3.505514968885863752e-02 5.319560503399907436e-02 6.658866562177509496e-02 1.166781745762162648e-01 1.125800137162228931e-01 1.209267446392504330e-01
1.604459856169937748e-01 1.568976403671329956e-01 1.184869985564749872e-01 6.490816999729560888e-02 4.364363962339640884e-02 1.862713185834894911e-02 -5.703216666446639729e-03 -2.821042312358373536e-02 -4.809382479896885665e-02 -7.470509442740051742e-02 -1.216519524926069490e-01 -1.627143214049624753e-01
1.568976403671329956e-01 2.103605704748770233e-01 1.765224556894567365e-01 1.023373940936745663e-01 7.945052472402031052e-02 5.261016296231033063e-02 2.857882073631686642e-02 3.698262933539469589e-03 -2.273277893408857248e-02 -5.251223984768957354e-02 -9.251270417430576543e-02 -1.276611947787140156e-01
1.184869985564749872e-01 1.765224556894567365e-01 1.831277417247935413e-01 1.227584885367938028e-01 1.115426750192618360e-01 8.376337365437533378e-02 6.107107959026237404e-02 3.979241807919525753e-02 1.255930828774534658e-02 -1.910457127532198471e-02 -5.751063112232543406e-02 -9.017749646153996879e-02
6.490816999729560888e-02 1.023373940936745663e-01 1.227584885367938028e-01 1.111191794862967375e-01 1.291793733605975658e-01 1.057780591538282911e-01 7.992477619284704682e-02 6.088669050201779565e-02 3.924808347579333140e-02 1.501298880063267442e-02 -1.344154333165753154e-02 -4.311326527694121086e-02
4.364363962339640884e-02 7.945052472402031052e-02 1.115426750192618360e-01 1.291793733605975658e-01 1.900850815960623830e-01 1.683538953775797764e-01 1.270133750719876220e-01 9.754017146278112782e-02 7.146441084597462967e-02 4.682039208965527166e-02 2.051971114652213421e-02 -1.529281424455523550e-02
1.862713185834894911e-02 5.261016296231033063e-02 8.376337365437533378e-02 1.057780591538282911e-01 1.683538953775797764e-01 1.798851806546776233e-01 1.502987792611801543e-01 1.178895963523246271e-01 8.707894514876193814e-02 6.263744277346758316e-02 4.267988342020970910e-02 1.214272227206125536e-02
-5.703216666446639729e-03 2.857882073631686642e-02 6.107107959026237404e-02 7.992477619284704682e-02 1.270133750719876220e-01 1.502987792611801543e-01 1.630940041537875529e-01 1.439687364179798867e-01 1.097529416200258012e-01 8.131520644620363059e-02 6.278980470173209372e-02 3.674967284074354135e-02
-2.821042312358373536e-02 3.698262933539469589e-03 3.979241807919525753e-02 6.088669050201779565e-02 9.754017146278112782e-02 1.178895963523246271e-01 1.439687364179798867e-01 1.521061866679354613e-01 1.258020033222959633e-01 9.886441309576378400e-02 8.245626336345504570e-02 5.820634237344428363e-02
-4.809382479896885665e-02 -2.273277893408857248e-02 1.255930828774534658e-02 3.924808347579333140e-02 7.146441084597462967e-02 8.707894514876193814e-02 1.097529416200258012e-01 1.258020033222959633e-01 1.185761723636321180e-01 1.048321091004858485e-01 9.888281618040557774e-02 7.778740058320554596e-02
-7.470509442740051742e-02 -5.251223984768957354e-02 -1.910457127532198471e-02 1.501298880063267442e-02 4.682039208965527166e-02 6.263744277346758316e-02 8.131520644620363059e-02 9.886441309576378400e-02 1.048321091004858485e-01 1.136789860068041780e-01 1.294521719148933325e-01 1.131638851784480954e-01
-1.216519524926069490e-01 -9.251270417430576543e-02 -5.751063112232543406e-02 -1.344154333165753154e-02 2.051971114652213421e-02 4.267988342020970910e-02 6.278980470173209372e-02 8.245626336345504570e-02 9.888281618040557774e-02 1.294521719148933325e-01 1.877899025556561963e-01 1.845993384183573505e-01
-1.627143214049624753e-01 -1.276611947787140156e-01 -9.017749646153996879e-02 -4.311326527694121086e-02 -1.529281424455523550e-02 1.214272227206125536e-02 3.674967284074354135e-02 5.820634237344428363e-02 7.778740058320554596e-02 1.131638851784480954e-01 1.845993384183573505e-01 2.297310086984836741e-01
1.443423031520628952e-01 1.584304839535349008e-01 1.183664524615965497e-01 7.992643907335512943e-02 4.851763071128877003e-02 8.699772187957841713e-03 -2.264458663367035357e-02 -4.435536303759791271e-02 -6.256920216069036811e-02 -8.709396541534650260e-02 -9.404981564628642210e-02 -1.187574263606291092e-01
1.584304839535349008e-01 2.185211813414891513e-01 1.797995011463722204e-01 1.245477626291762868e-01 8.794902965992065780e-02 4.667569634411083968e-02 8.805543312951972373e-03 -1.963792111908962273e-02 -4.323768616866192904e-02 -6.898831121108139897e-02 -8.124878324728576628e-02 -1.133077586696347450e-01
1.183664524615965497e-01 1.797995011463722204e-01 2.019489779520405315e-01 1.625439270139369397e-01 1.245380675735587028e-01 8.190382215198672988e-02 4.502231632369532721e-02 1.713723987863747036e-02 -9.461728344520312431e-03 -3.688790631998495329e-02 -5.375275327330546193e-02 -8.100190510758044360e-02
7.992643907335512943e-02 1.245477626291762868e-01 1.625439270139369397e-01 1.811496143574651552e-01 1.658958613816270411e-01 1.185533645693091498e-01 7.599917056831874407e-02 4.904616342566849030e-02 2.459199766972830492e-02 -2.420064577560673315e-04 -2.412477900607112521e-02 -5.052528088638441606e-02
4.851763071128877003e-02 8.794902965992065780e-02 1.245380675735587028e-01 1.658958613816270411e-01 2.067763922051288339e-01 1.701368819126720666e-01 1.158703902654460438e-01 8.277898840782008105e-02 5.841756818878655888e-02 3.913466969614086410e-02 1.008315970958610468e-02 -1.781648672613576900e-02
8.699772187957841713e-03 4.667569634411083968e-02 8.190382215198672988e-02 1.185533645693091498e-01 1.701368819126720666e-01 1.865964162937603643e-01 1.458314900594778474e-01 1.125114907860467750e-01 8.614042305106373032e-02 7.083581473239022874e-02 4.256522338423987528e-02 1.995212080602605173e-02
-2.264458663367035357e-02 8.805543312951972373e-03 4.502231632369532721e-02 7.599917056831874407e-02 1.158703902654460438e-01 1.458314900594778474e-01 1.427558970080737843e-01 1.262064319643836641e-01 1.046712038547146506e-01 9.089601456795237677e-02 6.168892860110503085e-02 4.452400767294556472e-02
-4.435536303759791271e-02 -1.963792111908962273e-02 1.713723987863747036e-02 4.904616342566849030e-02 8.277898840782008105e-02 1.125114907860467750e-01 1.262064319643836641e-01 1.359190812438901552e-01 1.285834768252613336e-01 1.190228687811872438e-01 8.145106364359321061e-02 6.284925261817175812e-02
-6.256920216069036811e-02 -4.323768616866192904e-02 -9.461728344520312431e-03 2.459199766972830492e-02 5.841756818878655888e-02 8.614042305106373032e-02 1.046712038547146506e-01 1.285834768252613336e-01 1.502437512049414337e-01 1.560260592172291738e-01 1.075187844539159110e-01 8.234623863867734928e-02
-8.709396541534650260e-02 -6.898831121108139897e-02 -3.688790631998495329e-02 -2.420064577560673315e-04 3.913466969614086410e-02 7.083581473239022874e-02 9.089601456795237677e-02 1.190228687811872438e-01 1.560260592172291738e-01 1.922844342644239868e-01 1.404476388437699286e-01 1.107343578361822123e-01
-9.404981564628642210e-02 -8.124878324728576628e-02 -5.375275327330546193e-02 -2.412477900607112521e-02 1.008315970958610468e-02 4.256522338423987528e-02 6.168892860110503085e-02 8.145106364359321061e-02 1.075187844539159110e-01 1.404476388437699286e-01 1.205664468604103895e-01 1.084628760514474433e-01
-1.187574263606291092e-01 -1.133077586696347450e-01 -8.100190510758044360e-02 -5.052528088638441606e-02 -1.781648672613576900e-02 1.995212080602605173e-02 4.452400767294556472e-02 6.284925261817175812e-02 8.234623863867734928e-02 1.107343578361822123e-01 1.084628760514474433e-01 1.188955041163107795e-01
2.475244042398165589e-01 1.807120627211215580e-01 1.173790429251158618e-01 9.212888420429052316e-02 5.960637031970576066e-02 3.973759984117725130e-02 1.153974103832678538e-02 -1.436887522824869742e-02 -4.600829040008944798e-02 -7.969701470090173601e-02 -1.258620669039520745e-01 -1.741832300359732744e-01
1.807120627211215580e-01 1.718398779215673522e-01 1.298240491008329778e-01 1.131415411955159073e-01 7.969336317192973751e-02 6.312666978816963703e-02 3.502105992677041063e-02 2.030285373015305872e-02 -7.117924639285247435e-03 -4.258719890227915389e-02 -8.162696681972859969e-02 -1.179513511660388869e-01
1.173790429251158618e-01 1.298240491008329778e-01 1.295052457604859708e-01 1.352348061700521242e-01 1.023077219455540698e-01 8.444081717877083282e-02 5.185529813338442956e-02 4.381496476743698687e-02 2.332916332041098245e-02 -1.036138549986100402e-02 -4.613137359397854326e-02 -7.537128473191501143e-02
9.212888420429052316e-02 1.131415411955159073e-01 1.352348061700521242e-01 1.731105326022075452e-01 1.430265217075763484e-01 1.230133554663618151e-01 7.704876991148548737e-02 7.005675588670780274e-02 5.210199065183283851e-02 1.854278346646462405e-02 -1.845432449879176595e-02 -5.318439555878722025e-02
5.960637031970576066e-02 7.969336317192973751e-02 1.023077219455540698e-01 1.430265217075763484e-01 1.382059810697116586e-01 1.314656813457136808e-01 8.665575227926917978e-02 8.291912333068782170e-02 6.790506686658624724e-02 4.091773769785207737e-02 1.275359392212155329e-02 -2.241367958596955992e-02
3.973759984117725130e-02 6.312666978816963703e-02 8.444081717877083282e-02 1.230133554663618151e-01 1.314656813457136808e-01 1.447378742182856004e-01 1.047001760603227249e-01 1.091100280488412205e-01 9.378409603524245908e-02 6.475759697749752797e-02 4.004992053292845411e-02 1.961560202720260063e-03
1.153974103832678538e-02 3.502105992677041063e-02 5.185529813338442956e-02 7.704876991148548737e-02 8.665575227926917978e-02 1.047001760603227249e-01 9.121566736569747258e-02 1.123153739961721548e-01 1.036873000469415718e-01 7.273768313169148847e-02 5.177989153844483189e-02 2.173432422712978651e-02
-1.436887522824869742e-02 2.030285373015305872e-02 4.381496476743698687e-02 7.005675588670780274e-02 8.291912333068782170e-02 1.091100280488412205e-01 1.123153739961721548e-01 1.679719828202457799e-01 1.689814978993489647e-01 1.190415333793794495e-01 8.752911070970104124e-02 5.124894650837649029e-02
-4.600829040008944798e-02 -7.117924639285247435e-03 2.332916332041098245e-02 5.210199065183283851e-02 6.790506686658624724e-02 9.378409603524245908e-02 1.036873000469415718e-01 1.689814978993489647e-01 2.025057613283246238e-01 1.566872699608867769e-01 1.216391475691320223e-01 7.992223631633801895e-02
-7.969701470090173601e-02 -4.258719890227915389e-02 -1.036138549986100402e-02 1.854278346646462405e-02 4.091773769785207737e-02 6.475759697749752797e-02 7.273768313169148847e-02 1.190415333793794495e-01 1.566872699608867769e-01 1.640430379687523033e-01 1.549312631959723907e-01 1.121568265995578073e-01
-1.258620669039520745e-01 -8.162696681972859969e-02 -4.613137359397854326e-02 -1.845432449879176595e-02 1.275359392212155329e-02 4.004992053292845411e-02 5.177989153844483189e-02 8.752911070970104124e-02 1.216391475691320223e-01 1.549312631959723907e-01 1.923060644914598993e-01 1.592239348938128685e-01
-1.741832300359732744e-01 -1.179513511660388869e-01 -7.537128473191501143e-02 -5.318439555878722025e-02 -2.241367958596955992e-02 1.961560202720260063e-03 2.173432422712978651e-02 5.124894650837649029e-02 7.992223631633801895e-02 1.121568265995578073e-01 1.592239348938128685e-01 1.770335702134460121e-01
