2.981125866013023540e-01 2.440433446310630305e-01 1.354026940421323710e-01 2.703797407596609387e-02 -5.346081161960485051e-02 -8.059662775719114713e-02 -5.506792055252346385e-02 2.755515280963186792e-02 1.341530043470082201e-01 2.376484089232168695e-01
2.440433446310630305e-01 3.270351411306240408e-01 2.429117113203635991e-01 1.386626065127344321e-01 3.490589137054391639e-02 -4.655307406693163369e-02 -8.334211744107700159e-02 -5.789856433591187429e-02 2.588351140478903009e-02 1.382078547735536567e-01
1.354026940421323710e-01 2.429117113203635991e-01 2.944215019675735512e-01 2.326110710169647100e-01 1.404106110690002407e-01 4.224719851299580525e-02 -4.271137390428630248e-02 -8.022702948610459239e-02 -5.660302745761004728e-02 2.483520898047076805e-02
2.703797407596609387e-02 1.386626065127344321e-01 2.326110710169647100e-01 2.887374182823542190e-01 2.336707968897266396e-01 1.418575668033434378e-01 4.347900289216571901e-02 -4.468730901126477528e-02 -8.315015727394542422e-02 -5.918767509224413803e-02
-5.346081161960485051e-02 3.490589137054391639e-02 1.404106110690002407e-01 2.336707968897266396e-01 2.919349624948885946e-01 2.306040571851060150e-01 1.421329892749733093e-01 3.698660850817961365e-02 -5.216070305106150495e-02 -8.682459221497462742e-02
-8.059662775719114713e-02 -4.655307406693163369e-02 4.224719851299580525e-02 1.418575668033434378e-01 2.306040571851060150e-01 2.789622327774897159e-01 2.329995016924166218e-01 1.378263814073496796e-01 3.095277731362509194e-02 -5.412329363186650644e-02
-5.506792055252346385e-02 -8.334211744107700159e-02 -4.271137390428630248e-02 4.347900289216571901e-02 1.421329892749733093e-01 2.329995016924166218e-01 3.050474793972481891e-01 2.416622990104401736e-01 1.391172527097497558e-01 2.939725872125855885e-02
2.755515280963186792e-02 -5.789856433591187429e-02 -8.022702948610459239e-02 -4.468730901126477528e-02 3.698660850817961365e-02 1.378263814073496796e-01 2.416622990104401736e-01 3.078918851369855103e-01 2.401291312739818329e-01 1.383309708997517151e-01
1.341530043470082201e-01 2.588351140478903009e-02 -5.660302745761004728e-02 -8.315015727394542422e-02 -5.216070305106150495e-02 3.095277731362509194e-02 1.391172527097497558e-01 2.401291312739818329e-01 3.005729427359319361e-01 2.386850348087746765e-01
2.376484089232168695e-01 1.382078547735536567e-01 2.483520898047076805e-02 -5.918767509224413803e-02 -8.682459221497462742e-02 -5.412329363186650644e-02 2.939725872125855885e-02 1.383309708997517151e-01 2.386850348087746765e-01 3.072838494755989469e-01
2.691500624527338736e-01 2.226254589230214631e-01 1.412846346071549575e-01 3.781971304036317594e-02 -5.151529360183167844e-02 -8.673241614340000682e-02 -5.191389172606682839e-02 3.528671452746139081e-02 1.407712128725170098e-01 2.286940335824278470e-01
2.226254589230214631e-01 2.850994966143887144e-01 2.436070324330752990e-01 1.426317673367052674e-01 2.859523872867857086e-02 -5.834133163837221941e-02 -8.176643147096945841e-02 -4.876711456446974902e-02 3.735701564877488834e-02 1.356251832345381492e-01
1.412846346071549575e-01 2.436070324330752990e-01 3.264232629882580783e-01 2.450107990558411941e-01 1.333624706906240132e-01 2.389033814804324141e-02 -5.536559632832955408e-02 -8.331746791412961151e-02 -4.732168175887410677e-02 3.878623767926678984e-02
3.781971304036317594e-02 1.426317673367052674e-01 2.450107990558411941e-01 2.988382380285881101e-01 2.309698640616946741e-01 1.364174971440210715e-01 3.183299697101350800e-02 -5.155690958029079257e-02 -7.944508373138012280e-02 -4.630085841424018411e-02
-5.151529360183167844e-02 2.859523872867857086e-02 1.333624706906240132e-01 2.309698640616946741e-01 2.908509798980866701e-01 2.430341096998423489e-01 1.405802883616114607e-01 3.459806425032648652e-02 -5.211809028990803394e-02 -8.245403555397397277e-02
-8.673241614340000682e-02 -5.834133163837221941e-02 2.389033814804324141e-02 1.364174971440210715e-01 2.430341096998423489e-01 3.255939899656189462e-01 2.405052228442524087e-01 1.392067208846482218e-01 2.672273757549291362e-02 -5.878156789845695451e-02
-5.191389172606682839e-02 -8.176643147096945841e-02 -5.536559632832955408e-02 3.183299697101350800e-02 1.405802883616114607e-01 2.405052228442524087e-01 2.811135560508307707e-01 2.296691366479692298e-01 1.312608232059343516e-01 2.797992303685813142e-02
3.528671452746139081e-02 -4.876711456446974902e-02 -8.331746791412961151e-02 -5.155690958029079257e-02 3.459806425032648652e-02 1.392067208846482218e-01 2.296691366479692298e-01 3.029683453588741804e-01 2.426231618514935462e-01 1.436401789930944473e-01
1.407712128725170098e-01 3.735701564877488834e-02 -4.732168175887410677e-02 -7.944508373138012280e-02 -5.211809028990803394e-02 2.672273757549291362e-02 1.312608232059343516e-01 2.426231618514935462e-01 3.159902087353670952e-01 2.465885408211615504e-01
2.286940335824278470e-01 1.356251832345381492e-01 3.878623767926678984e-02 -4.630085841424018411e-02 -8.245403555397397277e-02 -5.878156789845695451e-02 2.797992303685813142e-02 1.436401789930944473e-01 2.465885408211615504e-01 3.039718599072559480e-01
3.115757837823387444e-01 2.371394306047976408e-01 1.404447901036579571e-01 3.651930981538685506e-02 -4.955040034862247256e-02 -8.314192328704948787e-02 -5.576988083784781974e-02 3.026228626816255055e-02 1.409418907615507255e-01 2.400265038289417507e-01
2.371394306047976408e-01 2.840407895213490908e-01 2.296299859658312292e-01 1.379357389675271439e-01 3.559522997723452153e-02 -5.065096915776786529e-02 -8.401090126225629895e-02 -5.150907890607696327e-02 3.435567518711300089e-02 1.395728160287491582e-01
1.404447901036579571e-01 2.296299859658312292e-01 2.904872488782551665e-01 2.369471410154000979e-01 1.416479224259260539e-01 3.222266296481235415e-02 -5.485958607860397240e-02 -8.270448322751466907e-02 -5.034865233892354963e-02 3.661401358234871867e-02
3.651930981538685506e-02 1.379357389675271439e-01 2.369471410154000979e-01 3.047391283253024219e-01 2.421940323132072415e-01 1.373770229774160800e-01 2.810384028254468355e-02 -5.542950422163896163e-02 -8.399284159305739350e-02 -4.820610257263752141e-02
-4.955040034862247256e-02 3.559522997723452153e-02 1.416479224259260539e-01 2.421940323132072415e-01 3.074683272104415388e-01 2.367649368478895178e-01 1.370055692900637723e-01 2.861775394094407884e-02 -5.510025949018498848e-02 -8.123335092361248788e-02
-8.314192328704948787e-02 -5.065096915776786529e-02 3.222266296481235415e-02 1.373770229774160800e-01 2.367649368478895178e-01 2.942135989887861847e-01 2.388296014974901627e-01 1.371294263402109692e-01 3.146472570972867755e-02 -5.232763290891540020e-02
-5.576988083784781974e-02 -8.401090126225629895e-02 -5.485958607860397240e-02 2.810384028254468355e-02 1.370055692900637723e-01 2.388296014974901627e-01 3.132199793007733879e-01 2.407524940063436036e-01 1.411244017497715053e-01 3.025610477604374904e-02
3.026228626816255055e-02 -5.150907890607696327e-02 -8.270448322751466907e-02 -5.542950422163896163e-02 2.861775394094407884e-02 1.371294263402109692e-01 2.407524940063436036e-01 2.954867253008178762e-01 2.374033975507874594e-01 1.343841505008440129e-01
1.409418907615507255e-01 3.435567518711300089e-02 -5.034865233892354963e-02 -8.399284159305739350e-02 -5.510025949018498848e-02 3.146472570972867755e-02 1.411244017497715053e-01 2.374033975507874594e-01 3.059000092371555457e-01 2.362917817186227509e-01
2.400265038289417507e-01 1.395728160287491582e-01 3.661401358234871867e-02 -4.820610257263752141e-02 -8.123335092361248788e-02 -5.232763290891540020e-02 3.025610477604374904e-02 1.343841505008440129e-01 2.362917817186227509e-01 2.928684094547833738e-01
2.857704523576436451e-01 2.323848378796845027e-01 1.367202750949642887e-01 3.498012017863939144e-02 -4.892498842629836031e-02 -8.244943992886762107e-02 -5.880547238625308260e-02 2.324200206289642884e-02 1.360115615063421934e-01 2.395273466918196315e-01
2.323848378796845027e-01 3.029052001047639608e-01 2.402524933474837476e-01 1.432289086826033786e-01 3.571305922388544329e-02 -5.034380236249365315e-02 -8.573670100728311705e-02 -5.994303190252216890e-02 2.486552586058028355e-02 1.359802169609989064e-01
1.367202750949642887e-01 2.402524933474837476e-01 3.016727096484075887e-01 2.386838519677726145e-01 1.384873860063799422e-01 3.526395208316663449e-02 -4.803919993635914765e-02 -8.184170879315472158e-02 -5.584707976873273111e-02 2.923384342090130927e-02
3.498012017863939144e-02 1.432289086826033786e-01 2.386838519677726145e-01 2.972740799243552279e-01 2.329927351452396045e-01 1.391547912263000897e-01 4.031111974077370569e-02 -4.399827316957209689e-02 -8.110846786273183395e-02 -5.326440618416277556e-02
-4.892498842629836031e-02 3.571305922388544329e-02 1.384873860063799422e-01 2.329927351452396045e-01 2.887671640519398064e-01 2.333383749457916267e-01 1.436309823700967214e-01 4.163897435376075207e-02 -4.797097241140556301e-02 -8.308836731528389252e-02
-8.244943992886762107e-02 -5.034380236249365315e-02 3.526395208316663449e-02 1.391547912263000897e-01 2.333383749457916267e-01 2.919613066555293845e-01 2.361585858985495445e-01 1.406623045362627999e-01 3.308164120777917772e-02 -5.544352513306628760e-02
-5.880547238625308260e-02 -8.573670100728311705e-02 -4.803919993635914765e-02 4.031111974077370569e-02 1.436309823700967214e-01 2.361585858985495445e-01 2.952027749826142133e-01 2.334564487069972494e-01 1.352205458542922734e-01 2.508210429667690616e-02
2.324200206289642884e-02 -5.994303190252216890e-02 -8.184170879315472158e-02 -4.399827316957209689e-02 4.163897435376075207e-02 1.406623045362627999e-01 2.334564487069972494e-01 2.928085026846406480e-01 2.383419298900741889e-01 1.372478397242741788e-01
1.360115615063421934e-01 2.486552586058028355e-02 -5.584707976873273111e-02 -8.110846786273183395e-02 -4.797097241140556301e-02 3.308164120777917772e-02 1.352205458542922734e-01 2.383419298900741889e-01 3.160346012502504021e-01 2.500755263862977085e-01
2.395273466918196315e-01 1.359802169609989064e-01 2.923384342090130927e-02 -5.326440618416277556e-02 -8.308836731528389252e-02 -5.544352513306628760e-02 2.508210429667690616e-02 1.372478397242741788e-01 2.500755263862977085e-01 3.276032083398532357e-01
3.181569906451915397e-01 2.278780563302459372e-01 1.393349040835543673e-01 3.922991788747461073e-02 -4.792618407117984342e-02 -8.663030141787231297e-02 -6.069759812167691004e-02 2.335953363407130765e-02 1.418728780054731298e-01 2.481425473603881271e-01
2.278780563302459372e-01 2.569099515754204588e-01 2.242186037378116337e-01 1.388789300091873291e-01 3.677077027750129401e-02 -5.047142406357982281e-02 -8.250974128903765248e-02 -5.517920341697774012e-02 2.928444103460731140e-02 1.354170605506753722e-01
1.393349040835543673e-01 2.242186037378116337e-01 3.026528408789046498e-01 2.451513504616466832e-01 1.427682250739171765e-01 3.064503648863527163e-02 -5.482526040551444907e-02 -8.545954173250525088e-02 -5.417244455897333999e-02 3.520137321959558585e-02
3.922991788747461073e-02 1.388789300091873291e-01 2.451513504616466832e-01 3.138975458305018340e-01 2.397738682414430889e-01 1.359683562604782070e-01 2.935618292514914629e-02 -5.238888670372353340e-02 -8.181120127332607017e-02 -4.628281548114228372e-02
-4.792618407117984342e-02 3.677077027750129401e-02 1.427682250739171765e-01 2.397738682414430889e-01 2.932185040358624706e-01 2.341154205336549998e-01 1.373540685382904636e-01 3.683084053525831347e-02 -4.718475434333312124e-02 -7.778619905394221212e-02
-8.663030141787231297e-02 -5.047142406357982281e-02 3.064503648863527163e-02 1.359683562604782070e-01 2.341154205336549998e-01 3.014456085434848998e-01 2.384485775644092920e-01 1.433027586548478172e-01 3.661351302219495452e-02 -5.353054303753307375e-02
-6.069759812167691004e-02 -8.250974128903765248e-02 -5.482526040551444907e-02 2.935618292514914629e-02 1.373540685382904636e-01 2.384485775644092920e-01 2.959212528722507951e-01 2.354084982314073593e-01 1.377043198551738956e-01 2.544246605343113143e-02
2.335953363407130765e-02 -5.517920341697774012e-02 -8.545954173250525088e-02 -5.238888670372353340e-02 3.683084053525831347e-02 1.433027586548478172e-01 2.354084982314073593e-01 2.927177410021365445e-01 2.362443212505540568e-01 1.320762912809614609e-01
1.418728780054731298e-01 2.928444103460731140e-02 -5.417244455897333999e-02 -8.181120127332607017e-02 -4.718475434333312124e-02 3.661351302219495452e-02 1.377043198551738956e-01 2.362443212505540568e-01 3.116463739959525192e-01 2.439313558921448466e-01
2.481425473603881271e-01 1.354170605506753722e-01 3.520137321959558585e-02 -4.628281548114228372e-02 -7.778619905394221212e-02 -5.353054303753307375e-02 2.544246605343113143e-02 1.320762912809614609e-01 2.439313558921448466e-01 3.134331906202991735e-01
2.838399613874436067e-01 2.350912138110293204e-01 1.352638782337397261e-01 3.124372321906062136e-02 -5.175042182823078735e-02 -8.110128990568549190e-02 -5.379491945188601132e-02 3.129394033681806575e-02 1.389603643802624355e-01 2.356694172356754158e-01
2.350912138110293204e-01 3.128229841052646010e-01 2.408685337774472690e-01 1.420107492368766211e-01 3.140800576886479401e-02 -5.419328081378507050e-02 -8.693720687006441239e-02 -5.349515210609468580e-02 3.132341172486526049e-02 1.383948521328076109e-01
1.352638782337397261e-01 2.408685337774472690e-01 2.972498816707350722e-01 2.394558389216145944e-01 1.368311584817787363e-01 3.125412199935048707e-02 -5.181714254597594160e-02 -7.957198277891830429e-02 -5.270204882249378275e-02 3.006088024988712651e-02
3.124372321906062136e-02 1.420107492368766211e-01 2.394558389216145944e-01 3.074271278635479221e-01 2.372094722126507349e-01 1.378773710967781396e-01 3.577161492597798198e-02 -4.781081123915567610e-02 -8.372962152699819915e-02 -5.534699839404331329e-02
-5.175042182823078735e-02 3.140800576886479401e-02 1.368311584817787363e-01 2.372094722126507349e-01 2.941285563129861225e-01 2.336039651232321712e-01 1.425918037748721001e-01 3.694210178266560396e-02 -5.082384606840466279e-02 -8.351038020549804430e-02
-8.110128990568549190e-02 -5.419328081378507050e-02 3.125412199935048707e-02 1.378773710967781396e-01 2.336039651232321712e-01 2.906298938266375087e-01 2.390621756770047179e-01 1.381620218833113367e-01 3.351515158186540999e-02 -5.151460409777796484e-02
-5.379491945188601132e-02 -8.693720687006441239e-02 -5.181714254597594160e-02 3.577161492597798198e-02 1.425918037748721001e-01 2.390621756770047179e-01 3.094276989713531378e-01 2.348861871692380365e-01 1.386667253586710835e-01 3.131019882563972762e-02
3.129394033681806575e-02 -5.349515210609468580e-02 -7.957198277891830429e-02 -4.781081123915567610e-02 3.694210178266560396e-02 1.381620218833113367e-01 2.348861871692380365e-01 2.831342693632601937e-01 2.347947906491952008e-01 1.383332055499255642e-01
1.389603643802624355e-01 3.132341172486526049e-02 -5.270204882249378275e-02 -8.372962152699819915e-02 -5.082384606840466279e-02 3.351515158186540999e-02 1.386667253586710835e-01 2.347947906491952008e-01 3.101207348355878857e-01 2.447503916993935269e-01
2.356694172356754158e-01 1.383948521328076109e-01 3.006088024988712651e-02 -5.534699839404331329e-02 -8.351038020549804430e-02 -5.151460409777796484e-02 3.131019882563972762e-02 1.383332055499255642e-01 2.447503916993935269e-01 3.112188916631824509e-01
3.057188059156706883e-01 2.388840342828993657e-01 1.344404630230183750e-01 2.091365536262568617e-02 -6.261726645693682647e-02 -8.262125858917537813e-02 -4.211711289343120224e-02 4.245136269912007376e-02 1.404098317230130510e-01 2.405999916300812780e-01
2.388840342828993657e-01 2.955985658466266930e-01 2.343264468947046653e-01 1.321360478495759438e-01 1.841741548539782558e-02 -6.231971417218981624e-02 -8.155759925816169487e-02 -4.385498203131130146e-02 4.183586170951340832e-02 1.449828049258418683e-01
1.344404630230183750e-01 2.343264468947046653e-01 3.066969479572521640e-01 2.485192886825224046e-01 1.364843477173164343e-01 1.989530095138894450e-02 -6.071358742541214243e-02 -8.359412512842162579e-02 -4.661529857365249996e-02 3.364190768151244237e-02
2.091365536262568617e-02 1.321360478495759438e-01 2.485192886825224046e-01 3.376102414826072096e-01 2.496786963521186453e-01 1.343950141698473377e-01 2.296949945572709581e-02 -5.643849441434694442e-02 -8.117475551553041124e-02 -5.717504267735967760e-02
-6.261726645693682647e-02 1.841741548539782558e-02 1.364843477173164343e-01 2.496786963521186453e-01 3.076982880404035003e-01 2.344496756461416642e-01 1.333845288814565488e-01 3.484496930114702046e-02 -4.501755867175422088e-02 -8.276175210355432577e-02
-8.262125858917537813e-02 -6.231971417218981624e-02 1.989530095138894450e-02 1.343950141698473377e-01 2.344496756461416642e-01 2.931648270498479758e-01 2.345498491766456195e-01 1.456047558225045668e-01 4.373394807169957155e-02 -4.234695435045290890e-02
-4.211711289343120224e-02 -8.155759925816169487e-02 -6.071358742541214243e-02 2.296949945572709581e-02 1.333845288814565488e-01 2.345498491766456195e-01 2.955717191806013777e-01 2.405792608856561210e-01 1.417224194858556774e-01 4.359255426962585500e-02
4.245136269912007376e-02 -4.385498203131130146e-02 -8.359412512842162579e-02 -5.643849441434694442e-02 3.484496930114702046e-02 1.456047558225045668e-01 2.405792608856561210e-01 3.012859224287114945e-01 2.274238360556020133e-01 1.401999551981140124e-01
1.404098317230130510e-01 4.183586170951340832e-02 -4.661529857365249996e-02 -8.117475551553041124e-02 -4.501755867175422088e-02 4.373394807169957155e-02 1.417224194858556774e-01 2.274238360556020133e-01 2.634315479660918613e-01 2.242258753973936924e-01
2.405999916300812780e-01 1.449828049258418683e-01 3.364190768151244237e-02 -5.717504267735967760e-02 -8.276175210355432577e-02 -4.234695435045290890e-02 4.359255426962585500e-02 1.401999551981140124e-01 2.242258753973936924e-01 2.932231341321856477e-01
3.154832844291337590e-01 2.415484464688724686e-01 1.352398880806764403e-01 2.829301816465698213e-02 -5.268163262840659666e-02 -8.077611198987055818e-02 -5.032001197159045869e-02 3.392183584809815855e-02 1.401978460681697070e-01 2.441299195751356621e-01
2.415484464688724686e-01 3.033395165102988900e-01 2.374488817489847081e-01 1.389273140984429444e-01 3.546332108094123192e-02 -4.925878850992092273e-02 -8.263208110602721090e-02 -5.278657590558857859e-02 2.889323716536578920e-02 1.372911331465857254e-01
1.352398880806764403e-01 2.374488817489847081e-01 2.998478437054439283e-01 2.379579354262867374e-01 1.412674104962972632e-01 3.520377783921901926e-02 -5.184229575663899803e-02 -8.336447704428068262e-02 -5.750217925589948958e-02 2.458697536042844453e-02
2.829301816465698213e-02 1.389273140984429444e-01 2.379579354262867374e-01 2.972992374870284671e-01 2.354562743772913580e-01 1.372564610202174351e-01 3.199018635579450875e-02 -5.218667986145733573e-02 -8.522975101591906411e-02 -5.788595524749728938e-02
-5.268163262840659666e-02 3.546332108094123192e-02 1.412674104962972632e-01 2.354562743772913580e-01 2.941334575739702473e-01 2.344713663603304188e-01 1.394490837573623965e-01 3.310992296533397938e-02 -5.103672323865522664e-02 -8.325557961155787001e-02
-8.077611198987055818e-02 -4.925878850992092273e-02 3.520377783921901926e-02 1.372564610202174351e-01 2.344713663603304188e-01 2.977188942040512876e-01 2.419355362341261695e-01 1.402737051923841904e-01 3.607821804242601627e-02 -4.851119898884122955e-02
-5.032001197159045869e-02 -8.263208110602721090e-02 -5.184229575663899803e-02 3.199018635579450875e-02 1.394490837573623965e-01 2.419355362341261695e-01 3.136754688634432742e-01 2.382958166120776045e-01 1.404130530175680680e-01 3.624138875508263469e-02
3.392183584809815855e-02 -5.278657590558857859e-02 -8.336447704428068262e-02 -5.218667986145733573e-02 3.310992296533397938e-02 1.402737051923841904e-01 2.382958166120776045e-01 2.851406200589428064e-01 2.291892377545809989e-01 1.371649736233213068e-01
1.401978460681697070e-01 2.889323716536578920e-02 -5.750217925589948958e-02 -8.522975101591906411e-02 -5.103672323865522664e-02 3.607821804242601627e-02 1.404130530175680680e-01 2.291892377545809989e-01 2.884349041449985052e-01 2.357055019304021837e-01
2.441299195751356621e-01 1.372911331465857254e-01 2.458697536042844453e-02 -5.788595524749728938e-02 -8.325557961155787001e-02 -4.851119898884122955e-02 3.624138875508263469e-02 1.371649736233213068e-01 2.357055019304021837e-01 3.049267730226857820e-01
3.081329466022195707e-01 2.374998183535961538e-01 1.380265519130433050e-01 3.055476756107790987e-02 -5.431029938627518483e-02 -8.723249308983146988e-02 -5.463423619946938814e-02 2.644143464907584840e-02 1.343595095072524503e-01 2.428039851420149275e-01
2.374998183535961538e-01 2.877492423993318615e-01 2.318159991436952727e-01 1.361623596651300727e-01 3.121899378250998780e-02 -5.166452048650874845e-02 -7.892010333435227343e-02 -5.554528825259637259e-02 3.287280076533154183e-02 1.429119037848696760e-01
1.380265519130433050e-01 2.318159991436952727e-01 2.982919100364121445e-01 2.412731244037716327e-01 1.401915933613449572e-01 3.609758859917344687e-02 -4.765323851612625339e-02 -8.545807691521578597e-02 -4.978376259146315153e-02 3.568280652988939372e-02
3.055476756107790987e-02 1.361623596651300727e-01 2.412731244037716327e-01 3.144191393849128380e-01 2.405203307719376571e-01 1.438281728128427694e-01 3.516361478353038916e-02 -5.199814656333751062e-02 -7.902640864144931665e-02 -5.124231518701935495e-02
-5.431029938627518483e-02 3.121899378250998780e-02 1.401915933613449572e-01 2.405203307719376571e-01 2.884441278147494292e-01 2.336777451021217478e-01 1.316883866371771905e-01 3.478550116821901850e-02 -4.771959318676773087e-02 -8.278425021267360462e-02
-8.723249308983146988e-02 -5.166452048650874845e-02 3.609758859917344687e-02 1.438281728128427694e-01 2.336777451021217478e-01 2.996737361114197862e-01 2.273835835150374851e-01 1.442036647089548485e-01 3.296979529688512378e-02 -5.701624995082116981e-02
-5.463423619946938814e-02 -7.892010333435227343e-02 -4.765323851612625339e-02 3.516361478353038916e-02 1.316883866371771905e-01 2.273835835150374851e-01 2.706073172313705477e-01 2.417771901107868548e-01 1.344364905450937397e-01 2.718924313959622183e-02
2.644143464907584840e-02 -5.554528825259637259e-02 -8.545807691521578597e-02 -5.199814656333751062e-02 3.478550116821901850e-02 1.442036647089548485e-01 2.417771901107868548e-01 3.449642527355324950e-01 2.434326435412318690e-01 1.379403427311177155e-01
1.343595095072524503e-01 3.287280076533154183e-02 -4.978376259146315153e-02 -7.902640864144931665e-02 -4.771959318676773087e-02 3.296979529688512378e-02 1.344364905450937397e-01 2.434326435412318690e-01 2.815999983893739955e-01 2.313253489432011145e-01
2.428039851420149275e-01 1.429119037848696760e-01 3.568280652988939372e-02 -5.124231518701935495e-02 -8.278425021267360462e-02 -5.701624995082116981e-02 2.718924313959622183e-02 1.379403427311177155e-01 2.313253489432011145e-01 3.061173292946767210e-01
3.232544635309398395e-01 2.481961388398897794e-01 1.393080321751704598e-01 3.282313985299833980e-02 -5.096019660480557989e-02 -8.503794902440423020e-02 -5.767297515728182083e-02 2.629349500644195467e-02 1.358830907754314254e-01 2.368156384138995763e-01
2.481961388398897794e-01 3.022676655446765448e-01 2.257930432152249201e-01 1.357292984125915702e-01 3.288794888067846089e-02 -5.120044409749748004e-02 -8.343360914875019851e-02 -5.346835253282923583e-02 3.343832621593248455e-02 1.427885387562400632e-01
1.393080321751704598e-01 2.257930432152249201e-01 2.660715417772400726e-01 2.326773011188740248e-01 1.383099220955964492e-01 3.721860188979532469e-02 -4.737302445023783282e-02 -7.943016581006731580e-02 -4.947248513844708373e-02 3.662232773958903898e-02
3.282313985299833980e-02 1.357292984125915702e-01 2.326773011188740248e-01 3.249527175282810321e-01 2.469520698567475858e-01 1.458797862541649226e-01 3.380289817962479904e-02 -5.487666300147030912e-02 -8.636304000187605689e-02 -5.023154005302690045e-02
-5.096019660480557989e-02 3.288794888067846089e-02 1.383099220955964492e-01 2.469520698567475858e-01 2.958479502675102624e-01 2.330187917039418244e-01 1.324839652251275091e-01 2.833957091724234600e-02 -5.415001025343629121e-02 -7.901605267825839718e-02
-8.503794902440423020e-02 -5.120044409749748004e-02 3.721860188979532469e-02 1.458797862541649226e-01 2.330187917039418244e-01 2.891184322544058660e-01 2.308795614416078168e-01 1.371042366076182240e-01 3.214363201072475973e-02 -5.169426645518856306e-02
-5.767297515728182083e-02 -8.343360914875019851e-02 -4.737302445023783282e-02 3.380289817962479904e-02 1.324839652251275091e-01 2.308795614416078168e-01 2.983637074611105167e-01 2.439119161079063292e-01 1.442289608873124074e-01 2.996750163133678549e-02
2.629349500644195467e-02 -5.346835253282923583e-02 -7.943016581006731580e-02 -5.487666300147030912e-02 2.833957091724234600e-02 1.371042366076182240e-01 2.439119161079063292e-01 3.170107647270835605e-01 2.460944757708679875e-01 1.330175157290632293e-01
1.358830907754314254e-01 3.343832621593248455e-02 -4.947248513844708373e-02 -8.636304000187605689e-02 -5.415001025343629121e-02 3.214363201072475973e-02 1.442289608873124074e-01 2.460944757708679875e-01 3.084533462034305673e-01 2.285272678391029322e-01
2.368156384138995763e-01 1.427885387562400632e-01 3.662232773958903898e-02 -5.023154005302690045e-02 -7.901605267825839718e-02 -5.169426645518856306e-02 2.996750163133678549e-02 1.330175157290632293e-01 2.285272678391029322e-01 2.746594107053286216e-01
3.057074104593298647e-01 2.377320161067006110e-01 1.350667861751378429e-01 3.164734119435209936e-02 -4.934773238730801037e-02 -8.196441162461609586e-02 -5.953217913647689680e-02 2.260712857101210282e-02 1.355521420080783024e-01 2.457670874098240588e-01
2.377320161067006110e-01 2.980152044680092205e-01 2.352635574701618104e-01 1.404259807672022797e-01 4.079901124839160204e-02 -4.265369575082802317e-02 -8.192923397240406413e-02 -5.925390731382999820e-02 2.696053276708616081e-02 1.395878500804199618e-01
1.350667861751378429e-01 2.352635574701618104e-01 2.970695467941317780e-01 2.374212940137564731e-01 1.445678851371785811e-01 4.412931098113585804e-02 -4.339390106719417939e-02 -8.244823765921414915e-02 -5.536090700491122507e-02 2.793538943710727196e-02
3.164734119435209936e-02 1.404259807672022797e-01 2.374212940137564731e-01 2.940265172268299310e-01 2.330321949530003434e-01 1.402866546799579339e-01 4.057193175204842905e-02 -4.681598668738574248e-02 -8.170274088619827735e-02 -5.540288799914919876e-02
-4.934773238730801037e-02 4.079901124839160204e-02 1.445678851371785811e-01 2.330321949530003434e-01 2.828085326852372017e-01 2.264744140994667809e-01 1.389041056898961124e-01 3.647839158732976705e-02 -5.154584394770304889e-02 -8.553456452604260574e-02
-8.196441162461609586e-02 -4.265369575082802317e-02 4.412931098113585804e-02 1.402866546799579339e-01 2.264744140994667809e-01 2.805381155331081455e-01 2.350363367603695575e-01 1.415415784083511319e-01 2.959330682243131727e-02 -5.838733937927439999e-02
-5.953217913647689680e-02 -8.192923397240406413e-02 -4.339390106719417939e-02 4.057193175204842905e-02 1.389041056898961124e-01 2.350363367603695575e-01 3.085986394401037392e-01 2.464782896399463352e-01 1.360588423277319381e-01 2.249336688162034345e-02
2.260712857101210282e-02 -5.925390731382999820e-02 -8.244823765921414915e-02 -4.681598668738574248e-02 3.647839158732976705e-02 1.415415784083511319e-01 2.464782896399463352e-01 3.183741545419742636e-01 2.383258407068999940e-01 1.339439928112753919e-01
1.355521420080783024e-01 2.696053276708616081e-02 -5.536090700491122507e-02 -8.170274088619827735e-02 -5.154584394770304889e-02 2.959330682243131727e-02 1.360588423277319381e-01 2.383258407068999940e-01 2.932556763430319569e-01 2.394341292373857732e-01
2.457670874098240588e-01 1.395878500804199618e-01 2.793538943710727196e-02 -5.540288799914919876e-02 -8.553456452604260574e-02 -5.838733937927439999e-02 2.249336688162034345e-02 1.339439928112753919e-01 2.394341292373857732e-01 3.216062025082416231e-01
3.149414027773992930e-01 2.429408809425000204e-01 1.359194077944466672e-01 2.126779912057112989e-02 -6.067072409281919210e-02 -8.482907181977045186e-02 -4.852432091328588715e-02 3.640556985969280873e-02 1.391847636557106138e-01 2.392652777199435754e-01
2.429408809425000204e-01 3.038994800287395659e-01 2.398817155611649432e-01 1.336675706650400641e-01 2.584749988723129832e-02 -5.426251848766952546e-02 -8.000534453684907121e-02 -4.949534910571393859e-02 3.437366265446820807e-02 1.393874453028311478e-01
1.359194077944466672e-01 2.398817155611649432e-01 3.132769745571630238e-01 2.433094481807142606e-01 1.397898825804857748e-01 3.366113352828555005e-02 -5.012728322262911818e-02 -8.322872234290175364e-02 -5.380465108567737686e-02 2.720937315464764389e-02
2.126779912057112989e-02 1.336675706650400641e-01 2.433094481807142606e-01 3.087133516691573654e-01 2.387813367876477633e-01 1.398817256745608084e-01 3.497323389347871403e-02 -5.046044377100696032e-02 -8.267205343457346978e-02 -5.870679830718945891e-02
-6.067072409281919210e-02 2.584749988723129832e-02 1.397898825804857748e-01 2.387813367876477633e-01 2.920841195499651599e-01 2.322298410533459867e-01 1.367923870742399073e-01 3.590482423363534903e-02 -4.811638943946558444e-02 -8.389108312562748582e-02
-8.482907181977045186e-02 -5.426251848766952546e-02 3.366113352828555005e-02 1.398817256745608084e-01 2.322298410533459867e-01 2.912926843222127249e-01 2.335858161616234385e-01 1.425738661393002316e-01 3.721942017906847838e-02 -4.892825270185823666e-02
-4.852432091328588715e-02 -8.000534453684907121e-02 -5.012728322262911818e-02 3.497323389347871403e-02 1.367923870742399073e-01 2.335858161616234385e-01 2.945294497530901445e-01 2.413424546405592008e-01 1.407651148542728992e-01 3.676111945566271078e-02
3.640556985969280873e-02 -4.949534910571393859e-02 -8.322872234290175364e-02 -5.046044377100696032e-02 3.590482423363534903e-02 1.425738661393002316e-01 2.413424546405592008e-01 3.108296800454138920e-01 2.360911258864014650e-01 1.388990091920011549e-01
1.391847636557106138e-01 3.437366265446820807e-02 -5.380465108567737686e-02 -8.267205343457346978e-02 -4.811638943946558444e-02 3.721942017906847838e-02 1.407651148542728992e-01 2.360911258864014650e-01 2.822836291017046806e-01 2.281738901739307213e-01
2.392652777199435754e-01 1.393874453028311478e-01 2.720937315464764389e-02 -5.870679830718945891e-02 -8.389108312562748582e-02 -4.892825270185823666e-02 3.676111945566271078e-02 1.388990091920011549e-01 2.281738901739307213e-01 2.881492281951570922e-01
3.286791057167681718e-01 2.474008565419646699e-01 1.390615082364529964e-01 3.000766821705273812e-02 -5.295056920164973452e-02 -8.589247009638698027e-02 -5.588586814866053354e-02 2.282796862760258852e-02 1.330181315944643505e-01 2.419905464960328267e-01
2.474008565419646699e-01 3.047362255177074042e-01 2.340277905973312811e-01 1.365645762379071593e-01 3.241766577056875986e-02 -5.090512598712591819e-02 -8.116630473004110558e-02 -6.065308291163402921e-02 2.018510991129149335e-02 1.353427955531750215e-01
1.390615082364529964e-01 2.340277905973312811e-01 2.861496086622877799e-01 2.340991249523005080e-01 1.376270422914205316e-01 3.862076590728633074e-02 -4.433702216119843331e-02 -8.367894890568604305e-02 -6.064904908838626013e-02 2.617719137144706998e-02
3.000766821705273812e-02 1.365645762379071593e-01 2.340991249523005080e-01 3.062142929443842365e-01 2.384239161477336721e-01 1.467352895828950565e-01 4.017746699017188394e-02 -4.729978110325294693e-02 -8.398786250157797006e-02 -5.507277073250923388e-02
-5.295056920164973452e-02 3.241766577056875986e-02 1.376270422914205316e-01 2.384239161477336721e-01 2.894496274194948704e-01 2.370952424155343130e-01 1.365808123626662263e-01 3.922357039963625391e-02 -4.459263191377774854e-02 -7.847953368363094762e-02
-8.589247009638698027e-02 -5.090512598712591819e-02 3.862076590728633074e-02 1.467352895828950565e-01 2.370952424155343130e-01 3.018330781502175375e-01 2.277338474320801387e-01 1.412287455082517629e-01 3.999107762791820342e-02 -4.877930146958815022e-02
-5.588586814866053354e-02 -8.116630473004110558e-02 -4.433702216119843331e-02 4.017746699017188394e-02 1.365808123626662263e-01 2.277338474320801387e-01 2.677634209039897462e-01 2.303082740573762499e-01 1.408821083290154874e-01 3.343000172408237824e-02
2.282796862760258852e-02 -6.065308291163402921e-02 -8.367894890568604305e-02 -4.729978110325294693e-02 3.922357039963625391e-02 1.412287455082517629e-01 2.303082740573762499e-01 3.058985305686118261e-01 2.446044840432006207e-01 1.378304325969035848e-01
1.330181315944643505e-01 2.018510991129149335e-02 -6.064904908838626013e-02 -8.398786250157797006e-02 -4.459263191377774854e-02 3.999107762791820342e-02 1.408821083290154874e-01 2.446044840432006207e-01 3.126797852444215264e-01 2.379828420647626952e-01
2.419905464960328267e-01 1.353427955531750215e-01 2.617719137144706998e-02 -5.507277073250923388e-02 -7.847953368363094762e-02 -4.877930146958815022e-02 3.343000172408237824e-02 1.378304325969035848e-01 2.379828420647626952e-01 2.965963248721159573e-01
3.050136466780373756e-01 2.367097924348660343e-01 1.330249616810735003e-01 2.714151547108496071e-02 -5.381895262953566988e-02 -8.354407558267087919e-02 -5.309921449818416628e-02 2.936902424150547933e-02 1.366628201636352624e-01 2.466297572017703832e-01
2.367097924348660343e-01 2.962054925176331732e-01 2.356545328288803809e-01 1.391715188349820220e-01 3.384716701284251616e-02 -4.974796795663999349e-02 -8.108422263729714308e-02 -5.538586081396669469e-02 3.072790480505788180e-02 1.411740153338651993e-01
1.330249616810735003e-01 2.356545328288803809e-01 3.038757443313881978e-01 2.435773870952077091e-01 1.414770747985649446e-01 3.678320267025971674e-02 -4.856676909287667432e-02 -8.433419199932039312e-02 -5.366602774461176617e-02 2.755987362253162903e-02
2.714151547108496071e-02 1.391715188349820220e-01 2.435773870952077091e-01 3.107605289755762112e-01 2.361372545301190229e-01 1.396654560845519977e-01 3.536308430339851760e-02 -4.996035571942827186e-02 -8.092170283063737646e-02 -5.753103073521464300e-02
-5.381895262953566988e-02 3.384716701284251616e-02 1.414770747985649446e-01 2.361372545301190229e-01 2.809234031125807940e-01 2.289210566149495474e-01 1.358012146964132083e-01 3.755406183574959422e-02 -4.683497817937035124e-02 -8.434646176780812021e-02
-8.354407558267087919e-02 -4.974796795663999349e-02 3.678320267025971674e-02 1.396654560845519977e-01 2.289210566149495474e-01 2.943205454283622236e-01 2.357192424580072942e-01 1.460931050568875511e-01 3.548126744597866061e-02 -5.405371369879409527e-02
-5.309921449818416628e-02 -8.108422263729714308e-02 -4.856676909287667432e-02 3.536308430339851760e-02 1.358012146964132083e-01 2.357192424580072942e-01 2.946619855478346262e-01 2.431786664658138752e-01 1.354976910109286781e-01 2.976987248680579984e-02
2.936902424150547933e-02 -5.538586081396669469e-02 -8.433419199932039312e-02 -4.996035571942827186e-02 3.755406183574959422e-02 1.460931050568875511e-01 2.431786664658138752e-01 3.177294429384320829e-01 2.331247648869871070e-01 1.375561048300029121e-01
1.366628201636352624e-01 3.072790480505788180e-02 -5.366602774461176617e-02 -8.092170283063737646e-02 -4.683497817937035124e-02 3.548126744597866061e-02 1.354976910109286781e-01 2.331247648869871070e-01 2.750246784278356782e-01 2.347464978482594333e-01
2.466297572017703832e-01 1.411740153338651993e-01 2.755987362253162903e-02 -5.753103073521464300e-02 -8.434646176780812021e-02 -5.405371369879409527e-02 2.976987248680579984e-02 1.375561048300029121e-01 2.347464978482594333e-01 3.214845320423180830e-01
2.996968504288842761e-01 2.351485814521100393e-01 1.394088358897113689e-01 3.106654067738815958e-02 -5.370183529788959825e-02 -8.126237317549343808e-02 -4.791938554187181315e-02 3.611180174957979300e-02 1.400382857484714361e-01 2.399609252282110805e-01
2.351485814521100393e-01 2.980230443061043788e-01 2.445049546333571133e-01 1.379356102341778856e-01 3.268975308573503213e-02 -5.137929109197947319e-02 -8.136721210027098028e-02 -5.253712267636855698e-02 2.886594872873332954e-02 1.342469686828008379e-01
1.394088358897113689e-01 2.445049546333571133e-01 3.228156665088139921e-01 2.366943056924493693e-01 1.390005973997487654e-01 3.062868225932703983e-02 -5.473966336010601536e-02 -8.634469617411646980e-02 -5.711689659515641060e-02 2.667910411585620173e-02
3.106654067738815958e-02 1.379356102341778856e-01 2.366943056924493693e-01 2.760912683848701921e-01 2.305242079990170723e-01 1.349700588429664505e-01 3.217904181435006505e-02 -5.065861329934268076e-02 -8.114004725262630169e-02 -5.417516393976483380e-02
-5.370183529788959825e-02 3.268975308573503213e-02 1.390005973997487654e-01 2.305242079990170723e-01 3.069870616347015191e-01 2.429441991273634249e-01 1.430433460711597327e-01 3.457512732083294071e-02 -5.072450694392649506e-02 -8.455782816198663399e-02
-8.126237317549343808e-02 -5.137929109197947319e-02 3.062868225932703983e-02 1.349700588429664505e-01 2.429441991273634249e-01 3.083333373615766426e-01 2.406133156444231758e-01 1.389967691390105453e-01 3.427211897937408602e-02 -5.016047156838755738e-02
-4.791938554187181315e-02 -8.136721210027098028e-02 -5.473966336010601536e-02 3.217904181435006505e-02 1.430433460711597327e-01 2.406133156444231758e-01 2.964151504577003937e-01 2.320496718347672682e-01 1.369118843021676080e-01 3.678761309702362203e-02
3.611180174957979300e-02 -5.253712267636855698e-02 -8.634469617411646980e-02 -5.065861329934268076e-02 3.457512732083294071e-02 1.389967691390105453e-01 2.320496718347672682e-01 2.877615660897716032e-01 2.320690746821680306e-01 1.421859709172685338e-01
1.400382857484714361e-01 2.886594872873332954e-02 -5.711689659515641060e-02 -8.114004725262630169e-02 -5.072450694392649506e-02 3.427211897937408602e-02 1.369118843021676080e-01 2.320690746821680306e-01 2.927723117857069512e-01 2.405939568428424880e-01
2.399609252282110805e-01 1.342469686828008379e-01 2.667910411585620173e-02 -5.417516393976483380e-02 -8.455782816198663399e-02 -5.016047156838755738e-02 3.678761309702362203e-02 1.421859709172685338e-01 2.405939568428424880e-01 3.111037430418753247e-01
3.046586550851042019e-01 2.430660461575977482e-01 1.416978697766128614e-01 3.322528086371161204e-02 -5.244533611181843857e-02 -8.308400939358152881e-02 -5.174480874266892960e-02 3.201610072131780282e-02 1.363618282859689890e-01 2.342557070173635902e-01
2.430660461575977482e-01 3.090787304076275666e-01 2.388180758191907893e-01 1.371285793150841814e-01 3.237682070605409079e-02 -5.143974637529788452e-02 -8.217204903040811748e-02 -5.348473565759168796e-02 3.056336250431241491e-02 1.384238325159599658e-01
1.416978697766128614e-01 2.388180758191907893e-01 2.931737458106324357e-01 2.313791460426163626e-01 1.379804562340206098e-01 3.477661001588255169e-02 -5.041334227980566463e-02 -8.346884999948231409e-02 -5.327928097163717180e-02 3.299292692428344026e-02
3.322528086371161204e-02 1.371285793150841814e-01 2.313791460426163626e-01 2.902979236247588690e-01 2.378333948943237575e-01 1.417280604745909667e-01 3.376084509312884951e-02 -5.319635416844061687e-02 -8.362038031353927203e-02 -5.134159715638780125e-02
-5.244533611181843857e-02 3.237682070605409079e-02 1.379804562340206098e-01 2.378333948943237575e-01 3.077449937814012992e-01 2.420121221035557157e-01 1.384442166430574217e-01 2.975712262493009769e-02 -5.447236435788069264e-02 -8.300543929641460150e-02
-8.308400939358152881e-02 -5.143974637529788452e-02 3.477661001588255169e-02 1.417280604745909667e-01 2.420121221035557157e-01 3.024671451844989090e-01 2.346089119002933709e-01 1.360646003482463007e-01 3.093873276936952299e-02 -5.221134435891285758e-02
-5.174480874266892960e-02 -8.217204903040811748e-02 -5.041334227980566463e-02 3.376084509312884951e-02 1.384442166430574217e-01 2.346089119002933709e-01 2.921455352891283996e-01 2.370053084696155943e-01 1.402780984560112743e-01 3.389287184505901385e-02
3.201610072131780282e-02 -5.348473565759168796e-02 -8.346884999948231409e-02 -5.319635416844061687e-02 2.975712262493009769e-02 1.360646003482463007e-01 2.370053084696155943e-01 3.075458379709965495e-01 2.427625596079430181e-01 1.400720389953828415e-01
