1.227647476629257911e-01 1.333432572446336672e-01 9.852040630486111339e-02 7.633971415337326150e-02 6.806392322550372520e-02 6.850192990797435155e-02 9.060105285666023023e-02 1.071106560908575145e-01 1.129281227939174792e-01 1.218261897592929632e-01
6.983811536841297296e-02 8.040298341443875840e-02 1.123787760895466614e-01 1.086669345129151198e-01 1.055975656184602041e-01 1.187801062828169885e-01 9.757293520035960344e-02 1.067982038832038655e-01 1.092779384874578569e-01 9.068644114238803844e-02
9.609187733040988610e-02 8.083150431415603299e-02 8.436717915969624282e-02 9.870149507057005001e-02 1.087556010296996389e-01 1.075127670983390960e-01 1.162475123151124889e-01 1.058573277915082905e-01 1.058553492325283590e-01 9.577938665798013673e-02
1.098608389862746615e-01 1.020980084782943109e-01 9.213569244317834639e-02 8.185825821809619707e-02 7.282760384853641245e-02 7.379203505547987652e-02 8.408468607021306329e-02 1.027939501032990033e-01 1.350350347088461744e-01 1.455138920877819264e-01
1.109523060006497586e-01 7.352402614711592288e-02 8.675629029902011402e-02 9.912114332569926800e-02 9.348796819797525193e-02 9.382768406173641607e-02 9.238091656114365280e-02 1.005228681188452683e-01 1.233012300755719909e-01 1.261255672122424398e-01
9.869954866868677068e-02 1.110541343218369587e-01 1.042875941644008930e-01 1.037625210142517074e-01 9.173513913365909100e-02 8.701667239604664317e-02 9.498490401864302657e-02 9.048455232398536219e-02 1.073981280821692391e-01 1.105768058763201556e-01
8.646501749859955566e-02 1.074002760412714336e-01 1.404014831376192984e-01 1.730121154713058496e-01 1.368411310082087995e-01 9.976924276930955460e-02 7.705446658890958977e-02 6.382416627567277789e-02 5.073603625845765630e-02 6.449606495064537370e-02
1.242930317257133349e-01 1.161197528635086185e-01 1.035845633268028532e-01 9.399227797054925115e-02 9.063731656601198283e-02 9.351049531262692338e-02 9.814966941943903400e-02 8.383273060462347048e-02 8.806570715433745256e-02 1.078144550563871901e-01
1.017745834167252394e-01 9.014299854938699619e-02 9.436601324409817082e-02 1.000728578937891827e-01 8.582627536942108448e-02 8.811628125782230980e-02 8.921960173926066218e-02 1.366180162696401523e-01 1.059312422334392212e-01 1.079321300264171335e-01
1.085174328050085013e-01 9.403625624060917010e-02 7.952998222453358523e-02 1.035698207211770694e-01 9.346880176943186957e-02 9.251407871585301534e-02 1.038654105333947780e-01 1.191620622553568737e-01 1.122141588525019246e-01 9.312199588213318502e-02
1.203990124328907785e-01 9.960839683952128765e-02 8.200110225462778346e-02 6.891264811188807515e-02 6.275515395183092759e-02 7.182187496689132478e-02 1.026307177286995831e-01 1.277719876156089007e-01 1.249411424136078336e-01 1.391579636844337553e-01
1.157088251279970448e-01 1.252088215282980976e-01 1.312786403722795148e-01 1.160451717586266085e-01 9.291455669476293699e-02 8.318418876240352144e-02 8.236633000428800200e-02 8.730075853239098460e-02 7.806178513393824403e-02 8.793092208501510076e-02
1.477586105371850034e-01 1.199191229911022311e-01 9.378772379264407877e-02 8.793891543817872192e-02 7.397850463167311708e-02 7.210578419991631183e-02 6.633822153978610747e-02 9.279957147025386099e-02 1.178032703541891379e-01 1.275702750450714851e-01
1.160262118768438655e-01 1.084080509169322443e-01 1.053933862999048843e-01 9.863993458916353596e-02 7.915686368437493958e-02 8.161364259075580552e-02 8.847063256332593495e-02 1.051459358590968313e-01 9.542128026779309047e-02 1.217240613518091596e-01
1.081060228708270177e-01 1.100612726121796836e-01 1.181006980385064659e-01 9.321523669890954822e-02 1.028224404199479664e-01 1.015097526306396325e-01 9.009024387616904050e-02 8.252417511590580401e-02 8.836862925964333870e-02 1.052015284772717385e-01
1.034129592545809384e-01 1.044623998212842048e-01 9.381887631921778659e-02 9.143974509630227454e-02 1.012849035561888822e-01 1.018972439218330667e-01 9.899063750798706152e-02 1.057696380633105226e-01 1.031309172781664091e-01 9.579267918112925606e-02
8.886668333187364155e-02 9.536240070948928671e-02 1.076991056508768002e-01 1.080301379752568874e-01 1.017496185693405053e-01 9.864320977772964016e-02 1.168221260643477893e-01 1.067592135218731891e-01 9.173028092148050039e-02 8.433722347773180139e-02
1.056203745422496093e-01 9.997767152766491583e-02 8.566928241052625126e-02 8.464816647773243385e-02 8.712756682799865926e-02 9.869160394890358345e-02 9.842477784659378615e-02 1.058592709774897611e-01 1.139673326139550719e-01 1.200139528268862332e-01
1.297834989936826888e-01 1.180788553295580995e-01 8.388070252137724836e-02 8.046057205822025604e-02 7.169686094267024856e-02 9.594587656071731918e-02 9.070365759534242123e-02 8.673286159907656057e-02 1.142417181264179793e-01 1.284753962729371646e-01
1.052223698421871079e-01 1.013348313914478327e-01 1.066791064050629789e-01 1.109837301378809038e-01 9.444702323136189293e-02 7.263104670653018624e-02 7.776651160704248222e-02 9.765500986877856393e-02 1.173507870634577510e-01 1.159295837462502032e-01
7.264484748718838536e-02 9.295047385283679298e-02 1.326749831616920450e-01 1.307779443552946619e-01 1.078559962935849853e-01 9.659719230903351939e-02 1.182764599639423847e-01 9.988889552419386031e-02 7.776003836336389807e-02 7.057316868886939765e-02
1.174609145927265619e-01 1.130418515534594159e-01 9.867826294139449284e-02 9.671610110819409134e-02 8.604048506209698022e-02 8.686073090829900256e-02 8.766874734162835581e-02 1.126379430154363648e-01 1.054551185386773671e-01 9.543984493808753411e-02
1.197546975914710737e-01 1.078636737779979649e-01 1.117108300331842718e-01 1.001461485085631403e-01 7.855392832351133781e-02 7.568380864286140819e-02 8.419619842398243237e-02 1.086207033804479499e-01 1.049841653525481616e-01 1.084858459654321206e-01
7.803939547743612981e-02 8.882333412966066100e-02 1.262386382129289109e-01 1.160765662761286954e-01 1.037671763915170020e-01 9.844546099975763631e-02 1.062940831689706128e-01 1.056166369642232011e-01 9.390409970265234385e-02 8.279460867672484847e-02
9.281751615668379363e-02 1.019074606271609396e-01 9.834779290790135464e-02 9.937678285832979297e-02 8.358100765588874492e-02 9.803924840012670505e-02 9.495750217347515010e-02 9.363750572488910295e-02 1.182682752334239945e-01 1.190669082621206715e-01
7.554359739754396008e-02 8.019971019248366140e-02 7.624493994570347155e-02 1.004604154287799533e-01 1.181276260507278797e-01 1.234157794968857580e-01 1.179853330143263573e-01 1.274875742834990500e-01 9.848491387282967691e-02 8.205011031722012071e-02
1.414868677664986030e-01 1.213288004538765619e-01 1.016805332640492304e-01 7.927097097482656285e-02 8.162138039001917700e-02 8.507724062471339055e-02 8.738439230524336354e-02 8.050624260997370218e-02 9.295345452214308357e-02 1.286901170886566859e-01
8.623408811400072593e-02 7.609120942714256430e-02 7.796286464467015731e-02 7.980773587087770793e-02 9.512677925245839605e-02 1.264789815318060062e-01 1.248794806441014954e-01 1.137093537780311248e-01 1.117788785498776000e-01 1.079306281870341111e-01
1.162037092391252358e-01 1.161152581022059649e-01 1.126739530053865734e-01 8.935662979333017231e-02 8.244668698388910033e-02 8.483963111760019216e-02 7.813451109748506540e-02 9.432373972069170442e-02 1.109026263468059909e-01 1.150032545934800976e-01
1.133471339299713943e-01 9.514588728435487142e-02 9.107092350913845169e-02 7.780634154390590751e-02 7.319536204377401212e-02 6.981010990377900516e-02 9.013448296737994192e-02 1.189149247482616523e-01 1.479137591654856587e-01 1.226610749039492299e-01
8.457538777273740371e-02 9.290722113205987509e-02 9.680806091155677584e-02 9.733449021669615675e-02 1.016337136158016324e-01 1.030325991141830821e-01 1.165469252243108433e-01 1.130029292091586923e-01 1.061209496902549287e-01 8.803772311324092881e-02
7.652254236336319959e-02 7.172577181001982272e-02 8.821250703998129161e-02 9.418272669722924095e-02 9.798568326142766127e-02 1.128884592471363912e-01 1.255103534909718377e-01 1.153254734751955057e-01 1.124885691784593966e-01 1.051579134362155832e-01
1.091801700679390086e-01 1.216440307755506933e-01 1.309205129150839975e-01 1.092362398569266257e-01 8.391562149734341225e-02 7.552137881634196637e-02 7.950898116012194983e-02 8.965805204566279496e-02 9.575646548417324211e-02 1.046585473808564759e-01
8.967714440546749322e-02 9.838682748334212635e-02 8.986007075032509395e-02 1.011075906456975482e-01 1.001182477685723660e-01 1.332576518714203295e-01 1.202939750477070718e-01 1.011818717645178584e-01 8.481113342249546605e-02 8.130548684045456331e-02
9.461587432847992640e-02 8.485956050968687658e-02 8.500627071636744636e-02 9.623892612844378580e-02 1.028939948586836683e-01 1.266375481422493121e-01 1.177691586065650609e-01 1.000326636145554005e-01 9.826446560454912826e-02 9.368153749041940870e-02
1.056080421031403427e-01 1.032625943780671185e-01 1.148496007692954290e-01 1.180741195196714499e-01 1.039976802305228737e-01 8.003349840371408452e-02 8.288718331936476003e-02 8.418878271820931514e-02 1.033002906413456601e-01 1.037982079166691607e-01
8.446067878181486022e-02 9.069542434254906915e-02 9.926197810522699450e-02 1.133781116950153822e-01 7.948185541890856465e-02 9.377908985584397505e-02 1.189070751316994717e-01 1.153360845080927399e-01 1.117777217680856194e-01 9.292198039276339250e-02
1.105217426405607078e-01 9.732872751163607061e-02 9.308176949670651790e-02 9.641669271381977935e-02 9.029990462609152613e-02 9.653754103863612657e-02 1.046197489151937110e-01 1.026760897560509422e-01 1.025638184690570998e-01 1.059539648322474215e-01
1.189949282661407343e-01 1.124192952194219552e-01 9.381320997550851581e-02 9.003674673981935939e-02 8.097702014471491738e-02 8.017634781560864510e-02 9.203490308988626634e-02 9.687188872927915417e-02 1.125425276881424075e-01 1.221331323314779338e-01
9.130786535920437652e-02 8.862375301858452237e-02 9.615022798022782036e-02 1.035097793158992613e-01 9.540898616477890004e-02 9.375056317102088699e-02 1.016421689317033999e-01 1.040013390427744489e-01 1.078765308683645591e-01 1.177287861474419495e-01
7.460515633773365241e-02 8.512238597736160317e-02 1.072271596706733665e-01 8.855066921846084516e-02 9.363151945490438832e-02 1.150858815492692144e-01 1.251324502197014299e-01 1.146305738613016684e-01 1.079149608443104313e-01 8.809924286628330325e-02
1.048408191891993940e-01 1.177098098775153229e-01 9.549649778648873488e-02 7.078302477395821690e-02 6.582867960110710959e-02 8.302810351775757880e-02 1.031357282467672276e-01 1.083522411040425959e-01 1.261170489764241731e-01 1.247080469267395353e-01
7.855278126972811692e-02 8.325179382977061782e-02 9.157626841913615867e-02 1.125355241792247302e-01 1.155900194136408182e-01 1.170749617811365495e-01 1.149158279890189482e-01 9.816727160793828344e-02 9.400612371944637446e-02 9.432942779095916663e-02
9.604582582816034719e-02 1.091851514215137486e-01 1.212752356191273695e-01 1.122442869556995182e-01 9.860810163827238295e-02 9.274969972126308193e-02 8.989866942247889958e-02 8.259719119076142091e-02 8.984291902896790472e-02 1.075529191737553264e-01
9.110785103591020895e-02 6.474483899095881401e-02 7.417004597712803515e-02 1.037769497608166253e-01 9.440728843198167852e-02 1.225170846233583910e-01 1.310453538912625948e-01 1.245281776618786113e-01 1.059359181696197388e-01 8.776649145708513566e-02
7.475258661964820361e-02 7.245454001393168697e-02 8.374726972346377418e-02 9.755612718105249881e-02 1.121703094947805596e-01 1.166077251023296124e-01 9.850036888595174733e-02 1.216200828161467795e-01 1.297478933513480648e-01 9.284309681134721159e-02
1.011424825343485712e-01 9.446303167654514221e-02 9.963050001671561184e-02 1.166484097301184603e-01 1.049006979082895002e-01 9.805670934385701809e-02 1.052343012281950346e-01 9.142670652080567284e-02 9.265122448240781239e-02 9.584593655871719020e-02
8.307937758760391977e-02 9.380656092895151010e-02 1.135495515390771704e-01 1.160970372350314250e-01 1.000239643016989644e-01 1.039560411772062487e-01 1.040875744788526125e-01 1.034549729551832997e-01 9.180515934225016994e-02 9.013976045414495708e-02
1.126327474723407551e-01 9.915186023406653837e-02 8.628469603631637452e-02 7.585639286827353112e-02 1.008184271980458735e-01 9.831379573662141214e-02 1.124676952526659224e-01 1.080685816572941882e-01 1.005347471820133148e-01 1.058710563623623674e-01
6.360939277039970308e-02 7.994742473996051257e-02 1.045700199291558774e-01 1.320754799483116471e-01 1.763167603828048602e-01 1.397279745231486126e-01 9.854385502588908219e-02 7.547867243003889004e-02 6.665213652674994993e-02 6.307828372354114255e-02
9.662592824411579684e-02 8.115335640692983299e-02 1.115685745700899512e-01 1.005575981118132373e-01 1.036635939713010102e-01 8.733555933926551162e-02 8.379747470407586385e-02 1.023982876349205651e-01 1.178934365553152425e-01 1.150061904621732245e-01
1.255509986349606644e-01 1.275036262273506471e-01 9.106839284211107333e-02 8.729437994926503297e-02 7.715401921217102110e-02 8.813247304350976807e-02 8.610204349489508635e-02 9.420015525366776110e-02 1.041600580707102430e-01 1.188338532713589246e-01
7.112907978316522495e-02 7.580361336693558494e-02 7.693785118085656738e-02 8.388185487097848947e-02 1.017534135811167528e-01 1.234292567846851790e-01 1.396111140833879716e-01 1.204225510646048658e-01 1.145619351890832804e-01 9.246933009518637503e-02
9.733930968775292292e-02 9.244718268953149021e-02 9.990204914639497225e-02 1.020806105031915600e-01 9.435532797180952447e-02 9.217813928766727116e-02 9.245619852549732953e-02 1.122877307466213781e-01 1.062411993876734850e-01 1.107122520538601912e-01
9.681417426981590857e-02 1.236190130520840591e-01 1.311329156483579395e-01 1.050001029192298152e-01 9.149281117608527858e-02 9.197324626111491597e-02 1.016750948463133464e-01 8.998667885935734967e-02 8.064401724326905607e-02 8.766194572437227550e-02
9.524073517540103395e-02 8.042994393796040753e-02 7.017254491502576685e-02 6.685902154206288528e-02 7.916671279892477375e-02 1.104139845917036927e-01 1.353428594359403769e-01 1.180426105810790799e-01 1.300950413014906881e-01 1.142365457204112394e-01
9.749518396417045096e-02 8.925007602622578307e-02 1.062738035942324688e-01 1.031523808679226800e-01 9.119021836389573643e-02 9.699155984867546820e-02 1.225408145743522303e-01 1.208779191637621292e-01 9.094731268395148116e-02 8.128073091281196039e-02
9.291993498277578700e-02 8.977053857572171724e-02 9.548964754029437563e-02 8.186559498052883854e-02 9.916848991111190670e-02 9.256068773111056358e-02 1.092820700164555403e-01 1.171201067994747103e-01 1.124821444210896693e-01 1.093407850414369331e-01
1.002381103583296074e-01 8.695224808807228145e-02 8.697746330958469607e-02 9.298882696058405339e-02 9.895469917601498744e-02 9.552735073552265366e-02 9.379839463965866653e-02 1.248013416366032385e-01 1.111049932777464777e-01 1.086565718178834350e-01
9.604200409620997081e-02 1.277821366656417545e-01 1.090942769103878107e-01 1.054519596429025069e-01 1.130193262599536036e-01 9.650670670670005724e-02 9.000691485923938140e-02 8.309719400773400710e-02 8.303262319381066181e-02 9.596685765742032914e-02
1.092666968685222645e-01 8.952239181851096017e-02 6.919551003376386844e-02 7.885272281386396243e-02 9.808112334471214000e-02 9.237877097800437087e-02 1.095158795154527742e-01 1.206208587953779277e-01 1.195041157026692086e-01 1.130619301291226619e-01
1.092470685245960360e-01 1.263042158966280470e-01 1.034383975055963856e-01 8.770134297783283017e-02 9.027487559675279050e-02 8.442015804113377209e-02 9.448288295046766705e-02 1.042332323735263855e-01 9.282072091761307819e-02 1.070771052158529385e-01
1.068196705644185451e-01 8.856239160462636706e-02 7.957827846072015876e-02 7.471767476991560131e-02 7.361662522273620946e-02 9.470550890471707284e-02 1.190663608440196836e-01 1.201778564110509984e-01 1.215822609879582961e-01 1.211733722298372340e-01
1.103078697233310645e-01 1.182689149160653513e-01 1.164226956906300597e-01 1.501835129235074839e-01 1.365919048780307454e-01 9.337036854909394612e-02 6.646187423715745057e-02 6.135254105065679475e-02 6.620182679133301829e-02 8.083849124019418242e-02
7.234041636699248268e-02 8.488499300639430756e-02 9.789586616212889170e-02 1.161431840426682960e-01 1.171338622987911082e-01 1.095459262852883087e-01 1.095359143439484789e-01 1.092070888880959378e-01 1.057165011489171885e-01 7.759624745677494440e-02
8.616047949407146245e-02 7.173530812183395722e-02 7.987275132681592726e-02 7.717119120439512592e-02 1.020176634860001930e-01 1.519188132344684861e-01 1.363692129994042990e-01 1.189724265541112908e-01 8.956237157888585765e-02 8.621978200001340076e-02
9.017456334467270629e-02 9.123509513695658713e-02 9.929832142950226204e-02 9.956677769891461582e-02 1.117534068395061586e-01 1.046762391146215249e-01 8.952766659163829965e-02 1.042348960653020074e-01 1.158273718854255785e-01 9.370566189346045405e-02
8.277518666259847668e-02 1.054648612998219798e-01 1.046566407292409684e-01 1.087908940891302439e-01 1.274772685996037880e-01 1.121168351921412870e-01 1.190278149625628445e-01 9.199359205038927512e-02 7.699249388768308888e-02 7.070441252682818645e-02
1.021821476807311391e-01 9.283795770372879619e-02 9.773517563616314352e-02 9.931452622700923105e-02 9.907079051257672297e-02 9.612156156723168643e-02 9.181553365721360771e-02 1.000690348475330588e-01 1.097142693803187935e-01 1.111390027874939596e-01
1.088002564662701038e-01 1.085551552864918723e-01 1.089625659861612195e-01 1.384971890841303066e-01 1.141799560430266924e-01 1.127694387217228894e-01 1.026552055004314734e-01 7.751511709116193360e-02 5.608613030955864054e-02 7.197898551104488230e-02
1.100699259737578373e-01 1.194827522162516531e-01 1.461853277380275595e-01 1.078398183543081840e-01 8.510551331361541905e-02 9.498401411759344048e-02 7.532124221860959923e-02 7.013945896798221002e-02 7.873551293251312977e-02 1.121364341673409259e-01
8.383111014499528002e-02 8.189239212344957830e-02 8.354809370733802532e-02 8.906661785727390535e-02 8.696952507553047662e-02 8.333326351976813595e-02 1.060954170436817084e-01 1.340391606813059189e-01 1.280786268078853707e-01 1.231457930387717531e-01
8.839983702752249317e-02 8.834610279416099665e-02 1.079850024688366883e-01 1.030780846568113140e-01 8.805850380655853848e-02 8.265793768417629972e-02 9.225467370850083670e-02 1.212737179797901688e-01 1.261097081245872720e-01 1.018364317490555171e-01
9.647717761603091802e-02 1.311980211339515701e-01 1.354891737776395266e-01 1.310625465126581679e-01 1.115228967206595007e-01 9.860243824114706124e-02 8.060072504219546741e-02 7.029560770577772399e-02 6.646924464441870961e-02 7.828216860552154877e-02
9.989253869628450522e-02 9.600230473767105976e-02 1.035909667489328667e-01 1.031668053812924424e-01 1.005605228580302019e-01 1.087159152431225184e-01 8.727053629323335004e-02 8.872767682682702883e-02 1.110789735129675965e-01 1.009937597016384858e-01
1.061798181581393025e-01 1.086989561280433669e-01 1.094974270285586082e-01 1.100856842105166072e-01 8.186554023790829082e-02 7.307377272900925091e-02 8.727537223778643327e-02 1.052176512287829740e-01 1.127280235475396769e-01 1.053777544937157112e-01
7.264604488491158141e-02 9.039140697472122787e-02 9.474245520557876554e-02 1.130102212692398744e-01 1.165014848777291695e-01 1.320144680273893922e-01 1.385815617996763172e-01 1.050218592652793770e-01 7.099526293599264792e-02 6.609523475948156368e-02
9.511268190840262149e-02 9.995722665488018799e-02 1.074729543229047263e-01 1.219859240739332162e-01 1.064644829935191273e-01 1.112557537480113046e-01 8.672712398878348883e-02 7.641920576723916503e-02 8.804001702717176303e-02 1.065646295151543577e-01
9.722516164350146484e-02 9.244008979566062378e-02 7.513728900850322190e-02 7.941256494565050728e-02 9.190091988031248715e-02 1.020160601763299979e-01 1.095374908187567026e-01 1.115179980650388147e-01 1.180031967181057045e-01 1.228092289481402533e-01
1.114125010884785827e-01 7.219713675578613710e-02 6.356861227302393336e-02 7.305356944047970702e-02 9.427853040119155148e-02 1.384708487745262007e-01 1.252689531306824811e-01 1.040740327159046796e-01 1.089940694324944559e-01 1.086817459874326042e-01
6.723143840325321308e-02 7.627786793585469849e-02 9.040167862788431319e-02 9.969619070857908827e-02 1.143988883783975813e-01 1.219470843708395230e-01 1.254968845738679839e-01 1.235044479093769104e-01 1.036226504179998814e-01 7.742286867394666816e-02
7.872152347629192415e-02 7.471182626640496260e-02 7.723171636866749123e-02 1.053605100313256132e-01 1.547973339613984423e-01 1.376122341844779329e-01 1.090811903277766337e-01 9.346173294219102534e-02 9.718362765854990371e-02 7.183830478291582111e-02
9.785207307020925283e-02 8.265187464147225049e-02 8.756112663379370109e-02 9.368777854144044737e-02 1.063558065237023426e-01 1.156157253483176689e-01 1.126161325863744567e-01 1.003523719818177756e-01 1.051423758783385370e-01 9.816473479453352580e-02
1.010988388486495360e-01 8.375616488169640439e-02 8.444916017277272202e-02 7.509497904439894900e-02 9.793167380081313489e-02 1.327672442296917721e-01 1.182415661849792049e-01 1.060876791097219440e-01 9.894009557567269575e-02 1.016325981516038035e-01
8.035117451530968125e-02 8.164417763976958287e-02 8.404701493151088554e-02 9.942301438670031466e-02 1.105877968907589132e-01 1.149478988431505422e-01 1.161262815492257877e-01 1.109768066485734561e-01 1.025387326715685998e-01 9.935710192343237546e-02
8.235731600893592130e-02 7.249897581495262644e-02 8.082995540271317725e-02 1.097310336524752461e-01 1.350310073030218661e-01 1.113904395739329367e-01 1.005859349056164864e-01 9.837022995649832846e-02 1.085361354537502654e-01 1.006689719281033263e-01
9.520465691809171238e-02 1.169874652688209365e-01 1.208133967005689535e-01 1.119110436979462581e-01 9.979217256752151433e-02 8.889115414399387238e-02 8.297097070546996522e-02 9.251976834290309704e-02 9.729419648270043464e-02 9.361517517198320038e-02
9.825804770607049488e-02 1.146650663378843138e-01 1.165038190468361684e-01 1.277310557013520975e-01 1.102449247740401594e-01 9.813041036077245483e-02 9.440346880026778686e-02 8.524534065108324565e-02 7.974999436713781087e-02 7.506787225455574530e-02
9.376166360877029315e-02 1.081792004929918172e-01 1.006229978190131963e-01 9.523411730882189175e-02 8.531905021000127376e-02 9.782979388073662075e-02 1.093487879911731464e-01 9.867564092205345638e-02 1.085719072161789173e-01 1.024568405502597063e-01
9.685789296427976813e-02 8.361978737411365770e-02 8.517882243833214961e-02 8.695678865533924828e-02 8.041818831749311669e-02 9.105745277824113526e-02 1.038470147613100858e-01 1.260818911293841438e-01 1.331422012295311319e-01 1.128399603519753686e-01
6.285845957420566066e-02 7.273049966834774227e-02 1.046336113767080689e-01 1.281203960686637111e-01 1.161180426131340759e-01 1.193013674938098317e-01 1.267030404376791597e-01 1.087289608228839410e-01 9.013725971970404371e-02 7.066836222486408414e-02
9.631766246006293053e-02 8.524427544102755605e-02 9.515924095716815634e-02 9.772668866033173973e-02 1.178254252078765885e-01 1.114558130053745072e-01 9.084539623808796094e-02 8.618709651714996645e-02 1.044214762480743519e-01 1.148169252648463534e-01
9.645175065893323019e-02 1.137363217543220922e-01 1.136441895123867923e-01 9.978872967373536573e-02 8.169677683991102835e-02 8.937973169245400085e-02 9.084486370174613135e-02 1.026862852155984440e-01 1.130079164863082575e-01 9.876343446460456033e-02
1.017735324345582781e-01 9.820173763393377775e-02 9.202989515500348272e-02 7.510140653835387092e-02 8.310517923830812448e-02 9.098971289302053289e-02 1.059984975084417858e-01 1.177038218838035444e-01 1.262188129960603866e-01 1.088774037185162025e-01
8.153524711619490606e-02 8.501953559859212750e-02 8.911162755394472224e-02 1.135800770498046064e-01 9.291414337268824597e-02 1.003957587310405908e-01 1.102163568624097700e-01 1.151715544827532911e-01 1.144675125650242986e-01 9.758818666754770499e-02
9.393948585508293814e-02 1.019597785360372572e-01 9.886922603331130266e-02 1.033345979927397795e-01 1.126162948064336478e-01 1.007960427153892502e-01 9.024241458123044568e-02 9.280991928518217415e-02 1.097675787080305970e-01 9.566466148656245505e-02
1.035235609447145988e-01 1.099465515109137870e-01 1.094204927241291120e-01 9.861897503412125898e-02 1.112924861459953785e-01 1.063415790239202047e-01 8.468171508095490019e-02 9.461378247637756977e-02 9.125405344037249011e-02 9.030680361850075555e-02
1.034907768866670241e-01 9.309262223399283886e-02 9.372686110288989958e-02 8.764011757069811726e-02 9.148802071401526681e-02 9.669428767009648207e-02 1.076672144679093612e-01 1.129274349144063355e-01 1.074529796139112314e-01 1.058196848254135541e-01
8.704567419149794594e-02 9.783010585942585047e-02 1.171199202214236595e-01 1.242872443907063196e-01 1.159789555380389969e-01 1.055198000065865338e-01 1.022872986111131588e-01 9.137128166786451233e-02 8.079501564440652595e-02 7.776470386893682973e-02
8.341358150598519872e-02 7.435631068170349411e-02 8.687238771616698219e-02 1.193661240487587233e-01 1.135239786733796274e-01 9.791138216351023826e-02 8.857451123817883243e-02 1.083589303151539368e-01 1.229558318657091448e-01 1.046669617914540718e-01
