1.227647476629257911e-01 1.271157350999378710e-01 1.084069437999687080e-01 9.465318325751796713e-02 8.865643275267268142e-02 8.833589530503148379e-02 1.011811241771724407e-01 1.105516433975591017e-01 1.150772945499557026e-01 1.213277632339479495e-01
1.271157350999378710e-01 1.333432572446336672e-01 1.140495206140154094e-01 9.940957577544579093e-02 9.269930543396981415e-02 9.181745839792396224e-02 1.045561826112313963e-01 1.137170079614827772e-01 1.181065592602899561e-01 1.247179423747889621e-01
1.084069437999687080e-01 1.140495206140154094e-01 9.852040630486111339e-02 8.628765360225618131e-02 8.057595043814622104e-02 7.971173930011922482e-02 9.050762012994251204e-02 9.801452335638304036e-02 1.012826826951045978e-01 1.064991314267696998e-01
9.465318325751796713e-02 9.940957577544579093e-02 8.628765360225618131e-02 7.633971415337326150e-02 7.172381148317640009e-02 7.114933464354591952e-02 8.077422159203818952e-02 8.718372221725467774e-02 8.954780052889774189e-02 9.350045780335478063e-02
8.865643275267268142e-02 9.269930543396981415e-02 8.057595043814622104e-02 7.172381148317640009e-02 6.806392322550372520e-02 6.794998864801060634e-02 7.735832310291426706e-02 8.337256861817447795e-02 8.516838445628162335e-02 8.824019766589391578e-02
8.833589530503148379e-02 9.181745839792396224e-02 7.971173930011922482e-02 7.114933464354591952e-02 6.794998864801060634e-02 6.850192990797435155e-02 7.844607916151562221e-02 8.462723593936771760e-02 8.613513082247714614e-02 8.862652022573005994e-02
1.011811241771724407e-01 1.045561826112313963e-01 9.050762012994251204e-02 8.077422159203818952e-02 7.735832310291426706e-02 7.844607916151562221e-02 9.060105285666023023e-02 9.809591032633838137e-02 9.975370814578292389e-02 1.021802258036104555e-01
1.105516433975591017e-01 1.137170079614827772e-01 9.801452335638304036e-02 8.718372221725467774e-02 8.337256861817447795e-02 8.462723593936771760e-02 9.809591032633838137e-02 1.071106560908575145e-01 1.093528515117274114e-01 1.120148079902633653e-01
1.150772945499557026e-01 1.181065592602899561e-01 1.012826826951045978e-01 8.954780052889774189e-02 8.516838445628162335e-02 8.613513082247714614e-02 9.975370814578292389e-02 1.093528515117274114e-01 1.129281227939174792e-01 1.164355294277844566e-01
1.213277632339479495e-01 1.247179423747889621e-01 1.064991314267696998e-01 9.350045780335478063e-02 8.824019766589391578e-02 8.862652022573005994e-02 1.021802258036104555e-01 1.120148079902633653e-01 1.164355294277844566e-01 1.218261897592929632e-01
6.983811536841297296e-02 7.444365754769780019e-02 8.696382004119847242e-02 8.487182577221638602e-02 8.325883523049135149e-02 8.808593680328852260e-02 8.031263480979389247e-02 8.446494804665012623e-02 8.603552677108150526e-02 7.912021861796593447e-02
7.444365754769780019e-02 8.040298341443875840e-02 9.459710539555331310e-02 9.231118907105999305e-02 9.010070111187143405e-02 9.460335021431828806e-02 8.550570634144422089e-02 8.925047765700395985e-02 9.063294573692488865e-02 8.358297483285064000e-02
8.696382004119847242e-02 9.459710539555331310e-02 1.123787760895466614e-01 1.099747802790348866e-01 1.071717862431665336e-01 1.120222056733388982e-01 1.005645953472230902e-01 1.042614809787691249e-01 1.054536947191616891e-01 9.724271777075568779e-02
8.487182577221638602e-02 9.231118907105999305e-02 1.099747802790348866e-01 1.086669345129151198e-01 1.064440178862870040e-01 1.113805200853797972e-01 9.966034539827772765e-02 1.028116005099364155e-01 1.034897912171225676e-01 9.509005669445211306e-02
8.325883523049135149e-02 9.010070111187143405e-02 1.071717862431665336e-01 1.064440178862870040e-01 1.055975656184602041e-01 1.112754729828362987e-01 9.963157910492564939e-02 1.025267814355298873e-01 1.027277302033293149e-01 9.385193968157456990e-02
8.808593680328852260e-02 9.460335021431828806e-02 1.120222056733388982e-01 1.113805200853797972e-01 1.112754729828362987e-01 1.187801062828169885e-01 1.069262747405050618e-01 1.101941110892582787e-01 1.101308630743310368e-01 1.000548121533009760e-01
8.031263480979389247e-02 8.550570634144422089e-02 1.005645953472230902e-01 9.966034539827772765e-02 9.963157910492564939e-02 1.069262747405050618e-01 9.757293520035960344e-02 1.014008235317264139e-01 1.015301582164025718e-01 9.191036936624352727e-02
8.446494804665012623e-02 8.925047765700395985e-02 1.042614809787691249e-01 1.028116005099364155e-01 1.025267814355298873e-01 1.101941110892582787e-01 1.014008235317264139e-01 1.067982038832038655e-01 1.075087099306595712e-01 9.721025473894941149e-02
8.603552677108150526e-02 9.063294573692488865e-02 1.054536947191616891e-01 1.034897912171225676e-01 1.027277302033293149e-01 1.101308630743310368e-01 1.015301582164025718e-01 1.075087099306595712e-01 1.092779384874578569e-01 9.911431279246649129e-02
7.912021861796593447e-02 8.358297483285064000e-02 9.724271777075568779e-02 9.509005669445211306e-02 9.385193968157456990e-02 1.000548121533009760e-01 9.191036936624352727e-02 9.721025473894941149e-02 9.911431279246649129e-02 9.068644114238803844e-02
9.609187733040988610e-02 8.769726224442636608e-02 8.852614355649357503e-02 9.443007226807140220e-02 9.819730444253901847e-02 9.744990503014984429e-02 1.016891901802802478e-01 9.810674887574676040e-02 9.929574855325844218e-02 9.547088479518825443e-02
8.769726224442636608e-02 8.083150431415603299e-02 8.212134610175429728e-02 8.780625930776311816e-02 9.115214852305786319e-02 8.999702852973720524e-02 9.330277220549205996e-02 8.948024051943644086e-02 9.022191623810178751e-02 8.675948811812790595e-02
8.852614355649357503e-02 8.212134610175429728e-02 8.436717915969624282e-02 9.077869640351617087e-02 9.434474504559253738e-02 9.282567891407307592e-02 9.564041981730531106e-02 9.105910603640289536e-02 9.125012773962609680e-02 8.749255595031879551e-02
9.443007226807140220e-02 8.780625930776311816e-02 9.077869640351617087e-02 9.870149507057005001e-02 1.030756678891546346e-01 1.013923769368520744e-01 1.040698800026836346e-01 9.845761357976504091e-02 9.800843311698488602e-02 9.351369935927386634e-02
9.819730444253901847e-02 9.115214852305786319e-02 9.434474504559253738e-02 1.030756678891546346e-01 1.087556010296996389e-01 1.074913409862649216e-01 1.103719490427996913e-01 1.040334490815983115e-01 1.029751943310842077e-01 9.768071465458660896e-02
9.744990503014984429e-02 8.999702852973720524e-02 9.282567891407307592e-02 1.013923769368520744e-01 1.074913409862649216e-01 1.075127670983390960e-01 1.110919592414079393e-01 1.047632326774197015e-01 1.033705574766994040e-01 9.751709420282221596e-02
1.016891901802802478e-01 9.330277220549205996e-02 9.564041981730531106e-02 1.040698800026836346e-01 1.103719490427996913e-01 1.110919592414079393e-01 1.162475123151124889e-01 1.102267995375380560e-01 1.088309581126086778e-01 1.023192898715223897e-01
9.810674887574676040e-02 8.948024051943644086e-02 9.105910603640289536e-02 9.845761357976504091e-02 1.040334490815983115e-01 1.047632326774197015e-01 1.102267995375380560e-01 1.058573277915082905e-01 1.052092188650257942e-01 9.900067877628741797e-02
9.929574855325844218e-02 9.022191623810178751e-02 9.125012773962609680e-02 9.800843311698488602e-02 1.029751943310842077e-01 1.033705574766994040e-01 1.088309581126086778e-01 1.052092188650257942e-01 1.058553492325283590e-01 1.001448465252906955e-01
9.547088479518825443e-02 8.675948811812790595e-02 8.749255595031879551e-02 9.351369935927386634e-02 9.768071465458660896e-02 9.751709420282221596e-02 1.023192898715223897e-01 9.900067877628741797e-02 1.001448465252906955e-01 9.577938665798013673e-02
1.098608389862746615e-01 1.051365330394721659e-01 9.868718277689091101e-02 9.214073899752708852e-02 8.651560725619482362e-02 8.704787298333040158e-02 9.319985123729349064e-02 1.036481449513843994e-01 1.196930925583695599e-01 1.255222786041079175e-01
1.051365330394721659e-01 1.020980084782943109e-01 9.647271671456597586e-02 9.015470380355256053e-02 8.437650313846725703e-02 8.437968481401397769e-02 8.964884571282902281e-02 9.892256950942218685e-02 1.135957426166863959e-01 1.191121042506960992e-01
9.868718277689091101e-02 9.647271671456597586e-02 9.213569244317834639e-02 8.649148414393814654e-02 8.095840795011455260e-02 8.071425170426256568e-02 8.529101359068137767e-02 9.348474056361928686e-02 1.066956375799048284e-01 1.115378749028836103e-01
9.214073899752708852e-02 9.015470380355256053e-02 8.649148414393814654e-02 8.185825821809619707e-02 7.691489944369027387e-02 7.673262419974846704e-02 8.091307501473241071e-02 8.830562423090630719e-02 1.002570461961434234e-01 1.043354157170701124e-01
8.651560725619482362e-02 8.437650313846725703e-02 8.095840795011455260e-02 7.691489944369027387e-02 7.282760384853641245e-02 7.299238575791075490e-02 7.709668778415332269e-02 8.403549155331965781e-02 9.506892764882821090e-02 9.844208201137197300e-02
8.704787298333040158e-02 8.437968481401397769e-02 8.071425170426256568e-02 7.673262419974846704e-02 7.299238575791075490e-02 7.379203505547987652e-02 7.837727731286432686e-02 8.561692144642785163e-02 9.673342691920398806e-02 9.970451204018164482e-02
9.319985123729349064e-02 8.964884571282902281e-02 8.529101359068137767e-02 8.091307501473241071e-02 7.709668778415332269e-02 7.837727731286432686e-02 8.408468607021306329e-02 9.243031591032638272e-02 1.046287072478271074e-01 1.075075881314959125e-01
1.036481449513843994e-01 9.892256950942218685e-02 9.348474056361928686e-02 8.830562423090630719e-02 8.403549155331965781e-02 8.561692144642785163e-02 9.243031591032638272e-02 1.027939501032990033e-01 1.170938397663746078e-01 1.202794958339875736e-01
1.196930925583695599e-01 1.135957426166863959e-01 1.066956375799048284e-01 1.002570461961434234e-01 9.506892764882821090e-02 9.673342691920398806e-02 1.046287072478271074e-01 1.170938397663746078e-01 1.350350347088461744e-01 1.392917699315084357e-01
1.255222786041079175e-01 1.191121042506960992e-01 1.115378749028836103e-01 1.043354157170701124e-01 9.844208201137197300e-02 9.970451204018164482e-02 1.075075881314959125e-01 1.202794958339875736e-01 1.392917699315084357e-01 1.455138920877819264e-01
1.109523060006497586e-01 8.971040908334129704e-02 9.575773041882022774e-02 1.008156207801299276e-01 9.734661454090670629e-02 9.771254989773489608e-02 9.780581584567396569e-02 1.031169582167189014e-01 1.152633711778414949e-01 1.176647845055471681e-01
8.971040908334129704e-02 7.352402614711592288e-02 7.930279204276767524e-02 8.382927768044884376e-02 8.081324361431627135e-02 8.066361127794632879e-02 8.006850716565155901e-02 8.365733325928789710e-02 9.287999270395659590e-02 9.466056571050640578e-02
9.575773041882022774e-02 7.930279204276767524e-02 8.675629029902011402e-02 9.231012228004539799e-02 8.899117858119576230e-02 8.841905478772564553e-02 8.705288310192262069e-02 9.007923256062976003e-02 9.920678357969218986e-02 1.007616644705495168e-01
1.008156207801299276e-01 8.382927768044884376e-02 9.231012228004539799e-02 9.912114332569926800e-02 9.586756714334002116e-02 9.517200630461800093e-02 9.329541747539979446e-02 9.591595669966573867e-02 1.049585159197421180e-01 1.061513808813259185e-01
9.734661454090670629e-02 8.081324361431627135e-02 8.899117858119576230e-02 9.586756714334002116e-02 9.348796819797525193e-02 9.320548309061200964e-02 9.141540261049807548e-02 9.376034204267393035e-02 1.021814781019058371e-01 1.028697115474373480e-01
9.771254989773489608e-02 8.066361127794632879e-02 8.841905478772564553e-02 9.517200630461800093e-02 9.320548309061200964e-02 9.382768406173641607e-02 9.254509708458269479e-02 9.511673651755177261e-02 1.035376292927679687e-01 1.038135750427950921e-01
9.780581584567396569e-02 8.006850716565155901e-02 8.705288310192262069e-02 9.329541747539979446e-02 9.141540261049807548e-02 9.254509708458269479e-02 9.238091656114365280e-02 9.569302119073097579e-02 1.044796498432665338e-01 1.045262163673075922e-01
1.031169582167189014e-01 8.365733325928789710e-02 9.007923256062976003e-02 9.591595669966573867e-02 9.376034204267393035e-02 9.511673651755177261e-02 9.569302119073097579e-02 1.005228681188452683e-01 1.106140950270163154e-01 1.107367132268726739e-01
1.152633711778414949e-01 9.287999270395659590e-02 9.920678357969218986e-02 1.049585159197421180e-01 1.021814781019058371e-01 1.035376292927679687e-01 1.044796498432665338e-01 1.106140950270163154e-01 1.233012300755719909e-01 1.240074507147720523e-01
1.176647845055471681e-01 9.466056571050640578e-02 1.007616644705495168e-01 1.061513808813259185e-01 1.028697115474373480e-01 1.038135750427950921e-01 1.045262163673075922e-01 1.107367132268726739e-01 1.240074507147720523e-01 1.261255672122424398e-01
9.869954866868677068e-02 1.040180586995088502e-01 9.967815769704294060e-02 9.832367556429506827e-02 9.190806867934439572e-02 8.935757591506178488e-02 9.355040431685102131e-02 9.207791919817301385e-02 1.012503982713411910e-01 1.038047981521540569e-01
1.040180586995088502e-01 1.110541343218369587e-01 1.069981749258418768e-01 1.055689083306686898e-01 9.827611279218162466e-02 9.491871422721975815e-02 9.867312244991750803e-02 9.653726852890111287e-02 1.057677920957771356e-01 1.085678939122311643e-01
9.967815769704294060e-02 1.069981749258418768e-01 1.042875941644008930e-01 1.034626321232372803e-01 9.632599839974889666e-02 9.271395749750445392e-02 9.585695655332671095e-02 9.317831292801920240e-02 1.015036396459441936e-01 1.038967341508422182e-01
9.832367556429506827e-02 1.055689083306686898e-01 1.034626321232372803e-01 1.037625210142517074e-01 9.705657768933081964e-02 9.346294934846613445e-02 9.637781579190615733e-02 9.319476211347621497e-02 1.009129098085229936e-01 1.027739495608804149e-01
9.190806867934439572e-02 9.827611279218162466e-02 9.632599839974889666e-02 9.705657768933081964e-02 9.173513913365909100e-02 8.885241734975270200e-02 9.178041266788827812e-02 8.854359742590293958e-02 9.543785093674662934e-02 9.663383019039786803e-02
8.935757591506178488e-02 9.491871422721975815e-02 9.271395749750445392e-02 9.346294934846613445e-02 8.885241734975270200e-02 8.701667239604664317e-02 9.044105504658453420e-02 8.735318258454670415e-02 9.394822393252098836e-02 9.462786127424377414e-02
9.355040431685102131e-02 9.867312244991750803e-02 9.585695655332671095e-02 9.637781579190615733e-02 9.178041266788827812e-02 9.044105504658453420e-02 9.498490401864302657e-02 9.220896417603036133e-02 9.928895597619040447e-02 9.969995592638146442e-02
9.207791919817301385e-02 9.653726852890111287e-02 9.317831292801920240e-02 9.319476211347621497e-02 8.854359742590293958e-02 8.735318258454670415e-02 9.220896417603036133e-02 9.048455232398536219e-02 9.804332687256397949e-02 9.851531418643698357e-02
1.012503982713411910e-01 1.057677920957771356e-01 1.015036396459441936e-01 1.009129098085229936e-01 9.543785093674662934e-02 9.394822393252098836e-02 9.928895597619040447e-02 9.804332687256397949e-02 1.073981280821692391e-01 1.084012114739191374e-01
1.038047981521540569e-01 1.085678939122311643e-01 1.038967341508422182e-01 1.027739495608804149e-01 9.663383019039786803e-02 9.462786127424377414e-02 9.969995592638146442e-02 9.851531418643698357e-02 1.084012114739191374e-01 1.105768058763201556e-01
8.646501749859955566e-02 9.587808489493013231e-02 1.081683017302195460e-01 1.182687975886136666e-01 1.047970868790586985e-01 8.973743039495944707e-02 7.931818277525577721e-02 7.275929117509835620e-02 6.551793363108654455e-02 7.441651803587462366e-02
9.587808489493013231e-02 1.074002760412714336e-01 1.219201496992456946e-01 1.334173338022754396e-01 1.176763451144987177e-01 1.001297207098996445e-01 8.800864529988697282e-02 8.043248799409516425e-02 7.232110236308669782e-02 8.219084323159428496e-02
1.081683017302195460e-01 1.219201496992456946e-01 1.404014831376192984e-01 1.546289780509630951e-01 1.360576068241472480e-01 1.150649355015195691e-01 1.004635847179712604e-01 9.129897204518408471e-02 8.174391540205776241e-02 9.266069335243654059e-02
1.182687975886136666e-01 1.334173338022754396e-01 1.546289780509630951e-01 1.730121154713058496e-01 1.527160784291277662e-01 1.288148275048638935e-01 1.119158949703150108e-01 1.011510038576545339e-01 9.005993028344649876e-02 1.015872651455111964e-01
1.047970868790586985e-01 1.176763451144987177e-01 1.360576068241472480e-01 1.527160784291277662e-01 1.368411310082087995e-01 1.160842862543373377e-01 1.009203158876341155e-01 9.099871418204806550e-02 8.065353893815732644e-02 9.048724515939973734e-02
8.973743039495944707e-02 1.001297207098996445e-01 1.150649355015195691e-01 1.288148275048638935e-01 1.160842862543373377e-01 9.976924276930955460e-02 8.725217957436001703e-02 7.877753661677214247e-02 6.968068241727720658e-02 7.788023951854666782e-02
7.931818277525577721e-02 8.800864529988697282e-02 1.004635847179712604e-01 1.119158949703150108e-01 1.009203158876341155e-01 8.725217957436001703e-02 7.705446658890958977e-02 6.988399914942344804e-02 6.187048257243966953e-02 6.906916982320121523e-02
7.275929117509835620e-02 8.043248799409516425e-02 9.129897204518408471e-02 1.011510038576545339e-01 9.099871418204806550e-02 7.877753661677214247e-02 6.988399914942344804e-02 6.382416627567277789e-02 5.671431416854560287e-02 6.341791966737973796e-02
6.551793363108654455e-02 7.232110236308669782e-02 8.174391540205776241e-02 9.005993028344649876e-02 8.065353893815732644e-02 6.968068241727720658e-02 6.187048257243966953e-02 5.671431416854560287e-02 5.073603625845765630e-02 5.700524608143268251e-02
7.441651803587462366e-02 8.219084323159428496e-02 9.266069335243654059e-02 1.015872651455111964e-01 9.048724515939973734e-02 7.788023951854666782e-02 6.906916982320121523e-02 6.341791966737973796e-02 5.700524608143268251e-02 6.449606495064537370e-02
1.242930317257133349e-01 1.194442150397504593e-01 1.115048286406822575e-01 1.047662862431415765e-01 1.016393766702774204e-01 1.025682043208416827e-01 1.053569050963773651e-01 9.873430667738838928e-02 1.028257118303197160e-01 1.151145033567442244e-01
1.194442150397504593e-01 1.161197528635086185e-01 1.089840002008866937e-01 1.024724660879523380e-01 9.916350564496281828e-02 9.962900569637736514e-02 1.018262663251243705e-01 9.496585065469927145e-02 9.852732656234364228e-02 1.101940085551829929e-01
1.115048286406822575e-01 1.089840002008866937e-01 1.035845633268028532e-01 9.804835942424347528e-02 9.506767303615316911e-02 9.534577511966749186e-02 9.701593313207121372e-02 8.988447841340752031e-02 9.258249584811228949e-02 1.029901614601518162e-01
1.047662862431415765e-01 1.024724660879523380e-01 9.804835942424347528e-02 9.399227797054925115e-02 9.176487936454755245e-02 9.220743670675168868e-02 9.360143549283914122e-02 8.618155266269708625e-02 8.803979947839861431e-02 9.719973348993508899e-02
1.016393766702774204e-01 9.916350564496281828e-02 9.506767303615316911e-02 9.176487936454755245e-02 9.063731656601198283e-02 9.161037110005953998e-02 9.306055273771451919e-02 8.533229015323534616e-02 8.656947314598709142e-02 9.486247435729108779e-02
1.025682043208416827e-01 9.962900569637736514e-02 9.534577511966749186e-02 9.220743670675168868e-02 9.161037110005953998e-02 9.351049531262692338e-02 9.539849233473524093e-02 8.741252964609649845e-02 8.834315969722431050e-02 9.627761601915964251e-02
1.053569050963773651e-01 1.018262663251243705e-01 9.701593313207121372e-02 9.360143549283914122e-02 9.306055273771451919e-02 9.539849233473524093e-02 9.814966941943903400e-02 9.025902882145360462e-02 9.128258293792160250e-02 9.928980320215555211e-02
9.873430667738838928e-02 9.496585065469927145e-02 8.988447841340752031e-02 8.618155266269708625e-02 8.533229015323534616e-02 8.741252964609649845e-02 9.025902882145360462e-02 8.383273060462347048e-02 8.537694283294919306e-02 9.315510444462106465e-02
1.028257118303197160e-01 9.852732656234364228e-02 9.258249584811228949e-02 8.803979947839861431e-02 8.656947314598709142e-02 8.834315969722431050e-02 9.128258293792160250e-02 8.537694283294919306e-02 8.806570715433745256e-02 9.683903657898856876e-02
1.151145033567442244e-01 1.101940085551829929e-01 1.029901614601518162e-01 9.719973348993508899e-02 9.486247435729108779e-02 9.627761601915964251e-02 9.928980320215555211e-02 9.315510444462106465e-02 9.683903657898856876e-02 1.078144550563871901e-01
1.017745834167252394e-01 9.521167968111150792e-02 9.624591890042559494e-02 9.808744433054587819e-02 9.048910631750316236e-02 9.153633614058481749e-02 9.213176827216004727e-02 1.139828084713302714e-01 1.018226544521195487e-01 1.041645361713509632e-01
9.521167968111150792e-02 9.014299854938699619e-02 9.173236018370778400e-02 9.360905758473926641e-02 8.604210197535201721e-02 8.646139448316275677e-02 8.631757041266009678e-02 1.060880960901586234e-01 9.456260898969910678e-02 9.684743537435702709e-02
9.624591890042559494e-02 9.173236018370778400e-02 9.436601324409817082e-02 9.675493283056547933e-02 8.887242967256984982e-02 8.894247372455030276e-02 8.821850074310758072e-02 1.077598412437574676e-01 9.564383279847060715e-02 9.772484476234902240e-02
9.808744433054587819e-02 9.360905758473926641e-02 9.675493283056547933e-02 1.000728578937891827e-01 9.223738604013433096e-02 9.233153632707685743e-02 9.133179693405013566e-02 1.111417209167704367e-01 9.815922763294746001e-02 9.981605667440913987e-02
9.048910631750316236e-02 8.604210197535201721e-02 8.887242967256984982e-02 9.223738604013433096e-02 8.582627536942108448e-02 8.645147137823754047e-02 8.574001120505234108e-02 1.043168260379516155e-01 9.168649461246088095e-02 9.262071037987147648e-02
9.153633614058481749e-02 8.646139448316275677e-02 8.894247372455030276e-02 9.233153632707685743e-02 8.645147137823754047e-02 8.811628125782230980e-02 8.806004057889543768e-02 1.075014605422291297e-01 9.411865636353447528e-02 9.441450475758562944e-02
9.213176827216004727e-02 8.631757041266009678e-02 8.821850074310758072e-02 9.133179693405013566e-02 8.574001120505234108e-02 8.806004057889543768e-02 8.921960173926066218e-02 1.097929567779725030e-01 9.598786988596319514e-02 9.576453012311583746e-02
1.139828084713302714e-01 1.060880960901586234e-01 1.077598412437574676e-01 1.111417209167704367e-01 1.043168260379516155e-01 1.075014605422291297e-01 1.097929567779725030e-01 1.366180162696401523e-01 1.196235690736631441e-01 1.190848520622408008e-01
1.018226544521195487e-01 9.456260898969910678e-02 9.564383279847060715e-02 9.815922763294746001e-02 9.168649461246088095e-02 9.411865636353447528e-02 9.598786988596319514e-02 1.196235690736631441e-01 1.059312422334392212e-01 1.061970715752262595e-01
1.041645361713509632e-01 9.684743537435702709e-02 9.772484476234902240e-02 9.981605667440913987e-02 9.262071037987147648e-02 9.441450475758562944e-02 9.576453012311583746e-02 1.190848520622408008e-01 1.061970715752262595e-01 1.079321300264171335e-01
1.085174328050085013e-01 1.005210959041778207e-01 9.140496427539913926e-02 1.028017865557683264e-01 9.704471174411355427e-02 9.632492454356113287e-02 1.021167588776992485e-01 1.099736004340526041e-01 1.080987595982679100e-01 9.992010806579486315e-02
1.005210959041778207e-01 9.403625624060917010e-02 8.597845765188476264e-02 9.691113074374813063e-02 9.125534324689159316e-02 9.008781695793208200e-02 9.488467528166602549e-02 1.016212392183818286e-01 9.961358769518326162e-02 9.216881042711935756e-02
9.140496427539913926e-02 8.597845765188476264e-02 7.952998222453358523e-02 9.029326182637698039e-02 8.508399302468173941e-02 8.371660573885121581e-02 8.765945462977564606e-02 9.326810592112835807e-02 9.091400854497025397e-02 8.383821586132420012e-02
1.028017865557683264e-01 9.691113074374813063e-02 9.029326182637698039e-02 1.035698207211770694e-01 9.792980973820379631e-02 9.630675991245689349e-02 1.004884823551544931e-01 1.063493655577033292e-01 1.030567462922260813e-01 9.455391911223862134e-02
9.704471174411355427e-02 9.125534324689159316e-02 8.508399302468173941e-02 9.792980973820379631e-02 9.346880176943186957e-02 9.243943134158136288e-02 9.663758422454310493e-02 1.021000703079645022e-01 9.846784312770455461e-02 8.976351130288427738e-02
9.632492454356113287e-02 9.008781695793208200e-02 8.371660573885121581e-02 9.630675991245689349e-02 9.243943134158136288e-02 9.251407871585301534e-02 9.741232630053656139e-02 1.031126311089876207e-01 9.911959133530054422e-02 8.974315170997812507e-02
1.021167588776992485e-01 9.488467528166602549e-02 8.765945462977564606e-02 1.004884823551544931e-01 9.663758422454310493e-02 9.741232630053656139e-02 1.038654105333947780e-01 1.106174095765664472e-01 1.062985765212312306e-01 9.576240583808072471e-02
1.099736004340526041e-01 1.016212392183818286e-01 9.326810592112835807e-02 1.063493655577033292e-01 1.021000703079645022e-01 1.031126311089876207e-01 1.106174095765664472e-01 1.191620622553568737e-01 1.149878566283519532e-01 1.034902322880910386e-01
1.080987595982679100e-01 9.961358769518326162e-02 9.091400854497025397e-02 1.030567462922260813e-01 9.846784312770455461e-02 9.911959133530054422e-02 1.062985765212312306e-01 1.149878566283519532e-01 1.122141588525019246e-01 1.015486844401659039e-01
9.992010806579486315e-02 9.216881042711935756e-02 8.383821586132420012e-02 9.455391911223862134e-02 8.976351130288427738e-02 8.974315170997812507e-02 9.576240583808072471e-02 1.034902322880910386e-01 1.015486844401659039e-01 9.312199588213318502e-02
1.203990124328907785e-01 1.088864064670060083e-01 9.787547233303794947e-02 8.895023892081160843e-02 8.425802251568062506e-02 8.952858540387029218e-02 1.066151838232735627e-01 1.196242954166070599e-01 1.201687405296206490e-01 1.285559644024852344e-01
1.088864064670060083e-01 9.960839683952128765e-02 8.996952966852181377e-02 8.179984934466780211e-02 7.727826669706722162e-02 8.173062028675893986e-02 9.680937007621159829e-02 1.080579697643118398e-01 1.081433295490483448e-01 1.156216580664629345e-01
9.787547233303794947e-02 8.996952966852181377e-02 8.200110225462778346e-02 7.487547695312145313e-02 7.080933990514340359e-02 7.478428444175840017e-02 8.829812066520874303e-02 9.808285770908627133e-02 9.760381562056294480e-02 1.039107795215316182e-01
8.895023892081160843e-02 8.179984934466780211e-02 7.487547695312145313e-02 6.891264811188807515e-02 6.548233367280878459e-02 6.931107958896720600e-02 8.180037728922545659e-02 9.055012537750579960e-02 8.955454062542181348e-02 9.474919286903613069e-02
8.425802251568062506e-02 7.727826669706722162e-02 7.080933990514340359e-02 6.548233367280878459e-02 6.275515395183092759e-02 6.682019584708895343e-02 7.906739360232416247e-02 8.738521552224662314e-02 8.592674874791661477e-02 9.026079884570525902e-02
8.952858540387029218e-02 8.173062028675893986e-02 7.478428444175840017e-02 6.931107958896720600e-02 6.682019584708895343e-02 7.182187496689132478e-02 8.547150722875127005e-02 9.453149392194842848e-02 9.254730786510129148e-02 9.655384727650181964e-02
1.066151838232735627e-01 9.680937007621159829e-02 8.829812066520874303e-02 8.180037728922545659e-02 7.906739360232416247e-02 8.547150722875127005e-02 1.026307177286995831e-01 1.139406459841491581e-01 1.113841446586247147e-01 1.156756405336595989e-01
1.196242954166070599e-01 1.080579697643118398e-01 9.808285770908627133e-02 9.055012537750579960e-02 8.738521552224662314e-02 9.453149392194842848e-02 1.139406459841491581e-01 1.277719876156089007e-01 1.254370888647960147e-01 1.302800671604138205e-01
1.201687405296206490e-01 1.081433295490483448e-01 9.760381562056294480e-02 8.955454062542181348e-02 8.592674874791661477e-02 9.254730786510129148e-02 1.113841446586247147e-01 1.254370888647960147e-01 1.249411424136078336e-01 1.308072414667365568e-01
1.285559644024852344e-01 1.156216580664629345e-01 1.039107795215316182e-01 9.474919286903613069e-02 9.026079884570525902e-02 9.655384727650181964e-02 1.156756405336595989e-01 1.302800671604138205e-01 1.308072414667365568e-01 1.391579636844337553e-01
1.157088251279970448e-01 1.196123559113973778e-01 1.209792372698831053e-01 1.125531213316376400e-01 1.000915794552630078e-01 9.438263833481569387e-02 9.397504287659488864e-02 9.735739320768835303e-02 9.329979191158646601e-02 1.002842734712053874e-01
1.196123559113973778e-01 1.252088215282980976e-01 1.273524548970317860e-01 1.183948389440052373e-01 1.047864872524980617e-01 9.818106463859119226e-02 9.716450778733387583e-02 1.002206434692503451e-01 9.587210812347200795e-02 1.031539266035601671e-01
1.209792372698831053e-01 1.273524548970317860e-01 1.312786403722795148e-01 1.226454531255991992e-01 1.084703864881198382e-01 1.012470828277386992e-01 9.967656922866971470e-02 1.022649997318243603e-01 9.735891058936982367e-02 1.043815481234689896e-01
1.125531213316376400e-01 1.183948389440052373e-01 1.226454531255991992e-01 1.160451717586266085e-01 1.032030372563419035e-01 9.644299388090044056e-02 9.475512979504874256e-02 9.680983550092109313e-02 9.161574653891149667e-02 9.758297335944378370e-02
1.000915794552630078e-01 1.047864872524980617e-01 1.084703864881198382e-01 1.032030372563419035e-01 9.291455669476293699e-02 8.741713053377145326e-02 8.607127450024212867e-02 8.778976409283559268e-02 8.264335880558897063e-02 8.738829687253124590e-02
9.438263833481569387e-02 9.818106463859119226e-02 1.012470828277386992e-01 9.644299388090044056e-02 8.741713053377145326e-02 8.318418876240352144e-02 8.239152566335758432e-02 8.413802692902126734e-02 7.894868818025506385e-02 8.297919124492783571e-02
9.397504287659488864e-02 9.716450778733387583e-02 9.967656922866971470e-02 9.475512979504874256e-02 8.607127450024212867e-02 8.239152566335758432e-02 8.236633000428800200e-02 8.447568930574123058e-02 7.925005902164566907e-02 8.303589150267458308e-02
9.735739320768835303e-02 1.002206434692503451e-01 1.022649997318243603e-01 9.680983550092109313e-02 8.778976409283559268e-02 8.413802692902126734e-02 8.447568930574123058e-02 8.730075853239098460e-02 8.218640597646677259e-02 8.618147847225013369e-02
9.329979191158646601e-02 9.587210812347200795e-02 9.735891058936982367e-02 9.161574653891149667e-02 8.264335880558897063e-02 7.894868818025506385e-02 7.925005902164566907e-02 8.218640597646677259e-02 7.806178513393824403e-02 8.237330026312930653e-02
1.002842734712053874e-01 1.031539266035601671e-01 1.043815481234689896e-01 9.758297335944378370e-02 8.738829687253124590e-02 8.297919124492783571e-02 8.303589150267458308e-02 8.618147847225013369e-02 8.237330026312930653e-02 8.793092208501510076e-02
1.477586105371850034e-01 1.322167154170680037e-01 1.154429539490508250e-01 1.102683170445733080e-01 1.004173637786909545e-01 9.900134053680852142e-02 9.544110500053350210e-02 1.135340501871520830e-01 1.292168972116576053e-01 1.362986223112233330e-01
1.322167154170680037e-01 1.199191229911022311e-01 1.053567252641128549e-01 1.007951133843397185e-01 9.158252089608871771e-02 8.987871855886622741e-02 8.609734452505823921e-02 1.017625612039467220e-01 1.152870739005650846e-01 1.214703341597133113e-01
1.154429539490508250e-01 1.053567252641128549e-01 9.378772379264407877e-02 9.034254730540748624e-02 8.218508653995493241e-02 8.046797284194623368e-02 7.666303641298316540e-02 9.001080456344490166e-02 1.013120189378539093e-01 1.062049842981318964e-01
1.102683170445733080e-01 1.007951133843397185e-01 9.034254730540748624e-02 8.793891543817872192e-02 8.034304732010798256e-02 7.870246577020434398e-02 7.475958120930997763e-02 8.736033936107903686e-02 9.774993723636918319e-02 1.018442436436670928e-01
1.004173637786909545e-01 9.158252089608871771e-02 8.218508653995493241e-02 8.034304732010798256e-02 7.397850463167311708e-02 7.276696762167517152e-02 6.917956810175127091e-02 8.073442591365216636e-02 8.999946735157099420e-02 9.324012926609873131e-02
9.900134053680852142e-02 8.987871855886622741e-02 8.046797284194623368e-02 7.870246577020434398e-02 7.276696762167517152e-02 7.210578419991631183e-02 6.885216570068310171e-02 8.051728588041158485e-02 8.963818182022419145e-02 9.244755483728830936e-02
9.544110500053350210e-02 8.609734452505823921e-02 7.666303641298316540e-02 7.475958120930997763e-02 6.917956810175127091e-02 6.885216570068310171e-02 6.633822153978610747e-02 7.807695138793299683e-02 8.709263620029164543e-02 8.959546350197813980e-02
1.135340501871520830e-01 1.017625612039467220e-01 9.001080456344490166e-02 8.736033936107903686e-02 8.073442591365216636e-02 8.051728588041158485e-02 7.807695138793299683e-02 9.279957147025386099e-02 1.040192518125894333e-01 1.069897478392851653e-01
1.292168972116576053e-01 1.152870739005650846e-01 1.013120189378539093e-01 9.774993723636918319e-02 8.999946735157099420e-02 8.963818182022419145e-02 8.709263620029164543e-02 1.040192518125894333e-01 1.178032703541891379e-01 1.217561353197020024e-01
1.362986223112233330e-01 1.214703341597133113e-01 1.062049842981318964e-01 1.018442436436670928e-01 9.324012926609873131e-02 9.244755483728830936e-02 8.959546350197813980e-02 1.069897478392851653e-01 1.217561353197020024e-01 1.275702750450714851e-01
1.160262118768438655e-01 1.114102198858570869e-01 1.084781792441942422e-01 1.038174155909892538e-01 9.251200730332431732e-02 9.361650742009422488e-02 9.756550560083000756e-02 1.070335287125032120e-01 1.034232797454268243e-01 1.181104571175365936e-01
1.114102198858570869e-01 1.084080509169322443e-01 1.062447840048515585e-01 1.017514224012323609e-01 9.032536316632930329e-02 9.084932991044694650e-02 9.404766217771534653e-02 1.025773440648204970e-01 9.877085201993743291e-02 1.127318251694802986e-01
1.084781792441942422e-01 1.062447840048515585e-01 1.053933862999048843e-01 1.014521084049756772e-01 9.003623448157394016e-02 9.026359194630068083e-02 9.294927336025168851e-02 1.007762923427950874e-01 9.647658152255604580e-02 1.096638416060991272e-01
1.038174155909892538e-01 1.017514224012323609e-01 1.014521084049756772e-01 9.863993458916353596e-02 8.792203211667293239e-02 8.823854670691588797e-02 9.068098505586520697e-02 9.790422016811319017e-02 9.315709528643045800e-02 1.052696353553767283e-01
9.251200730332431732e-02 9.032536316632930329e-02 9.003623448157394016e-02 8.792203211667293239e-02 7.915686368437493958e-02 7.995078422975178400e-02 8.234851634126132136e-02 8.878401278648498374e-02 8.404048302020608596e-02 9.435488903102255687e-02
9.361650742009422488e-02 9.084932991044694650e-02 9.026359194630068083e-02 8.823854670691588797e-02 7.995078422975178400e-02 8.161364259075580552e-02 8.455533650171190296e-02 9.128962610749959128e-02 8.611228336353365931e-02 9.612989804121951920e-02
9.756550560083000756e-02 9.404766217771534653e-02 9.294927336025168851e-02 9.068098505586520697e-02 8.234851634126132136e-02 8.455533650171190296e-02 8.847063256332593495e-02 9.599911793852966557e-02 9.054077094232622358e-02 1.007677476453764376e-01
1.070335287125032120e-01 1.025773440648204970e-01 1.007762923427950874e-01 9.790422016811319017e-02 8.878401278648498374e-02 9.128962610749959128e-02 9.599911793852966557e-02 1.051459358590968313e-01 9.957865064361988428e-02 1.109228990447365393e-01
1.034232797454268243e-01 9.877085201993743291e-02 9.647658152255604580e-02 9.315709528643045800e-02 8.404048302020608596e-02 8.611228336353365931e-02 9.054077094232622358e-02 9.957865064361988428e-02 9.542128026779309047e-02 1.070890411846967122e-01
1.181104571175365936e-01 1.127318251694802986e-01 1.096638416060991272e-01 1.052696353553767283e-01 9.435488903102255687e-02 9.612989804121951920e-02 1.007677476453764376e-01 1.109228990447365393e-01 1.070890411846967122e-01 1.217240613518091596e-01
1.081060228708270177e-01 1.084126806881966221e-01 1.109745753318581996e-01 9.752062698065025459e-02 1.011382487508196010e-01 1.000524686375000027e-01 9.481211278772613826e-02 9.185113249827521475e-02 9.625727270914617717e-02 1.060662930068181631e-01
1.084126806881966221e-01 1.100612726121796836e-01 1.133333570027986736e-01 9.956303547262435050e-02 1.029295221152967676e-01 1.013083640428097260e-01 9.544060640921957217e-02 9.195653537044864989e-02 9.602033306063723073e-02 1.057884207141829291e-01
1.109745753318581996e-01 1.133333570027986736e-01 1.181006980385064659e-01 1.042467229705074105e-01 1.078997058159867906e-01 1.059222556040988056e-01 9.926098424333185122e-02 9.500923775715112984e-02 9.860014691662835618e-02 1.082250577861393614e-01
9.752062698065025459e-02 9.956303547262435050e-02 1.042467229705074105e-01 9.321523669890954822e-02 9.727207783872357516e-02 9.566929519627910550e-02 8.938876986083202358e-02 8.503367634596321889e-02 8.758849485495207032e-02 9.549804666177366674e-02
1.011382487508196010e-01 1.029295221152967676e-01 1.078997058159867906e-01 9.727207783872357516e-02 1.028224404199479664e-01 1.016645461910802295e-01 9.494978301303086399e-02 8.992688593851552725e-02 9.201313257787724353e-02 9.962043190064856502e-02
1.000524686375000027e-01 1.013083640428097260e-01 1.059222556040988056e-01 9.566929519627910550e-02 1.016645461910802295e-01 1.015097526306396325e-01 9.518259023934214080e-02 9.014394589778615408e-02 9.196802444474706795e-02 9.910520638785830227e-02
9.481211278772613826e-02 9.544060640921957217e-02 9.926098424333185122e-02 8.938876986083202358e-02 9.494978301303086399e-02 9.518259023934214080e-02 9.009024387616904050e-02 8.576564561401911480e-02 8.765547326885807233e-02 9.432339560602770456e-02
9.185113249827521475e-02 9.195653537044864989e-02 9.500923775715112984e-02 8.503367634596321889e-02 8.992688593851552725e-02 9.014394589778615408e-02 8.576564561401911480e-02 8.252417511590580401e-02 8.491058411305568709e-02 9.158272282121528163e-02
9.625727270914617717e-02 9.602033306063723073e-02 9.860014691662835618e-02 8.758849485495207032e-02 9.201313257787724353e-02 9.196802444474706795e-02 8.765547326885807233e-02 8.491058411305568709e-02 8.836862925964333870e-02 9.591055306650790591e-02
1.060662930068181631e-01 1.057884207141829291e-01 1.082250577861393614e-01 9.549804666177366674e-02 9.962043190064856502e-02 9.910520638785830227e-02 9.432339560602770456e-02 9.158272282121528163e-02 9.591055306650790591e-02 1.052015284772717385e-01
1.034129592545809384e-01 1.034047525988313482e-01 9.703670426392273229e-02 9.460379886116411507e-02 9.843414344462231291e-02 9.832727682651469514e-02 9.725220812663604164e-02 1.013528688009861650e-01 1.013606247819354850e-01 9.894922168136741081e-02
1.034047525988313482e-01 1.044623998212842048e-01 9.847005739597922136e-02 9.604778380412835881e-02 9.967865933941558176e-02 9.907895500927585419e-02 9.740732619764962130e-02 1.009834788924238586e-01 1.007280789889315881e-01 9.844057933002473004e-02
9.703670426392273229e-02 9.847005739597922136e-02 9.381887631921778659e-02 9.207582294288395308e-02 9.573758558290987319e-02 9.494617126426524445e-02 9.285800012271097637e-02 9.566232901607349404e-02 9.488803064181244862e-02 9.240799701893477602e-02
9.460379886116411507e-02 9.604778380412835881e-02 9.207582294288395308e-02 9.143974509630227454e-02 9.570255480686204463e-02 9.501298419865168710e-02 9.262366647229580696e-02 9.486832780540670196e-02 9.345859213536153454e-02 9.044514479580098576e-02
9.843414344462231291e-02 9.967865933941558176e-02 9.573758558290987319e-02 9.570255480686204463e-02 1.012849035561888822e-01 1.010581521205737021e-01 9.852905821841649592e-02 1.005736578685052923e-01 9.849329981676548107e-02 9.465816807225332918e-02
9.832727682651469514e-02 9.907895500927585419e-02 9.494617126426524445e-02 9.501298419865168710e-02 1.010581521205737021e-01 1.018972439218330667e-01 9.986484598598958928e-02 1.020216806772008544e-01 9.959548152404794352e-02 9.516078650575816866e-02
9.725220812663604164e-02 9.740732619764962130e-02 9.285800012271097637e-02 9.262366647229580696e-02 9.852905821841649592e-02 9.986484598598958928e-02 9.899063750798706152e-02 1.017409741020267044e-01 9.938907932077635510e-02 9.464137248718301754e-02
1.013528688009861650e-01 1.009834788924238586e-01 9.566232901607349404e-02 9.486832780540670196e-02 1.005736578685052923e-01 1.020216806772008544e-01 1.017409741020267044e-01 1.057696380633105226e-01 1.038593269562905347e-01 9.892647191396700124e-02
1.013606247819354850e-01 1.007280789889315881e-01 9.488803064181244862e-02 9.345859213536153454e-02 9.849329981676548107e-02 9.959548152404794352e-02 9.938907932077635510e-02 1.038593269562905347e-01 1.031309172781664091e-01 9.879356250779036674e-02
9.894922168136741081e-02 9.844057933002473004e-02 9.240799701893477602e-02 9.044514479580098576e-02 9.465816807225332918e-02 9.516078650575816866e-02 9.464137248718301754e-02 9.892647191396700124e-02 9.879356250779036674e-02 9.579267918112925606e-02
