4.996050969792041330e-01 1.564763904015508134e-01 -9.871107117013129279e-04 -1.306287198832794573e-02 1.039249763478897328e-04 2.487160512363768144e-03 3.261902196295583136e-06 -2.488743471355760704e-03 2.704201809868230519e-05 1.307862119998625880e-02 -2.471637970496193444e-04 -1.565362465972553740e-01
1.564763904015508134e-01 5.021228352506350578e-01 1.566233635834926863e-01 2.413388974118962178e-04 -1.308972681229143321e-02 -5.804200632160465495e-05 2.491041951038956183e-03 -8.097397101582340379e-06 -2.489067775502934194e-03 1.494953212712457223e-04 1.307650271162356589e-02 -3.870637230076964547e-05
-9.871107117013129279e-04 1.566233635834926863e-01 4.992489075709721225e-01 1.564002599861903930e-01 2.232253432109821681e-04 -1.304638120435936896e-02 -1.339408157204197950e-04 2.484796908391746426e-03 3.281527002717887016e-05 -2.491863290167399200e-03 -1.176366257895719326e-04 1.308435989297377505e-02
-1.306287198832794573e-02 2.413388974118962178e-04 1.564002599861903930e-01 4.996394731083024787e-01 1.565098115696898773e-01 -1.212128303884119941e-05 -1.307438729121475698e-02 2.068133817307333947e-06 2.488488393604903516e-03 -1.847136945856444311e-05 -2.488020589986984690e-03 -4.905587558546964475e-05
1.039249763478897328e-04 -1.308972681229143321e-02 2.232253432109821681e-04 1.565098115696898773e-01 5.002728686980020267e-01 1.563944133776576928e-01 5.661187704011545491e-04 -1.305475096853399124e-02 -2.512212179483456088e-05 2.485101401765417786e-03 2.201799534925965446e-06 -2.490114715727583840e-03
2.487160512363768144e-03 -5.804200632160465495e-05 -1.304638120435936896e-02 -1.212128303884119941e-05 1.563944133776576928e-01 4.987259953309766125e-01 1.565978827131772610e-01 -3.167925667251054686e-04 -1.307833226046080724e-02 7.384708385248192370e-05 2.489836054382017598e-03 3.874229588182521490e-06
3.261902196295583136e-06 2.491041951038956183e-03 -1.339408157204197950e-04 -1.307438729121475698e-02 5.661187704011545491e-04 1.565978827131772610e-01 5.007561119620682621e-01 1.563840144084544526e-01 -2.474006911815097550e-04 -1.304069951451223772e-02 1.241919085222343362e-04 2.485886434314017561e-03
-2.488743471355760704e-03 -8.097397101582340379e-06 2.484796908391746426e-03 2.068133817307333947e-06 -1.305475096853399124e-02 -3.167925667251054686e-04 1.563840144084544526e-01 5.004247690866803211e-01 1.565229119644139244e-01 2.872974517670177268e-05 -1.308702313314536597e-02 -7.704329783219782915e-05
2.704201809868230519e-05 -2.489067775502934194e-03 3.281527002717887016e-05 2.488488393604903516e-03 -2.512212179483456088e-05 -1.307833226046080724e-02 -2.474006911815097550e-04 1.565229119644139244e-01 4.996672479667281230e-01 1.563750621153805476e-01 -5.192296946081816945e-04 -1.305749041647014802e-02
1.307862119998625880e-02 1.494953212712457223e-04 -2.491863290167399200e-03 -1.847136945856444311e-05 2.485101401765417786e-03 7.384708385248192370e-05 -1.304069951451223772e-02 2.872974517670177268e-05 1.563750621153805476e-01 5.013338183577704665e-01 1.566557621421602875e-01 7.368738515272765105e-04
-2.471637970496193444e-04 1.307650271162356589e-02 -1.176366257895719326e-04 -2.488020589986984690e-03 2.201799534925965446e-06 2.489836054382017598e-03 1.241919085222343362e-04 -1.308702313314536597e-02 -5.192296946081816945e-04 1.566557621421602875e-01 4.983552917693346851e-01 1.563951388734303727e-01
-1.565362465972553740e-01 -3.870637230076964547e-05 1.308435989297377505e-02 -4.905587558546964475e-05 -2.490114715727583840e-03 3.874229588182521490e-06 2.485886434314017561e-03 -7.704329783219782915e-05 -1.305749041647014802e-02 7.368738515272765105e-04 1.563951388734303727e-01 4.998475839193502468e-01
5.014214441505409070e-01 1.565293370826126851e-01 2.264575030474827964e-04 -1.306809210727262124e-02 6.224410279585804368e-05 2.489066239858026951e-03 -1.798682120822823319e-05 -2.486780966550015438e-03 1.049249019474517305e-04 1.306566148747784380e-02 4.284286270153647713e-05 -1.564580361565051647e-01
1.565293370826126851e-01 4.995418027793127047e-01 1.564321910471244692e-01 4.946391020418602642e-04 -1.307395714704230952e-02 -1.401898137405181472e-04 2.486742347186176628e-03 2.723831782849036562e-05 -2.487573855812082960e-03 -7.199732135624878977e-05 1.306871568825897223e-02 6.828562883800367786e-04
2.264575030474827964e-04 1.564321910471244692e-01 4.987423719963860469e-01 1.565401679573434623e-01 -8.826430205691015562e-04 -1.308229519121349368e-02 8.360533720884473334e-05 2.488622527711123293e-03 -2.723492891224887582e-05 -2.486306983598442037e-03 -3.305512274376484674e-05 1.305923859194790815e-02
-1.306809210727262124e-02 4.946391020418602642e-04 1.565401679573434623e-01 5.022536164069264508e-01 1.565989397060211230e-01 8.434408740548367429e-04 -1.306850468161539942e-02 -7.243951381074478064e-05 2.485885910733367805e-03 -1.693906859477403433e-06 -2.487533498703072433e-03 -1.270693751956268451e-05
6.224410279585804368e-05 -1.307395714704230952e-02 -8.826430205691015562e-04 1.565989397060211230e-01 4.979214581670320938e-01 1.565046222629031258e-01 -9.903751699500077245e-05 -1.306590149888574304e-02 2.533965298490243267e-05 2.487234495546469804e-03 2.454968256504383136e-05 -2.487705773543169400e-03
2.489066239858026951e-03 -1.401898137405181472e-04 -1.308229519121349368e-02 8.434408740548367429e-04 1.565046222629031258e-01 5.004192794877723172e-01 1.564431783556794187e-01 -3.445311864366924445e-04 -1.305110438164188910e-02 1.191077041249582872e-04 2.485761863984869719e-03 -1.230398786686512651e-05
-1.798682120822823319e-05 2.486742347186176628e-03 8.360533720884473334e-05 -1.306850468161539942e-02 -9.903751699500077245e-05 1.564431783556794187e-01 5.006939733411811533e-01 1.564849993020885621e-01 1.374543000733294273e-04 -1.307242899676453428e-02 -6.853600782305418473e-05 2.486234808165821084e-03
-2.486780966550015438e-03 2.723831782849036562e-05 2.488622527711123293e-03 -7.243951381074478064e-05 -1.306590149888574304e-02 -3.445311864366924445e-04 1.564849993020885621e-01 4.994435724003410959e-01 1.564203391130067344e-01 -4.442509061474249820e-04 -1.305717581701881964e-02 -2.199877434878527650e-05
1.049249019474517305e-04 -2.487573855812082960e-03 -2.723492891224887582e-05 2.485885910733367805e-03 2.533965298490243267e-05 -1.305110438164188910e-02 1.374543000733294273e-04 1.564203391130067344e-01 5.011436909884148250e-01 1.565633035331551737e-01 5.210325728729108333e-04 -1.306668825546711439e-02
1.306566148747784380e-02 -7.199732135624878977e-05 -2.486306983598442037e-03 -1.693906859477403433e-06 2.487234495546469804e-03 1.191077041249582872e-04 -1.307242899676453428e-02 -4.442509061474249820e-04 1.565633035331551737e-01 4.988402246212520486e-01 1.564171385279793380e-01 2.724269195203349661e-04
4.284286270153647713e-05 1.306871568825897223e-02 -3.305512274376484674e-05 -2.487533498703072433e-03 2.454968256504383136e-05 2.485761863984869719e-03 -6.853600782305418473e-05 -1.305717581701881964e-02 5.210325728729108333e-04 1.564171385279793380e-01 4.996710132104791313e-01 1.565050903422225692e-01
-1.564580361565051647e-01 6.828562883800367786e-04 1.305923859194790815e-02 -1.270693751956268451e-05 -2.487705773543169400e-03 -1.230398786686512651e-05 2.486234808165821084e-03 -2.199877434878527650e-05 -1.306668825546711439e-02 2.724269195203349661e-04 1.565050903422225692e-01 4.999075524503894252e-01
5.010997690668292925e-01 1.564395417348905526e-01 2.561438731256096991e-04 -1.305656193330881169e-02 -4.584369444480037849e-05 2.484090846209570727e-03 -2.583493041300304071e-07 -2.484093293030864048e-03 6.287030094018959702e-05 1.306191086448091690e-02 -2.985173597004767490e-04 -1.565244766576480151e-01
1.564395417348905526e-01 4.991391846955024469e-01 1.564869315874259093e-01 -4.327414648628593024e-04 -1.305962617622948192e-02 1.021531574998449897e-04 2.484799051396899966e-03 -5.476594262383608459e-06 -2.483935253092922537e-03 2.399741385726128062e-06 1.305804589968413698e-02 4.327336769622255126e-04
2.561438731256096991e-04 1.564869315874259093e-01 5.011357081344602893e-01 1.564736833493184931e-01 2.910657808765072471e-04 -1.306100313959307653e-02 -3.173276271138489475e-05 2.484504947667255659e-03 -6.733527133340976554e-06 -2.485534095937248777e-03 4.934506984780566300e-05 1.306892882578166749e-02
-1.305656193330881169e-02 -4.327414648628593024e-04 1.564736833493184931e-01 4.991105347843661777e-01 1.564568838363571412e-01 -3.464936301419012420e-04 -1.305793676620949431e-02 -1.875000285059788584e-05 2.483992962677856672e-03 7.687864334422484913e-06 -2.485074390091577840e-03 -1.192774241766829851e-04
-4.584369444480037849e-05 -1.305962617622948192e-02 2.910657808765072471e-04 1.564568838363571412e-01 5.008587939691349078e-01 1.564767007177222946e-01 1.107980485078150933e-04 -1.305768399024159407e-02 -1.446295952526379389e-05 2.483624898249553112e-03 -7.744454858480402009e-06 -2.485499581245251537e-03
2.484090846209570727e-03 1.021531574998449897e-04 -1.306100313959307653e-02 -3.464936301419012420e-04 1.564767007177222946e-01 4.997697878272935879e-01 1.564525013987227986e-01 3.857830006493017955e-04 -1.305543990803646748e-02 -2.926160484851264142e-05 2.483915266845920095e-03 3.872270185534327949e-05
-2.583493041300304071e-07 2.484799051396899966e-03 -3.173276271138489475e-05 -1.305793676620949431e-02 1.107980485078150933e-04 1.564525013987227986e-01 4.991923932692713395e-01 1.564725426594004432e-01 -2.341114700042879393e-04 -1.305393615666025978e-02 5.833108644063724868e-05 2.483265405642719192e-03
-2.484093293030864048e-03 -5.476594262383608459e-06 2.484504947667255659e-03 -1.875000285059788584e-05 -1.305768399024159407e-02 3.857830006493017955e-04 1.564725426594004432e-01 5.005760117936587372e-01 1.564499678709415087e-01 -9.282428131386063824e-05 -1.305639357219267813e-02 -2.499953646219573366e-05
6.287030094018959702e-05 -2.483935253092922537e-03 -6.733527133340976554e-06 2.483992962677856672e-03 -1.446295952526379389e-05 -1.305543990803646748e-02 -2.341114700042879393e-04 1.564499678709415087e-01 5.000605037422927168e-01 1.564435722490415404e-01 -6.568655585294106217e-05 -1.305215276961321259e-02
1.306191086448091690e-02 2.399741385726128062e-06 -2.485534095937248777e-03 7.687864334422484913e-06 2.483624898249553112e-03 -2.926160484851264142e-05 -1.305393615666025978e-02 -9.282428131386063824e-05 1.564435722490415404e-01 5.001854321466622233e-01 1.564704918967268488e-01 2.619411100947110355e-04
-2.985173597004767490e-04 1.305804589968413698e-02 4.934506984780566300e-05 -2.485074390091577840e-03 -7.744454858480402009e-06 2.483915266845920095e-03 5.833108644063724868e-05 -1.305639357219267813e-02 -6.568655585294106217e-05 1.564704918967268488e-01 4.995701899343376051e-01 1.564303396096100307e-01
-1.565244766576480151e-01 4.327336769622255126e-04 1.306892882578166749e-02 -1.192774241766829851e-04 -2.485499581245251537e-03 3.872270185534327949e-05 2.483265405642719192e-03 -2.499953646219573366e-05 -1.305215276961321259e-02 2.619411100947110355e-04 1.564303396096100307e-01 4.993016906362572893e-01
4.999168994013115652e-01 1.564716657023982049e-01 3.307039397773093117e-04 -1.308322171221465609e-02 9.028853037157635571e-05 2.497482414233623618e-03 2.408939888958442458e-05 -2.485461678715406367e-03 2.291054309320938380e-06 1.305031072555044858e-02 -9.062025923950748837e-05 -1.564313119540891306e-01
1.564716657023982049e-01 4.992978790999327288e-01 1.564874218840268949e-01 -2.389752572294177738e-04 -1.305570121266668229e-02 1.994787034536283049e-04 2.495822920112382090e-03 -3.012794767967246946e-05 -2.486388055654814924e-03 4.305430805778571318e-05 1.305816198516481300e-02 -1.078491583632217640e-04
3.307039397773093117e-04 1.564874218840268949e-01 5.004264168007885871e-01 1.565197128559959461e-01 -7.038593457861581004e-04 -1.313129143402696521e-02 -9.193797896525950834e-05 2.496035540792946195e-03 -1.128417701752256369e-05 -2.486414578028807269e-03 7.958525007753728254e-05 1.306125542634153924e-02
-1.308322171221465609e-02 -2.389752572294177738e-04 1.565197128559959461e-01 5.010641463883075408e-01 1.563981732437076666e-01 -5.622302176730206019e-04 -1.310908826079054679e-02 -1.437666691348216808e-05 2.495693266867713908e-03 -4.490018436316349612e-06 -2.492110833201370383e-03 9.108037743024026184e-06
9.028853037157635571e-05 -1.305570121266668229e-02 -7.038593457861581004e-04 1.563981732437076666e-01 5.015036208110518201e-01 1.569261185478606491e-01 1.593087292165876537e-03 -1.311322246772500533e-02 -1.500910808785156463e-04 2.493931401113865659e-03 3.413122179550984420e-05 -2.487590498779542435e-03
2.497482414233623618e-03 1.994787034536283049e-04 -1.313129143402696521e-02 -5.622302176730206019e-04 1.569261185478606491e-01 4.964991283138465161e-01 1.565540957161479230e-01 -2.535489431351171832e-04 -1.307469289441134074e-02 5.086723608046938184e-05 2.489441575241653146e-03 2.132778687758117122e-05
2.408939888958442458e-05 2.495822920112382090e-03 -9.193797896525950834e-05 -1.310908826079054679e-02 1.593087292165876537e-03 1.565540957161479230e-01 5.008865337655368233e-01 1.565014642561836644e-01 -5.456104631765118767e-04 -1.306425514733577931e-02 9.194884507476725204e-05 2.487717088339681457e-03
-2.485461678715406367e-03 -3.012794767967246946e-05 2.496035540792946195e-03 -1.437666691348216808e-05 -1.311322246772500533e-02 -2.535489431351171832e-04 1.565014642561836644e-01 5.010226539365434384e-01 1.564550516789890988e-01 2.308966382692551229e-04 -1.305461889641034400e-02 -4.258924224599718250e-05
2.291054309320938380e-06 -2.486388055654814924e-03 -1.128417701752256369e-05 2.495693266867713908e-03 -1.500910808785156463e-04 -1.307469289441134074e-02 -5.456104631765118767e-04 1.564550516789890988e-01 4.993351536459361695e-01 1.564702174030755399e-01 -1.276765554269632813e-04 -1.305824756288333222e-02
1.305031072555044858e-02 4.305430805778571318e-05 -2.486414578028807269e-03 -4.490018436316349612e-06 2.493931401113865659e-03 5.086723608046938184e-05 -1.306425514733577931e-02 2.308966382692551229e-04 1.564702174030755399e-01 5.003900670366150383e-01 1.564362000302937927e-01 8.321102255769239481e-05
-9.062025923950748837e-05 1.305816198516481300e-02 7.958525007753728254e-05 -2.492110833201370383e-03 3.413122179550984420e-05 2.489441575241653146e-03 9.194884507476725204e-05 -1.305461889641034400e-02 -1.276765554269632813e-04 1.564362000302937927e-01 4.997931385824698203e-01 1.564685878086918003e-01
-1.564313119540891306e-01 -1.078491583632217640e-04 1.306125542634153924e-02 9.108037743024026184e-06 -2.487590498779542435e-03 2.132778687758117122e-05 2.487717088339681457e-03 -4.258924224599718250e-05 -1.305824756288333222e-02 8.321102255769239481e-05 1.564685878086918003e-01 4.998643622177645351e-01
5.002167912341302092e-01 1.564270203352885746e-01 -2.324184805176193161e-04 -1.306084510917336627e-02 5.172030990050758539e-05 2.484717959447876618e-03 -2.742952382769714523e-05 -2.487144135814122262e-03 6.294360154799502030e-05 1.306944693059907195e-02 1.148207998459961458e-04 -1.564743077182980391e-01
1.564270203352885746e-01 5.006999105508798120e-01 1.565305240008795507e-01 7.123264042588850443e-04 -1.307027572453559570e-02 -1.080147535886781399e-04 2.486828772386678009e-03 3.446047595115165821e-05 -2.484484051470042115e-03 -8.232311502534569807e-05 1.304834776237199720e-02 1.736913279123824833e-04
-2.324184805176193161e-04 1.565305240008795507e-01 4.982752330923606032e-01 1.565030099964133947e-01 -4.824822552748904252e-04 -1.306012148263502141e-02 1.093941527024235445e-04 2.484505103464040854e-03 -6.059550341647630949e-06 -2.486156801712819178e-03 -7.499677619101812788e-05 1.306709035957797499e-02
-1.306084510917336627e-02 7.123264042588850443e-04 1.565030099964133947e-01 5.013447242845852081e-01 1.564807341806240260e-01 2.167444154998054030e-04 -1.306215742862439945e-02 -3.333908173424496264e-05 2.484804992461462150e-03 -4.879448171187043262e-07 -2.484442271256380105e-03 6.545696373908672190e-05
5.172030990050758539e-05 -1.307027572453559570e-02 -4.824822552748904252e-04 1.564807341806240260e-01 4.992336723724050684e-01 1.564407643038911999e-01 -3.068197948806886187e-04 -1.305284828097946423e-02 -1.598378510424538156e-05 2.484107041157689391e-03 3.052318486019637016e-05 -2.486231395645086342e-03
2.484717959447876618e-03 -1.080147535886781399e-04 -1.306012148263502141e-02 2.167444154998054030e-04 1.564407643038911999e-01 5.007754119017775452e-01 1.564883145041058576e-01 1.573125980007792669e-04 -1.306058380286231543e-02 2.220296091322425012e-05 2.485643190965539009e-03 -1.020332360302147182e-05
-2.742952382769714523e-05 2.486828772386678009e-03 1.093941527024235445e-04 -1.306215742862439945e-02 -3.068197948806886187e-04 1.564883145041058576e-01 4.996901860101867765e-01 1.564289712891869799e-01 3.058164242328503335e-04 -1.305575221831141441e-02 -1.143360600480006136e-04 2.485048460877257483e-03
-2.487144135814122262e-03 3.446047595115165821e-05 2.484505103464040854e-03 -3.333908173424496264e-05 -1.305284828097946423e-02 1.573125980007792669e-04 1.564289712891869799e-01 4.992407765917772355e-01 1.565010294654412271e-01 -4.727572801030963980e-04 -1.307244529987021571e-02 5.932692096986377415e-05
6.294360154799502030e-05 -2.484484051470042115e-03 -6.059550341647630949e-06 2.484804992461462150e-03 -1.598378510424538156e-05 -1.306058380286231543e-02 3.058164242328503335e-04 1.565010294654412271e-01 5.012940914110038948e-01 1.564701858286116909e-01 6.378347377129921399e-04 -1.305866031419417733e-02
1.306944693059907195e-02 -8.232311502534569807e-05 -2.486156801712819178e-03 -4.879448171187043262e-07 2.484107041157689391e-03 2.220296091322425012e-05 -1.305575221831141441e-02 -4.727572801030963980e-04 1.564701858286116909e-01 4.984265513190367924e-01 1.565401095324161496e-01 -2.465480267106927650e-04
1.148207998459961458e-04 1.304834776237199720e-02 -7.499677619101812788e-05 -2.484442271256380105e-03 3.052318486019637016e-05 2.485643190965539009e-03 -1.143360600480006136e-04 -1.307244529987021571e-02 6.378347377129921399e-04 1.565401095324161496e-01 5.007266088998892917e-01 1.564234097216372910e-01
-1.564743077182980391e-01 1.736913279123824833e-04 1.306709035957797499e-02 6.545696373908672190e-05 -2.486231395645086342e-03 -1.020332360302147182e-05 2.485048460877257483e-03 5.932692096986377415e-05 -1.305866031419417733e-02 -2.465480267106927650e-04 1.564234097216372910e-01 5.000760423320315118e-01
5.001658531829051846e-01 1.564389868564736719e-01 3.517832061009161623e-04 -1.307365162742584255e-02 9.374554006844079235e-05 2.487899669206197848e-03 -1.514734950734287462e-05 -2.489382854071689292e-03 -3.415315429953813585e-05 1.306384701648228425e-02 -9.140961086162536706e-05 -1.564649331950932476e-01
1.564389868564736719e-01 4.993591984199121647e-01 1.564833083240761424e-01 1.210046455273561467e-04 -1.307526312338274516e-02 6.742442728732114983e-05 2.490431373402921846e-03 -2.110457309360701434e-05 -2.490281227464305643e-03 -8.410168415788480453e-05 1.305233219416108287e-02 4.692956499761490735e-06
3.517832061009161623e-04 1.564833083240761424e-01 4.995455054625502767e-01 1.565261257113595428e-01 -9.676947687708864227e-04 -1.307130584998492454e-02 1.085271138759169422e-04 2.489140995659608942e-03 -3.092491677505325605e-05 -2.488325654610275706e-03 7.387625727471517202e-05 1.305972637556764709e-02
-1.307365162742584255e-02 1.210046455273561467e-04 1.565261257113595428e-01 5.020261259490230721e-01 1.565556227068264361e-01 5.116465366687954902e-05 -1.309107434604525610e-02 -4.248568936530894080e-05 2.500903515749022116e-03 3.563044194930151901e-05 -2.489372917436167947e-03 4.794203768284309544e-05
9.374554006844079235e-05 -1.307526312338274516e-02 -9.676947687708864227e-04 1.565556227068264361e-01 4.996505040641353035e-01 1.564665209002517043e-01 2.943584139038695011e-04 -1.305656267325079438e-02 1.100104711277059247e-05 2.488476097886671741e-03 2.993907806731160685e-05 -2.488787835468320511e-03
2.487899669206197848e-03 6.742442728732114983e-05 -1.307130584998492454e-02 5.116465366687954902e-05 1.564665209002517043e-01 4.995354135092325842e-01 1.564794715321655150e-01 6.361532462060919511e-05 -1.307953044668656861e-02 -1.370125215276543911e-04 2.488761584161436596e-03 2.385146742830370392e-05
-1.514734950734287462e-05 2.490431373402921846e-03 1.085271138759169422e-04 -1.309107434604525610e-02 2.943584139038695011e-04 1.564794715321655150e-01 4.997413614323859554e-01 1.564168058426193830e-01 -4.280866107618784035e-04 -1.306709652877056926e-02 -2.375022719309626690e-05 2.488586528127193550e-03
-2.489382854071689292e-03 -2.110457309360701434e-05 2.489140995659608942e-03 -4.248568936530894080e-05 -1.305656267325079438e-02 6.361532462060919511e-05 1.564168058426193830e-01 5.012181183222071956e-01 1.566038697614512143e-01 9.850306181902004389e-04 -1.308189616251913268e-02 -7.376341692554225899e-05
-3.415315429953813585e-05 -2.490281227464305643e-03 -3.092491677505325605e-05 2.500903515749022116e-03 1.100104711277059247e-05 -1.307953044668656861e-02 -4.280866107618784035e-04 1.566038697614512143e-01 4.978439186193172605e-01 1.565044180989116906e-01 -1.555330946533374850e-05 -1.307528231467598723e-02
1.306384701648228425e-02 -8.410168415788480453e-05 -2.488325654610275706e-03 3.563044194930151901e-05 2.488476097886671741e-03 -1.370125215276543911e-04 -1.306709652877056926e-02 9.850306181902004389e-04 1.565044180989116906e-01 5.002018356917139474e-01 1.565226572119130521e-01 -5.424417857582903083e-04
-9.140961086162536706e-05 1.305233219416108287e-02 7.387625727471517202e-05 -2.489372917436167947e-03 2.993907806731160685e-05 2.488761584161436596e-03 -2.375022719309626690e-05 -1.308189616251913268e-02 -1.555330946533374850e-05 1.565226572119130521e-01 5.010843212286899551e-01 1.564403318696340750e-01
-1.564649331950932476e-01 4.692956499761490735e-06 1.305972637556764709e-02 4.794203768284309544e-05 -2.488787835468320511e-03 2.385146742830370392e-05 2.488586528127193550e-03 -7.376341692554225899e-05 -1.307528231467598723e-02 -5.424417857582903083e-04 1.564403318696340750e-01 4.996278441180233010e-01
4.995572504498974054e-01 1.564644064213679686e-01 1.382503449458514773e-04 -1.305636277296714359e-02 -4.503043695491779921e-05 2.485295308571494957e-03 2.606002512864184772e-05 -2.483117301484472766e-03 -2.202563681416768923e-05 1.305535438632999048e-02 5.493455937080914987e-04 -1.564759446352525785e-01
1.564644064213679686e-01 4.998299932244895105e-01 1.564331622286752876e-01 1.416842472199954456e-04 -1.305140381351306729e-02 6.870621675720281962e-05 2.483789552544279564e-03 1.208357589552045615e-05 -2.485082279545644882e-03 -1.966997016212732822e-05 1.306212004985901273e-02 -1.463460140019081919e-04
1.382503449458514773e-04 1.564331622286752876e-01 4.997981714448327395e-01 1.564720889436175266e-01 5.516437351148857290e-05 -1.306627942203595835e-02 -3.157274162089113785e-05 2.484777235260061945e-03 7.187093150679611071e-06 -2.483471887986952314e-03 -5.625476796017450437e-05 1.305833355285323030e-02
-1.305636277296714359e-02 1.416842472199954456e-04 1.564720889436175266e-01 4.997030457529827441e-01 1.564348225880753118e-01 -5.970329599639279550e-04 -1.305689932446355006e-02 2.269698841371322283e-06 2.484735773885259763e-03 -1.275850381009935438e-05 -2.485081109161643362e-03 6.150818221328624273e-05
-4.503043695491779921e-05 -1.305140381351306729e-02 5.516437351148857290e-05 1.564348225880753118e-01 5.013840158647027145e-01 1.565645108641601779e-01 4.665446069796147337e-04 -1.306712020089321850e-02 -7.099359683733335593e-05 2.485452615829261691e-03 2.136878884559696040e-05 -2.483707422743096967e-03
2.485295308571494957e-03 6.870621675720281962e-05 -1.306627942203595835e-02 -5.970329599639279550e-04 1.565645108641601779e-01 4.989394902689776035e-01 1.564090375572532166e-01 3.069670020535760087e-04 -1.305589256727357483e-02 2.477379991497929480e-05 2.484328856255035248e-03 5.653643087584352448e-06
2.606002512864184772e-05 2.483789552544279564e-03 -3.157274162089113785e-05 -1.305689932446355006e-02 4.665446069796147337e-04 1.564090375572532166e-01 4.995166664162099535e-01 1.565156902154480334e-01 -2.085448471010530004e-04 -1.306335958007425607e-02 1.268431373707576372e-06 2.485934026344328168e-03
-2.483117301484472766e-03 1.208357589552045615e-05 2.484777235260061945e-03 2.269698841371322283e-06 -1.306712020089321850e-02 3.069670020535760087e-04 1.565156902154480334e-01 5.003549984338576673e-01 1.564221976854447971e-01 -3.514335418670252705e-04 -1.305182121509949195e-02 1.417151108765009001e-05
-2.202563681416768923e-05 -2.485082279545644882e-03 7.187093150679611071e-06 2.484735773885259763e-03 -7.099359683733335593e-05 -1.305589256727357483e-02 -2.085448471010530004e-04 1.564221976854447971e-01 5.007720272016857876e-01 1.564997131095684779e-01 4.041900924428246805e-04 -1.306189343198440808e-02
1.305535438632999048e-02 -1.966997016212732822e-05 -2.483471887986952314e-03 -1.275850381009935438e-05 2.485452615829261691e-03 2.477379991497929480e-05 -1.306335958007425607e-02 -3.514335418670252705e-04 1.564997131095684779e-01 4.991132587026444467e-01 1.564382674400628948e-01 4.683993509153015766e-05
5.493455937080914987e-04 1.306212004985901273e-02 -5.625476796017450437e-05 -2.485081109161643362e-03 2.136878884559696040e-05 2.484328856255035248e-03 1.268431373707576372e-06 -1.305182121509949195e-02 4.041900924428246805e-04 1.564382674400628948e-01 4.998657855445741705e-01 1.564848740306850339e-01
-1.564759446352525785e-01 -1.463460140019081919e-04 1.305833355285323030e-02 6.150818221328624273e-05 -2.483707422743096967e-03 5.653643087584352448e-06 2.485934026344328168e-03 1.417151108765009001e-05 -1.306189343198440808e-02 4.683993509153015766e-05 1.564848740306850339e-01 5.011652966952073740e-01
4.996710222554662240e-01 1.565790077201679176e-01 -3.409761060359269426e-04 -1.315053863002945723e-02 2.284847402887000406e-04 2.503993023738110800e-03 -3.302857084626142437e-05 -2.490469313721500530e-03 -1.103439087698573234e-04 1.304762499843645923e-02 -2.346489431164465456e-04 -1.563619493196669041e-01
1.565790077201679176e-01 5.012558668215648661e-01 1.563737595514794743e-01 1.196253926018807194e-03 -1.311720632906347023e-02 -1.811819856118223671e-04 2.496448125131731435e-03 -1.779075237735522564e-05 -2.497564679325652449e-03 5.734614330454219943e-05 1.307843414289901716e-02 -7.199615241302740947e-05
-3.409761060359269426e-04 1.563737595514794743e-01 4.967433784250937512e-01 1.571074881674137114e-01 -1.744932741989034270e-03 -1.316041248902177774e-02 2.191326550137417343e-04 2.501483023937324870e-03 -2.324946468135318396e-05 -2.488257162803843986e-03 8.220283484142057277e-07 1.304201133440230365e-02
-1.315053863002945723e-02 1.196253926018807194e-03 1.571074881674137114e-01 5.043596426011154321e-01 1.566723488767576833e-01 9.261359630250745297e-04 -1.307494833664266977e-02 -3.461087913615749033e-05 2.501060086759250220e-03 -2.264872781707329640e-06 -2.503764353644454769e-03 1.703209812431293480e-04
2.284847402887000406e-04 -1.311720632906347023e-02 -1.744932741989034270e-03 1.566723488767576833e-01 4.973982151637560412e-01 1.565671327722685524e-01 -1.258790700926980765e-04 -1.308102723836985191e-02 6.143366502169085217e-05 2.497027714399603464e-03 8.986558695742364504e-06 -2.497260493895061412e-03
2.503993023738110800e-03 -1.811819856118223671e-04 -1.316041248902177774e-02 9.261359630250745297e-04 1.565671327722685524e-01 5.005378969457590088e-01 1.563781119146925025e-01 -5.706266915587742978e-04 -1.307093551175411185e-02 -9.959056095796422971e-05 2.493836669812056657e-03 -1.746320591615436562e-05
-3.302857084626142437e-05 2.496448125131731435e-03 2.191326550137417343e-04 -1.307494833664266977e-02 -1.258790700926980765e-04 1.563781119146925025e-01 5.009611819948536215e-01 1.565950340349843151e-01 2.253138714967376117e-05 -1.310837447127959597e-02 5.265103817568004597e-05 2.496277029739834598e-03
-2.490469313721500530e-03 -1.779075237735522564e-05 2.501483023937324870e-03 -3.461087913615749033e-05 -1.308102723836985191e-02 -5.706266915587742978e-04 1.565950340349843151e-01 5.002661985583543025e-01 1.564434147728702151e-01 1.206577549590522090e-03 -1.307874097802994191e-02 -1.274918720525784809e-04
-1.103439087698573234e-04 -2.497564679325652449e-03 -2.324946468135318396e-05 2.501060086759250220e-03 6.143366502169085217e-05 -1.307093551175411185e-02 2.253138714967376117e-05 1.564434147728702151e-01 4.971644443715501627e-01 1.568395025641655116e-01 -1.065720692777518547e-03 -1.310541499790297999e-02
1.304762499843645923e-02 5.734614330454219943e-05 -2.488257162803843986e-03 -2.264872781707329640e-06 2.497027714399603464e-03 -9.959056095796422971e-05 -1.310837447127959597e-02 1.206577549590522090e-03 1.568395025641655116e-01 5.026619852657837617e-01 1.564164012070355381e-01 1.856132169351975073e-04
-2.346489431164465456e-04 1.307843414289901716e-02 8.220283484142057277e-07 -2.503764353644454769e-03 8.986558695742364504e-06 2.493836669812056657e-03 5.265103817568004597e-05 -1.307874097802994191e-02 -1.065720692777518547e-03 1.564164012070355381e-01 4.992435791900213804e-01 1.565434377122735532e-01
-1.563619493196669041e-01 -7.199615241302740947e-05 1.304201133440230365e-02 1.703209812431293480e-04 -2.497260493895061412e-03 -1.746320591615436562e-05 2.496277029739834598e-03 -1.274918720525784809e-04 -1.310541499790297999e-02 1.856132169351975073e-04 1.565434377122735532e-01 4.997365884067690445e-01
4.988189304590151529e-01 1.564492545948831803e-01 -3.441745551154280595e-04 -1.306508886723913368e-02 -6.517952114948270662e-05 2.485773568963631566e-03 3.709746642327596588e-06 -2.487790521554835918e-03 -4.149660640349787466e-05 1.307526065374057384e-02 5.662987348010271177e-04 -1.565280830920088850e-01
1.564492545948831803e-01 5.007241955027685876e-01 1.564628356106838036e-01 -3.159765021422070858e-04 -1.307557946471704126e-02 3.471664839901426034e-05 2.487687247573950634e-03 -1.769575265268194181e-05 -2.488689365177845086e-03 -2.861058681502393996e-05 1.305621979560862671e-02 -4.525274180924135402e-04
-3.441745551154280595e-04 1.564628356106838036e-01 5.008376459567958072e-01 1.565445824585742773e-01 9.228142413787519382e-04 -1.306722910982807684e-02 -9.288809024796172795e-05 2.486322447714775855e-03 2.654092729674050605e-05 -2.487344537407492045e-03 -1.137283980552413761e-04 1.306547911587267047e-02
-1.306508886723913368e-02 -3.159765021422070858e-04 1.565445824585742773e-01 4.978804072502021616e-01 1.565600946893201673e-01 -4.130604611374990957e-04 -1.306755295220154642e-02 8.497605270624212907e-05 2.486736899460734000e-03 1.495937307112233836e-05 -2.486621006209427994e-03 -1.019642694129279696e-05
-6.517952114948270662e-05 -1.307557946471704126e-02 9.228142413787519382e-04 1.565600946893201673e-01 5.011385440852920148e-01 1.564226235206105375e-01 -1.282215620935846809e-04 -1.305040630354571338e-02 3.255335060476583962e-05 2.484634375679704247e-03 1.579764376680438897e-05 -2.488850413061937869e-03
2.485773568963631566e-03 3.471664839901426034e-05 -1.306722910982807684e-02 -4.130604611374990957e-04 1.564226235206105375e-01 5.000567129139188438e-01 1.564791448266396046e-01 -4.052671756483902090e-05 -1.306427360628372239e-02 -4.071138873497338016e-05 2.486242487184333293e-03 9.555427585543963323e-06
3.709746642327596588e-06 2.487687247573950634e-03 -9.288809024796172795e-05 -1.306755295220154642e-02 -1.282215620935846809e-04 1.564791448266396046e-01 5.000578395578439972e-01 1.564256113305249607e-01 -4.266275095035946489e-05 -1.305021079813672297e-02 -1.025943284436393925e-04 2.487324529050432761e-03
-2.487790521554835918e-03 -1.769575265268194181e-05 2.486322447714775855e-03 8.497605270624212907e-05 -1.305040630354571338e-02 -4.052671756483902090e-05 1.564256113305249607e-01 5.001360065914098874e-01 1.564952697166361872e-01 2.867765705508537751e-04 -1.307000905093771460e-02 -4.510485072381552416e-05
-4.149660640349787466e-05 -2.488689365177845086e-03 2.654092729674050605e-05 2.486736899460734000e-03 3.255335060476583962e-05 -1.306427360628372239e-02 -4.266275095035946489e-05 1.564952697166361872e-01 4.995656154885839140e-01 1.564079103205681109e-01 4.872140757654630505e-04 -1.307195911472011987e-02
1.307526065374057384e-02 -2.861058681502393996e-05 -2.487344537407492045e-03 1.495937307112233836e-05 2.484634375679704247e-03 -4.071138873497338016e-05 -1.305021079813672297e-02 2.867765705508537751e-04 1.564079103205681109e-01 4.990301394873433716e-01 1.565837928862144346e-01 -2.971718941990122986e-04
5.662987348010271177e-04 1.305621979560862671e-02 -1.137283980552413761e-04 -2.486621006209427994e-03 1.579764376680438897e-05 2.486242487184333293e-03 -1.025943284436393925e-04 -1.307000905093771460e-02 4.872140757654630505e-04 1.565837928862144346e-01 5.005405051464305588e-01 1.564268533664468774e-01
-1.565280830920088850e-01 -4.525274180924135402e-04 1.306547911587267047e-02 -1.019642694129279696e-05 -2.488850413061937869e-03 9.555427585543963323e-06 2.487324529050432761e-03 -4.510485072381552416e-05 -1.307195911472011987e-02 -2.971718941990122986e-04 1.564268533664468774e-01 5.012134575604836328e-01
4.993284756452839313e-01 1.565487496566149161e-01 -5.028583602048831893e-04 -1.306343551584350504e-02 6.126066020060282481e-05 2.484309343048489004e-03 -2.617943359769702788e-05 -2.484136895602198809e-03 -1.502097408798047152e-05 1.305974181440514893e-02 -2.273941585057095462e-04 -1.564480778726048682e-01
1.565487496566149161e-01 5.010632324521901992e-01 1.564332912782649965e-01 -1.382908956071924721e-04 -1.305299233640997911e-02 5.493361626077961383e-05 2.484947667396412378e-03 -2.655588375494141558e-05 -2.487740888597114730e-03 1.365890418672644868e-04 1.307295724853650871e-02 -2.668962736887557684e-04
-5.028583602048831893e-04 1.564332912782649965e-01 5.001914842358813340e-01 1.564634442901358669e-01 2.216098800861549391e-04 -1.305550788861244670e-02 1.925580008895226222e-05 2.486000698345662042e-03 1.298847468654820491e-05 -2.487308618566582211e-03 -1.853496714014697569e-05 1.306900033350893650e-02
-1.306343551584350504e-02 -1.382908956071924721e-04 1.564634442901358669e-01 4.994515254959118189e-01 1.564552425912048295e-01 -2.839678106269947697e-04 -1.305989233922853765e-02 1.910464274424449104e-05 2.485370558086058904e-03 -8.047629008804284062e-06 -2.487344985835424852e-03 -2.860444655164868502e-05
6.126066020060282481e-05 -1.305299233640997911e-02 2.216098800861549391e-04 1.564552425912048295e-01 5.005886088552099489e-01 1.564509341692033040e-01 -1.725179825894110558e-04 -1.306224343572182957e-02 -2.671617009071007771e-05 2.485286422206156066e-03 -4.952376402852750378e-06 -2.487106974282813927e-03
2.484309343048489004e-03 5.493361626077961383e-05 -1.305550788861244670e-02 -2.839678106269947697e-04 1.564509341692033040e-01 5.003356411163476514e-01 1.564934199143916960e-01 2.798189800959788591e-04 -1.305899714846013929e-02 -7.739534350111625029e-05 2.486241986551360715e-03 3.004355820234588464e-05
-2.617943359769702788e-05 2.484947667396412378e-03 1.925580008895226222e-05 -1.305989233922853765e-02 -1.725179825894110558e-04 1.564934199143916960e-01 4.994208597780999681e-01 1.564399237182426960e-01 1.637032318757166132e-04 -1.305423867429653800e-02 5.709052051694617929e-05 2.484696196725127721e-03
-2.484136895602198809e-03 -2.655588375494141558e-05 2.486000698345662042e-03 1.910464274424449104e-05 -1.306224343572182957e-02 2.798189800959788591e-04 1.564399237182426960e-01 4.998376481818415096e-01 1.564579437786363103e-01 9.732402945578631261e-05 -1.306235255406567285e-02 -3.323051206555958361e-05
-1.502097408798047152e-05 -2.487740888597114730e-03 1.298847468654820491e-05 2.485370558086058904e-03 -2.671617009071007771e-05 -1.305899714846013929e-02 1.637032318757166132e-04 1.564579437786363103e-01 4.996107025369554977e-01 1.564576838016122073e-01 -5.877712682461721898e-04 -1.306125219550441710e-02
1.305974181440514893e-02 1.365890418672644868e-04 -2.487308618566582211e-03 -8.047629008804284062e-06 2.485286422206156066e-03 -7.739534350111625029e-05 -1.305423867429653800e-02 9.732402945578631261e-05 1.564576838016122073e-01 5.013806540506513532e-01 1.565317673632467543e-01 4.285315797786896919e-04
-2.273941585057095462e-04 1.307295724853650871e-02 -1.853496714014697569e-05 -2.487344985835424852e-03 -4.952376402852750378e-06 2.486241986551360715e-03 5.709052051694617929e-05 -1.306235255406567285e-02 -5.877712682461721898e-04 1.565317673632467543e-01 4.989604897832873309e-01 1.564451646727058054e-01
-1.564480778726048682e-01 -2.668962736887557684e-04 1.306900033350893650e-02 -2.860444655164868502e-05 -2.487106974282813927e-03 3.004355820234588464e-05 2.484696196725127721e-03 -3.323051206555958361e-05 -1.306125219550441710e-02 4.285315797786896919e-04 1.564451646727058054e-01 4.998306778684197815e-01
5.016493593492893366e-01 1.565177044663774997e-01 7.302586360417932495e-05 -1.307099642893788140e-02 1.452196759484911158e-06 2.488984513665672138e-03 -3.272894016123909839e-06 -2.487056353960097419e-03 7.440313310666387357e-05 1.306398901619935764e-02 -2.489497708493661546e-04 -1.565021218140335291e-01
1.565177044663774997e-01 4.997846789667690359e-01 1.564860245270409678e-01 5.285288507692134392e-04 -1.306521330436113959e-02 -9.545802843578915747e-05 2.489652679756404995e-03 6.750112149676564064e-05 -2.486375209962755819e-03 -1.185798852418526992e-04 1.306361768298320084e-02 7.591943663842718078e-04
7.302586360417932495e-05 1.564860245270409678e-01 4.988250698123132265e-01 1.564705281730994768e-01 -3.860283790130282760e-04 -1.305879969164205380e-02 1.056285498037631170e-04 2.488412424109442619e-03 -6.429371427609110307e-06 -2.486965603521166038e-03 -1.910531455447917154e-05 1.307099673333002657e-02
-1.307099642893788140e-02 5.285288507692134392e-04 1.564705281730994768e-01 5.010927995231717613e-01 1.564860776126905662e-01 2.641844404373556304e-04 -1.307400624967433936e-02 -1.693328001843441978e-04 2.488385720863854796e-03 2.590967524616028200e-05 -2.487138252008467762e-03 -3.458675317214029380e-05
1.452196759484911158e-06 -1.306521330436113959e-02 -3.860283790130282760e-04 1.564860776126905662e-01 4.990800606061971401e-01 1.564533304757322330e-01 -4.320038445910273010e-04 -1.307642905904489970e-02 2.395976943377593565e-05 2.488611183510950741e-03 4.513351731660279319e-06 -2.488654300825387036e-03
2.488984513665672138e-03 -9.545802843578915747e-05 -1.305879969164205380e-02 2.641844404373556304e-04 1.564533304757322330e-01 5.013606361564635350e-01 1.565414048165625349e-01 9.895409798834253930e-04 -1.307658240755628018e-02 -6.795258209384957815e-05 2.488780300775090062e-03 1.391655374847514082e-05
-3.272894016123909839e-06 2.489652679756404995e-03 1.056285498037631170e-04 -1.307400624967433936e-02 -4.320038445910273010e-04 1.565414048165625349e-01 4.977103412538548266e-01 1.565997935531685537e-01 -2.954455431221142056e-04 -1.307890087519008801e-02 4.397698086130329880e-05 2.489998264619424240e-03
-2.487056353960097419e-03 6.750112149676564064e-05 2.488412424109442619e-03 -1.693328001843441978e-04 -1.307642905904489970e-02 9.895409798834253930e-04 1.565997935531685537e-01 5.008225439257470990e-01 1.564456981935620217e-01 -4.140940112874712253e-04 -1.305613646079410023e-02 5.964956261582713380e-05
7.440313310666387357e-05 -2.486375209962755819e-03 -6.429371427609110307e-06 2.488385720863854796e-03 2.395976943377593565e-05 -1.307658240755628018e-02 -2.954455431221142056e-04 1.564456981935620217e-01 5.007824310714700244e-01 1.564719961153379080e-01 2.529950519644117227e-04 -1.305608480055482634e-02
1.306398901619935764e-02 -1.185798852418526992e-04 -2.486965603521166038e-03 2.590967524616028200e-05 2.488611183510950741e-03 -6.795258209384957815e-05 -1.307890087519008801e-02 -4.140940112874712253e-04 1.564719961153379080e-01 4.993226832867257436e-01 1.564560596748927890e-01 -6.958773994968601995e-05
-2.489497708493661546e-04 1.306361768298320084e-02 -1.910531455447917154e-05 -2.487138252008467762e-03 4.513351731660279319e-06 2.488780300775090062e-03 4.397698086130329880e-05 -1.305613646079410023e-02 2.529950519644117227e-04 1.564560596748927890e-01 5.003786048131004804e-01 1.564472253144922331e-01
