2.577705178254919849e-01 2.506402813848319644e-01 1.657302228107786490e-01 7.223493010225762179e-02 -7.502182791406955195e-03 -5.930415601422291821e-02 -8.011646859723312031e-02 -5.472489330347990455e-02 8.064773099408189053e-03 8.584932594805963491e-02 1.520575646156412941e-01 2.176901586436002789e-01
2.506402813848319644e-01 2.978537772322502608e-01 2.444523284123120144e-01 1.653494112039649022e-01 8.077422307279999436e-02 2.945488108407880775e-03 -5.506103083696205214e-02 -7.668029164678638598e-02 -5.407791160163226418e-02 2.894416543616884496e-03 7.986066943580927280e-02 1.695438703513139356e-01
1.657302228107786490e-01 2.444523284123120144e-01 2.483700527368147004e-01 2.145786206565162557e-01 1.574611776760599380e-01 8.417603340553128644e-02 1.388698292293659778e-02 -4.568464921325555289e-02 -7.308825096680829358e-02 -6.064146933368491643e-02 -5.471406294659119859e-03 7.430115909472970182e-02
7.223493010225762179e-02 1.653494112039649022e-01 2.145786206565162557e-01 2.327910315562656818e-01 2.135178372447706086e-01 1.594451903836890949e-01 9.464858522845071009e-02 1.370280785776390592e-02 -5.473684239995952466e-02 -8.694740086404051382e-02 -6.586556515922001309e-02 -1.174003420026682037e-02
-7.502182791406955195e-03 8.077422307279999436e-02 1.574611776760599380e-01 2.135178372447706086e-01 2.364680287739221454e-01 2.125987909299325851e-01 1.687848986554859876e-01 8.721043424221860962e-02 -3.947851939581466935e-03 -7.069945376261647929e-02 -8.739454409398070278e-02 -6.791470267877836031e-02
-5.930415601422291821e-02 2.945488108407880775e-03 8.417603340553128644e-02 1.594451903836890949e-01 2.125987909299325851e-01 2.288162336847016365e-01 2.206904506204607486e-01 1.606728479828713474e-01 7.092844263646611025e-02 -1.272484172944554279e-02 -6.431946219769481277e-02 -8.283083648044124725e-02
-8.011646859723312031e-02 -5.506103083696205214e-02 1.388698292293659778e-02 9.464858522845071009e-02 1.687848986554859876e-01 2.206904506204607486e-01 2.588802063940569553e-01 2.347663895809243839e-01 1.619420834968693379e-01 7.484129023990415686e-02 -6.947907361486146266e-03 -6.201874911668164153e-02
-5.472489330347990455e-02 -7.668029164678638598e-02 -4.568464921325555289e-02 1.370280785776390592e-02 8.721043424221860962e-02 1.606728479828713474e-01 2.347663895809243839e-01 2.645712495201422154e-01 2.340454417753120575e-01 1.697047878061626047e-01 7.866603485061583745e-02 1.693755462810071430e-03
8.064773099408189053e-03 -5.407791160163226418e-02 -7.308825096680829358e-02 -5.473684239995952466e-02 -3.947851939581466935e-03 7.092844263646611025e-02 1.619420834968693379e-01 2.340454417753120575e-01 2.609297075074428207e-01 2.388183407640624423e-01 1.619520215831951049e-01 8.555831276329046997e-02
8.584932594805963491e-02 2.894416543616884496e-03 -6.064146933368491643e-02 -8.694740086404051382e-02 -7.069945376261647929e-02 -1.272484172944554279e-02 7.484129023990415686e-02 1.697047878061626047e-01 2.388183407640624423e-01 2.664724369317008623e-01 2.198553203164182457e-01 1.626176472651950644e-01
1.520575646156412941e-01 7.986066943580927280e-02 -5.471406294659119859e-03 -6.586556515922001309e-02 -8.739454409398070278e-02 -6.431946219769481277e-02 -6.947907361486146266e-03 7.866603485061583745e-02 1.619520215831951049e-01 2.198553203164182457e-01 2.191859793164514514e-01 2.007785772874052799e-01
2.176901586436002789e-01 1.695438703513139356e-01 7.430115909472970182e-02 -1.174003420026682037e-02 -6.791470267877836031e-02 -8.283083648044124725e-02 -6.201874911668164153e-02 1.693755462810071430e-03 8.555831276329046997e-02 1.626176472651950644e-01 2.007785772874052799e-01 2.278907785207680281e-01
2.815044898706227094e-01 2.347602613641418812e-01 1.582892506090519680e-01 7.963318370705875504e-02 -2.326490933485845115e-03 -6.153706044236839645e-02 -8.176305811688690250e-02 -5.443631367230825080e-02 6.247103546735278956e-03 8.520765603540658706e-02 1.710787373515108289e-01 2.454125104477647978e-01
2.347602613641418812e-01 2.428554056540623007e-01 2.119748478367127209e-01 1.648791784868500754e-01 7.892784915461271977e-02 2.968403391356554469e-03 -5.455297266597427391e-02 -7.416695980066101423e-02 -5.545002701332740758e-02 2.100355329230340837e-03 8.066330072298413811e-02 1.661743545758319063e-01
1.582892506090519680e-01 2.119748478367127209e-01 2.361815189471473675e-01 2.325318504317222534e-01 1.599131582904214643e-01 8.612339185243175765e-02 6.300465562731287668e-03 -5.530634858979726481e-02 -8.214599939205673163e-02 -6.039887275136471972e-02 -6.649544267073367182e-03 7.242496362997719039e-02
7.963318370705875504e-02 1.648791784868500754e-01 2.325318504317222534e-01 2.767378527018470313e-01 2.286615645027046950e-01 1.712766557124706934e-01 8.590677315036551742e-02 -4.891965408878972202e-03 -7.072514230480361763e-02 -8.881907123984413011e-02 -6.850343150002871639e-02 -8.860024853647237297e-03
-2.326490933485845115e-03 7.892784915461271977e-02 1.599131582904214643e-01 2.286615645027046950e-01 2.273216962345213921e-01 2.116443955088877504e-01 1.552211849452675985e-01 7.119051762040368159e-02 -7.051516171883789180e-03 -5.886207532742770976e-02 -7.865974494295033259e-02 -5.988422323875404463e-02
-6.153706044236839645e-02 2.968403391356554469e-03 8.612339185243175765e-02 1.712766557124706934e-01 2.116443955088877504e-01 2.460451706730775734e-01 2.287769182376082622e-01 1.621990814989422158e-01 8.187641754071472988e-02 1.102206591007218964e-03 -5.672721592633451354e-02 -8.080881527252832541e-02
-8.176305811688690250e-02 -5.455297266597427391e-02 6.300465562731287668e-03 8.590677315036551742e-02 1.552211849452675985e-01 2.287769182376082622e-01 2.632455619406778857e-01 2.339659520865597364e-01 1.735197186370921185e-01 8.401880119712201722e-02 3.492725138693805482e-03 -5.704755936555075402e-02
-5.443631367230825080e-02 -7.416695980066101423e-02 -5.530634858979726481e-02 -4.891965408878972202e-03 7.119051762040368159e-02 1.621990814989422158e-01 2.339659520865597364e-01 2.560615732856683091e-01 2.346935352333301417e-01 1.613559876930742154e-01 8.289776939695121805e-02 5.704017902006560184e-03
6.247103546735278956e-03 -5.545002701332740758e-02 -8.214599939205673163e-02 -7.072514230480361763e-02 -7.051516171883789180e-03 8.187641754071472988e-02 1.735197186370921185e-01 2.346935352333301417e-01 2.606531340946378617e-01 2.185072565545847778e-01 1.596879185577763094e-01 8.540874117737091986e-02
8.520765603540658706e-02 2.100355329230340837e-03 -6.039887275136471972e-02 -8.881907123984413011e-02 -5.886207532742770976e-02 1.102206591007218964e-03 8.401880119712201722e-02 1.613559876930742154e-01 2.185072565545847778e-01 2.225522804307825675e-01 2.026921207909275491e-01 1.559114990551298541e-01
1.710787373515108289e-01 8.066330072298413811e-02 -6.649544267073367182e-03 -6.850343150002871639e-02 -7.865974494295033259e-02 -5.672721592633451354e-02 3.492725138693805482e-03 8.289776939695121805e-02 1.596879185577763094e-01 2.026921207909275491e-01 2.287581797991704025e-01 2.198561721312167760e-01
2.454125104477647978e-01 1.661743545758319063e-01 7.242496362997719039e-02 -8.860024853647237297e-03 -5.988422323875404463e-02 -8.080881527252832541e-02 -5.704755936555075402e-02 5.704017902006560184e-03 8.540874117737091986e-02 1.559114990551298541e-01 2.198561721312167760e-01 2.580831363677794088e-01
2.666495745716008225e-01 2.344331624349681176e-01 1.694893017981097261e-01 7.118872672807523283e-02 -1.617783895159898011e-02 -7.000514561877771436e-02 -8.174720582791505930e-02 -5.549842509703016569e-02 7.159055917258126331e-03 8.716497716396826023e-02 1.641441469111833973e-01 2.278398053361547493e-01
2.344331624349681176e-01 2.534103415656657754e-01 2.323365999221825295e-01 1.555578201555809503e-01 7.034322015625424362e-02 -9.169822248921197239e-03 -6.108265489311209828e-02 -7.885663677760298973e-02 -5.343206809315084738e-02 5.461385387959091092e-03 8.248458481236374540e-02 1.632138544182500095e-01
1.694893017981097261e-01 2.323365999221825295e-01 2.680380452773131195e-01 2.313191277353756070e-01 1.679657562440536878e-01 7.951392946296177711e-02 -2.454085295535135373e-03 -6.119388042000152572e-02 -8.068373183924215652e-02 -5.844722422061383871e-02 -3.913856209309962437e-04 8.001126926314910959e-02
7.118872672807523283e-02 1.555578201555809503e-01 2.313191277353756070e-01 2.517464104989757256e-01 2.329944409069684141e-01 1.641998261941923221e-01 7.988314729842681261e-02 1.316841427610813313e-03 -5.657756690059002891e-02 -7.912208844712392830e-02 -6.087428922710382689e-02 -8.159480060408655713e-03
-1.617783895159898011e-02 7.034322015625424362e-02 1.679657562440536878e-01 2.329944409069684141e-01 2.664243304820802516e-01 2.315401609148054207e-01 1.630480165845990537e-01 8.424870191628799909e-02 2.659772025681455578e-03 -5.841695877596092545e-02 -8.332148342617230752e-02 -6.909465060039253481e-02
-7.000514561877771436e-02 -9.169822248921197239e-03 7.951392946296177711e-02 1.641998261941923221e-01 2.315401609148054207e-01 2.444432580256879484e-01 2.135536056121812298e-01 1.603394404864197653e-01 8.228858953633116924e-02 3.538392868495351604e-03 -5.550570315419285639e-02 -8.228130696644847530e-02
-8.174720582791505930e-02 -6.108265489311209828e-02 -2.454085295535135373e-03 7.988314729842681261e-02 1.630480165845990537e-01 2.135536056121812298e-01 2.310215144405145249e-01 2.180567732427426131e-01 1.623570698385810585e-01 8.547443482184062524e-02 7.160753732059738086e-03 -5.284908810452500216e-02
-5.549842509703016569e-02 -7.885663677760298973e-02 -6.119388042000152572e-02 1.316841427610813313e-03 8.424870191628799909e-02 1.603394404864197653e-01 2.180567732427426131e-01 2.529975276912420079e-01 2.313800473380777933e-01 1.706489525310041777e-01 8.813530417124096350e-02 7.355838975117084261e-03
7.159055917258126331e-03 -5.343206809315084738e-02 -8.068373183924215652e-02 -5.657756690059002891e-02 2.659772025681455578e-03 8.228858953633116924e-02 1.623570698385810585e-01 2.313800473380777933e-01 2.549720832912920621e-01 2.278672549572107464e-01 1.631175618033845476e-01 8.462241308325568756e-02
8.716497716396826023e-02 5.461385387959091092e-03 -5.844722422061383871e-02 -7.912208844712392830e-02 -5.841695877596092545e-02 3.538392868495351604e-03 8.547443482184062524e-02 1.706489525310041777e-01 2.278672549572107464e-01 2.452827723247039404e-01 2.146931603031276004e-01 1.580691962733187239e-01
1.641441469111833973e-01 8.248458481236374540e-02 -3.913856209309962437e-04 -6.087428922710382689e-02 -8.332148342617230752e-02 -5.550570315419285639e-02 7.160753732059738086e-03 8.813530417124096350e-02 1.631175618033845476e-01 2.146931603031276004e-01 2.291868505005602019e-01 2.096957225434826211e-01
2.278398053361547493e-01 1.632138544182500095e-01 8.001126926314910959e-02 -8.159480060408655713e-03 -6.909465060039253481e-02 -8.228130696644847530e-02 -5.284908810452500216e-02 7.355838975117084261e-03 8.462241308325568756e-02 1.580691962733187239e-01 2.096957225434826211e-01 2.358272913303702256e-01
2.405682585941360807e-01 2.135795271608032786e-01 1.544704568292405988e-01 6.603918024654997776e-02 -1.890548868364354956e-02 -6.619692578982583342e-02 -8.829296181177540004e-02 -6.179270819391270014e-02 7.343970531196826121e-03 9.398206599888156432e-02 1.704204357548440296e-01 2.227304349670155836e-01
2.135795271608032786e-01 2.361222438319076078e-01 2.232493310961288224e-01 1.616201249911742577e-01 6.989672049532064113e-02 -1.343261415207647018e-02 -6.990839173182555877e-02 -8.253837498146912588e-02 -4.691614642978457483e-02 1.755079461776157951e-02 9.276949382015052536e-02 1.618837634885854637e-01
1.544704568292405988e-01 2.232493310961288224e-01 2.720118072076915805e-01 2.565002930413782245e-01 1.765901222020863359e-01 6.953407210317531784e-02 -9.575486985001211912e-03 -6.116353899263776012e-02 -7.161197073098632404e-02 -4.763034978172404899e-02 7.007356755258120976e-03 7.814472914538783677e-02
6.603918024654997776e-02 1.616201249911742577e-01 2.565002930413782245e-01 3.014121051885576552e-01 2.570893457218045297e-01 1.543689571945204841e-01 7.847694691053572202e-02 4.109251842834271522e-03 -5.146332054385520383e-02 -7.737450270359902404e-02 -6.275306307045197540e-02 -1.266559168475501866e-02
-1.890548868364354956e-02 6.989672049532064113e-02 1.765901222020863359e-01 2.570893457218045297e-01 2.663610074118876181e-01 2.003633996172931586e-01 1.556582485685650274e-01 8.764093132720573998e-02 8.994923248664098148e-03 -5.488711333587065894e-02 -8.411102299667796989e-02 -7.224246332768133327e-02
-6.619692578982583342e-02 -1.343261415207647018e-02 6.953407210317531784e-02 1.543689571945204841e-01 2.003633996172931586e-01 1.908293345362606364e-01 1.930468366249234735e-01 1.557094142720698571e-01 8.354838828697455644e-02 8.066661539285568602e-03 -5.136326277040177690e-02 -7.846516232074959851e-02
-8.829296181177540004e-02 -6.990839173182555877e-02 -9.575486985001211912e-03 7.847694691053572202e-02 1.556582485685650274e-01 1.930468366249234735e-01 2.442117529267131826e-01 2.387747359089463228e-01 1.736819798765979195e-01 8.927708188144627133e-02 2.111860379369939235e-03 -6.175158267507874221e-02
-6.179270819391270014e-02 -8.253837498146912588e-02 -6.116353899263776012e-02 4.109251842834271522e-03 8.764093132720573998e-02 1.557094142720698571e-01 2.387747359089463228e-01 2.743093057482324237e-01 2.364933121499576685e-01 1.680686471010951477e-01 7.830863363423240520e-02 -4.061107379196292853e-03
7.343970531196826121e-03 -4.691614642978457483e-02 -7.161197073098632404e-02 -5.146332054385520383e-02 8.994923248664098148e-03 8.354838828697455644e-02 1.736819798765979195e-01 2.364933121499576685e-01 2.455865265132933795e-01 2.180015589729049630e-01 1.538630757281203576e-01 7.863967265149632291e-02
9.398206599888156432e-02 1.755079461776157951e-02 -4.763034978172404899e-02 -7.737450270359902404e-02 -5.488711333587065894e-02 8.066661539285568602e-03 8.927708188144627133e-02 1.680686471010951477e-01 2.180015589729049630e-01 2.424266596742793989e-01 2.178017664860409375e-01 1.643497088919549931e-01
1.704204357548440296e-01 9.276949382015052536e-02 7.007356755258120976e-03 -6.275306307045197540e-02 -8.411102299667796989e-02 -5.136326277040177690e-02 2.111860379369939235e-03 7.830863363423240520e-02 1.538630757281203576e-01 2.178017664860409375e-01 2.412234590441981741e-01 2.225950757438046601e-01
2.227304349670155836e-01 1.618837634885854637e-01 7.814472914538783677e-02 -1.266559168475501866e-02 -7.224246332768133327e-02 -7.846516232074959851e-02 -6.175158267507874221e-02 -4.061107379196292853e-03 7.863967265149632291e-02 1.643497088919549931e-01 2.225950757438046601e-01 2.449375393228332976e-01
2.682128945685435251e-01 2.366837601776745625e-01 1.579507149744344419e-01 7.949187372686805642e-02 -1.591457294430381015e-03 -6.031742478160875831e-02 -7.922996137039628461e-02 -5.957448568382647802e-02 -6.916631448734065005e-03 7.253306282231444801e-02 1.670323493198218601e-01 2.391842865356891279e-01
2.366837601776745625e-01 2.574269771474952950e-01 2.166023680164392839e-01 1.644576291341429963e-01 8.048896720766925139e-02 5.605325616777549584e-05 -5.866591975193345687e-02 -8.255907179524152317e-02 -6.869274425591725963e-02 -9.015548495379893321e-03 7.776441151955934550e-02 1.685156191403170967e-01
1.579507149744344419e-01 2.166023680164392839e-01 2.281767076871891453e-01 2.200773501971997059e-01 1.584135860965574238e-01 8.239732628112876600e-02 2.645107375426807971e-03 -5.644074023114466210e-02 -8.346978382238440242e-02 -6.204112158306025748e-02 -7.959305710768043232e-03 7.385647449768686923e-02
7.949187372686805642e-02 1.644576291341429963e-01 2.200773501971997059e-01 2.619800572835326857e-01 2.323199394809961349e-01 1.728550059243989523e-01 8.469698551557536259e-02 3.519767155599105250e-04 -6.179255211416525423e-02 -8.194872346917125849e-02 -6.719481614674424619e-02 -7.049081079804158517e-03
-1.591457294430381015e-03 8.048896720766925139e-02 1.584135860965574238e-01 2.323199394809961349e-01 2.498822109991767348e-01 2.287154044692015220e-01 1.605848862783837705e-01 7.915020485159759978e-02 3.789722081570068117e-03 -5.184532550416275087e-02 -7.966344304193975767e-02 -6.105630293231682770e-02
-6.031742478160875831e-02 5.605325616777549584e-05 8.239732628112876600e-02 1.728550059243989523e-01 2.287154044692015220e-01 2.557570318797738329e-01 2.224398089976820092e-01 1.607541842930777787e-01 8.933946170389082952e-02 9.895956132295121929e-03 -5.301510817177917945e-02 -7.947502183947760535e-02
-7.922996137039628461e-02 -5.866591975193345687e-02 2.645107375426807971e-03 8.469698551557536259e-02 1.605848862783837705e-01 2.224398089976820092e-01 2.371934605368115623e-01 2.135665365549936634e-01 1.670852039396049926e-01 8.690316711720778853e-02 9.469352339890062600e-03 -5.313147844459411434e-02
-5.957448568382647802e-02 -8.255907179524152317e-02 -5.644074023114466210e-02 3.519767155599105250e-04 7.915020485159759978e-02 1.607541842930777787e-01 2.135665365549936634e-01 2.357665219323986094e-01 2.252049220836056243e-01 1.606985206669412913e-01 8.761267682899850917e-02 4.574673436802878176e-03
-6.916631448734065005e-03 -6.869274425591725963e-02 -8.346978382238440242e-02 -6.179255211416525423e-02 3.789722081570068117e-03 8.933946170389082952e-02 1.670852039396049926e-01 2.252049220836056243e-01 2.570332478679886457e-01 2.206839967451060813e-01 1.674136653486065218e-01 8.159187389109372190e-02
7.253306282231444801e-02 -9.015548495379893321e-03 -6.204112158306025748e-02 -8.194872346917125849e-02 -5.184532550416275087e-02 9.895956132295121929e-03 8.690316711720778853e-02 1.606985206669412913e-01 2.206839967451060813e-01 2.292998699420464304e-01 2.167727011297680417e-01 1.565987690347880601e-01
1.670323493198218601e-01 7.776441151955934550e-02 -7.959305710768043232e-03 -6.719481614674424619e-02 -7.966344304193975767e-02 -5.301510817177917945e-02 9.469352339890062600e-03 8.761267682899850917e-02 1.674136653486065218e-01 2.167727011297680417e-01 2.548664009195898972e-01 2.329583545141208356e-01
2.391842865356891279e-01 1.685156191403170967e-01 7.385647449768686923e-02 -7.049081079804158517e-03 -6.105630293231682770e-02 -7.947502183947760535e-02 -5.313147844459411434e-02 4.574673436802878176e-03 8.159187389109372190e-02 1.565987690347880601e-01 2.329583545141208356e-01 2.644046192354709834e-01
2.466755967601920174e-01 2.159605403383425826e-01 1.547651225456233015e-01 7.228535264385543835e-02 -1.562886131678391591e-02 -7.080260079841077525e-02 -8.400025149903719845e-02 -5.704162918407774951e-02 6.021703766259080270e-03 8.863399685571493603e-02 1.735078454591463260e-01 2.267342857816476154e-01
2.159605403383425826e-01 2.383538556466773539e-01 2.225737053795862619e-01 1.672949896681209803e-01 6.656773516692271464e-02 -2.238114133625368138e-02 -7.587375116729849767e-02 -8.697424994481403604e-02 -5.221937418257427410e-02 5.207429152679334851e-03 8.305153574128962268e-02 1.571099586649526425e-01
1.547651225456233015e-01 2.225737053795862619e-01 2.651164744259890682e-01 2.561473698729618276e-01 1.652534807108911596e-01 6.165115351407942507e-02 -2.175924623605511588e-02 -7.063406548687024833e-02 -7.608784718508032618e-02 -5.776791915718917231e-02 -5.484992485099531023e-03 7.132782144257768242e-02
7.228535264385543835e-02 1.672949896681209803e-01 2.561473698729618276e-01 3.080677762790620111e-01 2.521587724726520041e-01 1.606195900659608267e-01 6.889526412471164152e-02 -6.228126232636677778e-03 -5.449842203525183393e-02 -8.070042195694919485e-02 -6.906276612280320970e-02 -1.272177913002231313e-02
-1.562886131678391591e-02 6.656773516692271464e-02 1.652534807108911596e-01 2.521587724726520041e-01 2.605251199397342066e-01 2.191037167411296338e-01 1.566081149639953485e-01 8.671988434317251526e-02 1.428591625571884981e-02 -4.358494954127988680e-02 -7.605479287445374159e-02 -6.524787691020435265e-02
-7.080260079841077525e-02 -2.238114133625368138e-02 6.165115351407942507e-02 1.606195900659608267e-01 2.191037167411296338e-01 2.378103047904919776e-01 2.185830209539741664e-01 1.708869000644165359e-01 9.372719951335123367e-02 2.376453626838333222e-02 -3.944498138345368943e-02 -7.417630912675371446e-02
-8.400025149903719845e-02 -7.587375116729849767e-02 -2.175924623605511588e-02 6.889526412471164152e-02 1.566081149639953485e-01 2.185830209539741664e-01 2.451507923591653149e-01 2.277047713503186910e-01 1.610362839057604412e-01 9.703791643150934398e-02 2.209261551331472354e-02 -4.569957475459429652e-02
-5.704162918407774951e-02 -8.697424994481403604e-02 -7.063406548687024833e-02 -6.228126232636677778e-03 8.671988434317251526e-02 1.708869000644165359e-01 2.277047713503186910e-01 2.457318064752919973e-01 2.030168462284173136e-01 1.601269976359887270e-01 9.298171312954084389e-02 1.045689502946112875e-02
6.021703766259080270e-03 -5.221937418257427410e-02 -7.608784718508032618e-02 -5.449842203525183393e-02 1.428591625571884981e-02 9.372719951335123367e-02 1.610362839057604412e-01 2.030168462284173136e-01 1.994332432843566316e-01 1.930970664855422847e-01 1.548163425287257533e-01 8.202254385303589523e-02
8.863399685571493603e-02 5.207429152679334851e-03 -5.776791915718917231e-02 -8.070042195694919485e-02 -4.358494954127988680e-02 2.376453626838333222e-02 9.703791643150934398e-02 1.601269976359887270e-01 1.930970664855422847e-01 2.298721127299232503e-01 2.266191282213295133e-01 1.682366816522091746e-01
1.735078454591463260e-01 8.305153574128962268e-02 -5.484992485099531023e-03 -6.906276612280320970e-02 -7.605479287445374159e-02 -3.944498138345368943e-02 2.209261551331472354e-02 9.298171312954084389e-02 1.548163425287257533e-01 2.266191282213295133e-01 2.677003553825317850e-01 2.388791697326821395e-01
2.267342857816476154e-01 1.571099586649526425e-01 7.132782144257768242e-02 -1.272177913002231313e-02 -6.524787691020435265e-02 -7.417630912675371446e-02 -4.569957475459429652e-02 1.045689502946112875e-02 8.202254385303589523e-02 1.682366816522091746e-01 2.388791697326821395e-01 2.555625619265854409e-01
2.529389881881159430e-01 2.197213026806916214e-01 1.555392148734761892e-01 7.706171178058011939e-02 1.311822109751923076e-03 -5.367493123917660425e-02 -7.898194175101282133e-02 -6.684402775338084413e-02 -1.177191920709405940e-02 7.342106385332436425e-02 1.680201492060409418e-01 2.415977385899575336e-01
2.197213026806916214e-01 2.365571120253344706e-01 2.122928057054862538e-01 1.583194477765088592e-01 8.735238262521050068e-02 7.838042918423642619e-03 -5.343570286119775359e-02 -8.333112752182605942e-02 -6.727591988920395005e-02 -5.448375077306658563e-03 8.156770464153047240e-02 1.692717656484941657e-01
1.555392148734761892e-01 2.122928057054862538e-01 2.372483969960222372e-01 2.217776888164325610e-01 1.728787278267229777e-01 8.730093426322338424e-02 5.877930236686331085e-03 -5.699388434151196614e-02 -8.246917678893388171e-02 -5.925406926424806042e-02 -3.529783426587276667e-04 8.114398809079678698e-02
7.706171178058011939e-02 1.583194477765088592e-01 2.217776888164325610e-01 2.529867261316603999e-01 2.388606582500669151e-01 1.652919139148481265e-01 8.318765177377425435e-02 3.726941731506854764e-03 -5.624932456457516772e-02 -7.704303925007802145e-02 -5.929098160127166395e-02 -2.679368914405694073e-03
1.311822109751923076e-03 8.735238262521050068e-02 1.728787278267229777e-01 2.388606582500669151e-01 2.684847858199124193e-01 2.234585957753801866e-01 1.597135845736126214e-01 8.374440213721442983e-02 4.468476417234754430e-03 -5.563311754673642973e-02 -8.233614729351629302e-02 -6.349089996288372062e-02
-5.367493123917660425e-02 7.838042918423642619e-03 8.730093426322338424e-02 1.652919139148481265e-01 2.234585957753801866e-01 2.255959623471152919e-01 2.027023060183434089e-01 1.562152213525581645e-01 8.473102897669143596e-02 5.153980516296676265e-03 -5.638551817324083393e-02 -8.075942509102826405e-02
-7.898194175101282133e-02 -5.343570286119775359e-02 5.877930236686331085e-03 8.318765177377425435e-02 1.597135845736126214e-01 2.027023060183434089e-01 2.281984928198775020e-01 2.211131652093312472e-01 1.699266786970804188e-01 8.454888305188346109e-02 -9.315006638710258968e-05 -6.270531579415704326e-02
-6.684402775338084413e-02 -8.333112752182605942e-02 -5.699388434151196614e-02 3.726941731506854764e-03 8.374440213721442983e-02 1.562152213525581645e-01 2.211131652093312472e-01 2.605116405877371255e-01 2.417015779842022483e-01 1.672446802415275824e-01 7.789834997488387369e-02 -9.224233344377323618e-03
-1.177191920709405940e-02 -6.727591988920395005e-02 -8.246917678893388171e-02 -5.624932456457516772e-02 4.468476417234754430e-03 8.473102897669143596e-02 1.699266786970804188e-01 2.417015779842022483e-01 2.677842796538723036e-01 2.264179362977931653e-01 1.585813514112204281e-01 7.262723057356347545e-02
7.342106385332436425e-02 -5.448375077306658563e-03 -5.925406926424806042e-02 -7.704303925007802145e-02 -5.563311754673642973e-02 5.153980516296676265e-03 8.454888305188346109e-02 1.672446802415275824e-01 2.264179362977931653e-01 2.376032223064610260e-01 2.161112940637416324e-01 1.595895300876316314e-01
1.680201492060409418e-01 8.156770464153047240e-02 -3.529783426587276667e-04 -5.929098160127166395e-02 -8.233614729351629302e-02 -5.638551817324083393e-02 -9.315006638710258968e-05 7.789834997488387369e-02 1.585813514112204281e-01 2.161112940637416324e-01 2.519690944012867861e-01 2.393658997486462214e-01
2.415977385899575336e-01 1.692717656484941657e-01 8.114398809079678698e-02 -2.679368914405694073e-03 -6.349089996288372062e-02 -8.075942509102826405e-02 -6.270531579415704326e-02 -9.224233344377323618e-03 7.262723057356347545e-02 1.595895300876316314e-01 2.393658997486462214e-01 2.801212987226054940e-01
2.347264068590594333e-01 2.189653798233989201e-01 1.521815569555062253e-01 9.024644283080274221e-02 8.452616246129499413e-04 -6.657680955094152919e-02 -8.795730149971571488e-02 -5.499127074404402266e-02 1.238015631544615164e-02 9.656905329460170606e-02 1.613629316824665427e-01 2.114566649159267953e-01
2.189653798233989201e-01 2.470232952899655554e-01 2.126751674137805359e-01 1.801906189203287267e-01 7.451378869184971387e-02 -1.867210492869224997e-02 -7.814813765187277050e-02 -8.331048890120451578e-02 -4.466109989195494318e-02 1.518810200305084450e-02 8.824126411855232055e-02 1.610211943294350134e-01
1.521815569555062253e-01 2.126751674137805359e-01 2.279734732568495237e-01 2.428297391522629689e-01 1.511690446900102736e-01 6.204073469343948655e-02 -1.811383178583074460e-02 -6.329671369657949298e-02 -6.865605992487663900e-02 -5.131992495461032422e-02 5.329315847243946275e-03 7.794080609471974730e-02
9.024644283080274221e-02 1.801906189203287267e-01 2.428297391522629689e-01 3.160171010568180172e-01 2.439034957080257748e-01 1.668805203858274577e-01 7.178552384541181386e-02 -1.376600672357177271e-02 -6.701616941094715174e-02 -9.380284335618527258e-02 -6.099221578333667571e-02 4.498942188278676202e-03
8.452616246129499413e-04 7.451378869184971387e-02 1.511690446900102736e-01 2.439034957080257748e-01 2.362147728533939284e-01 2.165136716442617182e-01 1.567951265421662355e-01 7.290647146992854100e-02 -4.142517245018806533e-03 -6.047647619069920766e-02 -7.216310714779776425e-02 -5.060676921535435524e-02
-6.657680955094152919e-02 -1.867210492869224997e-02 6.204073469343948655e-02 1.668805203858274577e-01 2.165136716442617182e-01 2.612078850180292178e-01 2.450444351532116705e-01 1.716802160566893165e-01 8.002237543417757559e-02 4.691782599333307185e-03 -5.100339762477399536e-02 -7.672470986840845830e-02
-8.795730149971571488e-02 -7.814813765187277050e-02 -1.811383178583074460e-02 7.178552384541181386e-02 1.567951265421662355e-01 2.450444351532116705e-01 2.806019384485597401e-01 2.376222118302383501e-01 1.573005612445236290e-01 8.922868802061811877e-02 7.395590796983750326e-03 -5.606778561975916259e-02
-5.499127074404402266e-02 -8.331048890120451578e-02 -6.329671369657949298e-02 -1.376600672357177271e-02 7.290647146992854100e-02 1.716802160566893165e-01 2.376222118302383501e-01 2.413247886647710283e-01 1.982742997181662636e-01 1.626570243702255558e-01 8.303907586424384701e-02 5.386470278045558772e-03
1.238015631544615164e-02 -4.466109989195494318e-02 -6.865605992487663900e-02 -6.701616941094715174e-02 -4.142517245018806533e-03 8.002237543417757559e-02 1.573005612445236290e-01 1.982742997181662636e-01 2.050796279778257236e-01 2.141487178543876602e-01 1.557947695101840335e-01 8.419212226213851347e-02
9.656905329460170606e-02 1.518810200305084450e-02 -5.131992495461032422e-02 -9.380284335618527258e-02 -6.047647619069920766e-02 4.691782599333307185e-03 8.922868802061811877e-02 1.626570243702255558e-01 2.141487178543876602e-01 2.729850632452573422e-01 2.380970980328938891e-01 1.754408516777479221e-01
1.613629316824665427e-01 8.824126411855232055e-02 5.329315847243946275e-03 -6.099221578333667571e-02 -7.216310714779776425e-02 -5.100339762477399536e-02 7.395590796983750326e-03 8.303907586424384701e-02 1.557947695101840335e-01 2.380970980328938891e-01 2.451892404018829463e-01 2.167737597265095295e-01
2.114566649159267953e-01 1.610211943294350134e-01 7.794080609471974730e-02 4.498942188278676202e-03 -5.060676921535435524e-02 -7.672470986840845830e-02 -5.606778561975916259e-02 5.386470278045558772e-03 8.419212226213851347e-02 1.754408516777479221e-01 2.167737597265095295e-01 2.316564069275847682e-01
2.475702605158877079e-01 2.294870006054226808e-01 1.636692280121176402e-01 7.451525157205858563e-02 -9.368768692770297049e-04 -5.470360633818351082e-02 -7.344326027051033268e-02 -5.430095655489278889e-02 -2.270201478692005642e-03 7.245864880656019413e-02 1.614736337549386724e-01 2.324396546424266075e-01
2.294870006054226808e-01 2.711556785363465338e-01 2.427746870899224751e-01 1.631427660544735314e-01 8.637537724225516356e-02 3.291197359392354464e-03 -5.926067384880184807e-02 -8.529658162858431980e-02 -6.901694765537838561e-02 -1.615717716812863775e-02 6.708792668160264150e-02 1.621866364839942287e-01
1.636692280121176402e-01 2.427746870899224751e-01 2.631113643064040275e-01 2.167588059138024770e-01 1.648285542668781467e-01 8.136913690492023066e-02 -2.523016468726015787e-03 -6.356617111152870758e-02 -8.686743281646908121e-02 -7.105456949544489142e-02 -1.757177319864329165e-02 7.151174206411148315e-02
7.451525157205858563e-02 1.631427660544735314e-01 2.167588059138024770e-01 2.202308586884804686e-01 2.121510985123256920e-01 1.551412581154989478e-01 7.746958504005332924e-02 1.784232772855211431e-03 -5.288801562426175690e-02 -7.698447163697381967e-02 -6.655681988907369284e-02 -1.068220074422399253e-02
-9.368768692770297049e-04 8.637537724225516356e-02 1.648285542668781467e-01 2.121510985123256920e-01 2.546309319845404540e-01 2.322803169697642556e-01 1.698588662897290991e-01 8.852739651674818022e-02 8.789601969166237899e-03 -5.180828347580318516e-02 -8.348144987557164221e-02 -6.681598943630484566e-02
-5.470360633818351082e-02 3.291197359392354464e-03 8.136913690492023066e-02 1.551412581154989478e-01 2.322803169697642556e-01 2.578202740511328361e-01 2.312376826076271707e-01 1.686867409749015223e-01 8.818060609990062415e-02 1.044809579188792428e-02 -5.168197751486105357e-02 -7.873550915724096544e-02
-7.344326027051033268e-02 -5.926067384880184807e-02 -2.523016468726015787e-03 7.746958504005332924e-02 1.698588662897290991e-01 2.312376826076271707e-01 2.514154299612483268e-01 2.233776757669479474e-01 1.612648835682786719e-01 8.682937995983155965e-02 1.275185270344012141e-02 -4.926587977909111654e-02
-5.430095655489278889e-02 -8.529658162858431980e-02 -6.356617111152870758e-02 1.784232772855211431e-03 8.852739651674818022e-02 1.686867409749015223e-01 2.233776757669479474e-01 2.389475718296240059e-01 2.094588425837351497e-01 1.559342370387093446e-01 9.014587453910399839e-02 1.100763517359384241e-02
-2.270201478692005642e-03 -6.901694765537838561e-02 -8.686743281646908121e-02 -5.288801562426175690e-02 8.789601969166237899e-03 8.818060609990062415e-02 1.612648835682786719e-01 2.094588425837351497e-01 2.216299391618958836e-01 2.025230550281851283e-01 1.623441836117281434e-01 8.730362054840373753e-02
7.245864880656019413e-02 -1.615717716812863775e-02 -7.105456949544489142e-02 -7.698447163697381967e-02 -5.180828347580318516e-02 1.044809579188792428e-02 8.682937995983155965e-02 1.559342370387093446e-01 2.025230550281851283e-01 2.260215095313546918e-01 2.231826791220182238e-01 1.686560985977530458e-01
1.614736337549386724e-01 6.708792668160264150e-02 -1.757177319864329165e-02 -6.655681988907369284e-02 -8.348144987557164221e-02 -5.168197751486105357e-02 1.275185270344012141e-02 9.014587453910399839e-02 1.623441836117281434e-01 2.231826791220182238e-01 2.674974048721969755e-01 2.476175033474440901e-01
2.324396546424266075e-01 1.621866364839942287e-01 7.151174206411148315e-02 -1.068220074422399253e-02 -6.681598943630484566e-02 -7.873550915724096544e-02 -4.926587977909111654e-02 1.100763517359384241e-02 8.730362054840373753e-02 1.686560985977530458e-01 2.476175033474440901e-01 2.799687765608799839e-01
2.399924390467620683e-01 2.356063207241927415e-01 1.690236639747775826e-01 7.217199006712843312e-02 -1.786071264664740310e-02 -7.282260358684747303e-02 -7.986343285157393446e-02 -4.813652619222873186e-02 1.280739844801018559e-02 8.755508059856809133e-02 1.514160876382735776e-01 2.081180136318938612e-01
2.356063207241927415e-01 2.801961087653092042e-01 2.467369239397802227e-01 1.624603291048011267e-01 6.463092229694579471e-02 -2.180428633817951128e-02 -7.150447177124126530e-02 -8.105555922005644454e-02 -5.159999929834507837e-02 7.985849462167663240e-03 8.390482602812325552e-02 1.655440540546118666e-01
1.690236639747775826e-01 2.467369239397802227e-01 2.679338052907486722e-01 2.283312980946779758e-01 1.573397942890666923e-01 6.743667814267335914e-02 -1.179950754261451656e-02 -6.281486018334563048e-02 -7.775616053094594471e-02 -5.581594732872142972e-02 3.816429469556804985e-03 8.320261769959039211e-02
7.217199006712843312e-02 1.624603291048011267e-01 2.283312980946779758e-01 2.522491703810486596e-01 2.320719800254930909e-01 1.647822385402858136e-01 7.807275103372965375e-02 -3.991537093431620810e-04 -5.667737563667284151e-02 -8.008712695490853573e-02 -5.769890892061775578e-02 -5.284593865742271898e-03
-1.786071264664740310e-02 6.463092229694579471e-02 1.573397942890666923e-01 2.320719800254930909e-01 2.719523834727875511e-01 2.433558609512953830e-01 1.694038955303090455e-01 8.404905252762950862e-02 2.131231810923482368e-03 -5.921862021150064992e-02 -8.062148884015646333e-02 -6.817257042553682977e-02
-7.282260358684747303e-02 -2.180428633817951128e-02 6.743667814267335914e-02 1.647822385402858136e-01 2.433558609512953830e-01 2.650001373698885887e-01 2.257997368275256322e-01 1.603927476654387063e-01 8.083124652708718882e-02 4.021191278125765822e-03 -5.350813630753000621e-02 -8.254986226136827587e-02
-7.986343285157393446e-02 -7.150447177124126530e-02 -1.179950754261451656e-02 7.807275103372965375e-02 1.694038955303090455e-01 2.257997368275256322e-01 2.347928672493720947e-01 2.086045784798060965e-01 1.548276638772453917e-01 8.674848458819076069e-02 1.052804960122609435e-02 -4.930909521868195866e-02
-4.813652619222873186e-02 -8.105555922005644454e-02 -6.281486018334563048e-02 -3.991537093431620810e-04 8.404905252762950862e-02 1.603927476654387063e-01 2.086045784798060965e-01 2.301995338753647369e-01 2.145298305810047768e-01 1.698981424751107583e-01 9.069834315421232418e-02 1.412822649998840205e-02
1.280739844801018559e-02 -5.159999929834507837e-02 -7.775616053094594471e-02 -5.667737563667284151e-02 2.131231810923482368e-03 8.083124652708718882e-02 1.548276638772453917e-01 2.145298305810047768e-01 2.444111640431870236e-01 2.341697179943855178e-01 1.675335158639734701e-01 9.143990118962840030e-02
8.755508059856809133e-02 7.985849462167663240e-03 -5.581594732872142972e-02 -8.008712695490853573e-02 -5.921862021150064992e-02 4.021191278125765822e-03 8.674848458819076069e-02 1.698981424751107583e-01 2.341697179943855178e-01 2.653289495278864374e-01 2.245389240179225532e-01 1.646156912513324078e-01
1.514160876382735776e-01 8.390482602812325552e-02 3.816429469556804985e-03 -5.769890892061775578e-02 -8.062148884015646333e-02 -5.350813630753000621e-02 1.052804960122609435e-02 9.069834315421232418e-02 1.675335158639734701e-01 2.245389240179225532e-01 2.258713768147922463e-01 2.020989036541860351e-01
2.081180136318938612e-01 1.655440540546118666e-01 8.320261769959039211e-02 -5.284593865742271898e-03 -6.817257042553682977e-02 -8.254986226136827587e-02 -4.930909521868195866e-02 1.412822649998840205e-02 9.143990118962840030e-02 1.646156912513324078e-01 2.020989036541860351e-01 2.220720641628535774e-01
2.941174611926414828e-01 2.459619542942662329e-01 1.615635836543031223e-01 7.684810427401295163e-02 -3.484267416295687252e-03 -6.016885680050020752e-02 -7.856357509491662672e-02 -7.130965076761747179e-02 -1.927646300560339337e-02 6.731712985008206362e-02 1.678516994593664546e-01 2.480264918635528837e-01
2.459619542942662329e-01 2.530322990311617559e-01 2.123906053197145427e-01 1.576741099178770866e-01 8.037956619026635774e-02 9.507802514756642787e-03 -4.560884093843953907e-02 -8.018406960764898339e-02 -7.105336537375994688e-02 -1.444118766477813301e-02 7.331881297174183687e-02 1.672261719366024135e-01
1.615635836543031223e-01 2.123906053197145427e-01 2.270802261249275367e-01 2.166954981753871634e-01 1.609575081135598273e-01 9.520706398205444621e-02 1.846434072676832530e-02 -4.491464561244297438e-02 -7.794684594332568217e-02 -6.505652183107561715e-02 -1.207600130394557124e-02 7.117734386987760453e-02
7.684810427401295163e-02 1.576741099178770866e-01 2.166954981753871634e-01 2.542266528691196070e-01 2.280897693317163466e-01 1.781449615654696617e-01 9.347644867137849811e-02 1.618446966393821684e-02 -4.973562189596445610e-02 -8.037173171449896181e-02 -6.893412817224783828e-02 -1.027404948589040815e-02
-3.484267416295687252e-03 8.037956619026635774e-02 1.609575081135598273e-01 2.280897693317163466e-01 2.417351219173927424e-01 2.226567852216029542e-01 1.538376300109864092e-01 8.799334384267969156e-02 1.185221280852552517e-02 -5.077169566835113695e-02 -8.101932853275443935e-02 -6.259996689127694802e-02
-6.016885680050020752e-02 9.507802514756642787e-03 9.520706398205444621e-02 1.781449615654696617e-01 2.226567852216029542e-01 2.416127631029081346e-01 2.007996105932996211e-01 1.597971972596813062e-01 8.888784103056415753e-02 6.796010496263165876e-03 -5.791252547584987975e-02 -8.183013532264341028e-02
-7.856357509491662672e-02 -4.560884093843953907e-02 1.846434072676832530e-02 9.347644867137849811e-02 1.538376300109864092e-01 2.007996105932996211e-01 2.037790305908940836e-01 2.034530775167777139e-01 1.596603331331909459e-01 8.224778402240755237e-02 2.693215534653239322e-03 -5.681633808412392406e-02
-7.130965076761747179e-02 -8.018406960764898339e-02 -4.491464561244297438e-02 1.618446966393821684e-02 8.799334384267969156e-02 1.597971972596813062e-01 2.034530775167777139e-01 2.502473702500342956e-01 2.394031370160391303e-01 1.720306519036832182e-01 8.398772371151810856e-02 -7.252968628166428858e-03
-1.927646300560339337e-02 -7.105336537375994688e-02 -7.794684594332568217e-02 -4.973562189596445610e-02 1.185221280852552517e-02 8.888784103056415753e-02 1.596603331331909459e-01 2.394031370160391303e-01 2.729261751448801565e-01 2.366497349242835391e-01 1.659910631181166218e-01 6.904163879943502058e-02
6.731712985008206362e-02 -1.444118766477813301e-02 -6.505652183107561715e-02 -8.037173171449896181e-02 -5.077169566835113695e-02 6.796010496263165876e-03 8.224778402240755237e-02 1.720306519036832182e-01 2.366497349242835391e-01 2.502930091866755746e-01 2.226938040603017033e-01 1.511284486271135541e-01
1.678516994593664546e-01 7.331881297174183687e-02 -1.207600130394557124e-02 -6.893412817224783828e-02 -8.101932853275443935e-02 -5.791252547584987975e-02 2.693215534653239322e-03 8.398772371151810856e-02 1.659910631181166218e-01 2.226938040603017033e-01 2.520934346808257898e-01 2.255845915538466362e-01
