1.975343012597874925e-01 1.782582502066629437e-01 1.247491703503928046e-01 8.399575222353786175e-02 4.588411615665421994e-02 2.431397293331293789e-03 -4.107949912343430987e-02 -8.034972007840679442e-02 -1.222556619852220722e-01 -1.709509296967330061e-01
1.782582502066629437e-01 2.270758989490510860e-01 1.789385713099658493e-01 1.276768296253724955e-01 8.831607410933002555e-02 4.876597175304284854e-02 6.720328476043609285e-03 -3.918722832946872070e-02 -8.223765444537654845e-02 -1.277744112997844239e-01
1.247491703503928046e-01 1.789385713099658493e-01 1.944866622683307789e-01 1.637953668856537426e-01 1.233217345518212160e-01 8.324998405568176385e-02 4.941927951808849917e-02 7.608047654873788604e-03 -3.902760413006391149e-02 -8.313276881860943990e-02
8.399575222353786175e-02 1.276768296253724955e-01 1.637953668856537426e-01 1.891880974699158835e-01 1.661648129110429029e-01 1.210844885474101074e-01 8.649011442477365363e-02 5.058196948407197441e-02 5.681433160165678953e-03 -4.293319472328314262e-02
4.588411615665421994e-02 8.831607410933002555e-02 1.233217345518212160e-01 1.661648129110429029e-01 1.910349760255991569e-01 1.604080783240778296e-01 1.247338847572831561e-01 8.796405023340825302e-02 4.878303356549453657e-02 1.852069582007221738e-03
2.431397293331293789e-03 4.876597175304284854e-02 8.324998405568176385e-02 1.210844885474101074e-01 1.604080783240778296e-01 1.795269215625018289e-01 1.654547900741970279e-01 1.252337939469724271e-01 8.498189492621179009e-02 4.539862761221937631e-02
-4.107949912343430987e-02 6.720328476043609285e-03 4.941927951808849917e-02 8.649011442477365363e-02 1.247338847572831561e-01 1.654547900741970279e-01 2.056397193901630671e-01 1.773141334061879293e-01 1.269472974090028183e-01 8.585672530304916394e-02
-8.034972007840679442e-02 -3.918722832946872070e-02 7.608047654873788604e-03 5.058196948407197441e-02 8.796405023340825302e-02 1.252337939469724271e-01 1.773141334061879293e-01 2.072609782690078006e-01 1.717989603802081433e-01 1.259675422842445602e-01
-1.222556619852220722e-01 -8.223765444537654845e-02 -3.902760413006391149e-02 5.681433160165678953e-03 4.878303356549453657e-02 8.498189492621179009e-02 1.269472974090028183e-01 1.717989603802081433e-01 2.001883753508633956e-01 1.740938494492977606e-01
-1.709509296967330061e-01 -1.277744112997844239e-01 -8.313276881860943990e-02 -4.293319472328314262e-02 1.852069582007221738e-03 4.539862761221937631e-02 8.585672530304916394e-02 1.259675422842445602e-01 1.740938494492977606e-01 2.080640694547790381e-01
1.737997886241351708e-01 1.541437728634025561e-01 1.224167665617361678e-01 8.267248264084411935e-02 4.491759440716863727e-02 5.315357506244168702e-05 -4.548918002843665293e-02 -8.572190576222887826e-02 -1.236236370779345978e-01 -1.634772189275238152e-01
1.541437728634025561e-01 1.835181297164568959e-01 1.734758794301333451e-01 1.248019636077942890e-01 8.401479937451847291e-02 4.603845954342329627e-02 -3.342879149008608393e-03 -4.821277453480512371e-02 -8.495537449075624137e-02 -1.223564169177127070e-01
1.224167665617361678e-01 1.734758794301333451e-01 2.235804040684075678e-01 1.804974127576164933e-01 1.276842805333458786e-01 8.975551145124208152e-02 4.211865535684164441e-02 -4.016605300014926445e-03 -4.830026734642834524e-02 -8.694934068347948131e-02
8.267248264084411935e-02 1.248019636077942890e-01 1.804974127576164933e-01 2.002378105737030456e-01 1.658260927074139413e-01 1.275238486854656239e-01 7.929322733935428857e-02 4.078101187966388930e-02 -3.472825432964570143e-03 -4.750130240162100254e-02
4.491759440716863727e-02 8.401479937451847291e-02 1.276842805333458786e-01 1.658260927074139413e-01 1.924100625608088921e-01 1.765365697733815020e-01 1.190300918737594998e-01 8.010895237664096558e-02 4.120194003788629072e-02 -3.411202072697705392e-03
5.315357506244168702e-05 4.603845954342329627e-02 8.975551145124208152e-02 1.275238486854656239e-01 1.765365697733815020e-01 2.215505197451820285e-01 1.706489388014003628e-01 1.264126905338435747e-01 8.655135767619223652e-02 4.601266861328953683e-02
-4.548918002843665293e-02 -3.342879149008608393e-03 4.211865535684164441e-02 7.929322733935428857e-02 1.190300918737594998e-01 1.706489388014003628e-01 1.825130052180913565e-01 1.650972166134120345e-01 1.245730847548357778e-01 8.514742442507798603e-02
-8.572190576222887826e-02 -4.821277453480512371e-02 -4.016605300014926445e-03 4.078101187966388930e-02 8.010895237664096558e-02 1.264126905338435747e-01 1.650972166134120345e-01 2.060150254718524643e-01 1.789168586178995490e-01 1.290803059419597110e-01
-1.236236370779345978e-01 -8.495537449075624137e-02 -4.830026734642834524e-02 -3.472825432964570143e-03 4.120194003788629072e-02 8.655135767619223652e-02 1.245730847548357778e-01 1.789168586178995490e-01 2.133834331333411549e-01 1.765987215513102337e-01
-1.634772189275238152e-01 -1.223564169177127070e-01 -8.694934068347948131e-02 -4.750130240162100254e-02 -3.411202072697705392e-03 4.601266861328953683e-02 8.514742442507798603e-02 1.290803059419597110e-01 1.765987215513102337e-01 2.029918208880222008e-01
2.100670233851288926e-01 1.704080071197942303e-01 1.258139744471720167e-01 8.707235333630980456e-02 4.839704928344702728e-02 2.279421491386053600e-03 -4.578416621676799358e-02 -8.587739610215551489e-02 -1.287398113184924364e-01 -1.720728668678737916e-01
1.704080071197942303e-01 1.855227777949652324e-01 1.616023031711178171e-01 1.225973170946402929e-01 8.453260954830889295e-02 4.493667443928807403e-02 4.452547181588694118e-04 -4.522267106137614623e-02 -8.579236866896566838e-02 -1.225702162152009916e-01
1.258139744471720167e-01 1.616023031711178171e-01 1.904451567184061445e-01 1.694062913321461583e-01 1.260787291755562922e-01 8.420560052894526804e-02 4.587892161884381259e-02 -2.150337796881420654e-03 -4.818067141606912490e-02 -8.440503859116360585e-02
8.707235333630980456e-02 1.225973170946402929e-01 1.694062913321461583e-01 2.037853541117291833e-01 1.753470313106742784e-01 1.250572439507405820e-01 8.648515861335838439e-02 4.265647049098852950e-02 -3.554802390112515344e-03 -4.694250310843369606e-02
4.839704928344702728e-02 8.453260954830889295e-02 1.260787291755562922e-01 1.753470313106742784e-01 2.067252176015739185e-01 1.707992387711009807e-01 1.280000587244186638e-01 8.310775343958667905e-02 4.312269971869860108e-02 -2.981702219932426574e-03
2.279421491386053600e-03 4.493667443928807403e-02 8.420560052894526804e-02 1.250572439507405820e-01 1.707992387711009807e-01 1.959703707446896481e-01 1.738599229126078782e-01 1.224540362658897985e-01 8.280273069978884293e-02 4.161721891251388139e-02
-4.578416621676799358e-02 4.452547181588694118e-04 4.587892161884381259e-02 8.648515861335838439e-02 1.280000587244186638e-01 1.738599229126078782e-01 2.119779478367072034e-01 1.724118218430998328e-01 1.270985792385054824e-01 8.389326280181962081e-02
-8.587739610215551489e-02 -4.522267106137614623e-02 -2.150337796881420654e-03 4.265647049098852950e-02 8.310775343958667905e-02 1.224540362658897985e-01 1.724118218430998328e-01 1.949844288224981126e-01 1.714457107961510074e-01 1.230355497397804393e-01
-1.287398113184924364e-01 -8.579236866896566838e-02 -4.818067141606912490e-02 -3.554802390112515344e-03 4.312269971869860108e-02 8.280273069978884293e-02 1.270985792385054824e-01 1.714457107961510074e-01 2.070466670605141668e-01 1.710537035621368385e-01
-1.720728668678737916e-01 -1.225702162152009916e-01 -8.440503859116360585e-02 -4.694250310843369606e-02 -2.981702219932426574e-03 4.161721891251388139e-02 8.389326280181962081e-02 1.230355497397804393e-01 1.710537035621368385e-01 1.934750559237883860e-01
1.881046168758052084e-01 1.662732113090934771e-01 1.217737632187823743e-01 8.247608888717503084e-02 4.599494082619824675e-02 4.278732107504025148e-03 -4.082549807338894249e-02 -8.136313723202713566e-02 -1.247268250050248689e-01 -1.737889471509040940e-01
1.662732113090934771e-01 2.026212331143488754e-01 1.727981128487917073e-01 1.263863748845296398e-01 8.756920202468546077e-02 5.095993221147193664e-02 6.518009304939136397e-03 -4.022311008102199409e-02 -8.311512766438497457e-02 -1.265784456463170671e-01
1.217737632187823743e-01 1.727981128487917073e-01 2.001762210074521375e-01 1.704249975100062819e-01 1.258081914042821770e-01 8.834261701363137209e-02 5.088522462086615683e-02 6.665329815881124165e-03 -4.007308889378147221e-02 -8.332648339193581000e-02
8.247608888717503084e-02 1.263863748845296398e-01 1.704249975100062819e-01 1.982327262388621503e-01 1.683566356921762375e-01 1.256327871790232920e-01 8.713110729183073944e-02 4.889110751379968645e-02 4.731849420904755271e-03 -4.344525264972481926e-02
4.599494082619824675e-02 8.756920202468546077e-02 1.258081914042821770e-01 1.683566356921762375e-01 1.906736485654682567e-01 1.645508667716125417e-01 1.229582772058302187e-01 8.363321425007723409e-02 4.597185955306792859e-02 -2.417389470626808777e-04
4.278732107504025148e-03 5.095993221147193664e-02 8.834261701363137209e-02 1.256327871790232920e-01 1.645508667716125417e-01 1.901538300756359101e-01 1.660207903482854297e-01 1.227241380764909073e-01 8.433934765820401414e-02 4.448010772904426036e-02
-4.082549807338894249e-02 6.518009304939136397e-03 5.088522462086615683e-02 8.713110729183073944e-02 1.229582772058302187e-01 1.660207903482854297e-01 1.944937085929263620e-01 1.676244600668723161e-01 1.258239357252847745e-01 8.621921644874555590e-02
-8.136313723202713566e-02 -4.022311008102199409e-02 6.665329815881124165e-03 4.889110751379968645e-02 8.363321425007723409e-02 1.227241380764909073e-01 1.676244600668723161e-01 1.951947687163900769e-01 1.728276873812854553e-01 1.283205543766597900e-01
-1.247268250050248689e-01 -8.311512766438497457e-02 -4.007308889378147221e-02 4.731849420904755271e-03 4.597185955306792859e-02 8.433934765820401414e-02 1.258239357252847745e-01 1.728276873812854553e-01 2.144448424566845202e-01 1.850384098337499728e-01
-1.737889471509040940e-01 -1.265784456463170671e-01 -8.332648339193581000e-02 -4.344525264972481926e-02 -2.417389470626808777e-04 4.448010772904426036e-02 8.621921644874555590e-02 1.283205543766597900e-01 1.850384098337499728e-01 2.259044043564258364e-01
2.175062620022235604e-01 1.616542910008451073e-01 1.241277691119992282e-01 8.552026973618961914e-02 4.711988676781020402e-02 4.038627737851855498e-03 -4.466016557968827128e-02 -8.837908231965037331e-02 -1.318720867123042428e-01 -1.822601145613359230e-01
1.616542910008451073e-01 1.618737029573690256e-01 1.538188099668610365e-01 1.191301027739358476e-01 8.097141947972691378e-02 4.691200906470277543e-02 3.163735898145668933e-03 -4.254426988808322763e-02 -8.222382331873791250e-02 -1.198359716677936532e-01
1.241277691119992282e-01 1.538188099668610365e-01 1.993436529013667413e-01 1.783421421253447714e-01 1.277506040334196458e-01 9.048756395904750116e-02 4.998232691877509820e-02 1.573301836953309649e-03 -4.521720140339263033e-02 -8.338764318425237465e-02
8.552026973618961914e-02 1.191301027739358476e-01 1.783421421253447714e-01 2.125755429026290888e-01 1.726574063596371389e-01 1.289432467941711846e-01 8.783653982393152537e-02 4.533448304078309399e-02 -1.696788988567400809e-04 -4.468961549995202620e-02
4.711988676781020402e-02 8.097141947972691378e-02 1.277506040334196458e-01 1.726574063596371389e-01 1.949767400024525477e-01 1.705868874332491236e-01 1.242897193707111769e-01 8.111493615763260001e-02 4.259154738596698103e-02 -1.989551170474190746e-03
4.038627737851855498e-03 4.691200906470277543e-02 9.048756395904750116e-02 1.289432467941711846e-01 1.705868874332491236e-01 2.026919855380233393e-01 1.699278725386251243e-01 1.211865901766288472e-01 8.216044946046242858e-02 4.163434376183215019e-02
-4.466016557968827128e-02 3.163735898145668933e-03 4.998232691877509820e-02 8.783653982393152537e-02 1.242897193707111769e-01 1.699278725386251243e-01 1.922733429891343715e-01 1.636607224186614751e-01 1.242851358273674850e-01 8.334341705113849919e-02
-8.837908231965037331e-02 -4.254426988808322763e-02 1.573301836953309649e-03 4.533448304078309399e-02 8.111493615763260001e-02 1.211865901766288472e-01 1.636607224186614751e-01 1.931654701106564898e-01 1.744472677183936948e-01 1.266173591440056256e-01
-1.318720867123042428e-01 -8.222382331873791250e-02 -4.521720140339263033e-02 -1.696788988567400809e-04 4.259154738596698103e-02 8.216044946046242858e-02 1.242851358273674850e-01 1.744472677183936948e-01 2.143357011785769484e-01 1.782093262164154979e-01
-1.822601145613359230e-01 -1.198359716677936532e-01 -8.338764318425237465e-02 -4.468961549995202620e-02 -1.989551170474190746e-03 4.163434376183215019e-02 8.334341705113849919e-02 1.266173591440056256e-01 1.782093262164154979e-01 2.112575994175681093e-01
1.854265673336178977e-01 1.703663573055062552e-01 1.220410517213032786e-01 8.317137691016315837e-02 4.388694148818347157e-02 -3.094631242717124967e-04 -4.505703386464080668e-02 -8.106301132650105268e-02 -1.239621141141684646e-01 -1.666680377455950490e-01
1.703663573055062552e-01 2.134496497011868221e-01 1.744668293971760598e-01 1.280379135218595588e-01 8.654646821732737971e-02 4.601046409997507775e-02 6.704488192814090199e-04 -4.389392607630945853e-02 -8.589236312296305575e-02 -1.266982853583509261e-01
1.220410517213032786e-01 1.744668293971760598e-01 1.960579335229526154e-01 1.711288513733870698e-01 1.246764253577470200e-01 8.364571132661435815e-02 4.643084584894537070e-02 1.833646846188501404e-03 -4.315390018037478653e-02 -8.323861994834323708e-02
8.317137691016315837e-02 1.280379135218595588e-01 1.711288513733870698e-01 2.081850466473934569e-01 1.739378134431897593e-01 1.249157617204607745e-01 8.722811644923823826e-02 4.622969501940381309e-02 2.562351536422420410e-03 -4.395530094537716120e-02
4.388694148818347157e-02 8.654646821732737971e-02 1.246764253577470200e-01 1.739378134431897593e-01 1.948755000656558489e-01 1.636068675074349443e-01 1.250527709604584703e-01 8.268752683480679044e-02 4.645444413182998888e-02 1.481612798671683249e-03
-3.094631242717124967e-04 4.601046409997507775e-02 8.364571132661435815e-02 1.249157617204607745e-01 1.636068675074349443e-01 1.893846151412442169e-01 1.716858134109255918e-01 1.220173967264676085e-01 8.524607216835465573e-02 4.659804806469072108e-02
-4.505703386464080668e-02 6.704488192814090199e-04 4.643084584894537070e-02 8.722811644923823826e-02 1.250527709604584703e-01 1.716858134109255918e-01 2.091959166539089643e-01 1.690209935988973566e-01 1.274059568975582646e-01 8.794417334636016326e-02
-8.106301132650105268e-02 -4.389392607630945853e-02 1.833646846188501404e-03 4.622969501940381309e-02 8.268752683480679044e-02 1.220173967264676085e-01 1.690209935988973566e-01 1.849407926741880315e-01 1.669476061923765853e-01 1.249416113209514262e-01
-1.239621141141684646e-01 -8.589236312296305575e-02 -4.315390018037478653e-02 2.562351536422420410e-03 4.645444413182998888e-02 8.524607216835465573e-02 1.274059568975582646e-01 1.669476061923765853e-01 2.091034854628756046e-01 1.797784036906734939e-01
-1.666680377455950490e-01 -1.266982853583509261e-01 -8.323861994834323708e-02 -4.395530094537716120e-02 1.481612798671683249e-03 4.659804806469072108e-02 8.794417334636016326e-02 1.249416113209514262e-01 1.797784036906734939e-01 2.093804927969769580e-01
2.033011255901495395e-01 1.706170052541666482e-01 1.246785005865035101e-01 8.369846760765034532e-02 3.626401891938019206e-02 -1.200943232031313236e-02 -5.491082403580727078e-02 -9.103176077285961287e-02 -1.217678792590619063e-01 -1.714596252757210060e-01
1.706170052541666482e-01 1.969062727463235796e-01 1.709478614997128332e-01 1.273276964564017955e-01 7.996827166975714607e-02 3.577580709482105353e-02 -1.100573170831868966e-02 -5.306425475391589319e-02 -8.343721148799010390e-02 -1.247225760062080080e-01
1.246785005865035101e-01 1.709478614997128332e-01 2.079689646639811540e-01 1.839317069355669299e-01 1.255694747372231301e-01 8.045361032170929294e-02 3.712210488931168284e-02 -7.438892298540306959e-03 -4.558307962913158567e-02 -8.387856047535433013e-02
8.369846760765034532e-02 1.273276964564017955e-01 1.839317069355669299e-01 2.343663071673650344e-01 1.835213854317895854e-01 1.275018809816774734e-01 8.350419780836401684e-02 4.392744355168903131e-02 7.909287167658323294e-04 -4.221118461360155727e-02
3.626401891938019206e-02 7.996827166975714607e-02 1.255694747372231301e-01 1.835213854317895854e-01 2.081474124710638307e-01 1.713993873473271534e-01 1.237803536597491261e-01 8.549540359827957625e-02 4.692502781918341664e-02 8.861695056636424012e-03
-1.200943232031313236e-02 3.577580709482105353e-02 8.045361032170929294e-02 1.275018809816774734e-01 1.713993873473271534e-01 1.955122609766565267e-01 1.664861175164696894e-01 1.255005268760892023e-01 8.395853532008457076e-02 5.320120834232427293e-02
-5.491082403580727078e-02 -1.100573170831868966e-02 3.712210488931168284e-02 8.350419780836401684e-02 1.237803536597491261e-01 1.664861175164696894e-01 1.937276904079378581e-01 1.706011810472892465e-01 1.209797870984245238e-01 8.921325518539102717e-02
-9.103176077285961287e-02 -5.306425475391589319e-02 -7.438892298540306959e-03 4.392744355168903131e-02 8.549540359827957625e-02 1.255005268760892023e-01 1.706011810472892465e-01 1.995543011854379600e-01 1.601352384843036103e-01 1.261840255843792169e-01
-1.217678792590619063e-01 -8.343721148799010390e-02 -4.558307962913158567e-02 7.909287167658323294e-04 4.692502781918341664e-02 8.395853532008457076e-02 1.209797870984245238e-01 1.601352384843036103e-01 1.684195474275645976e-01 1.564508766344175905e-01
-1.714596252757210060e-01 -1.247225760062080080e-01 -8.387856047535433013e-02 -4.221118461360155727e-02 8.861695056636424012e-03 5.320120834232427293e-02 8.921325518539102717e-02 1.261840255843792169e-01 1.564508766344175905e-01 1.920961173635206687e-01
2.147108565045854345e-01 1.775971844173371561e-01 1.276771690416779181e-01 8.454919369967789367e-02 4.331538977787875722e-02 -1.088958424752323054e-03 -4.558879762902965510e-02 -8.316999452823331529e-02 -1.257648109998904251e-01 -1.772247583111590530e-01
1.775971844173371561e-01 2.049166654071392091e-01 1.718529956922565383e-01 1.238046089458446353e-01 8.235131663540309899e-02 4.361954568027179291e-02 6.079273834038422799e-04 -4.350678239970628969e-02 -8.458774122954716701e-02 -1.273340326776667697e-01
1.276771690416779181e-01 1.718529956922565383e-01 1.989917196004004074e-01 1.688165299965198596e-01 1.233141621352622369e-01 8.363511985780708313e-02 4.722280138987530740e-02 1.970706183613399679e-03 -4.404579204907712459e-02 -8.572229728343469524e-02
8.454919369967789367e-02 1.238046089458446353e-01 1.688165299965198596e-01 1.961006177503842596e-01 1.683461430490985622e-01 1.244475689706039390e-01 8.813252010898009470e-02 4.786727486713519830e-02 3.444832542539291373e-03 -4.316853172880456835e-02
4.331538977787875722e-02 8.235131663540309899e-02 1.233141621352622369e-01 1.683461430490985622e-01 1.953011559821047904e-01 1.684010780119936102e-01 1.282708683937479055e-01 8.626010593383898195e-02 4.820901735160488394e-02 3.230287989917219032e-03
-1.088958424752323054e-03 4.361954568027179291e-02 8.363511985780708313e-02 1.244475689706039390e-01 1.684010780119936102e-01 1.983629512080916368e-01 1.757157764775399145e-01 1.244985438859851495e-01 8.501221849278507714e-02 4.632531189596424820e-02
-4.558879762902965510e-02 6.079273834038422799e-04 4.722280138987530740e-02 8.813252010898009470e-02 1.282708683937479055e-01 1.757157764775399145e-01 2.124169681771294893e-01 1.707025464084306055e-01 1.248414724029796585e-01 8.530983852130585854e-02
-8.316999452823331529e-02 -4.350678239970628969e-02 1.970706183613399679e-03 4.786727486713519830e-02 8.626010593383898195e-02 1.244985438859851495e-01 1.707025464084306055e-01 1.858705971305884275e-01 1.612014113919542357e-01 1.219638245362751339e-01
-1.257648109998904251e-01 -8.458774122954716701e-02 -4.404579204907712459e-02 3.444832542539291373e-03 4.820901735160488394e-02 8.501221849278507714e-02 1.248414724029796585e-01 1.612014113919542357e-01 1.892486426052871207e-01 1.688121131496467253e-01
-1.772247583111590530e-01 -1.273340326776667697e-01 -8.572229728343469524e-02 -4.316853172880456835e-02 3.230287989917219032e-03 4.632531189596424820e-02 8.530983852130585854e-02 1.219638245362751339e-01 1.688121131496467253e-01 2.040798256342907513e-01
2.049395118330343823e-01 1.664166769332030005e-01 1.234416131141989476e-01 8.701452945573966147e-02 4.576832740544151124e-02 2.602263931943015005e-03 -4.151625454992819569e-02 -8.871783114643154444e-02 -1.216773962770797968e-01 -1.772710919796006979e-01
1.664166769332030005e-01 1.868397811986047818e-01 1.659026159505838649e-01 1.272887657747009404e-01 8.456239308361396256e-02 4.924974443235846655e-02 3.477218724075084415e-03 -4.470052235571494309e-02 -7.895659717061270788e-02 -1.239221063090600178e-01
1.234416131141989476e-01 1.659026159505838649e-01 2.006562955734415565e-01 1.772226173938314664e-01 1.241811058780494664e-01 8.795693078538094345e-02 4.486103885376233058e-02 1.612483602828392081e-03 -4.148597152245457609e-02 -8.369222815665176840e-02
8.701452945573966147e-02 1.272887657747009404e-01 1.772226173938314664e-01 2.112292266191571344e-01 1.693208195753573841e-01 1.284588577603106019e-01 8.186660009871155053e-02 4.744247057649132737e-02 -2.402741985982895711e-04 -4.664984654814462867e-02
4.576832740544151124e-02 8.456239308361396256e-02 1.241811058780494664e-01 1.693208195753573841e-01 1.893681512651548271e-01 1.698853623227794540e-01 1.171392618223462412e-01 8.548592138555324849e-02 4.211597453347996900e-02 -3.612001306515190608e-04
2.602263931943015005e-03 4.924974443235846655e-02 8.795693078538094345e-02 1.284588577603106019e-01 1.698853623227794540e-01 2.009709179377550947e-01 1.587458845791288042e-01 1.289419013898440991e-01 8.210184634029706052e-02 4.544901441048292134e-02
-4.151625454992819569e-02 3.477218724075084415e-03 4.486103885376233058e-02 8.186660009871155053e-02 1.171392618223462412e-01 1.587458845791288042e-01 1.722675435643744868e-01 1.741456399817544742e-01 1.177839038196387272e-01 8.153717415290219483e-02
-8.871783114643154444e-02 -4.470052235571494309e-02 1.612483602828392081e-03 4.744247057649132737e-02 8.548592138555324849e-02 1.289419013898440991e-01 1.741456399817544742e-01 2.448179984383291596e-01 1.803031872104798039e-01 1.313264314903573871e-01
-1.216773962770797968e-01 -7.895659717061270788e-02 -4.148597152245457609e-02 -2.402741985982895711e-04 4.211597453347996900e-02 8.210184634029706052e-02 1.177839038196387272e-01 1.803031872104798039e-01 1.834014740528467080e-01 1.633587690005314785e-01
-1.772710919796006979e-01 -1.239221063090600178e-01 -8.369222815665176840e-02 -4.664984654814462867e-02 -3.612001306515190608e-04 4.544901441048292134e-02 8.153717415290219483e-02 1.313264314903573871e-01 1.633587690005314785e-01 2.055090995173023127e-01
2.193157492913475060e-01 1.807014062414695199e-01 1.227069622691993739e-01 9.012604731847846662e-02 4.767046462929749179e-02 2.323031735725141975e-03 -4.365382169645252303e-02 -8.657826145822189456e-02 -1.270596068433629822e-01 -1.676181602615931521e-01
1.807014062414695199e-01 1.991947578106239014e-01 1.571054160967841062e-01 1.274889982801254151e-01 8.496633023635330462e-02 4.685316513880689870e-02 2.911176591428906411e-03 -4.460611628476988944e-02 -8.504170918934264578e-02 -1.220137049275463320e-01
1.227069622691993739e-01 1.571054160967841062e-01 1.713891053458729274e-01 1.689786708675071747e-01 1.205081961815183955e-01 8.140636687123049831e-02 4.456547658513231036e-02 3.672745948683867620e-04 -4.367464551216691804e-02 -7.836369946260800246e-02
9.012604731847846662e-02 1.274889982801254151e-01 1.689786708675071747e-01 2.237569692490304074e-01 1.776258270083630186e-01 1.268281721416346375e-01 8.689603109422357197e-02 4.596088843042846900e-02 -1.955096505772145870e-03 -4.623925204442328601e-02
4.767046462929749179e-02 8.496633023635330462e-02 1.205081961815183955e-01 1.776258270083630186e-01 1.926414351955362259e-01 1.639841330610623815e-01 1.233839882319352765e-01 8.390028495145759879e-02 4.381585202564626524e-02 -1.334512911156933044e-03
2.323031735725141975e-03 4.685316513880689870e-02 8.140636687123049831e-02 1.268281721416346375e-01 1.639841330610623815e-01 1.930001197971585036e-01 1.697893517022462662e-01 1.257651286504625487e-01 8.490083199327043417e-02 4.253880183193718689e-02
-4.365382169645252303e-02 2.911176591428906411e-03 4.456547658513231036e-02 8.689603109422357197e-02 1.233839882319352765e-01 1.697893517022462662e-01 1.998033125188619641e-01 1.734366254842041322e-01 1.263910841126602291e-01 8.120564994038911855e-02
-8.657826145822189456e-02 -4.460611628476988944e-02 3.672745948683867620e-04 4.596088843042846900e-02 8.390028495145759879e-02 1.257651286504625487e-01 1.734366254842041322e-01 2.127090920342297187e-01 1.803404738482801417e-01 1.235553883088127830e-01
-1.270596068433629822e-01 -8.504170918934264578e-02 -4.367464551216691804e-02 -1.955096505772145870e-03 4.381585202564626524e-02 8.490083199327043417e-02 1.263910841126602291e-01 1.803404738482801417e-01 2.101156031304960425e-01 1.650198187880838885e-01
-1.676181602615931521e-01 -1.220137049275463320e-01 -7.836369946260800246e-02 -4.623925204442328601e-02 -1.334512911156933044e-03 4.253880183193718689e-02 8.120564994038911855e-02 1.235553883088127830e-01 1.650198187880838885e-01 1.780738556268432471e-01
2.039440273384362512e-01 1.711899973008408349e-01 1.256625933386543159e-01 8.633983394022451408e-02 4.886947089767925551e-02 7.271098851715659950e-03 -3.815034939756170584e-02 -8.148787649204433658e-02 -1.226807754993720634e-01 -1.788697111652325367e-01
1.711899973008408349e-01 2.002214125994769001e-01 1.710232689694325958e-01 1.258417827785864029e-01 8.681666420929169681e-02 5.098409680615444139e-02 9.423206329461333158e-03 -3.813923455014633923e-02 -7.969796121918167053e-02 -1.266271593952603691e-01
1.256625933386543159e-01 1.710232689694325958e-01 1.972365331687648271e-01 1.677636722588768670e-01 1.235769261024413784e-01 8.605168023166404057e-02 5.141738104946300819e-02 7.416063966129306413e-03 -3.989283753117076753e-02 -8.533998724361828436e-02
8.633983394022451408e-02 1.258417827785864029e-01 1.677636722588768670e-01 1.922406546280135409e-01 1.638208887447027418e-01 1.226076240840423548e-01 8.747878778414179546e-02 5.037980864110831042e-02 3.533845953928848541e-03 -4.589801655230728306e-02
4.886947089767925551e-02 8.681666420929169681e-02 1.235769261024413784e-01 1.638208887447027418e-01 1.840675656355934275e-01 1.595835057521955147e-01 1.238472355162984345e-01 8.675830290695199509e-02 4.515157152815718611e-02 -1.848334744213335577e-03
7.271098851715659950e-03 5.098409680615444139e-02 8.605168023166404057e-02 1.226076240840423548e-01 1.595835057521955147e-01 1.824142485924319657e-01 1.664295086567894044e-01 1.258710022369599613e-01 8.224062671070231367e-02 4.211922705181767729e-02
-3.815034939756170584e-02 9.423206329461333158e-03 5.141738104946300819e-02 8.747878778414179546e-02 1.238472355162984345e-01 1.664295086567894044e-01 2.064335936425030771e-01 1.804331079137870275e-01 1.251860622879309159e-01 8.455897553625255081e-02
-8.148787649204433658e-02 -3.813923455014633923e-02 7.416063966129306413e-03 5.037980864110831042e-02 8.675830290695199509e-02 1.258710022369599613e-01 1.804331079137870275e-01 2.176732566932405577e-01 1.734644821478180943e-01 1.281644772723222747e-01
-1.226807754993720634e-01 -7.969796121918167053e-02 -3.989283753117076753e-02 3.533845953928848541e-03 4.515157152815718611e-02 8.224062671070231367e-02 1.251860622879309159e-01 1.734644821478180943e-01 1.954275758399709462e-01 1.747925216629330758e-01
-1.788697111652325367e-01 -1.266271593952603691e-01 -8.533998724361828436e-02 -4.589801655230728306e-02 -1.848334744213335577e-03 4.211922705181767729e-02 8.455897553625255081e-02 1.281644772723222747e-01 1.747925216629330758e-01 2.203411318615693393e-01
2.134938824377022593e-01 1.764633820756293103e-01 1.287038071246043025e-01 8.577840249037631259e-02 4.123777527863697889e-02 -5.326715222947381138e-03 -4.831460999920043908e-02 -8.705131440317938341e-02 -1.230488379959506356e-01 -1.720588235416515011e-01
1.764633820756293103e-01 2.042005719033256617e-01 1.761883851670182355e-01 1.268825289237357212e-01 8.221842701759562999e-02 4.171872836122521994e-02 -1.970026674828388204e-03 -4.528106089328004513e-02 -8.139062147548521697e-02 -1.236381111377828357e-01
1.287038071246043025e-01 1.761883851670182355e-01 2.145295506217539394e-01 1.784810214273964413e-01 1.247187107279620066e-01 8.320290822510198470e-02 4.399604750261334324e-02 9.826669282047703017e-04 -4.236610928770308260e-02 -8.357327035275723126e-02
8.577840249037631259e-02 1.268825289237357212e-01 1.784810214273964413e-01 2.064740872574998831e-01 1.692170896357986787e-01 1.239109421353324914e-01 8.413816454900603647e-02 4.819289352300301643e-02 4.338923343580805905e-03 -4.154707332955216020e-02
4.123777527863697889e-02 8.221842701759562999e-02 1.247187107279620066e-01 1.692170896357986787e-01 1.922320354482959237e-01 1.664471676231206176e-01 1.234593573415696255e-01 8.783838548554723236e-02 4.941033715658895570e-02 6.347429722584009039e-03
-5.326715222947381138e-03 4.171872836122521994e-02 8.320290822510198470e-02 1.239109421353324914e-01 1.664471676231206176e-01 1.931104796674869006e-01 1.663816738578702270e-01 1.274246983922200371e-01 8.680183027767024440e-02 4.984444371500215687e-02
-4.831460999920043908e-02 -1.970026674828388204e-03 4.399604750261334324e-02 8.413816454900603647e-02 1.234593573415696255e-01 1.663816738578702270e-01 1.940916450125435566e-01 1.733710472661894597e-01 1.242860063356466677e-01 8.558870003083335343e-02
-8.705131440317938341e-02 -4.528106089328004513e-02 9.826669282047703017e-04 4.819289352300301643e-02 8.783838548554723236e-02 1.274246983922200371e-01 1.733710472661894597e-01 2.100510336700513458e-01 1.700457132083146028e-01 1.247245958544091343e-01
-1.230488379959506356e-01 -8.139062147548521697e-02 -4.236610928770308260e-02 4.338923343580805905e-03 4.941033715658895570e-02 8.680183027767024440e-02 1.242860063356466677e-01 1.700457132083146028e-01 1.838975851250805871e-01 1.593384714998062890e-01
-1.720588235416515011e-01 -1.236381111377828357e-01 -8.357327035275723126e-02 -4.154707332955216020e-02 6.347429722584009039e-03 4.984444371500215687e-02 8.558870003083335343e-02 1.247245958544091343e-01 1.593384714998062890e-01 1.879191288562605255e-01
2.277313548849381197e-01 1.810224123172949062e-01 1.242649357385204878e-01 8.495255129177879672e-02 4.340126848185559688e-02 7.724244920268399147e-04 -4.179704872735161281e-02 -8.622081640493217680e-02 -1.290089997282125034e-01 -1.783957207334770090e-01
1.810224123172949062e-01 2.015840439041389209e-01 1.650678062858941808e-01 1.255906085011046780e-01 8.363651961460757955e-02 4.909691618701554627e-02 6.024444642641567024e-03 -4.043353382112952615e-02 -8.312551639622316191e-02 -1.245329862244060615e-01
1.242649357385204878e-01 1.650678062858941808e-01 1.891207986612614966e-01 1.708380287261968000e-01 1.226963766016273272e-01 8.795288545186905060e-02 4.936441884241139083e-02 8.403144331761638539e-03 -3.826831047589104168e-02 -7.900793024331621839e-02
8.495255129177879672e-02 1.255906085011046780e-01 1.708380287261968000e-01 2.060534668869910824e-01 1.687573424944416867e-01 1.288282927749864748e-01 8.661449532277373797e-02 5.257179927007452069e-02 7.283838778769141133e-03 -4.014358513320100824e-02
4.340126848185559688e-02 8.363651961460757955e-02 1.226963766016273272e-01 1.687573424944416867e-01 1.889685375880821305e-01 1.695188820312803490e-01 1.205623742806137544e-01 8.662893026759377335e-02 4.895042720074849196e-02 3.981946399673419457e-03
7.724244920268399147e-04 4.909691618701554627e-02 8.795288545186905060e-02 1.288282927749864748e-01 1.695188820312803490e-01 2.027430326498478874e-01 1.624581412954274606e-01 1.257784962409143337e-01 8.701729508491401477e-02 4.600625806859898886e-02
-4.179704872735161281e-02 6.024444642641567024e-03 4.936441884241139083e-02 8.661449532277373797e-02 1.205623742806137544e-01 1.624581412954274606e-01 1.713450345171138867e-01 1.592831480692697144e-01 1.212197717441228090e-01 7.982767884633658328e-02
-8.622081640493217680e-02 -4.043353382112952615e-02 8.403144331761638539e-03 5.257179927007452069e-02 8.662893026759377335e-02 1.257784962409143337e-01 1.592831480692697144e-01 2.021110480296159362e-01 1.782471317900574947e-01 1.255870389597709413e-01
-1.290089997282125034e-01 -8.312551639622316191e-02 -3.826831047589104168e-02 7.283838778769141133e-03 4.895042720074849196e-02 8.701729508491401477e-02 1.212197717441228090e-01 1.782471317900574947e-01 2.122959249211356092e-01 1.723835715211545772e-01
-1.783957207334770090e-01 -1.245329862244060615e-01 -7.900793024331621839e-02 -4.014358513320100824e-02 3.981946399673419457e-03 4.600625806859898886e-02 7.982767884633658328e-02 1.255870389597709413e-01 1.723835715211545772e-01 1.980467579568760961e-01
2.029133613558650739e-01 1.695390441536860082e-01 1.247280238442422251e-01 8.528651535348544255e-02 4.354454255506681748e-02 1.025479689953527835e-03 -4.287390433495646969e-02 -8.516610537349471322e-02 -1.208041264397949482e-01 -1.796876882379037088e-01
1.695390441536860082e-01 1.980631169282852100e-01 1.716283823457930291e-01 1.272151508318319912e-01 8.346133538253514006e-02 4.738207041750339132e-02 3.086991275499780842e-03 -4.325068124186587371e-02 -7.954115927510381490e-02 -1.271556654512469575e-01
1.247280238442422251e-01 1.716283823457930291e-01 2.038505202528786975e-01 1.755128544167936511e-01 1.229332945183226333e-01 8.611561080597882056e-02 4.695805414522473409e-02 3.667604058884649416e-03 -4.025269040725473063e-02 -8.535719901084332095e-02
8.528651535348544255e-02 1.272151508318319912e-01 1.755128544167936511e-01 2.073606973567076184e-01 1.673866642196013277e-01 1.267072628616368879e-01 8.610043125789459961e-02 5.018815819532283784e-02 3.825504491034853374e-03 -4.465380595638882011e-02
4.354454255506681748e-02 8.346133538253514006e-02 1.229332945183226333e-01 1.673866642196013277e-01 1.839126044071572597e-01 1.642599552475705882e-01 1.212096687659179745e-01 8.650097016525962190e-02 4.520056162378376791e-02 2.585557538790072499e-03
1.025479689953527835e-03 4.738207041750339132e-02 8.611561080597882056e-02 1.267072628616368879e-01 1.642599552475705882e-01 1.949277466989038365e-01 1.662590835695314240e-01 1.282820382182794650e-01 8.316416658283570795e-02 4.755004431833149969e-02
-4.287390433495646969e-02 3.086991275499780842e-03 4.695805414522473409e-02 8.610043125789459961e-02 1.212096687659179745e-01 1.662590835695314240e-01 1.931464933202412526e-01 1.756846213720966166e-01 1.208596926650805647e-01 8.583323251713621815e-02
-8.516610537349471322e-02 -4.325068124186587371e-02 3.667604058884649416e-03 5.018815819532283784e-02 8.650097016525962190e-02 1.282820382182794650e-01 1.756846213720966166e-01 2.171922493433754431e-01 1.685659294137139830e-01 1.296177267316045711e-01
-1.208041264397949482e-01 -7.954115927510381490e-02 -4.025269040725473063e-02 3.825504491034853374e-03 4.520056162378376791e-02 8.316416658283570795e-02 1.208596926650805647e-01 1.685659294137139830e-01 1.793584061562754073e-01 1.681870375529150863e-01
-1.796876882379037088e-01 -1.271556654512469575e-01 -8.535719901084332095e-02 -4.465380595638882011e-02 2.585557538790072499e-03 4.755004431833149969e-02 8.583323251713621815e-02 1.296177267316045711e-01 1.681870375529150863e-01 2.192748041803107006e-01
2.013756792216421787e-01 1.684281742069239085e-01 1.280819615111060683e-01 8.060969885932876833e-02 4.299080223517374316e-02 -2.218195532839542083e-03 -4.625351071361361033e-02 -8.390175620950170166e-02 -1.249361692257151407e-01 -1.762375464522031032e-01
1.684281742069239085e-01 1.975736112007595580e-01 1.782674095058426333e-01 1.203640781999604226e-01 8.273290650109253741e-02 4.293961898204181477e-02 -1.446658703790713396e-03 -4.444298655068923409e-02 -8.376692388146381174e-02 -1.262860605848452888e-01
1.280819615111060683e-01 1.782674095058426333e-01 2.207042152229251042e-01 1.691600057756363074e-01 1.271087809502945420e-01 8.636394703209133994e-02 4.624656635056474674e-02 1.112666936527149019e-03 -4.538919938321595710e-02 -8.818011859788348061e-02
8.060969885932876833e-02 1.203640781999604226e-01 1.691600057756363074e-01 1.786968098074868394e-01 1.640393127021721464e-01 1.225998681047038019e-01 8.302697834693721635e-02 4.562901589860923063e-02 2.718003526288703241e-03 -4.243138395305915550e-02
4.299080223517374316e-02 8.273290650109253741e-02 1.271087809502945420e-01 1.640393127021721464e-01 2.073993420856682368e-01 1.777611040595570291e-01 1.276220188465725380e-01 8.728727210041201112e-02 4.837091721709775582e-02 2.708918743839149827e-03
-2.218195532839542083e-03 4.293961898204181477e-02 8.636394703209133994e-02 1.225998681047038019e-01 1.777611040595570291e-01 2.064613184648986244e-01 1.712221506745297273e-01 1.251209649410028879e-01 8.559526770007180874e-02 4.712821108693662081e-02
-4.625351071361361033e-02 -1.446658703790713396e-03 4.624656635056474674e-02 8.302697834693721635e-02 1.276220188465725380e-01 1.712221506745297273e-01 1.966449299388331462e-01 1.673822484763159979e-01 1.238386924801612859e-01 8.539420997828128801e-02
-8.390175620950170166e-02 -4.444298655068923409e-02 1.112666936527149019e-03 4.562901589860923063e-02 8.728727210041201112e-02 1.251209649410028879e-01 1.673822484763159979e-01 1.902731683028322796e-01 1.640466589160057831e-01 1.238830883697227825e-01
-1.249361692257151407e-01 -8.376692388146381174e-02 -4.538919938321595710e-02 2.718003526288703241e-03 4.837091721709775582e-02 8.559526770007180874e-02 1.238386924801612859e-01 1.640466589160057831e-01 1.910213419995755724e-01 1.708202461407505313e-01
-1.762375464522031032e-01 -1.262860605848452888e-01 -8.818011859788348061e-02 -4.243138395305915550e-02 2.708918743839149827e-03 4.712821108693662081e-02 8.539420997828128801e-02 1.238830883697227825e-01 1.708202461407505313e-01 2.098495837553785714e-01
2.043557195936682447e-01 1.755398195090003555e-01 1.258153937823230928e-01 8.506489225822957967e-02 4.633546586821973845e-02 3.479006490808740637e-04 -4.430365733232981967e-02 -8.516338758489602756e-02 -1.258180940668862102e-01 -1.688969757278048489e-01
1.755398195090003555e-01 2.072560151285981200e-01 1.716724500855962565e-01 1.249029293042785704e-01 8.611906866617750900e-02 4.593909132916833282e-02 8.851801164586411844e-04 -4.521481508288449636e-02 -8.592024828478606047e-02 -1.252383907546259501e-01
1.258153937823230928e-01 1.716724500855962565e-01 1.945338390941288575e-01 1.657534282893026734e-01 1.248508152078570549e-01 8.447119318603428517e-02 4.516301015155788079e-02 6.530661112322292631e-04 -4.556526210035681534e-02 -8.410267558009015820e-02
8.506489225822957967e-02 1.249029293042785704e-01 1.657534282893026734e-01 1.915488029529475444e-01 1.698926910235618593e-01 1.244732500696398431e-01 8.365945284012309136e-02 4.546457422752967631e-02 -6.566932464623748914e-04 -4.525158479416106078e-02
4.633546586821973845e-02 8.611906866617750900e-02 1.248508152078570549e-01 1.698926910235618593e-01 2.056958092254055903e-01 1.744359912721618056e-01 1.256292112556621210e-01 8.658792205768048311e-02 4.565804645422564395e-02 -8.006911987023208411e-04
3.479006490808740637e-04 4.593909132916833282e-02 8.447119318603428517e-02 1.244732500696398431e-01 1.744359912721618056e-01 2.024598581419345122e-01 1.693823855685324675e-01 1.264425892389057227e-01 8.543873981306597531e-02 4.428516858854234656e-02
-4.430365733232981967e-02 8.851801164586411844e-04 4.516301015155788079e-02 8.365945284012309136e-02 1.256292112556621210e-01 1.693823855685324675e-01 1.942266553966927045e-01 1.707348641286159929e-01 1.248583428259606720e-01 8.245831178433331299e-02
-8.516338758489602756e-02 -4.521481508288449636e-02 6.530661112322292631e-04 4.546457422752967631e-02 8.658792205768048311e-02 1.264425892389057227e-01 1.707348641286159929e-01 2.061278147229181901e-01 1.747628870155194247e-01 1.242093700858356020e-01
