1.268909026909776083e-01 2.635993275149637882e-01 7.961697401487878578e-02 2.416875928102687338e-02 1.429006979099040758e-02 1.989556975030960101e-02 7.882130646759022419e-02 1.365479716181270398e-01 1.255961167962158787e-01 1.305730020749198139e-01
2.052347054388263536e-02 4.504388156732044846e-02 1.935788567491628642e-01 1.135904223054015894e-01 8.206583187918181643e-02 1.577695688867157831e-01 6.299120211352268739e-02 1.093087799899965518e-01 1.453410919691617287e-01 6.978689399565404794e-02
1.022091836881331151e-01 4.379251609363378483e-02 4.991077868917825899e-02 9.805196480789521440e-02 1.339766020642146616e-01 1.088084273261362561e-01 1.553673431914400771e-01 1.024302284131158591e-01 1.195534406991090315e-01 8.589951502714368581e-02
9.521827075288183395e-02 1.049537452947146288e-01 8.867370753698089469e-02 5.777768992573644596e-02 3.116795511199876856e-02 2.794391619903207474e-02 4.204349426014712676e-02 8.072975247328384452e-02 2.037335414617251761e-01 2.677579269834994280e-01
1.448729190073557160e-01 2.830282194720149663e-02 7.304387167654285973e-02 1.380621502828518476e-01 8.825030997982107051e-02 7.160472183081789677e-02 5.026466878314768405e-02 6.334356835069819558e-02 1.574802702961411449e-01 1.847746978454223310e-01
7.736954836705602079e-02 1.429522083925485465e-01 1.101494890523665865e-01 1.179293311577899461e-01 6.637991869586976068e-02 5.107916532115786001e-02 8.056378527463439743e-02 6.375758508360931942e-02 1.422742954017582884e-01 1.475446732532095795e-01
6.224860901024004828e-02 9.961478669540423103e-02 1.826037118537879311e-01 3.358213111488240199e-01 1.717839335426276093e-01 7.055621522904990950e-02 3.127701678853025968e-02 1.712803519423423612e-02 7.093551443391414753e-03 2.187282909391047997e-02
1.973863314640236233e-01 1.350269852508902413e-01 8.387079778914298400e-02 6.336530513536375864e-02 6.859858714701921878e-02 9.836165431939480897e-02 1.372661915107735719e-01 5.327010862891542325e-02 5.004402203765238866e-02 1.128100167168242796e-01
8.106605690181151180e-02 5.855957249781980345e-02 8.752572303452454960e-02 1.239780027156609649e-01 4.792385602566366642e-02 3.875814496894672279e-02 4.786434180577958664e-02 3.607623043777054006e-01 7.451519750323794267e-02 7.904680016885003158e-02
1.461157421298533432e-01 8.116200711162643855e-02 4.379253124280257231e-02 1.620828053475600328e-01 7.338850010352984676e-02 5.240831288818895151e-02 8.621434785712617233e-02 1.684544864643803264e-01 1.286632927925872305e-01 5.771797406234516203e-02
1.433242134184574967e-01 7.146431657721756536e-02 3.162773165671611819e-02 1.446005288902086315e-02 1.087711263820141314e-02 2.700972247667374204e-02 1.217581432264174257e-01 2.203119355440233407e-01 1.300403744728461097e-01 2.291263971004260380e-01
1.643014524328897941e-01 1.630554704229713048e-01 1.999917730973266028e-01 1.453069412917412095e-01 6.485960069445356746e-02 4.446422300805072392e-02 4.865314054967800894e-02 7.078990096115671260e-02 3.862391411872354713e-02 5.995358342300882715e-02
2.781038758314842152e-01 1.329364288937927574e-01 5.324828125597150935e-02 4.852577221917833000e-02 2.465129371038907863e-02 2.571392745217018772e-02 2.173633359393026612e-02 9.353968972565500362e-02 1.737845202613230999e-01 1.477598770561054375e-01
1.334902449519055068e-01 1.019228250660223073e-01 1.107304957790494482e-01 1.021590502862256278e-01 3.765161017887649897e-02 4.202395755882824130e-02 6.379442879980877501e-02 1.403693578817362675e-01 7.166490256053448249e-02 1.961931269370130182e-01
1.118615352305293575e-01 1.177003976052618389e-01 1.917669879807215871e-01 6.546996514797380484e-02 1.156953513775677705e-01 1.184134746036717561e-01 6.727888951307353649e-02 4.092243518586904938e-02 5.477078813552797160e-02 1.161201752198032788e-01
1.184428971157979460e-01 1.309085533951218072e-01 7.587148379683458788e-02 6.535403035617758094e-02 1.086021569789530627e-01 1.071157840660886679e-01 8.920105176053050311e-02 1.222923696703724361e-01 1.066763026758606459e-01 7.553537018426251248e-02
5.208442199543202034e-02 8.055978312307135458e-02 1.453233840457856252e-01 1.315404178456112405e-01 8.471253967799113882e-02 7.567560883154036966e-02 2.006103235674899510e-01 1.315421724454045316e-01 6.035102326189727834e-02 3.760032520577678838e-02
1.068452764368337526e-01 9.742149369589409025e-02 5.192582748299920392e-02 5.320715948863148637e-02 6.528077685275654463e-02 1.146093075039659875e-01 9.205083610969934382e-02 1.054140827268134628e-01 1.339849324360990468e-01 1.792603072663072616e-01
1.700091688571775395e-01 1.509182874872583568e-01 3.885775274369887566e-02 3.959745346391807530e-02 3.483576839424801230e-02 1.540691429626105113e-01 8.580720657119175754e-02 4.645138582465027643e-02 1.206355537514053888e-01 1.588182799438411785e-01
7.723928127451452907e-02 6.833445729473902608e-02 1.158048605991924274e-01 1.799406628811817954e-01 9.708421542708091379e-02 2.454271965571970526e-02 2.903499661026326395e-02 8.539966507562768427e-02 1.798571945745652545e-01 1.427619466071157195e-01
1.270194906436225395e-02 5.079098805521686105e-02 2.335310015975699538e-01 1.707483865524994648e-01 6.335719178315615818e-02 5.989557437076272611e-02 2.495837168279254337e-01 1.175460092899842657e-01 3.005495489677344201e-02 1.179022756174975817e-02
1.795109924935651691e-01 1.469944843874694262e-01 7.327847485789976134e-02 6.493432339047387758e-02 3.719864194269004165e-02 4.433314211207478595e-02 6.055563035069423672e-02 2.108250592261639855e-01 1.200044195889039822e-01 6.236483165006485863e-02
1.557732573309746349e-01 9.972860480760452340e-02 1.437620929743129716e-01 1.038112150986615634e-01 3.418012145304426264e-02 2.852495490623009611e-02 5.536123575048557122e-02 1.741056787737820799e-01 1.063053314966012353e-01 9.844750740830304769e-02
2.391643282139602200e-02 5.431762499974918112e-02 2.672012240654128012e-01 1.301887666058291482e-01 6.651099901421575478e-02 6.565678335322634729e-02 1.296507244946786541e-01 1.435889775897752074e-01 8.144826954733447311e-02 3.752019750838236217e-02
5.637204904409740674e-02 9.563521011210716904e-02 9.254950018174587512e-02 1.147460911104784126e-01 4.999642273479715238e-02 9.593589702578009248e-02 6.671522645202529467e-02 5.820123487147214197e-02 1.812938999733700318e-01 1.885544684941267146e-01
2.140608657212390159e-02 3.097156871771706774e-02 2.913655699675245236e-02 1.059544749738868252e-01 1.710161172137076857e-01 1.557776076578643587e-01 1.205502774044772546e-01 2.456911139824235757e-01 8.537533101103352007e-02 3.412086547001361159e-02
2.363376535342354146e-01 1.401514339465518844e-01 9.420301333571576285e-02 3.925363437153838592e-02 5.292953900019255198e-02 6.801855903779074897e-02 7.464479986979855042e-02 4.042236564289754253e-02 6.040472884070264420e-02 1.936342724205764032e-01
6.087685819909545437e-02 2.783911038999454385e-02 2.579383655755837501e-02 2.809652829860677381e-02 6.864698301897352584e-02 2.249181450127361592e-01 1.618064975976917508e-01 1.046697465643026681e-01 1.355779106439987669e-01 1.617743837170421695e-01
1.272212659138718394e-01 1.451000329360851993e-01 1.668474353463590409e-01 6.224581041971892492e-02 4.131486205377088439e-02 4.928556594912805733e-02 3.472602137928148397e-02 8.424073878141773164e-02 1.509099312177300534e-01 1.381083360026371110e-01
1.357006533181164820e-01 8.577533019347322041e-02 8.866650594116190498e-02 4.311432744161149133e-02 2.851076116062276067e-02 1.897302194595066813e-02 5.070432906109463567e-02 1.323362104888451962e-01 2.904319287156942875e-01 1.257869317334296966e-01
5.006572505950915297e-02 8.635933577291865504e-02 1.021094383717870702e-01 9.318571765161452747e-02 9.756983195237348139e-02 9.049020884611319593e-02 1.600329921685714751e-01 1.425685658899601138e-01 1.224125512891000300e-01 5.520563299805240215e-02
4.015940158211693534e-02 2.669789965573750659e-02 6.488121425145890186e-02 7.271922875126642094e-02 7.403032580998986090e-02 1.263084921817691220e-01 1.844137871499378911e-01 1.190893264777885679e-01 1.385046206299392069e-01 1.531957035099955067e-01
1.037095353154961347e-01 1.435032289624942614e-01 2.265755913472820016e-01 1.215575805975735307e-01 4.123876682146237344e-02 2.763999483534984591e-02 4.192302996720097263e-02 7.847443204437060116e-02 9.671097713986975819e-02 1.186668629689007493e-01
8.376243229775144628e-02 1.351975064508162960e-01 7.081278440398587615e-02 9.211300604872293962e-02 6.960729336198834272e-02 2.543179041924770178e-01 1.449267072154397096e-01 7.067431112588296038e-02 3.714663696362333761e-02 4.144141793931239992e-02
1.064512882593025012e-01 5.878426498304821501e-02 4.877346174059068312e-02 7.297780486802248057e-02 8.750968057416637358e-02 2.212571435936284692e-01 1.491263633715394776e-01 7.583007880630937558e-02 9.006946115780439799e-02 8.922045264558832456e-02
1.031351943784056119e-01 7.766881320217033924e-02 1.351267670016012279e-01 1.776767573113694487e-01 1.165503104004330520e-01 3.464222560565294318e-02 4.131229338157776931e-02 5.220827156358621990e-02 1.426923044905532012e-01 1.189870626646500895e-01
2.387998314473729206e-02 4.534999672677542115e-02 1.046267184711013043e-01 2.735175380522127941e-01 4.005547554423728729e-02 5.893846782414154800e-02 1.730846120669341515e-01 1.307897218501291869e-01 1.090307322521270328e-01 4.072675406760434963e-02
1.566944452747960348e-01 8.686428313913110988e-02 7.103837981457820916e-02 8.923276681532305021e-02 6.549022683992271332e-02 9.082777665945371282e-02 1.274373586780430112e-01 1.030107363487780814e-01 9.439033119248839421e-02 1.150136952374856691e-01
1.507892969696845165e-01 1.453794950875624825e-01 7.502998623877230044e-02 7.144254745096415005e-02 4.529326888413882229e-02 4.340354010387689754e-02 7.900726243870354049e-02 8.333236263144898348e-02 1.375539869893602773e-01 1.687682532054882167e-01
6.377889041789693014e-02 5.255385891504978091e-02 8.961473531240181367e-02 1.368992881038832710e-01 8.467484301192054752e-02 6.585247785799221154e-02 8.454456729547787930e-02 8.760864425914893783e-02 1.159785441429981578e-01 2.184941506832304148e-01
2.529404206257497914e-02 7.420151802170668609e-02 2.456936493568771807e-01 6.650858921008589997e-02 5.191545267925411211e-02 1.208434894154792327e-01 1.708087950187336390e-01 1.111927518069043969e-01 9.268182088590762313e-02 4.085989154247641336e-02
8.212829221726662687e-02 2.193499130626132831e-01 1.037468929615071589e-01 2.525311224743596872e-02 1.429306110217089427e-02 3.924878560242516662e-02 9.155333699663301128e-02 9.474987310517248018e-02 1.739433661916288953e-01 1.557333665131464262e-01
4.028925164290982075e-02 4.680711536732155148e-02 6.791602701401019959e-02 1.551074754362679609e-01 1.382411609324651902e-01 1.385560151292392350e-01 1.483097299844026717e-01 8.317248408116381664e-02 8.176879470609109413e-02 9.983194570612829999e-02
7.678854912357399587e-02 1.122717867073429743e-01 1.828045442192658687e-01 1.309819321097928924e-01 7.366359532253255460e-02 5.882470811048848280e-02 5.742375234283431107e-02 4.443708896957558607e-02 7.862709696622505184e-02 1.841769461283683240e-01
8.949655076816941113e-02 2.200709941261318539e-02 4.540208443184762244e-02 1.869718293829907285e-01 6.687017938002573492e-02 1.471340811963219863e-01 1.684248776985515783e-01 1.436715372657820233e-01 8.294401053900973819e-02 4.707774992468819614e-02
1.729556618127676276e-02 1.430492486276544947e-02 3.559548391242361304e-02 8.139092850824888870e-02 1.550681650095450670e-01 1.682161856750519491e-01 5.512458476091824933e-02 1.514641873478084211e-01 2.611011971607674620e-01 6.043877658119422430e-02
1.061096961884872431e-01 6.857468301355329476e-02 8.774605668080442955e-02 1.924881775277144658e-01 1.068091885184036804e-01 7.979358034149770795e-02 1.325449675671841465e-01 6.885310296247790229e-02 7.249392811121781188e-02 8.458661908865922063e-02
3.825137402388299745e-02 7.015029887009138765e-02 1.682390923026594876e-01 1.704315941087404807e-01 7.554298453556740345e-02 9.813514487264740627e-02 1.165277165890270528e-01 1.290318758026248458e-01 7.213281861054443578e-02 6.155710028421471081e-02
1.668339479880888987e-01 9.763612559612044883e-02 5.246374593824029015e-02 3.272490950846801416e-02 1.304931572614808355e-01 9.049971798021971825e-02 1.486438468941317370e-01 1.057348147550774137e-01 7.049872463316153581e-02 1.044710094450111704e-01
1.655240002545987216e-02 4.493686516934818076e-02 1.020715607449698831e-01 1.520025711714086403e-01 3.624951074776079363e-01 1.903224877895668410e-01 7.126553467242476014e-02 2.843840611039944594e-02 1.750596948436736189e-02 1.440909735444714096e-02
6.702293893411376269e-02 3.902570162703298401e-02 2.170215785486385163e-01 1.019311827207013271e-01 1.005743537829118517e-01 3.731735920967697850e-02 2.931027660835636151e-02 8.696657413547669024e-02 1.700925308994644669e-01 1.507375035336270264e-01
1.633031381274668570e-01 2.350857745707600199e-01 5.992923982401724553e-02 5.494091437229485508e-02 3.549101749388233751e-02 7.306668027131218990e-02 5.950560620595243128e-02 7.885141542418272476e-02 9.948269440292528687e-02 1.403435193072063436e-01
2.692690521658666278e-02 3.091440493084819316e-02 2.896064995941715139e-02 3.976758394870306967e-02 8.436625707763187321e-02 1.596192544971263283e-01 2.391045480060568773e-01 1.337285280785957542e-01 1.681686117329835861e-01 8.844325655205079184e-02
7.584533306281542042e-02 6.475691188685676891e-02 1.079234857896511635e-01 1.247299274303504540e-01 7.975033697951300349e-02 6.424592025360435776e-02 6.508158500764410492e-02 1.662926357575392755e-01 1.127852016374697730e-01 1.385886621945559838e-01
5.710768174769174921e-02 1.696027195961373191e-01 2.202039990227809829e-01 8.021589780381417623e-02 5.127614496844422332e-02 8.106942853263469917e-02 1.690945261924106102e-01 9.017788560575384915e-02 3.975258339520987283e-02 4.149913313512283708e-02
6.658262627143715640e-02 2.913184505412473244e-02 1.382098597955734934e-02 1.165403707181970373e-02 3.182819306350302691e-02 1.331418758833355087e-01 2.594073888217058310e-01 1.055127661395870164e-01 2.085927299963662995e-01 1.403275517185634536e-01
9.614658563186925799e-02 6.578458036590395519e-02 1.519653716601028215e-01 1.126287715781842669e-01 4.643426062474426824e-02 5.784072570444074440e-02 1.921439751848047772e-01 1.939155310242812458e-01 5.133405357185007178e-02 3.180614465381857020e-02
6.443258663313924939e-02 6.500289544017762156e-02 1.065684648240975280e-01 5.306483566396102969e-02 1.240572554999409272e-01 6.763447241866803183e-02 1.218074784423330004e-01 1.502468917655006564e-01 1.233955394317139825e-01 1.237895798804681813e-01
8.849030346953432047e-02 5.146691071668953177e-02 5.705520181087420789e-02 8.221694750707275734e-02 1.053418304495410407e-01 7.639792026055014507e-02 6.612919727981735052e-02 2.485914874708686773e-01 1.162748252881460331e-01 1.080353757469059151e-01
7.023809671978004099e-02 2.765865927947827596e-01 1.015059170469620048e-01 9.324834608791993107e-02 1.778490870795822465e-01 8.932734632044965484e-02 5.982798492814556807e-02 3.549041905125988744e-02 3.203344275020771070e-02 6.389276722091032090e-02
1.401864077298018707e-01 7.191407565104360189e-02 2.392903010369580585e-02 4.739929307832921324e-02 1.236117602322428649e-01 6.824154089549802626e-02 1.172950079184786609e-01 1.512436174999209626e-01 1.354451885031549008e-01 1.207340783878343149e-01
1.031141304731218317e-01 2.393164111309512287e-01 9.508826118837018782e-02 4.214900495320146601e-02 5.469827471080042358e-02 4.778792158760752917e-02 9.589492032331294047e-02 1.532341775801803196e-01 6.760312497080543659e-02 1.011137730816489277e-01
1.209506818699960934e-01 5.484020914549951609e-02 3.232745981351652781e-02 2.419758862630960392e-02 2.604429863263903883e-02 8.672096717441774016e-02 1.964140745415101363e-01 1.439723341211616991e-01 1.406534050686439330e-01 1.738789810063060548e-01
1.772894415371246979e-01 1.548345661534114570e-01 8.483667617102945424e-02 2.502640387102771924e-01 2.006001652162057169e-01 4.858294638706032315e-02 1.055691600231315266e-02 7.647865113656508035e-03 1.571283445075427262e-02 4.967455025816722158e-02
2.220480064441599649e-02 4.354633005829217779e-02 8.140928453603460402e-02 1.654135234506137753e-01 1.441862986569437677e-01 9.200512981271657953e-02 1.036352821256840001e-01 1.383244632578056743e-01 1.683361996709913933e-01 4.093868778650228135e-02
7.356230039791623876e-02 2.870434627937438685e-02 3.910276896906623306e-02 2.532325557744063288e-02 7.416146413609481236e-02 3.202798522108858958e-01 1.693191980664901786e-01 1.476727343217551502e-01 5.903329176744997325e-02 6.284078827352676533e-02
4.744049367683109142e-02 4.860205252081166438e-02 7.996949083783783108e-02 8.826014069329454759e-02 1.634646409120594501e-01 1.130659042722103463e-01 4.905604228709110198e-02 1.170264061785398491e-01 2.210617086805770626e-01 7.205311994074727056e-02
5.060021629137255450e-02 1.446999339032151721e-01 1.013273061993442692e-01 9.531270068614149105e-02 1.908304232107196075e-01 1.071211990049776297e-01 1.940173999105677949e-01 6.698649767139357170e-02 2.858208124137262551e-02 2.052224188089552676e-02
9.907612111221476836e-02 6.480902579693920140e-02 9.329883409467430722e-02 1.080654145411487910e-01 1.075278190310648418e-01 8.721526556273381803e-02 6.253887924256859576e-02 9.070539421938034197e-02 1.392550577779454457e-01 1.475081886213299165e-01
2.098781166931383835e-01 1.120392677240770463e-01 7.922767307474186393e-02 2.552720394567268847e-01 9.207406345994967323e-02 9.151798096610444522e-02 7.807342661507034320e-02 3.028646850702604310e-02 9.928889879078679412e-03 4.170207362408658025e-02
1.034009363248730995e-01 1.027445021416441839e-01 3.129345199541452849e-01 8.314669774471472596e-02 2.890155632058011986e-02 6.284404629538407894e-02 2.360577624168691893e-02 2.053257888728192426e-02 4.785298250464515429e-02 2.140364035850444990e-01
4.737213494409493741e-02 4.057662064645655570e-02 4.475480995803351320e-02 6.103425466841432695e-02 5.217065691652426201e-02 3.919213649550468831e-02 1.034090526020257639e-01 2.289157639575266634e-01 1.650319201978923678e-01 2.175426496135270948e-01
3.600889127842607507e-02 5.616964233895906794e-02 1.871309027318697193e-01 1.424833357146102486e-01 5.410894578783891073e-02 2.763864747613556036e-02 4.736632261119515241e-02 1.769713409779410940e-01 2.027576398445601336e-01 6.936433123846424964e-02
7.490205949940670349e-02 2.265658504955950781e-01 1.867948516875951315e-01 1.854949825023107790e-01 1.229672749987623798e-01 9.418865955659648515e-02 4.150284653502553378e-02 2.074393571266940073e-02 1.494665463998386470e-02 3.189288437205495957e-02
8.005703860633797686e-02 6.114269217726998190e-02 9.163733213335384375e-02 9.551813078352194841e-02 9.607900403230140718e-02 1.660267976820741231e-01 5.475065315573495600e-02 6.137719767666918042e-02 1.928497371976032049e-01 1.005614165551333011e-01
8.167859084848803908e-02 9.869506540417123663e-02 1.301238606112801732e-01 1.840453860610583581e-01 4.823263082718749761e-02 2.364822820472706894e-02 5.691344132410987300e-02 1.297465451687841997e-01 1.558306689101662812e-01 9.108558264002741822e-02
2.777915181371128431e-02 7.878548227224477229e-02 8.233211545732205261e-02 1.490753160574874170e-01 1.111429949173914633e-01 1.605461638313276374e-01 2.522389649610739526e-01 1.030525379668230657e-01 2.042044532737449791e-02 1.462682739524408422e-02
7.802108503497823255e-02 7.178068069469334400e-02 9.204661438162828335e-02 1.780865313825314156e-01 9.727637192575816494e-02 1.493792669862390177e-01 5.059976071687839749e-02 2.996820070112546364e-02 7.234070317478158429e-02 1.805007850013861381e-01
7.912890607095066087e-02 7.183984584011332553e-02 2.874503356909798718e-02 3.952912879900177812e-02 7.942618320840355572e-02 1.141933061662159243e-01 1.287477657693106847e-01 1.098224048552224746e-01 1.396958703859520756e-01 2.088715553357315957e-01
2.420241814493051535e-01 3.568144777458262529e-02 9.431685242395751456e-03 1.369979374016161260e-02 5.460101183454831725e-02 2.846233620463128333e-01 1.257513853830894979e-01 4.130285435815674033e-02 7.145721258037893153e-02 1.214270655910688335e-01
1.788188449288156609e-02 3.357577246020758410e-02 7.035013681280767595e-02 9.385825349262746919e-02 1.425301618433527651e-01 1.461093746070506461e-01 1.567254322954497181e-01 1.873476211168274563e-01 1.160591647328495235e-01 3.556219814594563378e-02
4.500835340152277431e-02 2.356403863262964901e-02 1.953694987369459027e-02 7.026591891980416005e-02 3.097500357644191182e-01 1.584505694022204092e-01 8.141464719538546446e-02 7.949163722188413994e-02 1.712139699374643220e-01 4.130387965097538638e-02
1.149199109393040097e-01 4.777469961446284552e-02 5.388097162023691711e-02 6.780386192754729591e-02 1.160014430752593223e-01 1.595557557243862945e-01 1.349894525437174697e-01 8.098740764817655147e-02 1.221892374411749083e-01 1.018972594657346908e-01
1.411900154804572594e-01 5.511621215823428455e-02 4.778303777105993855e-02 2.249411600480018952e-02 7.680054844074911402e-02 2.723417778030305381e-01 1.213597162818474545e-01 7.259448360246414933e-02 7.265471931915978843e-02 1.176653731381974710e-01
4.482730215714435945e-02 4.379959100372933511e-02 4.794988057594731790e-02 9.873143664541288167e-02 1.363634605376486952e-01 1.372826188395647740e-01 1.378513561568758816e-01 1.257011207337488945e-01 1.078812358763578949e-01 1.196119974735699032e-01
4.817648840402309618e-02 1.801910335784916509e-02 2.688592962712100728e-02 1.121219309018827853e-01 2.696588256717299403e-01 8.958751081533730676e-02 5.520616546676114511e-02 7.588365033639293822e-02 1.700461839233766148e-01 1.344142114955258760e-01
6.842103401736469859e-02 1.606235576683765209e-01 1.695552925500145580e-01 1.245331065304703111e-01 8.412696692048721170e-02 5.780498979333976300e-02 4.996462748297146594e-02 9.404913234407499822e-02 1.132431891614124053e-01 7.767810353148826841e-02
1.065901539117098257e-01 1.585879255519198616e-01 1.288062403386773802e-01 2.053290311218393671e-01 1.159437369348515212e-01 7.886465825138896935e-02 7.820836653092300139e-02 5.320458640538297534e-02 4.129007108869213460e-02 3.317522986461513002e-02
6.773394408196316274e-02 1.535612814069867993e-01 1.050056114495656889e-01 7.804243441966778050e-02 4.491383042789921787e-02 9.105940946477363018e-02 1.542597694931162056e-01 8.409593606207590999e-02 1.268093036034919630e-01 9.451847959045972525e-02
7.933537823176312065e-02 5.109865235236628334e-02 6.686327549313066110e-02 7.806657651110034124e-02 4.735306428842996768e-02 6.774463764051039116e-02 9.325976421972401176e-02 1.786950798054003919e-01 2.172414166315829731e-01 1.203421548259920454e-01
9.715246360145058171e-03 2.545352398477516292e-02 1.253274131446776851e-01 2.361432153896831920e-01 1.014983869111725223e-01 1.135649234066100216e-01 2.005730925873653314e-01 1.161548470903985553e-01 5.448470378998584995e-02 1.708464733518659864e-02
8.107518379439662692e-02 3.364582449791733709e-02 5.278682580088649851e-02 7.001393173399271530e-02 1.939015804091145379e-01 1.463078648453158270e-01 4.880942755672925543e-02 3.927980310037389178e-02 1.244660742901184114e-01 2.097134839711551346e-01
6.329396714287824355e-02 1.555539985306278183e-01 1.647249280782937253e-01 9.403916443961793381e-02 3.355461939249080455e-02 4.994414707149864852e-02 5.861364382604134643e-02 1.162651271467234626e-01 1.842977074900699341e-01 7.971269688175811052e-02
9.548357343841960831e-02 1.074402760712550864e-01 9.818494279256625989e-02 3.620234092747218191e-02 4.850980710911791116e-02 6.169910535658880424e-02 1.053033309729537181e-01 1.455269706946781816e-01 1.973518234295835450e-01 1.042978292073649116e-01
2.849427669257183909e-02 3.947449255046142635e-02 7.137611122912913830e-02 2.625680251017579736e-01 6.977701549394660363e-02 6.677592837681593785e-02 1.016164118524598148e-01 1.373280505551322250e-01 1.498078090663749751e-01 7.278187908134996220e-02
6.466194273311522134e-02 8.941997672522622453e-02 7.549411301489239445e-02 1.010382549988159961e-01 1.657896547983708779e-01 9.453018493851431114e-02 5.400619723597876315e-02 7.490161287038646365e-02 1.939239587409294918e-01 8.623410394377042931e-02
1.109299069449820041e-01 1.359997456929231130e-01 1.233658607188929945e-01 7.471304615326380960e-02 1.577414035917083235e-01 1.474924822413135606e-01 5.017114057517768622e-02 7.962141417937040888e-02 6.197836114493181225e-02 5.798663875743631513e-02
1.198365625901904319e-01 7.898867996236461075e-02 8.588675558701366897e-02 5.980292325481782745e-02 6.904629715423508951e-02 8.385809890559588198e-02 1.293165469083948915e-01 1.480813020143640912e-01 1.115139684585348956e-01 1.136688651644886527e-01
5.347534172598498309e-02 8.107211114313003786e-02 1.592987444191055757e-01 1.801839484840911387e-01 1.329927814363372762e-01 1.065462203413272135e-01 1.223136035198123528e-01 8.335776708336085916e-02 4.612025300231568925e-02 3.463922884453517897e-02
3.088051427298080936e-02 1.657596933648822907e-02 5.186398635516517586e-02 2.334437728212158114e-01 1.432273656888068403e-01 5.424448599243954228e-02 3.153844185931202471e-02 1.096020810088007696e-01 2.237461816257764746e-01 1.048772010390145587e-01
