1.268909026909776083e-01 1.733982394583404307e-01 9.623743346148601330e-02 5.331188917356360912e-02 3.894766038649870310e-02 4.118509986193401307e-02 7.668065492015348206e-02 9.916969944615219856e-02 1.005790603467757172e-01 1.163917176412720134e-01
1.733982394583404307e-01 2.635993275149637882e-01 1.431865805997928065e-01 7.577022881016992617e-02 5.144961934632860667e-02 5.022949039185370390e-02 8.960104132748186734e-02 1.136001649809857267e-01 1.160357438283982079e-01 1.417229838963207644e-01
9.623743346148601330e-02 1.431865805997928065e-01 7.961697401487878578e-02 4.299183931521344260e-02 3.004471431936500680e-02 3.026684652631911679e-02 5.490045310103933845e-02 6.989279759935529412e-02 7.025958237822392538e-02 8.247239110494206105e-02
5.331188917356360912e-02 7.577022881016992617e-02 4.299183931521344260e-02 2.416875928102687338e-02 1.785359285259787918e-02 1.902484424110411493e-02 3.550178549970585407e-02 4.558784947060515874e-02 4.492229727315859289e-02 4.970482916053103883e-02
3.894766038649870310e-02 5.144961934632860667e-02 3.004471431936500680e-02 1.785359285259787918e-02 1.429006979099040758e-02 1.636070140807429490e-02 3.156040505361622922e-02 4.093827990215073709e-02 3.949656194246038698e-02 4.077276936450714706e-02
4.118509986193401307e-02 5.022949039185370390e-02 3.026684652631911679e-02 1.902484424110411493e-02 1.636070140807429490e-02 1.989556975030960101e-02 3.937332561742352272e-02 5.147377810057057745e-02 4.893684510639167984e-02 4.790061818103145963e-02
7.668065492015348206e-02 8.960104132748186734e-02 5.490045310103933845e-02 3.550178549970585407e-02 3.156040505361622922e-02 3.937332561742352272e-02 7.882130646759022419e-02 1.034290471245045140e-01 9.779895468894375665e-02 9.365993601138451752e-02
9.916969944615219856e-02 1.136001649809857267e-01 6.989279759935529412e-02 4.558784947060515874e-02 4.093827990215073709e-02 5.147377810057057745e-02 1.034290471245045140e-01 1.365479716181270398e-01 1.294231585639416537e-01 1.234120398479744835e-01
1.005790603467757172e-01 1.160357438283982079e-01 7.025958237822392538e-02 4.492229727315859289e-02 3.949656194246038698e-02 4.893684510639167984e-02 9.779895468894375665e-02 1.294231585639416537e-01 1.255961167962158787e-01 1.228375963715489794e-01
1.163917176412720134e-01 1.417229838963207644e-01 8.247239110494206105e-02 4.970482916053103883e-02 4.077276936450714706e-02 4.790061818103145963e-02 9.365993601138451752e-02 1.234120398479744835e-01 1.228375963715489794e-01 1.305730020749198139e-01
2.052347054388263536e-02 2.841402295886514412e-02 5.544882800778237059e-02 4.291488858171224607e-02 3.682967818970472179e-02 4.928492094593805301e-02 3.303288445983249000e-02 4.387909688461917590e-02 5.084818073817940626e-02 3.636503240087278488e-02
2.841402295886514412e-02 4.504388156732044846e-02 9.240145807450532434e-02 7.009550910370833388e-02 5.576288166507155364e-02 6.873955067451030521e-02 4.273181083664728819e-02 5.283607732670302093e-02 6.052182847455549186e-02 4.500452708022465581e-02
5.544882800778237059e-02 9.240145807450532434e-02 1.935788567491628642e-01 1.460521622045049539e-01 1.133302934110942406e-01 1.354951748477457307e-01 8.144242674015944594e-02 9.711674183574575681e-02 1.104401265149235895e-01 8.364460640747672926e-02
4.291488858171224607e-02 7.009550910370833388e-02 1.460521622045049539e-01 1.135904223054015894e-01 9.155783146561094488e-02 1.127048435338963428e-01 6.716733360139533204e-02 7.881445964715391717e-02 8.842184199815603107e-02 6.611848507186479651e-02
3.682967818970472179e-02 5.576288166507155364e-02 1.133302934110942406e-01 9.155783146561094488e-02 8.206583187918181643e-02 1.093162557835068716e-01 6.555783539806153692e-02 7.660900439743706380e-02 8.439657168421516031e-02 6.098730550361942948e-02
4.928492094593805301e-02 6.873955067451030521e-02 1.354951748477457307e-01 1.127048435338963428e-01 1.093162557835068716e-01 1.577695688867157831e-01 9.614649300857003311e-02 1.135672936914051134e-01 1.241277744582872933e-01 8.729490083293235669e-02
3.303288445983249000e-02 4.273181083664728819e-02 8.144242674015944594e-02 6.716733360139533204e-02 6.555783539806153692e-02 9.614649300857003311e-02 6.299120211352268739e-02 7.975404557694305840e-02 8.898690437251036145e-02 6.171807476588690722e-02
4.387909688461917590e-02 5.283607732670302093e-02 9.711674183574575681e-02 7.881445964715391717e-02 7.660900439743706380e-02 1.135672936914051134e-01 7.975404557694305840e-02 1.093087799899965518e-01 1.248346714004114344e-01 8.574922590899605734e-02
5.084818073817940626e-02 6.052182847455549186e-02 1.104401265149235895e-01 8.842184199815603107e-02 8.439657168421516031e-02 1.241277744582872933e-01 8.898690437251036145e-02 1.248346714004114344e-01 1.453410919691617287e-01 1.000129985132509336e-01
3.636503240087278488e-02 4.500452708022465581e-02 8.364460640747672926e-02 6.611848507186479651e-02 6.098730550361942948e-02 8.729490083293235669e-02 6.171807476588690722e-02 8.574922590899605734e-02 1.000129985132509336e-01 6.978689399565404794e-02
1.022091836881331151e-01 6.597707169086459988e-02 6.607476138053235137e-02 8.541789125483278955e-02 9.468427895488545909e-02 8.519182174946957065e-02 1.026745783917422661e-01 9.133438199077323350e-02 1.050302129791255423e-01 9.256293658800912594e-02
6.597707169086459988e-02 4.379251609363378483e-02 4.543788537826403545e-02 6.020184265150857472e-02 6.721480086334642723e-02 5.931823904111131751e-02 6.920649316942724394e-02 5.957803915933681388e-02 6.710951604452020103e-02 5.918426589854307307e-02
6.607476138053235137e-02 4.543788537826403545e-02 4.991077868917825899e-02 6.871275689205011417e-02 7.782165564702073213e-02 6.734930417609404085e-02 7.546673364071075640e-02 6.174271807124939726e-02 6.696283233419249303e-02 5.872648116579044786e-02
8.541789125483278955e-02 6.020184265150857472e-02 6.871275689205011417e-02 9.805196480789521440e-02 1.128688505400088776e-01 9.698322709529562380e-02 1.061027132904771991e-01 8.335005172303619481e-02 8.721841463622211077e-02 7.568968918629075116e-02
9.468427895488545909e-02 6.721480086334642723e-02 7.782165564702073213e-02 1.128688505400088776e-01 1.339766020642146616e-01 1.168695803246168619e-01 1.280599630595575245e-01 9.804163631777018661e-02 9.941622300699574921e-02 8.462173606241318868e-02
8.519182174946957065e-02 5.931823904111131751e-02 6.734930417609404085e-02 9.698322709529562380e-02 1.168695803246168619e-01 1.088084273261362561e-01 1.249909023572819966e-01 9.549377986992091394e-02 9.475686018425151513e-02 7.817460332658485167e-02
1.026745783917422661e-01 6.920649316942724394e-02 7.546673364071075640e-02 1.061027132904771991e-01 1.280599630595575245e-01 1.249909023572819966e-01 1.553673431914400771e-01 1.212615185313032778e-01 1.202452043851160030e-01 9.685883180497430189e-02
9.133438199077323350e-02 5.957803915933681388e-02 6.174271807124939726e-02 8.335005172303619481e-02 9.804163631777018661e-02 9.549377986992091394e-02 1.212615185313032778e-01 1.024302284131158591e-01 1.068731233764886462e-01 8.685938953009753050e-02
1.050302129791255423e-01 6.710951604452020103e-02 6.696283233419249303e-02 8.721841463622211077e-02 9.941622300699574921e-02 9.475686018425151513e-02 1.202452043851160030e-01 1.068731233764886462e-01 1.195534406991090315e-01 9.942192830601724596e-02
9.256293658800912594e-02 5.918426589854307307e-02 5.872648116579044786e-02 7.568968918629075116e-02 8.462173606241318868e-02 7.817460332658485167e-02 9.685883180497430189e-02 8.685938953009753050e-02 9.942192830601724596e-02 8.589951502714368581e-02
9.521827075288183395e-02 9.483307955504816089e-02 8.410975592574838899e-02 6.731546366587137786e-02 4.967222142577769339e-02 4.756354634823735383e-02 5.879863668532617216e-02 8.086924767873132636e-02 1.253923850726113565e-01 1.490019318712022534e-01
9.483307955504816089e-02 1.049537452947146288e-01 9.561506739423270007e-02 7.669093290827529164e-02 5.610796426823873306e-02 5.262451684240428834e-02 6.279935345106868461e-02 8.172537899030132835e-02 1.178819612605052913e-01 1.340578017081303641e-01
8.410975592574838899e-02 9.561506739423270007e-02 8.867370753698089469e-02 7.141920400419077275e-02 5.223331238604329851e-02 4.881620734647633408e-02 5.779977322981759424e-02 7.409720661721121149e-02 1.043124681252999009e-01 1.157926844070936573e-01
6.731546366587137786e-02 7.669093290827529164e-02 7.141920400419077275e-02 5.777768992573644596e-02 4.235000378018448364e-02 3.966146187695975683e-02 4.703757646986046759e-02 6.030362710840145996e-02 8.457096899985128147e-02 9.277076009913309829e-02
4.967222142577769339e-02 5.610796426823873306e-02 5.223331238604329851e-02 4.235000378018448364e-02 3.116795511199876856e-02 2.935034555553757418e-02 3.505125678088312491e-02 4.528538869342979556e-02 6.386503312787766840e-02 6.946262528385582780e-02
4.756354634823735383e-02 5.262451684240428834e-02 4.881620734647633408e-02 3.966146187695975683e-02 2.935034555553757418e-02 2.794391619903207474e-02 3.386087005870525024e-02 4.451043640027869952e-02 6.372010352676280021e-02 6.861005136273627680e-02
5.879863668532617216e-02 6.279935345106868461e-02 5.779977322981759424e-02 4.703757646986046759e-02 3.505125678088312491e-02 3.386087005870525024e-02 4.204349426014712676e-02 5.688348519826714328e-02 8.353704282182156104e-02 8.899231680292628288e-02
8.086924767873132636e-02 8.172537899030132835e-02 7.409720661721121149e-02 6.030362710840145996e-02 4.528538869342979556e-02 4.451043640027869952e-02 5.688348519826714328e-02 8.072975247328384452e-02 1.236378282541188978e-01 1.308341552517478523e-01
1.253923850726113565e-01 1.178819612605052913e-01 1.043124681252999009e-01 8.457096899985128147e-02 6.386503312787766840e-02 6.372010352676280021e-02 8.353704282182156104e-02 1.236378282541188978e-01 2.037335414617251761e-01 2.185381098759273388e-01
1.490019318712022534e-01 1.340578017081303641e-01 1.157926844070936573e-01 9.277076009913309829e-02 6.946262528385582780e-02 6.861005136273627680e-02 8.899231680292628288e-02 1.308341552517478523e-01 2.185381098759273388e-01 2.677579269834994280e-01
1.448729190073557160e-01 6.052799200506965571e-02 7.809109844858187766e-02 9.791404340415352237e-02 7.845564171005911525e-02 7.431847034693292442e-02 6.969067019169183919e-02 8.686659071891177086e-02 1.412453514332630278e-01 1.592946960723919114e-01
6.052799200506965571e-02 2.830282194720149663e-02 4.215622455769850452e-02 5.529885974267087501e-02 4.414705255516423316e-02 4.053028750846268680e-02 3.529457119926909109e-02 3.959280812800218541e-02 5.938300691188923286e-02 6.484151415011228659e-02
7.809109844858187766e-02 4.215622455769850452e-02 7.304387167654285973e-02 9.967709070605293431e-02 7.936335727222970648e-02 7.098204356922056812e-02 5.770941400807096805e-02 5.757191425782352823e-02 7.734066000120637385e-02 8.034925563059215625e-02
9.791404340415352237e-02 5.529885974267087501e-02 9.967709070605293431e-02 1.380621502828518476e-01 1.100561322960914856e-01 9.796351673190678566e-02 7.834995170392967945e-02 7.562747897795749075e-02 9.790433693072493615e-02 9.956692279031013892e-02
7.845564171005911525e-02 4.414705255516423316e-02 7.936335727222970648e-02 1.100561322960914856e-01 8.825030997982107051e-02 7.895535474664720776e-02 6.343358822114807116e-02 6.147848042226218557e-02 7.966288628022037688e-02 8.043076693734084459e-02
7.431847034693292442e-02 4.053028750846268680e-02 7.098204356922056812e-02 9.796351673190678566e-02 7.895535474664720776e-02 7.160472183081789677e-02 5.860287121363168261e-02 5.831342586315195475e-02 7.726461155363663347e-02 7.786799246090028714e-02
6.969067019169183919e-02 3.529457119926909109e-02 5.770941400807096805e-02 7.834995170392967945e-02 6.343358822114807116e-02 5.860287121363168261e-02 5.026466878314768405e-02 5.342730751688208601e-02 7.481919450699534013e-02 7.595537417572900685e-02
8.686659071891177086e-02 3.959280812800218541e-02 5.757191425782352823e-02 7.562747897795749075e-02 6.147848042226218557e-02 5.831342586315195475e-02 5.342730751688208601e-02 6.334356835069819558e-02 9.615368080987660160e-02 9.911294957519124760e-02
1.412453514332630278e-01 5.938300691188923286e-02 7.734066000120637385e-02 9.790433693072493615e-02 7.966288628022037688e-02 7.726461155363663347e-02 7.481919450699534013e-02 9.615368080987660160e-02 1.574802702961411449e-01 1.655546390444393168e-01
1.592946960723919114e-01 6.484151415011228659e-02 8.034925563059215625e-02 9.956692279031013892e-02 8.043076693734084459e-02 7.786799246090028714e-02 7.595537417572900685e-02 9.911294957519124760e-02 1.655546390444393168e-01 1.847746978454223310e-01
7.736954836705602079e-02 9.971137938844208681e-02 8.332544903108408951e-02 8.312796153848038549e-02 6.307225024047523332e-02 5.625306737940556634e-02 7.066638809927999754e-02 6.408182140820653516e-02 9.597510690529277577e-02 1.014953209762462921e-01
9.971137938844208681e-02 1.429522083925485465e-01 1.224867805702547080e-01 1.217244095733799880e-01 8.922804624115329708e-02 7.511320930028073106e-02 8.922595090951884744e-02 7.689435492149321316e-02 1.109782284674059455e-01 1.191589430243882447e-01
8.332544903108408951e-02 1.224867805702547080e-01 1.101494890523665865e-01 1.120112063482897602e-01 8.190291269055911816e-02 6.783759485137522138e-02 7.882254904032701126e-02 6.576147569134742354e-02 9.202526425812768140e-02 9.774950277092654682e-02
8.312796153848038549e-02 1.217244095733799880e-01 1.120112063482897602e-01 1.179293311577899461e-01 8.719826600451124898e-02 7.251372733534933168e-02 8.405385068416218464e-02 6.904305962526796625e-02 9.476472407203299919e-02 9.879929392886083184e-02
6.307225024047523332e-02 8.922804624115329708e-02 8.190291269055911816e-02 8.719826600451124898e-02 6.637991869586976068e-02 5.679740537090118002e-02 6.726758081103817455e-02 5.572294264924538415e-02 7.658150901884075434e-02 7.828554515998896457e-02
5.625306737940556634e-02 7.511320930028073106e-02 6.783759485137522138e-02 7.251372733534933168e-02 5.679740537090118002e-02 5.107916532115786001e-02 6.285982518616886616e-02 5.325451622793279244e-02 7.413894963877928901e-02 7.430479463804678941e-02
7.066638809927999754e-02 8.922595090951884744e-02 7.882254904032701126e-02 8.405385068416218464e-02 6.726758081103817455e-02 6.285982518616886616e-02 8.056378527463439743e-02 7.006074221383147560e-02 9.925539972115458853e-02 9.833801968223981893e-02
6.408182140820653516e-02 7.689435492149321316e-02 6.576147569134742354e-02 6.904305962526796625e-02 5.572294264924538415e-02 5.325451622793279244e-02 7.006074221383147560e-02 6.375758508360931942e-02 9.344624871176546166e-02 9.275888971357074131e-02
9.597510690529277577e-02 1.109782284674059455e-01 9.202526425812768140e-02 9.476472407203299919e-02 7.658150901884075434e-02 7.413894963877928901e-02 9.925539972115458853e-02 9.344624871176546166e-02 1.422742954017582884e-01 1.423912307779729158e-01
1.014953209762462921e-01 1.191589430243882447e-01 9.774950277092654682e-02 9.879929392886083184e-02 7.828554515998896457e-02 7.430479463804678941e-02 9.833801968223981893e-02 9.275888971357074131e-02 1.423912307779729158e-01 1.475446732532095795e-01
6.224860901024004828e-02 7.815479137643592533e-02 1.004768924586408457e-01 1.169225390849324975e-01 9.227816518196428619e-02 6.285359737569953809e-02 4.301243636558830380e-02 3.222296257088117649e-02 2.090078905530693559e-02 3.684626217532914472e-02
7.815479137643592533e-02 9.961478669540423103e-02 1.303644870645835618e-01 1.521816312152839412e-01 1.165699968852627055e-01 7.859437933236965157e-02 5.366400180364578471e-02 4.020639235790492844e-02 2.611283939722001957e-02 4.611145488143392895e-02
1.004768924586408457e-01 1.303644870645835618e-01 1.826037118537879311e-01 2.235795994127527941e-01 1.598310193272819146e-01 1.038476934767942478e-01 6.978053483680386748e-02 5.191183984638430421e-02 3.358974247558223214e-02 5.918895119606194799e-02
1.169225390849324975e-01 1.521816312152839412e-01 2.235795994127527941e-01 3.358213111488240199e-01 2.211683570323612624e-01 1.337322744288638732e-01 8.623831571699303034e-02 6.271979516094178253e-02 3.991446015638730471e-02 6.940504499867425348e-02
9.227816518196428619e-02 1.165699968852627055e-01 1.598310193272819146e-01 2.211683570323612624e-01 1.717839335426276093e-01 1.073014141922192244e-01 6.951162147283143633e-02 5.047676733213513067e-02 3.197361723273034473e-02 5.527332303519776752e-02
6.285359737569953809e-02 7.859437933236965157e-02 1.038476934767942478e-01 1.337322744288638732e-01 1.073014141922192244e-01 7.055621522904990950e-02 4.658866077543346446e-02 3.411243454717656498e-02 2.170811690646354958e-02 3.764444080299279155e-02
4.301243636558830380e-02 5.366400180364578471e-02 6.978053483680386748e-02 8.623831571699303034e-02 6.951162147283143633e-02 4.658866077543346446e-02 3.127701678853025968e-02 2.307967525749490822e-02 1.476321522940272392e-02 2.570645017034444563e-02
3.222296257088117649e-02 4.020639235790492844e-02 5.191183984638430421e-02 6.271979516094178253e-02 5.047676733213513067e-02 3.411243454717656498e-02 2.307967525749490822e-02 1.712803519423423612e-02 1.100036413784492156e-02 1.921842830006638414e-02
2.090078905530693559e-02 2.611283939722001957e-02 3.358974247558223214e-02 3.991446015638730471e-02 3.197361723273034473e-02 2.170811690646354958e-02 1.476321522940272392e-02 1.100036413784492156e-02 7.093551443391414753e-03 1.243602502523400398e-02
3.684626217532914472e-02 4.611145488143392895e-02 5.918895119606194799e-02 6.940504499867425348e-02 5.527332303519776752e-02 3.764444080299279155e-02 2.570645017034444563e-02 1.921842830006638414e-02 1.243602502523400398e-02 2.187282909391047997e-02
1.973863314640236233e-01 1.587004573835602561e-01 1.161350643096062396e-01 8.918481135492231648e-02 8.138136489283025188e-02 9.031959177049120324e-02 1.064295602094923465e-01 7.570860484489359832e-02 8.912581651097407909e-02 1.455376305387811597e-01
1.587004573835602561e-01 1.350269852508902413e-01 1.021226851692355470e-01 7.991882362882733737e-02 7.348496062983397858e-02 8.139248806333770903e-02 9.499625958387135360e-02 6.564626870861080266e-02 7.385912418002030244e-02 1.171483727568795319e-01
1.161350643096062396e-01 1.021226851692355470e-01 8.387079778914298400e-02 6.989696780108783924e-02 6.708199390602608003e-02 7.566150949090129363e-02 8.790235557915115905e-02 5.791362471408146445e-02 5.967268260533056118e-02 8.833311628388329506e-02
8.918481135492231648e-02 7.991882362882733737e-02 6.989696780108783924e-02 6.336530513536375864e-02 6.425560931835556933e-02 7.436266162898545751e-02 8.652481014684169913e-02 5.481652422599261887e-02 5.190617066183240980e-02 7.096713208168439757e-02
8.138136489283025188e-02 7.348496062983397858e-02 6.708199390602608003e-02 6.425560931835556933e-02 6.859858714701921878e-02 8.134461617526425603e-02 9.511700429035972737e-02 5.889080711261204804e-02 5.268185148399293777e-02 6.763580682008343836e-02
9.031959177049120324e-02 8.139248806333770903e-02 7.566150949090129363e-02 7.436266162898545751e-02 8.134461617526425603e-02 9.836165431939480897e-02 1.157316642830833880e-01 7.103637295014270103e-02 6.198147301899686185e-02 7.709568165310144716e-02
1.064295602094923465e-01 9.499625958387135360e-02 8.790235557915115905e-02 8.652481014684169913e-02 9.511700429035972737e-02 1.157316642830833880e-01 1.372661915107735719e-01 8.441869714442930273e-02 7.370872183862031690e-02 9.148477631381261854e-02
7.570860484489359832e-02 6.564626870861080266e-02 5.791362471408146445e-02 5.481652422599261887e-02 5.889080711261204804e-02 7.103637295014270103e-02 8.441869714442930273e-02 5.327010862891542325e-02 4.884733911593893557e-02 6.364164347475034789e-02
8.912581651097407909e-02 7.385912418002030244e-02 5.967268260533056118e-02 5.190617066183240980e-02 5.268185148399293777e-02 6.198147301899686185e-02 7.370872183862031690e-02 4.884733911593893557e-02 5.004402203765238866e-02 7.178468873609014644e-02
1.455376305387811597e-01 1.171483727568795319e-01 8.833311628388329506e-02 7.096713208168439757e-02 6.763580682008343836e-02 7.709568165310144716e-02 9.148477631381261854e-02 6.364164347475034789e-02 7.178468873609014644e-02 1.128100167168242796e-01
8.106605690181151180e-02 6.832683688480903350e-02 8.260776359041696604e-02 9.787576275136766757e-02 6.100987278117638024e-02 5.250294856006658406e-02 4.372660246606301093e-02 9.140344306324675594e-02 5.837140891120286279e-02 7.761565807666290229e-02
6.832683688480903350e-02 5.855957249781980345e-02 7.137821444251281344e-02 8.470944747958232546e-02 5.241176682724382752e-02 4.398969224310418646e-02 3.437445598243039219e-02 6.802147936293410913e-02 4.574942825096593724e-02 6.387444311652006046e-02
8.260776359041696604e-02 7.137821444251281344e-02 8.752572303452454960e-02 1.040613689103685457e-01 6.422097816012566074e-02 5.336843524466614030e-02 4.053409287271761419e-02 7.809145353878760298e-02 5.366550649205821533e-02 7.641240393583020873e-02
9.787576275136766757e-02 8.470944747958232546e-02 1.040613689103685457e-01 1.239780027156609649e-01 7.661723959154331798e-02 6.383204069210650367e-02 4.868318596957751238e-02 9.414100047686303763e-02 6.406597747168157886e-02 9.057509496961654860e-02
6.100987278117638024e-02 5.241176682724382752e-02 6.422097816012566074e-02 7.661723959154331798e-02 4.792385602566366642e-02 4.118845271065936509e-02 3.369033476988577552e-02 6.928580412549731338e-02 4.366227463918322116e-02 5.770490246728396388e-02
5.250294856006658406e-02 4.398969224310418646e-02 5.336843524466614030e-02 6.383204069210650367e-02 4.118845271065936509e-02 3.875814496894672279e-02 3.763391997499652974e-02 8.747370226559350592e-02 4.738858129339364872e-02 5.298704392184534068e-02
4.372660246606301093e-02 3.437445598243039219e-02 4.053409287271761419e-02 4.868318596957751238e-02 3.369033476988577552e-02 3.763391997499652974e-02 4.786434180577958664e-02 1.275468009294722649e-01 5.871744986880411687e-02 5.068707035048940907e-02
9.140344306324675594e-02 6.802147936293410913e-02 7.809145353878760298e-02 9.414100047686303763e-02 6.928580412549731338e-02 8.747370226559350592e-02 1.275468009294722649e-01 3.607623043777054006e-01 1.556541497254271822e-01 1.170889592563322673e-01
5.837140891120286279e-02 4.574942825096593724e-02 5.366550649205821533e-02 6.406597747168157886e-02 4.366227463918322116e-02 4.738858129339364872e-02 5.871744986880411687e-02 1.556541497254271822e-01 7.451519750323794267e-02 6.700422038382269907e-02
7.761565807666290229e-02 6.387444311652006046e-02 7.641240393583020873e-02 9.057509496961654860e-02 5.770490246728396388e-02 5.298704392184534068e-02 5.068707035048940907e-02 1.170889592563322673e-01 6.700422038382269907e-02 7.904680016885003158e-02
1.461157421298533432e-01 1.072790303847871163e-01 7.364355851495167637e-02 1.302543634742556466e-01 8.793777386553151831e-02 7.391271431652643442e-02 8.943481022055554952e-02 1.207494490280284771e-01 1.138833599085504467e-01 8.815522364113659304e-02
1.072790303847871163e-01 8.116200711162643855e-02 5.756584022658035871e-02 1.041210253602536107e-01 6.965522627799441979e-02 5.687378173609383691e-02 6.635659174349989309e-02 8.734083631425343386e-02 8.179218842875382589e-02 6.400162569056835893e-02
7.364355851495167637e-02 5.756584022658035871e-02 4.379253124280257231e-02 8.289603838769805944e-02 5.524363748723688794e-02 4.396039566073958044e-02 4.931940385859726050e-02 6.268143071506501740e-02 5.721634044429613208e-02 4.415005868474555090e-02
1.302543634742556466e-01 1.041210253602536107e-01 8.289603838769805944e-02 1.620828053475600328e-01 1.079046092208341273e-01 8.473317056925330770e-02 9.296215233983833037e-02 1.155274008715782563e-01 1.033826041498424608e-01 7.862001102309959522e-02
8.793777386553151831e-02 6.965522627799441979e-02 5.524363748723688794e-02 1.079046092208341273e-01 7.338850010352984676e-02 5.956414631871442128e-02 6.762342952878214186e-02 8.546783342739158740e-02 7.536532124654930775e-02 5.488494217431774680e-02
7.391271431652643442e-02 5.687378173609383691e-02 4.396039566073958044e-02 8.473317056925330770e-02 5.956414631871442128e-02 5.240831288818895151e-02 6.433763942364985333e-02 8.461189192487719724e-02 7.321198161970801643e-02 4.937112383193661275e-02
8.943481022055554952e-02 6.635659174349989309e-02 4.931940385859726050e-02 9.296215233983833037e-02 6.762342952878214186e-02 6.433763942364985333e-02 8.621434785712617233e-02 1.182217338753481367e-01 1.011504731975390314e-01 6.388910703277253522e-02
1.207494490280284771e-01 8.734083631425343386e-02 6.268143071506501740e-02 1.155274008715782563e-01 8.546783342739158740e-02 8.461189192487719724e-02 1.182217338753481367e-01 1.684544864643803264e-01 1.445609955316459749e-01 8.896602960482877243e-02
1.138833599085504467e-01 8.179218842875382589e-02 5.721634044429613208e-02 1.033826041498424608e-01 7.536532124654930775e-02 7.321198161970801643e-02 1.011504731975390314e-01 1.445609955316459749e-01 1.286632927925872305e-01 8.164934708098681160e-02
8.815522364113659304e-02 6.400162569056835893e-02 4.415005868474555090e-02 7.862001102309959522e-02 5.488494217431774680e-02 4.937112383193661275e-02 6.388910703277253522e-02 8.896602960482877243e-02 8.164934708098681160e-02 5.771797406234516203e-02
1.433242134184574967e-01 9.986282976495300390e-02 6.507324055414656638e-02 4.248005855312833590e-02 3.399741458281246159e-02 4.819846982792366785e-02 9.522035355385759237e-02 1.262796264963950699e-01 1.198917364373034561e-01 1.761732477239308925e-01
9.986282976495300390e-02 7.146431657721756536e-02 4.715441332402618702e-02 3.109759455234611600e-02 2.522777037428002023e-02 3.623858633200034707e-02 7.211983390963125351e-02 9.508968901093316217e-02 8.593010847830617749e-02 1.212907042362137422e-01
6.507324055414656638e-02 4.715441332402618702e-02 3.162773165671611819e-02 2.117282089464435357e-02 1.753146524629337066e-02 2.567748232629572108e-02 5.167786343575113406e-02 6.807450813551609026e-02 5.868211543642732481e-02 7.913798001857562381e-02
4.248005855312833590e-02 3.109759455234611600e-02 2.117282089464435357e-02 1.446005288902086315e-02 1.229931047533955324e-02 1.846246006688373117e-02 3.767853197275688321e-02 4.969092262752837497e-02 4.073274752078191729e-02 5.199491908253177364e-02
3.399741458281246159e-02 2.522777037428002023e-02 1.753146524629337066e-02 1.229931047533955324e-02 1.087711263820141314e-02 1.688901433476512268e-02 3.511273710160744965e-02 4.642656184347582898e-02 3.570543699372193125e-02 4.210555799657490078e-02
4.819846982792366785e-02 3.623858633200034707e-02 2.567748232629572108e-02 1.846246006688373117e-02 1.688901433476512268e-02 2.700972247667374204e-02 5.704042340442101733e-02 7.561480829960524896e-02 5.519258749564921740e-02 6.043894062156706520e-02
9.522035355385759237e-02 7.211983390963125351e-02 5.167786343575113406e-02 3.767853197275688321e-02 3.511273710160744965e-02 5.704042340442101733e-02 1.217581432264174257e-01 1.619106655611556034e-01 1.149334629078380549e-01 1.204594530421057158e-01
1.262796264963950699e-01 9.508968901093316217e-02 6.807450813551609026e-02 4.969092262752837497e-02 4.642656184347582898e-02 7.561480829960524896e-02 1.619106655611556034e-01 2.203119355440233407e-01 1.564349058874404952e-01 1.620160222163008201e-01
1.198917364373034561e-01 8.593010847830617749e-02 5.868211543642732481e-02 4.073274752078191729e-02 3.570543699372193125e-02 5.519258749564921740e-02 1.149334629078380549e-01 1.564349058874404952e-01 1.300403744728461097e-01 1.560867090985371963e-01
1.761732477239308925e-01 1.212907042362137422e-01 7.913798001857562381e-02 5.199491908253177364e-02 4.210555799657490078e-02 6.043894062156706520e-02 1.204594530421057158e-01 1.620160222163008201e-01 1.560867090985371963e-01 2.291263971004260380e-01
1.643014524328897941e-01 1.562929635356499758e-01 1.526340636193623257e-01 1.255136593091616959e-01 8.677895616345293606e-02 7.409409822250823119e-02 7.887150600537057299e-02 9.672942311604570964e-02 7.473888716788416875e-02 9.758724040283277279e-02
1.562929635356499758e-01 1.630554704229713048e-01 1.681103971459115276e-01 1.355075301505471730e-01 8.990810475373357813e-02 7.371423521952116809e-02 7.631568869582541770e-02 9.228228419620659873e-02 7.084797215029524364e-02 9.214881447984661633e-02
1.526340636193623257e-01 1.681103971459115276e-01 1.999917730973266028e-01 1.639037869540093117e-01 1.053035879998226870e-01 8.278912871748042579e-02 8.277304736239837757e-02 9.779333990341945726e-02 7.311331628977860153e-02 9.180565312648573950e-02
1.255136593091616959e-01 1.355075301505471730e-01 1.639037869540093117e-01 1.453069412917412095e-01 9.499512101096638239e-02 7.499378760094366214e-02 7.476917620989011193e-02 8.771409272488481235e-02 6.422477471057862208e-02 7.789584695794619928e-02
8.677895616345293606e-02 8.990810475373357813e-02 1.053035879998226870e-01 9.499512101096638239e-02 6.485960069445356746e-02 5.273250652865178745e-02 5.346755961340236146e-02 6.309046216902762516e-02 4.591332217206581245e-02 5.488466298971806517e-02
7.409409822250823119e-02 7.371423521952116809e-02 8.278912871748042579e-02 7.499378760094366214e-02 5.273250652865178745e-02 4.446422300805072392e-02 4.607085727704818973e-02 5.486821290820845937e-02 3.990361352879213258e-02 4.741850696340757509e-02
7.887150600537057299e-02 7.631568869582541770e-02 8.277304736239837757e-02 7.476917620989011193e-02 5.346755961340236146e-02 4.607085727704818973e-02 4.865314054967800894e-02 5.846078023454986949e-02 4.263018737615334453e-02 5.069178946699865601e-02
9.672942311604570964e-02 9.228228419620659873e-02 9.779333990341945726e-02 8.771409272488481235e-02 6.309046216902762516e-02 5.486821290820845937e-02 5.846078023454986949e-02 7.078990096115671260e-02 5.187900181513348252e-02 6.204190403645561819e-02
7.473888716788416875e-02 7.084797215029524364e-02 7.311331628977860153e-02 6.422477471057862208e-02 4.591332217206581245e-02 3.990361352879213258e-02 4.263018737615334453e-02 5.187900181513348252e-02 3.862391411872354713e-02 4.720204600496681613e-02
9.758724040283277279e-02 9.214881447984661633e-02 9.180565312648573950e-02 7.789584695794619928e-02 5.488466298971806517e-02 4.741850696340757509e-02 5.069178946699865601e-02 6.204190403645561819e-02 4.720204600496681613e-02 5.995358342300882715e-02
2.781038758314842152e-01 1.846966209267723313e-01 1.103722583671897794e-01 9.856065385384567279e-02 6.781057565907024076e-02 6.709058651382959759e-02 5.974618799618774262e-02 1.203342235602379989e-01 1.673792130251028354e-01 1.841236903169194972e-01
1.846966209267723313e-01 1.329364288937927574e-01 8.182606048354094941e-02 7.423285850081437487e-02 5.120448600338374512e-02 5.060505340403915336e-02 4.479098794473369838e-02 8.958047650838016351e-02 1.221291862692776009e-01 1.271672913659338544e-01
1.103722583671897794e-01 8.182606048354094941e-02 5.324828125597150935e-02 5.002364130804757419e-02 3.499418701859074304e-02 3.492460793763768612e-02 3.111303960231350668e-02 6.244486904889339635e-02 8.403060219869934455e-02 8.162456841057347257e-02
9.856065385384567279e-02 7.423285850081437487e-02 5.002364130804757419e-02 4.852577221917833000e-02 3.439973622757799832e-02 3.466980445425656143e-02 3.112692255005264710e-02 6.279439087612040393e-02 8.392925614146619362e-02 7.748738166048795006e-02
6.781057565907024076e-02 5.120448600338374512e-02 3.499418701859074304e-02 3.439973622757799832e-02 2.465129371038907863e-02 2.506112741813871364e-02 2.268319860063626112e-02 4.603618825646847018e-02 6.149373309702321766e-02 5.531927512694426174e-02
6.709058651382959759e-02 5.060505340403915336e-02 3.492460793763768612e-02 3.466980445425656143e-02 2.506112741813871364e-02 2.571392745217018772e-02 2.348766307159312963e-02 4.800115953087227133e-02 6.420010850814834857e-02 5.657160701355390398e-02
5.974618799618774262e-02 4.479098794473369838e-02 3.111303960231350668e-02 3.112692255005264710e-02 2.268319860063626112e-02 2.348766307159312963e-02 2.173633359393026612e-02 4.487684257323025505e-02 6.027779402079418147e-02 5.214415561126620885e-02
1.203342235602379989e-01 8.958047650838016351e-02 6.244486904889339635e-02 6.279439087612040393e-02 4.603618825646847018e-02 4.800115953087227133e-02 4.487684257323025505e-02 9.353968972565500362e-02 1.262404958039858582e-01 1.078318607576292387e-01
1.673792130251028354e-01 1.221291862692776009e-01 8.403060219869934455e-02 8.392925614146619362e-02 6.149373309702321766e-02 6.420010850814834857e-02 6.027779402079418147e-02 1.262404958039858582e-01 1.737845202613230999e-01 1.501082002453726361e-01
1.841236903169194972e-01 1.271672913659338544e-01 8.162456841057347257e-02 7.748738166048795006e-02 5.531927512694426174e-02 5.657160701355390398e-02 5.214415561126620885e-02 1.078318607576292387e-01 1.501082002453726361e-01 1.477598770561054375e-01
1.334902449519055068e-01 1.109043509366226532e-01 1.062387104951647843e-01 9.810552237211705995e-02 5.991170071889787008e-02 6.293232600144904598e-02 7.656188736472030465e-02 1.137583549451760545e-01 9.034087335610599401e-02 1.560315401710996586e-01
1.109043509366226532e-01 1.019228250660223073e-01 1.030514160237309407e-01 9.616111690718698313e-02 5.760617674894518564e-02 5.844296330425260283e-02 6.851465872502179866e-02 9.849301025199050375e-02 7.457007334334052329e-02 1.238038864593961619e-01
1.062387104951647843e-01 1.030514160237309407e-01 1.107304957790494482e-01 1.052267734806177912e-01 6.275293426036437916e-02 6.285600227769927439e-02 7.236651292813389702e-02 1.018742166585699799e-01 7.349175102356550471e-02 1.164289242395399188e-01
9.810552237211705995e-02 9.616111690718698313e-02 1.052267734806177912e-01 1.021590502862256278e-01 6.137684883948213432e-02 6.191474995940799558e-02 7.145246120612637475e-02 1.002608447430794886e-01 7.040937888618575835e-02 1.081971475063668447e-01
5.991170071889787008e-02 5.760617674894518564e-02 6.275293426036437916e-02 6.137684883948213432e-02 3.765161017887649897e-02 3.898139359156688882e-02 4.588182174024157262e-02 6.505058341667477317e-02 4.504243148941128316e-02 6.782036012642343736e-02
6.293232600144904598e-02 5.844296330425260283e-02 6.285600227769927439e-02 6.191474995940799558e-02 3.898139359156688882e-02 4.202395755882824130e-02 5.098428365485139363e-02 7.351201342753477253e-02 5.025171100448132949e-02 7.406245489142557203e-02
7.656188736472030465e-02 6.851465872502179866e-02 7.236651292813389702e-02 7.145246120612637475e-02 4.588182174024157262e-02 5.098428365485139363e-02 6.379442879980877501e-02 9.366847220411517183e-02 6.382622450509883860e-02 9.318880179734781444e-02
1.137583549451760545e-01 9.849301025199050375e-02 1.018742166585699799e-01 1.002608447430794886e-01 6.505058341667477317e-02 7.351201342753477253e-02 9.366847220411517183e-02 1.403693578817362675e-01 9.646251764889027247e-02 1.416592350377343379e-01
9.034087335610599401e-02 7.457007334334052329e-02 7.349175102356550471e-02 7.040937888618575835e-02 4.504243148941128316e-02 5.025171100448132949e-02 6.382622450509883860e-02 9.646251764889027247e-02 7.166490256053448249e-02 1.134396989627425995e-01
1.560315401710996586e-01 1.238038864593961619e-01 1.164289242395399188e-01 1.081971475063668447e-01 6.782036012642343736e-02 7.406245489142557203e-02 9.318880179734781444e-02 1.416592350377343379e-01 1.134396989627425995e-01 1.961931269370130182e-01
1.118615352305293575e-01 1.100259524076886430e-01 1.297674688135721510e-01 7.487962469812783906e-02 9.102230466890408322e-02 9.052906164171488357e-02 7.151746656679452974e-02 6.051300990484375503e-02 7.456832081888650765e-02 1.115782479172264252e-01
1.100259524076886430e-01 1.177003976052618389e-01 1.454011936666106675e-01 8.137622612242179088e-02 9.454600423023151734e-02 9.123214734140758231e-02 7.053978283572001629e-02 5.846353056975661655e-02 7.093484237161581940e-02 1.059805033854670925e-01
1.297674688135721510e-01 1.454011936666106675e-01 1.917669879807215871e-01 1.071583995849415827e-01 1.233947307803038990e-01 1.170887310631053557e-01 8.854672237442554050e-02 7.117725737600411051e-02 8.378384244073439069e-02 1.233131756143402147e-01
7.487962469812783906e-02 8.137622612242179088e-02 1.071583995849415827e-01 6.546996514797380484e-02 8.256767202108503123e-02 8.028860985944337447e-02 6.004127748679465720e-02 4.658045341503503495e-02 5.227458856439749779e-02 7.396160613268293327e-02
9.102230466890408322e-02 9.454600423023151734e-02 1.233947307803038990e-01 8.256767202108503123e-02 1.156953513775677705e-01 1.156023480798309827e-01 8.585720715336785103e-02 6.468303594843041737e-02 6.945751822280296639e-02 9.431198147954644728e-02
9.052906164171488357e-02 9.123214734140758231e-02 1.170887310631053557e-01 8.028860985944337447e-02 1.156023480798309827e-01 1.184134746036717561e-01 8.849835609055789476e-02 6.664770526326463385e-02 7.119585823164978344e-02 9.580085564728182956e-02
7.151746656679452974e-02 7.053978283572001629e-02 8.854672237442554050e-02 6.004127748679465720e-02 8.585720715336785103e-02 8.849835609055789476e-02 6.727888951307353649e-02 5.154330894753611503e-02 5.602767650633529856e-02 7.612140516705369342e-02
6.051300990484375503e-02 5.846353056975661655e-02 7.117725737600411051e-02 4.658045341503503495e-02 6.468303594843041737e-02 6.664770526326463385e-02 5.154330894753611503e-02 4.092243518586904938e-02 4.618857514385760199e-02 6.426728583839427800e-02
7.456832081888650765e-02 7.093484237161581940e-02 8.378384244073439069e-02 5.227458856439749779e-02 6.945751822280296639e-02 7.119585823164978344e-02 5.602767650633529856e-02 4.618857514385760199e-02 5.477078813552797160e-02 7.858888884549009024e-02
1.115782479172264252e-01 1.059805033854670925e-01 1.233131756143402147e-01 7.396160613268293327e-02 9.431198147954644728e-02 9.580085564728182956e-02 7.612140516705369342e-02 6.426728583839427800e-02 7.858888884549009024e-02 1.161201752198032788e-01
1.184428971157979460e-01 1.226578695540897213e-01 9.073652764581865982e-02 7.805794902382087730e-02 9.156698841178489978e-02 8.780993521805409430e-02 8.135334964941631775e-02 9.822256280617887303e-02 9.914810667093086616e-02 9.163277223333099464e-02
1.226578695540897213e-01 1.309085533951218072e-01 9.777215176497423832e-02 8.423096910450503239e-02 9.821822619532001586e-02 9.262468069044710317e-02 8.364527940753713198e-02 9.883344615128852872e-02 9.933744178433651095e-02 9.303218620193315358e-02
9.073652764581865982e-02 9.777215176497423832e-02 7.587148379683458788e-02 6.796771221351652348e-02 8.140018562033576877e-02 7.691801892958638476e-02 6.809721483435929312e-02 7.814176217898821664e-02 7.624880246811865936e-02 6.966420908486821439e-02
7.805794902382087730e-02 8.423096910450503239e-02 6.796771221351652348e-02 6.535403035617758094e-02 8.217753206335563776e-02 7.873905589882876366e-02 6.873734572837798817e-02 7.644213213669026619e-02 7.134185608781801191e-02 6.199149712654219990e-02
9.156698841178489978e-02 9.821822619532001586e-02 8.140018562033576877e-02 8.217753206335563776e-02 1.086021569789530627e-01 1.060260669299264297e-01 9.241363118690644474e-02 1.010983082237289776e-01 9.119992226962569948e-02 7.555140005635654910e-02
8.780993521805409430e-02 9.262468069044710317e-02 7.691801892958638476e-02 7.873905589882876366e-02 1.060260669299264297e-01 1.071157840660886679e-01 9.534009871808529768e-02 1.052115293247611050e-01 9.366345542170462224e-02 7.501807736319071607e-02
8.135334964941631775e-02 8.364527940753713198e-02 6.809721483435929312e-02 6.873734572837798817e-02 9.241363118690644474e-02 9.534009871808529768e-02 8.920105176053050311e-02 1.018716539930018816e-01 9.117263056559113399e-02 7.157318934115419751e-02
9.822256280617887303e-02 9.883344615128852872e-02 7.814176217898821664e-02 7.644213213669026619e-02 1.010983082237289776e-01 1.052115293247611050e-01 1.018716539930018816e-01 1.222923696703724361e-01 1.116068739441555269e-01 8.749821921389613899e-02
9.914810667093086616e-02 9.933744178433651095e-02 7.624880246811865936e-02 7.134185608781801191e-02 9.119992226962569948e-02 9.366345542170462224e-02 9.117263056559113399e-02 1.116068739441555269e-01 1.066763026758606459e-01 8.643689953639756285e-02
9.163277223333099464e-02 9.303218620193315358e-02 6.966420908486821439e-02 6.199149712654219990e-02 7.555140005635654910e-02 7.501807736319071607e-02 7.157318934115419751e-02 8.749821921389613899e-02 8.643689953639756285e-02 7.553537018426251248e-02
