1.040041586679781582e-01 2.026271216906868622e-01 9.298198358262213525e-02 4.084478872356393092e-02 2.755370591145487116e-02 3.358829227458125927e-02 8.609619862684880776e-02 1.285921826997120654e-01 1.155004887709471795e-01 8.776350951779310350e-02 3.530097368824159504e-02 4.514659584557006999e-02
1.459629962278236603e-01 9.268483374051877943e-02 6.783229716763562733e-02 9.215359999446681716e-02 5.341618256133366660e-02 8.232873037752755363e-02 1.126673833308014516e-01 9.376879679178967697e-02 7.949956463524376904e-02 4.132278099348349332e-02 4.781905356359304748e-02 9.054378061578245707e-02
1.028544160469918589e-01 1.086705222515350067e-01 1.417344414587735357e-01 1.075623504872567637e-01 1.090853456417599232e-01 7.440222499741536155e-02 5.820941849500077536e-02 7.171868375443193888e-02 6.774599463495206697e-02 5.578327041895080052e-02 4.527671678751098161e-02 5.695661502542097299e-02
4.320787873960267589e-02 6.680700178597137606e-02 1.442349601162694894e-01 1.990021536129041868e-01 1.174697008074986337e-01 3.460349483428178108e-02 6.204337557995431851e-02 9.799826276840417627e-02 7.822090074246568214e-02 6.820454844658124793e-02 4.857244497652718485e-02 3.963527758953971913e-02
1.306988653411202406e-01 1.040062441179121222e-01 6.620946396774826659e-02 9.756810861236607513e-02 8.395890019380189417e-02 8.439953151744565563e-02 5.639015177705145737e-02 4.516982981753638743e-02 5.716592593094797087e-02 5.154822331646398414e-02 9.643933730326956222e-02 1.264454181043364045e-01
9.178379463733019050e-02 8.780454010548557897e-02 1.312426973257362073e-01 2.300532585906679695e-01 1.256889917375656196e-01 5.650192798687128648e-02 3.041181404222662726e-02 2.154883124304404068e-02 1.480198151627276984e-02 3.687664420564912282e-02 8.330057309371169394e-02 8.998494551543891051e-02
9.334518061057822669e-02 6.625033144948729025e-02 6.028073834149425686e-02 6.993371528141707760e-02 8.416309508766742220e-02 5.019173439823623045e-02 5.234427134299436679e-02 8.298287505835737210e-02 1.028990081474162321e-01 8.456210664696262036e-02 1.091670509737995842e-01 1.438798926615897644e-01
3.006776292057648792e-02 4.969529191387554723e-02 7.041266978179104574e-02 2.581746020920888673e-01 1.033129778594321230e-01 1.219351905073599168e-01 1.343427259714985722e-01 7.265114094522520660e-02 3.545412869643398829e-02 6.212469877773064975e-02 3.562313795151997309e-02 2.620567258246765327e-02
1.142681487159549619e-01 1.253391581490262419e-01 9.893750614116429698e-02 5.665382971107578436e-02 8.616658437152641126e-02 8.079497987118304525e-02 5.946236140356768451e-02 3.897986858290345552e-02 2.899772935911570579e-02 4.222970108240145515e-02 1.066395579184362535e-01 1.615305746936449571e-01
6.766318826907125050e-02 1.467657348269761630e-01 1.500286747699596801e-01 1.275163268284170981e-01 1.437945232570742582e-01 1.116694725390341980e-01 6.131147663561713895e-02 4.289804004010529942e-02 3.947121987835294776e-02 4.443495089957177901e-02 2.866680021127697431e-02 3.577959184454315711e-02
1.902184492109837699e-01 1.067226786570914382e-01 5.127310790252077172e-02 4.199892601241698997e-02 2.588700101017376784e-02 2.626862411118742122e-02 2.438621989029094578e-02 6.790901224888809540e-02 1.149632609157143076e-01 1.062765509760295185e-01 1.166983275616599730e-01 1.273978415030431188e-01
7.727194455142678831e-02 8.144058257750230734e-02 4.689399835105675929e-02 5.295643802335848332e-02 6.831131853264935105e-02 1.107023733556877915e-01 7.443063539294383912e-02 1.364347144280875224e-01 9.832163022940017261e-02 8.750036880281891749e-02 1.100121205834624222e-01 5.572387517160579118e-02
1.287179759512352695e-01 1.227672135167218737e-01 8.067681116637014094e-02 5.959661989931940018e-02 7.619642248707272913e-02 1.226986469033859717e-01 1.015342980522434130e-01 7.784954091736771831e-02 4.514841531420138443e-02 3.862486256135753970e-02 6.078614755285927096e-02 8.540304567786544121e-02
6.388504258197412466e-02 5.734120066612536509e-02 4.673591254671007056e-02 3.864213543438527187e-02 5.847311207480374723e-02 8.198537276650320893e-02 1.193185912309196045e-01 1.117861578199517564e-01 8.567616277918656265e-02 7.989157029918203534e-02 1.450034323339965958e-01 1.112613094662620039e-01
7.651998509648394453e-02 5.639223345710117630e-02 6.630718218138023645e-02 8.121104393676076283e-02 6.164321518318648108e-02 6.393263313518587898e-02 6.936796699944247635e-02 9.461252692568565548e-02 8.433861024494958281e-02 9.727630329273319332e-02 1.171946522458482132e-01 1.312036473012426763e-01
1.256350692541749747e-01 1.337649088410089449e-01 5.571330205299861865e-02 5.116893235979990545e-02 4.029471526460055852e-02 9.971210047964834677e-02 7.663643472023307091e-02 5.907981868532754394e-02 1.105774636325951160e-01 1.116006803503065414e-01 6.728126651496903199e-02 6.853530784433738143e-02
1.032327475944902762e-01 9.677370272779950433e-02 5.846168593335267227e-02 2.740558593385407360e-02 3.706903826617019559e-02 7.693870218454208765e-02 1.220199140868146459e-01 9.445430209374741648e-02 4.674692168626882333e-02 5.841767260983970339e-02 1.409435703943813234e-01 1.375361564887394028e-01
5.137337424518600287e-02 5.633542320444026585e-02 1.308642493736381363e-01 8.654374222949264006e-02 4.899366784016822435e-02 6.110663831897909792e-02 1.411914040036031937e-01 1.317010737424897382e-01 8.864667803161618842e-02 8.516240283378941067e-02 5.982746577218488182e-02 5.825388040441218523e-02
8.349518707119163441e-02 1.516084639776367760e-01 1.023006621677186034e-01 6.244757709800252687e-02 1.021699582471813639e-01 8.876535968138174471e-02 1.128347293946520558e-01 8.628452327920690945e-02 3.947893014365932290e-02 3.170491297183836155e-02 4.410946287439051344e-02 9.480023309314056235e-02
4.176850130910738507e-02 3.495651710568606352e-02 3.507006139594153610e-02 6.457405388173634297e-02 1.862710939350674666e-01 1.244857729976960314e-01 7.832298101835429016e-02 6.990623036574378224e-02 1.046095912940121775e-01 1.166036168914897919e-01 8.648798524825516976e-02 5.694359455691002520e-02
4.722991891658787078e-02 7.979248447481143702e-02 8.200743885816380585e-02 9.088704606055068858e-02 5.253588401305678279e-02 7.715723196841221820e-02 6.341508614169874547e-02 6.104500515994652765e-02 1.327466799093349470e-01 1.500515617325797191e-01 8.646369804149664495e-02 7.666796472336064039e-02
2.379209113813535170e-02 6.212149986366719001e-02 1.018086816715841891e-01 1.128852276149323874e-01 9.702268180012321719e-02 1.327139953102221825e-01 7.656277186142017299e-02 7.767445920557269901e-02 1.364536615118227270e-01 9.719864630922772641e-02 5.773903353967017871e-02 2.402725017362193627e-02
1.133143876125485700e-01 9.422800434896963506e-02 8.568009147507316126e-02 5.960999899392397522e-02 7.823794407473308454e-02 1.395979218921624410e-01 7.508813805527522756e-02 4.608826396857296920e-02 4.292806184818571957e-02 4.283098313037677490e-02 7.150023822276624363e-02 1.508959663774120108e-01
6.192302711739443299e-02 4.795146110609765921e-02 5.654527912200110751e-02 8.440771150054332539e-02 1.153423676865163727e-01 1.336406589222746688e-01 1.398760502832573360e-01 7.907811878384464477e-02 7.058911599926830094e-02 8.280204941215553449e-02 5.716294929892235671e-02 7.068121076772436451e-02
1.342897582882150165e-01 1.337513371365451897e-01 1.050576439202662027e-01 5.785492811141123431e-02 4.521301700237427557e-02 2.537779679354713880e-02 1.999466626893367516e-02 1.918769128716562439e-02 4.656794075772807684e-02 1.068038764090628451e-01 1.941383387880682432e-01 1.117630052366829219e-01
4.477284642008737270e-02 8.536087381778263705e-02 1.054730585836733125e-01 9.973098543617824052e-02 9.788265948885663259e-02 9.227002619588298149e-02 1.365811990657830322e-01 1.305046524893361815e-01 1.081544740852471431e-01 4.979323345626228414e-02 2.524141303940423062e-02 2.423457792150597936e-02
7.615880667594329689e-02 5.590691742359276545e-02 4.969846913206611705e-02 7.284489146740052989e-02 1.016550881216106705e-01 8.101901283440338108e-02 8.484035503165240910e-02 9.517306562557314997e-02 7.264720336226010433e-02 9.033904197200268160e-02 1.246776473978533362e-01 9.503950095564199507e-02
7.166655724004093730e-02 4.174547345506861296e-02 4.212327925409604240e-02 5.854747933120432735e-02 7.186556219847230198e-02 9.358476113688884990e-02 9.992489425824485627e-02 1.080880806280235529e-01 6.874034437890021165e-02 8.945235545487922879e-02 8.384818188929563099e-02 1.704130307748856765e-01
9.724179650192592284e-02 8.262025266439225468e-02 6.002435385482420005e-02 5.632644713704444694e-02 6.998132695447070728e-02 5.349555375738895835e-02 5.310139738857289071e-02 7.390907662420093116e-02 8.699053880821543128e-02 1.579315626487707847e-01 1.250274589459792196e-01 8.335023471421439123e-02
6.817875263717323997e-02 5.329747462948551673e-02 6.859775244322702248e-02 7.572319471282812353e-02 1.190272526956519111e-01 1.398962259439549549e-01 1.013924518907546451e-01 4.674882782375816559e-02 5.425339575148182408e-02 6.260474673185087435e-02 1.146581446575447583e-01 9.562178008228910953e-02
4.197750161428236149e-02 6.083291474086306716e-02 9.256686147375547957e-02 1.524991983578145582e-01 4.670085250927204223e-02 6.208679971043379320e-02 1.191114819511127076e-01 1.079064521367246732e-01 1.087732838099899069e-01 7.656228331906614337e-02 8.019580990418988253e-02 5.078656047249524574e-02
7.172637912292936790e-02 9.191636592628724123e-02 7.648460846622466558e-02 9.057652912381497501e-02 1.103693889761939301e-01 9.878931651323585861e-02 9.281127647732993757e-02 9.263436857601174690e-02 8.562954617015125502e-02 7.716888738594773756e-02 5.144127124839534271e-02 6.045206201347783775e-02
4.411191994043773407e-02 4.385989844921177327e-02 6.936200437900894022e-02 7.953480774037693934e-02 1.118849833494418161e-01 1.111535094652491701e-01 6.585072853861535791e-02 7.160449494264931047e-02 1.062186033118178580e-01 1.380918671573140299e-01 9.504824002069911515e-02 6.327894270517825381e-02
7.983914592371657570e-02 7.186805028974123377e-02 7.975522415377855889e-02 1.111280586585881303e-01 5.275455690132145603e-02 6.312825075499241267e-02 1.122971568584683055e-01 5.392595030906446874e-02 5.640401245199244684e-02 1.013043198454845195e-01 1.250828427646804575e-01 9.251243108817167049e-02
1.160648884420928950e-01 7.555644108489610600e-02 6.815446005459872836e-02 1.346910840228345840e-01 8.265328833765400729e-02 3.296585226425785553e-02 2.281941443168900366e-02 4.145327018622112225e-02 7.281756543296558082e-02 8.063216497586750409e-02 1.304416470486087776e-01 1.417499237183141858e-01
3.787260356708799236e-02 4.855214262844601003e-02 6.694197479901245473e-02 1.192166299575590921e-01 1.172439205404757073e-01 1.161445332037791128e-01 1.149523811737710871e-01 8.016505089877337675e-02 8.318675085018256699e-02 9.812425383952878832e-02 6.000280133603037858e-02 5.759695720535364799e-02
1.511699571180943058e-01 1.077406988295766949e-01 6.389775810860143235e-02 4.949027470647628102e-02 4.932123366021919086e-02 4.847045402815421122e-02 8.176492754601863422e-02 1.592149699004736796e-01 1.096287575562447103e-01 2.609895886702223375e-02 3.384334895555315970e-02 1.193586607235658376e-01
6.567652748709368327e-02 1.216769707468713657e-01 1.478747337149238783e-01 1.284681625949128936e-01 7.216405253165725231e-02 2.952166312814297894e-02 1.983919251615769153e-02 2.488793892767622584e-02 4.909192336911410298e-02 8.509190736691704671e-02 1.267124940647330888e-01 1.289944335518002083e-01
3.535662408330472739e-02 9.141564094820336939e-02 1.418863019677600867e-01 7.487839943082000294e-02 8.020837100994587798e-02 6.281069384474699535e-02 7.901773055975472304e-02 1.363556032407400309e-01 9.719126090842525323e-02 7.376779439545157191e-02 8.279312716199330180e-02 4.431845244885437851e-02
7.083152011006274562e-02 5.827138611437472637e-02 4.605139004989514118e-02 6.976608499498003491e-02 1.245291519809504505e-01 1.273231953456112620e-01 7.545502998486892932e-02 8.298032794390622358e-02 8.931366649004943148e-02 9.787030022485410097e-02 7.638457187789587932e-02 8.122337488255107485e-02
1.300311924460100244e-01 9.525104363578415501e-02 6.192124735596255675e-02 4.192590228421393811e-02 9.896477709788961685e-02 8.714092598638242815e-02 1.249240747319839140e-01 9.945410507500723751e-02 6.501781435980862056e-02 5.773824684054545964e-02 5.201626823161308727e-02 8.561440195479926019e-02
8.129288871722653576e-02 1.034153175277547909e-01 2.378119516690737067e-01 1.213620349173373941e-01 4.260106482505785636e-02 1.858919186885561736e-02 1.536380513399183620e-02 2.060797210932826043e-02 3.734988569293760940e-02 5.054114243306707943e-02 1.704345914670927220e-01 1.006301536382765149e-01
1.098904189224820249e-01 6.721630670893505299e-02 5.312434809543080394e-02 8.771794113508789292e-02 1.294185859497955504e-01 1.352628040250798414e-01 1.125239713717898216e-01 1.114062732167053760e-01 4.088485865828056509e-02 3.827855606095120766e-02 3.591046381920943303e-02 7.836547203625260360e-02
6.141614856793980309e-02 6.695833839879031246e-02 7.506042975602535139e-02 7.797237335192742924e-02 4.552260205103756535e-02 5.746594108233753218e-02 5.428679209074107476e-02 5.924134654325838995e-02 8.890711072946499982e-02 1.374873997296974237e-01 1.791924398830840870e-01 9.648907781569611430e-02
1.556769537210799248e-01 1.087331708928013507e-01 6.305387705274845267e-02 5.234153227407883913e-02 6.922125173213387883e-02 7.632209705036221981e-02 6.005040338696310265e-02 5.444042035077119313e-02 5.395919620002247175e-02 9.538476866282638578e-02 8.444168794214904072e-02 1.263746407340631261e-01
7.328670414630367169e-02 1.383561215861492943e-01 1.603449006546632249e-01 8.156757458163993446e-02 5.592240382135008764e-02 6.633068707826088317e-02 1.023857174357226535e-01 7.367671326000981014e-02 5.095771725149175757e-02 5.950511741234281587e-02 6.933739012530906742e-02 6.832895264675681313e-02
3.437405924920872158e-02 2.243657839262663128e-02 3.461302725504022265e-02 8.923215993656970213e-02 1.494904437147499543e-01 8.810003535520344320e-02 1.197661583758569681e-01 1.068801339089564123e-01 1.175401550953280583e-01 6.914390020453868579e-02 9.630832701566377496e-02 7.211502149625728664e-02
4.781120579820496291e-02 7.387858502780077219e-02 1.707593284855078997e-01 1.699078468390549379e-01 6.578437616143074929e-02 3.395807189968921835e-02 4.112433469100341965e-02 6.511556092232650972e-02 1.051725228840696552e-01 6.886580709863385219e-02 1.038214590044810315e-01 5.380090118779720654e-02
1.381909400887723627e-01 1.248448251858618185e-01 1.091543274209486741e-01 1.147793115870969771e-01 7.779145609875429135e-02 4.335953338776402793e-02 3.741086622948017193e-02 4.271142274573078157e-02 5.144072159283984147e-02 4.944602774201463380e-02 5.637212576231925842e-02 1.544984421584173484e-01
4.696793703155133920e-02 5.384999802932462221e-02 7.050059380029860545e-02 1.815743462631854155e-01 1.023207895922169652e-01 9.007854307552801143e-02 1.241950913870630696e-01 8.474309549501130023e-02 7.230132939664278557e-02 5.620603679951318571e-02 5.124632060195537936e-02 6.601591852770939683e-02
1.243845206668515585e-01 5.718856571512952180e-02 2.197821867025699996e-02 3.061791640025469594e-02 6.077110722288442402e-02 5.245987286776421232e-02 8.884455962033260823e-02 1.113949457470402304e-01 9.618097743454134818e-02 7.750414580626588390e-02 9.434066811785912776e-02 1.843345017308196110e-01
6.275470229553838097e-02 5.658509534986174566e-02 7.685541373613613558e-02 6.747758799521656747e-02 9.484415968392055640e-02 1.219555041769584264e-01 7.968823605431266111e-02 1.156776859239510846e-01 1.105798925956661682e-01 8.005972030201671807e-02 6.928279443446319630e-02 6.423920745195835225e-02
3.018700897942148964e-02 5.474541261001714815e-02 1.007917521808318895e-01 9.804880871284731014e-02 1.007105358399934536e-01 1.058147386023490510e-01 8.749168535578902284e-02 6.548681863173339002e-02 5.877546685649823188e-02 1.375841298688503800e-01 1.142200133712204524e-01 4.614362899044825717e-02
3.040560646818712270e-02 1.593115274280868660e-02 1.349721099840873323e-02 1.875667927939392993e-02 3.743943061250908089e-02 8.434308572260609815e-02 1.221616232655122758e-01 1.680063170814828921e-01 1.522033321286798691e-01 1.307581302511253984e-01 1.321472193059374522e-01 9.435021214334850248e-02
1.171611268373978498e-01 6.322860048053874360e-02 6.271990817335451607e-02 3.221045902034169739e-02 3.726424526863418574e-02 3.070701157908180962e-02 7.198139316664885212e-02 2.154446056244081753e-01 1.372895933572330640e-01 9.760272128477529008e-02 5.603868296318029185e-02 7.835165224440568399e-02
7.533909007814602876e-02 6.447265472122129526e-02 7.584862011078177813e-02 7.459841948984519133e-02 1.058602944772183974e-01 8.588346966088050705e-02 5.311034815992223684e-02 8.719535797814231826e-02 1.265722760316840001e-01 7.032411854888354075e-02 7.196225681014944975e-02 1.088330939331249858e-01
8.462383973301138007e-02 1.163618957471501680e-01 1.839407838665049200e-01 1.241993015014220270e-01 1.848508651914979040e-01 1.017480553184085534e-01 5.675609656255413416e-02 2.919261097692311263e-02 2.177310797843602652e-02 1.878556648143439589e-02 2.974275637974746478e-02 4.802512026291025360e-02
5.045578825467966766e-02 3.636745187298098814e-02 2.986861841242505200e-02 4.408614096273739957e-02 7.454441572627651391e-02 1.122887393290426250e-01 1.571324286111256407e-01 9.103661750811065101e-02 7.649685293939373354e-02 1.657110495263361405e-01 8.737561715139893770e-02 7.463627970549269186e-02
4.588031274185337682e-02 2.025794801163516637e-02 6.941883540565507542e-03 1.382002089562759696e-02 4.707083613991092791e-02 1.103605250211869837e-01 2.507416242784604732e-01 1.095685204032991050e-01 7.734169721722411461e-02 1.683514540442560548e-01 9.194378767080975401e-02 5.772139003517091221e-02
8.195884718199136776e-02 1.178459336179708133e-01 4.549180767824190230e-02 4.335553862074518344e-02 4.607281875424096979e-02 5.506978251489654669e-02 4.983905174992338261e-02 4.274886811363742822e-02 8.426372984326932492e-02 1.539438243457225963e-01 1.305723634202281547e-01 1.488374341591323924e-01
5.753707800094902403e-02 6.410046856371767743e-02 1.216162439059532419e-01 9.988984624724381312e-02 5.484840970592497200e-02 3.966220314618279508e-02 5.748064947544650333e-02 1.360946037147472421e-01 1.527360559912874782e-01 8.022799226861943023e-02 5.562325879799966122e-02 8.018319018192807124e-02
1.385187026826170675e-01 1.490454587419125787e-01 1.124016520414140990e-01 9.689067468948364681e-02 6.209005704651295032e-02 4.341082602931901901e-02 3.442812787904925287e-02 4.627445253766430261e-02 5.990640433611024718e-02 6.365609947391094592e-02 9.001281340413405663e-02 1.033647311378718125e-01
4.525334949662206119e-02 7.300780684067526005e-02 4.384643587266476294e-02 5.277350553408184652e-02 1.100358005724418053e-01 8.386241070203789838e-02 9.676706947013775928e-02 1.111597659089495899e-01 1.283190683539415511e-01 1.531587633876287935e-01 6.463871923259581487e-02 3.717730462822316229e-02
6.935987148536307267e-02 7.376686682534708273e-02 7.147854578206723486e-02 4.973908174466099702e-02 4.432325933503863946e-02 6.421676328688084856e-02 6.008480743524304696e-02 8.737332692263304057e-02 8.518349781495301865e-02 1.236610504088528906e-01 1.660343257487397195e-01 1.047786032102206721e-01
7.750789452280737457e-02 6.468193654018972172e-02 4.995985920391875917e-02 6.425623985065057053e-02 8.915929303376338155e-02 1.402395543696861591e-01 9.516157152115785334e-02 1.151184175284067079e-01 5.691951661578679988e-02 4.208100111268617272e-02 7.355878950069397182e-02 1.313559262002528538e-01
3.299193050782275871e-02 3.544403126527236741e-02 2.448091149512244755e-02 3.645699637627704270e-02 6.371469768240092812e-02 8.728238425219875252e-02 9.862349622053337428e-02 8.953171503996162905e-02 1.044418222776801464e-01 1.691582563592625987e-01 1.991993620113348129e-01 5.867439651213308960e-02
3.053419832080901328e-02 4.682655956996707725e-02 8.946704762467758143e-02 2.310477771851450202e-01 1.504437047248725345e-01 9.239249617809723591e-02 1.134474619729596290e-01 8.554872347876205096e-02 4.133334764252451915e-02 3.947265852739410830e-02 4.328543017542966359e-02 3.620059459936145196e-02
1.009063710080770476e-01 9.797998019308998274e-02 1.153325016668188679e-01 1.258027903524503721e-01 8.302936715293421366e-02 3.665080508308417306e-02 2.532964017548048480e-02 1.571128862123438372e-02 1.874468823320833699e-02 5.832233226169980522e-02 1.873812901613205462e-01 1.348089450906016229e-01
5.424250868309377083e-02 5.197042428761225463e-02 8.416954599291540107e-02 4.615061312407368888e-02 8.127944326353224447e-02 6.164505283577693950e-02 7.631336296511802286e-02 8.720384780557081938e-02 1.178281808108228301e-01 1.433497060348861707e-01 1.242003423581525268e-01 7.164697183844551120e-02
1.154421776817948359e-01 9.631655658994983660e-02 8.670167140180193299e-02 4.331278474870730449e-02 3.976590786596409521e-02 2.987320430609808133e-02 7.586059562935427991e-02 1.841948873026855171e-01 1.131821724406028851e-01 7.141484905011251383e-02 6.002301098774348587e-02 8.391218199518521437e-02
2.489371522740990023e-02 4.092131236484333051e-02 5.692559233976537958e-02 9.927885672866165745e-02 1.242192962866123240e-01 1.226937351702458573e-01 1.215164654605268429e-01 1.167200505120790377e-01 1.073963008330076213e-01 1.083297593343582887e-01 5.132605058757126748e-02 2.577886515491834007e-02
5.226012129959038688e-02 9.038339444827554747e-02 1.488211288410088429e-01 7.307202828982194143e-02 4.453471312661863579e-02 3.784475016525667285e-02 5.599926498555722609e-02 6.309853500824846861e-02 7.308980603267434262e-02 1.360144181670657759e-01 1.344946823135753644e-01 9.038715732230692690e-02
6.750754907021058737e-02 6.544784511262632942e-02 6.437236112585838221e-02 9.711942036288227775e-02 1.114145713281572969e-01 9.227389582635456278e-02 8.741052124184452154e-02 9.171540470742597928e-02 8.344692099706602084e-02 1.098526303808182170e-01 7.251088744432350464e-02 5.692799240243231335e-02
5.009602352624532851e-02 2.725396193488978380e-02 1.962663636321726121e-02 1.970255483994984291e-02 5.661650142396604246e-02 1.495354122372593852e-01 1.323163405061745235e-01 1.064065709090822459e-01 7.326864344561079267e-02 1.192489774568404881e-01 1.621867621820980987e-01 8.374161517466627291e-02
1.317774738335274198e-01 1.064343693139524205e-01 7.018538507311564145e-02 4.404357545760520520e-02 4.443388580100389451e-02 4.610478135891359075e-02 3.599291101522762715e-02 5.198527196087038282e-02 7.566102444704238261e-02 1.290558719496198159e-01 1.506691580440653044e-01 1.136562917450565646e-01
1.702774953645969785e-02 3.867981034541724539e-02 1.174655646815426363e-01 1.815217711652883370e-01 1.073652823255950572e-01 1.104936916854122320e-01 1.570051881018825757e-01 1.180763024601508004e-01 7.650069743989182380e-02 3.752447701642420280e-02 2.355547283834867611e-02 1.478399240358692010e-02
7.801316514385753242e-02 7.512634853695059067e-02 1.276674990805600207e-01 1.049013351656447463e-01 5.349382484066181331e-02 4.452930581365461410e-02 8.344779803380333871e-02 1.148300791901651075e-01 6.937720349987483437e-02 8.795788925918845980e-02 8.571993551549980661e-02 7.493561592013890660e-02
4.134430611370835951e-02 7.013487956972049020e-02 7.904500541724814033e-02 1.137622390261095601e-01 1.473660566945011463e-01 9.636433566858806921e-02 9.487160767175101261e-02 1.051046751766653853e-01 9.908294458731843612e-02 5.126448747025814240e-02 5.421155477336195294e-02 4.744790783076931195e-02
8.280985339165045089e-02 7.658223018586042541e-02 7.793472855506301811e-02 4.455971802453485842e-02 3.701813572741928515e-02 5.620146171382213451e-02 7.932801040008613525e-02 1.723607662043995514e-01 8.012107297656756444e-02 8.422837361263255107e-02 1.029361763884034803e-01 1.059194728195608087e-01
1.096455575179901276e-01 8.433841843175360342e-02 6.559429946928596600e-02 7.791503301495250611e-02 7.086102492677302800e-02 8.392762125229535908e-02 1.111863520283633833e-01 7.733150887179104926e-02 5.329592644368891935e-02 6.184823826167555605e-02 1.155034255149696154e-01 8.855259426646117094e-02
9.532434501114099568e-02 1.129134337439598595e-01 1.070181430975660625e-01 7.783479646949137409e-02 1.207459476862405845e-01 1.146755106767304300e-01 5.968087279959786301e-02 8.031363366161989314e-02 6.469137759426830947e-02 5.112033283363157793e-02 5.765811944892541840e-02 5.802348697682799955e-02
9.260687610935118552e-02 5.906207802337606894e-02 5.843454356587901577e-02 6.841545362230608274e-02 9.692576676058195506e-02 1.100076950305899082e-01 8.703561816500526849e-02 7.273737217125893217e-02 6.028858406686359028e-02 6.688319703808989769e-02 1.062268920236874997e-01 1.213759234230107620e-01
9.722249204329254380e-02 9.342124048965597116e-02 1.001891858907655308e-01 7.302636315820472401e-02 4.387656349748170204e-02 2.891416463542651610e-02 2.803496292436374882e-02 3.299448215661637124e-02 7.113902258025341097e-02 1.845177228132071079e-01 1.459929641857131144e-01 1.006708356250196335e-01
3.628465258490386203e-02 8.826613068497307646e-02 1.501183479597803794e-01 1.087099599733620525e-01 7.471292990461327055e-02 6.674121136232290252e-02 5.652182944443751716e-02 7.945948768719561517e-02 9.506760030699437647e-02 1.233331273672956668e-01 8.347817281044450644e-02 3.730654991367692019e-02
8.028818933005732461e-02 1.277549352109131897e-01 1.516012160877885095e-01 7.345589280601022564e-02 7.330236926136969589e-02 5.910527821401417858e-02 6.339721860800436037e-02 4.479550104807229760e-02 5.611027416724457401e-02 9.008725856339799831e-02 8.855929473589081724e-02 9.154257196723676604e-02
8.243534075769747005e-02 8.141362910594301949e-02 6.496126140770129564e-02 4.914470033058344206e-02 3.355508968855533403e-02 7.885985408255233309e-02 1.253206968771020668e-01 1.789434952675545143e-01 1.047712601619073536e-01 6.374253474880714476e-02 7.279428818551353375e-02 6.405784938608238832e-02
7.032289630845622863e-02 5.528892067425514312e-02 4.821399129459738586e-02 3.999953569454614555e-02 3.134504517730731660e-02 4.071954305870612023e-02 4.685190510206697911e-02 7.000269241689928423e-02 1.046897330821512928e-01 1.665632258071834959e-01 1.826767148281463471e-01 1.433257965556846147e-01
5.106238618104465277e-02 5.560769019887863707e-02 5.840387769001581519e-02 6.842246643507671200e-02 1.192937232057204172e-01 1.470515609376076283e-01 6.576292437541485236e-02 3.610544403630218391e-02 6.254068915267782525e-02 1.059762671004595147e-01 9.836692019958162558e-02 1.314060504872205382e-01
1.081415581610889742e-01 1.232434609586623153e-01 8.544540675235050287e-02 4.947266089003748285e-02 5.987515621218195139e-02 6.010304780106316691e-02 4.991027479832626373e-02 4.622674597527290374e-02 8.416958341948878319e-02 8.102710143175530233e-02 1.083180147064389531e-01 1.440669888933335807e-01
1.075486582294475219e-01 1.520468785824542757e-01 1.425418663879551018e-01 9.652866664737297375e-02 5.130796101176738483e-02 5.652887939449106891e-02 4.016706768665808530e-02 3.906645288204284305e-02 5.739062185658618670e-02 8.339484475909408889e-02 9.673460896895676175e-02 7.674349359317360342e-02
5.257381575510092220e-02 9.125641345578328067e-02 1.405900536101608589e-01 8.556371021813716227e-02 6.338528602935888934e-02 7.093435668060611710e-02 8.098541698670659594e-02 7.865566144422747596e-02 9.761897360126896295e-02 1.069921606586362595e-01 7.521914092615393510e-02 5.622501063385958175e-02
6.405462817055901370e-02 6.719235641990140007e-02 1.259179075796922342e-01 1.413567455875938128e-01 7.787291023395226386e-02 3.339152137983820295e-02 5.660123100763560233e-02 5.011670606413649864e-02 7.792723736456415307e-02 1.525219026082073881e-01 8.345594089303670637e-02 6.959091269088277243e-02
1.001871650221885651e-01 1.245104320235935480e-01 7.458121560503061520e-02 5.932243538616450290e-02 3.714233780913673427e-02 2.570085558492580385e-02 3.901369743846548610e-02 5.285832551316126116e-02 6.467730993070025525e-02 1.682966453674863971e-01 1.088349219956768477e-01 1.448746583234699070e-01
4.156327714880125174e-02 1.178957970397502691e-01 1.715978257253541472e-01 8.077563178946207956e-02 8.126955786521448954e-02 6.761994399028357916e-02 8.387043216142903157e-02 9.756081353837556258e-02 7.341306545374028103e-02 6.756047821444083334e-02 7.542323446264445619e-02 4.144994261050418544e-02
1.162566719361773082e-01 9.850360078106851214e-02 9.755924221133945029e-02 6.509154229599163621e-02 5.106255317753120859e-02 4.549596116554568970e-02 5.200959476312321667e-02 6.607527263681221841e-02 8.719221585338771119e-02 6.358828384834525060e-02 1.065662805311777539e-01 1.505987807995000094e-01
1.560176811145870257e-01 1.122486042789246630e-01 6.771226577621952680e-02 8.885000536364962009e-02 1.547778872778045323e-01 1.070114632884595351e-01 5.056933042722823457e-02 4.076601044604588608e-02 5.621374603723534175e-02 5.558652843617149092e-02 4.140345237791411698e-02 6.884302517576060265e-02
1.249736136920319152e-01 2.431113421831981869e-01 1.188843486584136577e-01 5.448450472613986656e-02 5.431867957449865170e-02 4.324873933427582362e-02 5.029056488257944990e-02 5.694715756706247162e-02 6.237102685895800497e-02 5.704061520759486081e-02 5.710608550451864995e-02 7.722332181072871782e-02
8.156810642262164734e-02 1.052145916548415661e-01 7.003246898061840642e-02 9.328726330707592940e-02 7.378720474197097978e-02 3.477531780697025454e-02 5.071769895218149193e-02 1.431469323296752916e-01 1.485357075387951087e-01 1.060061660308410647e-01 5.591649701910905018e-02 3.701204521529902203e-02
4.233068938011631116e-02 5.485150274936375497e-02 6.957960365894490240e-02 8.082675567308497677e-02 7.900132194896769544e-02 1.072220930428798846e-01 6.291342143786374241e-02 6.449717042691401059e-02 1.164204391927120552e-01 1.942368287232635327e-01 8.635800192827035315e-02 4.176217183761879448e-02
3.361883191864425274e-02 1.835281958045897888e-02 1.332317358803400062e-02 3.488792339962883821e-02 7.863068103180928525e-02 8.654570325311664036e-02 1.474627404362507388e-01 1.362916823289687107e-01 1.567108750546075679e-01 1.309123922433299003e-01 1.059712910614385856e-01 5.729188610371269141e-02
