1.040041586679781582e-01 1.440387755934746106e-01 9.723597292064779796e-02 6.296273105455035823e-02 4.594009573707683730e-02 3.951158953529622375e-02 5.171381026553943661e-02 5.866061145625578455e-02 5.704182059798137278e-02 5.646906849658223093e-02 4.730164730191002698e-02 6.616910059204986205e-02
1.440387755934746106e-01 2.026271216906868622e-01 1.364405941002751477e-01 8.723582777278077183e-02 6.192830487550110563e-02 5.105121454839658263e-02 6.444905391289887375e-02 7.186509815851901961e-02 6.989079888281497788e-02 7.045307548228764427e-02 6.153206225124235179e-02 8.962493347105604524e-02
9.723597292064779796e-02 1.364405941002751477e-01 9.298198358262213525e-02 6.035108384940106319e-02 4.388221247593722396e-02 3.737733822344511958e-02 4.843196094554852449e-02 5.450050430779679322e-02 5.264505218824112875e-02 5.192534711635610201e-02 4.362027070581536714e-02 6.138642298184149998e-02
6.296273105455035823e-02 8.723582777278077183e-02 6.035108384940106319e-02 4.084478872356393092e-02 3.171577324470499504e-02 2.936429489876114102e-02 4.045365467090942385e-02 4.655913678012068430e-02 4.451984597261380433e-02 4.206005187102503096e-02 3.231599519489104788e-02 4.152844301899369372e-02
4.594009573707683730e-02 6.192830487550110563e-02 4.388221247593722396e-02 3.171577324470499504e-02 2.755370591145487116e-02 2.873156861147511260e-02 4.263455469112341356e-02 5.035049711753804974e-02 4.771017440704496126e-02 4.304055508107995642e-02 2.954714399733251312e-02 3.291762390742022232e-02
3.951158953529622375e-02 5.105121454839658263e-02 3.737733822344511958e-02 2.936429489876114102e-02 2.873156861147511260e-02 3.358829227458125927e-02 5.291586030634696375e-02 6.373446754894750155e-02 6.009652962670791049e-02 5.251604863546495416e-02 3.290750731389409378e-02 3.160312658891283044e-02
5.171381026553943661e-02 6.444905391289887375e-02 4.843196094554852449e-02 4.045365467090942385e-02 4.263455469112341356e-02 5.291586030634696375e-02 8.609619862684880776e-02 1.047878155300032699e-01 9.868765734639672882e-02 8.506414323319094750e-02 5.097549622854454648e-02 4.484090424028103899e-02
5.866061145625578455e-02 7.186509815851901961e-02 5.450050430779679322e-02 4.655913678012068430e-02 5.035049711753804974e-02 6.373446754894750155e-02 1.047878155300032699e-01 1.285921826997120654e-01 1.213943333769275795e-01 1.043587326840365870e-01 6.166613668177967772e-02 5.257722185446264684e-02
5.704182059798137278e-02 6.989079888281497788e-02 5.264505218824112875e-02 4.451984597261380433e-02 4.771017440704496126e-02 6.009652962670791049e-02 9.868765734639672882e-02 1.213943333769275795e-01 1.155004887709471795e-01 9.984114973745644717e-02 5.926362615276024870e-02 5.087399789772248382e-02
5.646906849658223093e-02 7.045307548228764427e-02 5.192534711635610201e-02 4.206005187102503096e-02 4.304055508107995642e-02 5.251604863546495416e-02 8.506414323319094750e-02 1.043587326840365870e-01 9.984114973745644717e-02 8.776350951779310350e-02 5.346568514405242167e-02 4.816560905716046892e-02
4.730164730191002698e-02 6.153206225124235179e-02 4.362027070581536714e-02 3.231599519489104788e-02 2.954714399733251312e-02 3.290750731389409378e-02 5.097549622854454648e-02 6.166613668177967772e-02 5.926362615276024870e-02 5.346568514405242167e-02 3.530097368824159504e-02 3.628924088413718746e-02
6.616910059204986205e-02 8.962493347105604524e-02 6.138642298184149998e-02 4.152844301899369372e-02 3.291762390742022232e-02 3.160312658891283044e-02 4.484090424028103899e-02 5.257722185446264684e-02 5.087399789772248382e-02 4.816560905716046892e-02 3.628924088413718746e-02 4.514659584557006999e-02
1.459629962278236603e-01 1.148696920078587647e-01 9.313229874388512242e-02 9.900454739385894376e-02 6.867061439098172404e-02 7.482825183654025214e-02 8.236816119474531239e-02 7.707076045620633864e-02 7.720162315150892740e-02 6.484768532312787381e-02 7.928955982364228883e-02 1.138424173657281713e-01
1.148696920078587647e-01 9.268483374051877943e-02 7.706153938060195108e-02 8.350678536197271573e-02 5.822212009645197361e-02 6.346817561178150213e-02 6.940562501194204315e-02 6.410755272336629562e-02 6.319337321261303542e-02 5.210209973616121426e-02 6.262543638714652972e-02 8.927736538282721179e-02
9.313229874388512242e-02 7.706153938060195108e-02 6.783229716763562733e-02 7.694524616126628691e-02 5.504203779692638798e-02 6.126931314512261417e-02 6.711080721361763202e-02 6.091594964189290390e-02 5.824862645614083123e-02 4.587431015853012106e-02 5.248252465256269400e-02 7.277542994212185534e-02
9.900454739385894376e-02 8.350678536197271573e-02 7.694524616126628691e-02 9.215359999446681716e-02 6.815614250574213162e-02 7.811658368001481167e-02 8.627345648449899485e-02 7.741116169960982063e-02 7.209861127192591923e-02 5.418944374195212854e-02 5.855212629371470134e-02 7.827551177956917905e-02
6.867061439098172404e-02 5.822212009645197361e-02 5.504203779692638798e-02 6.815614250574213162e-02 5.341618256133366660e-02 6.445299556902626958e-02 7.277542385183022322e-02 6.521954191853321370e-02 5.964208531445261419e-02 4.290469259165947957e-02 4.355148033911301897e-02 5.553426435445287662e-02
7.482825183654025214e-02 6.346817561178150213e-02 6.126931314512261417e-02 7.811658368001481167e-02 6.445299556902626958e-02 8.232873037752755363e-02 9.525553763708133337e-02 8.558446161537022756e-02 7.729051682449597505e-02 5.361125960209198876e-02 5.132347162923277945e-02 6.222474287410952737e-02
8.236816119474531239e-02 6.940562501194204315e-02 6.711080721361763202e-02 8.627345648449899485e-02 7.277542385183022322e-02 9.525553763708133337e-02 1.126673833308014516e-01 1.019811006440025092e-01 9.201196786160031893e-02 6.300464473561057099e-02 5.886678509113891372e-02 6.965452161413958343e-02
7.707076045620633864e-02 6.410755272336629562e-02 6.091594964189290390e-02 7.741116169960982063e-02 6.521954191853321370e-02 8.558446161537022756e-02 1.019811006440025092e-01 9.376879679178967697e-02 8.545404960486213675e-02 5.885738581666829367e-02 5.526818141605693846e-02 6.546555669899618846e-02
7.720162315150892740e-02 6.319337321261303542e-02 5.824862645614083123e-02 7.209861127192591923e-02 5.964208531445261419e-02 7.729051682449597505e-02 9.201196786160031893e-02 8.545404960486213675e-02 7.949956463524376904e-02 5.591714924024683564e-02 5.396726594754963635e-02 6.522508710073546268e-02
6.484768532312787381e-02 5.210209973616121426e-02 4.587431015853012106e-02 5.418944374195212854e-02 4.290469259165947957e-02 5.361125960209198876e-02 6.300464473561057099e-02 5.885738581666829367e-02 5.591714924024683564e-02 4.132278099348349332e-02 4.248828339601899706e-02 5.379990289545195925e-02
7.928955982364228883e-02 6.262543638714652972e-02 5.248252465256269400e-02 5.855212629371470134e-02 4.355148033911301897e-02 5.132347162923277945e-02 5.886678509113891372e-02 5.526818141605693846e-02 5.396726594754963635e-02 4.248828339601899706e-02 4.781905356359304748e-02 6.426552275456112739e-02
1.138424173657281713e-01 8.927736538282721179e-02 7.277542994212185534e-02 7.827551177956917905e-02 5.553426435445287662e-02 6.222474287410952737e-02 6.965452161413958343e-02 6.546555669899618846e-02 6.522508710073546268e-02 5.379990289545195925e-02 6.426552275456112739e-02 9.054378061578245707e-02
1.028544160469918589e-01 1.033138506880533214e-01 1.112708375585055309e-01 9.184402541277320031e-02 8.761461513925840328e-02 7.167390259228452465e-02 6.360764894043073603e-02 7.097068118816343696e-02 7.057454422281381201e-02 6.681116988823233849e-02 6.387355826089864685e-02 7.523550608431898989e-02
1.033138506880533214e-01 1.086705222515350067e-01 1.205853822297623668e-01 9.937620322434490006e-02 9.296985681686803504e-02 7.388090406404802801e-02 6.360884423654247777e-02 6.946039857138555651e-02 6.839997635135089404e-02 6.461632133362292529e-02 6.212152413650186278e-02 7.411510291631531744e-02
1.112708375585055309e-01 1.205853822297623668e-01 1.417344414587735357e-01 1.193653514283008893e-01 1.117672136352673290e-01 8.714141487419801990e-02 7.297507428244817684e-02 7.777643663275127239e-02 7.533738122271638193e-02 7.028133100957248414e-02 6.691401105752572964e-02 7.945439212923366412e-02
9.184402541277320031e-02 9.937620322434490006e-02 1.193653514283008893e-01 1.075623504872567637e-01 1.049279777767721245e-01 8.258323446894468012e-02 6.878604129288920510e-02 7.244666132773999734e-02 6.906031060035937308e-02 6.304765477696307185e-02 5.827607646006880554e-02 6.702184034227971765e-02
8.761461513925840328e-02 9.296985681686803504e-02 1.117672136352673290e-01 1.049279777767721245e-01 1.090853456417599232e-01 8.817901770786606974e-02 7.433758605912213491e-02 7.843745603225293905e-02 7.415822163275848089e-02 6.651298991886826772e-02 5.965322038517647391e-02 6.603566344686997991e-02
7.167390259228452465e-02 7.388090406404802801e-02 8.714141487419801990e-02 8.258323446894468012e-02 8.817901770786606974e-02 7.440222499741536155e-02 6.455469724884922711e-02 6.922733979382886260e-02 6.565304408766481359e-02 5.851022023650966075e-02 5.156989462246304445e-02 5.556931932972576649e-02
6.360764894043073603e-02 6.360884423654247777e-02 7.297507428244817684e-02 6.878604129288920510e-02 7.433758605912213491e-02 6.455469724884922711e-02 5.820941849500077536e-02 6.389117092311452639e-02 6.112560151393930941e-02 5.448197274192499023e-02 4.760378815764282345e-02 5.041437220147473863e-02
7.097068118816343696e-02 6.946039857138555651e-02 7.777643663275127239e-02 7.244666132773999734e-02 7.843745603225293905e-02 6.922733979382886260e-02 6.389117092311452639e-02 7.171868375443193888e-02 6.930279367652220079e-02 6.200616749113013054e-02 5.410296054250826603e-02 5.690949400479752146e-02
7.057454422281381201e-02 6.839997635135089404e-02 7.533738122271638193e-02 6.906031060035937308e-02 7.415822163275848089e-02 6.565304408766481359e-02 6.112560151393930941e-02 6.930279367652220079e-02 6.774599463495206697e-02 6.107450596164232248e-02 5.360376743380509262e-02 5.660741447766673429e-02
6.681116988823233849e-02 6.461632133362292529e-02 7.028133100957248414e-02 6.304765477696307185e-02 6.651298991886826772e-02 5.851022023650966075e-02 5.448197274192499023e-02 6.200616749113013054e-02 6.107450596164232248e-02 5.578327041895080052e-02 4.962309274862487796e-02 5.312056193190380082e-02
6.387355826089864685e-02 6.212152413650186278e-02 6.691401105752572964e-02 5.827607646006880554e-02 5.965322038517647391e-02 5.156989462246304445e-02 4.760378815764282345e-02 5.410296054250826603e-02 5.360376743380509262e-02 4.962309274862487796e-02 4.527671678751098161e-02 4.978916031389357677e-02
7.523550608431898989e-02 7.411510291631531744e-02 7.945439212923366412e-02 6.702184034227971765e-02 6.603566344686997991e-02 5.556931932972576649e-02 5.041437220147473863e-02 5.690949400479752146e-02 5.660741447766673429e-02 5.312056193190380082e-02 4.978916031389357677e-02 5.695661502542097299e-02
4.320787873960267589e-02 5.161018114925591121e-02 6.913115584772762390e-02 7.620100453451587874e-02 6.127692673254668543e-02 3.635997620008933617e-02 4.790376573548194017e-02 5.873756661615987112e-02 5.247910640182396058e-02 4.956752734520831344e-02 4.291343672515856439e-02 4.032122456720837328e-02
5.161018114925591121e-02 6.680700178597137606e-02 9.500469784007203877e-02 1.063617344776268681e-01 8.185725882750066740e-02 4.447472841874250404e-02 5.330986875077163567e-02 6.308687669154701416e-02 5.592262298404200582e-02 5.298566230618002859e-02 4.661546597902162942e-02 4.538854299280497412e-02
6.913115584772762390e-02 9.500469784007203877e-02 1.442349601162694894e-01 1.651345904993584690e-01 1.235067941967425698e-01 6.248203241499199201e-02 6.839411966596110892e-02 7.778788456527169215e-02 6.820085112074558698e-02 6.466896111816577974e-02 5.767436728734467305e-02 5.791763520490880723e-02
7.620100453451587874e-02 1.063617344776268681e-01 1.651345904993584690e-01 1.990021536129041868e-01 1.490005626190750998e-01 7.328082677272741707e-02 7.700122062062834949e-02 8.570735892115761978e-02 7.445184254990347417e-02 7.028171339998647016e-02 6.266500881853016847e-02 6.320750189691295984e-02
6.127692673254668543e-02 8.185725882750066740e-02 1.235067941967425698e-01 1.490005626190750998e-01 1.174697008074986337e-01 6.025030267253381200e-02 6.686607506939622192e-02 7.611717840099492538e-02 6.627672686855064221e-02 6.214832829855751473e-02 5.444358695071369048e-02 5.314470484708883058e-02
3.635997620008933617e-02 4.447472841874250404e-02 6.248203241499199201e-02 7.328082677272741707e-02 6.025030267253381200e-02 3.460349483428178108e-02 4.353748007665531744e-02 5.203999203791316586e-02 4.578415821824236009e-02 4.271810562390140897e-02 3.658259274032986397e-02 3.401842553801993907e-02
4.790376573548194017e-02 5.330986875077163567e-02 6.839411966596110892e-02 7.700122062062834949e-02 6.686607506939622192e-02 4.353748007665531744e-02 6.204337557995431851e-02 7.727570549320353366e-02 6.858040837808085377e-02 6.378483978994579917e-02 5.370471761653741044e-02 4.802167668640981713e-02
5.873756661615987112e-02 6.308687669154701416e-02 7.778788456527169215e-02 8.570735892115761978e-02 7.611717840099492538e-02 5.203999203791316586e-02 7.727570549320353366e-02 9.799826276840417627e-02 8.736470658856571037e-02 8.127352720952654708e-02 6.813721922986798463e-02 6.023071517528640062e-02
5.247910640182396058e-02 5.592262298404200582e-02 6.820085112074558698e-02 7.445184254990347417e-02 6.627672686855064221e-02 4.578415821824236009e-02 6.858040837808085377e-02 8.736470658856571037e-02 7.822090074246568214e-02 7.291963903682077697e-02 6.117035230851668864e-02 5.401787793351088551e-02
4.956752734520831344e-02 5.298566230618002859e-02 6.466896111816577974e-02 7.028171339998647016e-02 6.214832829855751473e-02 4.271810562390140897e-02 6.378483978994579917e-02 8.127352720952654708e-02 7.291963903682077697e-02 6.820454844658124793e-02 5.737588855411748789e-02 5.083367546078418342e-02
4.291343672515856439e-02 4.661546597902162942e-02 5.767436728734467305e-02 6.266500881853016847e-02 5.444358695071369048e-02 3.658259274032986397e-02 5.370471761653741044e-02 6.813721922986798463e-02 6.117035230851668864e-02 5.737588855411748789e-02 4.857244497652718485e-02 4.343382550404542575e-02
4.032122456720837328e-02 4.538854299280497412e-02 5.791763520490880723e-02 6.320750189691295984e-02 5.314470484708883058e-02 3.401842553801993907e-02 4.802167668640981713e-02 6.023071517528640062e-02 5.401787793351088551e-02 5.083367546078418342e-02 4.343382550404542575e-02 3.963527758953971913e-02
1.306988653411202406e-01 1.132931399580572041e-01 8.300242667625076787e-02 8.893950532867928027e-02 7.778098297321377197e-02 7.661150329695140537e-02 6.445825110242173195e-02 6.108489230299810058e-02 7.297004560340200618e-02 7.431028451367885368e-02 1.061361402722334341e-01 1.257756815709212272e-01
1.132931399580572041e-01 1.040062441179121222e-01 7.951720939593659443e-02 8.790132875350298303e-02 7.722052674459228827e-02 7.542899704923528015e-02 6.219776347553133966e-02 5.715092203968463735e-02 6.606797846709287769e-02 6.507085502995239856e-02 9.057825335468668027e-02 1.067389289962481641e-01
8.300242667625076787e-02 7.951720939593659443e-02 6.620946396774826659e-02 7.791973782289972339e-02 6.988653283024570673e-02 6.836279617327369051e-02 5.543188932636929078e-02 4.928420035271677269e-02 5.467811064364651308e-02 5.114398087630199485e-02 6.787492589456958769e-02 7.790694554272935279e-02
8.893950532867928027e-02 8.790132875350298303e-02 7.791973782289972339e-02 9.756810861236607513e-02 8.943999896703377916e-02 8.799136585996844562e-02 7.072825478061556259e-02 6.156090238132041342e-02 6.628216226207850337e-02 5.937278775892769478e-02 7.530459982559767340e-02 8.383663188748216588e-02
7.778098297321377197e-02 7.722052674459228827e-02 6.988653283024570673e-02 8.943999896703377916e-02 8.395890019380189417e-02 8.355583795941708136e-02 6.731929447242179787e-02 5.840056346514761049e-02 6.235100955900408498e-02 5.487900266250154285e-02 6.808862758754433142e-02 7.424326467499614557e-02
7.661150329695140537e-02 7.542899704923528015e-02 6.836279617327369051e-02 8.799136585996844562e-02 8.355583795941708136e-02 8.439953151744565563e-02 6.850827251967533948e-02 5.972856749003091492e-02 6.389139863659712426e-02 5.601198347535211314e-02 6.893845341332813237e-02 7.420697834581022057e-02
6.445825110242173195e-02 6.219776347553133966e-02 5.543188932636929078e-02 7.072825478061556259e-02 6.731929447242179787e-02 6.850827251967533948e-02 5.639015177705145737e-02 4.985405212185402279e-02 5.399206612783861992e-02 4.777284980907874762e-02 5.914650812941503466e-02 6.340109518205425121e-02
6.108489230299810058e-02 5.715092203968463735e-02 4.928420035271677269e-02 6.156090238132041342e-02 5.840056346514761049e-02 5.972856749003091492e-02 4.985405212185402279e-02 4.516982981753638743e-02 5.005422317511234315e-02 4.520786682358286790e-02 5.691530043848626319e-02 6.111437747686273431e-02
7.297004560340200618e-02 6.606797846709287769e-02 5.467811064364651308e-02 6.628216226207850337e-02 6.235100955900408498e-02 6.389139863659712426e-02 5.399206612783861992e-02 5.005422317511234315e-02 5.716592593094797087e-02 5.309246097240464396e-02 6.843580281915936925e-02 7.401057991237557088e-02
7.431028451367885368e-02 6.507085502995239856e-02 5.114398087630199485e-02 5.937278775892769478e-02 5.487900266250154285e-02 5.601198347535211314e-02 4.777284980907874762e-02 4.520786682358286790e-02 5.309246097240464396e-02 5.154822331646398414e-02 6.899017701655121848e-02 7.590547472209541180e-02
1.061361402722334341e-01 9.057825335468668027e-02 6.787492589456958769e-02 7.530459982559767340e-02 6.808862758754433142e-02 6.893845341332813237e-02 5.914650812941503466e-02 5.691530043848626319e-02 6.843580281915936925e-02 6.899017701655121848e-02 9.643933730326956222e-02 1.084539003347001346e-01
1.257756815709212272e-01 1.067389289962481641e-01 7.790694554272935279e-02 8.383663188748216588e-02 7.424326467499614557e-02 7.420697834581022057e-02 6.340109518205425121e-02 6.111437747686273431e-02 7.401057991237557088e-02 7.590547472209541180e-02 1.084539003347001346e-01 1.264454181043364045e-01
9.178379463733019050e-02 8.679258447286807010e-02 9.191962925171352772e-02 1.031187993532565045e-01 8.112796106633494986e-02 6.068312553181132163e-02 4.839000214754970303e-02 4.262131941927144174e-02 3.608195024353749725e-02 5.719082892285458353e-02 8.608940950768854961e-02 9.010085862142752644e-02
8.679258447286807010e-02 8.780454010548557897e-02 1.003696491093230558e-01 1.174691637360565227e-01 8.881721625202354531e-02 6.304873040959030339e-02 4.809995595403170759e-02 4.101497326637316282e-02 3.386869069765868073e-02 5.287416116500263247e-02 7.920716970909930099e-02 8.326082274218168933e-02
9.191962925171352772e-02 1.003696491093230558e-01 1.312426973257362073e-01 1.651667777603157972e-01 1.199472327604234057e-01 7.964944338536528168e-02 5.694225095193404529e-02 4.603749182124933226e-02 3.634429032283315042e-02 5.509498325036447930e-02 8.163019560487108639e-02 8.596452305185750542e-02
1.031187993532565045e-01 1.174691637360565227e-01 1.651667777603157972e-01 2.300532585906679695e-01 1.652283222255551132e-01 1.054200262607502547e-01 7.194411706916184479e-02 5.570440544438287622e-02 4.221874131287846332e-02 6.217168811125493161e-02 9.096881131604586668e-02 9.542314462332947278e-02
8.112796106633494986e-02 8.881721625202354531e-02 1.199472327604234057e-01 1.652283222255551132e-01 1.256889917375656196e-01 8.219849046344529508e-02 5.693144984587368562e-02 4.452183610643571654e-02 3.399443281079889134e-02 5.029491003844044350e-02 7.360815446076290902e-02 7.666300287025629157e-02
6.068312553181132163e-02 6.304873040959030339e-02 7.964944338536528168e-02 1.054200262607502547e-01 8.219849046344529508e-02 5.650192798687128648e-02 4.058814398859424827e-02 3.264895478505540349e-02 2.553167607043879683e-02 3.839420262213877333e-02 5.650207802491300640e-02 5.860339617376592036e-02
4.839000214754970303e-02 4.809995595403170759e-02 5.694225095193404529e-02 7.194411706916184479e-02 5.693144984587368562e-02 4.058814398859424827e-02 3.041181404222662726e-02 2.524019999636792355e-02 2.025016849539574768e-02 3.097337279092119214e-02 4.586500333617259118e-02 4.748678648953180703e-02
4.262131941927144174e-02 4.101497326637316282e-02 4.603749182124933226e-02 5.570440544438287622e-02 4.452183610643571654e-02 3.264895478505540349e-02 2.524019999636792355e-02 2.154883124304404068e-02 1.767859714830657264e-02 2.743087868060578235e-02 4.083966544132316967e-02 4.226780226117272943e-02
3.608195024353749725e-02 3.386869069765868073e-02 3.634429032283315042e-02 4.221874131287846332e-02 3.399443281079889134e-02 2.553167607043879683e-02 2.025016849539574768e-02 1.767859714830657264e-02 1.480198151627276984e-02 2.326336838590550155e-02 3.480776216496272307e-02 3.604159452507860184e-02
5.719082892285458353e-02 5.287416116500263247e-02 5.509498325036447930e-02 6.217168811125493161e-02 5.029491003844044350e-02 3.839420262213877333e-02 3.097337279092119214e-02 2.743087868060578235e-02 2.326336838590550155e-02 3.687664420564912282e-02 5.536361475955044187e-02 5.735914060007055865e-02
8.608940950768854961e-02 7.920716970909930099e-02 8.163019560487108639e-02 9.096881131604586668e-02 7.360815446076290902e-02 5.650207802491300640e-02 4.586500333617259118e-02 4.083966544132316967e-02 3.480776216496272307e-02 5.536361475955044187e-02 8.330057309371169394e-02 8.639262211162940241e-02
9.010085862142752644e-02 8.326082274218168933e-02 8.596452305185750542e-02 9.542314462332947278e-02 7.666300287025629157e-02 5.860339617376592036e-02 4.748678648953180703e-02 4.226780226117272943e-02 3.604159452507860184e-02 5.735914060007055865e-02 8.639262211162940241e-02 8.998494551543891051e-02
9.334518061057822669e-02 7.660983812204444354e-02 6.856985340446056232e-02 6.902651526570116602e-02 7.266170827737969407e-02 5.554028043183822927e-02 5.608647958765991537e-02 7.005790138972324554e-02 8.009979427980905287e-02 7.866852586660763591e-02 9.553095136950526256e-02 1.136065009175473428e-01
7.660983812204444354e-02 6.625033144948729025e-02 6.167749522747331681e-02 6.356397821853179697e-02 6.742749763094053883e-02 5.111696037957672023e-02 5.062015546325127069e-02 6.170359031560627983e-02 6.850112986618922539e-02 6.487697438250565607e-02 7.651811947819778248e-02 9.060150832726410197e-02
6.856985340446056232e-02 6.167749522747331681e-02 6.028073834149425686e-02 6.399411002651436697e-02 6.874795187671695063e-02 5.203779778198065753e-02 5.100447805580127919e-02 6.113361541275025290e-02 6.611655485023820722e-02 6.012930038573686964e-02 6.816884977374870758e-02 7.954928105100345093e-02
6.902651526570116602e-02 6.356397821853179697e-02 6.399411002651436697e-02 6.993371528141707760e-02 7.617551947412271041e-02 5.787479251227879012e-02 5.667416239575073789e-02 6.748835369358988090e-02 7.184644214871482859e-02 6.333700431621236415e-02 6.929027349193903063e-02 7.939902201417348149e-02
7.266170827737969407e-02 6.742749763094053883e-02 6.874795187671695063e-02 7.617551947412271041e-02 8.416309508766742220e-02 6.443924928650188177e-02 6.352395059423240897e-02 7.583525519451662922e-02 8.032773961708741806e-02 6.958754841506314959e-02 7.429667729747883864e-02 8.371269197090958070e-02
5.554028043183822927e-02 5.111696037957672023e-02 5.203779778198065753e-02 5.787479251227879012e-02 6.443924928650188177e-02 5.019173439823623045e-02 5.044239351254740933e-02 6.109401299952715858e-02 6.507732318619012524e-02 5.596295855601440827e-02 5.870873858558591646e-02 6.488701119509827919e-02
5.608647958765991537e-02 5.062015546325127069e-02 5.100447805580127919e-02 5.667416239575073789e-02 6.352395059423240897e-02 5.044239351254740933e-02 5.234427134299436679e-02 6.497604991047760403e-02 7.010795184905255217e-02 6.015113361161742583e-02 6.212979856670799994e-02 6.709725738118474392e-02
7.005790138972324554e-02 6.170359031560627983e-02 6.113361541275025290e-02 6.748835369358988090e-02 7.583525519451662922e-02 6.109401299952715858e-02 6.497604991047760403e-02 8.298287505835737210e-02 9.108557806252687294e-02 7.858437763765011019e-02 8.076126450234208387e-02 8.583559628302916966e-02
8.009979427980905287e-02 6.850112986618922539e-02 6.611655485023820722e-02 7.184644214871482859e-02 8.032773961708741806e-02 6.507732318619012524e-02 7.010795184905255217e-02 9.108557806252687294e-02 1.028990081474162321e-01 9.068072447496905442e-02 9.451373604842802645e-02 1.002365167947150415e-01
7.866852586660763591e-02 6.487697438250565607e-02 6.012930038573686964e-02 6.333700431621236415e-02 6.958754841506314959e-02 5.596295855601440827e-02 6.015113361161742583e-02 7.858437763765011019e-02 9.068072447496905442e-02 8.456210664696262036e-02 9.253836237265927744e-02 1.001049213316859282e-01
9.553095136950526256e-02 7.651811947819778248e-02 6.816884977374870758e-02 6.929027349193903063e-02 7.429667729747883864e-02 5.870873858558591646e-02 6.212979856670799994e-02 8.076126450234208387e-02 9.451373604842802645e-02 9.253836237265927744e-02 1.091670509737995842e-01 1.223582677424974452e-01
1.136065009175473428e-01 9.060150832726410197e-02 7.954928105100345093e-02 7.939902201417348149e-02 8.371269197090958070e-02 6.488701119509827919e-02 6.709725738118474392e-02 8.583559628302916966e-02 1.002365167947150415e-01 1.001049213316859282e-01 1.223582677424974452e-01 1.438798926615897644e-01
3.006776292057648792e-02 3.791293040649325319e-02 4.208793557348083914e-02 7.454187835905679016e-02 5.056043359452820629e-02 5.457157359003753094e-02 5.616922837935472979e-02 4.213861948033074956e-02 3.029670851309833324e-02 4.078651232253374670e-02 3.145785783448204476e-02 2.766788042642365567e-02
3.791293040649325319e-02 4.969529191387554723e-02 5.742581447451594601e-02 1.042866580047905056e-01 6.740640233146255600e-02 6.759782559661844936e-02 6.692418202960088991e-02 4.978590180670876969e-02 3.583793055088561191e-02 4.841602427319895846e-02 3.770752519218677212e-02 3.383352470115291027e-02
4.208793557348083914e-02 5.742581447451594601e-02 7.041266978179104574e-02 1.325732828998527624e-01 8.173896537538290208e-02 7.539021423639991060e-02 7.081649337125997534e-02 5.187881415018882891e-02 3.722875489078884825e-02 5.034913034985528252e-02 3.961904790040776669e-02 3.633916035141946527e-02
7.454187835905679016e-02 1.042866580047905056e-01 1.325732828998527624e-01 2.581746020920888673e-01 1.551344752208458633e-01 1.358506880288010699e-01 1.228215744150508298e-01 8.873830861300902040e-02 6.334382546911593304e-02 8.554428709615535809e-02 6.773739348193986987e-02 6.301741493459636634e-02
5.056043359452820629e-02 6.740640233146255600e-02 8.173896537538290208e-02 1.551344752208458633e-01 1.033129778594321230e-01 1.021814520493479761e-01 9.728279990391991428e-02 7.001667758790168505e-02 4.889636235325479224e-02 6.468329036863307291e-02 5.007546786614563983e-02 4.486853674416735327e-02
5.457157359003753094e-02 6.759782559661844936e-02 7.539021423639991060e-02 1.358506880288010699e-01 1.021814520493479761e-01 1.219351905073599168e-01 1.243879878856699595e-01 8.970600866425025577e-02 6.152445292568006763e-02 7.985914512929190301e-02 6.032505028894759314e-02 5.167690573466958426e-02
5.616922837935472979e-02 6.692418202960088991e-02 7.081649337125997534e-02 1.228215744150508298e-01 9.728279990391991428e-02 1.243879878856699595e-01 1.343427259714985722e-01 9.794324677935400958e-02 6.718514026538509321e-02 8.699608139977788035e-02 6.516308926505817722e-02 5.480762845491882890e-02
4.213861948033074956e-02 4.978590180670876969e-02 5.187881415018882891e-02 8.873830861300902040e-02 7.001667758790168505e-02 8.970600866425025577e-02 9.794324677935400958e-02 7.265114094522520660e-02 5.035800784074011965e-02 6.564564052182564335e-02 4.920862494252431496e-02 4.131716374263329217e-02
3.029670851309833324e-02 3.583793055088561191e-02 3.722875489078884825e-02 6.334382546911593304e-02 4.889636235325479224e-02 6.152445292568006763e-02 6.718514026538509321e-02 5.035800784074011965e-02 3.545412869643398829e-02 4.671332998374159995e-02 3.515242495630122033e-02 2.961831807999950120e-02
4.078651232253374670e-02 4.841602427319895846e-02 5.034913034985528252e-02 8.554428709615535809e-02 6.468329036863307291e-02 7.985914512929190301e-02 8.699608139977788035e-02 6.564564052182564335e-02 4.671332998374159995e-02 6.212469877773064975e-02 4.692641770588194816e-02 3.969991736671305699e-02
3.145785783448204476e-02 3.770752519218677212e-02 3.961904790040776669e-02 6.773739348193986987e-02 5.007546786614563983e-02 6.032505028894759314e-02 6.516308926505817722e-02 4.920862494252431496e-02 3.515242495630122033e-02 4.692641770588194816e-02 3.562313795151997309e-02 3.034504487696317032e-02
2.766788042642365567e-02 3.383352470115291027e-02 3.633916035141946527e-02 6.301741493459636634e-02 4.486853674416735327e-02 5.167690573466958426e-02 5.480762845491882890e-02 4.131716374263329217e-02 2.961831807999950120e-02 3.969991736671305699e-02 3.034504487696317032e-02 2.620567258246765327e-02
1.142681487159549619e-01 1.142729760875430267e-01 9.495632219725969048e-02 6.700143095058061493e-02 7.660803899293819330e-02 7.290052065491152422e-02 6.372876175535346910e-02 5.429531619456540170e-02 5.058017066689850239e-02 6.442385546840265209e-02 1.040899495349119630e-01 1.312455720561738481e-01
1.142729760875430267e-01 1.253391581490262419e-01 1.080807811464764845e-01 7.695143670222967525e-02 8.799372474213226769e-02 8.287325250195697046e-02 7.116279817474603642e-02 5.890051543621160901e-02 5.243118989247721323e-02 6.351504143072955744e-02 9.931179609747750603e-02 1.245308685431388840e-01
9.495632219725969048e-02 1.080807811464764845e-01 9.893750614116429698e-02 7.286083097943572839e-02 8.517290863980186977e-02 8.039267300812058537e-02 6.844468374608830841e-02 5.552280302139453450e-02 4.761807903693410920e-02 5.504627707442309725e-02 8.304041693203968733e-02 1.020785853564708801e-01
6.700143095058061493e-02 7.695143670222967525e-02 7.286083097943572839e-02 5.665382971107578436e-02 6.870622208199762826e-02 6.552960798241666551e-02 5.571315143643545964e-02 4.468009660933346117e-02 3.734540429505127379e-02 4.162193890768103866e-02 6.080611667775826651e-02 7.278227812802927355e-02
7.660803899293819330e-02 8.799372474213226769e-02 8.517290863980186977e-02 6.870622208199762826e-02 8.616658437152641126e-02 8.303879513038005256e-02 7.068379464377558263e-02 5.636667043909215913e-02 4.640933383192107076e-02 5.052902764243258349e-02 7.217164028835237888e-02 8.448188902621479868e-02
7.290052065491152422e-02 8.287325250195697046e-02 8.039267300812058537e-02 6.552960798241666551e-02 8.303879513038005256e-02 8.079497987118304525e-02 6.906445836636407321e-02 5.517689614995113789e-02 4.542983458762835103e-02 4.936580312375148799e-02 7.025249404197830838e-02 8.155557767224026755e-02
6.372876175535346910e-02 7.116279817474603642e-02 6.844468374608830841e-02 5.571315143643545964e-02 7.068379464377558263e-02 6.906445836636407321e-02 5.946236140356768451e-02 4.782183919298860220e-02 3.971487789838250987e-02 4.358817950094683036e-02 6.245019685045898050e-02 7.241478589977268232e-02
5.429531619456540170e-02 5.890051543621160901e-02 5.552280302139453450e-02 4.468009660933346117e-02 5.636667043909215913e-02 5.517689614995113789e-02 4.782183919298860220e-02 3.897986858290345552e-02 3.300082713714698468e-02 3.707448908560067452e-02 5.404605750867824687e-02 6.295493948982570920e-02
5.058017066689850239e-02 5.243118989247721323e-02 4.761807903693410920e-02 3.734540429505127379e-02 4.640933383192107076e-02 4.542983458762835103e-02 3.971487789838250987e-02 3.300082713714698468e-02 2.899772935911570579e-02 3.402380352370663191e-02 5.118376629553043899e-02 6.028059613985469606e-02
6.442385546840265209e-02 6.351504143072955744e-02 5.504627707442309725e-02 4.162193890768103866e-02 5.052902764243258349e-02 4.936580312375148799e-02 4.358817950094683036e-02 3.707448908560067452e-02 3.402380352370663191e-02 4.222970108240145515e-02 6.599932795176036149e-02 7.885770755198423521e-02
1.040899495349119630e-01 9.931179609747750603e-02 8.304041693203968733e-02 6.080611667775826651e-02 7.217164028835237888e-02 7.025249404197830838e-02 6.245019685045898050e-02 5.404605750867824687e-02 5.118376629553043899e-02 6.599932795176036149e-02 1.066395579184362535e-01 1.292511057078545300e-01
1.312455720561738481e-01 1.245308685431388840e-01 1.020785853564708801e-01 7.278227812802927355e-02 8.448188902621479868e-02 8.155557767224026755e-02 7.241478589977268232e-02 6.295493948982570920e-02 6.028059613985469606e-02 7.885770755198423521e-02 1.292511057078545300e-01 1.615305746936449571e-01
6.766318826907125050e-02 9.837632320135211716e-02 9.605716452636769986e-02 8.206099853711133763e-02 7.905567797003480723e-02 6.861027879163437981e-02 5.264365743767109723e-02 4.592919151447620585e-02 4.566419886505934667e-02 4.993945856049909066e-02 4.177615491546027987e-02 4.850938708889498963e-02
9.837632320135211716e-02 1.467657348269761630e-01 1.444113803991628198e-01 1.214116918696070690e-01 1.136162208348596991e-01 9.654344601934453096e-02 7.334014656863990789e-02 6.371609758537344348e-02 6.335575746338531489e-02 6.952459158010076967e-02 5.871560085698804970e-02 6.923720862344640015e-02
9.605716452636769986e-02 1.444113803991628198e-01 1.500286747699596801e-01 1.304761256844348405e-01 1.231222676616931244e-01 1.029653427183233605e-01 7.651615856307010521e-02 6.508501643302724848e-02 6.368206692733859031e-02 6.915278001922971207e-02 5.793296943770293722e-02 6.779977884522858655e-02
8.206099853711133763e-02 1.214116918696070690e-01 1.304761256844348405e-01 1.275163268284170981e-01 1.287217297174971797e-01 1.081895286199674733e-01 7.856732558168366687e-02 6.478883459271236878e-02 6.154756364033715094e-02 6.520157678131624501e-02 5.304229505316020860e-02 5.979010907869301839e-02
7.905567797003480723e-02 1.136162208348596991e-01 1.231222676616931244e-01 1.287217297174971797e-01 1.437945232570742582e-01 1.240233558374224665e-01 8.952620865249152904e-02 7.260396366296556492e-02 6.760681471452702207e-02 7.019888524611944680e-02 5.548127531717962635e-02 5.999003935054048053e-02
6.861027879163437981e-02 9.654344601934453096e-02 1.029653427183233605e-01 1.081895286199674733e-01 1.240233558374224665e-01 1.116694725390341980e-01 8.174334407506136935e-02 6.662586640882460498e-02 6.201729383743896651e-02 6.412884901910008428e-02 5.013285844884686482e-02 5.320344318829805380e-02
5.264365743767109723e-02 7.334014656863990789e-02 7.651615856307010521e-02 7.856732558168366687e-02 8.952620865249152904e-02 8.174334407506136935e-02 6.131147663561713895e-02 5.077008795635618021e-02 4.771727239608257454e-02 4.957079175876535210e-02 3.876756345047675800e-02 4.104649330575068505e-02
4.592919151447620585e-02 6.371609758537344348e-02 6.508501643302724848e-02 6.478883459271236878e-02 7.260396366296556492e-02 6.662586640882460498e-02 5.077008795635618021e-02 4.289804004010529942e-02 4.086363365395970226e-02 4.278780746208572100e-02 3.362554875015813516e-02 3.575689353124693326e-02
4.566419886505934667e-02 6.335575746338531489e-02 6.368206692733859031e-02 6.154756364033715094e-02 6.760681471452702207e-02 6.201729383743896651e-02 4.771727239608257454e-02 4.086363365395970226e-02 3.947121987835294776e-02 4.169464491928630279e-02 3.299239052924333310e-02 3.535543889789330430e-02
4.993945856049909066e-02 6.952459158010076967e-02 6.915278001922971207e-02 6.520157678131624501e-02 7.019888524611944680e-02 6.412884901910008428e-02 4.957079175876535210e-02 4.278780746208572100e-02 4.169464491928630279e-02 4.443495089957177901e-02 3.544219820392517650e-02 3.835341137112595333e-02
4.177615491546027987e-02 5.871560085698804970e-02 5.793296943770293722e-02 5.304229505316020860e-02 5.548127531717962635e-02 5.013285844884686482e-02 3.876756345047675800e-02 3.362554875015813516e-02 3.299239052924333310e-02 3.544219820392517650e-02 2.866680021127697431e-02 3.157991649900936115e-02
4.850938708889498963e-02 6.923720862344640015e-02 6.779977884522858655e-02 5.979010907869301839e-02 5.999003935054048053e-02 5.320344318829805380e-02 4.104649330575068505e-02 3.575689353124693326e-02 3.535543889789330430e-02 3.835341137112595333e-02 3.157991649900936115e-02 3.577959184454315711e-02
1.902184492109837699e-01 1.398339497083960214e-01 9.343756660263165259e-02 8.004564525065896441e-02 5.957440561028255754e-02 5.642065910607994145e-02 5.088031968570488200e-02 8.039545097001393748e-02 1.029220086315368599e-01 1.051697676565745559e-01 1.252366582613944901e-01 1.491506874268699878e-01
1.398339497083960214e-01 1.067226786570914382e-01 7.263795897801611501e-02 6.295733906426602411e-02 4.708488648737293308e-02 4.469476447795302232e-02 4.028448431522401590e-02 6.353146005049259415e-02 8.080452551530054039e-02 8.099475894806701382e-02 9.374988223425628764e-02 1.094472779885758001e-01
9.343756660263165259e-02 7.263795897801611501e-02 5.127310790252077172e-02 4.568241298964907660e-02 3.477776798415831844e-02 3.351130363349497099e-02 3.057303898260295069e-02 4.859603418173198686e-02 6.173756533946337527e-02 6.057975980726776344e-02 6.716569871136023051e-02 7.476751794188868372e-02
8.004564525065896441e-02 6.295733906426602411e-02 4.568241298964907660e-02 4.199892601241698997e-02 3.263475357686144995e-02 3.200063713663978127e-02 2.962661286444193826e-02 4.756165096978111351e-02 6.050332812327537113e-02 5.839197971707265483e-02 6.226454609704667326e-02 6.590759940087793922e-02
5.957440561028255754e-02 4.708488648737293308e-02 3.477776798415831844e-02 3.263475357686144995e-02 2.588700101017376784e-02 2.583654998050391449e-02 2.428658383630600409e-02 3.940219497834719642e-02 5.029172675185770991e-02 4.805548917592535052e-02 4.980188148775543250e-02 5.049311568129691286e-02
5.642065910607994145e-02 4.469476447795302232e-02 3.351130363349497099e-02 3.200063713663978127e-02 2.583654998050391449e-02 2.626862411118742122e-02 2.508966211008582803e-02 4.115694227609750788e-02 5.275862702360822887e-02 5.005903703695242790e-02 5.065201775945996771e-02 4.930945354964638705e-02
5.088031968570488200e-02 4.028448431522401590e-02 3.057303898260295069e-02 2.962661286444193826e-02 2.428658383630600409e-02 2.508966211008582803e-02 2.438621989029094578e-02 4.049120464426474858e-02 5.219798708859735986e-02 4.932541057027732545e-02 4.896063390006953620e-02 4.591041413656911374e-02
8.039545097001393748e-02 6.353146005049259415e-02 4.859603418173198686e-02 4.756165096978111351e-02 3.940219497834719642e-02 4.115694227609750788e-02 4.049120464426474858e-02 6.790901224888809540e-02 8.798586681459553971e-02 8.301515227891692605e-02 8.142252144551366533e-02 7.436463048827614275e-02
1.029220086315368599e-01 8.080452551530054039e-02 6.173756533946337527e-02 6.050332812327537113e-02 5.029172675185770991e-02 5.275862702360822887e-02 5.219798708859735986e-02 8.798586681459553971e-02 1.149632609157143076e-01 1.090281169879895318e-01 1.069292188366430529e-01 9.662219299021600205e-02
1.051697676565745559e-01 8.099475894806701382e-02 6.057975980726776344e-02 5.839197971707265483e-02 4.805548917592535052e-02 5.005903703695242790e-02 4.932541057027732545e-02 8.301515227891692605e-02 1.090281169879895318e-01 1.062765509760295185e-01 1.072279155032649645e-01 9.867145146811355516e-02
1.252366582613944901e-01 9.374988223425628764e-02 6.716569871136023051e-02 6.226454609704667326e-02 4.980188148775543250e-02 5.065201775945996771e-02 4.896063390006953620e-02 8.142252144551366533e-02 1.069292188366430529e-01 1.072279155032649645e-01 1.166983275616599730e-01 1.143233391742767002e-01
1.491506874268699878e-01 1.094472779885758001e-01 7.476751794188868372e-02 6.590759940087793922e-02 5.049311568129691286e-02 4.930945354964638705e-02 4.591041413656911374e-02 7.436463048827614275e-02 9.662219299021600205e-02 9.867145146811355516e-02 1.143233391742767002e-01 1.273978415030431188e-01
7.727194455142678831e-02 7.870064640662857713e-02 5.849288799025884750e-02 5.908324304430086216e-02 6.273524399682163522e-02 7.526435177700871448e-02 6.041728816939791191e-02 7.935171798261222986e-02 7.167186888032743564e-02 7.332174475122918422e-02 8.642355465523246516e-02 6.448562405305360845e-02
