1.797526345922130786e-01 1.927575211797277199e-01 1.593883637903218964e-01 1.222065875079678954e-01 8.404269613596632160e-02 4.275554613455125746e-02 3.531658365411389968e-03 -3.621393109198272481e-02 -7.255201762188251413e-02 -1.051638519035037744e-01 -1.236538369340617061e-01 -1.526770056267092168e-01
1.927575211797277199e-01 2.207076556368496867e-01 1.919086471411677874e-01 1.573024530982241875e-01 1.214351457676067503e-01 8.130423866839947555e-02 4.518573453956413466e-02 3.712538759297852927e-03 -3.907204498021245309e-02 -8.058945043885538950e-02 -1.117411955844584970e-01 -1.527249735434675626e-01
1.593883637903218964e-01 1.919086471411677874e-01 1.778969888744777461e-01 1.553844370862450530e-01 1.302906354864395710e-01 1.002672125707541606e-01 7.524799663923159576e-02 4.158797004304486816e-02 2.374268499809545005e-03 -3.837762692236512674e-02 -7.472941407239462597e-02 -1.175509771895162092e-01
1.222065875079678954e-01 1.573024530982241875e-01 1.553844370862450530e-01 1.473125327769593818e-01 1.346401548194772202e-01 1.158221900883996680e-01 1.024522556110476212e-01 7.740119615887006144e-02 4.296738123343396554e-02 4.340367148808577796e-03 -3.609010177835216687e-02 -7.970594192969791825e-02
8.404269613596632160e-02 1.214351457676067503e-01 1.302906354864395710e-01 1.346401548194772202e-01 1.357427799887874209e-01 1.292161105924282127e-01 1.279625343054830999e-01 1.117226861616799488e-01 8.241604448244210790e-02 4.657447429734971889e-02 2.837908825963706815e-03 -4.104334201801342064e-02
4.275554613455125746e-02 8.130423866839947555e-02 1.002672125707541606e-01 1.158221900883996680e-01 1.292161105924282127e-01 1.365456543405317025e-01 1.483473244151073400e-01 1.417015229966183121e-01 1.183650836541972895e-01 8.656607386182699204e-02 4.143417460407998465e-02 -8.243547997380327574e-04
3.531658365411389968e-03 4.518573453956413466e-02 7.524799663923159576e-02 1.024522556110476212e-01 1.279625343054830999e-01 1.483473244151073400e-01 1.753182836582942439e-01 1.788154925234987369e-01 1.602464077594809855e-01 1.305908479591344484e-01 8.178904756868737858e-02 3.923355929362086492e-02
-3.621393109198272481e-02 3.712538759297852927e-03 4.158797004304486816e-02 7.740119615887006144e-02 1.117226861616799488e-01 1.417015229966183121e-01 1.788154925234987369e-01 1.948113583478687239e-01 1.844773973111073495e-01 1.603947187122354290e-01 1.130448589102797524e-01 7.485884790375305076e-02
-7.255201762188251413e-02 -3.907204498021245309e-02 2.374268499809545005e-03 4.296738123343396554e-02 8.241604448244210790e-02 1.183650836541972895e-01 1.602464077594809855e-01 1.844773973111073495e-01 1.867896641162560267e-01 1.725778207600761061e-01 1.322007200897546420e-01 1.026472447686810063e-01
-1.051638519035037744e-01 -8.058945043885538950e-02 -3.837762692236512674e-02 4.340367148808577796e-03 4.657447429734971889e-02 8.656607386182699204e-02 1.305908479591344484e-01 1.603947187122354290e-01 1.725778207600761061e-01 1.717556461701514881e-01 1.425564800493843154e-01 1.243586123407190575e-01
-1.236538369340617061e-01 -1.117411955844584970e-01 -7.472941407239462597e-02 -3.609010177835216687e-02 2.837908825963706815e-03 4.143417460407998465e-02 8.178904756868737858e-02 1.130448589102797524e-01 1.322007200897546420e-01 1.425564800493843154e-01 1.310432185765088575e-01 1.283721545786236651e-01
-1.526770056267092168e-01 -1.527249735434675626e-01 -1.175509771895162092e-01 -7.970594192969791825e-02 -4.104334201801342064e-02 -8.243547997380327574e-04 3.923355929362086492e-02 7.485884790375305076e-02 1.026472447686810063e-01 1.243586123407190575e-01 1.283721545786236651e-01 1.423235829211013659e-01
1.977377339250643018e-01 1.775457764444031139e-01 1.506294002647438901e-01 1.271990576068844914e-01 7.893968351103847203e-02 3.805385265047105808e-02 -4.779921815155011543e-03 -4.614846250324786819e-02 -8.487554348342929433e-02 -1.124753896300979689e-01 -1.452969324659913464e-01 -1.780066280110580434e-01
1.775457764444031139e-01 1.716784745782837796e-01 1.570462128845850625e-01 1.449473801186810518e-01 1.040373707140471310e-01 7.262558389414566773e-02 3.652980914259822826e-02 -3.315281216018317600e-03 -4.260692413384169208e-02 -7.619145881098984829e-02 -1.132227055834394425e-01 -1.503074485276514882e-01
1.506294002647438901e-01 1.570462128845850625e-01 1.574060320758124687e-01 1.583649304550334425e-01 1.263240363132425159e-01 1.053439853051819086e-01 7.714844186150325578e-02 4.026491536459147341e-02 1.795723395590727647e-03 -3.689883201501827081e-02 -7.728734460943403883e-02 -1.176586532884383307e-01
1.271990576068844914e-01 1.449473801186810518e-01 1.583649304550334425e-01 1.741181275714984988e-01 1.512680918279921682e-01 1.406424361470805517e-01 1.197139624417165732e-01 8.497735860571395405e-02 4.665372660116759440e-02 2.081882532203232182e-03 -4.271037368021082109e-02 -8.766006286157984606e-02
7.893968351103847203e-02 1.040373707140471310e-01 1.263240363132425159e-01 1.512680918279921682e-01 1.444903407595833356e-01 1.477117130788984101e-01 1.385694170078878296e-01 1.126267855104410853e-01 8.190188440997850372e-02 4.046516784811278467e-02 3.113949255333361629e-04 -4.041775213843958048e-02
3.805385265047105808e-02 7.262558389414566773e-02 1.053439853051819086e-01 1.406424361470805517e-01 1.477117130788984101e-01 1.664114192044177098e-01 1.690077533852225866e-01 1.495274339238918115e-01 1.233789563466272526e-01 8.142773735527111811e-02 4.257858760347907334e-02 2.736078264132218562e-03
-4.779921815155011543e-03 3.652980914259822826e-02 7.714844186150325578e-02 1.197139624417165732e-01 1.385694170078878296e-01 1.690077533852225866e-01 1.851116974983165187e-01 1.745435252600181508e-01 1.549149118620450627e-01 1.152661964386488963e-01 8.044538114122073980e-02 4.456477683017728147e-02
-4.614846250324786819e-02 -3.315281216018317600e-03 4.026491536459147341e-02 8.497735860571395405e-02 1.126267855104410853e-01 1.495274339238918115e-01 1.745435252600181508e-01 1.767473732830069366e-01 1.672566089720499971e-01 1.347569146274889829e-01 1.078538386349406630e-01 8.005273798360898474e-02
-8.487554348342929433e-02 -4.260692413384169208e-02 1.795723395590727647e-03 4.665372660116759440e-02 8.190188440997850372e-02 1.233789563466272526e-01 1.549149118620450627e-01 1.672566089720499971e-01 1.703639680326999861e-01 1.475619433791469648e-01 1.300692277581197986e-01 1.114844333135625865e-01
-1.124753896300979689e-01 -7.619145881098984829e-02 -3.689883201501827081e-02 2.081882532203232182e-03 4.046516784811278467e-02 8.142773735527111811e-02 1.152661964386488963e-01 1.347569146274889829e-01 1.475619433791469648e-01 1.394252858509817672e-01 1.348529781904219127e-01 1.283827700601978816e-01
-1.452969324659913464e-01 -1.132227055834394425e-01 -7.728734460943403883e-02 -4.271037368021082109e-02 3.113949255333361629e-04 4.257858760347907334e-02 8.044538114122073980e-02 1.078538386349406630e-01 1.300692277581197986e-01 1.348529781904219127e-01 1.444624796164135083e-01 1.508732895168368449e-01
-1.780066280110580434e-01 -1.503074485276514882e-01 -1.176586532884383307e-01 -8.766006286157984606e-02 -4.041775213843958048e-02 2.736078264132218562e-03 4.456477683017728147e-02 8.005273798360898474e-02 1.114844333135625865e-01 1.283827700601978816e-01 1.508732895168368449e-01 1.720470676039230762e-01
1.762935028042139640e-01 1.689815603743887173e-01 1.549376421217270594e-01 1.179975882727497538e-01 7.918002487623770902e-02 3.287788855248581499e-02 -1.155095354607890701e-02 -5.297350236771743853e-02 -8.720049409160562925e-02 -1.144439145418523623e-01 -1.350609335526341548e-01 -1.559395533326713434e-01
1.689815603743887173e-01 1.767247392743855339e-01 1.759009236410980503e-01 1.478520899897033114e-01 1.169285719390873723e-01 7.375914594190199902e-02 3.057851014331777056e-02 -9.544318931774778414e-03 -4.668688193979657342e-02 -7.968665150123593888e-02 -1.083140043993180146e-01 -1.380092107047809491e-01
1.549376421217270594e-01 1.759009236410980503e-01 1.913756156124106766e-01 1.746916722609661576e-01 1.531382765608658991e-01 1.143387545333118815e-01 7.374166122378188193e-02 3.635723104403675715e-02 -2.612211257995949824e-03 -4.076132107272273375e-02 -7.707558268565926907e-02 -1.148984120867939246e-01
1.179975882727497538e-01 1.478520899897033114e-01 1.746916722609661576e-01 1.748596644823203483e-01 1.674776957378996678e-01 1.389890566595135546e-01 1.067521440292068524e-01 7.756422119716510633e-02 4.262203849997173166e-02 4.977017299330754874e-03 -3.393462080735008823e-02 -7.472668236712788625e-02
7.918002487623770902e-02 1.169285719390873723e-01 1.531382765608658991e-01 1.674776957378996678e-01 1.763453542281267772e-01 1.597324702126071694e-01 1.366358817431203021e-01 1.160222965704859610e-01 8.578545128256773178e-02 4.966584868649161211e-02 9.282131480121504075e-03 -3.351371807307268469e-02
3.287788855248581499e-02 7.375914594190199902e-02 1.143387545333118815e-01 1.389890566595135546e-01 1.597324702126071694e-01 1.585863412437140685e-01 1.481628769935164902e-01 1.384888805751447183e-01 1.161650302790875611e-01 8.569255518420559881e-02 4.889303124844342902e-02 9.548948699043952743e-03
-1.155095354607890701e-02 3.057851014331777056e-02 7.374166122378188193e-02 1.067521440292068524e-01 1.366358817431203021e-01 1.481628769935164902e-01 1.518246057888862632e-01 1.538273141442759173e-01 1.399502894415264320e-01 1.156810182137633231e-01 8.351389787048474345e-02 4.905248276090020537e-02
-5.297350236771743853e-02 -9.544318931774778414e-03 3.635723104403675715e-02 7.756422119716510633e-02 1.160222965704859610e-01 1.384888805751447183e-01 1.538273141442759173e-01 1.685434276433099288e-01 1.634192608603142749e-01 1.448335533800432229e-01 1.164469944177791427e-01 8.609357120966393273e-02
-8.720049409160562925e-02 -4.668688193979657342e-02 -2.612211257995949824e-03 4.262203849997173166e-02 8.578545128256773178e-02 1.161650302790875611e-01 1.399502894415264320e-01 1.634192608603142749e-01 1.692908553582048725e-01 1.590073181736468833e-01 1.370576741769783946e-01 1.132320562919442719e-01
-1.144439145418523623e-01 -7.968665150123593888e-02 -4.076132107272273375e-02 4.977017299330754874e-03 4.966584868649161211e-02 8.569255518420559881e-02 1.156810182137633231e-01 1.448335533800432229e-01 1.590073181736468833e-01 1.597179034164955547e-01 1.469146221319548307e-01 1.316486130648180930e-01
-1.350609335526341548e-01 -1.083140043993180146e-01 -7.707558268565926907e-02 -3.393462080735008823e-02 9.282131480121504075e-03 4.889303124844342902e-02 8.351389787048474345e-02 1.164469944177791427e-01 1.370576741769783946e-01 1.469146221319548307e-01 1.460705415585177858e-01 1.417002165954013848e-01
-1.559395533326713434e-01 -1.380092107047809491e-01 -1.148984120867939246e-01 -7.472668236712788625e-02 -3.351371807307268469e-02 9.548948699043952743e-03 4.905248276090020537e-02 8.609357120966393273e-02 1.132320562919442719e-01 1.316486130648180930e-01 1.417002165954013848e-01 1.503674485894137547e-01
1.442865603827787613e-01 1.448449282361770618e-01 1.419584197929625036e-01 1.211261065847908935e-01 7.844772370432651076e-02 2.588983784390232190e-02 -1.785452000294538918e-02 -5.652357696065492265e-02 -8.412122561023910317e-02 -1.083541327948963351e-01 -1.244723500733659893e-01 -1.367020606498455804e-01
1.448449282361770618e-01 1.615440480048336014e-01 1.737744584265259462e-01 1.631459172372998201e-01 1.225817157566168880e-01 6.552109954717834361e-02 2.618243069366678680e-02 -1.182825883111756141e-02 -4.496728905176868712e-02 -7.545749105371443721e-02 -1.005991927202556091e-01 -1.238339336165509563e-01
1.419584197929625036e-01 1.737744584265259462e-01 2.042551334135129515e-01 2.058197070244645321e-01 1.678202656262578474e-01 1.064448444881371247e-01 7.231445618476214920e-02 3.577028140223293545e-02 -2.659502377102774574e-03 -3.945668494083353489e-02 -7.388798887192266074e-02 -1.081026098952294345e-01
1.211261065847908935e-01 1.631459172372998201e-01 2.058197070244645321e-01 2.234544774884784923e-01 1.939929158377379781e-01 1.355347174377123654e-01 1.107645315922832774e-01 8.025081106458373248e-02 4.128686840437021527e-02 2.618429338807328789e-03 -3.723464853208126313e-02 -7.861507053879264462e-02
7.844772370432651076e-02 1.225817157566168880e-01 1.678202656262578474e-01 1.939929158377379781e-01 1.818126536199551058e-01 1.386237556052253017e-01 1.282190098694893921e-01 1.093125974045766891e-01 7.693525664197273239e-02 4.360192096057641242e-02 5.830385899797982212e-03 -3.505848359186940211e-02
2.588983784390232190e-02 6.552109954717834361e-02 1.064448444881371247e-01 1.355347174377123654e-01 1.386237556052253017e-01 1.187732899167853740e-01 1.248220097536653084e-01 1.202390088804355800e-01 9.886852864551462505e-02 7.549403916127253589e-02 4.556433842699959130e-02 1.162805181368884756e-02
-1.785452000294538918e-02 2.618243069366678680e-02 7.231445618476214920e-02 1.107645315922832774e-01 1.282190098694893921e-01 1.248220097536653084e-01 1.486065741818162755e-01 1.570801384735432404e-01 1.412850145611199149e-01 1.218217488229302592e-01 9.254911963154666132e-02 5.783947550666522497e-02
-5.652357696065492265e-02 -1.182825883111756141e-02 3.577028140223293545e-02 8.025081106458373248e-02 1.093125974045766891e-01 1.202390088804355800e-01 1.570801384735432404e-01 1.787140643983203825e-01 1.701060481761355603e-01 1.557100226586371483e-01 1.288466168738845175e-01 9.576738759464741013e-02
-8.412122561023910317e-02 -4.496728905176868712e-02 -2.659502377102774574e-03 4.128686840437021527e-02 7.693525664197273239e-02 9.886852864551462505e-02 1.412850145611199149e-01 1.701060481761355603e-01 1.719985188460577130e-01 1.656682823521720416e-01 1.449065157935618964e-01 1.175492028016320717e-01
-1.083541327948963351e-01 -7.545749105371443721e-02 -3.945668494083353489e-02 2.618429338807328789e-03 4.360192096057641242e-02 7.549403916127253589e-02 1.218217488229302592e-01 1.557100226586371483e-01 1.656682823521720416e-01 1.694706004503987451e-01 1.562985216724841475e-01 1.354407528687864848e-01
-1.244723500733659893e-01 -1.005991927202556091e-01 -7.388798887192266074e-02 -3.723464853208126313e-02 5.830385899797982212e-03 4.556433842699959130e-02 9.254911963154666132e-02 1.288466168738845175e-01 1.449065157935618964e-01 1.562985216724841475e-01 1.538456011354003283e-01 1.424805180405607774e-01
-1.367020606498455804e-01 -1.238339336165509563e-01 -1.081026098952294345e-01 -7.861507053879264462e-02 -3.505848359186940211e-02 1.162805181368884756e-02 5.783947550666522497e-02 9.576738759464741013e-02 1.175492028016320717e-01 1.354407528687864848e-01 1.424805180405607774e-01 1.432384781616631853e-01
1.874927965793086737e-01 1.724782878383356866e-01 1.386404961329834873e-01 1.143071010339917343e-01 7.626754189020217012e-02 3.854558837644953689e-02 -1.848195556757179598e-03 -4.185474491449966278e-02 -8.273264751566646036e-02 -1.147362104611426847e-01 -1.545516972247967247e-01 -1.795640113849004127e-01
1.724782878383356866e-01 1.735716665840043860e-01 1.529893795068021367e-01 1.412524656941377410e-01 1.110612613897889595e-01 7.988841587042408432e-02 4.126560470602853165e-02 1.607726038183529549e-03 -3.906202093686859944e-02 -7.652205843875201086e-02 -1.198863944697993178e-01 -1.526260735698219129e-01
1.386404961329834873e-01 1.529893795068021367e-01 1.497735207335854635e-01 1.529074638213036019e-01 1.337945049371979389e-01 1.120832411513233984e-01 7.911511464025622331e-02 4.407900398768915817e-02 8.043638640138198181e-03 -3.093816400075283593e-02 -7.355561209243142995e-02 -1.104074877390666398e-01
1.143071010339917343e-01 1.412524656941377410e-01 1.529074638213036019e-01 1.721335739787175911e-01 1.634215419707840677e-01 1.496213030985213410e-01 1.198945905108831089e-01 8.713266490691889965e-02 5.357172061448634698e-02 1.106582069641606769e-02 -3.330475457211386214e-02 -7.646452232725693687e-02
7.626754189020217012e-02 1.110612613897889595e-01 1.337945049371979389e-01 1.634215419707840677e-01 1.680126440717308323e-01 1.647688067573745418e-01 1.422080820579573468e-01 1.156902493868996462e-01 8.877940911341276886e-02 4.881514385721574117e-02 8.957469882039484008e-03 -3.434262650328871735e-02
3.854558837644953689e-02 7.988841587042408432e-02 1.120832411513233984e-01 1.496213030985213410e-01 1.647688067573745418e-01 1.736748922408273832e-01 1.595125530039685213e-01 1.397309912450375169e-01 1.195684353742105938e-01 8.286841230830815919e-02 4.832940131665555694e-02 6.155832043796388361e-03
-1.848195556757179598e-03 4.126560470602853165e-02 7.911511464025622331e-02 1.198945905108831089e-01 1.422080820579573468e-01 1.595125530039685213e-01 1.571473583774239680e-01 1.472399768681379451e-01 1.361184999467623946e-01 1.063718001642088018e-01 8.053122582634383853e-02 4.414009343092203941e-02
-4.185474491449966278e-02 1.607726038183529549e-03 4.407900398768915817e-02 8.713266490691889965e-02 1.156902493868996462e-01 1.397309912450375169e-01 1.472399768681379451e-01 1.491453295591075590e-01 1.483677630992375485e-01 1.266334337844611246e-01 1.100627714020016024e-01 8.038067564243969731e-02
-8.273264751566646036e-02 -3.906202093686859944e-02 8.043638640138198181e-03 5.357172061448634698e-02 8.877940911341276886e-02 1.195684353742105938e-01 1.361184999467623946e-01 1.483677630992375485e-01 1.596720212963366192e-01 1.471240323350407331e-01 1.403900904332752719e-01 1.174725881550598289e-01
-1.147362104611426847e-01 -7.652205843875201086e-02 -3.093816400075283593e-02 1.106582069641606769e-02 4.881514385721574117e-02 8.286841230830815919e-02 1.063718001642088018e-01 1.266334337844611246e-01 1.471240323350407331e-01 1.478566125482488891e-01 1.536120045952538704e-01 1.411362522829912869e-01
-1.545516972247967247e-01 -1.198863944697993178e-01 -7.355561209243142995e-02 -3.330475457211386214e-02 8.957469882039484008e-03 4.832940131665555694e-02 8.053122582634383853e-02 1.100627714020016024e-01 1.403900904332752719e-01 1.536120045952538704e-01 1.745136475218734551e-01 1.734181000109307758e-01
-1.795640113849004127e-01 -1.526260735698219129e-01 -1.104074877390666398e-01 -7.646452232725693687e-02 -3.434262650328871735e-02 6.155832043796388361e-03 4.414009343092203941e-02 8.038067564243969731e-02 1.174725881550598289e-01 1.411362522829912869e-01 1.734181000109307758e-01 1.870059365088343195e-01
1.641667512467177015e-01 1.522853718859296657e-01 1.359120190724148192e-01 1.105831915058278908e-01 6.205527478754648690e-02 1.474747589990862452e-02 -2.630252474170727273e-02 -6.048358988024045424e-02 -8.456452195450461784e-02 -1.194693527814992273e-01 -1.506318933163131035e-01 -1.617259057183816351e-01
1.522853718859296657e-01 1.592852092724218738e-01 1.615621821751150322e-01 1.524690978932119467e-01 1.091489539954733218e-01 6.297655179940543635e-02 2.152197507846685329e-02 -1.491122842702852398e-02 -4.566978438893739417e-02 -8.153746094257793842e-02 -1.154330084335339068e-01 -1.359300713732858878e-01
1.359120190724148192e-01 1.615621821751150322e-01 1.864850675172383676e-01 1.966684774443465955e-01 1.595329774642339493e-01 1.150420572537512176e-01 7.388121479123550828e-02 3.577698756873781694e-02 -1.827306161783256826e-03 -3.841690986845705535e-02 -7.519348233701972362e-02 -1.056163212303911081e-01
1.105831915058278908e-01 1.524690978932119467e-01 1.966684774443465955e-01 2.291006178732616361e-01 2.015295893866950461e-01 1.612809910160075411e-01 1.227053539951583477e-01 8.527488090606810678e-02 4.319326237634545790e-02 8.271263086440333243e-03 -2.926513319307427752e-02 -6.814954048121610319e-02
6.205527478754648690e-02 1.091489539954733218e-01 1.595329774642339493e-01 2.015295893866950461e-01 1.932481009935772542e-01 1.677402641154301932e-01 1.405334851125863149e-01 1.119741226442655807e-01 7.510570541031891256e-02 4.965399787785726438e-02 2.002510898400360756e-02 -1.789985077471544297e-02
1.474747589990862452e-02 6.297655179940543635e-02 1.150420572537512176e-01 1.612809910160075411e-01 1.677402641154301932e-01 1.596145826479766217e-01 1.456528416772471801e-01 1.272630220380033261e-01 9.749861901938827735e-02 8.203594871608592409e-02 6.152988221475082231e-02 2.747695006657699043e-02
-2.630252474170727273e-02 2.152197507846685329e-02 7.388121479123550828e-02 1.227053539951583477e-01 1.405334851125863149e-01 1.456528416772471801e-01 1.450864289049834666e-01 1.368095728756721918e-01 1.141421265473973878e-01 1.075846515738998477e-01 9.530116387838381831e-02 6.552626783860771020e-02
-6.048358988024045424e-02 -1.491122842702852398e-02 3.577698756873781694e-02 8.527488090606810678e-02 1.119741226442655807e-01 1.272630220380033261e-01 1.368095728756721918e-01 1.388766888825355150e-01 1.240038219800875252e-01 1.257261246552055234e-01 1.209249093821642695e-01 9.570985253280192562e-02
-8.456452195450461784e-02 -4.566978438893739417e-02 -1.827306161783256826e-03 4.319326237634545790e-02 7.510570541031891256e-02 9.749861901938827735e-02 1.141421265473973878e-01 1.240038219800875252e-01 1.190803657695398560e-01 1.290014808307907157e-01 1.317504994052444145e-01 1.129237072720430807e-01
-1.194693527814992273e-01 -8.153746094257793842e-02 -3.841690986845705535e-02 8.271263086440333243e-03 4.965399787785726438e-02 8.203594871608592409e-02 1.075846515738998477e-01 1.257261246552055234e-01 1.290014808307907157e-01 1.493665750404913062e-01 1.605820222250829432e-01 1.453782025232890351e-01
-1.506318933163131035e-01 -1.154330084335339068e-01 -7.519348233701972362e-02 -2.926513319307427752e-02 2.002510898400360756e-02 6.152988221475082231e-02 9.530116387838381831e-02 1.209249093821642695e-01 1.317504994052444145e-01 1.605820222250829432e-01 1.820102854357797673e-01 1.724624190671999457e-01
-1.617259057183816351e-01 -1.359300713732858878e-01 -1.056163212303911081e-01 -6.814954048121610319e-02 -1.789985077471544297e-02 2.747695006657699043e-02 6.552626783860771020e-02 9.570985253280192562e-02 1.129237072720430807e-01 1.453782025232890351e-01 1.724624190671999457e-01 1.736793264154750938e-01
1.690328308741464447e-01 1.552127467556859985e-01 1.357236144846779569e-01 1.127204490399524306e-01 8.517656386880176345e-02 4.486402027547446020e-02 4.884450450172887065e-03 -3.711175395947444167e-02 -7.820515936188672523e-02 -1.118630223882029484e-01 -1.465980950337366640e-01 -1.724544317683975869e-01
1.552127467556859985e-01 1.565599925363055922e-01 1.495333160747057966e-01 1.368430413236855492e-01 1.177120988168019605e-01 8.079467883911577164e-02 4.536136541110175752e-02 7.882858805607573238e-03 -3.294366526919556559e-02 -7.190422149246389338e-02 -1.119374669523643395e-01 -1.454529154467574248e-01
1.357236144846779569e-01 1.495333160747057966e-01 1.563278406886348393e-01 1.549159850157793006e-01 1.446247908884143452e-01 1.118992891485006830e-01 8.180476594556303216e-02 4.998604386844848757e-02 1.104195866411263917e-02 -3.158729693424210810e-02 -7.546108079770182109e-02 -1.149709679332544393e-01
1.127204490399524306e-01 1.368430413236855492e-01 1.549159850157793006e-01 1.662091649882624922e-01 1.657185691307928588e-01 1.380428448685617759e-01 1.137035468033514019e-01 8.811944856889435129e-02 5.233579975203513091e-02 7.774656723909373866e-03 -3.838099175954848286e-02 -8.249910270001956092e-02
8.517656386880176345e-02 1.177120988168019605e-01 1.446247908884143452e-01 1.657185691307928588e-01 1.767468608749334646e-01 1.563320782692526612e-01 1.389705506116593603e-01 1.205043679477863922e-01 8.939032866488606788e-02 4.524740404235294555e-02 -7.261378773265225912e-04 -4.720380637428110704e-02
4.486402027547446020e-02 8.079467883911577164e-02 1.118992891485006830e-01 1.380428448685617759e-01 1.563320782692526612e-01 1.485551323952128966e-01 1.421295180821631199e-01 1.340172583398094586e-01 1.121799168939053987e-01 7.510244788668614391e-02 3.648388054183437229e-02 -5.014228489526354263e-03
4.884450450172887065e-03 4.536136541110175752e-02 8.180476594556303216e-02 1.137035468033514019e-01 1.389705506116593603e-01 1.421295180821631199e-01 1.481990131009163492e-01 1.514249486903042896e-01 1.386736515117214241e-01 1.075514137722086150e-01 7.524956769760413056e-02 3.782991244535753583e-02
-3.711175395947444167e-02 7.882858805607573238e-03 4.998604386844848757e-02 8.811944856889435129e-02 1.205043679477863922e-01 1.340172583398094586e-01 1.514249486903042896e-01 1.681355432073938783e-01 1.659381064854284771e-01 1.412788748638089120e-01 1.155233762393897412e-01 8.247480294854477034e-02
-7.820515936188672523e-02 -3.294366526919556559e-02 1.104195866411263917e-02 5.233579975203513091e-02 8.939032866488606788e-02 1.121799168939053987e-01 1.386736515117214241e-01 1.659381064854284771e-01 1.773566920337791286e-01 1.632318104470617814e-01 1.472796272138676144e-01 1.219829170814158287e-01
-1.118630223882029484e-01 -7.190422149246389338e-02 -3.158729693424210810e-02 7.774656723909373866e-03 4.524740404235294555e-02 7.510244788668614391e-02 1.075514137722086150e-01 1.412788748638089120e-01 1.632318104470617814e-01 1.644845104538933955e-01 1.623485112680056741e-01 1.487425991976693007e-01
-1.465980950337366640e-01 -1.119374669523643395e-01 -7.546108079770182109e-02 -3.838099175954848286e-02 -7.261378773265225912e-04 3.648388054183437229e-02 7.524956769760413056e-02 1.155233762393897412e-01 1.472796272138676144e-01 1.623485112680056741e-01 1.765824983284610128e-01 1.762602949265673069e-01
-1.724544317683975869e-01 -1.454529154467574248e-01 -1.149709679332544393e-01 -8.249910270001956092e-02 -4.720380637428110704e-02 -5.014228489526354263e-03 3.782991244535753583e-02 8.247480294854477034e-02 1.219829170814158287e-01 1.487425991976693007e-01 1.762602949265673069e-01 1.918099205180591738e-01
1.487197207196477300e-01 1.469685596053874888e-01 1.260584684711771319e-01 1.205386356123373526e-01 7.168507630012013743e-02 2.822840237248807130e-02 -1.593577158098680863e-02 -5.325630166382813724e-02 -8.327476801321748168e-02 -1.234100317221207832e-01 -1.347736818694627026e-01 -1.432741956736003630e-01
1.469685596053874888e-01 1.576340105028670169e-01 1.474581794071201102e-01 1.558024555266581124e-01 1.087148322226992592e-01 7.020728911014915974e-02 2.673891534519805269e-02 -1.637256675949800427e-02 -5.366588925335059879e-02 -9.578927520008838348e-02 -1.147968795501840278e-01 -1.316297280615320864e-01
1.260584684711771319e-01 1.474581794071201102e-01 1.527366954000453081e-01 1.771323646281927622e-01 1.375106986185967717e-01 1.088499353031500555e-01 7.139075878854972412e-02 2.715841941425842232e-02 -1.382809867724130171e-02 -5.336518712563771694e-02 -7.882921450397085972e-02 -1.026277105703750914e-01
1.205386356123373526e-01 1.558024555266581124e-01 1.771323646281927622e-01 2.244041011010901587e-01 1.880577483864112609e-01 1.661920308466026397e-01 1.299971008155527685e-01 7.852852462353182572e-02 2.804127675128479172e-02 -1.400533900439744801e-02 -5.023566386279702117e-02 -8.514971909372169578e-02
7.168507630012013743e-02 1.087148322226992592e-01 1.375106986185967717e-01 1.880577483864112609e-01 1.726115837707059564e-01 1.681307578468446418e-01 1.467029750201273575e-01 1.056155911536937608e-01 6.293897218056959675e-02 3.340196417783013183e-02 -1.379393459391492754e-03 -3.593140906999487544e-02
2.822840237248807130e-02 7.020728911014915974e-02 1.088499353031500555e-01 1.661920308466026397e-01 1.681307578468446418e-01 1.829159448246640562e-01 1.756623229559829413e-01 1.416220196355477967e-01 1.030569699058288546e-01 8.359282816369167923e-02 4.761319721721823939e-02 1.079539773396299279e-02
-1.593577158098680863e-02 2.673891534519805269e-02 7.139075878854972412e-02 1.299971008155527685e-01 1.467029750201273575e-01 1.756623229559829413e-01 1.849668741621054158e-01 1.619936073007559318e-01 1.312114536864855685e-01 1.230834875063584882e-01 8.939366762561345992e-02 5.411915168040441065e-02
-5.325630166382813724e-02 -1.637256675949800427e-02 2.715841941425842232e-02 7.852852462353182572e-02 1.056155911536937608e-01 1.416220196355477967e-01 1.619936073007559318e-01 1.548488636549159025e-01 1.370113434077995518e-01 1.408594741840644426e-01 1.139897185277601172e-01 8.505978101716207829e-02
-8.327476801321748168e-02 -5.366588925335059879e-02 -1.382809867724130171e-02 2.804127675128479172e-02 6.293897218056959675e-02 1.030569699058288546e-01 1.312114536864855685e-01 1.370113434077995518e-01 1.335939244760120659e-01 1.490681210235840770e-01 1.298583993816054827e-01 1.078624227940383623e-01
-1.234100317221207832e-01 -9.578927520008838348e-02 -5.336518712563771694e-02 -1.400533900439744801e-02 3.340196417783013183e-02 8.359282816369167923e-02 1.230834875063584882e-01 1.408594741840644426e-01 1.490681210235840770e-01 1.789427867439508935e-01 1.644148918864505593e-01 1.453927829235731051e-01
-1.347736818694627026e-01 -1.147968795501840278e-01 -7.882921450397085972e-02 -5.023566386279702117e-02 -1.379393459391492754e-03 4.761319721721823939e-02 8.939366762561345992e-02 1.139897185277601172e-01 1.298583993816054827e-01 1.644148918864505593e-01 1.598954323586888049e-01 1.491658704010456749e-01
-1.432741956736003630e-01 -1.316297280615320864e-01 -1.026277105703750914e-01 -8.514971909372169578e-02 -3.593140906999487544e-02 1.079539773396299279e-02 5.411915168040441065e-02 8.505978101716207829e-02 1.078624227940383623e-01 1.453927829235731051e-01 1.491658704010456749e-01 1.487300622853055254e-01
1.811846660970519995e-01 1.742176951928492978e-01 1.444900276530852179e-01 1.004150120677902713e-01 6.926411996098469359e-02 3.294249716019372054e-02 -3.572083836815527665e-03 -3.899680154040637003e-02 -7.328404481418437921e-02 -1.106207032987400751e-01 -1.545509695652638738e-01 -1.834541765058156915e-01
1.742176951928492978e-01 1.846741715606374235e-01 1.678497036299390899e-01 1.320668762731583568e-01 1.114316309110243708e-01 7.985846203963647971e-02 4.402457388637277813e-02 5.884402483982332024e-03 -3.367505949544178506e-02 -7.609181745850208956e-02 -1.242766846428088878e-01 -1.617957231317959377e-01
1.444900276530852179e-01 1.678497036299390899e-01 1.681303646067249247e-01 1.462420363390384281e-01 1.389119990379718561e-01 1.158263697382864582e-01 8.504200319548541054e-02 4.912180260278832533e-02 9.467686679931083121e-03 -3.274326382543994718e-02 -7.947670208268628467e-02 -1.207686934371193510e-01
1.004150120677902713e-01 1.320668762731583568e-01 1.462420363390384281e-01 1.419437377754574903e-01 1.491439314639939895e-01 1.368105905587386484e-01 1.138946095144391518e-01 8.386932240277873707e-02 4.865513166508449866e-02 1.154583840422671558e-02 -2.858213257437141122e-02 -6.899059135459539860e-02
6.926411996098469359e-02 1.114316309110243708e-01 1.389119990379718561e-01 1.491439314639939895e-01 1.719779707652049627e-01 1.692097558898136289e-01 1.513616453652713023e-01 1.236174596623771660e-01 8.902961490827666913e-02 5.324013501453833674e-02 1.564865846650024053e-02 -2.766621416534478795e-02
3.294249716019372054e-02 7.985846203963647971e-02 1.158263697382864582e-01 1.368105905587386484e-01 1.692097558898136289e-01 1.778789342904094073e-01 1.679376892456064807e-01 1.456114509063996532e-01 1.153057091790719163e-01 8.466734783156168453e-02 5.379057910697203349e-02 1.305937756272341696e-02
-3.572083836815527665e-03 4.402457388637277813e-02 8.504200319548541054e-02 1.138946095144391518e-01 1.513616453652713023e-01 1.679376892456064807e-01 1.685879235788501074e-01 1.543215408538451960e-01 1.306771898490142469e-01 1.071376239126280716e-01 8.483706484990266583e-02 4.984306490403943302e-02
-3.899680154040637003e-02 5.884402483982332024e-03 4.912180260278832533e-02 8.386932240277873707e-02 1.236174596623771660e-01 1.456114509063996532e-01 1.543215408538451960e-01 1.507696984658524475e-01 1.363511622745137986e-01 1.217651855248386983e-01 1.093691624810290142e-01 8.227518400418265543e-02
-7.328404481418437921e-02 -3.367505949544178506e-02 9.467686679931083121e-03 4.865513166508449866e-02 8.902961490827666913e-02 1.153057091790719163e-01 1.306771898490142469e-01 1.363511622745137986e-01 1.336214733956496703e-01 1.300260832417051149e-01 1.289224336043943986e-01 1.113130041838599066e-01
-1.106207032987400751e-01 -7.609181745850208956e-02 -3.274326382543994718e-02 1.154583840422671558e-02 5.324013501453833674e-02 8.466734783156168453e-02 1.071376239126280716e-01 1.217651855248386983e-01 1.300260832417051149e-01 1.393753149539276315e-01 1.512422727559479818e-01 1.437564689883629732e-01
-1.545509695652638738e-01 -1.242766846428088878e-01 -7.947670208268628467e-02 -2.858213257437141122e-02 1.564865846650024053e-02 5.379057910697203349e-02 8.483706484990266583e-02 1.093691624810290142e-01 1.289224336043943986e-01 1.512422727559479818e-01 1.791534612291234008e-01 1.834055993075988100e-01
-1.834541765058156915e-01 -1.617957231317959377e-01 -1.207686934371193510e-01 -6.899059135459539860e-02 -2.766621416534478795e-02 1.305937756272341696e-02 4.984306490403943302e-02 8.227518400418265543e-02 1.113130041838599066e-01 1.437564689883629732e-01 1.834055993075988100e-01 2.027022832811105346e-01
1.550010942138001779e-01 1.648461656983256640e-01 1.464589981323880519e-01 1.117246332887410765e-01 7.223336286097510606e-02 2.670605896575636157e-02 -1.645794560203132223e-02 -5.426609422471706523e-02 -8.692647039249018492e-02 -1.147692295335712293e-01 -1.255570894633858403e-01 -1.406533561828065548e-01
1.648461656983256640e-01 1.910804294672171499e-01 1.837668669269126864e-01 1.556704327739881211e-01 1.209258533460524920e-01 7.440952977699268056e-02 2.578868365505695634e-02 -1.760268718314535880e-02 -5.623008842899585719e-02 -9.064729076671948493e-02 -1.116449093080140176e-01 -1.375145819668653902e-01
1.464589981323880519e-01 1.837668669269126864e-01 1.931032496447649960e-01 1.787029219228152555e-01 1.553451926469318622e-01 1.153290070304780618e-01 6.877700825228087733e-02 2.657245056287139626e-02 -1.224139116748054062e-02 -4.845125487425729766e-02 -7.746084278153536617e-02 -1.106354077901574029e-01
1.117246332887410765e-01 1.556704327739881211e-01 1.787029219228152555e-01 1.832193685163381325e-01 1.758484509078976077e-01 1.469944772273233113e-01 1.072084368587176845e-01 7.060466544721802351e-02 3.578988180436704081e-02 1.561848515564043076e-03 -3.306063698189859457e-02 -7.074546895223782217e-02
7.223336286097510606e-02 1.209258533460524920e-01 1.553451926469318622e-01 1.758484509078976077e-01 1.872692642377081773e-01 1.720306915276739179e-01 1.408456152451093846e-01 1.112675274540300546e-01 8.195905671194513020e-02 5.140990328312260854e-02 1.289914173449757152e-02 -2.765433975380230877e-02
2.670605896575636157e-02 7.440952977699268056e-02 1.153290070304780618e-01 1.469944772273233113e-01 1.720306915276739179e-01 1.739088784447318792e-01 1.556839099086154143e-01 1.364029654378427214e-01 1.155230890353253492e-01 9.187826660852904670e-02 5.436341317715850940e-02 1.604624595495150741e-02
-1.645794560203132223e-02 2.578868365505695634e-02 6.877700825228087733e-02 1.072084368587176845e-01 1.408456152451093846e-01 1.556839099086154143e-01 1.529243248365305119e-01 1.458425682868813578e-01 1.347651751381624408e-01 1.193330132934900950e-01 8.604794921375291672e-02 5.336945982992040427e-02
-5.426609422471706523e-02 -1.760268718314535880e-02 2.657245056287139626e-02 7.060466544721802351e-02 1.112675274540300546e-01 1.364029654378427214e-01 1.458425682868813578e-01 1.513998330125272129e-01 1.501853807125990703e-01 1.424543796219695235e-01 1.130262766640199867e-01 8.551004495854977461e-02
-8.692647039249018492e-02 -5.623008842899585719e-02 -1.224139116748054062e-02 3.578988180436704081e-02 8.195905671194513020e-02 1.155230890353253492e-01 1.347651751381624408e-01 1.501853807125990703e-01 1.597435119974147666e-01 1.601833056073989625e-01 1.349819430833090750e-01 1.125102256377275567e-01
-1.147692295335712293e-01 -9.064729076671948493e-02 -4.845125487425729766e-02 1.561848515564043076e-03 5.140990328312260854e-02 9.187826660852904670e-02 1.193330132934900950e-01 1.424543796219695235e-01 1.601833056073989625e-01 1.702058724327552841e-01 1.508740017043668780e-01 1.342225506375136213e-01
-1.255570894633858403e-01 -1.116449093080140176e-01 -7.746084278153536617e-02 -3.306063698189859457e-02 1.289914173449757152e-02 5.436341317715850940e-02 8.604794921375291672e-02 1.130262766640199867e-01 1.349819430833090750e-01 1.508740017043668780e-01 1.424458253351983672e-01 1.354216066295913790e-01
-1.406533561828065548e-01 -1.375145819668653902e-01 -1.106354077901574029e-01 -7.074546895223782217e-02 -2.765433975380230877e-02 1.604624595495150741e-02 5.336945982992040427e-02 8.551004495854977461e-02 1.125102256377275567e-01 1.342225506375136213e-01 1.354216066295913790e-01 1.396983478610137053e-01
2.069420156442503544e-01 1.829453485919829148e-01 1.490169555892682518e-01 1.226516091104900008e-01 8.564768128534541725e-02 5.092501580069924705e-02 1.067552178453468580e-02 -3.072797884676694430e-02 -7.415593339671287809e-02 -1.138573530428212688e-01 -1.548316387424594764e-01 -1.847735809184203326e-01
1.829453485919829148e-01 1.768596701101984858e-01 1.569843048008606190e-01 1.422222379742422715e-01 1.129824465820671586e-01 8.549457158869369633e-02 4.868756787980747097e-02 1.582893095230340080e-02 -2.358285272071533600e-02 -6.599871885843454355e-02 -1.113654111885400699e-01 -1.498869631886235176e-01
1.490169555892682518e-01 1.569843048008606190e-01 1.530909331701426068e-01 1.507703513100116521e-01 1.304373071179001364e-01 1.108561928096088167e-01 7.919063389046068768e-02 5.594928006138438076e-02 2.275670906522566511e-02 -1.930381463614974646e-02 -6.581939385684809629e-02 -1.094262574531249949e-01
1.226516091104900008e-01 1.422222379742422715e-01 1.507703513100116521e-01 1.610587202453113154e-01 1.489975017228317711e-01 1.361104007583359976e-01 1.079989376353781144e-01 9.248855751278786674e-02 6.404110900176726573e-02 2.152775579091855893e-02 -2.702031758442510409e-02 -7.634202270644868671e-02
8.564768128534541725e-02 1.129824465820671586e-01 1.304373071179001364e-01 1.489975017228317711e-01 1.475411875435465037e-01 1.431180562175884408e-01 1.215799686787146505e-01 1.145955512766834578e-01 9.338931018117328786e-02 5.530099007412844769e-02 1.056253326468745840e-02 -3.834601340819722426e-02
5.092501580069924705e-02 8.549457158869369633e-02 1.108561928096088167e-01 1.361104007583359976e-01 1.431180562175884408e-01 1.480659519191673823e-01 1.336652310546731504e-01 1.350572202937313504e-01 1.205705367570418240e-01 8.651870527398627941e-02 4.547857390218076890e-02 -2.783619257720391666e-03
1.067552178453468580e-02 4.868756787980747097e-02 7.919063389046068768e-02 1.079989376353781144e-01 1.215799686787146505e-01 1.336652310546731504e-01 1.296308458911402950e-01 1.403062164645415832e-01 1.344566719878863836e-01 1.079424871305771499e-01 7.493423177974717353e-02 3.278966108118985118e-02
-3.072797884676694430e-02 1.582893095230340080e-02 5.594928006138438076e-02 9.248855751278786674e-02 1.145955512766834578e-01 1.350572202937313504e-01 1.403062164645415832e-01 1.634434049750473350e-01 1.668072221231270968e-01 1.449007975791116176e-01 1.159027871692979855e-01 7.471653789502646914e-02
-7.415593339671287809e-02 -2.358285272071533600e-02 2.275670906522566511e-02 6.404110900176726573e-02 9.338931018117328786e-02 1.205705367570418240e-01 1.344566719878863836e-01 1.668072221231270968e-01 1.823146866502016461e-01 1.695084433253485900e-01 1.488186596288277319e-01 1.134904621086828408e-01
-1.138573530428212688e-01 -6.599871885843454355e-02 -1.930381463614974646e-02 2.152775579091855893e-02 5.530099007412844769e-02 8.651870527398627941e-02 1.079424871305771499e-01 1.449007975791116176e-01 1.695084433253485900e-01 1.717356023594716619e-01 1.652242551444377539e-01 1.421813408573920912e-01
-1.548316387424594764e-01 -1.113654111885400699e-01 -6.581939385684809629e-02 -2.702031758442510409e-02 1.056253326468745840e-02 4.547857390218076890e-02 7.493423177974717353e-02 1.159027871692979855e-01 1.488186596288277319e-01 1.652242551444377539e-01 1.769125339226869653e-01 1.696421461345218318e-01
-1.847735809184203326e-01 -1.498869631886235176e-01 -1.094262574531249949e-01 -7.634202270644868671e-02 -3.834601340819722426e-02 -2.783619257720391666e-03 3.278966108118985118e-02 7.471653789502646914e-02 1.134904621086828408e-01 1.421813408573920912e-01 1.696421461345218318e-01 1.824044475688347267e-01
