4.519860816961712713e-01 2.323923304541477275e-01 -8.956671748340480632e-02 -9.906421643380194930e-02 -1.929477301032313241e-02 5.166369293466873541e-02 9.704575605288290330e-02 -4.562563375333299198e-02 -1.000727826565619150e-01 2.613238438452028869e-02 1.489454495387518007e-01 3.472332123747099986e-01
2.323923304541477275e-01 7.888102968900343459e-01 2.869155678061305892e-01 1.459099320617492611e-02 -8.767773339044017400e-02 -7.449569468136875428e-02 -4.525434026606271753e-02 6.182734396926847092e-02 4.141039946776904623e-02 -5.802141178367188623e-02 -5.177241576821664526e-02 -1.298710323441967969e-02
-8.956671748340480632e-02 2.869155678061305892e-01 3.256480466266318263e-01 2.587857040121487873e-01 1.716408522806252557e-01 4.565067579610582182e-02 -4.309196770717059477e-02 -3.379928876725110665e-02 3.690562337002500221e-02 3.575273676176604631e-02 -4.564023848598482147e-02 -1.324660004605254238e-01
-9.906421643380194930e-02 1.459099320617492611e-02 2.587857040121487873e-01 3.427645471395016630e-01 3.159739648926718769e-01 1.520371857288959627e-01 3.276656681381469316e-02 -9.447027111781150510e-02 -2.483606909371742846e-02 7.698061889516952250e-02 1.840361477717131905e-02 -4.866914186039215939e-02
-1.929477301032313241e-02 -8.767773339044017400e-02 1.716408522806252557e-01 3.159739648926718769e-01 3.542525049571786377e-01 2.144998279061868796e-01 1.327000366664289333e-01 -8.020670536553492491e-02 -7.544526147531557814e-02 5.569454770092097107e-02 5.771767232245191004e-02 5.047387674389961637e-02
5.166369293466873541e-02 -7.449569468136875428e-02 4.565067579610582182e-02 1.520371857288959627e-01 2.144998279061868796e-01 1.860664834239330323e-01 2.305058205253676384e-01 5.751459693081972802e-02 -6.159395055700235544e-02 -3.057169256778829308e-02 3.396914507203178946e-02 8.191966477543818903e-02
9.704575605288290330e-02 -4.525434026606271753e-02 -4.309196770717059477e-02 3.276656681381469316e-02 1.327000366664289333e-01 2.305058205253676384e-01 4.993149549577136082e-01 3.591502050400556256e-01 8.879989347490640020e-03 -1.417095549807963484e-01 -1.529873881858250829e-02 8.197040211952638655e-02
-4.562563375333299198e-02 6.182734396926847092e-02 -3.379928876725110665e-02 -9.447027111781150510e-02 -8.020670536553492491e-02 5.751459693081972802e-02 3.591502050400556256e-01 5.290247128190520565e-01 2.743115041820646249e-01 -4.114612496961449553e-03 -6.345313069598698674e-02 -8.742766272204330336e-02
-1.000727826565619150e-01 4.141039946776904623e-02 3.690562337002500221e-02 -2.483606909371742846e-02 -7.544526147531557814e-02 -6.159395055700235544e-02 8.879989347490640020e-03 2.743115041820646249e-01 4.118036198976600115e-01 3.566807619452909695e-01 6.004255867343051556e-02 -7.775275195433124786e-02
2.613238438452028869e-02 -5.802141178367188623e-02 3.575273676176604631e-02 7.698061889516952250e-02 5.569454770092097107e-02 -3.057169256778829308e-02 -1.417095549807963484e-01 -4.114612496961449553e-03 3.566807619452909695e-01 6.045475592155002964e-01 2.351384943968991004e-01 1.175394258334149233e-01
1.489454495387518007e-01 -5.177241576821664526e-02 -4.564023848598482147e-02 1.840361477717131905e-02 5.771767232245191004e-02 3.396914507203178946e-02 -1.529873881858250829e-02 -6.345313069598698674e-02 6.004255867343051556e-02 2.351384943968991004e-01 1.573382744974462510e-01 1.880250551054593600e-01
3.472332123747099986e-01 -1.298710323441967969e-02 -1.324660004605254238e-01 -4.866914186039215939e-02 5.047387674389961637e-02 8.191966477543818903e-02 8.197040211952638655e-02 -8.742766272204330336e-02 -7.775275195433124786e-02 1.175394258334149233e-01 1.880250551054593600e-01 3.484429178792053383e-01
6.641497951842039171e-01 3.563954485945546313e-01 9.208169727990769826e-02 -8.320105650579318057e-02 -4.203734025330425894e-02 -7.710305167087748782e-03 3.518416389220246909e-02 9.988443539736472157e-03 -4.012613196597840381e-02 -2.936289911588615270e-02 3.158251439859173504e-02 2.611929224072838673e-01
3.563954485945546313e-01 3.573530094775048682e-01 1.895097968151975842e-01 5.350653269991715449e-02 -3.758665082533159396e-02 -8.015663515589126209e-02 9.544927798567057892e-03 7.396573416674966095e-02 2.294040676956742020e-02 -8.710390443171103780e-02 -1.689052857792578410e-01 -7.628910946051156716e-02
9.208169727990769826e-02 1.895097968151975842e-01 2.138687811542711037e-01 3.040432163381211472e-01 6.422473902597908291e-02 -4.265430737932184024e-02 -3.800435552040357101e-02 3.178685534273498897e-02 4.312666574771724382e-02 -2.929589434948737595e-02 -9.511332998788345205e-02 -9.087410275850657526e-02
-8.320105650579318057e-02 5.350653269991715449e-02 3.040432163381211472e-01 7.510327602849260487e-01 2.535034873088066742e-01 6.880107527094712905e-02 -6.946323969101036999e-02 -4.680612604440453905e-02 2.758653858499371392e-02 4.833888957858450269e-02 5.319539776031164541e-02 7.403466456633641529e-03
-4.203734025330425894e-02 -3.758665082533159396e-02 6.422473902597908291e-02 2.535034873088066742e-01 1.362870534436954606e-01 1.596969948644081927e-01 9.390453492979917993e-02 -2.279132447695177491e-02 -6.042030623709906262e-02 4.276805558372740249e-03 5.520506853250604223e-02 5.511911695649988896e-02
-7.710305167087748782e-03 -8.015663515589126209e-02 -4.265430737932184024e-02 6.880107527094712905e-02 1.596969948644081927e-01 4.092241394492908135e-01 3.940286646957854022e-01 4.811596819803633240e-02 -1.556638175438575522e-01 -5.273900633639194702e-02 4.240520498467242883e-02 8.434613118790970643e-02
3.518416389220246909e-02 9.544927798567057892e-03 -3.800435552040357101e-02 -6.946323969101036999e-02 9.390453492979917993e-02 3.940286646957854022e-01 5.444248887778011525e-01 2.485089119385303080e-01 1.255899759932208037e-02 -4.880524226662022458e-02 -5.688177296986603182e-02 -2.867195981017697098e-02
9.988443539736472157e-03 7.396573416674966095e-02 3.178685534273498897e-02 -4.680612604440453905e-02 -2.279132447695177491e-02 4.811596819803633240e-02 2.485089119385303080e-01 3.513163254386865719e-01 3.588931886669424198e-01 9.508027583431449825e-02 -4.573332821771325385e-02 -9.309797584600026932e-02
-4.012613196597840381e-02 2.294040676956742020e-02 4.312666574771724382e-02 2.758653858499371392e-02 -6.042030623709906262e-02 -1.556638175438575522e-01 1.255899759932208037e-02 3.588931886669424198e-01 5.943285705288545717e-01 2.541802810597891815e-01 8.795922043244880362e-02 -1.162722923276226020e-02
-2.936289911588615270e-02 -8.710390443171103780e-02 -2.929589434948737595e-02 4.833888957858450269e-02 4.276805558372740249e-03 -5.273900633639194702e-02 -4.880524226662022458e-02 9.508027583431449825e-02 2.541802810597891815e-01 1.839246136940217990e-01 1.860890970905632880e-01 1.487875590739727860e-01
3.158251439859173504e-02 -1.689052857792578410e-01 -9.511332998788345205e-02 5.319539776031164541e-02 5.520506853250604223e-02 4.240520498467242883e-02 -5.688177296986603182e-02 -4.573332821771325385e-02 8.795922043244880362e-02 1.860890970905632880e-01 3.232071874121468791e-01 3.426465331854567364e-01
2.611929224072838673e-01 -7.628910946051156716e-02 -9.087410275850657526e-02 7.403466456633641529e-03 5.511911695649988896e-02 8.434613118790970643e-02 -2.867195981017697098e-02 -9.309797584600026932e-02 -1.162722923276226020e-02 1.487875590739727860e-01 3.426465331854567364e-01 4.708828751545420799e-01
6.310815331668576667e-01 3.116676121899116247e-01 -3.782605929271393164e-02 -9.965338996258675530e-02 -6.533537553799715139e-03 7.162450731300630535e-02 5.524406261843335664e-02 -5.875143365802492669e-04 -6.961692653602750969e-02 -4.355746062294320320e-02 8.636537048257895977e-02 3.113037153522614231e-01
3.116676121899116247e-01 3.260029003999098673e-01 2.940922010027195999e-01 3.899914917303548556e-02 -8.690059826027879408e-02 -2.123510101281035622e-02 4.492266416137350588e-02 6.501066683961662096e-02 -2.083837622061689848e-02 -8.381378816546425359e-02 -4.309784718706152762e-02 8.141053726102931432e-02
-3.782605929271393164e-02 2.940922010027195999e-01 6.821156507455183871e-01 3.064670493408654384e-01 -2.515176203264209848e-02 -1.101098841048488153e-01 -4.629587597170713859e-02 2.844408240524340381e-02 5.194601092425561728e-02 4.755536557798780567e-03 -5.612924696415994702e-02 -9.555577772297851880e-02
-9.965338996258675530e-02 3.899914917303548556e-02 3.064670493408654384e-01 3.208265205226729089e-01 2.909715499629681457e-01 7.617069373878287974e-02 -4.597508567462102458e-02 -8.418934099813737970e-02 3.071936519893182695e-03 7.353220928795077549e-02 4.942627648524418327e-02 -2.335421491785025921e-02
-6.533537553799715139e-03 -8.690059826027879408e-02 -2.515176203264209848e-02 2.909715499629681457e-01 5.991703280652453945e-01 3.421742107119400411e-01 7.254034901263152479e-02 -7.826326525572721571e-02 -6.279260795017141406e-02 2.739032945051442930e-02 6.925551495340862007e-02 5.970737705480275159e-02
7.162450731300630535e-02 -2.123510101281035622e-02 -1.101098841048488153e-01 7.617069373878287974e-02 3.421742107119400411e-01 3.242174380883316998e-01 2.087083218317795641e-01 1.329561413725037222e-01 -1.509116579507579006e-02 -8.994206418903247235e-02 -5.602308051833219948e-02 1.268226214464906326e-02
5.524406261843335664e-02 4.492266416137350588e-02 -4.629587597170713859e-02 -4.597508567462102458e-02 7.254034901263152479e-02 2.087083218317795641e-01 2.650403664811147308e-01 3.109203178429774117e-01 1.046074776659087213e-01 -9.204264577708536066e-02 -1.163887852406485512e-01 -5.000759628751033636e-02
-5.875143365802492669e-04 6.501066683961662096e-02 2.844408240524340381e-02 -8.418934099813737970e-02 -7.826326525572721571e-02 1.329561413725037222e-01 3.109203178429774117e-01 5.038308895503929019e-01 3.100586248109703513e-01 3.206747660356324553e-02 -8.560342195927327091e-02 -7.891271172886796248e-02
-6.961692653602750969e-02 -2.083837622061689848e-02 5.194601092425561728e-02 3.071936519893182695e-03 -6.279260795017141406e-02 -1.509116579507579006e-02 1.046074776659087213e-01 3.100586248109703513e-01 3.945619041973784658e-01 3.049108299911202913e-01 1.432843844495988450e-01 2.070189051906465988e-02
-4.355746062294320320e-02 -8.381378816546425359e-02 4.755536557798780567e-03 7.353220928795077549e-02 2.739032945051442930e-02 -8.994206418903247235e-02 -9.204264577708536066e-02 3.206747660356324553e-02 3.049108299911202913e-01 4.322946462376892063e-01 3.062785457685434087e-01 1.390595861400616140e-01
8.636537048257895977e-02 -4.309784718706152762e-02 -5.612924696415994702e-02 4.942627648524418327e-02 6.925551495340862007e-02 -5.602308051833219948e-02 -1.163887852406485512e-01 -8.560342195927327091e-02 1.432843844495988450e-01 3.062785457685434087e-01 2.748063151166770801e-01 1.906195688898132956e-01
3.113037153522614231e-01 8.141053726102931432e-02 -9.555577772297851880e-02 -2.335421491785025921e-02 5.970737705480275159e-02 1.268226214464906326e-02 -5.000759628751033636e-02 -7.891271172886796248e-02 2.070189051906465988e-02 1.390595861400616140e-01 1.906195688898132956e-01 2.460515074282401682e-01
3.702541955131137819e-01 2.774888543932100271e-01 7.330394147404470373e-02 -1.246541233502861251e-01 9.173680685947513402e-02 4.946984402317837481e-02 7.129364942895997925e-02 -2.007321619888587094e-02 -8.515693780003238955e-02 -4.332035674994376417e-02 1.251686184228567034e-01 2.956655550688855327e-01
2.774888543932100271e-01 3.254875105722148665e-01 2.974030285934896045e-01 -3.129064999330399832e-02 -6.763095593848658660e-02 4.454215698642623004e-03 6.407142222710879298e-02 2.467290445713833658e-02 -6.629646977711697864e-02 -8.927581569147681473e-02 1.670304489566223211e-02 1.606996799931955100e-01
7.330394147404470373e-02 2.974030285934896045e-01 6.115596960204499055e-01 2.877645732963215464e-01 -2.035690081589273670e-01 -6.501983796759569501e-02 -2.127698934319481594e-02 4.138017227320765073e-02 2.407287478610845716e-02 -2.438542318040069767e-02 -5.782860669809339327e-02 -3.732987702066744434e-02
-1.246541233502861251e-01 -3.129064999330399832e-02 2.877645732963215464e-01 6.738553903247828103e-01 3.010773946233194498e-01 2.762597241160327094e-02 -6.421250874178163759e-02 -4.007713863214949768e-02 4.947263756006835267e-02 8.143060368990490128e-02 6.896919626350772950e-03 -8.638447518153138938e-02
9.173680685947513402e-02 -6.763095593848658660e-02 -2.035690081589273670e-01 3.010773946233194498e-01 6.428885344140640168e-01 1.712238591294583945e-01 1.233672749829211740e-01 -8.423068149741575611e-03 -9.019063676669465679e-02 -7.477563896150440925e-02 3.832961121040540098e-02 1.221653781349859996e-01
4.946984402317837481e-02 4.454215698642623004e-03 -6.501983796759569501e-02 2.762597241160327094e-02 1.712238591294583945e-01 6.566860548976369283e-02 1.107660881632198946e-01 8.064874528333046411e-02 -1.483971620360207376e-02 -5.489307412300478695e-02 -1.547661114040523207e-02 3.579251928146556794e-02
7.129364942895997925e-02 6.407142222710879298e-02 -2.127698934319481594e-02 -6.421250874178163759e-02 1.233672749829211740e-01 1.107660881632198946e-01 3.539077352511787455e-01 3.887679794253927068e-01 7.724554207693515306e-02 -1.116016609060094950e-01 -9.625389447715007596e-02 -1.495653725519374613e-03
-2.007321619888587094e-02 2.467290445713833658e-02 4.138017227320765073e-02 -4.007713863214949768e-02 -8.423068149741575611e-03 8.064874528333046411e-02 3.887679794253927068e-01 5.699993763004399527e-01 2.603767012215205678e-01 4.691863140727015047e-02 -5.103951746791648980e-02 -5.747260107233020943e-02
-8.515693780003238955e-02 -6.629646977711697864e-02 2.407287478610845716e-02 4.947263756006835267e-02 -9.019063676669465679e-02 -1.483971620360207376e-02 7.724554207693515306e-02 2.603767012215205678e-01 2.912565883049402227e-01 2.911408250257145336e-01 1.423864139400541906e-01 -5.835871490972963094e-03
-4.332035674994376417e-02 -8.927581569147681473e-02 -2.438542318040069767e-02 8.143060368990490128e-02 -7.477563896150440925e-02 -5.489307412300478695e-02 -1.116016609060094950e-01 4.691863140727015047e-02 2.911408250257145336e-01 4.653329157539581873e-01 3.217516842816527389e-01 1.138874504579253516e-01
1.251686184228567034e-01 1.670304489566223211e-02 -5.782860669809339327e-02 6.896919626350772950e-03 3.832961121040540098e-02 -1.547661114040523207e-02 -9.625389447715007596e-02 -5.103951746791648980e-02 1.423864139400541906e-01 3.217516842816527389e-01 3.165254927065946911e-01 2.332263410399183223e-01
2.956655550688855327e-01 1.606996799931955100e-01 -3.732987702066744434e-02 -8.638447518153138938e-02 1.221653781349859996e-01 3.579251928146556794e-02 -1.495653725519374613e-03 -5.747260107233020943e-02 -5.835871490972963094e-03 1.138874504579253516e-01 2.332263410399183223e-01 3.132639593485148088e-01
4.933856112265215810e-01 3.832904080254971868e-01 6.979804899334243751e-02 -1.031855724873583513e-01 -4.732585118545150349e-02 4.733827707081482428e-02 5.374563993134862105e-02 5.941937830771270787e-03 -5.601554780969851544e-02 -4.615384527165315720e-02 1.078430977533488891e-02 2.581401007331086683e-01
3.832904080254971868e-01 5.081091729971155546e-01 2.061337189941430115e-01 7.775813662851030483e-02 -3.506338041478880563e-02 -6.743426015384408612e-02 -2.007580983726801535e-03 5.664756819755843720e-02 7.856463472060319642e-02 -3.636647667226318437e-02 -1.677725911468946063e-01 -2.794584911572041939e-03
6.979804899334243751e-02 2.061337189941430115e-01 1.885491724373338784e-01 2.810608141529030712e-01 8.858468004817338093e-02 -6.831121549618587863e-02 -6.642913483325066371e-02 -2.160020049866866187e-03 5.669718531028146435e-02 1.811218386398279201e-02 -3.888096901641913128e-02 -4.854124943075591170e-02
-1.031855724873583513e-01 7.775813662851030483e-02 2.810608141529030712e-01 6.508864591276661837e-01 3.157330649145501100e-01 -3.747360325541079264e-04 -1.077963577811691109e-01 -6.575732805588672958e-02 9.929298125178547679e-03 5.297640299294755634e-02 7.718944635905833351e-02 -4.482720024203140641e-02
-4.732585118545150349e-02 -3.506338041478880563e-02 8.858468004817338093e-02 3.157330649145501100e-01 2.987255380106079716e-01 2.738398633485595868e-01 1.091350121320752015e-01 -8.317334961152101497e-03 -7.270325825103783612e-02 -1.880962210309184909e-02 3.744200825255321330e-02 2.437491766081412506e-02
4.733827707081482428e-02 -6.743426015384408612e-02 -6.831121549618587863e-02 -3.747360325541079264e-04 2.738398633485595868e-01 5.580415668584576272e-01 3.559698720301416319e-01 1.054684314317635568e-01 -7.427570632799447570e-02 -7.314793464677221690e-02 -4.367514970713094052e-02 5.651800391237430526e-02
5.374563993134862105e-02 -2.007580983726801535e-03 -6.642913483325066371e-02 -1.077963577811691109e-01 1.091350121320752015e-01 3.559698720301416319e-01 2.994307522984759329e-01 1.793314161994279399e-01 1.052940866136301556e-01 -2.345568274560215841e-05 -5.960482276072769092e-02 -4.663068180036216218e-03
5.941937830771270787e-03 5.664756819755843720e-02 -2.160020049866866187e-03 -6.575732805588672958e-02 -8.317334961152101497e-03 1.054684314317635568e-01 1.793314161994279399e-01 2.420864377560949521e-01 3.299900979373375787e-01 1.212871779032005937e-01 -1.482763384303714682e-02 -6.999603740817696151e-02
-5.601554780969851544e-02 7.856463472060319642e-02 5.669718531028146435e-02 9.929298125178547679e-03 -7.270325825103783612e-02 -7.427570632799447570e-02 1.052940866136301556e-01 3.299900979373375787e-01 5.941057938997902355e-01 2.735589754573536925e-01 8.801993775929443931e-02 -9.646969424647813818e-02
-4.615384527165315720e-02 -3.636647667226318437e-02 1.811218386398279201e-02 5.297640299294755634e-02 -1.880962210309184909e-02 -7.314793464677221690e-02 -2.345568274560215841e-05 1.212871779032005937e-01 2.735589754573536925e-01 1.876064029764302199e-01 2.066904519221174352e-01 7.425062146916132366e-02
1.078430977533488891e-02 -1.677725911468946063e-01 -3.888096901641913128e-02 7.718944635905833351e-02 3.744200825255321330e-02 -4.367514970713094052e-02 -5.960482276072769092e-02 -1.482763384303714682e-02 8.801993775929443931e-02 2.066904519221174352e-01 5.017916172949614673e-01 3.832706510310551207e-01
2.581401007331086683e-01 -2.794584911572041939e-03 -4.854124943075591170e-02 -4.482720024203140641e-02 2.437491766081412506e-02 5.651800391237430526e-02 -4.663068180036216218e-03 -6.999603740817696151e-02 -9.646969424647813818e-02 7.425062146916132366e-02 3.832706510310551207e-01 4.772814751165275204e-01
4.537013345380237483e-01 3.159469028985196215e-01 9.901006819662037939e-02 -1.105372245366491035e-01 8.998054074373335043e-02 8.313825608814379153e-02 -1.676716288636794644e-02 -9.677169857504758221e-02 -6.118815778790616389e-02 -8.334000663162183242e-02 2.803314573613440580e-02 2.860228502530623440e-01
3.159469028985196215e-01 3.700983537111437460e-01 3.029545012961359918e-01 -3.268854054249062391e-02 -7.241142376167304662e-02 5.202084283036922940e-03 4.962301684469815066e-02 4.709799988028105788e-02 -7.895473555613038291e-03 -7.594900031447947286e-02 -9.038527474266411232e-02 1.018069380400124513e-01
9.901006819662037939e-02 3.029545012961359918e-01 4.786874986117715114e-01 2.565118916928184056e-01 -1.713422945357153393e-01 -1.076145712074922656e-01 5.123252895266600798e-02 1.376274139505118121e-01 5.091877919303282318e-02 1.139627853809565758e-02 -6.626600792505213389e-02 -4.650946292363309503e-02
-1.105372245366491035e-01 -3.268854054249062391e-02 2.565118916928184056e-01 8.108148596791906471e-01 2.302514438118226092e-01 -2.661708414969103306e-02 -7.834217399142907878e-02 -5.977966500520172366e-02 -2.317701640400330557e-03 4.546984869205097923e-02 5.963939751348815849e-02 -3.780372131451018025e-02
8.998054074373335043e-02 -7.241142376167304662e-02 -1.713422945357153393e-01 2.302514438118226092e-01 5.223382787538484173e-01 3.340702853946407869e-01 9.427600662670004850e-02 -5.951645394936286304e-02 -5.408294801988990791e-02 -8.818977627272853170e-02 -3.889052959271254578e-02 8.928672603615071812e-02
8.313825608814379153e-02 5.202084283036922940e-03 -1.076145712074922656e-01 -2.661708414969103306e-02 3.340702853946407869e-01 3.463116312939129027e-01 2.467920081198534121e-01 1.454622833139138094e-01 2.053568172305499789e-02 -4.288795159641388410e-02 -5.740565375719537677e-02 3.596299127550579844e-02
-1.676716288636794644e-02 4.962301684469815066e-02 5.123252895266600798e-02 -7.834217399142907878e-02 9.427600662670004850e-02 2.467920081198534121e-01 3.404606257487381993e-01 3.423583221729578074e-01 1.127590039878112460e-01 6.065312103494912427e-02 -1.632076012141131516e-02 -5.430231692707959690e-02
-9.677169857504758221e-02 4.709799988028105788e-02 1.376274139505118121e-01 -5.977966500520172366e-02 -5.951645394936286304e-02 1.454622833139138094e-01 3.423583221729578074e-01 4.283898623236849224e-01 1.626829157880882171e-01 1.391465168219143400e-01 4.540232357507693189e-02 -9.658731651870773594e-02
-6.118815778790616389e-02 -7.895473555613038291e-03 5.091877919303282318e-02 -2.317701640400330557e-03 -5.408294801988990791e-02 2.053568172305499789e-02 1.127590039878112460e-01 1.626829157880882171e-01 7.618619055816708285e-02 1.038397617746264212e-01 9.472092965161421629e-02 -1.447082394365153610e-02
-8.334000663162183242e-02 -7.594900031447947286e-02 1.139627853809565758e-02 4.546984869205097923e-02 -8.818977627272853170e-02 -4.288795159641388410e-02 6.065312103494912427e-02 1.391465168219143400e-01 1.038397617746264212e-01 2.380965868897982340e-01 3.301366994665698162e-01 9.439099319973398572e-02
2.803314573613440580e-02 -9.038527474266411232e-02 -6.626600792505213389e-02 5.963939751348815849e-02 -3.889052959271254578e-02 -5.740565375719537677e-02 -1.632076012141131516e-02 4.540232357507693189e-02 9.472092965161421629e-02 3.301366994665698162e-01 5.873377925376243036e-01 3.073443065781051864e-01
2.860228502530623440e-01 1.018069380400124513e-01 -4.650946292363309503e-02 -3.780372131451018025e-02 8.928672603615071812e-02 3.596299127550579844e-02 -5.430231692707959690e-02 -9.658731651870773594e-02 -1.447082394365153610e-02 9.439099319973398572e-02 3.073443065781051864e-01 3.475769853541117449e-01
3.675009823653241359e-01 2.811356821035579379e-01 1.394789605700079427e-01 -2.452914825322426336e-03 -8.432480078811446789e-02 -3.723403211410388457e-03 6.706767486965733993e-02 8.456977997394413138e-02 -4.618210782281947230e-02 -1.070415506193654887e-01 -2.599816302256514194e-02 3.083496574404246404e-01
2.811356821035579379e-01 3.876284708731362327e-01 3.183778585002980943e-01 1.314330987614306112e-01 -8.895417592668306006e-02 -7.939398923617074777e-02 -3.321759537645856131e-02 3.238207232867912344e-02 4.694775548013031818e-02 -4.417173299898317224e-02 -1.092880369358220083e-01 3.109882905922838406e-02
1.394789605700079427e-01 3.183778585002980943e-01 3.602593562332173649e-01 2.539322170931539446e-01 5.092947023258462269e-02 -6.718720334704282593e-02 -9.995697290020894021e-02 -5.324346074462095457e-02 7.806491283881383803e-02 4.783925002508883362e-02 -5.001632082040456673e-02 -9.060616974076729502e-02
-2.452914825322426336e-03 1.314330987614306112e-01 2.539322170931539446e-01 3.405832771487057875e-01 3.305332530227308441e-01 7.123236701612821464e-02 -5.422797575918317237e-02 -8.551343711850059592e-02 2.529435226472061260e-02 7.223957960208401974e-02 3.542419181888727120e-02 -7.646476478006508648e-02
-8.432480078811446789e-02 -8.895417592668306006e-02 5.092947023258462269e-02 3.305332530227308441e-01 6.190460799997097308e-01 2.840720093784978584e-01 1.149271137036871754e-01 -4.584925483995166973e-03 -7.150973524605655496e-02 -5.447505414566186990e-03 5.930076389144707527e-02 2.843929880738396351e-02
-3.723403211410388457e-03 -7.939398923617074777e-02 -6.718720334704282593e-02 7.123236701612821464e-02 2.840720093784978584e-01 2.026739879937860256e-01 1.781586162319199751e-01 1.312181779369647194e-01 -3.416033413638182303e-02 -7.955607915675107222e-02 -3.535345198765485475e-02 6.497345807986303068e-02
6.706767486965733993e-02 -3.321759537645856131e-02 -9.995697290020894021e-02 -5.422797575918317237e-02 1.149271137036871754e-01 1.781586162319199751e-01 2.656853142132218348e-01 3.019715387675999674e-01 6.920444437891046241e-02 -1.098628117082348365e-01 -1.176769780708276925e-01 6.673089325891568002e-02
8.456977997394413138e-02 3.238207232867912344e-02 -5.324346074462095457e-02 -8.551343711850059592e-02 -4.584925483995166973e-03 1.312181779369647194e-01 3.019715387675999674e-01 4.828746900883578719e-01 3.182038815040786339e-01 -3.141617340115252996e-03 -1.210206377116822274e-01 5.704512547289638212e-03
-4.618210782281947230e-02 4.694775548013031818e-02 7.806491283881383803e-02 2.529435226472061260e-02 -7.150973524605655496e-02 -3.416033413638182303e-02 6.920444437891046241e-02 3.182038815040786339e-01 5.416716557417451394e-01 3.094486409362623425e-01 1.132785102479244160e-01 -9.791533933870946727e-02
-1.070415506193654887e-01 -4.417173299898317224e-02 4.783925002508883362e-02 7.223957960208401974e-02 -5.447505414566186990e-03 -7.955607915675107222e-02 -1.098628117082348365e-01 -3.141617340115252996e-03 3.094486409362623425e-01 3.442524426029845985e-01 2.907684534122991771e-01 1.367956381057776859e-02
-2.599816302256514194e-02 -1.092880369358220083e-01 -5.001632082040456673e-02 3.542419181888727120e-02 5.930076389144707527e-02 -3.535345198765485475e-02 -1.176769780708276925e-01 -1.210206377116822274e-01 1.132785102479244160e-01 2.907684534122991771e-01 4.346610131062740301e-01 3.029011664917162783e-01
3.083496574404246404e-01 3.109882905922838406e-02 -9.060616974076729502e-02 -7.646476478006508648e-02 2.843929880738396351e-02 6.497345807986303068e-02 6.673089325891568002e-02 5.704512547289638212e-03 -9.791533933870946727e-02 1.367956381057776859e-02 3.029011664917162783e-01 6.531627296335491550e-01
3.098115582423362491e-01 3.826985913412150886e-01 1.125301052028299664e-01 -3.927103328120568060e-02 -2.693418842157722405e-03 2.733693057619622849e-02 -9.666805302052186317e-04 -2.591999854238753731e-02 -1.975470816867821305e-02 -2.449461207044520417e-02 7.597049954805454308e-02 1.949524214618824081e-01
3.826985913412150886e-01 5.241845838773466770e-01 1.697084688915683759e-01 5.168909532168830881e-03 -5.017347208308321760e-02 -5.766536081251869700e-02 4.026449426292073169e-02 3.969302164933789095e-02 -1.568042880531105368e-02 -9.596315215528504472e-02 4.179598946392105996e-02 2.095038215772916657e-01
1.125301052028299664e-01 1.697084688915683759e-01 9.007582099707525658e-02 1.769563950602601188e-01 -1.143380761128945399e-04 -5.542293344973253655e-02 1.476671767269060499e-02 3.587575551788355077e-02 3.499582430775820610e-03 -3.174132960428584227e-02 2.345141955202829833e-03 5.253564170873521039e-02
-3.927103328120568060e-02 5.168909532168830881e-03 1.769563950602601188e-01 9.262406692706393052e-01 1.704460123299355867e-01 -4.681993541511164647e-02 -1.982734048354847095e-02 3.025898808644848087e-02 1.748866573491171528e-02 1.525172861931338789e-02 -1.921007321008863511e-02 -4.066742439370560347e-02
-2.693418842157722405e-03 -5.017347208308321760e-02 -1.143380761128945399e-04 1.704460123299355867e-01 2.137215861348236989e-01 3.278682223234528070e-01 1.239661323305231780e-02 -1.392804836527734569e-01 -5.262330477025184416e-02 -1.243483165399528363e-03 4.279594644949852311e-02 4.072283617138629935e-02
2.733693057619622849e-02 -5.766536081251869700e-02 -5.542293344973253655e-02 -4.681993541511164647e-02 3.278682223234528070e-01 6.956182251304734443e-01 2.237972237280575760e-01 -1.472857412490231610e-01 -7.696341707262371878e-02 -2.594982766224924672e-02 6.778185786180601635e-02 8.573916528768052436e-02
-9.666805302052186317e-04 4.026449426292073169e-02 1.476671767269060499e-02 -1.982734048354847095e-02 1.239661323305231780e-02 2.237972237280575760e-01 6.336998293598918863e-01 3.966228258971115084e-01 9.643340663615745934e-02 -2.183086253705427207e-02 -5.509187477274896105e-02 -4.263864800455879206e-02
-2.591999854238753731e-02 3.969302164933789095e-02 3.587575551788355077e-02 3.025898808644848087e-02 -1.392804836527734569e-01 -1.472857412490231610e-01 3.966228258971115084e-01 4.068559749894226085e-01 1.342840727204297757e-01 6.173994164130212209e-02 -4.743098357929020903e-02 -7.115383322768462082e-02
-1.975470816867821305e-02 -1.568042880531105368e-02 3.499582430775820610e-03 1.748866573491171528e-02 -5.262330477025184416e-02 -7.696341707262371878e-02 9.643340663615745934e-02 1.342840727204297757e-01 8.552804697587897131e-02 1.901923509666562928e-01 6.489471246675092286e-02 -1.681789758559118671e-04
-2.449461207044520417e-02 -9.596315215528504472e-02 -3.174132960428584227e-02 1.525172861931338789e-02 -1.243483165399528363e-03 -2.594982766224924672e-02 -2.183086253705427207e-02 6.173994164130212209e-02 1.901923509666562928e-01 7.375813442650203111e-01 3.525805861605669778e-01 1.154094150651496786e-01
7.597049954805454308e-02 4.179598946392105996e-02 2.345141955202829833e-03 -1.921007321008863511e-02 4.279594644949852311e-02 6.778185786180601635e-02 -5.509187477274896105e-02 -4.743098357929020903e-02 6.489471246675092286e-02 3.525805861605669778e-01 2.136011096443582447e-01 1.291070843686116243e-01
1.949524214618824081e-01 2.095038215772916657e-01 5.253564170873521039e-02 -4.066742439370560347e-02 4.072283617138629935e-02 8.573916528768052436e-02 -4.263864800455879206e-02 -7.115383322768462082e-02 -1.681789758559118671e-04 1.154094150651496786e-01 1.291070843686116243e-01 1.630812511127557596e-01
3.511801010887216079e-01 2.780764293274622379e-01 -1.573820206470178187e-02 -5.793621306563798840e-02 -6.198224498963138956e-02 3.620961896471248942e-02 6.475221582799065012e-02 4.024011117552957033e-03 -6.984293921789436199e-02 -1.177194629259555037e-01 -8.743136937329007430e-02 3.247799936828892897e-01
2.780764293274622379e-01 5.670113893791208781e-01 3.569156891839054824e-01 5.254107586677508879e-02 -8.382618455123577728e-02 -3.857701907559672738e-02 4.775594086315174125e-02 6.242163530656780202e-02 1.519360031988744968e-02 -4.622372911578104260e-02 -1.132536204940276930e-01 2.837695496830316619e-02
-1.573820206470178187e-02 3.569156891839054824e-01 5.140646674271838190e-01 2.037121503766359532e-01 1.131111252608493906e-01 -4.477427935778743873e-02 -8.817921439697698482e-02 -2.287660597258671380e-02 5.659378930890959780e-02 1.081781905305217034e-01 1.097066694891955796e-01 -1.448506730743916449e-01
-5.793621306563798840e-02 5.254107586677508879e-02 2.037121503766359532e-01 1.499349958120240467e-01 2.287373174039864510e-01 8.473861796449008721e-02 -5.563961069923627212e-02 -7.457970667315305668e-02 -1.855593104715664438e-02 3.829015251965706135e-02 7.536156068765417770e-02 -4.524792067807988094e-02
-6.198224498963138956e-02 -8.382618455123577728e-02 1.131111252608493906e-01 2.287373174039864510e-01 5.670880543696412701e-01 3.605629597478310910e-01 2.088244236354929936e-02 -1.312296796518069297e-01 -1.022592495580387228e-01 -3.396345280460733723e-02 3.596119944277141600e-02 3.386299567231820795e-02
3.620961896471248942e-02 -3.857701907559672738e-02 -4.477427935778743873e-02 8.473861796449008721e-02 3.605629597478310910e-01 4.112311524243655869e-01 2.694958445605667441e-01 1.047969794665936510e-01 -2.116085049386135127e-03 -5.217604069695861574e-02 -7.044715784974402151e-02 4.742519307210392443e-02
6.475221582799065012e-02 4.775594086315174125e-02 -8.817921439697698482e-02 -5.563961069923627212e-02 2.088244236354929936e-02 2.694958445605667441e-01 4.161359210994860502e-01 3.390288418951958871e-01 1.591124705177574816e-01 2.569644403844038166e-02 -6.682527746240055078e-02 -1.348835370483615972e-02
4.024011117552957033e-03 6.242163530656780202e-02 -2.287660597258671380e-02 -7.457970667315305668e-02 -1.312296796518069297e-01 1.047969794665936510e-01 3.390288418951958871e-01 3.674382041616272021e-01 2.294820547569019764e-01 1.183121643155287117e-01 3.786495599125872663e-02 -6.721640649370758114e-02
-6.984293921789436199e-02 1.519360031988744968e-02 5.659378930890959780e-02 -1.855593104715664438e-02 -1.022592495580387228e-01 -2.116085049386135127e-03 1.591124705177574816e-01 2.294820547569019764e-01 1.953010173496160795e-01 1.668050607156975618e-01 1.561993993325247465e-01 -6.196027157122756951e-02
-1.177194629259555037e-01 -4.622372911578104260e-02 1.081781905305217034e-01 3.829015251965706135e-02 -3.396345280460733723e-02 -5.217604069695861574e-02 2.569644403844038166e-02 1.183121643155287117e-01 1.668050607156975618e-01 2.215645045145969438e-01 3.040929389134818805e-01 9.108406199142224727e-03
-8.743136937329007430e-02 -1.132536204940276930e-01 1.097066694891955796e-01 7.536156068765417770e-02 3.596119944277141600e-02 -7.044715784974402151e-02 -6.682527746240055078e-02 3.786495599125872663e-02 1.561993993325247465e-01 3.040929389134818805e-01 5.624887444398656289e-01 2.673503153165901480e-01
3.247799936828892897e-01 2.837695496830316619e-02 -1.448506730743916449e-01 -4.524792067807988094e-02 3.386299567231820795e-02 4.742519307210392443e-02 -1.348835370483615972e-02 -6.721640649370758114e-02 -6.196027157122756951e-02 9.108406199142224727e-03 2.673503153165901480e-01 6.765612479337590468e-01
3.077048707684432727e-01 3.307411711915506647e-01 -5.424767398469246271e-02 -1.121751526505312679e-01 3.709011364529433974e-02 6.403902350670831467e-02 -2.848876561879560079e-02 -8.755368354700340805e-02 -6.500937041386722903e-02 3.492969581803376244e-02 1.151903704400716877e-01 2.235409828040931801e-01
3.307411711915506647e-01 6.399344232726195125e-01 2.728209585871729792e-01 -4.722978497203458859e-02 -8.844512248222496931e-02 4.944772258870025472e-02 6.566354814064379042e-02 2.764767095897915222e-02 -2.997183168267325212e-02 -6.524744830561354791e-02 1.370189003954771015e-02 1.335371006827715812e-01
-5.424767398469246271e-02 2.728209585871729792e-01 5.712002586742337407e-01 3.337649834817106309e-01 -1.720513891941333195e-02 -1.184851399598066679e-01 -3.263388465720640751e-03 7.842858679046812997e-02 7.368304859500654502e-02 -7.666705613933150198e-03 -7.919492509261061297e-02 -1.288434655102949633e-01
-1.121751526505312679e-01 -4.722978497203458859e-02 3.337649834817106309e-01 4.447989655549740018e-01 3.011701238451355844e-01 -2.871061286036766594e-02 -1.007938176443180789e-01 -6.508232318642148684e-02 7.653451054030898162e-03 6.235800078075647013e-02 4.879571112829276386e-03 -6.309677279575749698e-02
3.709011364529433974e-02 -8.844512248222496931e-02 -1.720513891941333195e-02 3.011701238451355844e-01 5.970708963472032282e-01 3.160979719264663257e-01 2.821154533025137245e-03 -1.123954378339333399e-01 -8.239787893861280632e-02 2.417177679283659050e-02 7.205077449559600666e-02 9.274767845347550721e-02
6.403902350670831467e-02 4.944772258870025472e-02 -1.184851399598066679e-01 -2.871061286036766594e-02 3.160979719264663257e-01 4.949042133395719634e-01 3.006306007124583957e-01 1.492124048169500838e-01 1.435098827067844869e-02 -8.419212887772212217e-02 -3.416269183670297277e-02 1.960923630314871657e-02
-2.848876561879560079e-02 6.566354814064379042e-02 -3.263388465720640751e-03 -1.007938176443180789e-01 2.821154533025137245e-03 3.006306007124583957e-01 3.262020599220624151e-01 2.734399187889529625e-01 1.335106410604433025e-01 -3.968253997287813500e-02 -8.203092854066736106e-02 -8.724928958623667796e-02
-8.755368354700340805e-02 2.764767095897915222e-02 7.842858679046812997e-02 -6.508232318642148684e-02 -1.123954378339333399e-01 1.492124048169500838e-01 2.734399187889529625e-01 3.127532130287644652e-01 2.359814822974810322e-01 9.667504919704972277e-02 -4.618086199756037125e-02 -1.146037884250592498e-01
-6.500937041386722903e-02 -2.997183168267325212e-02 7.368304859500654502e-02 7.653451054030898162e-03 -8.239787893861280632e-02 1.435098827067844869e-02 1.335106410604433025e-01 2.359814822974810322e-01 3.043909040638511643e-01 3.264742390351976775e-01 9.255442797016701084e-02 -2.419395896705042390e-02
3.492969581803376244e-02 -6.524744830561354791e-02 -7.666705613933150198e-03 6.235800078075647013e-02 2.417177679283659050e-02 -8.419212887772212217e-02 -3.968253997287813500e-02 9.667504919704972277e-02 3.264742390351976775e-01 5.834250183040166071e-01 2.833990424437147770e-01 1.479138891269352052e-01
1.151903704400716877e-01 1.370189003954771015e-02 -7.919492509261061297e-02 4.879571112829276386e-03 7.205077449559600666e-02 -3.416269183670297277e-02 -8.203092854066736106e-02 -4.618086199756037125e-02 9.255442797016701084e-02 2.833990424437147770e-01 1.924230048156184703e-01 1.686543516555981115e-01
2.235409828040931801e-01 1.335371006827715812e-01 -1.288434655102949633e-01 -6.309677279575749698e-02 9.274767845347550721e-02 1.960923630314871657e-02 -8.724928958623667796e-02 -1.146037884250592498e-01 -2.419395896705042390e-02 1.479138891269352052e-01 1.686543516555981115e-01 2.251921719086640850e-01
7.465253929278360401e-01 2.848235766473073971e-01 8.382663394607737378e-03 -9.649223126630562808e-02 -3.029623572280128532e-02 3.350024100131795968e-02 3.799553345026886186e-02 7.163643251221421537e-02 -9.971472881063727506e-03 -9.642013432277649065e-02 -4.562815016113960093e-02 2.735040346046927473e-01
2.848235766473073971e-01 3.947733046326576956e-01 2.536699310872255753e-01 1.787475746994369730e-01 -2.810582027663190152e-02 -1.627391763010402059e-01 -7.055570265666460950e-02 -2.983153851359194447e-02 7.167948483722949571e-02 2.440432297583884635e-02 -9.654013916569575970e-02 -5.582109284301063623e-02
8.382663394607737378e-03 2.536699310872255753e-01 2.695149461839323468e-01 3.100471117701985024e-01 8.094000122613156933e-02 -6.669449414347433658e-02 -5.310113569881638740e-02 -6.551226635938028897e-02 3.128958167802355084e-02 6.312869808814583483e-02 -7.765408914944657917e-03 -8.853926404392017946e-02
-9.649223126630562808e-02 1.787475746994369730e-01 3.100471117701985024e-01 5.082317180268682844e-01 2.668459498514190731e-01 1.355438740492835303e-01 9.871008212167783902e-03 -6.158912706914664026e-02 -2.668245833286417984e-02 5.519017067448982183e-02 5.967367889340891018e-02 -5.285914109929330112e-02
-3.029623572280128532e-02 -2.810582027663190152e-02 8.094000122613156933e-02 2.668459498514190731e-01 2.627195222786790629e-01 2.981330644856152734e-01 1.047220132581380969e-01 4.945227609473757530e-02 -5.201140383338025835e-02 -4.119960207696607424e-02 2.832076114354317373e-02 4.526210242411199403e-02
3.350024100131795968e-02 -1.627391763010402059e-01 -6.669449414347433658e-02 1.355438740492835303e-01 2.981330644856152734e-01 4.766800237873443091e-01 2.003738878149278202e-01 1.676706534284481409e-01 -4.617664345298924666e-02 -1.168604519326680441e-01 -1.541998450012972352e-02 1.088116603036114460e-01
3.799553345026886186e-02 -7.055570265666460950e-02 -5.310113569881638740e-02 9.871008212167783902e-03 1.047220132581380969e-01 2.003738878149278202e-01 1.083178297119215400e-01 1.573601233027322466e-01 7.098489576052333105e-02 -3.721311126983119222e-02 -4.644099283002170453e-02 2.567497215123405035e-02
7.163643251221421537e-02 -2.983153851359194447e-02 -6.551226635938028897e-02 -6.158912706914664026e-02 4.945227609473757530e-02 1.676706534284481409e-01 1.573601233027322466e-01 3.974256926403207935e-01 3.731745282813636044e-01 5.739445042903842942e-02 -1.225494734921249718e-01 -5.106841691479707679e-02
-9.971472881063727506e-03 7.167948483722949571e-02 3.128958167802355084e-02 -2.668245833286417984e-02 -5.201140383338025835e-02 -4.617664345298924666e-02 7.098489576052333105e-02 3.731745282813636044e-01 5.614980206082360592e-01 2.747463801671485295e-01 1.590455378571122014e-02 -8.440148377384729117e-02
-9.642013432277649065e-02 2.440432297583884635e-02 6.312869808814583483e-02 5.519017067448982183e-02 -4.119960207696607424e-02 -1.168604519326680441e-01 -3.721311126983119222e-02 5.739445042903842942e-02 2.747463801671485295e-01 3.358603699696938172e-01 3.122163451209357676e-01 8.426798370501024926e-02
-4.562815016113960093e-02 -9.654013916569575970e-02 -7.765408914944657917e-03 5.967367889340891018e-02 2.832076114354317373e-02 -1.541998450012972352e-02 -4.644099283002170453e-02 -1.225494734921249718e-01 1.590455378571122014e-02 3.122163451209357676e-01 5.590291824600632786e-01 3.298249782449409473e-01
