4.959690587458241984e-01 1.591729511056922675e-01 -1.149490719154209334e-02 -1.417634308565828352e-02 1.422741040470298273e-03 3.120425708902825786e-03 -8.320365310524745108e-06 -3.303602058812671848e-03 4.262970071708980591e-04 1.609952980467346112e-02 -2.753408547512174211e-03 -1.661182210347841304e-01
1.591729511056922675e-01 5.251782786549243909e-01 1.751411065331372474e-01 1.360086309649861675e-03 -1.765568794362246119e-02 -4.373658801141815100e-04 3.703109013299562841e-03 -1.704133055084122521e-04 -3.396139827741511893e-03 2.156656870393986770e-03 1.609355095200198232e-02 -7.216482780466467687e-04
-1.149490719154209334e-02 1.751411065331372474e-01 4.902764378036351678e-01 1.517740937590368877e-01 3.126497142625700096e-03 -1.259428759954995918e-02 -1.609253525437972588e-03 2.853812201779053811e-03 4.674693313430954640e-04 -3.820356017697520545e-03 -1.752145648386228480e-03 1.692613160724702748e-02
-1.417634308565828352e-02 1.360086309649861675e-03 1.517740937590368877e-01 4.959591347530774019e-01 1.630437181050971573e-01 2.366449905149767274e-05 -1.552385298595143973e-02 -7.866220606337275901e-05 3.266411816423352415e-03 -2.253205284634421054e-04 -3.245982251857399206e-03 -7.178665014212887684e-04
1.422741040470298273e-03 -1.765568794362246119e-02 3.126497142625700096e-03 1.630437181050971573e-01 5.023730575041778224e-01 1.507811138850604638e-01 5.646131986438916207e-03 -1.330049732389977125e-02 -2.628789334661118886e-04 2.893618523807862681e-03 1.127327697232157660e-04 -3.534231779449946952e-03
3.120425708902825786e-03 -4.373658801141815100e-04 -1.259428759954995918e-02 2.366449905149767274e-05 1.507811138850604638e-01 4.857475896574137142e-01 1.722792480835770856e-01 -2.550150723215653756e-03 -1.603966392382367989e-02 7.470507765941639469e-04 3.486776181589848218e-03 1.099688387390538517e-04
-8.320365310524745108e-06 3.703109013299562841e-03 -1.609253525437972588e-03 -1.552385298595143973e-02 5.646131986438916207e-03 1.722792480835770856e-01 5.090780770020475465e-01 1.498760003928475693e-01 -2.841055139229076067e-03 -1.193633185051318213e-02 1.307579721740494095e-03 2.969927072852817339e-03
-3.303602058812671848e-03 -1.704133055084122521e-04 2.853812201779053811e-03 -7.866220606337275901e-05 -1.330049732389977125e-02 -2.550150723215653756e-03 1.498760003928475693e-01 5.046330100398762619e-01 1.644120635501808980e-01 -3.594483250334343629e-04 -1.710936669175910571e-02 -8.842929221290309668e-04
4.262970071708980591e-04 -3.396139827741511893e-03 4.674693313430954640e-04 3.266411816423352415e-03 -2.628789334661118886e-04 -1.603966392382367989e-02 -2.841055139229076067e-03 1.644120635501808980e-01 4.969614716288299761e-01 1.488233682383384160e-01 -4.654236715636587279e-03 -1.357103975502332860e-02
1.609952980467346112e-02 2.156656870393986770e-03 -3.820356017697520545e-03 -2.253205284634421054e-04 2.893618523807862681e-03 7.470507765941639469e-04 -1.193633185051318213e-02 -3.594483250334343629e-04 1.488233682383384160e-01 5.160545613849920610e-01 1.789089710671449285e-01 7.741095555895830156e-03
-2.753408547512174211e-03 1.609355095200198232e-02 -1.752145648386228480e-03 -3.245982251857399206e-03 1.127327697232157660e-04 3.486776181589848218e-03 1.307579721740494095e-03 -1.710936669175910571e-02 -4.654236715636587279e-03 1.789089710671449285e-01 4.803866606896911029e-01 1.507417382508170478e-01
-1.661182210347841304e-01 -7.216482780466467687e-04 1.692613160724702748e-02 -7.178665014212887684e-04 -3.534231779449946952e-03 1.099688387390538517e-04 2.969927072852817339e-03 -8.842929221290309668e-04 -1.357103975502332860e-02 7.741095555895830156e-03 1.507417382508170478e-01 4.973826621356053912e-01
5.154005469889231250e-01 1.646016169932805195e-01 2.170376798282451763e-03 -1.476781386654731770e-02 8.389722561715727816e-04 3.357369891223216558e-03 -2.238145913184998029e-04 -3.075045266914783020e-03 1.272327985171081395e-03 1.465394234129387130e-02 3.143490360350124392e-04 -1.576837982636125068e-01
1.646016169932805195e-01 4.947431252785161604e-01 1.552705623369050048e-01 4.857578513271411901e-03 -1.558326351838770774e-02 -1.720308835090586779e-03 3.047613068231572100e-03 3.513436897263268340e-04 -3.143408286555756000e-03 -8.846063387170724230e-04 1.486996541246097744e-02 7.345048602215487402e-03
2.170376798282451763e-03 1.552705623369050048e-01 4.862757606098682683e-01 1.652618330787972156e-01 -1.036940503380367855e-02 -1.647119149503276092e-02 9.697932097540547724e-04 3.280316792436068288e-03 -3.365354555908943316e-04 -3.023482807697735163e-03 -3.644796946365625899e-04 1.391396763705146644e-02
-1.476781386654731770e-02 4.857578513271411901e-03 1.652618330787972156e-01 5.267272967733338529e-01 1.731549958151449853e-01 9.625843094231650507e-03 -1.492007014760433035e-02 -8.860925258966551076e-04 2.949568506085933212e-03 1.271073006165582861e-05 -3.128264390632266509e-03 -2.655969364002881434e-04
8.389722561715727816e-04 -1.558326351838770774e-02 -1.036940503380367855e-02 1.731549958151449853e-01 4.755219457210809741e-01 1.616271488430647274e-01 -6.442017834114323587e-04 -1.450715831078316399e-02 2.291662350840290604e-04 3.102632500936427888e-03 3.582740701353120060e-04 -3.171595713277584709e-03
3.357369891223216558e-03 -1.720308835090586779e-03 -1.647119149503276092e-02 9.625843094231650507e-03 1.616271488430647274e-01 5.045464686362299833e-01 1.563304025135872632e-01 -3.661647908041971988e-03 -1.304483000723826933e-02 1.323492003118169899e-03 2.954244653049266540e-03 -1.434903506317761874e-04
-2.238145913184998029e-04 3.047613068231572100e-03 9.697932097540547724e-04 -1.492007014760433035e-02 -6.442017834114323587e-04 1.563304025135872632e-01 5.072464946618893133e-01 1.600451451722593732e-01 1.100084413919103941e-03 -1.525989091794048916e-02 -7.519788826865743750e-04 2.973697029072900743e-03
-3.075045266914783020e-03 3.513436897263268340e-04 3.280316792436068288e-03 -8.860925258966551076e-04 -1.450715831078316399e-02 -3.661647908041971988e-03 1.600451451722593732e-01 4.944778453112720351e-01 1.537804654741254939e-01 -4.394235690019928156e-03 -1.365896776329180926e-02 -2.767693602608470391e-04
1.272327985171081395e-03 -3.143408286555756000e-03 -3.365354555908943316e-04 2.949568506085933212e-03 2.291662350840290604e-04 -1.304483000723826933e-02 1.100084413919103941e-03 1.537804654741254939e-01 5.125669124463017035e-01 1.683532567577656902e-01 5.330660419417127850e-03 -1.462691138493730017e-02
1.465394234129387130e-02 -8.846063387170724230e-04 -3.023482807697735163e-03 1.271073006165582861e-05 3.102632500936427888e-03 1.323492003118169899e-03 -1.525989091794048916e-02 -4.394235690019928156e-03 1.683532567577656902e-01 4.871203450661453216e-01 1.534718162515980033e-01 2.849791807218371095e-03
3.143490360350124392e-04 1.486996541246097744e-02 -3.644796946365625899e-04 -3.128264390632266509e-03 3.582740701353120060e-04 2.954244653049266540e-03 -7.519788826865743750e-04 -1.365896776329180926e-02 5.330660419417127850e-03 1.534718162515980033e-01 4.961731006663511745e-01 1.622245640835309199e-01
-1.576837982636125068e-01 7.345048602215487402e-03 1.391396763705146644e-02 -2.655969364002881434e-04 -3.171595713277584709e-03 -1.434903506317761874e-04 2.973697029072900743e-03 -2.767693602608470391e-04 -1.462691138493730017e-02 2.849791807218371095e-03 1.622245640835309199e-01 4.992001578401674688e-01
5.117041061680491776e-01 1.555429831530676377e-01 2.394366282063217603e-03 -1.353257950113805931e-02 -4.344529425521344258e-04 2.725123199118829366e-03 -3.508937168059199686e-06 -2.730366562320525776e-03 6.578535369247317990e-04 1.413589064171565796e-02 -2.922361351835892074e-03 -1.644111167072918878e-01
1.555429831530676377e-01 4.911879401869025941e-01 1.604657985782344531e-01 -4.538372153672065243e-03 -1.387514914830205448e-02 1.124645744283255758e-03 2.812410159647225124e-03 -6.513480123908006508e-05 -2.713923073871053401e-03 4.985553881905820822e-05 1.371790346878145814e-02 4.354743733338304473e-03
2.394366282063217603e-03 1.604657985782344531e-01 5.118877604528613290e-01 1.590281581448134696e-01 2.889227391355747576e-03 -1.402206031992994303e-02 -3.414951168975894095e-04 2.778108169171355796e-03 -7.752092432891251306e-05 -2.899224972151389929e-03 5.230422329367239841e-04 1.491499298149719446e-02
-1.353257950113805931e-02 -4.538372153672065243e-03 1.590281581448134696e-01 4.908728136750389326e-01 1.573778492992992384e-01 -3.520507264725591251e-03 -1.371146283315212260e-02 -2.154553178020428771e-04 2.722424456448528478e-03 9.259007793981544228e-05 -2.844090623334822199e-03 -1.333989797384108229e-03
-4.344529425521344258e-04 -1.387514914830205448e-02 2.889227391355747576e-03 1.573778492992992384e-01 5.088536807725896338e-01 1.593741586681480804e-01 1.109434171270576135e-03 -1.367120471108249427e-02 -1.502410202847841744e-04 2.681781004503315524e-03 -8.226730164499987548e-05 -2.889766069753283654e-03
2.725123199118829366e-03 1.124645744283255758e-03 -1.402206031992994303e-02 -3.520507264725591251e-03 1.593741586681480804e-01 4.975346241559487903e-01 1.569541589468001763e-01 3.967108877270011415e-03 -1.344091702440679270e-02 -3.085055308588468322e-04 2.713064215472384133e-03 4.500520871019844183e-04
-3.508937168059199686e-06 2.812410159647225124e-03 -3.414951168975894095e-04 -1.371146283315212260e-02 1.109434171270576135e-03 1.569541589468001763e-01 4.916780551639043928e-01 1.589279977212172956e-01 -2.368696169640911123e-03 -1.327398902675221495e-02 5.999437610121328935e-04 2.643242006631577740e-03
-2.730366562320525776e-03 -6.513480123908006508e-05 2.778108169171355796e-03 -2.154553178020428771e-04 -1.367120471108249427e-02 3.967108877270011415e-03 1.589279977212172956e-01 5.059035895699340868e-01 1.566833603489679039e-01 -9.663105499178729126e-04 -1.353602821925219829e-02 -2.726028704720407920e-04
6.578535369247317990e-04 -2.713923073871053401e-03 -7.752092432891251306e-05 2.722424456448528478e-03 -1.502410202847841744e-04 -1.344091702440679270e-02 -2.368696169640911123e-03 1.566833603489679039e-01 5.006244072168219983e-01 1.559958503240450878e-01 -6.086562112700478512e-04 -1.308984142160054924e-02
1.413589064171565796e-02 4.985553881905820822e-05 -2.899224972151389929e-03 9.259007793981544228e-05 2.681781004503315524e-03 -3.085055308588468322e-04 -1.327398902675221495e-02 -9.663105499178729126e-04 1.559958503240450878e-01 5.019044871842583966e-01 1.587629764802295784e-01 2.712814939139803275e-03
-2.922361351835892074e-03 1.371790346878145814e-02 5.230422329367239841e-04 -2.844090623334822199e-03 -8.226730164499987548e-05 2.713064215472384133e-03 5.999437610121328935e-04 -1.353602821925219829e-02 -6.086562112700478512e-04 1.587629764802295784e-01 4.955247912546462130e-01 1.546739217093208441e-01
-1.644111167072918878e-01 4.354743733338304473e-03 1.491499298149719446e-02 -1.333989797384108229e-03 -2.889766069753283654e-03 4.500520871019844183e-04 2.643242006631577740e-03 -2.726028704720407920e-04 -1.308984142160054924e-02 2.712814939139803275e-03 1.546739217093208441e-01 4.923237441991122343e-01
4.989642088512120655e-01 1.604309028407265025e-01 3.767810912395803350e-03 -1.716410511111845019e-02 1.966280303666917938e-03 5.269322437712288185e-03 4.590404046544593235e-04 -3.028673253549249260e-03 3.858885462261543709e-05 1.265141866533476926e-02 -9.603633571341114485e-04 -1.533328272899162348e-01
1.604309028407265025e-01 4.925395213328543909e-01 1.590001029999447701e-01 -3.973907970099136919e-03 -1.306013221392675859e-02 3.119376825272888749e-03 4.700076238396832737e-03 -4.236782322927907206e-04 -3.235294416733544044e-03 4.921749082374024488e-04 1.407799963657556039e-02 -1.158610332542585070e-03
3.767810912395803350e-03 1.590001029999447701e-01 5.055121376054858562e-01 1.661363602515128490e-01 -1.237946058879359559e-02 -2.708129504648511612e-02 -2.184672562543293547e-03 4.993014150712606070e-03 -8.848519434279130780e-05 -3.137570124432783637e-03 9.726869309474741156e-04 1.383438730549827779e-02
-1.716410511111845019e-02 -3.973907970099136919e-03 1.661363602515128490e-01 5.165634603756438237e-01 1.534456315066644039e-01 -1.156102558427722030e-03 -2.090602268700931382e-02 -1.070579636081366503e-03 4.636602082954568646e-03 1.496566780899964439e-04 -3.983791817127114651e-03 -1.938699380207615933e-04
1.966280303666917938e-03 -1.306013221392675859e-02 -1.237946058879359559e-02 1.534456315066644039e-01 5.318182783578681017e-01 2.187942258482084013e-01 2.356890483214304360e-02 -2.178948632535586405e-02 -2.444774501618507834e-03 4.207558886797918216e-03 7.177616899908263303e-04 -3.105194894317826748e-03
5.269322437712288185e-03 3.119376825272888749e-03 -2.708129504648511612e-02 -1.156102558427722030e-03 2.187942258482084013e-01 4.404116499725773681e-01 1.605030692261818770e-01 -1.799518142828206895e-03 -1.480595190511164311e-02 4.363679804707721764e-04 3.458122464277397015e-03 4.987357955745468216e-04
4.590404046544593235e-04 4.700076238396832737e-03 -2.184672562543293547e-03 -2.090602268700931382e-02 2.356890483214304360e-02 1.605030692261818770e-01 5.091230288955050920e-01 1.658513004810430180e-01 -6.105604207760355513e-03 -1.502080743618205115e-02 1.122395116763968709e-03 3.415955906726055383e-03
-3.028673253549249260e-03 -4.236782322927907206e-04 4.993014150712606070e-03 -1.070579636081366503e-03 -2.178948632535586405e-02 -1.799518142828206895e-03 1.658513004810430180e-01 5.112110339969944128e-01 1.547074834993073522e-01 2.353582414206438142e-03 -1.299330946193047974e-02 -4.987386790299509548e-04
3.858885462261543709e-05 -3.235294416733544044e-03 -8.848519434279130780e-05 4.636602082954568646e-03 -2.444774501618507834e-03 -1.480595190511164311e-02 -6.105604207760355513e-03 1.547074834993073522e-01 4.933699968989094797e-01 1.606289143936188435e-01 -1.331822759915701412e-03 -1.410867680719531461e-02
1.265141866533476926e-02 4.921749082374024488e-04 -3.137570124432783637e-03 1.496566780899964439e-04 4.207558886797918216e-03 4.363679804707721764e-04 -1.502080743618205115e-02 2.353582414206438142e-03 1.606289143936188435e-01 5.039273994456960892e-01 1.536244034649568158e-01 9.287084359051768490e-04
-9.603633571341114485e-04 1.407799963657556039e-02 9.726869309474741156e-04 -3.983791817127114651e-03 7.177616899908263303e-04 3.458122464277397015e-03 1.122395116763968709e-03 -1.299330946193047974e-02 -1.331822759915701412e-03 1.536244034649568158e-01 4.979644455166632455e-01 1.600319723956294127e-01
-1.533328272899162348e-01 -1.158610332542585070e-03 1.383438730549827779e-02 -1.938699380207615933e-04 -3.105194894317826748e-03 4.987357955745468216e-04 3.415955906726055383e-03 -4.987386790299509548e-04 -1.410867680719531461e-02 9.287084359051768490e-04 1.600319723956294127e-01 4.985948387506636270e-01
5.023398245408342566e-01 1.544022952159861406e-01 -2.116627644929917028e-03 -1.400490942860242380e-02 5.346664097575077029e-04 2.800786530337000431e-03 -3.143829027072579966e-04 -3.087755277891170332e-03 7.045229082118455340e-04 1.498443582164115870e-02 1.420330054684344322e-03 -1.591722295903935658e-01
1.544022952159861406e-01 5.077940363857983419e-01 1.649194224275648546e-01 7.831828374019779437e-03 -1.504768355544896033e-02 -1.202002151968807522e-03 3.043380100679448329e-03 3.956438247650259621e-04 -2.780827201166892644e-03 -8.823487007996028402e-04 1.272723782466059217e-02 1.957184366655555577e-03
-2.116627644929917028e-03 1.649194224275648546e-01 4.810610238834920338e-01 1.620858473176650660e-01 -5.049121029009598707e-03 -1.391588717142592038e-02 1.197817856513053950e-03 2.778059175130555281e-03 -7.936581553935610929e-05 -2.975143315064586805e-03 -7.996246696392193733e-04 1.470359205862886709e-02
-1.400490942860242380e-02 7.831828374019779437e-03 1.620858473176650660e-01 5.143583458727463142e-01 1.597711327833405692e-01 2.042557841985799191e-03 -1.413762103156002842e-02 -3.205053888255632809e-04 2.811588592204551304e-03 -2.267076771684433181e-05 -2.774048720619543083e-03 7.574563278992408472e-04
5.346664097575077029e-04 -1.504768355544896033e-02 -5.049121029009598707e-03 1.597711327833405692e-01 4.921903653383113419e-01 1.557131945872572976e-01 -3.071949391481345205e-03 -1.316557169091122671e-02 -1.567731202793248282e-04 2.735687107912779074e-03 3.476544022543342550e-04 -2.976292297294984811e-03
2.800786530337000431e-03 -1.202002151968807522e-03 -1.391588717142592038e-02 2.042557841985799191e-03 1.557131945872572976e-01 5.079608955693513117e-01 1.605751270415983201e-01 1.513850319513339576e-03 -1.398287532575690981e-02 2.518020281661995422e-04 2.905923040059638258e-03 -1.121843307544010765e-04
-3.143829027072579966e-04 3.043380100679448329e-03 1.197817856513053950e-03 -1.413762103156002842e-02 -3.071949391481345205e-03 1.605751270415983201e-01 4.966736336780110950e-01 1.545213896947670862e-01 3.052555577247800540e-03 -1.345233872545855032e-02 -1.260212706032797034e-03 2.839974774154447462e-03
-3.087755277891170332e-03 3.956438247650259621e-04 2.778059175130555281e-03 -3.205053888255632809e-04 -1.316557169091122671e-02 1.513850319513339576e-03 1.545213896947670862e-01 4.920391617228357939e-01 1.619059985200911878e-01 -4.856633236505686520e-03 -1.529209836620424104e-02 6.111331127230942373e-04
7.045229082118455340e-04 -2.780827201166892644e-03 -7.936581553935610929e-05 2.811588592204551304e-03 -1.567731202793248282e-04 -1.398287532575690981e-02 3.052555577247800540e-03 1.619059985200911878e-01 5.135862010351522899e-01 1.586013173342077642e-01 6.817182751444200890e-03 -1.377063925641269261e-02
1.498443582164115870e-02 -8.823487007996028402e-04 -2.975143315064586805e-03 -2.267076771684433181e-05 2.735687107912779074e-03 2.518020281661995422e-04 -1.345233872545855032e-02 -4.856633236505686520e-03 1.586013173342077642e-01 4.829294896305418305e-01 1.660250602291654110e-01 -2.239774535157315963e-03
1.420330054684344322e-03 1.272723782466059217e-02 -7.996246696392193733e-04 -2.774048720619543083e-03 3.476544022543342550e-04 2.905923040059638258e-03 -1.260212706032797034e-03 -1.529209836620424104e-02 6.817182751444200890e-03 1.660250602291654110e-01 5.081582938172826136e-01 1.540142931569475626e-01
-1.591722295903935658e-01 1.957184366655555577e-03 1.470359205862886709e-02 7.574563278992408472e-04 -2.976292297294984811e-03 -1.121843307544010765e-04 2.839974774154447462e-03 6.111331127230942373e-04 -1.377063925641269261e-02 -2.239774535157315963e-03 1.540142931569475626e-01 5.009087285256961231e-01
5.015886604159598416e-01 1.554264577746901077e-01 3.856500144333939884e-03 -1.565862895747605760e-02 1.310453814882857207e-03 3.252082292737989988e-03 -2.770901379551197856e-04 -3.479351929364089477e-03 -3.451200091389935195e-04 1.454444125052474675e-02 -7.874253486559947175e-04 -1.584660973558782437e-01
1.554264577746901077e-01 4.930117647303892681e-01 1.605558908254086647e-01 1.103710932325588628e-03 -1.580691334797284034e-02 1.008632018309854042e-03 3.682197794563306543e-03 -4.686392818108259467e-04 -3.869632097564819091e-03 -9.849598708934377556e-04 1.319390136108036619e-02 -3.177009680888054875e-05
3.856500144333939884e-03 1.605558908254086647e-01 4.947566244204901209e-01 1.644567667673513811e-01 -1.131564522267949208e-02 -1.529382602018447036e-02 1.684590163243207279e-03 3.505288555198692643e-03 -8.347726062692441273e-04 -3.566666090182355527e-03 8.229626589525615692e-04 1.409203629163128038e-02
-1.565862895747605760e-02 1.103710932325588628e-03 1.644567667673513811e-01 5.238963066847728278e-01 1.680199226479232311e-01 -3.323821286334366831e-04 -1.841319733277171911e-02 1.185114172338568706e-04 6.453516361953062427e-03 9.136931155328572966e-04 -3.730947177060564210e-03 4.711004250092801693e-04
1.310453814882857207e-03 -1.580691334797284034e-02 -1.131564522267949208e-02 1.680199226479232311e-01 4.956008072363054517e-01 1.588519260963073554e-01 3.831106226671737291e-03 -1.403724475486362033e-02 -5.709105554920346345e-04 3.410522612614362483e-03 5.866412442243369848e-04 -3.393465963675878702e-03
3.252082292737989988e-03 1.008632018309854042e-03 -1.529382602018447036e-02 -3.323821286334366831e-04 1.588519260963073554e-01 4.947454815703697384e-01 1.600675778544342620e-01 2.729166660054632362e-04 -1.658911690103345021e-02 -1.909440102422554257e-03 3.402678555081137431e-03 3.944228936417321866e-04
-2.770901379551197856e-04 3.682197794563306543e-03 1.684590163243207279e-03 -1.841319733277171911e-02 3.831106226671737291e-03 1.600675778544342620e-01 4.973606810276897106e-01 1.533608576688363645e-01 -3.777418225993187106e-03 -1.473996558634476858e-02 -3.917458814091329469e-04 3.356889259603891389e-03
-3.479351929364089477e-03 -4.686392818108259467e-04 3.505288555198692643e-03 1.185114172338568706e-04 -1.403724475486362033e-02 2.729166660054632362e-04 1.533608576688363645e-01 5.142299691736507139e-01 1.731474157427444482e-01 1.166692870569105075e-02 -1.671088226314780545e-02 -1.088830229283994835e-03
-3.451200091389935195e-04 -3.869632097564819091e-03 -8.347726062692441273e-04 6.453516361953062427e-03 -5.709105554920346345e-04 -1.658911690103345021e-02 -3.777418225993187106e-03 1.731474157427444482e-01 4.742511721404873981e-01 1.622238046177363335e-01 -2.739829604854150322e-04 -1.590604583089042651e-02
1.454444125052474675e-02 -9.849598708934377556e-04 -3.566666090182355527e-03 9.136931155328572966e-04 3.410522612614362483e-03 -1.909440102422554257e-03 -1.473996558634476858e-02 1.166692870569105075e-02 1.622238046177363335e-01 5.021141373414965692e-01 1.648326725399636983e-01 -5.926969356750234202e-03
-7.874253486559947175e-04 1.319390136108036619e-02 8.229626589525615692e-04 -3.730947177060564210e-03 5.866412442243369848e-04 3.402678555081137431e-03 -3.917458814091329469e-04 -1.671088226314780545e-02 -2.739829604854150322e-04 1.648326725399636983e-01 5.120543613370924785e-01 1.554714374538507249e-01
-1.584660973558782437e-01 -3.177009680888054875e-05 1.409203629163128038e-02 4.711004250092801693e-04 -3.393465963675878702e-03 3.944228936417321866e-04 3.356889259603891389e-03 -1.088830229283994835e-03 -1.590604583089042651e-02 -5.926969356750234202e-03 1.554714374538507249e-01 4.963900339213621615e-01
4.953454661592107122e-01 1.581932827411371423e-01 1.429509014420810931e-03 -1.354488239993067479e-02 -4.591698355902440183e-04 2.863989232458682022e-03 2.961256298417193084e-04 -2.619444550968034937e-03 -2.730593744159979098e-04 1.341196792076154373e-02 5.789307405763266350e-03 -1.592880920471755890e-01
1.581932827411371423e-01 4.981954235049709245e-01 1.549052400154485865e-01 1.432633419310830412e-03 -1.299365964089271505e-02 7.102844233514265518e-04 2.696722355557752433e-03 1.382463717298753876e-04 -2.840723606710736631e-03 -2.199867153421277137e-04 1.415809481500937030e-02 -1.539067427452713716e-03
1.429509014420810931e-03 1.549052400154485865e-01 4.979368339793538434e-01 1.589978551195997680e-01 5.413342230462827014e-04 -1.459834552770483337e-02 -3.286964928616530317e-04 2.804481634311007093e-03 9.202956368962885130e-05 -2.661092886086436314e-03 -6.286576925620224014e-04 1.374093196124682482e-02
-1.354488239993067479e-02 1.432633419310830412e-03 1.589978551195997680e-01 4.971197192839540424e-01 1.549270628622045343e-01 -6.239778461270748672e-03 -1.356757087436861325e-02 4.338878976256674411e-05 2.801171429917609194e-03 -1.444852459462525639e-04 -2.844681349756162346e-03 6.767308151513007960e-04
-4.591698355902440183e-04 -1.299365964089271505e-02 5.413342230462827014e-04 1.549270628622045343e-01 5.151240491753279471e-01 1.686891029365042149e-01 4.636021408417541692e-03 -1.471802607390580199e-02 -7.934140728858758186e-04 2.885038138075923884e-03 2.552275602329288017e-04 -2.691536607715308647e-03
2.863989232458682022e-03 7.102844233514265518e-04 -1.459834552770483337e-02 -6.239778461270748672e-03 1.686891029365042149e-01 4.881427229493660036e-01 1.524723645865035948e-01 3.051512571303843357e-03 -1.346940892618172375e-02 2.639579802457449201e-04 2.760021308664244426e-03 4.846632332504116522e-05
2.961256298417193084e-04 2.696722355557752433e-03 -3.286964928616530317e-04 -1.356757087436861325e-02 4.636021408417541692e-03 1.524723645865035948e-01 4.946255813783715372e-01 1.634199426977601954e-01 -1.918131310716685890e-03 -1.428660584818992191e-02 -4.563597052222557950e-05 2.944686060209394940e-03
-2.619444550968034937e-03 1.382463717298753876e-04 2.804481634311007093e-03 4.338878976256674411e-05 -1.471802607390580199e-02 3.051512571303843357e-03 1.634199426977601954e-01 5.039483256677864675e-01 1.538346285710399663e-01 -3.560613981346282247e-03 -1.305911871259034934e-02 1.997192688821047358e-04
-2.730593744159979098e-04 -2.840723606710736631e-03 9.202956368962885130e-05 2.801171429917609194e-03 -7.934140728858758186e-04 -1.346940892618172375e-02 -1.918131310716685890e-03 1.538346285710399663e-01 5.080391007314154495e-01 1.617436150496301406e-01 4.158817750493516707e-03 -1.412448196065684003e-02
1.341196792076154373e-02 -2.199867153421277137e-04 -2.661092886086436314e-03 -1.444852459462525639e-04 2.885038138075923884e-03 2.639579802457449201e-04 -1.428660584818992191e-02 -3.560613981346282247e-03 1.617436150496301406e-01 4.908001132566397473e-01 1.554555823005662474e-01 3.344946212327417484e-04
5.789307405763266350e-03 1.415809481500937030e-02 -6.286576925620224014e-04 -2.844681349756162346e-03 2.552275602329288017e-04 2.760021308664244426e-03 -4.563597052222557950e-05 -1.305911871259034934e-02 4.158817750493516707e-03 1.554555823005662474e-01 4.984841740437633839e-01 1.602130943014417330e-01
-1.592880920471755890e-01 -1.539067427452713716e-03 1.374093196124682482e-02 6.767308151513007960e-04 -2.691536607715308647e-03 4.846632332504116522e-05 2.944686060209394940e-03 1.997192688821047358e-04 -1.412448196065684003e-02 3.344946212327417484e-04 1.602130943014417330e-01 5.122384898698695288e-01
4.950278296982852932e-01 1.762330524699684542e-01 2.305095820619366791e-03 -2.854554222377001654e-02 5.041192863950430189e-03 6.228724450000819313e-03 -6.912659049930474503e-04 -3.494114020143038700e-03 -6.870223078230656717e-04 1.182960124010169062e-02 -2.758202565238082431e-03 -1.435435261137179563e-01
1.762330524699684542e-01 5.102690291376303922e-01 1.410465113188440756e-01 1.129286711755790595e-02 -1.983075827585091544e-02 -2.661690784621893041e-03 4.298569094943040757e-03 -3.811503501067343156e-04 -5.140269319992445129e-03 3.452031948535817644e-04 1.729159385345107464e-02 -3.175129295755844136e-04
2.305095820619366791e-03 1.410465113188440756e-01 4.348224364314134394e-01 2.459858831744008989e-01 -3.060722432936477388e-02 -3.047357753099742134e-02 3.697129752669910292e-03 5.747860151054160968e-03 -1.781780107075280235e-03 -3.732877147768874290e-03 1.639747367275613994e-03 1.145209658845630467e-02
-2.854554222377001654e-02 1.129286711755790595e-02 2.459858831744008989e-01 5.851771922616648691e-01 1.672002427515319467e-01 8.068050600421943289e-03 -1.399240042376333204e-02 2.950264388590948138e-05 5.876377061550926151e-03 4.707583999629426971e-04 -6.527356250696776489e-03 1.336486990755265166e-03
5.041192863950430189e-03 -1.983075827585091544e-02 -3.060722432936477388e-02 1.672002427515319467e-01 4.680926721221970732e-01 1.755228724749851033e-01 -2.262280477772215268e-05 -1.783441476289993055e-02 2.073784741778588489e-04 4.822479204912272222e-03 5.867420578239525633e-04 -4.466345228420077161e-03
6.228724450000819313e-03 -2.661690784621893041e-03 -3.047357753099742134e-02 8.068050600421943289e-03 1.755228724749851033e-01 5.069361174157658301e-01 1.446758689415484078e-01 -5.801202451091162782e-03 -1.447159647785365225e-02 -1.421427341303189550e-03 4.098563147880386268e-03 -1.577012891433761258e-04
-6.912659049930474503e-04 4.298569094943040757e-03 3.697129752669910292e-03 -1.399240042376333204e-02 -2.262280477772215268e-05 1.446758689415484078e-01 5.114504461221510700e-01 1.764924002277007964e-01 -9.239949275227886394e-04 -2.134790264615851751e-02 9.800053092826350315e-04 4.638006084374491841e-03
-3.494114020143038700e-03 -3.811503501067343156e-04 5.747860151054160968e-03 2.950264388590948138e-05 -1.783441476289993055e-02 -5.801202451091162782e-03 1.764924002277007964e-01 5.010846225527239017e-01 1.509451725337366268e-01 1.504293302789344589e-02 -1.515564739555251561e-02 -2.028200309560319187e-03
-6.870223078230656717e-04 -5.140269319992445129e-03 -1.781780107075280235e-03 5.876377061550926151e-03 2.073784741778588489e-04 -1.447159647785365225e-02 -9.239949275227886394e-04 1.509451725337366268e-01 4.596107078728312034e-01 2.053264985038699697e-01 -1.199728482346011128e-02 -2.044798447776872974e-02
1.182960124010169062e-02 3.452031948535817644e-04 -3.732877147768874290e-03 4.707583999629426971e-04 4.822479204912272222e-03 -1.421427341303189550e-03 -2.134790264615851751e-02 1.504293302789344589e-02 2.053264985038699697e-01 5.372463022518142450e-01 1.479681912229156016e-01 1.788883453549336769e-03
-2.758202565238082431e-03 1.729159385345107464e-02 1.639747367275613994e-03 -6.527356250696776489e-03 5.867420578239525633e-04 4.098563147880386268e-03 9.800053092826350315e-04 -1.515564739555251561e-02 -1.199728482346011128e-02 1.479681912229156016e-01 4.931649338506112201e-01 1.704658380168043719e-01
-1.435435261137179563e-01 -3.175129295755844136e-04 1.145209658845630467e-02 1.336486990755265166e-03 -4.466345228420077161e-03 -1.577012891433761258e-04 4.638006084374491841e-03 -2.028200309560319187e-03 -2.044798447776872974e-02 1.788883453549336769e-03 1.704658380168043719e-01 4.971177102829657524e-01
4.875745452625040444e-01 1.564999101069581844e-01 -3.683251381948912835e-03 -1.454411024222447904e-02 -8.174564770196184006e-04 2.940267292132134769e-03 6.423784483336831750e-05 -3.196136426254572033e-03 -5.894296789228881074e-04 1.574299225141767913e-02 6.132564630695860192e-03 -1.647156602944961357e-01
1.564999101069581844e-01 5.076677659844841539e-01 1.581775337969609507e-01 -3.273089645463530574e-03 -1.576031372853037640e-02 3.747272395134343057e-04 3.178123700345960624e-03 -2.436846050812461822e-04 -3.330318790529575475e-03 -2.603792043805674104e-04 1.355361034502921419e-02 -4.580598195732938499e-03
-3.683251381948912835e-03 1.581775337969609507e-01 5.097467905438848312e-01 1.666267836754848353e-01 1.075964808959414820e-02 -1.471908995788863417e-02 -1.142996079402464277e-03 3.000420045430138554e-03 3.851662866961877776e-04 -3.133763444504494323e-03 -1.372141454645620529e-03 1.457096197636565879e-02
-1.454411024222447904e-02 -3.273089645463530574e-03 1.666267836754848353e-01 4.754939424645933110e-01 1.679151375223782439e-01 -3.975153007370228926e-03 -1.472816133180357943e-02 8.699480683472310318e-04 3.056703524788169108e-03 2.501521458714392899e-04 -3.049523123253031209e-03 -1.701744041393292754e-04
-8.174564770196184006e-04 -1.576031372853037640e-02 1.075964808959414820e-02 1.679151375223782439e-01 5.127018312677278367e-01 1.539640331999927170e-01 -1.432806333066853838e-03 -1.293726786436965107e-02 3.263155619369983258e-04 2.829322107948114423e-03 1.907787213486132833e-04 -3.349415681307989744e-03
2.940267292132134769e-03 3.747272395134343057e-04 -1.471908995788863417e-02 -3.975153007370228926e-03 1.539640331999927170e-01 5.007697259443228965e-01 1.596203886892349766e-01 -5.513170189992354061e-04 -1.437832526774561470e-02 -4.573817755424394900e-04 2.987427019314960186e-03 1.410785089658827792e-04
6.423784483336831750e-05 3.178123700345960624e-03 -1.142996079402464277e-03 -1.472816133180357943e-02 -1.432806333066853838e-03 1.596203886892349766e-01 5.005626308021708937e-01 1.542027551559367882e-01 -2.140906185625864652e-04 -1.289565435094517515e-02 -1.136003999762727479e-03 3.150935958496434673e-03
-3.196136426254572033e-03 -2.436846050812461822e-04 3.000420045430138554e-03 8.699480683472310318e-04 -1.293726786436965107e-02 -5.513170189992354061e-04 1.542027551559367882e-01 5.014683532381085662e-01 1.612941767668310544e-01 3.065428247833538664e-03 -1.506493595077093919e-02 -6.424588670073042148e-04
-5.894296789228881074e-04 -3.330318790529575475e-03 3.851662866961877776e-04 3.056703524788169108e-03 3.263155619369983258e-04 -1.437832526774561470e-02 -2.140906185625864652e-04 1.612941767668310544e-01 4.952189499759143132e-01 1.524427200057288379e-01 4.871614665678780133e-03 -1.544837207918709973e-02
1.574299225141767913e-02 -2.603792043805674104e-04 -3.133763444504494323e-03 2.501521458714392899e-04 2.829322107948114423e-03 -4.573817755424394900e-04 -1.289565435094517515e-02 3.065428247833538664e-03 1.524427200057288379e-01 4.885949125994248909e-01 1.708671446057927201e-01 -2.649175379818131948e-03
6.132564630695860192e-03 1.355361034502921419e-02 -1.372141454645620529e-03 -3.049523123253031209e-03 1.907787213486132833e-04 2.987427019314960186e-03 -1.136003999762727479e-03 -1.506493595077093919e-02 4.871614665678780133e-03 1.708671446057927201e-01 5.069147575327990207e-01 1.544912931385127308e-01
-1.647156602944961357e-01 -4.580598195732938499e-03 1.457096197636565879e-02 -1.701744041393292754e-04 -3.349415681307989744e-03 1.410785089658827792e-04 3.150935958496434673e-03 -6.424588670073042148e-04 -1.544837207918709973e-02 -2.649175379818131948e-03 1.544912931385127308e-01 5.132857943841677706e-01
4.921718476846725920e-01 1.671299217791542557e-01 -5.214773766406191786e-03 -1.431775502822383445e-02 6.752708532129579177e-04 2.757754417285976020e-03 -3.291543773332747738e-04 -2.738359032585268357e-03 -8.651987723572597110e-05 1.387593826648807205e-02 -2.735763467504202014e-03 -1.565632673079482284e-01
1.671299217791542557e-01 5.119210844978068220e-01 1.549340435020446494e-01 -1.537826933470004152e-03 -1.319225149457889726e-02 6.320535551883881432e-04 2.837262892105865859e-03 -3.283931670834337431e-04 -3.181895959433872316e-03 1.641479018529864217e-03 1.547375956165056993e-02 -2.570865553830333460e-03
-5.214773766406191786e-03 1.549340435020446494e-01 5.021425633512246467e-01 1.580702674461317292e-01 2.202257271368144101e-03 -1.345950449872444950e-02 2.073575326880463155e-04 2.964865614295651361e-03 1.608554943654575374e-04 -3.130591058336369865e-03 -2.108254378559575070e-04 1.501122260999848343e-02
-1.431775502822383445e-02 -1.537826933470004152e-03 1.580702674461317292e-01 4.944868784311545751e-01 1.571725168451065802e-01 -2.932785307535839062e-03 -1.391717548846479677e-02 2.201341644602591082e-04 2.889470973141387237e-03 -1.207740093723047098e-04 -3.134694960884273560e-03 -3.630657062597292283e-04
6.752708532129579177e-04 -1.319225149457889726e-02 2.202257271368144101e-03 1.571725168451065802e-01 5.060458738647708454e-01 1.568038729459950154e-01 -1.724285921514440156e-03 -1.419358084831316702e-02 -3.069204240952047775e-04 2.883678378344429333e-03 -5.622972973905450921e-05 -3.110399567694236041e-03
2.757754417285976020e-03 6.320535551883881432e-04 -1.345950449872444950e-02 -2.932785307535839062e-03 1.568038729459950154e-01 5.036550452483663509e-01 1.611242351245036342e-01 2.832743504614334672e-03 -1.382537431763083621e-02 -7.994045790328505085e-04 2.987463364457418336e-03 3.707201483581133933e-04
-3.291543773332747738e-04 2.837262892105865859e-03 2.073575326880463155e-04 -1.391717548846479677e-02 -1.724285921514440156e-03 1.611242351245036342e-01 4.938429658496333863e-01 1.556598826157089832e-01 1.731786206418975795e-03 -1.331069566773221587e-02 5.736004310798147043e-04 2.810352855884070550e-03
-2.738359032585268357e-03 -3.283931670834337431e-04 2.964865614295651361e-03 2.201341644602591082e-04 -1.419358084831316702e-02 2.832743504614334672e-03 1.556598826157089832e-01 4.982902707427891986e-01 1.575119507704380029e-01 9.322114974161491326e-04 -1.417558549362392048e-02 -3.716238900324180081e-04
-8.651987723572597110e-05 -3.181895959433872316e-03 1.608554943654575374e-04 2.889470973141387237e-03 -3.069204240952047775e-04 -1.382537431763083621e-02 1.731786206418975795e-03 1.575119507704380029e-01 4.960549184024891645e-01 1.573462735539002399e-01 -6.197857001738062144e-03 -1.407075383503372107e-02
1.387593826648807205e-02 1.641479018529864217e-03 -3.130591058336369865e-03 -1.207740093723047098e-04 2.883678378344429333e-03 -7.994045790328505085e-04 -1.331069566773221587e-02 9.322114974161491326e-04 1.573462735539002399e-01 5.148684908983680586e-01 1.651908822732658655e-01 4.469488932058907245e-03
-2.735763467504202014e-03 1.547375956165056993e-02 -2.108254378559575070e-04 -3.134694960884273560e-03 -5.622972973905450921e-05 2.987463364457418336e-03 5.736004310798147043e-04 -1.417558549362392048e-02 -6.197857001738062144e-03 1.651908822732658655e-01 4.885968033321564374e-01 1.561949498321902885e-01
-1.565632673079482284e-01 -2.570865553830333460e-03 1.501122260999848343e-02 -3.630657062597292283e-04 -3.110399567694236041e-03 3.707201483581133933e-04 2.810352855884070550e-03 -3.716238900324180081e-04 -1.407075383503372107e-02 4.469488932058907245e-03 1.561949498321902885e-01 4.979232576966162727e-01
5.183008117525582659e-01 1.639200257376580427e-01 6.639905174651008699e-04 -1.531673926641637443e-02 5.814327709634654852e-05 3.458614783362410142e-03 -7.518518151907144058e-05 -3.206870378346017396e-03 7.409405020596916084e-04 1.438058182256374447e-02 -2.360539580946311063e-03 -1.618476849899573022e-01
1.639200257376580427e-01 4.974293349719516311e-01 1.605490422894829405e-01 5.666634551210938259e-03 -1.458721423489331079e-02 -1.046859772575450039e-03 3.526836395123542599e-03 9.841040587610428748e-04 -3.031550511213152582e-03 -1.411800031862745029e-03 1.435150332135880225e-02 8.434319168719185342e-03
6.639905174651008699e-04 1.605490422894829405e-01 4.873620469813199629e-01 1.587887130842852157e-01 -3.882947092216646953e-03 -1.385258402750306692e-02 1.103685530974941181e-03 3.269348775795283962e-03 -5.046855530040087525e-05 -3.098593231630114575e-03 -2.578217403128313118e-04 1.524163512816925289e-02
-1.531673926641637443e-02 5.666634551210938259e-03 1.587887130842852157e-01 5.113732406669055930e-01 1.603186033866577098e-01 2.413069102506707874e-03 -1.551184789211240006e-02 -2.207940206366858747e-03 3.284917983370841833e-03 3.690523566301488366e-04 -3.131771358879865703e-03 -4.870687524785360847e-04
5.814327709634654852e-05 -1.458721423489331079e-02 -3.882947092216646953e-03 1.603186033866577098e-01 4.905009317061868046e-01 1.572243460661823800e-01 -4.079955255274266696e-03 -1.581461577376236730e-02 1.873452719708668373e-04 3.319947768888759695e-03 8.735834560978468694e-05 -3.346113767864859322e-03
3.458614783362410142e-03 -1.046859772575450039e-03 -1.385258402750306692e-02 2.413069102506707874e-03 1.572243460661823800e-01 5.148465179429777550e-01 1.657134046884635170e-01 1.182582225823964120e-02 -1.593320596896581273e-02 -9.599749536028563419e-04 3.368080103073939000e-03 2.759742917440177355e-04
-7.518518151907144058e-05 3.526836395123542599e-03 1.103685530974941181e-03 -1.551184789211240006e-02 -4.079955255274266696e-03 1.657134046884635170e-01 4.725683458034674045e-01 1.729059919875767237e-01 -2.620856017148722947e-03 -1.633043541398652987e-02 4.148989183209857937e-04 3.617124708402872594e-03
-3.206870378346017396e-03 9.841040587610428748e-04 3.269348775795283962e-03 -2.207940206366858747e-03 -1.581461577376236730e-02 1.182582225823964120e-02 1.729059919875767237e-01 5.105574784712749725e-01 1.565580555164495791e-01 -4.770019095799854503e-03 -1.363815865285032160e-02 7.690761746852780092e-04
7.409405020596916084e-04 -3.031550511213152582e-03 -5.046855530040087525e-05 3.284917983370841833e-03 1.873452719708668373e-04 -1.593320596896581273e-02 -2.620856017148722947e-03 1.565580555164495791e-01 5.085997648730276044e-01 1.589968243810359894e-01 2.479130279050227766e-03 -1.357373716281507631e-02
1.438058182256374447e-02 -1.411800031862745029e-03 -3.098593231630114575e-03 3.690523566301488366e-04 3.319947768888759695e-03 -9.599749536028563419e-04 -1.633043541398652987e-02 -4.770019095799854503e-03 1.589968243810359894e-01 4.931790483805061909e-01 1.572475376475683251e-01 -5.957126761125244516e-04
-2.360539580946311063e-03 1.435150332135880225e-02 -2.578217403128313118e-04 -3.131771358879865703e-03 8.735834560978468694e-05 3.368080103073939000e-03 4.148989183209857937e-04 -1.363815865285032160e-02 2.479130279050227766e-03 1.572475376475683251e-01 5.038084761634419317e-01 1.565225116279637396e-01
