2.161436314288676386e-01 2.523797766946571097e-01 1.682667404493210506e-01 1.031880176664158877e-01 5.577641186098004911e-02 1.237811938833850364e-02 -3.125800334578819617e-02 -8.024632469058215478e-02 -1.298831048484827277e-01 -1.878218595814002967e-01
2.523797766946571097e-01 3.389737031456657723e-01 2.463711057759816470e-01 1.735431338678223301e-01 1.238613603864018170e-01 7.862012080330305075e-02 5.016887543727375359e-02 -4.255174837793508635e-03 -8.165196052801701465e-02 -1.778069846967140211e-01
1.682667404493210506e-01 2.463711057759816470e-01 1.945147966786250904e-01 1.490565447638194652e-01 1.189986732104045264e-01 9.135026184195836618e-02 8.524593636214224113e-02 5.014419732509954597e-02 -1.358572793687407021e-02 -9.534525174249648682e-02
1.031880176664158877e-01 1.735431338678223301e-01 1.490565447638194652e-01 1.262920349136690268e-01 1.120106359885407743e-01 9.807126025534081137e-02 1.082730806747511515e-01 8.794528056331547827e-02 3.598181774463692084e-02 -3.299875151735600504e-02
5.577641186098004911e-02 1.238613603864018170e-01 1.189986732104045264e-01 1.120106359885407743e-01 1.105323704819652919e-01 1.075668737416047016e-01 1.316069479960896293e-01 1.220227884056261231e-01 7.706650406177469048e-02 1.549537937287190532e-02
1.237811938833850364e-02 7.862012080330305075e-02 9.135026184195836618e-02 9.807126025534081137e-02 1.075668737416047016e-01 1.156706488365416702e-01 1.532232263908166747e-01 1.534360967954923605e-01 1.144076483748408951e-01 5.965215721908318641e-02
-3.125800334578819617e-02 5.016887543727375359e-02 8.524593636214224113e-02 1.082730806747511515e-01 1.316069479960896293e-01 1.532232263908166747e-01 2.166782656073592828e-01 2.280819850013927064e-01 1.846726351754122974e-01 1.226779270790709364e-01
-8.024632469058215478e-02 -4.255174837793508635e-03 5.014419732509954597e-02 8.794528056331547827e-02 1.220227884056261231e-01 1.534360967954923605e-01 2.280819850013927064e-01 2.556306545299984467e-01 2.215314154117284107e-01 1.690986134212888736e-01
-1.298831048484827277e-01 -8.165196052801701465e-02 -1.358572793687407021e-02 3.598181774463692084e-02 7.706650406177469048e-02 1.144076483748408951e-01 1.846726351754122974e-01 2.215314154117284107e-01 2.147126762121895349e-01 1.918040113117432388e-01
-1.878218595814002967e-01 -1.778069846967140211e-01 -9.534525174249648682e-02 -3.299875151735600504e-02 1.549537937287190532e-02 5.965215721908318641e-02 1.226779270790709364e-01 1.690986134212888736e-01 1.918040113117432388e-01 2.108512181651184259e-01
8.980010042812580640e-02 9.842315236018114866e-02 1.264035504172702495e-01 8.738843065212043015e-02 4.065445373791008038e-02 -3.857009938451742316e-03 -4.597942083403271096e-02 -9.947164383009420019e-02 -1.329989155610873386e-01 -1.225727333981442568e-01
9.842315236018114866e-02 1.296168180379604074e-01 1.879088654191272689e-01 1.482654382226779033e-01 1.003687794732692901e-01 6.428445954214934144e-02 -1.861667090393770169e-03 -6.313901351320148903e-02 -1.073373385105958200e-01 -1.135169321057277469e-01
1.264035504172702495e-01 1.879088654191272689e-01 2.936530509433778469e-01 2.449793788876919454e-01 1.857823327094028643e-01 1.519167607020687760e-01 4.678253251721024852e-02 -3.484422605453917077e-02 -9.980045814846820462e-02 -1.254226739518634337e-01
8.738843065212043015e-02 1.482654382226779033e-01 2.449793788876919454e-01 2.212316872217356400e-01 1.852270647869173337e-01 1.744511073923580569e-01 8.080522064236721203e-02 2.074239126791359647e-02 -3.300212335559512405e-02 -6.808595223357810644e-02
4.065445373791008038e-02 1.003687794732692901e-01 1.857823327094028643e-01 1.852270647869173337e-01 1.796222610353322702e-01 1.974751904656631696e-01 1.184875538343912876e-01 8.431171549468047255e-02 4.489424534486789048e-02 -2.545810827317899865e-04
-3.857009938451742316e-03 6.428445954214934144e-02 1.519167607020687760e-01 1.744511073923580569e-01 1.974751904656631696e-01 2.512626332104104243e-01 1.767096854883797863e-01 1.654522562736981395e-01 1.357760281880464326e-01 7.327669136581416165e-02
-4.597942083403271096e-02 -1.861667090393770169e-03 4.678253251721024852e-02 8.080522064236721203e-02 1.184875538343912876e-01 1.767096854883797863e-01 1.475571369598152605e-01 1.669085987325873710e-01 1.614047927977551311e-01 1.110701049379645700e-01
-9.947164383009420019e-02 -6.313901351320148903e-02 -3.484422605453917077e-02 2.074239126791359647e-02 8.431171549468047255e-02 1.654522562736981395e-01 1.669085987325873710e-01 2.226432584716874774e-01 2.383916816486088552e-01 1.820859030589405680e-01
-1.329989155610873386e-01 -1.073373385105958200e-01 -9.980045814846820462e-02 -3.300212335559512405e-02 4.489424534486789048e-02 1.357760281880464326e-01 1.614047927977551311e-01 2.383916816486088552e-01 2.755428220272780893e-01 2.213396808727396414e-01
-1.225727333981442568e-01 -1.135169321057277469e-01 -1.254226739518634337e-01 -6.808595223357810644e-02 -2.545810827317899865e-04 7.327669136581416165e-02 1.110701049379645700e-01 1.820859030589405680e-01 2.213396808727396414e-01 1.890702316642764724e-01
2.245306170490047326e-01 1.700007009906455147e-01 1.478915056052828025e-01 1.300440671555096461e-01 8.510674955406433151e-02 1.311993356902137198e-02 -6.447910273713312879e-02 -1.229389893279051182e-01 -1.834789051572580099e-01 -1.989568565650172982e-01
1.700007009906455147e-01 1.407225290747919078e-01 1.364019943949808800e-01 1.361570976469322347e-01 1.099574814151178109e-01 5.429428223967729117e-02 -3.134520700612686804e-03 -6.000211054490084406e-02 -1.154559112408467120e-01 -1.398228698116579793e-01
1.478915056052828025e-01 1.364019943949808800e-01 1.502144216276795341e-01 1.683291511868762746e-01 1.557584120596326449e-01 1.054256742374934108e-01 5.723719711037533742e-02 -8.651009477790088179e-03 -6.976862924345841876e-02 -1.078091635587497960e-01
1.300440671555096461e-01 1.361570976469322347e-01 1.683291511868762746e-01 2.089508581521208330e-01 2.115756460946735529e-01 1.647300441009566518e-01 1.245164494089063684e-01 4.675522144027127736e-02 -2.264294729231363518e-02 -7.739814705949549234e-02
8.510674955406433151e-02 1.099574814151178109e-01 1.557584120596326449e-01 2.115756460946735529e-01 2.353034759408803578e-01 2.027849049302147821e-01 1.795504306961782648e-01 1.025725642506518376e-01 3.684217662264593907e-02 -2.728560430743312559e-02
1.311993356902137198e-02 5.429428223967729117e-02 1.054256742374934108e-01 1.647300441009566518e-01 2.027849049302147821e-01 1.989422967842286449e-01 2.028847021129653871e-01 1.440967926952969602e-01 9.747469368863238837e-02 3.737608492336285532e-02
-6.447910273713312879e-02 -3.134520700612686804e-03 5.723719711037533742e-02 1.245164494089063684e-01 1.795504306961782648e-01 2.028847021129653871e-01 2.394775007896757790e-01 1.977058729031188344e-01 1.689669517300088353e-01 1.097093817770521951e-01
-1.229389893279051182e-01 -6.000211054490084406e-02 -8.651009477790088179e-03 4.675522144027127736e-02 1.025725642506518376e-01 1.440967926952969602e-01 1.977058729031188344e-01 1.903236627787632806e-01 1.902371010306994625e-01 1.495140176130433374e-01
-1.834789051572580099e-01 -1.154559112408467120e-01 -6.976862924345841876e-02 -2.264294729231363518e-02 3.684217662264593907e-02 9.747469368863238837e-02 1.689669517300088353e-01 1.902371010306994625e-01 2.193321957615621542e-01 1.943693890475465813e-01
-1.989568565650172982e-01 -1.398228698116579793e-01 -1.078091635587497960e-01 -7.739814705949549234e-02 -2.728560430743312559e-02 3.737608492336285532e-02 1.097093817770521951e-01 1.495140176130433374e-01 1.943693890475465813e-01 1.922024420412939139e-01
1.657193353334227570e-01 1.589149971741798950e-01 1.336397347059690710e-01 1.011266202590771351e-01 6.337505832863492283e-02 2.698622916237634894e-02 -1.824368547927537887e-02 -7.892666189685827727e-02 -1.603155542879959039e-01 -2.116869983591009308e-01
1.589149971741798950e-01 1.938307122715492159e-01 1.922611267954935088e-01 1.685937323302746371e-01 1.301840623125036234e-01 9.635089492741226447e-02 5.524194712252009087e-02 -4.053322935767931720e-03 -8.343560549869859233e-02 -1.561351297245817671e-01
1.336397347059690710e-01 1.922611267954935088e-01 2.112709684645783792e-01 1.978462015164734744e-01 1.631034272055366108e-01 1.346242314777869042e-01 1.012631069297494080e-01 5.037693780474849364e-02 -1.780446242432274020e-02 -9.742696071734660568e-02
1.011266202590771351e-01 1.685937323302746371e-01 1.978462015164734744e-01 1.966211770519421531e-01 1.692785698322003818e-01 1.475342132198543543e-01 1.227116548877325575e-01 8.283173977443566982e-02 2.979651861206530916e-02 -4.600911109914494757e-02
6.337505832863492283e-02 1.301840623125036234e-01 1.631034272055366108e-01 1.692785698322003818e-01 1.536134175037398852e-01 1.409895871983038174e-01 1.261589751601059350e-01 9.948226229214590655e-02 6.453643389525741403e-02 6.619766759634550159e-04
2.698622916237634894e-02 9.635089492741226447e-02 1.346242314777869042e-01 1.475342132198543543e-01 1.409895871983038174e-01 1.385470835339215889e-01 1.343483190130955740e-01 1.206267073772380877e-01 1.029663765166991263e-01 4.891575892071451520e-02
-1.824368547927537887e-02 5.524194712252009087e-02 1.012631069297494080e-01 1.227116548877325575e-01 1.261589751601059350e-01 1.343483190130955740e-01 1.445065780017686652e-01 1.478378811588228481e-01 1.519887507880656186e-01 1.095613488936376945e-01
-7.892666189685827727e-02 -4.053322935767931720e-03 5.037693780474849364e-02 8.283173977443566982e-02 9.948226229214590655e-02 1.206267073772380877e-01 1.478378811588228481e-01 1.758923091112960524e-01 2.107974207041280190e-01 1.862573757311939138e-01
-1.603155542879959039e-01 -8.343560549869859233e-02 -1.780446242432274020e-02 2.979651861206530916e-02 6.453643389525741403e-02 1.029663765166991263e-01 1.519887507880656186e-01 2.107974207041280190e-01 2.902667317777702372e-01 2.903642302266563613e-01
-2.116869983591009308e-01 -1.561351297245817671e-01 -9.742696071734660568e-02 -4.600911109914494757e-02 6.619766759634550159e-04 4.891575892071451520e-02 1.095613488936376945e-01 1.862573757311939138e-01 2.903642302266563613e-01 3.297316869500127035e-01
2.396015575238126250e-01 1.308212907757364540e-01 1.294406955165002815e-01 1.141749753824368163e-01 6.587865770063942861e-02 1.555670342374010362e-02 -4.638469260445512998e-02 -1.199801801399253409e-01 -2.116541870122364555e-01 -2.506821290014417114e-01
1.308212907757364540e-01 8.578024522088499582e-02 1.081823770601151036e-01 1.152460616670175075e-01 8.650002350643418159e-02 5.795935579387290898e-02 1.644544641918958133e-02 -3.162836269973809400e-02 -8.754516477436273536e-02 -1.217479167252419336e-01
1.294406955165002815e-01 1.081823770601151036e-01 1.696324563052881429e-01 2.026224899506013366e-01 1.695816854050360423e-01 1.391970913352988393e-01 8.561766695397177163e-02 2.546736154832346388e-02 -3.926645319360883013e-02 -9.508111303380757662e-02
1.141749753824368163e-01 1.152460616670175075e-01 2.026224899506013366e-01 2.579327298729263140e-01 2.250505155324935003e-01 1.958422845423930525e-01 1.371106464045777629e-01 7.299776761386236879e-02 7.808172723079970408e-03 -6.123810275632222272e-02
6.587865770063942861e-02 8.650002350643418159e-02 1.695816854050360423e-01 2.250505155324935003e-01 2.080844913262007156e-01 1.909684266047931567e-01 1.447511391888373078e-01 9.556312939225716785e-02 4.925937172651646823e-02 -1.149946400678576904e-02
1.555670342374010362e-02 5.795935579387290898e-02 1.391970913352988393e-01 1.958422845423930525e-01 1.909684266047931567e-01 1.886873200551382745e-01 1.559394054509872507e-01 1.219007695719944162e-01 9.477041399949828748e-02 4.158090892029556174e-02
-4.638469260445512998e-02 1.644544641918958133e-02 8.561766695397177163e-02 1.371106464045777629e-01 1.447511391888373078e-01 1.559394054509872507e-01 1.457884189525920360e-01 1.358883232932466822e-01 1.358263456897316479e-01 9.887468461487682048e-02
-1.199801801399253409e-01 -3.162836269973809400e-02 2.546736154832346388e-02 7.299776761386236879e-02 9.556312939225716785e-02 1.219007695719944162e-01 1.358883232932466822e-01 1.555188339880778092e-01 1.881922743538874954e-01 1.688330607421573426e-01
-2.116541870122364555e-01 -8.754516477436273536e-02 -3.926645319360883013e-02 7.808172723079970408e-03 4.925937172651646823e-02 9.477041399949828748e-02 1.358263456897316479e-01 1.881922743538874954e-01 2.623958806428739465e-01 2.613439631641111260e-01
-2.506821290014417114e-01 -1.217479167252419336e-01 -9.508111303380757662e-02 -6.123810275632222272e-02 -1.149946400678576904e-02 4.158090892029556174e-02 9.887468461487682048e-02 1.688330607421573426e-01 2.613439631641111260e-01 2.865780661122056538e-01
1.601937170879416117e-01 1.781576340924908575e-01 1.380197474403038471e-01 1.031219013844920790e-01 4.850054608182861882e-02 -3.211960699670076465e-03 -5.472970690233602831e-02 -9.198793013070027946e-02 -1.534771910432371766e-01 -1.801219068847684235e-01
1.781576340924908575e-01 2.334092326219811830e-01 2.071356430621216216e-01 1.850330364042430398e-01 1.236690496457481248e-01 6.546567621366605749e-02 1.339270832118334351e-02 -4.496416199314346579e-02 -1.179070673729707419e-01 -1.675797026559912029e-01
1.380197474403038471e-01 2.071356430621216216e-01 2.069134850395475955e-01 2.058021932608967708e-01 1.566434018118129934e-01 1.099128078105171546e-01 7.350373270987203833e-02 1.342382128319298887e-02 -4.806039598553755315e-02 -1.041025175454485391e-01
1.031219013844920790e-01 1.850330364042430398e-01 2.058021932608967708e-01 2.272283551622949482e-01 1.892499721319162165e-01 1.520680247612642977e-01 1.291578025213707404e-01 6.677481405007315574e-02 1.508424877170176821e-02 -4.756019984125033073e-02
4.850054608182861882e-02 1.236690496457481248e-01 1.566434018118129934e-01 1.892499721319162165e-01 1.736248610100986633e-01 1.551846333384820920e-01 1.500379648940323718e-01 9.940971755970046120e-02 6.814627670055163622e-02 1.404245992114180538e-02
-3.211960699670076465e-03 6.546567621366605749e-02 1.099128078105171546e-01 1.520680247612642977e-01 1.551846333384820920e-01 1.566512953405621578e-01 1.694653278391565765e-01 1.298792745036327356e-01 1.176243824832146068e-01 7.186439631361890568e-02
-5.472970690233602831e-02 1.339270832118334351e-02 7.350373270987203833e-02 1.291578025213707404e-01 1.500379648940323718e-01 1.694653278391565765e-01 2.029277801428734929e-01 1.714586304227761482e-01 1.770426825644332569e-01 1.353046995098343697e-01
-9.198793013070027946e-02 -4.496416199314346579e-02 1.342382128319298887e-02 6.677481405007315574e-02 9.940971755970046120e-02 1.298792745036327356e-01 1.714586304227761482e-01 1.616346735269129642e-01 1.863755086289040075e-01 1.613116649699664062e-01
-1.534771910432371766e-01 -1.179070673729707419e-01 -4.806039598553755315e-02 1.508424877170176821e-02 6.814627670055163622e-02 1.176243824832146068e-01 1.770426825644332569e-01 1.863755086289040075e-01 2.398708348318400463e-01 2.275093520282123472e-01
-1.801219068847684235e-01 -1.675797026559912029e-01 -1.041025175454485391e-01 -4.756019984125033073e-02 1.404245992114180538e-02 7.186439631361890568e-02 1.353046995098343697e-01 1.613116649699664062e-01 2.275093520282123472e-01 2.375457652359466987e-01
2.028609312566120870e-01 1.863048187292281888e-01 1.541674555455683771e-01 9.042696970096097964e-02 -1.503213934180417169e-02 -8.546752024433787454e-02 -1.256806372915003633e-01 -1.444336439938381789e-01 -1.246892122222833799e-01 -1.685288397036741603e-01
1.863048187292281888e-01 1.925524124871701714e-01 1.918945391814311230e-01 1.627753459417599080e-01 5.307065997211928010e-02 -3.031324044302597526e-02 -8.050022257440561657e-02 -1.068000619002923007e-01 -1.002412586394907240e-01 -1.449426669582112304e-01
1.541674555455683771e-01 1.918945391814311230e-01 2.441576437202792049e-01 2.727412834482411119e-01 1.596785918728078624e-01 5.916841512141192416e-02 -4.903512650498990239e-03 -4.273779295030469272e-02 -5.816814426241983388e-02 -1.035703742894354823e-01
9.042696970096097964e-02 1.627753459417599080e-01 2.727412834482411119e-01 3.810821873225879730e-01 2.785701270605244750e-01 1.698862545152899084e-01 9.747335583082457344e-02 5.004685342583162222e-02 6.716359689229453762e-03 -3.404864873972974354e-02
-1.503213934180417169e-02 5.307065997211928010e-02 1.596785918728078624e-01 2.785701270605244750e-01 2.479590083147023005e-01 1.883708797925022771e-01 1.447903514323414242e-01 1.122025754745398646e-01 6.437996007312990487e-02 4.845647360712231067e-02
-8.546752024433787454e-02 -3.031324044302597526e-02 5.916841512141192416e-02 1.698862545152899084e-01 1.883708797925022771e-01 1.747651699007366499e-01 1.585419604290793649e-01 1.406715270656349603e-01 9.557328428657771435e-02 9.847812076606497766e-02
-1.256806372915003633e-01 -8.050022257440561657e-02 -4.903512650498990239e-03 9.747335583082457344e-02 1.447903514323414242e-01 1.585419604290793649e-01 1.619344101373909883e-01 1.544520560186449232e-01 1.120423547491809640e-01 1.260515578114052015e-01
-1.444336439938381789e-01 -1.068000619002923007e-01 -4.273779295030469272e-02 5.004685342583162222e-02 1.122025754745398646e-01 1.406715270656349603e-01 1.544520560186449232e-01 1.551282139637813473e-01 1.168973692482183774e-01 1.373164463174777750e-01
-1.246892122222833799e-01 -1.002412586394907240e-01 -5.816814426241983388e-02 6.716359689229453762e-03 6.437996007312990487e-02 9.557328428657771435e-02 1.120423547491809640e-01 1.168973692482183774e-01 9.231425954133698486e-02 1.135984684771586956e-01
-1.685288397036741603e-01 -1.449426669582112304e-01 -1.035703742894354823e-01 -3.404864873972974354e-02 4.845647360712231067e-02 9.847812076606497766e-02 1.260515578114052015e-01 1.373164463174777750e-01 1.135984684771586956e-01 1.472457633554033751e-01
2.860374723571644795e-01 2.446163422397733544e-01 1.785867780784546333e-01 1.080652883809554987e-01 4.407791716238067259e-02 -1.255378727302449912e-02 -6.560246202926775516e-02 -9.854101983493455952e-02 -1.547641921022368250e-01 -2.342458992794129724e-01
2.446163422397733544e-01 2.332062223525355471e-01 1.921709573774287305e-01 1.419889010447787092e-01 9.451677217674644971e-02 5.178105962259017814e-02 8.606970153597244544e-03 -4.041913781637492681e-02 -1.024719782195774309e-01 -1.827830437602955826e-01
1.785867780784546333e-01 1.921709573774287305e-01 1.831396203739352746e-01 1.594574165463058524e-01 1.332484646281082430e-01 1.084180428583371991e-01 7.951073290179906661e-02 2.036097276099364806e-02 -4.085915563730153910e-02 -1.140959997456372221e-01
1.080652883809554987e-01 1.419889010447787092e-01 1.594574165463058524e-01 1.633721162285214357e-01 1.590634656015692816e-01 1.520394455541595469e-01 1.375893033140715982e-01 7.346316667184762950e-02 1.731853350659835061e-02 -4.482577829843444744e-02
4.407791716238067259e-02 9.451677217674644971e-02 1.332484646281082430e-01 1.590634656015692816e-01 1.758667737897469663e-01 1.855728576987042966e-01 1.840167401421207161e-01 1.169602794329033385e-01 6.678403159967098712e-02 1.625330699173235111e-02
-1.255378727302449912e-02 5.178105962259017814e-02 1.084180428583371991e-01 1.520394455541595469e-01 1.855728576987042966e-01 2.130251511445954982e-01 2.242750760529587106e-01 1.543152591088782499e-01 1.092702442418446718e-01 6.940402084799547622e-02
-6.560246202926775516e-02 8.606970153597244544e-03 7.951073290179906661e-02 1.375893033140715982e-01 1.840167401421207161e-01 2.242750760529587106e-01 2.511445602315409698e-01 1.823277994363064480e-01 1.441880975346502836e-01 1.162271403423491278e-01
-9.854101983493455952e-02 -4.041913781637492681e-02 2.036097276099364806e-02 7.346316667184762950e-02 1.169602794329033385e-01 1.543152591088782499e-01 1.823277994363064480e-01 1.440143993806760614e-01 1.290248393382150416e-01 1.244843162024828337e-01
-1.547641921022368250e-01 -1.024719782195774309e-01 -4.085915563730153910e-02 1.731853350659835061e-02 6.678403159967098712e-02 1.092702442418446718e-01 1.441880975346502836e-01 1.290248393382150416e-01 1.374993023735302244e-01 1.586629645112059284e-01
-2.342458992794129724e-01 -1.827830437602955826e-01 -1.140959997456372221e-01 -4.482577829843444744e-02 1.625330699173235111e-02 6.940402084799547622e-02 1.162271403423491278e-01 1.244843162024828337e-01 1.586629645112059284e-01 2.126943817677550141e-01
1.880752383296659946e-01 1.604533055923055840e-01 1.560871487054241724e-01 1.441885281278972308e-01 8.192232373234104026e-02 2.839480226470798147e-02 -3.737422835470888272e-02 -1.325717380724117933e-01 -1.307196903522976350e-01 -1.780998683051986387e-01
1.604533055923055840e-01 1.554852610569146809e-01 1.689110288658822456e-01 1.713931311672124702e-01 1.139783377876606996e-01 7.181728669919476560e-02 1.223907789343782124e-02 -4.700701467689153562e-02 -7.561002400967725690e-02 -1.325063813191448558e-01
1.560871487054241724e-01 1.689110288658822456e-01 2.019011434940907457e-01 2.183853998883746317e-01 1.568662965894048467e-01 1.185396812894406737e-01 5.666612654975890229e-02 2.117016937238135055e-02 -3.746152881177074179e-02 -1.097861507286254507e-01
1.441885281278972308e-01 1.713931311672124702e-01 2.183853998883746317e-01 2.507862719263496132e-01 1.890021341762604945e-01 1.559289593441695321e-01 9.476819891554053021e-02 8.291794252301054602e-02 -3.945755708145444311e-04 -8.350426039141609080e-02
8.192232373234104026e-02 1.139783377876606996e-01 1.568662965894048467e-01 1.890021341762604945e-01 1.532922611806216140e-01 1.392417996183192008e-01 1.008195900543085444e-01 1.177134408391918852e-01 3.806897693781430281e-02 -2.724249738821487091e-02
2.839480226470798147e-02 7.181728669919476560e-02 1.185396812894406737e-01 1.559289593441695321e-01 1.392417996183192008e-01 1.442989106191907567e-01 1.248874865508373261e-01 1.768486817917591103e-01 8.669287196300248799e-02 2.928571318185354058e-02
-3.737422835470888272e-02 1.223907789343782124e-02 5.666612654975890229e-02 9.476819891554053021e-02 1.008195900543085444e-01 1.248874865508373261e-01 1.325241558847445877e-01 2.191936343072564686e-01 1.290361183776183585e-01 8.903548072290072557e-02
-1.325717380724117933e-01 -4.700701467689153562e-02 2.117016937238135055e-02 8.291794252301054602e-02 1.177134408391918852e-01 1.768486817917591103e-01 2.191936343072564686e-01 4.010681991511668709e-01 2.536560859166743231e-01 2.080033770143213667e-01
-1.307196903522976350e-01 -7.561002400967725690e-02 -3.746152881177074179e-02 -3.945755708145444311e-04 3.806897693781430281e-02 8.669287196300248799e-02 1.290361183776183585e-01 2.536560859166743231e-01 1.784158941680219490e-01 1.694104187785018534e-01
-1.780998683051986387e-01 -1.325063813191448558e-01 -1.097861507286254507e-01 -8.350426039141609080e-02 -2.724249738821487091e-02 2.928571318185354058e-02 8.903548072290072557e-02 2.080033770143213667e-01 1.694104187785018534e-01 1.941526641892331873e-01
2.554995423129152177e-01 2.094870459977891397e-01 1.437607018382252022e-01 1.598633409154714968e-01 8.945641158914872937e-02 1.990099499507703984e-02 -5.398690731535621401e-02 -1.316832608491113887e-01 -1.735518855049851816e-01 -1.772934896198542221e-01
2.094870459977891397e-01 1.869370235934388891e-01 1.423002070361194804e-01 1.775441919034229377e-01 1.166671105130974717e-01 5.927202541201530284e-02 1.545999239686207021e-03 -6.152372467809941181e-02 -1.090504457791444115e-01 -1.320461025750937767e-01
1.437607018382252022e-01 1.423002070361194804e-01 1.245307398501457607e-01 1.753024561680855409e-01 1.288355704141421199e-01 8.793306907981489340e-02 5.099209561012512520e-02 8.365076080567974970e-03 -3.880649386518472688e-02 -7.633181613560618972e-02
1.598633409154714968e-01 1.775441919034229377e-01 1.753024561680855409e-01 2.714592622046962944e-01 2.127231173363272332e-01 1.646762918724045122e-01 1.273684361069694071e-01 8.133235211540948417e-02 8.596750990024288469e-03 -6.424673056095221713e-02
8.945641158914872937e-02 1.166671105130974717e-01 1.288355704141421199e-01 2.127231173363272332e-01 1.800444152973686152e-01 1.541110742269478084e-01 1.381158809825583089e-01 1.141284612139026877e-01 5.461563675764414399e-02 -1.582853214561417282e-02
1.990099499507703984e-02 5.927202541201530284e-02 8.793306907981489340e-02 1.646762918724045122e-01 1.541110742269478084e-01 1.517754157717426389e-01 1.585321783869434731e-01 1.567187816532076838e-01 1.071596710798256441e-01 3.482494676197007283e-02
-5.398690731535621401e-02 1.545999239686207021e-03 5.099209561012512520e-02 1.273684361069694071e-01 1.381158809825583089e-01 1.585321783869434731e-01 1.919953324401107997e-01 2.151214360579837004e-01 1.720993540688136314e-01 9.209894359924733487e-02
-1.316832608491113887e-01 -6.152372467809941181e-02 8.365076080567974970e-03 8.133235211540948417e-02 1.141284612139026877e-01 1.567187816532076838e-01 2.151214360579837004e-01 2.681763530609105883e-01 2.350187172110382028e-01 1.499643293105838993e-01
-1.735518855049851816e-01 -1.090504457791444115e-01 -3.880649386518472688e-02 8.596750990024288469e-03 5.461563675764414399e-02 1.071596710798256441e-01 1.720993540688136314e-01 2.350187172110382028e-01 2.278135588191458893e-01 1.649364022889740489e-01
-1.772934896198542221e-01 -1.320461025750937767e-01 -7.633181613560618972e-02 -6.424673056095221713e-02 -1.582853214561417282e-02 3.482494676197007283e-02 9.209894359924733487e-02 1.499643293105838993e-01 1.649364022889740489e-01 1.417683566495248071e-01
2.402217093027712580e-01 2.095625563318679330e-01 1.683796290091412462e-01 1.225816931459989406e-01 7.644437439984441696e-02 3.877745942824862430e-02 -3.838620013596787377e-03 -7.183055514964403754e-02 -1.419557250358021161e-01 -2.397569033351855672e-01
2.095625563318679330e-01 2.066163175572466593e-01 1.821303562639983442e-01 1.459091923507737920e-01 1.067079214043755442e-01 8.164528104524790275e-02 6.356616440204648777e-02 8.815795747278809547e-03 -7.629885153247586982e-02 -1.812216551059879499e-01
1.683796290091412462e-01 1.821303562639983442e-01 1.741751185853112893e-01 1.487407157760480270e-01 1.178064417470482544e-01 1.033596627943273172e-01 1.033964293848405186e-01 6.285009129725216415e-02 -2.444934088775426936e-02 -1.248532677008721697e-01
1.225816931459989406e-01 1.459091923507737920e-01 1.487407157760480270e-01 1.353067382816446063e-01 1.141798717532433449e-01 1.091082289573256092e-01 1.222211735390388021e-01 9.562998423148881544e-02 1.528426035969401506e-02 -7.230380996607348176e-02
7.644437439984441696e-02 1.067079214043755442e-01 1.178064417470482544e-01 1.141798717532433449e-01 1.038252827504865389e-01 1.079150148992803621e-01 1.320949947806523417e-01 1.188302251455069791e-01 4.876615478510584051e-02 -2.283120376516136613e-02
3.877745942824862430e-02 8.164528104524790275e-02 1.033596627943273172e-01 1.091082289573256092e-01 1.079150148992803621e-01 1.233314250909008231e-01 1.640945166445544889e-01 1.631024807852214376e-01 9.259192288561281237e-02 2.698951910737962256e-02
-3.838620013596787377e-03 6.356616440204648777e-02 1.033964293848405186e-01 1.222211735390388021e-01 1.320949947806523417e-01 1.640945166445544889e-01 2.355737852426165180e-01 2.512915506932574816e-01 1.668059476048466550e-01 9.717854256572648619e-02
-7.183055514964403754e-02 8.815795747278809547e-03 6.285009129725216415e-02 9.562998423148881544e-02 1.188302251455069791e-01 1.631024807852214376e-01 2.512915506932574816e-01 2.936175988210064092e-01 2.211021851070659738e-01 1.726380506535528103e-01
-1.419557250358021161e-01 -7.629885153247586982e-02 -2.444934088775426936e-02 1.528426035969401506e-02 4.876615478510584051e-02 9.259192288561281237e-02 1.668059476048466550e-01 2.211021851070659738e-01 2.044239020520293160e-01 2.109422639144614697e-01
-2.397569033351855672e-01 -1.812216551059879499e-01 -1.248532677008721697e-01 -7.230380996607348176e-02 -2.283120376516136613e-02 2.698951910737962256e-02 9.717854256572648619e-02 1.726380506535528103e-01 2.109422639144614697e-01 2.829081223159864433e-01
2.406551440062777436e-01 2.242698919235792676e-01 1.878691300013041188e-01 1.087502076362635295e-01 2.572674282036557791e-02 -3.793956650972783728e-02 -8.959337383860606352e-02 -1.356025412506413064e-01 -1.388953237545328678e-01 -1.757692252105102215e-01
2.242698919235792676e-01 2.418055191939024184e-01 2.367751034133611099e-01 1.729432296075287256e-01 9.034523560445319179e-02 2.888763588480559169e-02 -2.050394984945518029e-02 -6.509405223052985856e-02 -9.085681313054121133e-02 -1.428877638655248195e-01
1.878691300013041188e-01 2.367751034133611099e-01 2.718326117726360680e-01 2.307714415599091407e-01 1.546152697066364434e-01 1.003926197071347004e-01 5.768819006785738668e-02 1.840510405891761930e-02 -3.038510241186870298e-02 -9.527740790908105495e-02
1.087502076362635295e-01 1.729432296075287256e-01 2.307714415599091407e-01 2.263675154700982850e-01 1.761774885498387788e-01 1.419580862843781432e-01 1.158029629494793100e-01 9.117854707560543726e-02 3.319811902613804822e-02 -2.787734292887529552e-02
2.572674282036557791e-02 9.034523560445319179e-02 1.546152697066364434e-01 1.761774885498387788e-01 1.591304599136510456e-01 1.484639734279538381e-01 1.404967814029112194e-01 1.317976070484220830e-01 7.724959729062352842e-02 3.071991259757913054e-02
-3.793956650972783728e-02 2.888763588480559169e-02 1.003926197071347004e-01 1.419580862843781432e-01 1.484639734279538381e-01 1.576237972593393377e-01 1.646317663858528069e-01 1.681855451148293046e-01 1.139479586691462543e-01 7.700370991172940383e-02
-8.959337383860606352e-02 -2.050394984945518029e-02 5.768819006785738668e-02 1.158029629494793100e-01 1.404967814029112194e-01 1.646317663858528069e-01 1.863331146681435346e-01 2.011335252797971096e-01 1.456085313771059986e-01 1.152904325121914819e-01
-1.356025412506413064e-01 -6.509405223052985856e-02 1.840510405891761930e-02 9.117854707560543726e-02 1.317976070484220830e-01 1.681855451148293046e-01 2.011335252797971096e-01 2.289927181402371947e-01 1.732837132079366460e-01 1.491617432176111924e-01
-1.388953237545328678e-01 -9.085681313054121133e-02 -3.038510241186870298e-02 3.319811902613804822e-02 7.724959729062352842e-02 1.139479586691462543e-01 1.456085313771059986e-01 1.732837132079366460e-01 1.407622532033557528e-01 1.338042252444637537e-01
-1.757692252105102215e-01 -1.428877638655248195e-01 -9.527740790908105495e-02 -2.787734292887529552e-02 3.071991259757913054e-02 7.700370991172940383e-02 1.152904325121914819e-01 1.491617432176111924e-01 1.338042252444637537e-01 1.464968663723593134e-01
3.260233082004861949e-01 2.467927546938099015e-01 1.601004724885339292e-01 1.176472062596526091e-01 6.165808780497093744e-02 1.915704100071875804e-02 -3.024059445692122566e-02 -1.069435424510000454e-01 -1.884340096833444222e-01 -2.446327204406739120e-01
2.467927546938099015e-01 2.192201801025364105e-01 1.707334801384360612e-01 1.570147908522896707e-01 1.117146204919585301e-01 8.163537062150533208e-02 3.024285168927695958e-02 -1.712208813553144776e-02 -8.489203706186757015e-02 -1.553301664499844859e-01
1.601004724885339292e-01 1.707334801384360612e-01 1.595600682428779393e-01 1.706562711375207986e-01 1.380533229444070864e-01 1.201278431909195143e-01 7.260464922822514044e-02 5.267000431173296526e-02 3.025653581120910183e-03 -7.071983111548242606e-02
1.176472062596526091e-01 1.570147908522896707e-01 1.706562711375207986e-01 2.038790993147102659e-01 1.767321852485926881e-01 1.651534956607640936e-01 1.135644508413659048e-01 1.108705208146266302e-01 6.823835933034465284e-02 -1.752024262612926139e-02
6.165808780497093744e-02 1.117146204919585301e-01 1.380533229444070864e-01 1.767321852485926881e-01 1.627103788928496164e-01 1.595568288004406976e-01 1.166426444489187253e-01 1.262687805170800981e-01 9.788033132827919647e-02 2.332719559185632632e-02
1.915704100071875804e-02 8.163537062150533208e-02 1.201278431909195143e-01 1.651534956607640936e-01 1.595568288004406976e-01 1.648514453775354605e-01 1.270806795501661091e-01 1.480977800744764927e-01 1.294918484585090845e-01 5.897298747760513354e-02
-3.024059445692122566e-02 3.024285168927695958e-02 7.260464922822514044e-02 1.135644508413659048e-01 1.166426444489187253e-01 1.270806795501661091e-01 1.060557221667558087e-01 1.353382119324773036e-01 1.319397125286787265e-01 8.226380436795351081e-02
-1.069435424510000454e-01 -1.712208813553144776e-02 5.267000431173296526e-02 1.108705208146266302e-01 1.262687805170800981e-01 1.480977800744764927e-01 1.353382119324773036e-01 1.909419415280638188e-01 2.049848143996191863e-01 1.544530048389197163e-01
-1.884340096833444222e-01 -8.489203706186757015e-02 3.025653581120910183e-03 6.823835933034465284e-02 9.788033132827919647e-02 1.294918484585090845e-01 1.319397125286787265e-01 2.049848143996191863e-01 2.443862197688163873e-01 2.119190828898215861e-01
-2.446327204406739120e-01 -1.553301664499844859e-01 -7.071983111548242606e-02 -1.752024262612926139e-02 2.332719559185632632e-02 5.897298747760513354e-02 8.226380436795351081e-02 1.544530048389197163e-01 2.119190828898215861e-01 2.223716364053687222e-01
2.209353411983865922e-01 1.915718614748349591e-01 1.610900948382928688e-01 1.184049042100130955e-01 5.104879858425973027e-02 1.700513696698006591e-04 -5.282268745684902400e-02 -1.155744429421540209e-01 -1.388395582364425340e-01 -2.285220705439878763e-01
1.915718614748349591e-01 1.967314328932422973e-01 1.938459206674160717e-01 1.690163708665329279e-01 1.020934148461754981e-01 6.356113708850374966e-02 1.922628483639025887e-02 -3.140961660019590818e-02 -7.939087081847095995e-02 -1.694238515016407431e-01
1.610900948382928688e-01 1.938459206674160717e-01 2.187530539208858427e-01 2.113423906783192807e-01 1.453742395346427907e-01 1.180479645066333100e-01 8.231097379379997969e-02 4.374259054369276922e-02 -2.527323441602362039e-02 -1.144396066913245941e-01
1.184049042100130955e-01 1.690163708665329279e-01 2.113423906783192807e-01 2.229351222163670487e-01 1.656086765824372753e-01 1.504970124522269359e-01 1.254797954726625253e-01 1.009907601350779893e-01 2.224161610170464348e-02 -5.664531475237678110e-02
5.104879858425973027e-02 1.020934148461754981e-01 1.453742395346427907e-01 1.656086765824372753e-01 1.346027567540979686e-01 1.352173393774959709e-01 1.262664502426902868e-01 1.198288237358207942e-01 5.471524947187646898e-02 6.039796424792965614e-03
1.700513696698006591e-04 6.356113708850374966e-02 1.180479645066333100e-01 1.504970124522269359e-01 1.352173393774959709e-01 1.516874571960352414e-01 1.564079156833453887e-01 1.655043331067106438e-01 9.752931601152403651e-02 6.553236037623955124e-02
-5.282268745684902400e-02 1.922628483639025887e-02 8.231097379379997969e-02 1.254797954726625253e-01 1.262664502426902868e-01 1.564079156833453887e-01 1.771575161323256653e-01 2.032345271009013410e-01 1.359580905271145779e-01 1.229309585060358312e-01
-1.155744429421540209e-01 -3.140961660019590818e-02 4.374259054369276922e-02 1.009907601350779893e-01 1.198288237358207942e-01 1.655043331067106438e-01 2.032345271009013410e-01 2.524178613390776760e-01 1.844362689967041224e-01 1.930223055766237539e-01
-1.388395582364425340e-01 -7.939087081847095995e-02 -2.527323441602362039e-02 2.224161610170464348e-02 5.471524947187646898e-02 9.752931601152403651e-02 1.359580905271145779e-01 1.844362689967041224e-01 1.542353069756304540e-01 1.888850959679123642e-01
-2.285220705439878763e-01 -1.694238515016407431e-01 -1.144396066913245941e-01 -5.664531475237678110e-02 6.039796424792965614e-03 6.553236037623955124e-02 1.229309585060358312e-01 1.930223055766237539e-01 1.888850959679123642e-01 2.705441513739505477e-01
2.146542300562460093e-01 1.975821936298638448e-01 1.827772714052331160e-01 8.632252804022996773e-02 3.066294888939705490e-02 -2.379420663299190372e-02 -6.647981744928301018e-02 -1.031217323401344282e-01 -1.511890045617065026e-01 -2.105566425455560609e-01
1.975821936298638448e-01 2.091870256272334583e-01 2.211780987246309560e-01 1.306288241684758489e-01 9.802181610194746209e-02 4.999505896222045109e-02 -1.824174725091042134e-03 -5.083522923687359280e-02 -1.064723357743474208e-01 -1.723717546637032472e-01
1.827772714052331160e-01 2.211780987246309560e-01 2.651477882505884898e-01 1.794376575579859634e-01 1.704040755602281298e-01 1.283326886580424264e-01 6.624426956299336866e-02 3.359873977210592159e-03 -6.168895301755608629e-02 -1.363027054832239016e-01
8.632252804022996773e-02 1.306288241684758489e-01 1.794376575579859634e-01 1.428388346877769999e-01 1.631052205984379611e-01 1.458984367568490204e-01 1.014697689241393919e-01 5.362748016481357072e-02 8.977458043245206687e-03 -4.060185446907040724e-02
3.066294888939705490e-02 9.802181610194746209e-02 1.704040755602281298e-01 1.631052205984379611e-01 2.199817923669654396e-01 2.194543320214323578e-01 1.734039329115846240e-01 1.205091090556318634e-01 7.744932428256375012e-02 3.207965755188375845e-02
-2.379420663299190372e-02 4.999505896222045109e-02 1.283326886580424264e-01 1.458984367568490204e-01 2.194543320214323578e-01 2.377853838588528390e-01 2.007325653559799972e-01 1.538799962361705742e-01 1.206293672428179059e-01 8.818873786817704730e-02
-6.647981744928301018e-02 -1.824174725091042134e-03 6.624426956299336866e-02 1.014697689241393919e-01 1.734039329115846240e-01 2.007325653559799972e-01 1.829355919744186654e-01 1.522021909853251698e-01 1.344258678812158547e-01 1.195655965475674737e-01
-1.031217323401344282e-01 -5.083522923687359280e-02 3.359873977210592159e-03 5.362748016481357072e-02 1.205091090556318634e-01 1.538799962361705742e-01 1.522021909853251698e-01 1.405152704731512658e-01 1.396304497746811979e-01 1.427227518359681369e-01
-1.511890045617065026e-01 -1.064723357743474208e-01 -6.168895301755608629e-02 8.977458043245206687e-03 7.744932428256375012e-02 1.206293672428179059e-01 1.344258678812158547e-01 1.396304497746811979e-01 1.576548075728221032e-01 1.807558617590216132e-01
-2.105566425455560609e-01 -1.723717546637032472e-01 -1.363027054832239016e-01 -4.060185446907040724e-02 3.207965755188375845e-02 8.818873786817704730e-02 1.195655965475674737e-01 1.427227518359681369e-01 1.807558617590216132e-01 2.292992751319444245e-01
2.193482380012706789e-01 2.165714053199405686e-01 1.631358391430290655e-01 1.132820522838874910e-01 7.134710948638949002e-02 1.223178440777213452e-02 -5.024160699270689701e-02 -1.168286187065441795e-01 -1.608531499708950319e-01 -1.800336176708257074e-01
2.165714053199405686e-01 2.344134473592552337e-01 1.924748895673734084e-01 1.535968359850227172e-01 1.260336125374148519e-01 6.993815251417599688e-02 2.845651949259201882e-03 -6.620452554215031093e-02 -1.230459288471533186e-01 -1.606530757590511893e-01
1.631358391430290655e-01 1.924748895673734084e-01 1.751142746308882447e-01 1.574088590588870740e-01 1.503651219299574349e-01 1.096375127246685399e-01 5.332729123013703332e-02 -2.305086202083382173e-03 -5.874672036338561554e-02 -1.053920632505280924e-01
1.132820522838874910e-01 1.535968359850227172e-01 1.574088590588870740e-01 1.624366848747152425e-01 1.768008260885265970e-01 1.505349315576668678e-01 1.037212135787444478e-01 6.064693890535381715e-02 4.065632872622403603e-03 -5.241043184870822907e-02
7.134710948638949002e-02 1.260336125374148519e-01 1.503651219299574349e-01 1.768008260885265970e-01 2.161352410055144002e-01 2.033462776332922717e-01 1.623616816042909028e-01 1.285980631690145648e-01 6.798967247687166815e-02 -2.461848038934795046e-03
1.223178440777213452e-02 6.993815251417599688e-02 1.096375127246685399e-01 1.505349315576668678e-01 2.033462776332922717e-01 2.111728316283615070e-01 1.868284016836808670e-01 1.702820387292745541e-01 1.187201949112497157e-01 4.960525565338393117e-02
-5.024160699270689701e-02 2.845651949259201882e-03 5.332729123013703332e-02 1.037212135787444478e-01 1.623616816042909028e-01 1.868284016836808670e-01 1.862951051902382860e-01 1.913816161991169218e-01 1.557006720336338024e-01 9.663736836383286788e-02
-1.168286187065441795e-01 -6.620452554215031093e-02 -2.305086202083382173e-03 6.064693890535381715e-02 1.285980631690145648e-01 1.702820387292745541e-01 1.913816161991169218e-01 2.217349600465999826e-01 2.016098583067971739e-01 1.497406017876112272e-01
