4.065361928083056631e-01 2.014859905198843615e-01 6.692773352162256773e-02 -4.984677320271095613e-02 -5.813874405322426442e-02 -8.843719813199988136e-03 5.431428392569128544e-02 4.849422356983867921e-02 -7.186495510452485524e-02 -2.042487096044339756e-01
2.014859905198843615e-01 4.467327754952680197e-01 2.061432146606405058e-01 6.077117103039993140e-02 -3.779348908249045152e-02 -5.627841983208575066e-02 -1.226669946842925268e-02 4.502888631406588849e-02 4.724414695455050189e-02 -4.863551542235505787e-02
6.692773352162256773e-02 2.061432146606405058e-01 3.959901219047954335e-01 2.063884942960597380e-01 8.055325196385614006e-02 -3.187414012072910946e-02 -5.641382334435549040e-02 -1.703172847502117115e-02 5.643582995545899650e-02 5.324751790043907168e-02
-4.984677320271095613e-02 6.077117103039993140e-02 2.063884942960597380e-01 3.743729289901386870e-01 2.216490208175691534e-01 9.745322155435547085e-02 -2.976859791383442908e-02 -5.912398150678747216e-02 -1.324128460745640189e-02 5.339711125782588969e-02
-5.813874405322426442e-02 -3.779348908249045152e-02 8.055325196385614006e-02 2.216490208175691534e-01 3.739841975090651971e-01 2.174442587853464282e-01 7.465753616209365451e-02 -3.526063670844800657e-02 -5.757679384199769490e-02 -3.546108873197408983e-03
-8.843719813199988136e-03 -5.627841983208575066e-02 -3.187414012072910946e-02 9.745322155435547085e-02 2.174442587853464282e-01 3.493947176888001493e-01 2.086593149328203056e-01 7.798167378388157212e-02 -4.747657428585867756e-02 -5.854021192132929929e-02
5.431428392569128544e-02 -1.226669946842925268e-02 -5.641382334435549040e-02 -2.976859791383442908e-02 7.465753616209365451e-02 2.086593149328203056e-01 4.105579667527353149e-01 2.115938647159827102e-01 6.310441842584127436e-02 -4.922859736520553142e-02
4.849422356983867921e-02 4.502888631406588849e-02 -1.703172847502117115e-02 -5.912398150678747216e-02 -3.526063670844800657e-02 7.798167378388157212e-02 2.115938647159827102e-01 4.181484542599537835e-01 2.015125410198970179e-01 5.922733642534917797e-02
-7.186495510452485524e-02 4.724414695455050189e-02 5.643582995545899650e-02 -1.324128460745640189e-02 -5.757679384199769490e-02 -4.747657428585867756e-02 6.310441842584127436e-02 2.015125410198970179e-01 4.055296285352189001e-01 2.113980478820744746e-01
-2.042487096044339756e-01 -4.863551542235505787e-02 5.324751790043907168e-02 5.339711125782588969e-02 -3.546108873197408983e-03 -5.854021192132929929e-02 -4.922859736520553142e-02 5.922733642534917797e-02 2.113980478820744746e-01 4.187530160557213499e-01
3.241999689896433168e-01 2.203101511579881322e-01 7.394546951080560593e-02 -4.556289098592104098e-02 -5.819729615344212265e-02 -2.315238880277534087e-04 6.256047265507086452e-02 4.734147714713881488e-02 -7.220979776220080859e-02 -2.148468884594602890e-01
2.203101511579881322e-01 3.657516605265585530e-01 2.033643865529850270e-01 6.759097005610226194e-02 -4.715878558251091618e-02 -5.055263782339248363e-02 1.166627338279463237e-02 5.941705852952115785e-02 3.204615034762800518e-02 -9.102357389238766028e-02
7.394546951080560593e-02 2.033643865529850270e-01 4.440233322353208667e-01 2.041388959644414580e-01 5.406164041685254662e-02 -4.048736907139631469e-02 -5.130972669966711586e-02 6.185589144418544849e-03 4.440884036139530061e-02 2.827235506990731853e-02
-4.556289098592104098e-02 6.759097005610226194e-02 2.041388959644414580e-01 4.172496642451521964e-01 1.958872426909243625e-01 5.680096700427104267e-02 -5.259066517933004559e-02 -5.621402375389260297e-02 6.260388214807153379e-03 5.733014091734736639e-02
-5.819729615344212265e-02 -4.715878558251091618e-02 5.406164041685254662e-02 1.958872426909243625e-01 3.940083265449394467e-01 2.158853413414609790e-01 8.678524004086513033e-02 -5.004392338728869127e-02 -5.172899247095929381e-02 9.886988427633306570e-03
-2.315238880277534087e-04 -5.055263782339248363e-02 -4.048736907139631469e-02 5.680096700427104267e-02 2.158853413414609790e-01 4.332305657064502435e-01 2.128206120453876027e-01 5.938727763927317826e-02 -3.912238551351333860e-02 -4.679673770544075934e-02
6.256047265507086452e-02 1.166627338279463237e-02 -5.130972669966711586e-02 -5.259066517933004559e-02 8.678524004086513033e-02 2.128206120453876027e-01 3.598555066088630627e-01 2.057331333136950546e-01 6.992335135057139994e-02 -4.691300299016187836e-02
4.734147714713881488e-02 5.941705852952115785e-02 6.185589144418544849e-03 -5.621402375389260297e-02 -5.004392338728869127e-02 5.938727763927317826e-02 2.057331333136950546e-01 4.171747193790135144e-01 2.038978334044600771e-01 5.389558152766907306e-02
-7.220979776220080859e-02 3.204615034762800518e-02 4.440884036139530061e-02 6.260388214807153379e-03 -5.172899247095929381e-02 -3.912238551351333860e-02 6.992335135057139994e-02 2.038978334044600771e-01 4.346605526779263595e-01 1.990878734451179133e-01
-2.148468884594602890e-01 -9.102357389238766028e-02 2.827235506990731853e-02 5.733014091734736639e-02 9.886988427633306570e-03 -4.679673770544075934e-02 -4.691300299016187836e-02 5.389558152766907306e-02 1.990878734451179133e-01 4.098457030861348827e-01
4.168674550189300776e-01 2.141004120849730463e-01 7.898942289203021716e-02 -3.517456458906356026e-02 -5.673389043176996216e-02 -5.157830536903758832e-03 5.252722018423648664e-02 4.318923015792015818e-02 -6.252371066924533594e-02 -2.077606834213045206e-01
2.141004120849730463e-01 3.626024744356205476e-01 2.152500360144299352e-01 7.790746508975676665e-02 -4.221090374338876822e-02 -5.768268123821104765e-02 -1.263696112264139091e-03 5.818672232218577434e-02 4.453361476396851260e-02 -7.896670672102681920e-02
7.898942289203021716e-02 2.152500360144299352e-01 3.765232116162098297e-01 2.123714334271609161e-01 7.306111973325646325e-02 -4.818879793377578435e-02 -5.782941783651376899e-02 6.705075219008066467e-03 6.106509592901349093e-02 4.055114683976781403e-02
-3.517456458906356026e-02 7.790746508975676665e-02 2.123714334271609161e-01 4.086561712973093563e-01 2.085000860421956370e-01 6.377075796222819726e-02 -4.517059342724916160e-02 -5.189440704683805777e-02 7.845682120722521913e-03 5.467065857380291188e-02
-5.673389043176996216e-02 -4.221090374338876822e-02 7.306111973325646325e-02 2.085000860421956370e-01 4.179671441978328739e-01 2.035036740814079592e-01 6.165065467725094894e-02 -4.782595253560696646e-02 -5.532930917699802748e-02 6.581733812415011334e-03
-5.157830536903758832e-03 -5.768268123821104765e-02 -4.818879793377578435e-02 6.377075796222819726e-02 2.035036740814079592e-01 3.977436391200360188e-01 2.102783280804384480e-01 7.246986581657663407e-02 -5.018548672697256685e-02 -5.699996135089311494e-02
5.252722018423648664e-02 -1.263696112264139091e-03 -5.782941783651376899e-02 -4.517059342724916160e-02 6.165065467725094894e-02 2.102783280804384480e-01 4.226458159625750000e-01 2.081605988949414843e-01 6.208312982492871640e-02 -4.632441605749575142e-02
4.318923015792015818e-02 5.818672232218577434e-02 6.705075219008066467e-03 -5.189440704683805777e-02 -4.782595253560696646e-02 7.246986581657663407e-02 2.081605988949414843e-01 3.924231756828461815e-01 2.104340975443268202e-01 7.561926093545892624e-02
-6.252371066924533594e-02 4.453361476396851260e-02 6.106509592901349093e-02 7.845682120722521913e-03 -5.532930917699802748e-02 -5.018548672697256685e-02 6.208312982492871640e-02 2.104340975443268202e-01 4.135021788967478962e-01 2.089418493690938794e-01
-2.077606834213045206e-01 -7.896670672102681920e-02 4.055114683976781403e-02 5.467065857380291188e-02 6.581733812415011334e-03 -5.699996135089311494e-02 -4.632441605749575142e-02 7.561926093545892624e-02 2.089418493690938794e-01 3.910687337718888879e-01
3.804573184136797459e-01 2.123399030772225304e-01 8.109703337819837432e-02 -4.824890664679373081e-02 -6.278570074045239369e-02 -9.691590844295258633e-03 5.697003670865234681e-02 5.775406205267910598e-02 -5.815771728152541176e-02 -1.987379521652868908e-01
2.123399030772225304e-01 4.024893320935234442e-01 2.149447900981992510e-01 6.917843173254448197e-02 -4.365178597026218854e-02 -5.925965243278309702e-02 -1.113276241826621771e-02 5.459340564523464112e-02 4.800714643790312403e-02 -5.754783640131559685e-02
8.109703337819837432e-02 2.149447900981992510e-01 3.994887380964829426e-01 2.079411427056435946e-01 7.466116965796561200e-02 -3.475641062839417150e-02 -5.654073791461357301e-02 -1.392041204531124440e-02 4.887414760461734897e-02 4.084736370848549014e-02
-4.824890664679373081e-02 6.917843173254448197e-02 2.079411427056435946e-01 3.971730906539929218e-01 2.129774877743427774e-01 8.171413906895672041e-02 -3.558854554528624592e-02 -6.172117102414689110e-02 -9.578194702028234100e-03 5.060586270178742130e-02
-6.278570074045239369e-02 -4.365178597026218854e-02 7.466116965796561200e-02 2.129774877743427774e-01 3.776647748218502354e-01 2.145911884910891021e-01 8.076618446303318599e-02 -3.996578751498351678e-02 -5.321558950457828258e-02 8.843980369280816847e-04
-9.691590844295258633e-03 -5.925965243278309702e-02 -3.475641062839417150e-02 8.171413906895672041e-02 2.145911884910891021e-01 3.736886767455778191e-01 2.180252123987451163e-01 8.466690459648706923e-02 -3.921347144601911028e-02 -5.072372827553524310e-02
5.697003670865234681e-02 -1.113276241826621771e-02 -5.654073791461357301e-02 -3.558854554528624592e-02 8.076618446303318599e-02 2.180252123987451163e-01 3.849515727260829911e-01 2.138321747265793382e-01 6.266451293832971114e-02 -4.631166379756986723e-02
5.775406205267910598e-02 5.459340564523464112e-02 -1.392041204531124440e-02 -6.172117102414689110e-02 -3.996578751498351678e-02 8.466690459648706923e-02 2.138321747265793382e-01 3.976512130070488649e-01 1.970518899676670099e-01 5.030149853071682470e-02
-5.815771728152541176e-02 4.800714643790312403e-02 4.887414760461734897e-02 -9.578194702028234100e-03 -5.321558950457828258e-02 -3.921347144601911028e-02 6.266451293832971114e-02 1.970518899676670099e-01 4.376077970183299137e-01 2.020317239927652553e-01
-1.987379521652868908e-01 -5.754783640131559685e-02 4.084736370848549014e-02 5.060586270178742130e-02 8.843980369280816847e-04 -5.072372827553524310e-02 -4.631166379756986723e-02 5.030149853071682470e-02 2.020317239927652553e-01 4.488274864234392814e-01
4.323602586077386345e-01 2.036547885498365684e-01 6.633738839975164558e-02 -2.817563260660000193e-02 -5.238140463005151043e-02 -9.984263905350218571e-03 4.884782686177776417e-02 4.759161282942385440e-02 -4.040052786833980142e-02 -2.072538466191826134e-01
2.036547885498365684e-01 2.762629726623156978e-01 2.115024261649303405e-01 9.136230927345267983e-02 -4.189880565876780844e-02 -5.858925439690153281e-02 -8.196413524590252797e-03 5.912001767469644148e-02 4.725302184534367622e-02 -8.451881482614329033e-02
6.633738839975164558e-02 2.115024261649303405e-01 4.020470068986571333e-01 2.137704848154441395e-01 6.074533109262762742e-02 -4.281729532258915505e-02 -5.627097316006416522e-02 3.964211566248507755e-03 4.951334808551528105e-02 3.112415805456189566e-02
-2.817563260660000193e-02 9.136230927345267983e-02 2.137704848154441395e-01 4.321713104298080532e-01 1.911602013911395670e-01 5.207624243709728373e-02 -4.039752859328131496e-02 -4.632043131642887140e-02 3.107571528096340473e-03 4.540962428196010370e-02
-5.238140463005151043e-02 -4.189880565876780844e-02 6.074533109262762742e-02 1.911602013911395670e-01 4.034081567397906354e-01 2.117113971675894657e-01 8.642689501616349079e-02 -4.989421129327340637e-02 -5.998234207271061630e-02 6.985551364156126694e-03
-9.984263905350218571e-03 -5.858925439690153281e-02 -4.281729532258915505e-02 5.207624243709728373e-02 2.117113971675894657e-01 4.028386864877802065e-01 2.185186722012500971e-01 6.897173059648506466e-02 -4.500547484543755694e-02 -4.291522338455085184e-02
4.884782686177776417e-02 -8.196413524590252797e-03 -5.627097316006416522e-02 -4.039752859328131496e-02 8.642689501616349079e-02 2.185186722012500971e-01 3.786018174553004156e-01 2.118840496405839102e-01 7.301620035377037743e-02 -4.226663495945484628e-02
4.759161282942385440e-02 5.912001767469644148e-02 3.964211566248507755e-03 -4.632043131642887140e-02 -4.989421129327340637e-02 6.897173059648506466e-02 2.118840496405839102e-01 3.927900586574987196e-01 2.072358119774828644e-01 5.094868213130593348e-02
-4.040052786833980142e-02 4.725302184534367622e-02 4.951334808551528105e-02 3.107571528096340473e-03 -5.998234207271061630e-02 -4.500547484543755694e-02 7.301620035377037743e-02 2.072358119774828644e-01 4.389172806283030415e-01 1.843373676099730740e-01
-2.072538466191826134e-01 -8.451881482614329033e-02 3.112415805456189566e-02 4.540962428196010370e-02 6.985551364156126694e-03 -4.291522338455085184e-02 -4.226663495945484628e-02 5.094868213130593348e-02 1.843373676099730740e-01 4.406024514328090169e-01
3.696999660248502240e-01 2.128035523373570936e-01 8.414689496619448539e-02 -4.867383483115455406e-02 -6.314278598213907134e-02 1.122782399269801152e-03 5.769590224427113834e-02 5.187368498414422768e-02 -7.183390607805806294e-02 -2.035350369234334156e-01
2.128035523373570936e-01 4.225429902774794355e-01 2.108234948649547191e-01 5.497949402170570349e-02 -4.714093785331989472e-02 -5.449008452879279540e-02 3.899724396636303041e-04 5.715502088381461954e-02 4.400588292031630544e-02 -5.919687821658566051e-02
8.414689496619448539e-02 2.108234948649547191e-01 3.993565709292760113e-01 2.023324285773190900e-01 7.306485746811147708e-02 -4.332814004138819952e-02 -5.426846981247690493e-02 -4.584091710766566470e-03 5.455708435604113282e-02 4.304927483111504333e-02
-4.867383483115455406e-02 5.497949402170570349e-02 2.023324285773190900e-01 4.176119225484958841e-01 2.147739997442457138e-01 7.427674230887733320e-02 -4.072120624101302488e-02 -6.149371074664655712e-02 -5.453820261320817264e-03 4.994042284454421748e-02
-6.314278598213907134e-02 -4.714093785331989472e-02 7.306485746811147708e-02 2.147739997442457138e-01 3.909450309261459644e-01 2.077936810603838724e-01 6.801953831230510283e-02 -4.423310507062558350e-02 -5.377594114730925579e-02 -2.505937682444993493e-03
1.122782399269801152e-03 -5.449008452879279540e-02 -4.332814004138819952e-02 7.427674230887733320e-02 2.077936810603838724e-01 3.769475934047702426e-01 2.166593394473357026e-01 9.083901107261868613e-02 -3.987160945220148689e-02 -5.697734862407728695e-02
5.769590224427113834e-02 3.899724396636303041e-04 -5.426846981247690493e-02 -4.072120624101302488e-02 6.801953831230510283e-02 2.166593394473357026e-01 4.128323870574751031e-01 2.138753059637752973e-01 6.041583924719194643e-02 -4.196102797519682404e-02
5.187368498414422768e-02 5.715502088381461954e-02 -4.584091710766566470e-03 -6.149371074664655712e-02 -4.423310507062558350e-02 9.083901107261868613e-02 2.138753059637752973e-01 3.703171318763123776e-01 2.021672369116757628e-01 7.093063337639296528e-02
-7.183390607805806294e-02 4.400588292031630544e-02 5.455708435604113282e-02 -5.453820261320817264e-03 -5.377594114730925579e-02 -3.987160945220148689e-02 6.041583924719194643e-02 2.021672369116757628e-01 4.198251595016290194e-01 2.144451465396674528e-01
-2.035350369234334156e-01 -5.919687821658566051e-02 4.304927483111504333e-02 4.994042284454421748e-02 -2.505937682444993493e-03 -5.697734862407728695e-02 -4.196102797519682404e-02 7.093063337639296528e-02 2.144451465396674528e-01 4.199212474535625739e-01
4.065553635772703456e-01 2.067684521838156764e-01 5.705887247318582045e-02 -4.254738279409998186e-02 -4.269781657559110905e-02 2.445311928737204168e-02 5.572161746348441858e-02 2.223743050028357399e-02 -8.969842526831889318e-02 -2.172022395638486536e-01
2.067684521838156764e-01 4.048234790771943481e-01 1.991633072412516137e-01 4.944967523242944918e-02 -5.645544587968857886e-02 -5.820284152679788131e-02 2.401207093203331158e-02 6.200848410964173579e-02 4.037679095857454881e-02 -7.616446083901892705e-02
5.705887247318582045e-02 1.991633072412516137e-01 4.327332053135534151e-01 1.948920013967247178e-01 4.154013200018105700e-02 -5.801913341090834259e-02 -4.680890654817843055e-02 1.538107884529597152e-02 5.759216463549304138e-02 4.445740010340934467e-02
-4.254738279409998186e-02 4.944967523242944918e-02 1.948920013967247178e-01 4.635367201080518029e-01 1.939418416566959791e-01 5.180455309303605427e-02 -4.342535415367654306e-02 -4.699909598983151998e-02 -1.696173094681803018e-03 4.714686708037423013e-02
-4.269781657559110905e-02 -5.645544587968857886e-02 4.154013200018105700e-02 1.939418416566959791e-01 4.289810170334222295e-01 2.045482433300825631e-01 6.687621237629888526e-02 -4.037941617041897191e-02 -5.813980477139518016e-02 -1.991520383535725844e-02
2.445311928737204168e-02 -5.820284152679788131e-02 -5.801913341090834259e-02 5.180455309303605427e-02 2.045482433300825631e-01 3.936002075274975254e-01 2.100833140242178987e-01 7.613797977917308168e-02 -3.663534088439505954e-02 -6.308429451309910396e-02
5.572161746348441858e-02 2.401207093203331158e-02 -4.680890654817843055e-02 -4.342535415367654306e-02 6.687621237629888526e-02 2.100833140242178987e-01 3.843877288210032495e-01 2.170809284200422296e-01 9.358860611870040147e-02 -2.073082259040306616e-02
2.223743050028357399e-02 6.200848410964173579e-02 1.538107884529597152e-02 -4.699909598983151998e-02 -4.037941617041897191e-02 7.613797977917308168e-02 2.170809284200422296e-01 3.947591471654650075e-01 2.126396268798678157e-01 8.408684923762502206e-02
-8.969842526831889318e-02 4.037679095857454881e-02 5.759216463549304138e-02 -1.696173094681803018e-03 -5.813980477139518016e-02 -3.663534088439505954e-02 9.358860611870040147e-02 2.126396268798678157e-01 3.106365042094421103e-01 2.140020115348153507e-01
-2.172022395638486536e-01 -7.616446083901892705e-02 4.445740010340934467e-02 4.714686708037423013e-02 -1.991520383535725844e-02 -6.308429451309910396e-02 -2.073082259040306616e-02 8.408684923762502206e-02 2.140020115348153507e-01 3.799866271670968576e-01
4.360199593188184286e-01 2.001176380189436110e-01 5.872681037014254590e-02 -4.540624712879526986e-02 -5.462428366174391925e-02 2.234478965826609039e-03 5.100761918212864260e-02 4.255868761240087089e-02 -6.605933439351768799e-02 -2.011695667333321391e-01
2.001176380189436110e-01 4.194981211620443795e-01 2.054935509656933279e-01 6.859843264942783181e-02 -4.648769200663520340e-02 -5.491675417545719556e-02 -6.113489588324477406e-05 5.643970162184088618e-02 5.030880408192170417e-02 -5.438710825875649885e-02
5.872681037014254590e-02 2.054935509656933279e-01 4.000284452007043523e-01 2.143022142170216970e-01 7.975222885715184395e-02 -4.328682205466248545e-02 -5.487402216212042966e-02 -3.871201000809571923e-03 5.721100291439921298e-02 4.846254165696912974e-02
-4.540624712879526986e-02 6.859843264942783181e-02 2.143022142170216970e-01 3.865966507329654522e-01 2.172213752723551605e-01 7.509089657123868555e-02 -4.049762077738841559e-02 -5.865484052003139270e-02 -8.888588724420609655e-03 5.079734868697495520e-02
-5.462428366174391925e-02 -4.648769200663520340e-02 7.975222885715184395e-02 2.172213752723551605e-01 3.876125540047474782e-01 2.075658404634206367e-01 6.516867146727876869e-02 -4.405396587327584101e-02 -6.116737213093521863e-02 -7.964506171927657543e-03
2.234478965826609039e-03 -5.491675417545719556e-02 -4.328682205466248545e-02 7.509089657123868555e-02 2.075658404634206367e-01 4.019130856734747237e-01 2.071604242470819757e-01 7.455662711687585653e-02 -4.212953928331792525e-02 -5.494859215893996285e-02
5.100761918212864260e-02 -6.113489588324477406e-05 -5.487402216212042966e-02 -4.049762077738841559e-02 6.516867146727876869e-02 2.071604242470819757e-01 4.225502926664430614e-01 2.098410624145556347e-01 7.604552997785717083e-02 -3.574025300675962719e-02
4.255868761240087089e-02 5.643970162184088618e-02 -3.871201000809571923e-03 -5.865484052003139270e-02 -4.405396587327584101e-02 7.455662711687585653e-02 2.098410624145556347e-01 3.630136664276862879e-01 2.183731830615419645e-01 8.277808668766248323e-02
-6.605933439351768799e-02 5.030880408192170417e-02 5.721100291439921298e-02 -8.888588724420609655e-03 -6.116737213093521863e-02 -4.212953928331792525e-02 7.604552997785717083e-02 2.183731830615419645e-01 3.704477215378737531e-01 2.131874034813064367e-01
-2.011695667333321391e-01 -5.438710825875649885e-02 4.846254165696912974e-02 5.079734868697495520e-02 -7.964506171927657543e-03 -5.494859215893996285e-02 -3.574025300675962719e-02 8.277808668766248323e-02 2.131874034813064367e-01 4.123195032752425826e-01
4.121527478166688296e-01 2.093731492680045991e-01 6.086586972709089743e-02 -4.140084039070351246e-02 -4.757141081550614325e-02 -2.846737769913053242e-04 5.354482042481557152e-02 4.065905072069440906e-02 -6.566160877055726708e-02 -2.166523277050173002e-01
2.093731492680045991e-01 3.749832125394249038e-01 2.095182917009738299e-01 7.715071329154410407e-02 -4.804049242966110245e-02 -6.511333197397797812e-02 -7.802393473879469868e-03 5.494927157727416689e-02 5.128609568920958206e-02 -7.926546063559078426e-02
6.086586972709089743e-02 2.095182917009738299e-01 4.046840956528982014e-01 2.116906262589211274e-01 6.217309536350667382e-02 -4.581725289719642408e-02 -5.729460984049253303e-02 -3.132222163179320361e-03 5.231687440057615490e-02 4.633667316851365625e-02
-4.140084039070351246e-02 7.715071329154410407e-02 2.116906262589211274e-01 4.276062822855849488e-01 1.979417046132039837e-01 6.513898203615126059e-02 -3.743092001887225739e-02 -4.856015817188809314e-02 -4.333072854023453831e-03 5.706376696549413097e-02
-4.757141081550614325e-02 -4.804049242966110245e-02 6.217309536350667382e-02 1.979417046132039837e-01 3.838697344703643211e-01 2.206034135021272269e-01 9.836265519501474763e-02 -3.327983909697757037e-02 -5.842537532065315148e-02 -5.634943095691557005e-03
-2.846737769913053242e-04 -6.511333197397797812e-02 -4.581725289719642408e-02 6.513898203615126059e-02 2.206034135021272269e-01 3.998804248029362851e-01 2.134350715271332022e-01 5.605045072605339962e-02 -4.510619159251925969e-02 -5.633883870880098538e-02
5.354482042481557152e-02 -7.802393473879469868e-03 -5.729460984049253303e-02 -3.743092001887225739e-02 9.836265519501474763e-02 2.134350715271332022e-01 3.340474040192316085e-01 2.025145246648365482e-01 8.700277418589018319e-02 -4.656104544103687598e-02
4.065905072069440906e-02 5.494927157727416689e-02 -3.132222163179320361e-03 -4.856015817188809314e-02 -3.327983909697757037e-02 5.605045072605339962e-02 2.025145246648365482e-01 4.614523631703671414e-01 2.116820124428004934e-01 4.979676141629914982e-02
-6.566160877055726708e-02 5.128609568920958206e-02 5.231687440057615490e-02 -4.333072854023453831e-03 -5.842537532065315148e-02 -4.510619159251925969e-02 8.700277418589018319e-02 2.116820124428004934e-01 3.829727273599161097e-01 1.952947902681074210e-01
-2.166523277050173002e-01 -7.926546063559078426e-02 4.633667316851365625e-02 5.706376696549413097e-02 -5.634943095691557005e-03 -5.633883870880098538e-02 -4.656104544103687598e-02 4.979676141629914982e-02 1.952947902681074210e-01 4.183510078826059853e-01
4.337467593763401630e-01 2.179890437104214929e-01 7.642192503261580061e-02 -3.355378704534858758e-02 -5.155204720749133329e-02 -3.714817929443078523e-03 4.646406394505178672e-02 3.683951451643090874e-02 -5.403355974387139687e-02 -2.026374239728112037e-01
2.179890437104214929e-01 4.033695347918736518e-01 2.041114976148668270e-01 6.252840092552369722e-02 -3.553106684405091253e-02 -5.647898018683644716e-02 -9.135341757794204071e-03 5.089687696879918039e-02 4.253584001746272408e-02 -7.950959508700131129e-02
7.642192503261580061e-02 2.041114976148668270e-01 3.280534585826092586e-01 2.106677285633540286e-01 9.171896776251364791e-02 -5.069870039117446714e-02 -6.571361783549894975e-02 -1.431174182844309689e-04 5.979589646546397408e-02 5.209072787442743657e-02
-3.355378704534858758e-02 6.252840092552369722e-02 2.106677285633540286e-01 4.361892441940781739e-01 2.133610800073585112e-01 5.842878550847464825e-02 -4.149469987166599927e-02 -4.612650509649923736e-02 7.660180895493763284e-03 6.022031220209062008e-02
-5.155204720749133329e-02 -3.553106684405091253e-02 9.171896776251364791e-02 2.133610800073585112e-01 3.931465545103572934e-01 2.042678351418339422e-01 7.488727009487677888e-02 -3.938660519949040845e-02 -5.040197404534760978e-02 6.811232015478681234e-03
-3.714817929443078523e-03 -5.647898018683644716e-02 -5.069870039117446714e-02 5.842878550847464825e-02 2.042678351418339422e-01 3.889425578344311019e-01 2.155532328694106659e-01 6.652294844116668493e-02 -5.334388743025864771e-02 -6.946263341000134817e-02
4.646406394505178672e-02 -9.135341757794204071e-03 -6.571361783549894975e-02 -4.149469987166599927e-02 7.488727009487677888e-02 2.155532328694106659e-01 4.072236935754210418e-01 1.986186657193305671e-01 5.239688252671784174e-02 -5.625386209036209451e-02
3.683951451643090874e-02 5.089687696879918039e-02 -1.431174182844309689e-04 -4.612650509649923736e-02 -3.938660519949040845e-02 6.652294844116668493e-02 1.986186657193305671e-01 4.312709210339676913e-01 2.096429256217663128e-01 7.775830485948702353e-02
-5.403355974387139687e-02 4.253584001746272408e-02 5.979589646546397408e-02 7.660180895493763284e-03 -5.040197404534760978e-02 -5.334388743025864771e-02 5.239688252671784174e-02 2.096429256217663128e-01 4.227786744957610643e-01 2.070850720262027989e-01
-2.026374239728112037e-01 -7.950959508700131129e-02 5.209072787442743657e-02 6.022031220209062008e-02 6.811232015478681234e-03 -6.946263341000134817e-02 -5.625386209036209451e-02 7.775830485948702353e-02 2.070850720262027989e-01 3.552786016051575069e-01
4.139715899509940900e-01 2.059576518847522075e-01 7.110978754071639596e-02 -4.183031726712195530e-02 -5.827553143792728318e-02 -1.829458230483241646e-02 4.753250712836225300e-02 4.787342557983727265e-02 -6.347510547136725467e-02 -2.049796408685023441e-01
2.059576518847522075e-01 4.002868289426230741e-01 2.132636765843338722e-01 7.586831791930181979e-02 -3.704640079458541152e-02 -6.360920661425716049e-02 -1.994211917754394603e-02 4.940099318903697079e-02 5.611133238913287163e-02 -5.617692600262572111e-02
7.110978754071639596e-02 2.132636765843338722e-01 3.920790977767931729e-01 2.109714010562172004e-01 8.154605285410909676e-02 -2.856143770214875782e-02 -5.514111007661080810e-02 -1.362958419200237421e-02 5.763940831103449292e-02 4.786944012542799359e-02
-4.183031726712195530e-02 7.586831791930181979e-02 2.109714010562172004e-01 3.816423095215252803e-01 2.167718091971523042e-01 9.439243578329051254e-02 -2.675163283066604031e-02 -5.552908660467156116e-02 -1.016120372669520634e-02 5.162155337936819022e-02
-5.827553143792728318e-02 -3.704640079458541152e-02 8.154605285410909676e-02 2.167718091971523042e-01 3.560484991890219275e-01 2.200942716155698531e-01 8.002230642124796844e-02 -3.921075801864958021e-02 -6.037922995795631798e-02 1.638994782647052373e-03
-1.829458230483241646e-02 -6.360920661425716049e-02 -2.856143770214875782e-02 9.439243578329051254e-02 2.200942716155698531e-01 3.542165391302595778e-01 2.081563354508828567e-01 6.794577493046909111e-02 -5.306972771921371346e-02 -5.293466148795444859e-02
4.753250712836225300e-02 -1.994211917754394603e-02 -5.514111007661080810e-02 -2.675163283066604031e-02 8.002230642124796844e-02 2.081563354508828567e-01 4.156902382614630076e-01 2.069517015919068170e-01 5.977213492253093119e-02 -4.666783047341114404e-02
4.787342557983727265e-02 4.940099318903697079e-02 -1.362958419200237421e-02 -5.552908660467156116e-02 -3.921075801864958021e-02 6.794577493046909111e-02 2.069517015919068170e-01 4.380469479291241863e-01 1.977068447653511363e-01 4.778940619564470138e-02
-6.347510547136725467e-02 5.611133238913287163e-02 5.763940831103449292e-02 -1.016120372669520634e-02 -6.037922995795631798e-02 -5.306972771921371346e-02 5.977213492253093119e-02 1.977068447653511363e-01 4.072388637489054997e-01 2.020699819270813935e-01
-2.049796408685023441e-01 -5.617692600262572111e-02 4.786944012542799359e-02 5.162155337936819022e-02 1.638994782647052373e-03 -5.293466148795444859e-02 -4.666783047341114404e-02 4.778940619564470138e-02 2.020699819270813935e-01 4.407790855492921267e-01
4.275430331200292811e-01 2.017607482542068675e-01 4.661002558714238270e-02 -4.705857557407762404e-02 -4.819929570763299698e-02 1.078587693232459926e-02 5.358469467377034723e-02 3.480012646548693439e-02 -7.746093149376234721e-02 -2.122592503208169390e-01
2.017607482542068675e-01 4.257263019703331208e-01 1.950022530822729250e-01 5.427703477469146554e-02 -5.062138689779938083e-02 -5.591406741566550681e-02 4.115397756840143313e-03 5.398824529722185545e-02 4.655285232234673137e-02 -7.018385496809348423e-02
4.661002558714238270e-02 1.950022530822729250e-01 4.383375147310064612e-01 2.028957067149948501e-01 6.160842187261027225e-02 -4.700127387569384696e-02 -5.328474654824027351e-02 -2.459416200944102363e-04 5.396670282216775583e-02 4.905589123118107853e-02
-4.705857557407762404e-02 5.427703477469146554e-02 2.028957067149948501e-01 4.194377845650850700e-01 2.079253933691543321e-01 7.564630732474345032e-02 -3.988704097992487596e-02 -5.285812877648837782e-02 -9.178062205098685283e-03 5.294795586955632766e-02
-4.819929570763299698e-02 -5.062138689779938083e-02 6.160842187261027225e-02 2.079253933691543321e-01 3.789508299327748464e-01 2.199910742534797459e-01 8.414201992028075283e-02 -3.778121198709819689e-02 -6.205456307194748278e-02 -1.682199560631895963e-02
1.078587693232459926e-02 -5.591406741566550681e-02 -4.700127387569384696e-02 7.564630732474345032e-02 2.199910742534797459e-01 3.776143181018227768e-01 2.119098676500490441e-01 6.878161701014609553e-02 -4.007740088792171446e-02 -6.154059393522334775e-02
5.358469467377034723e-02 4.115397756840143313e-03 -5.328474654824027351e-02 -3.988704097992487596e-02 8.414201992028075283e-02 2.119098676500490441e-01 3.902768619510459946e-01 2.075154023895924849e-01 7.958155317292779640e-02 -3.753525006254128382e-02
3.480012646548693439e-02 5.398824529722185545e-02 -2.459416200944102363e-04 -5.285812877648837782e-02 -3.778121198709819689e-02 6.878161701014609553e-02 2.075154023895924849e-01 4.166477520694625847e-01 2.124540185466289310e-01 7.917772579407683642e-02
-7.746093149376234721e-02 4.655285232234673137e-02 5.396670282216775583e-02 -9.178062205098685283e-03 -6.205456307194748278e-02 -4.007740088792171446e-02 7.958155317292779640e-02 2.124540185466289310e-01 3.570257314367445978e-01 2.168703525569961876e-01
-2.122592503208169390e-01 -7.018385496809348423e-02 4.905589123118107853e-02 5.294795586955632766e-02 -1.682199560631895963e-02 -6.154059393522334775e-02 -3.753525006254128382e-02 7.917772579407683642e-02 2.168703525569961876e-01 3.684398721216926020e-01
4.532458982921494517e-01 2.026916234915460135e-01 5.630997495090372951e-02 -4.370270891447099876e-02 -4.676566155751545745e-02 1.289560183178396638e-03 4.988181145143712192e-02 4.450827125720881183e-02 -4.065098517197136829e-02 -1.974203219881456861e-01
2.026916234915460135e-01 4.115087058769817396e-01 2.066603246929907822e-01 7.479178661996566113e-02 -4.253533882282876932e-02 -5.842481898005109919e-02 -1.655563572578907378e-02 4.950048183499577981e-02 4.839951297149910903e-02 -5.892463977662816543e-02
5.630997495090372951e-02 2.066603246929907822e-01 3.721045805408447205e-01 2.189696979422516288e-01 8.108007449949182488e-02 -3.995003863024097768e-02 -6.363174032663976298e-02 -2.002253469044894957e-02 4.709318816615185033e-02 5.663058463163250095e-02
-4.370270891447099876e-02 7.479178661996566113e-02 2.189696979422516288e-01 4.063650142390651809e-01 2.072024251624423608e-01 6.751496936085737977e-02 -3.208679334389098747e-02 -5.615879499211830217e-02 -1.232105161516270503e-02 5.742666896447307795e-02
-4.676566155751545745e-02 -4.253533882282876932e-02 8.108007449949182488e-02 2.072024251624423608e-01 3.810634190558761514e-01 2.127020722716737589e-01 9.571755916400540021e-02 -2.757540422673561073e-02 -5.268726679212758224e-02 -1.116764999864294783e-02
1.289560183178396638e-03 -5.842481898005109919e-02 -3.995003863024097768e-02 6.751496936085737977e-02 2.127020722716737589e-01 4.003033408924506764e-01 2.163334414687875795e-01 7.626719856503602624e-02 -3.449297696449385442e-02 -5.895126733788291773e-02
4.988181145143712192e-02 -1.655563572578907378e-02 -6.363174032663976298e-02 -3.208679334389098747e-02 9.571755916400540021e-02 2.163334414687875795e-01 3.158791108845202533e-01 2.106470597433890424e-01 7.976011251174634775e-02 -4.978570018383560863e-02
4.450827125720881183e-02 4.950048183499577981e-02 -2.002253469044894957e-02 -5.615879499211830217e-02 -2.757540422673561073e-02 7.626719856503602624e-02 2.106470597433890424e-01 4.059987536102771521e-01 2.122865713828220591e-01 6.075936629685436963e-02
-4.065098517197136829e-02 4.839951297149910903e-02 4.709318816615185033e-02 -1.232105161516270503e-02 -5.268726679212758224e-02 -3.449297696449385442e-02 7.976011251174634775e-02 2.122865713828220591e-01 4.326775927110887432e-01 1.932280020196459613e-01
-1.974203219881456861e-01 -5.892463977662816543e-02 5.663058463163250095e-02 5.742666896447307795e-02 -1.116764999864294783e-02 -5.895126733788291773e-02 -4.978570018383560863e-02 6.075936629685436963e-02 1.932280020196459613e-01 4.208535838967430998e-01
4.143666021873116945e-01 2.008231690265760427e-01 5.967839159373147795e-02 -4.351161376837525685e-02 -5.233543728103183523e-02 -1.244106574035470231e-03 5.115667502752303808e-02 4.283345372247972932e-02 -7.675415408873222101e-02 -2.122364371146712725e-01
2.008231690265760427e-01 4.067995882451755918e-01 2.065124688154957588e-01 6.674189881791632584e-02 -5.064145005539916894e-02 -6.477849217772632673e-02 -6.168521306897838466e-03 5.693172883091780767e-02 5.635816563268708501e-02 -5.891839522791350592e-02
5.967839159373147795e-02 2.065124688154957588e-01 4.140173033932649238e-01 2.086307429406724645e-01 7.053494563430523501e-02 -4.243973693663052882e-02 -5.176635708511878597e-02 -4.194461215145489988e-03 5.664375897698601531e-02 4.573717968956480390e-02
-4.351161376837525685e-02 6.674189881791632584e-02 2.086307429406724645e-01 4.152636420635680281e-01 2.107300081176876061e-01 7.948489495802463223e-02 -3.381535548527359741e-02 -5.560986399553355386e-02 -1.141795314832743866e-02 4.997478370761412880e-02
-5.233543728103183523e-02 -5.064145005539916894e-02 7.053494563430523501e-02 2.107300081176876061e-01 3.580576137050265340e-01 2.186048473646378110e-01 8.278329294035072228e-02 -3.946581107754576490e-02 -6.291868292961741438e-02 -8.482862442624973867e-03
-1.244106574035470231e-03 -6.477849217772632673e-02 -4.243973693663052882e-02 7.948489495802463223e-02 2.186048473646378110e-01 3.874732399446857434e-01 2.087769190935156449e-01 6.568477460986064942e-02 -4.559335138214593713e-02 -5.610160284335860559e-02
5.115667502752303808e-02 -6.168521306897838466e-03 -5.176635708511878597e-02 -3.381535548527359741e-02 8.278329294035072228e-02 2.087769190935156449e-01 3.909012784275406327e-01 2.112861103071444202e-01 8.292277522641638976e-02 -3.981574546846934626e-02
4.283345372247972932e-02 5.693172883091780767e-02 -4.194461215145489988e-03 -5.560986399553355386e-02 -3.946581107754576490e-02 6.568477460986064942e-02 2.112861103071444202e-01 4.282519777921133253e-01 2.088697115285623740e-01 5.889965358587861965e-02
-7.675415408873222101e-02 5.635816563268708501e-02 5.664375897698601531e-02 -1.141795314832743866e-02 -6.291868292961741438e-02 -4.559335138214593713e-02 8.292277522641638976e-02 2.088697115285623740e-01 3.517524337615423047e-01 2.060079421463544003e-01
-2.122364371146712725e-01 -5.891839522791350592e-02 4.573717968956480390e-02 4.997478370761412880e-02 -8.482862442624973867e-03 -5.610160284335860559e-02 -3.981574546846934626e-02 5.889965358587861965e-02 2.060079421463544003e-01 4.331163204797682797e-01
4.137660866260532977e-01 1.965766438037119257e-01 5.504078749054779063e-02 -5.195964058815733672e-02 -5.478883747540760907e-02 2.989568101461799205e-03 6.123442003796017441e-02 4.749221755776397713e-02 -7.296932322797233805e-02 -2.097817043595155972e-01
1.965766438037119257e-01 4.059337092864617746e-01 2.136568203533899812e-01 8.522763484899928410e-02 -4.410248358248354539e-02 -5.326880387489439650e-02 2.665910770429665878e-03 5.466045478580351669e-02 4.594013543854234827e-02 -5.934250086474956998e-02
5.504078749054779063e-02 2.136568203533899812e-01 4.327722405476758238e-01 2.100394596949333170e-01 6.039647344198369183e-02 -3.832739531841621028e-02 -5.227698838594661834e-02 -3.746570886030199145e-03 5.208378064962734810e-02 4.381291914850161950e-02
-5.195964058815733672e-02 8.522763484899928410e-02 2.100394596949333170e-01 3.454053598770214228e-01 2.084768278014713649e-01 8.043173037320960894e-02 -4.719903150347425080e-02 -6.282118853813588311e-02 -8.314845473228086453e-03 5.728929243717404557e-02
-5.478883747540760907e-02 -4.410248358248354539e-02 6.039647344198369183e-02 2.084768278014713649e-01 4.140712863902151764e-01 2.121658380837132818e-01 6.279323508326067893e-02 -4.523225693812533976e-02 -5.900324111552036899e-02 -2.605241072173713947e-03
2.989568101461799205e-03 -5.326880387489439650e-02 -3.832739531841621028e-02 8.043173037320960894e-02 2.121658380837132818e-01 4.182037499620576693e-01 2.008766106082126857e-01 6.845677294732999130e-02 -3.749557825611733036e-02 -4.886285581870598860e-02
6.123442003796017441e-02 2.665910770429665878e-03 -5.227698838594661834e-02 -4.719903150347425080e-02 6.279323508326067893e-02 2.008766106082126857e-01 3.959217388783027314e-01 2.169567561214485463e-01 8.851388889452010966e-02 -3.925434535270586750e-02
4.749221755776397713e-02 5.466045478580351669e-02 -3.746570886030199145e-03 -6.282118853813588311e-02 -4.523225693812533976e-02 6.845677294732999130e-02 2.169567561214485463e-01 3.725372872195749085e-01 2.171393407879831372e-01 6.883066233862768224e-02
-7.296932322797233805e-02 4.594013543854234827e-02 5.208378064962734810e-02 -8.314845473228086453e-03 -5.900324111552036899e-02 -3.749557825611733036e-02 8.851388889452010966e-02 2.171393407879831372e-01 3.796784618461906957e-01 2.077711574709569520e-01
-2.097817043595155972e-01 -5.934250086474956998e-02 4.381291914850161950e-02 5.728929243717404557e-02 -2.605241072173713947e-03 -4.886285581870598860e-02 -3.925434535270586750e-02 6.883066233862768224e-02 2.077711574709569520e-01 4.217100793664509961e-01
4.101458317181596591e-01 2.084579618040194871e-01 6.773089631119803833e-02 -4.537983655199809285e-02 -5.410639407561881886e-02 3.050937229685370209e-04 5.827211170271277829e-02 4.297064034880886119e-02 -6.939891099828240928e-02 -2.098258447136578109e-01
2.084579618040194871e-01 4.156629835374339721e-01 2.090846815640157175e-01 7.398651807180076090e-02 -3.861885235138724781e-02 -5.398891721157800250e-02 -2.418084329442183201e-03 5.212270617819676766e-02 4.184589448306364617e-02 -7.052727124767527167e-02
6.773089631119803833e-02 2.090846815640157175e-01 3.876605019287460152e-01 2.139755335446932305e-01 7.466352875613450901e-02 -4.481128221282722895e-02 -6.139570976263961088e-02 -2.191497271429798492e-03 5.707221768835717135e-02 4.937731375530965416e-02
-4.537983655199809285e-02 7.398651807180076090e-02 2.139755335446932305e-01 3.793279726417222442e-01 2.115334706900124373e-01 7.240800190045176832e-02 -4.872119201549816175e-02 -5.640672590275632586e-02 2.580679988416980861e-03 6.209844518057367618e-02
-5.410639407561881886e-02 -3.861885235138724781e-02 7.466352875613450901e-02 2.115334706900124373e-01 4.105625447864875155e-01 2.104842406432406443e-01 6.982776584213554183e-02 -4.216535573557934208e-02 -5.335892672241308171e-02 2.438447859027737235e-03
3.050937229685370209e-04 -5.398891721157800250e-02 -4.481128221282722895e-02 7.240800190045176832e-02 2.104842406432406443e-01 4.071524387122885669e-01 2.080584661959362924e-01 6.587139917400022804e-02 -4.472646703456577277e-02 -5.874689089775584488e-02
5.827211170271277829e-02 -2.418084329442183201e-03 -6.139570976263961088e-02 -4.872119201549816175e-02 6.982776584213554183e-02 2.080584661959362924e-01 3.914300081860110359e-01 2.084251690798994139e-01 7.083972310166386510e-02 -5.088646286187799989e-02
