9.290441560232268192e-02 1.172816463883349231e-01 9.058350375490811790e-02 7.025787977379399640e-02 6.251929318726454077e-02 6.401441001563595856e-02 8.646842525852946326e-02 1.000934276958116986e-01 9.596793413623087854e-02 8.567827234217718912e-02 6.387335469104513108e-02 7.035743715394543463e-02
1.021158829258376616e-01 8.810519371322134141e-02 7.925538142941984665e-02 8.664761492297561041e-02 7.170289442101120125e-02 8.347481468247514025e-02 9.386479511535875120e-02 8.869727450567463367e-02 8.322105880778035703e-02 6.667978965275468684e-02 6.989201336235689732e-02 8.634328646113373362e-02
8.954631924816253141e-02 9.308120052613449991e-02 1.026180164473722012e-01 9.289604510214791167e-02 9.141494304566522011e-02 7.946021521280571820e-02 7.388619934484783047e-02 8.070543407626724897e-02 8.005218539466658900e-02 7.471436780848511594e-02 6.866910498535903906e-02 7.295596880808603857e-02
6.959825116401609224e-02 8.269520983894096400e-02 1.111660839125277189e-01 1.236717868307359025e-01 9.612583682516070982e-02 5.915605489530481598e-02 7.134403811206672941e-02 8.576104820335493650e-02 8.235882879461825512e-02 7.997584820681982731e-02 7.139621824865975686e-02 6.675079496779430521e-02
9.972255455915904343e-02 9.076658843341088578e-02 7.651353616008471636e-02 8.664776233662449534e-02 8.331240168195636064e-02 8.437043452004114319e-02 7.435050436698747989e-02 6.954358713562222571e-02 7.518000470716597328e-02 7.193574610722053286e-02 8.895778868081483104e-02 9.869909131091218757e-02
8.549622905329543054e-02 8.646114075011127054e-02 1.052400824248104771e-01 1.315036881589101703e-01 1.055951935514735096e-01 7.913920095395590715e-02 6.458378215323454241e-02 5.741133843005057080e-02 4.873812011318934267e-02 6.450663338730915075e-02 8.500164638128730743e-02 8.632294464237240394e-02
8.717645016917660583e-02 7.803222231930562192e-02 7.609267600188523994e-02 8.006097911401995060e-02 8.448083494505974345e-02 7.036817648411715365e-02 7.094907355475903177e-02 8.286595916672570561e-02 9.006089105523654159e-02 8.533388273936448609e-02 9.315805949920288875e-02 1.014207949511468365e-01
6.822799787512226488e-02 7.643579629387577123e-02 7.972194360596715490e-02 1.239273193565413878e-01 9.498574254452557541e-02 9.872337660798230496e-02 9.658473529869196494e-02 7.702030527828929163e-02 6.320990535081695560e-02 8.229924476058511629e-02 7.212974759868813479e-02 6.673388542891450781e-02
9.811791497342570167e-02 9.862781696601637116e-02 8.733404407716510720e-02 7.151853663020107943e-02 8.481166607956286407e-02 8.587993368463336941e-02 7.864632294881901409e-02 6.803331357999548024e-02 6.040483912919221432e-02 6.628950827377555477e-02 9.149606827101562645e-02 1.088400353861975894e-01
7.682094478485895772e-02 1.013559927827090840e-01 1.060390512451610534e-01 1.010504406063800625e-01 1.017117864980524450e-01 9.081569281039113262e-02 7.541585363907357675e-02 7.080473976098142219e-02 7.222701333829054104e-02 7.574237957033114199e-02 6.340978103559513634e-02 6.460632392817583503e-02
1.150481788264637872e-01 9.394191449180980258e-02 7.545713014501048699e-02 7.375144165327870982e-02 6.394152817382431353e-02 6.301714578433545433e-02 5.695732971063303951e-02 7.702988183131055655e-02 9.203885372428409484e-02 9.084758843442275467e-02 9.651356080779281699e-02 1.014554464168341691e-01
8.226488533724808649e-02 8.445248462996411687e-02 7.039040796417317392e-02 7.341936049216332694e-02 7.898330383603258120e-02 9.200348233437415091e-02 8.033030234567378747e-02 9.918427317762149031e-02 8.984312266913713207e-02 8.592352949905716908e-02 9.096934076183062212e-02 7.223550695272465405e-02
9.882591094562395706e-02 9.665342379128025185e-02 8.330345432757987889e-02 7.492485990573885535e-02 8.045753792670497229e-02 9.467804874438952301e-02 8.979653527355499487e-02 8.242878992345645250e-02 6.921867910913917510e-02 6.632493619441959254e-02 7.712430196811773109e-02 8.626352188999478199e-02
7.786519552545267953e-02 7.704260421187364427e-02 7.253625935206883812e-02 6.734553936842388455e-02 7.593986905538929744e-02 8.380619959198355728e-02 9.443985549862435325e-02 9.241410050750256677e-02 8.478962282118508720e-02 8.213172182190182913e-02 9.970603121942887836e-02 9.198300102616586982e-02
8.075699254325115206e-02 7.342035033672729416e-02 7.798816493751466183e-02 8.365329412301190926e-02 7.615067924953579370e-02 7.666408888610160011e-02 7.817944602681849153e-02 8.680358351357089775e-02 8.443776401902575168e-02 8.936981450366202062e-02 9.505556975305842760e-02 9.752025210772224950e-02
9.720556086194348522e-02 9.836915527828656025e-02 7.326354855162811597e-02 7.248365468315465243e-02 6.583957069228385528e-02 8.939808969065016209e-02 8.280558461070129661e-02 7.525486093372248109e-02 9.275325606897524833e-02 9.348014065143696316e-02 7.938977869734964443e-02 7.975679927986775719e-02
9.633030880243721727e-02 9.269915973494016748e-02 7.583399002889185114e-02 5.791375026258824971e-02 6.381629758349501025e-02 8.197400495128664977e-02 9.626074197560724466e-02 8.692322909620743554e-02 6.801386021427729967e-02 7.352917083975488155e-02 1.017870588802125831e-01 1.049184276303012225e-01
7.245099630529150403e-02 7.206134443820622071e-02 9.463973649510445951e-02 8.297907502696635906e-02 6.947461828543805007e-02 7.496617686134224301e-02 1.007460223067052768e-01 1.006339194869366876e-01 8.898650160334321824e-02 8.800733598624371767e-02 7.807151869316392157e-02 7.698275451125863311e-02
8.566091291889611770e-02 1.037076690009355318e-01 9.039972528586177891e-02 7.621437254591145738e-02 8.964880143409501012e-02 8.626764310228716981e-02 9.414555951736156003e-02 8.572716265311611239e-02 6.628668868239953604e-02 6.277374327798551645e-02 6.946245212931259627e-02 8.970526945183762701e-02
7.152225726863989386e-02 6.794260391952669509e-02 6.585605372783041866e-02 7.655784817986453772e-02 1.097581946115466084e-01 9.811680912151295175e-02 8.453428085102770995e-02 7.977761289400986389e-02 8.946710735897578370e-02 9.332968464640153949e-02 8.608207808801354721e-02 7.705546933265046416e-02
6.888285169074456760e-02 8.215439484969702666e-02 8.349945287451110421e-02 8.585925764661844761e-02 7.102128486989009448e-02 8.156354880362583215e-02 7.725174151148116175e-02 7.615584899784867690e-02 9.963159925310544063e-02 1.048145935107454574e-01 8.678305991890498949e-02 8.238236607282720114e-02
5.556758070785909609e-02 7.740442221494026054e-02 9.358909200193256395e-02 9.723808710289685853e-02 9.104901833636316888e-02 9.911007291090129234e-02 8.205415925050846271e-02 8.252890722138825352e-02 1.003786438844541939e-01 9.023578456658690183e-02 7.502402336685327910e-02 5.582020843531598775e-02
9.584170485737258938e-02 9.024234230680981683e-02 8.612292099666710166e-02 7.472842347412080033e-02 8.035861218485869373e-02 9.748032033272797936e-02 8.046168592559604926e-02 7.047256770788558333e-02 7.024840166356619009e-02 6.949398619749601325e-02 8.058570522890701193e-02 1.039633291239918517e-01
7.676271251562608033e-02 7.001092800514704950e-02 7.357876870000421010e-02 8.471721238936100185e-02 9.575351581811625268e-02 1.014402138109344875e-01 1.013703762600168673e-01 8.202620789974403304e-02 7.827118112894032587e-02 8.242372682361907843e-02 7.356307022371592896e-02 8.008208642477498973e-02
1.011005373590865286e-01 9.837782531519145834e-02 9.114694338386836181e-02 7.805387925725754128e-02 7.620412979203379511e-02 6.511209226918726611e-02 6.016959186189854009e-02 5.574125284804759550e-02 7.061290844450283932e-02 9.233631650815952996e-02 1.144908449717256527e-01 9.665367798904096752e-02
6.984057628493445247e-02 8.637177781812394040e-02 9.203179643934561449e-02 8.924187645284398229e-02 8.881221253285226380e-02 8.835564691273800619e-02 1.021952316264349708e-01 1.013683947487065279e-01 9.408331470320938084e-02 7.181608638897679642e-02 5.820759969947153500e-02 5.767548639236283470e-02
8.193750637958502336e-02 7.396051771749059811e-02 7.080247783426550645e-02 7.997014966769568078e-02 8.934635557284881235e-02 8.282069167390294917e-02 8.405048196117824444e-02 8.726281870512457572e-02 7.989822417044688263e-02 8.598927390752016120e-02 9.596276104532350248e-02 8.799874136461829921e-02
7.791159069691393213e-02 6.789798348793193994e-02 6.996786233120867726e-02 7.816982268266874090e-02 8.274427107242918189e-02 8.901049875672668865e-02 8.988146299437584086e-02 9.165052437604201407e-02 7.929744908669997261e-02 8.691362796133764168e-02 8.321300233503747812e-02 1.033419042186279196e-01
8.766779026113438733e-02 8.243727437748492315e-02 7.465933620647546842e-02 7.418347628740910860e-02 8.043756030308434057e-02 7.355755567113590743e-02 7.298207198492763503e-02 8.116550484193317538e-02 8.550568932900995400e-02 1.051416964485514943e-01 9.772171332321580306e-02 8.454033096563801086e-02
7.824780837289271873e-02 7.268172487336502230e-02 7.998751769575473958e-02 8.326518245542353924e-02 9.725336424513415789e-02 1.022639063720838237e-01 8.995294927126046280e-02 6.881737840075455304e-02 7.253442393256503973e-02 7.526456467939141026e-02 9.230806775008655596e-02 8.742311195128829593e-02
6.975447522584460325e-02 7.729661290471276369e-02 8.581969669206869489e-02 9.690382676888251168e-02 6.479554170972312566e-02 7.467950348532612082e-02 9.557476338658996151e-02 9.443327901282949632e-02 9.511716154683813595e-02 8.477976255258598548e-02 8.639567387636683249e-02 7.444970283823189316e-02
7.972344970288330890e-02 8.639606820025175216e-02 8.111555369378367630e-02 8.582847683769087577e-02 9.191664004859234627e-02 8.885150438217799540e-02 8.707636068577216670e-02 8.690140675265292658e-02 8.448867341463470182e-02 8.131617654142127283e-02 7.105304133632310559e-02 7.533264840381626026e-02
6.967119608286859167e-02 6.933333230427105032e-02 8.018298026496384345e-02 8.317578211419354717e-02 9.222214775701031986e-02 9.109496599603533751e-02 7.672388926462622716e-02 7.970393795910699075e-02 9.124856327680738732e-02 1.000953210579744179e-01 8.863647255148308923e-02 7.791141137065937805e-02
8.479207557199246181e-02 8.156095517877078038e-02 8.334011339762208148e-02 9.132902671655879212e-02 7.062504291283794311e-02 7.517290261297870924e-02 9.073698408483119038e-02 7.163869548732615389e-02 7.375893619210044383e-02 9.037745179142370189e-02 9.784716063021289822e-02 8.882065542334489916e-02
9.656535558451051493e-02 8.200412929205178059e-02 7.749015186528251942e-02 9.679101251747676549e-02 8.211651808276965170e-02 6.094058513883627431e-02 5.565252253775003488e-02 6.906479359331452184e-02 8.446250178860971458e-02 8.744296679829693941e-02 1.024795803105468112e-01 1.049898824905547284e-01
6.564825152653433471e-02 7.094919570273604259e-02 7.817378649277291480e-02 9.537347531095614894e-02 9.605796140473335520e-02 9.568639446243944191e-02 9.389588039498254768e-02 8.209822156538711113e-02 8.294925127291757905e-02 8.805352155790237278e-02 7.562114833925254187e-02 7.549291196938578974e-02
1.078633751448163647e-01 9.810280521374989404e-02 8.332376673005309486e-02 7.744445662022329813e-02 7.699625567064771747e-02 7.450719041766326600e-02 8.555183701512233951e-02 1.037941086336524182e-01 8.664095635703826515e-02 5.243289992686372275e-02 5.901006831452267759e-02 9.433227995564737178e-02
7.672089176410883116e-02 9.708190206292389990e-02 1.062695089042317298e-01 1.018958050462889231e-01 8.342445308321530528e-02 6.278614345685770703e-02 5.683514731984842805e-02 6.071206260358156387e-02 7.426254391684294909e-02 8.724375954630647634e-02 9.725022985607556514e-02 9.551755243971907228e-02
6.166004781529406398e-02 8.427321863278627867e-02 9.910505499490815384e-02 8.112570116791298358e-02 8.445070928244553798e-02 7.798350778312884701e-02 8.330498278214097663e-02 1.000317935185500995e-01 9.042848714613634098e-02 8.325274888031676535e-02 8.588988635169017560e-02 6.849386164468976301e-02
8.070674264588405256e-02 7.554513590286737745e-02 6.920281619170855214e-02 7.848608351861791066e-02 9.549883494940597517e-02 9.648837500112741883e-02 8.115856716241172386e-02 8.395045218896178552e-02 8.556553605645281224e-02 8.798036388499477778e-02 8.143639931073751170e-02 8.398069318682993556e-02
9.770980731250770990e-02 8.767339140728726277e-02 7.521148010433489906e-02 6.510307289920982954e-02 8.746749771692580167e-02 8.580751895081367708e-02 9.792460071819313050e-02 9.097538879914532362e-02 7.899366428041627863e-02 7.589631513617005332e-02 7.241922980068966897e-02 8.481803287430660088e-02
8.553552473779489629e-02 9.770426202023675677e-02 1.314743554048110608e-01 1.045869630884822543e-01 7.449390898919622250e-02 6.008135977763317398e-02 5.852993132781934837e-02 6.232829418764132545e-02 7.033421154749910920e-02 6.925703165047232546e-02 9.980153555808637944e-02 8.587262171032762625e-02
9.270478283197640390e-02 7.771128203975503912e-02 7.153106868378840411e-02 8.583109688725008846e-02 1.009882858317486254e-01 1.045418461633795537e-01 9.718735141762790963e-02 9.297418942312112022e-02 6.512115872150074647e-02 6.516929574453034224e-02 6.352525723645850719e-02 8.271438501886324568e-02
7.552636703977447241e-02 7.708165559471807926e-02 8.033102411253945085e-02 8.140429533178644705e-02 6.800407634837296600e-02 7.407739684054925888e-02 7.294390317691926140e-02 7.564903974822322075e-02 8.822400577549056877e-02 1.040979164451847905e-01 1.131211224312360514e-01 8.953919715520536338e-02
1.067261119028079241e-01 9.264419868852558082e-02 7.605016696277779042e-02 7.164014678285252069e-02 7.947866355033461616e-02 8.277403175268677193e-02 7.605670768462391429e-02 7.251795970515652334e-02 7.095903949952546419e-02 8.637450982950689582e-02 8.521735948978285957e-02 9.956110415141940229e-02
8.218170080451560333e-02 1.018446422539521223e-01 1.064228604641410808e-01 8.376934711296495084e-02 7.351423127026045223e-02 7.684002168023118529e-02 8.859136274465914673e-02 7.972600318922951068e-02 7.103348469551526434e-02 7.556643726008312190e-02 8.016261921539015456e-02 8.034728930905767064e-02
6.505380473466565450e-02 5.606431263680312221e-02 6.258133879642827080e-02 8.550820179679849420e-02 1.031616268163410288e-01 8.755934913870486169e-02 9.762218121315768826e-02 9.307468448886638268e-02 9.470571110825580508e-02 7.977554274130913003e-02 9.132391867581061973e-02 8.356932785285900445e-02
7.156423889271848471e-02 8.455373789562545261e-02 1.142837897693681909e-01 1.133610762475729394e-01 8.039161755625687245e-02 6.459298496746060381e-02 6.774765102990390475e-02 7.754866859762525599e-02 9.014937502031808436e-02 7.713463383644092453e-02 8.746387883683826026e-02 7.120834734987133152e-02
1.019942955986349875e-01 9.956136055747356883e-02 9.296148631157623299e-02 9.209594896113733331e-02 8.060133007073738698e-02 6.840781190141963231e-02 6.824819621119906921e-02 7.291734732778620831e-02 7.678866281105981018e-02 7.285313489988695657e-02 7.195216131432666251e-02 1.016182640347622901e-01
7.226654730127413107e-02 7.378739207655558852e-02 7.747867513039956300e-02 1.064796024101477834e-01 9.059199560688538377e-02 8.768896684338872705e-02 9.585040929161900425e-02 8.373763742259714149e-02 8.033903455385710268e-02 7.546468324869541611e-02 7.462195160212578560e-02 8.169310451245435922e-02
9.933416717129356366e-02 7.495314481559087194e-02 5.497626327140998914e-02 6.249286425788223853e-02 7.896983974147100960e-02 7.421636074921086901e-02 8.656817391366769532e-02 9.200265529076043225e-02 8.762073051471681862e-02 8.366299397467166776e-02 9.086679329033842123e-02 1.143360130089864646e-01
7.752958980185940818e-02 7.446622376074590877e-02 8.184942883164937621e-02 7.772261403776960231e-02 8.665895567228812379e-02 9.428626620970353978e-02 8.211823423023666135e-02 9.338408039455238507e-02 9.197564769487025227e-02 8.266062419670092143e-02 7.937519449922705861e-02 7.797314067039685936e-02
5.989240182373548049e-02 7.365544891656186643e-02 9.177476537138599955e-02 9.194405119344645216e-02 9.266635207631512827e-02 9.365158785566721211e-02 8.724553754860428501e-02 7.842737348509203066e-02 7.378451091372345561e-02 9.775892024135890424e-02 9.170317841448916152e-02 6.749587215962019049e-02
6.166096388419133045e-02 5.431713680583315218e-02 5.400132770175114505e-02 5.879548261520251007e-02 7.002851869600158763e-02 8.905443485044040042e-02 1.000285278293588376e-01 1.123196379960416380e-01 1.093858807493228724e-01 1.020279288960996705e-01 1.002170798504230659e-01 8.816308012533363714e-02
9.121813226387497087e-02 7.646287265378749753e-02 7.850305678133323584e-02 6.385606125564899371e-02 6.806323078389626968e-02 6.285955771434607875e-02 8.218677700344041714e-02 1.233017491200103649e-01 1.084452436123346103e-01 9.321598124819557851e-02 7.285558831952917980e-02 7.903174924360287235e-02
8.159078446491284387e-02 7.790205448914008790e-02 8.234461195483884499e-02 8.154819969851229144e-02 9.120592448955755494e-02 8.440028994142803609e-02 7.132050304251114081e-02 8.403599633734834540e-02 9.522336725997673779e-02 7.868942410206013205e-02 7.991221824871155843e-02 9.182662597100253732e-02
8.619811340216680662e-02 9.476045693375209633e-02 1.127549699629149804e-01 1.004042158140704272e-01 1.116733329114460715e-01 9.001852318363504080e-02 7.604374027055513241e-02 6.469168846582351584e-02 6.221898327402566181e-02 5.970487295109164899e-02 6.709357183877145969e-02 7.443753099174738042e-02
7.593753947129634752e-02 6.942503473577731066e-02 6.459631036220638001e-02 7.158272380091473819e-02 8.332304177555890923e-02 9.424308569762003540e-02 1.044611939050767019e-01 8.670937693152101777e-02 8.000917551227670899e-02 1.017430458642960278e-01 8.430060451352924811e-02 8.366886742992671322e-02
7.871186612899516710e-02 5.890942280585415025e-02 4.037854577576190096e-02 4.996440349472936610e-02 7.625161532896737593e-02 1.038709495707958730e-01 1.371767321774930160e-01 1.003328900391616679e-01 8.217170942465434891e-02 1.024186596593555654e-01 8.811811907072986116e-02 8.169508652350160327e-02
8.201274191075462461e-02 8.926739506351179243e-02 6.595826760231042474e-02 6.975467435289134377e-02 7.439302038909076376e-02 7.950322537414608592e-02 7.480411005479195574e-02 6.776811509892420593e-02 8.358586906744153167e-02 1.053951143225386189e-01 1.025368620844946954e-01 1.050206046791040682e-01
7.465834767792463300e-02 7.641373600025341828e-02 9.486677092189768623e-02 8.916633173311237781e-02 7.327108755000094620e-02 6.658427651194988306e-02 7.448342247486215706e-02 1.003328818151940499e-01 1.054830867686964435e-01 8.503976819327231651e-02 7.541821054759170750e-02 8.428207980524421439e-02
1.018547029258809605e-01 1.051353645767204581e-01 9.434444327410874964e-02 8.827714373257894431e-02 7.599323896281567903e-02 6.864321648685212107e-02 6.461660308728225943e-02 7.157614910702718436e-02 7.708525132136150038e-02 7.686389511095725879e-02 8.527217336278822279e-02 9.033781805162682810e-02
7.112081683328565218e-02 8.328201368878138111e-02 6.895365382193041626e-02 7.099779797681027294e-02 8.981535071506653589e-02 8.340734897047220875e-02 8.989587931257216058e-02 9.618377380057568926e-02 1.006140686193754269e-01 1.038010637487718768e-01 7.654088569397154984e-02 6.538734681838734297e-02
7.912740698511569470e-02 8.079892570675474561e-02 8.019925486206377907e-02 7.126833667187792987e-02 6.848689882105174487e-02 7.706621378173912629e-02 7.479354180335701097e-02 8.492789420345137064e-02 8.546350956524841058e-02 9.809663855332259597e-02 1.082232330835509182e-01 9.154814596246646508e-02
8.171189417751384410e-02 7.810329572834118217e-02 7.229160621066668679e-02 7.890229040602780852e-02 8.799942172844089916e-02 1.025751469300508339e-01 8.997662723486901659e-02 9.438175420769581714e-02 7.343558614878378799e-02 6.588701271146016336e-02 7.860686535722620494e-02 9.612849915892426877e-02
6.518500995049869573e-02 6.859280035938208897e-02 6.038329309832719816e-02 6.729079118400102533e-02 7.863846120964625153e-02 8.462625099194490130e-02 8.627242352781755441e-02 8.518704786190198219e-02 9.490028921967380571e-02 1.152605902654215142e-01 1.179732875659642299e-01 7.568975476542093295e-02
6.453065809779659490e-02 7.194513591563206356e-02 8.880514981647279205e-02 1.267377038374666864e-01 1.103863564176785217e-01 8.822108534674837077e-02 8.880759561531988144e-02 7.988390606812718897e-02 6.555171413703536620e-02 6.971186054438766044e-02 7.491639021652191088e-02 7.050244398681268509e-02
9.500232647319138690e-02 9.128655729855300605e-02 9.461895264565381436e-02 9.868801708916417892e-02 8.802434260148152279e-02 6.973668327900157948e-02 6.440709307795383642e-02 5.448478949123575221e-02 5.329946647121480696e-02 7.353414969229545017e-02 1.124189921476476395e-01 1.044986297326072205e-01
7.322894355196402083e-02 7.138373265786644717e-02 8.270374865239843443e-02 6.698708232593419964e-02 8.158094359345310909e-02 7.512102756856085806e-02 8.160575124389396473e-02 8.667814511897420360e-02 9.735986208748508008e-02 1.044674752412274171e-01 9.825676387657272803e-02 8.062652408166945395e-02
9.415394409720775903e-02 8.972243273794330842e-02 8.709382058439747720e-02 6.972761902033747239e-02 6.855523856856046705e-02 6.042706635169559082e-02 8.031491269415902412e-02 1.102000969943052466e-01 9.555057106095135588e-02 8.266034644532853359e-02 7.709385197532239720e-02 8.450009946979147868e-02
5.962966638514982654e-02 7.019049880676457576e-02 7.672025216848159246e-02 9.079403034259969640e-02 9.750847507144966286e-02 9.751802193196294766e-02 9.749203789657753805e-02 9.564908171305824824e-02 9.237123875624918268e-02 9.181419552025862907e-02 7.156037696001762982e-02 5.875212444743087986e-02
7.107655490481895599e-02 8.384221990208702568e-02 9.886059251346973609e-02 7.894149270502089089e-02 6.936097006060874814e-02 6.762804379978350211e-02 7.794334926029375388e-02 8.073088171707645810e-02 8.300784621695544985e-02 1.012704710648071327e-01 1.005389007432248988e-01 8.679867711185376700e-02
7.899627074759404954e-02 7.811443695273613541e-02 7.694394589823606856e-02 8.786171491935537703e-02 9.220322585079482325e-02 8.683214682230140646e-02 8.538048072579657033e-02 8.641543638610388323e-02 8.315471971506638305e-02 9.074188992089796124e-02 7.931553206785618704e-02 7.404019999326125201e-02
7.712675881246386367e-02 6.511378146147060730e-02 5.835795359507917751e-02 5.443905539089650275e-02 7.356161239621647474e-02 1.035717304741076428e-01 1.012931267956007075e-01 9.415865496002776003e-02 8.238449446079217087e-02 9.563312208655162794e-02 1.066515162107332659e-01 8.770819335606018508e-02
9.818340904009438541e-02 8.963745728539271318e-02 7.840131363850039170e-02 6.944441139369852967e-02 7.227786981628854523e-02 7.380629989646089739e-02 6.655908004651767129e-02 7.296112620841915808e-02 8.098446168117982846e-02 9.748864985779973069e-02 1.047026245103387931e-01 9.555329662530970269e-02
5.463977101733166752e-02 6.614430324339717893e-02 9.507341402565694377e-02 1.118282932270532187e-01 9.511871781972010276e-02 9.548105426710912225e-02 1.055253370853298511e-01 9.702011056614998075e-02 8.680266050116874910e-02 7.200542873764508023e-02 6.475143976937547396e-02 5.560946974006254762e-02
8.335562703144816510e-02 8.142590722945822201e-02 9.670279881577016623e-02 9.000965699974415590e-02 7.167154103878292659e-02 6.751926926130404072e-02 8.315460162788368415e-02 9.283167501913827668e-02 7.874649595656298129e-02 8.617010110226852593e-02 8.598338698213199571e-02 8.242893893550672091e-02
6.814836713994883166e-02 8.058988996197416488e-02 8.346696997242450400e-02 9.397775567398744534e-02 1.024990537043169447e-01 8.894169792016133613e-02 8.782223551969813025e-02 8.976378914898663908e-02 8.732967790691753551e-02 7.093400609624302133e-02 7.449420524756596163e-02 7.203235170777526342e-02
8.463391879325549150e-02 8.353537987136647192e-02 8.461902139376414889e-02 7.058006986986878339e-02 6.646352728248786090e-02 7.499974306943005264e-02 8.143462420525096612e-02 1.040705940566711285e-01 8.191695705846134545e-02 8.527046532236345899e-02 9.101470853160698038e-02 9.146099054547346396e-02
9.257607180728878726e-02 8.482661164665568354e-02 7.797414412001615891e-02 8.248093446014256869e-02 7.974385478256769411e-02 8.408122983473317880e-02 9.201803308374661983e-02 8.123620378838733447e-02 7.179054073859313101e-02 7.493926862478550444e-02 9.259103799258369683e-02 8.574206912049971152e-02
8.756843549887548261e-02 9.309034899381982142e-02 9.162513955829393320e-02 8.204344285080758525e-02 9.418425058549090290e-02 9.159445615192138290e-02 7.377586321364582034e-02 8.339946554890487196e-02 7.885269652281474972e-02 7.330339190883247702e-02 7.584261332837539948e-02 7.471989583821764258e-02
8.676418804858126999e-02 7.486636489301279340e-02 7.489163835058854080e-02 7.856420194119628775e-02 8.811730166442795220e-02 9.201543657367876328e-02 8.508738793439010739e-02 8.029369025467202048e-02 7.554086389610581431e-02 7.781735772264855577e-02 9.080605216485983233e-02 9.523551655583832598e-02
8.794173474746873331e-02 8.526300423513455407e-02 8.865490164009699747e-02 8.203233243737573233e-02 7.136235246496909490e-02 6.380541823258055467e-02 6.325099744390197398e-02 6.434745050151391421e-02 8.052317806549391666e-02 1.132419266711732764e-01 1.069015977554903241e-01 9.267510580480095572e-02
6.266746546830687103e-02 8.474017592720888004e-02 1.037575553330518513e-01 9.436388283513008624e-02 8.365487628348049209e-02 8.038155459053633600e-02 7.528143791831234943e-02 8.380971637431776367e-02 8.888861181519625010e-02 9.625779151874780393e-02 8.296518769203500843e-02 6.323174424367643265e-02
8.351995242949378229e-02 9.757770432834431129e-02 1.024515312819029300e-01 8.037445918168710512e-02 8.174245753217834753e-02 7.666641641517232819e-02 7.828206141442514698e-02 6.890143500151245382e-02 7.323642630865617731e-02 8.536842409791028929e-02 8.517691676875309426e-02 8.670221523996418655e-02
8.353290581628645961e-02 8.403956795900571763e-02 7.759191206284379860e-02 6.981062422822392755e-02 6.091709575480016431e-02 8.300790004438676761e-02 1.006645943703673163e-01 1.144934899620152768e-01 9.385512342743243530e-02 7.732875766744211343e-02 7.907675369212123495e-02 7.568127501507487809e-02
7.783396344020969415e-02 7.326464040162941616e-02 7.293648116167320006e-02 7.062753643169450424e-02 6.522216272211359134e-02 6.937148754977483234e-02 6.965750363982173288e-02 7.768864951996712342e-02 9.092388679682811281e-02 1.121391540655395092e-01 1.174784105035134585e-01 1.028561237672350748e-01
7.073735742546390093e-02 7.567527914185198656e-02 7.792436059076469912e-02 8.118041488724044019e-02 9.639239228819250493e-02 1.013244296744422457e-01 7.625192682430471935e-02 6.355678977470556601e-02 7.705806703610498798e-02 9.277449649194932646e-02 9.014177329416178663e-02 9.698271257081800267e-02
9.342319397770480760e-02 9.583171808923500457e-02 8.340571326541347530e-02 7.011655261580443388e-02 7.674804428527118305e-02 7.782082616632594874e-02 7.252128288085303576e-02 6.887598942865549856e-02 8.320010334501792837e-02 8.274310345583046900e-02 9.238283132972016642e-02 1.029306411601683402e-01
9.269774490475143902e-02 1.063685913411054756e-01 1.038391587571581148e-01 8.939201062677812337e-02 7.216822671232508979e-02 7.558719475891204076e-02 6.790068841801791266e-02 6.685246714201964480e-02 7.467783145772349807e-02 8.322937339974453841e-02 8.655361366670052958e-02 8.073309881476384287e-02
7.172401451207863210e-02 8.540256949450639179e-02 9.877427806051614079e-02 8.413922268956527950e-02 7.707178493836881750e-02 8.042158520307352010e-02 8.392567692175226246e-02 8.282936282972333530e-02 8.887674143195153920e-02 9.151631734314188971e-02 8.132081185120670908e-02 7.399763472411534371e-02
7.939714388996745031e-02 7.994431802860149650e-02 9.820094251057334689e-02 1.015563343079565750e-01 8.177880920485873506e-02 6.205070844830693627e-02 7.571584680404506995e-02 7.253471261626072419e-02 8.215248157452216538e-02 1.018834316732133149e-01 8.401500875796255596e-02 8.077026218373187239e-02
9.000162809520551033e-02 9.555128915490296304e-02 8.163501344330231779e-02 7.816342043568677567e-02 6.870012854097584665e-02 6.164735405326225021e-02 7.034902188366570774e-02 7.544526016818856040e-02 7.657391060014759332e-02 1.049951003933082827e-01 9.344219169358046473e-02 1.034956815377739703e-01
6.550585748925169538e-02 9.315847889013893768e-02 1.075540964550772971e-01 8.451985409685464079e-02 8.548254903683463746e-02 7.936963471316629826e-02 8.436830105219954301e-02 8.887425421366183798e-02 8.156014142457031213e-02 8.000298935625894947e-02 8.257737534017062231e-02 6.702646793181572804e-02
9.588851245637736165e-02 8.993151573531046883e-02 8.836714368328237035e-02 7.709271580040849559e-02 7.209255825923954752e-02 7.017785207888976862e-02 7.330748828967342812e-02 7.841059365796670955e-02 8.469362467937711914e-02 7.556954799254103627e-02 9.069007360926797934e-02 1.037783737576658816e-01
1.014034125508093132e-01 9.230029450136875702e-02 7.932291148958794946e-02 8.626429825617434877e-02 1.028105505569187478e-01 9.074458550237832211e-02 7.213414411432414464e-02 7.016995831708766618e-02 7.988546881219389661e-02 7.887911500072160298e-02 6.858718306681596544e-02 7.749807783161941077e-02
1.035237640119391900e-01 1.327145880703067271e-01 1.002036696507541125e-01 7.337860314750270507e-02 7.192740543703231293e-02 6.728467158160207628e-02 7.216078345437929031e-02 7.556325360670232416e-02 7.654339364195224260e-02 7.225767953595442494e-02 7.175728461055849716e-02 8.268490325131641616e-02
8.212957544063775872e-02 9.075603713917768101e-02 7.983295330231052200e-02 8.804962089162123029e-02 8.038783209012080599e-02 6.248051911869313690e-02 7.078981956737163961e-02 1.032238956851895262e-01 1.078343676354507202e-01 9.552877972077153390e-02 7.532149848791279412e-02 6.366510092074263716e-02
6.999572970334738686e-02 7.590396554232678450e-02 8.122614065505193159e-02 8.383616817733388626e-02 8.128362302696903741e-02 8.884375921744844251e-02 7.576238244240650344e-02 7.868798938908287688e-02 9.640249486798066481e-02 1.136220948890930282e-01 8.579364447714608877e-02 6.864200761181375732e-02
6.735841070912999828e-02 5.547340369727818410e-02 4.818532772043739032e-02 6.455807489850917680e-02 8.491056979291884688e-02 8.727547156194803701e-02 1.047481341336582716e-01 1.040310935565061656e-01 1.091056778629962976e-01 1.015444550915901717e-01 9.449053525949671628e-02 7.831884571553082708e-02
