9.290441560232268192e-02 1.030282650698432223e-01 8.860533832935613141e-02 7.524890302591982771e-02 6.685639274334295723e-02 6.246183638389822546e-02 6.751756808552909772e-02 7.081394529478848843e-02 7.143828828347666138e-02 7.280862830875506342e-02 6.982945272931108394e-02 7.903034643251008462e-02
1.030282650698432223e-01 1.172816463883349231e-01 1.018261187530935530e-01 8.645242466479761967e-02 7.607065008774702153e-02 6.979776405362578262e-02 7.388163871695964391e-02 7.608716740028836911e-02 7.583464569239110886e-02 7.707587227634787874e-02 7.458357089313442934e-02 8.582430634037022110e-02
8.860533832935613141e-02 1.018261187530935530e-01 9.058350375490811790e-02 7.831542581446308826e-02 6.978765935055905589e-02 6.441083830017943490e-02 6.808143519178538883e-02 6.945686948363348490e-02 6.814610410020696674e-02 6.802930742801584219e-02 6.478805782669579127e-02 7.382446156636249257e-02
7.524890302591982771e-02 8.645242466479761967e-02 7.831542581446308826e-02 7.025787977379399640e-02 6.464503658473622072e-02 6.118211184995182156e-02 6.560131655316431276e-02 6.686409547493238348e-02 6.455959467885682979e-02 6.269134895725049506e-02 5.766977245403374919e-02 6.371682913107730439e-02
6.685639274334295723e-02 7.607065008774702153e-02 6.978765935055905589e-02 6.464503658473622072e-02 6.251929318726454077e-02 6.162371323658333983e-02 6.786207829476578746e-02 6.970489016432032670e-02 6.655152989342269509e-02 6.280514640405807092e-02 5.529225226197934107e-02 5.834771118536159762e-02
6.246183638389822546e-02 6.979776405362578262e-02 6.441083830017943490e-02 6.118211184995182156e-02 6.162371323658333983e-02 6.401441001563595856e-02 7.300693547547246198e-02 7.611710496072152110e-02 7.241288662533490461e-02 6.686584110310592188e-02 5.648445707858198994e-02 5.668412820210391029e-02
6.751756808552909772e-02 7.388163871695964391e-02 6.808143519178538883e-02 6.560131655316431276e-02 6.786207829476578746e-02 7.300693547547246198e-02 8.646842525852946326e-02 9.186943819724227578e-02 8.773413802716174825e-02 8.015314407470029712e-02 6.584604263417373482e-02 6.351511368150410120e-02
7.081394529478848843e-02 7.608716740028836911e-02 6.945686948363348490e-02 6.686409547493238348e-02 6.970489016432032670e-02 7.611710496072152110e-02 9.186943819724227578e-02 1.000934276958116986e-01 9.680703140984994737e-02 8.863092278733347706e-02 7.208589218504950213e-02 6.816484945614426083e-02
7.143828828347666138e-02 7.583464569239110886e-02 6.814610410020696674e-02 6.455959467885682979e-02 6.655152989342269509e-02 7.241288662533490461e-02 8.773413802716174825e-02 9.680703140984994737e-02 9.596793413623087854e-02 8.924920322839660636e-02 7.314259732033590033e-02 6.922856838308288907e-02
7.280862830875506342e-02 7.707587227634787874e-02 6.802930742801584219e-02 6.269134895725049506e-02 6.280514640405807092e-02 6.686584110310592188e-02 8.015314407470029712e-02 8.863092278733347706e-02 8.924920322839660636e-02 8.567827234217718912e-02 7.207948038292116832e-02 6.976738777345799225e-02
6.982945272931108394e-02 7.458357089313442934e-02 6.478805782669579127e-02 5.766977245403374919e-02 5.529225226197934107e-02 5.648445707858198994e-02 6.584604263417373482e-02 7.208589218504950213e-02 7.314259732033590033e-02 7.207948038292116832e-02 6.387335469104513108e-02 6.486113744435845208e-02
7.903034643251008462e-02 8.582430634037022110e-02 7.382446156636249257e-02 6.371682913107730439e-02 5.834771118536159762e-02 5.668412820210391029e-02 6.351511368150410120e-02 6.816484945614426083e-02 6.922856838308288907e-02 6.976738777345799225e-02 6.486113744435845208e-02 7.035743715394543463e-02
1.021158829258376616e-01 9.339843644874200324e-02 8.484482371962771829e-02 8.334503219458996859e-02 7.118083771138104809e-02 7.187546582784061500e-02 7.380619899843300635e-02 7.292189406341831326e-02 7.458789716258946989e-02 7.251769923285820985e-02 7.986219465666025141e-02 9.252929562806425090e-02
9.339843644874200324e-02 8.810519371322134141e-02 8.185604456986034227e-02 8.141204568624706150e-02 6.946298880471878101e-02 6.941116416662648780e-02 7.006054321493961068e-02 6.783360202232174840e-02 6.811372284643872621e-02 6.538737498508402635e-02 7.164492987821233227e-02 8.337954822190271620e-02
8.484482371962771829e-02 8.185604456986034227e-02 7.925538142941984665e-02 8.114895665174085004e-02 7.025207605564443014e-02 7.046742814001596966e-02 7.047772464018489669e-02 6.685796583702807716e-02 6.537789565976262485e-02 6.105235763704215668e-02 6.542067114391030003e-02 7.539116798737846570e-02
8.334503219458996859e-02 8.141204568624706150e-02 8.114895665174085004e-02 8.664761492297561041e-02 7.706888605272328718e-02 7.862991878498572229e-02 7.879500781731657577e-02 7.378930842351291708e-02 7.041988623972805783e-02 6.365498156978863231e-02 6.602470024857304276e-02 7.447899499967344794e-02
7.118083771138104809e-02 6.946298880471878101e-02 7.025207605564443014e-02 7.706888605272328718e-02 7.170289442101120125e-02 7.565769389179725912e-02 7.703864172549762523e-02 7.206351304385667789e-02 6.767455087549309467e-02 5.932967680411721512e-02 5.925923566763428851e-02 6.475751052767329818e-02
7.187546582784061500e-02 6.941116416662648780e-02 7.046742814001596966e-02 7.862991878498572229e-02 7.565769389179725912e-02 8.347481468247514025e-02 8.711558734530133741e-02 8.211732337146715466e-02 7.658518127703994871e-02 6.564509256034950502e-02 6.340655799263747450e-02 6.700208075558035381e-02
7.380619899843300635e-02 7.006054321493961068e-02 7.047772464018489669e-02 7.879500781731657577e-02 7.703864172549762523e-02 8.711558734530133741e-02 9.386479511535875120e-02 8.996777100301943386e-02 8.433043720951277633e-02 7.175717196746755899e-02 6.810673780073542294e-02 7.034087862761950749e-02
7.292189406341831326e-02 6.783360202232174840e-02 6.685796583702807716e-02 7.378930842351291708e-02 7.206351304385667789e-02 8.211732337146715466e-02 8.996777100301943386e-02 8.869727450567463367e-02 8.461110949664912839e-02 7.257731951073302656e-02 6.889193485358129088e-02 7.056131420794983788e-02
7.458789716258946989e-02 6.811372284643872621e-02 6.537789565976262485e-02 7.041988623972805783e-02 6.767455087549309467e-02 7.658518127703994871e-02 8.433043720951277633e-02 8.461110949664912839e-02 8.322105880778035703e-02 7.299541962993003064e-02 7.042648872934237358e-02 7.258568368954028405e-02
7.251769923285820985e-02 6.538737498508402635e-02 6.105235763704215668e-02 6.365498156978863231e-02 5.932967680411721512e-02 6.564509256034950502e-02 7.175717196746755899e-02 7.257731951073302656e-02 7.299541962993003064e-02 6.667978965275468684e-02 6.659435489131532160e-02 7.016415029802766656e-02
7.986219465666025141e-02 7.164492987821233227e-02 6.542067114391030003e-02 6.602470024857304276e-02 5.925923566763428851e-02 6.340655799263747450e-02 6.810673780073542294e-02 6.889193485358129088e-02 7.042648872934237358e-02 6.659435489131532160e-02 6.989201336235689732e-02 7.613844245008112577e-02
9.252929562806425090e-02 8.337954822190271620e-02 7.539116798737846570e-02 7.447899499967344794e-02 6.475751052767329818e-02 6.700208075558035381e-02 7.034087862761950749e-02 7.056131420794983788e-02 7.258568368954028405e-02 7.016415029802766656e-02 7.613844245008112577e-02 8.634328646113373362e-02
8.954631924816253141e-02 8.950760355499461085e-02 8.981353891349592999e-02 8.111073035121441066e-02 7.651022217291454652e-02 6.923369431334289170e-02 6.593999377709940102e-02 6.923304068362283459e-02 7.098561345845286197e-02 7.205641791363492921e-02 7.329620676850702454e-02 7.927376345136001590e-02
8.950760355499461085e-02 9.308120052613449991e-02 9.573588295698742812e-02 8.708422265784090954e-02 8.149358673625479998e-02 7.217289813616871441e-02 6.679655868565878563e-02 6.830799070828094677e-02 6.879106459136227758e-02 6.925329440404284775e-02 7.061519563553873835e-02 7.738945093414885401e-02
8.981353891349592999e-02 9.573588295698742812e-02 1.026180164473722012e-01 9.552328289710798614e-02 9.011819753013507184e-02 7.919796318113611622e-02 7.189022351593592208e-02 7.177127143887332417e-02 7.064941326753487738e-02 6.981257755282323230e-02 7.035870627526280563e-02 7.694012119828594343e-02
8.111073035121441066e-02 8.708422265784090954e-02 9.552328289710798614e-02 9.289604510214791167e-02 9.010363304690531538e-02 8.006320183015522285e-02 7.250021794072619707e-02 7.146404636233266716e-02 6.894844997773774686e-02 6.649415243259451658e-02 6.536746768202092439e-02 7.008203731063562814e-02
7.651022217291454652e-02 8.149358673625479998e-02 9.011819753013507184e-02 9.010363304690531538e-02 9.141494304566522011e-02 8.342850108743249393e-02 7.656862003730278976e-02 7.554727205064840079e-02 7.207841330013924075e-02 6.804503320572426184e-02 6.498516392290799859e-02 6.759812131648024192e-02
6.923369431334289170e-02 7.217289813616871441e-02 7.919796318113611622e-02 8.006320183015522285e-02 8.342850108743249393e-02 7.946021521280571820e-02 7.505287775153196561e-02 7.519248888551881282e-02 7.182440955595245646e-02 6.702777586244343389e-02 6.252901412237994727e-02 6.304090056500488704e-02
6.593999377709940102e-02 6.679655868565878563e-02 7.189022351593592208e-02 7.250021794072619707e-02 7.656862003730278976e-02 7.505287775153196561e-02 7.388619934484783047e-02 7.597428518591370361e-02 7.338658592690115723e-02 6.838789734911929208e-02 6.291334513838056641e-02 6.186722478792786029e-02
6.923304068362283459e-02 6.830799070828094677e-02 7.177127143887332417e-02 7.146404636233266716e-02 7.554727205064840079e-02 7.519248888551881282e-02 7.597428518591370361e-02 8.070543407626724897e-02 7.937175697011081277e-02 7.450590167989759594e-02 6.834508734744479397e-02 6.634119444540095833e-02
7.098561345845286197e-02 6.879106459136227758e-02 7.064941326753487738e-02 6.894844997773774686e-02 7.207841330013924075e-02 7.182440955595245646e-02 7.338658592690115723e-02 7.937175697011081277e-02 8.005218539466658900e-02 7.634465184311388375e-02 7.061918084644358551e-02 6.858566997856552216e-02
7.205641791363492921e-02 6.925329440404284775e-02 6.981257755282323230e-02 6.649415243259451658e-02 6.804503320572426184e-02 6.702777586244343389e-02 6.838789734911929208e-02 7.450590167989759594e-02 7.634465184311388375e-02 7.471436780848511594e-02 7.046626010695716813e-02 6.933998822583882504e-02
7.329620676850702454e-02 7.061519563553873835e-02 7.035870627526280563e-02 6.536746768202092439e-02 6.498516392290799859e-02 6.252901412237994727e-02 6.291334513838056641e-02 6.834508734744479397e-02 7.061918084644358551e-02 7.046626010695716813e-02 6.866910498535903906e-02 6.938003818493555797e-02
7.927376345136001590e-02 7.738945093414885401e-02 7.694012119828594343e-02 7.008203731063562814e-02 6.759812131648024192e-02 6.304090056500488704e-02 6.186722478792786029e-02 6.634119444540095833e-02 6.858566997856552216e-02 6.933998822583882504e-02 6.938003818493555797e-02 7.295596880808603857e-02
6.959825116401609224e-02 7.388964357713138920e-02 8.112213696128900420e-02 8.185794748203312210e-02 7.131051465831128588e-02 5.621428091564266427e-02 6.042343772750416453e-02 6.539534815169106841e-02 6.496884862637403169e-02 6.617626479674167117e-02 6.557864207394117906e-02 6.654623910740423143e-02
7.388964357713138920e-02 8.269520983894096400e-02 9.383592023348867606e-02 9.551255466666644378e-02 8.183864095006571082e-02 6.197109228276533044e-02 6.350655380995751109e-02 6.642485810272426294e-02 6.473778468474394865e-02 6.554460583556204201e-02 6.549272223931146275e-02 6.801102900064197321e-02
8.112213696128900420e-02 9.383592023348867606e-02 1.111660839125277189e-01 1.153059187992172413e-01 9.846944258688411500e-02 7.282977450650182649e-02 7.217511305347605599e-02 7.332243958830760022e-02 6.994001035940131117e-02 6.989774878468496544e-02 6.968891852096727180e-02 7.306415951838060585e-02
8.185794748203312210e-02 9.551255466666644378e-02 1.153059187992172413e-01 1.236717868307359025e-01 1.070723667166717102e-01 7.923051715752960078e-02 7.797106466448003315e-02 7.823407036508644996e-02 7.347245047528473683e-02 7.225229292911086731e-02 7.104244022540238956e-02 7.381112042906351478e-02
7.131051465831128588e-02 8.183864095006571082e-02 9.846944258688411500e-02 1.070723667166717102e-01 9.612583682516070982e-02 7.315806296207638670e-02 7.372143397551300659e-02 7.466411594193674006e-02 6.984669951278701938e-02 6.774356725735065921e-02 6.516713182041930508e-02 6.593038842116638598e-02
5.621428091564266427e-02 6.197109228276533044e-02 7.282977450650182649e-02 7.923051715752960078e-02 7.315806296207638670e-02 5.915605489530481598e-02 6.290144667314909177e-02 6.557349497133756200e-02 6.182299741745436727e-02 5.945712395816588058e-02 5.582174989244025748e-02 5.436411728913749519e-02
6.042343772750416453e-02 6.350655380995751109e-02 7.217511305347605599e-02 7.797106466448003315e-02 7.372143397551300659e-02 6.290144667314909177e-02 7.134403811206672941e-02 7.695923618973607438e-02 7.348642959011079945e-02 7.049363961048388250e-02 6.499451182230996105e-02 6.119039840540105302e-02
6.539534815169106841e-02 6.642485810272426294e-02 7.332243958830760022e-02 7.823407036508644996e-02 7.466411594193674006e-02 6.557349497133756200e-02 7.695923618973607438e-02 8.576104820335493650e-02 8.316917973528231700e-02 8.017748797660595450e-02 7.352276355910804251e-02 6.808384619145385619e-02
6.496884862637403169e-02 6.473778468474394865e-02 6.994001035940131117e-02 7.347245047528473683e-02 6.984669951278701938e-02 6.182299741745436727e-02 7.348642959011079945e-02 8.316917973528231700e-02 8.235882879461825512e-02 8.037080139039505522e-02 7.405478408533143486e-02 6.839965193178657032e-02
6.617626479674167117e-02 6.554460583556204201e-02 6.989774878468496544e-02 7.225229292911086731e-02 6.774356725735065921e-02 5.945712395816588058e-02 7.049363961048388250e-02 8.017748797660595450e-02 8.037080139039505522e-02 7.997584820681982731e-02 7.467334415896610678e-02 6.953896959084246432e-02
6.557864207394117906e-02 6.549272223931146275e-02 6.968891852096727180e-02 7.104244022540238956e-02 6.516713182041930508e-02 5.582174989244025748e-02 6.499451182230996105e-02 7.352276355910804251e-02 7.405478408533143486e-02 7.467334415896610678e-02 7.139621824865975686e-02 6.783904908562829461e-02
6.654623910740423143e-02 6.801102900064197321e-02 7.306415951838060585e-02 7.381112042906351478e-02 6.593038842116638598e-02 5.436411728913749519e-02 6.119039840540105302e-02 6.808384619145385619e-02 6.839965193178657032e-02 6.953896959084246432e-02 6.783904908562829461e-02 6.675079496779430521e-02
9.972255455915904343e-02 9.313375566259451954e-02 8.091552893694892168e-02 7.978372505660369374e-02 7.376780094432539014e-02 7.185104253692828347e-02 6.766943325590102365e-02 6.741881949278216712e-02 7.331311000980100800e-02 7.603241184990949808e-02 8.892327546675712902e-02 9.735967558981276082e-02
9.313375566259451954e-02 9.076658843341088578e-02 8.121641941636001394e-02 8.146827667614126023e-02 7.539356008243261464e-02 7.258779769968967677e-02 6.688490962421747565e-02 6.480782921794527029e-02 6.862545199536540519e-02 6.975226927950509137e-02 8.076976741757221911e-02 8.890613918624791501e-02
8.091552893694892168e-02 8.121641941636001394e-02 7.651353616008471636e-02 7.955335492579503065e-02 7.480201247600887227e-02 7.204120367954597315e-02 6.540930607262072927e-02 6.170697987365399151e-02 6.325645998771044221e-02 6.220950483323464675e-02 7.020790381185862405e-02 7.653970952584002174e-02
7.978372505660369374e-02 8.146827667614126023e-02 7.955335492579503065e-02 8.664776233662449534e-02 8.352813151221423482e-02 8.124570421065967218e-02 7.342883772771247042e-02 6.809727183719202492e-02 6.798638472950291334e-02 6.468239086112373415e-02 7.073211217548602825e-02 7.563375563230129162e-02
7.376780094432539014e-02 7.539356008243261464e-02 7.480201247600887227e-02 8.352813151221423482e-02 8.331240168195636064e-02 8.265546925509981158e-02 7.525879578091933253e-02 6.959656970400873721e-02 6.861829643201117213e-02 6.381786692811761141e-02 6.790179474197523268e-02 7.089923744225418156e-02
7.185104253692828347e-02 7.258779769968967677e-02 7.204120367954597315e-02 8.124570421065967218e-02 8.265546925509981158e-02 8.437043452004114319e-02 7.812145710525567055e-02 7.286423766625281517e-02 7.183268771453427126e-02 6.609829538381876979e-02 6.903193951170144560e-02 7.047798085486199626e-02
6.766943325590102365e-02 6.688490962421747565e-02 6.540930607262072927e-02 7.342883772771247042e-02 7.525879578091933253e-02 7.812145710525567055e-02 7.435050436698747989e-02 7.075926731611958953e-02 7.062610933819016279e-02 6.515610633294682819e-02 6.760067277687387133e-02 6.789522828508803842e-02
6.741881949278216712e-02 6.480782921794527029e-02 6.170697987365399151e-02 6.809727183719202492e-02 6.959656970400873721e-02 7.286423766625281517e-02 7.075926731611958953e-02 6.954358713562222571e-02 7.108288216493932610e-02 6.652435950092036587e-02 6.935583638356332403e-02 6.907075624817091142e-02
7.331311000980100800e-02 6.862545199536540519e-02 6.325645998771044221e-02 6.798638472950291334e-02 6.861829643201117213e-02 7.183268771453427126e-02 7.062610933819016279e-02 7.108288216493932610e-02 7.518000470716597328e-02 7.211829319606040400e-02 7.636991917579261102e-02 7.615700547513892804e-02
7.603241184990949808e-02 6.975226927950509137e-02 6.220950483323464675e-02 6.468239086112373415e-02 6.381786692811761141e-02 6.609829538381876979e-02 6.515610633294682819e-02 6.652435950092036587e-02 7.211829319606040400e-02 7.193574610722053286e-02 7.840706628506045883e-02 7.924153870854963588e-02
8.892327546675712902e-02 8.076976741757221911e-02 7.020790381185862405e-02 7.073211217548602825e-02 6.790179474197523268e-02 6.903193951170144560e-02 6.760067277687387133e-02 6.935583638356332403e-02 7.636991917579261102e-02 7.840706628506045883e-02 8.895778868081483104e-02 9.202120856227224976e-02
9.735967558981276082e-02 8.890613918624791501e-02 7.653970952584002174e-02 7.563375563230129162e-02 7.089923744225418156e-02 7.047798085486199626e-02 6.789522828508803842e-02 6.907075624817091142e-02 7.615700547513892804e-02 7.924153870854963588e-02 9.202120856227224976e-02 9.869909131091218757e-02
8.549622905329543054e-02 8.341697007537152153e-02 8.485458653364452708e-02 8.742944475780242697e-02 7.647764328238246256e-02 6.727324842668416793e-02 6.284172484219702204e-02 6.149940007982727247e-02 5.882329555643717178e-02 6.946366890421254436e-02 8.151951023075172664e-02 8.437498526886828831e-02
8.341697007537152153e-02 8.646114075011127054e-02 9.211386212686070718e-02 9.677983243532907454e-02 8.355484335997320766e-02 7.114084862257366582e-02 6.395863386087437263e-02 6.050713419920566993e-02 5.632848975997276075e-02 6.532686311690991121e-02 7.626838881519620861e-02 7.977518819232666536e-02
8.485458653364452708e-02 9.211386212686070718e-02 1.052400824248104771e-01 1.146399203733226291e-01 9.898184853592220667e-02 8.236569742098831526e-02 7.150490405023705864e-02 6.517160579486286354e-02 5.854065000073283009e-02 6.597650511098261672e-02 7.589110812243946014e-02 7.946325687237416890e-02
8.742944475780242697e-02 9.677983243532907454e-02 1.146399203733226291e-01 1.315036881589101703e-01 1.154814595772915425e-01 9.581851695576851236e-02 8.186950351598634712e-02 7.289803603944658428e-02 6.367117590731757870e-02 6.985774125281583868e-02 7.883126365761927712e-02 8.170321348396920869e-02
7.647764328238246256e-02 8.355484335997320766e-02 9.898184853592220667e-02 1.154814595772915425e-01 1.055951935514735096e-01 8.954996354758937294e-02 7.722826281427616624e-02 6.872711820841090335e-02 5.950399897854548315e-02 6.442772883744479762e-02 7.159945613832237321e-02 7.285971962758995557e-02
6.727324842668416793e-02 7.114084862257366582e-02 8.236569742098831526e-02 9.581851695576851236e-02 8.954996354758937294e-02 7.913920095395590715e-02 7.012457411113168226e-02 6.340277057058446575e-02 5.527515358031998699e-02 5.986289894778284992e-02 6.601641748622608108e-02 6.596461766769254331e-02
6.284172484219702204e-02 6.395863386087437263e-02 7.150490405023705864e-02 8.186950351598634712e-02 7.722826281427616624e-02 7.012457411113168226e-02 6.458378215323454241e-02 5.992760297357847821e-02 5.315333453918184847e-02 5.815524886188387643e-02 6.414873993955352849e-02 6.330751378671223284e-02
6.149940007982727247e-02 6.050713419920566993e-02 6.517160579486286354e-02 7.289803603944658428e-02 6.872711820841090335e-02 6.340277057058446575e-02 5.992760297357847821e-02 5.741133843005057080e-02 5.212090932602872484e-02 5.796632316655955103e-02 6.434682140712996712e-02 6.316893492849720571e-02
5.882329555643717178e-02 5.632848975997276075e-02 5.854065000073283009e-02 6.367117590731757870e-02 5.950399897854548315e-02 5.527515358031998699e-02 5.315333453918184847e-02 5.212090932602872484e-02 4.873812011318934267e-02 5.540286464317410731e-02 6.220901992303951022e-02 6.112868564916829062e-02
6.946366890421254436e-02 6.532686311690991121e-02 6.597650511098261672e-02 6.985774125281583868e-02 6.442772883744479762e-02 5.986289894778284992e-02 5.815524886188387643e-02 5.796632316655955103e-02 5.540286464317410731e-02 6.450663338730915075e-02 7.343836748884391419e-02 7.253057508891068428e-02
8.151951023075172664e-02 7.626838881519620861e-02 7.589110812243946014e-02 7.883126365761927712e-02 7.159945613832237321e-02 6.601641748622608108e-02 6.414873993955352849e-02 6.434682140712996712e-02 6.220901992303951022e-02 7.343836748884391419e-02 8.500164638128730743e-02 8.479260496357474142e-02
8.437498526886828831e-02 7.977518819232666536e-02 7.946325687237416890e-02 8.170321348396920869e-02 7.285971962758995557e-02 6.596461766769254331e-02 6.330751378671223284e-02 6.316893492849720571e-02 6.112868564916829062e-02 7.253057508891068428e-02 8.479260496357474142e-02 8.632294464237240394e-02
8.717645016917660583e-02 8.070293631477801211e-02 7.580629042117131844e-02 7.338516405559970812e-02 7.205036206623215145e-02 6.429963327302162801e-02 6.387081341566995529e-02 6.933216225240830533e-02 7.452108462026962865e-02 7.673756753167121358e-02 8.481280981995949209e-02 9.220375525052057486e-02
8.070293631477801211e-02 7.803222231930562192e-02 7.548441850561214694e-02 7.420750435269371503e-02 7.296496512028842474e-02 6.426918434236102151e-02 6.229320507796534678e-02 6.565626344439673412e-02 6.863135228981682989e-02 6.921582400661507872e-02 7.585686771198874023e-02 8.312597731337352525e-02
7.580629042117131844e-02 7.548441850561214694e-02 7.609267600188523994e-02 7.675419279393287664e-02 7.633281979393991001e-02 6.706181112749066975e-02 6.408168695111979285e-02 6.599348772325179524e-02 6.705414548519500473e-02 6.571076716881646407e-02 7.055408908346434693e-02 7.697945755573208648e-02
7.338516405559970812e-02 7.420750435269371503e-02 7.675419279393287664e-02 8.006097911401995060e-02 8.116072603947548092e-02 7.182696659383265569e-02 6.850102055521851974e-02 6.973032821481464638e-02 6.938729992872222363e-02 6.612796023539582735e-02 6.915819940655178188e-02 7.438311305786453331e-02
7.205036206623215145e-02 7.296496512028842474e-02 7.633281979393991001e-02 8.116072603947548092e-02 8.448083494505974345e-02 7.599328633997232130e-02 7.318115735967734015e-02 7.456867951599978339e-02 7.349600584535009862e-02 6.862668967128840447e-02 6.997277856443387400e-02 7.373543215754743696e-02
6.429963327302162801e-02 6.426918434236102151e-02 6.706181112749066975e-02 7.182696659383265569e-02 7.599328633997232130e-02 7.036817648411715365e-02 6.937046581843950288e-02 7.172475826131441412e-02 7.089165673283247260e-02 6.548607554838450917e-02 6.535895862366382369e-02 6.719949905537439538e-02
6.387081341566995529e-02 6.229320507796534678e-02 6.408168695111979285e-02 6.850102055521851974e-02 7.318115735967734015e-02 6.937046581843950288e-02 7.094907355475903177e-02 7.530570348145078363e-02 7.542052610448293781e-02 6.958059187309831306e-02 6.842599866643511719e-02 6.865578846895301068e-02
6.933216225240830533e-02 6.565626344439673412e-02 6.599348772325179524e-02 6.973032821481464638e-02 7.456867951599978339e-02 7.172475826131441412e-02 7.530570348145078363e-02 8.286595916672570561e-02 8.488973973387665961e-02 7.907870581254849984e-02 7.751969972693824318e-02 7.653034743102905824e-02
7.452108462026962865e-02 6.863135228981682989e-02 6.705414548519500473e-02 6.938729992872222363e-02 7.349600584535009862e-02 7.089165673283247260e-02 7.542052610448293781e-02 8.488973973387665961e-02 9.006089105523654159e-02 8.585020284979442973e-02 8.513161255891833756e-02 8.377877113947451715e-02
7.673756753167121358e-02 6.921582400661507872e-02 6.571076716881646407e-02 6.612796023539582735e-02 6.862668967128840447e-02 6.548607554838450917e-02 6.958059187309831306e-02 7.907870581254849984e-02 8.585020284979442973e-02 8.533388273936448609e-02 8.713471950208241668e-02 8.681313200264484387e-02
8.481280981995949209e-02 7.585686771198874023e-02 7.055408908346434693e-02 6.915819940655178188e-02 6.997277856443387400e-02 6.535895862366382369e-02 6.842599866643511719e-02 7.751969972693824318e-02 8.513161255891833756e-02 8.713471950208241668e-02 9.315805949920288875e-02 9.528248890700996565e-02
9.220375525052057486e-02 8.312597731337352525e-02 7.697945755573208648e-02 7.438311305786453331e-02 7.373543215754743696e-02 6.719949905537439538e-02 6.865578846895301068e-02 7.653034743102905824e-02 8.377877113947451715e-02 8.681313200264484387e-02 9.528248890700996565e-02 1.014207949511468365e-01
6.822799787512226488e-02 7.090352381296083362e-02 6.876201702041782882e-02 8.018155918602665189e-02 6.783033005353411582e-02 6.724440793600677813e-02 6.668411568818367885e-02 6.177373117270871378e-02 5.864890406478149437e-02 6.913373738015085590e-02 6.694291254577630634e-02 6.645337704906523202e-02
7.090352381296083362e-02 7.643579629387577123e-02 7.626605425621062195e-02 9.038931338663640236e-02 7.586162717965888591e-02 7.345705995439076597e-02 7.070569638196189111e-02 6.371237861379126788e-02 5.920696275140882592e-02 6.903136602136832056e-02 6.701481622668474525e-02 6.741125374709922013e-02
6.876201702041782882e-02 7.626605425621062195e-02 7.972194360596715490e-02 9.743289947297253950e-02 8.213148165022553238e-02 7.854741731843366270e-02 7.366735066471220839e-02 6.427706348953445004e-02 5.786283458969425364e-02 6.601943784657518521e-02 6.366914788103585077e-02 6.433622102111308250e-02
8.018155918602665189e-02 9.038931338663640236e-02 9.743289947297253950e-02 1.239273193565413878e-01 1.060923148703971086e-01 1.016853223630658221e-01 9.412745231806257662e-02 8.014401091231587726e-02 7.001679712254742227e-02 7.795828672435339834e-02 7.420144025544125888e-02 7.463093594051481428e-02
6.783033005353411582e-02 7.586162717965888591e-02 8.213148165022553238e-02 1.060923148703971086e-01 9.498574254452557541e-02 9.411415810047335517e-02 8.826186183236138516e-02 7.475163000522110079e-02 6.413319188502375479e-02 6.989758616303706762e-02 6.514608011704520196e-02 6.417865069144115808e-02
6.724440793600677813e-02 7.345705995439076597e-02 7.854741731843366270e-02 1.016853223630658221e-01 9.411415810047335517e-02 9.872337660798230496e-02 9.546088790225878973e-02 8.159295409237313224e-02 6.961391335882827214e-02 7.484608198209163898e-02 6.830424060553438870e-02 6.547562638833792636e-02
6.668411568818367885e-02 7.070569638196189111e-02 7.366735066471220839e-02 9.412745231806257662e-02 8.826186183236138516e-02 9.546088790225878973e-02 9.658473529869196494e-02 8.456628167582672106e-02 7.300998086344631655e-02 7.866374525903238601e-02 7.106277991713388920e-02 6.675206586951321075e-02
6.177373117270871378e-02 6.371237861379126788e-02 6.427706348953445004e-02 8.014401091231587726e-02 7.475163000522110079e-02 8.159295409237313224e-02 8.456628167582672106e-02 7.702030527828929163e-02 6.836109753660329913e-02 7.487056057752086713e-02 6.774874537197544955e-02 6.305697018768186002e-02
5.864890406478149437e-02 5.920696275140882592e-02 5.786283458969425364e-02 7.001679712254742227e-02 6.413319188502375479e-02 6.961391335882827214e-02 7.300998086344631655e-02 6.836109753660329913e-02 6.320990535081695560e-02 7.109814020671006984e-02 6.500036138240997130e-02 6.050395745921276214e-02
6.913373738015085590e-02 6.903136602136832056e-02 6.601943784657518521e-02 7.795828672435339834e-02 6.989758616303706762e-02 7.484608198209163898e-02 7.866374525903238601e-02 7.487056057752086713e-02 7.109814020671006984e-02 8.229924476058511629e-02 7.628482095338987024e-02 7.144812056490276730e-02
6.694291254577630634e-02 6.701481622668474525e-02 6.366914788103585077e-02 7.420144025544125888e-02 6.514608011704520196e-02 6.830424060553438870e-02 7.106277991713388920e-02 6.774874537197544955e-02 6.500036138240997130e-02 7.628482095338987024e-02 7.212974759868813479e-02 6.854459393123832345e-02
6.645337704906523202e-02 6.741125374709922013e-02 6.433622102111308250e-02 7.463093594051481428e-02 6.417865069144115808e-02 6.547562638833792636e-02 6.675206586951321075e-02 6.305697018768186002e-02 6.050395745921276214e-02 7.144812056490276730e-02 6.854459393123832345e-02 6.673388542891450781e-02
9.811791497342570167e-02 9.604040340925246166e-02 8.577099899886458934e-02 7.222908158349952701e-02 7.283724410041624020e-02 7.053689426741512059e-02 6.765916627345287815e-02 6.536737960783180201e-02 6.553735584423479865e-02 7.302841521490048560e-02 8.968566623735226007e-02 1.012629122041424357e-01
9.604040340925246166e-02 9.862781696601637116e-02 9.059993906870342228e-02 7.729362817726140311e-02 7.803878081322840332e-02 7.473946328127652194e-02 7.027277757602301556e-02 6.615901073148226785e-02 6.448428279486603798e-02 7.014403272632221964e-02 8.507901217539548533e-02 9.649904098552737619e-02
8.577099899886458934e-02 9.059993906870342228e-02 8.733404407716510720e-02 7.698891810861430152e-02 7.926943501001683379e-02 7.609851450748669754e-02 7.073874408552034698e-02 6.506738118443752827e-02 6.137072261936545731e-02 6.443053355174391261e-02 7.607697015552951358e-02 8.535785652215566177e-02
7.222908158349952701e-02 7.729362817726140311e-02 7.698891810861430152e-02 7.151853663020107943e-02 7.628707347448122900e-02 7.430242587102386942e-02 6.898319383450195186e-02 6.248674298016726469e-02 5.725293538294638773e-02 5.786986138922754763e-02 6.595589221166414662e-02 7.228490125496196683e-02
7.283724410041624020e-02 7.803878081322840332e-02 7.926943501001683379e-02 7.628707347448122900e-02 8.481166607956286407e-02 8.427912855020509852e-02 7.872628599065913113e-02 7.090603364434650002e-02 6.382050955179718876e-02 6.271235328097397865e-02 6.928467418697295543e-02 7.396712886857920166e-02
7.053689426741512059e-02 7.473946328127652194e-02 7.609851450748669754e-02 7.430242587102386942e-02 8.427912855020509852e-02 8.587993368463336941e-02 8.130855335283908303e-02 7.360678284854228759e-02 6.606612736848488376e-02 6.421977902785039327e-02 6.976820998680030583e-02 7.300791361532144030e-02
6.765916627345287815e-02 7.027277757602301556e-02 7.073874408552034698e-02 6.898319383450195186e-02 7.872628599065913113e-02 8.130855335283908303e-02 7.864632294881901409e-02 7.223458431082663278e-02 6.544297192328137058e-02 6.384827469187662197e-02 6.911967760998274923e-02 7.144831191801548353e-02
6.536737960783180201e-02 6.615901073148226785e-02 6.506738118443752827e-02 6.248674298016726469e-02 7.090603364434650002e-02 7.360678284854228759e-02 7.223458431082663278e-02 6.803331357999548024e-02 6.296817403245694167e-02 6.249941359633155030e-02 6.826941267447914075e-02 7.030753182026741599e-02
6.553735584423479865e-02 6.448428279486603798e-02 6.137072261936545731e-02 5.725293538294638773e-02 6.382050955179718876e-02 6.606612736848488376e-02 6.544297192328137058e-02 6.296817403245694167e-02 6.040483912919221432e-02 6.187282097202950054e-02 6.904385936257244338e-02 7.148930604990158533e-02
7.302841521490048560e-02 7.014403272632221964e-02 6.443053355174391261e-02 5.786986138922754763e-02 6.271235328097397865e-02 6.421977902785039327e-02 6.384827469187662197e-02 6.249941359633155030e-02 6.187282097202950054e-02 6.628950827377555477e-02 7.636869270550775135e-02 8.018901517166367177e-02
8.968566623735226007e-02 8.507901217539548533e-02 7.607697015552951358e-02 6.595589221166414662e-02 6.928467418697295543e-02 6.976820998680030583e-02 6.911967760998274923e-02 6.826941267447914075e-02 6.904385936257244338e-02 7.636869270550775135e-02 9.149606827101562645e-02 9.813608944084804830e-02
1.012629122041424357e-01 9.649904098552737619e-02 8.535785652215566177e-02 7.228490125496196683e-02 7.396712886857920166e-02 7.300791361532144030e-02 7.144831191801548353e-02 7.030753182026741599e-02 7.148930604990158533e-02 8.018901517166367177e-02 9.813608944084804830e-02 1.088400353861975894e-01
7.682094478485895772e-02 8.658164155638667370e-02 8.492200757448638282e-02 7.838395579346811581e-02 7.447369894246962108e-02 6.855330421543223696e-02 6.263914881890092490e-02 6.178346771414321148e-02 6.414916216430037454e-02 6.812394116663816890e-02 6.543728519067953942e-02 6.907336424764076721e-02
8.658164155638667370e-02 1.013559927827090840e-01 1.015384063618369470e-01 9.414994329269753270e-02 8.839706013553763619e-02 7.939877460766497919e-02 7.045912184556803182e-02 6.773543277759333514e-02 6.919820361858453062e-02 7.309078889155284919e-02 7.063796383512208066e-02 7.580327062193431553e-02
8.492200757448638282e-02 1.015384063618369470e-01 1.060390512451610534e-01 1.008578325371880247e-01 9.548682649478953954e-02 8.495319894415542805e-02 7.373999772866315916e-02 6.902889952798152429e-02 6.889039156588729063e-02 7.160089468773944699e-02 6.863941963258114731e-02 7.363998344951712405e-02
7.838395579346811581e-02 9.414994329269753270e-02 1.008578325371880247e-01 1.010504406063800625e-01 9.873859887527096368e-02 8.870371825274701860e-02 7.639318974983394517e-02 7.015943343354469341e-02 6.837290937435698546e-02 6.942690277917382136e-02 6.512126130298923066e-02 6.859177514642174345e-02
7.447369894246962108e-02 8.839706013553763619e-02 9.548682649478953954e-02 9.873859887527096368e-02 1.017117864980524450e-01 9.395864411275950401e-02 8.169815551188658320e-02 7.474662581508095816e-02 7.184694791490575660e-02 7.150176074442109175e-02 6.532764145880384787e-02 6.679756447670322228e-02
6.855330421543223696e-02 7.939877460766497919e-02 8.495319894415542805e-02 8.870371825274701860e-02 9.395864411275950401e-02 9.081569281039113262e-02 8.108112119790203409e-02 7.516802383913111230e-02 7.234222720154698250e-02 7.134842747302619359e-02 6.389175206568203924e-02 6.344905133804809583e-02
6.263914881890092490e-02 7.045912184556803182e-02 7.373999772866315916e-02 7.639318974983394517e-02 8.169815551188658320e-02 8.108112119790203409e-02 7.541585363907357675e-02 7.179624775601768649e-02 7.004378911902639504e-02 6.922142689321382492e-02 6.136502763646660419e-02 5.966686896454416467e-02
6.178346771414321148e-02 6.773543277759333514e-02 6.902889952798152429e-02 7.015943343354469341e-02 7.474662581508095816e-02 7.516802383913111230e-02 7.179624775601768649e-02 7.080473976098142219e-02 7.057282383599994269e-02 7.043897459279130358e-02 6.239237785218879062e-02 6.003241741454463931e-02
6.414916216430037454e-02 6.919820361858453062e-02 6.889039156588729063e-02 6.837290937435698546e-02 7.184694791490575660e-02 7.234222720154698250e-02 7.004378911902639504e-02 7.057282383599994269e-02 7.222701333829054104e-02 7.321128204917212723e-02 6.529861550768761846e-02 6.283800270972231261e-02
6.812394116663816890e-02 7.309078889155284919e-02 7.160089468773944699e-02 6.942690277917382136e-02 7.150176074442109175e-02 7.134842747302619359e-02 6.922142689321382492e-02 7.043897459279130358e-02 7.321128204917212723e-02 7.574237957033114199e-02 6.848127004133508500e-02 6.652700347120106550e-02
6.543728519067953942e-02 7.063796383512208066e-02 6.863941963258114731e-02 6.512126130298923066e-02 6.532764145880384787e-02 6.389175206568203924e-02 6.136502763646660419e-02 6.239237785218879062e-02 6.529861550768761846e-02 6.848127004133508500e-02 6.340978103559513634e-02 6.291881900434273533e-02
6.907336424764076721e-02 7.580327062193431553e-02 7.363998344951712405e-02 6.859177514642174345e-02 6.679756447670322228e-02 6.344905133804809583e-02 5.966686896454416467e-02 6.003241741454463931e-02 6.283800270972231261e-02 6.652700347120106550e-02 6.291881900434273533e-02 6.460632392817583503e-02
1.150481788264637872e-01 1.018505728256628162e-01 8.725228903453129126e-02 8.162395990127850609e-02 7.259919620331099777e-02 6.950482634438454044e-02 6.460791676065333333e-02 7.412452649147073525e-02 8.240820035573712121e-02 8.671791255291748379e-02 9.642056444866242693e-02 1.053526728417299163e-01
1.018505728256628162e-01 9.394191449180980258e-02 8.248100421731041632e-02 7.808893216286451333e-02 6.943637997892279645e-02 6.586369439757140676e-02 6.012227133224976039e-02 6.744573493554602284e-02 7.330628054531146409e-02 7.559952878112262409e-02 8.313564613912699519e-02 9.130490771907082137e-02
8.725228903453129126e-02 8.248100421731041632e-02 7.545713014501048699e-02 7.333989878262409112e-02 6.604003740259277444e-02 6.282789914814201904e-02 5.694799544357526111e-02 6.297274605327501940e-02 6.699949746988029253e-02 6.718618524993187624e-02 7.192725750847854538e-02 7.790139967339826388e-02
8.162395990127850609e-02 7.808893216286451333e-02 7.333989878262409112e-02 7.375144165327870982e-02 6.775719161252055645e-02 6.519846955919966769e-02 5.926768345992472486e-02 6.525855382134085336e-02 6.848175520561239349e-02 6.696591030501723718e-02 6.950550961126154836e-02 7.346547710829226530e-02
7.259919620331099777e-02 6.943637997892279645e-02 6.604003740259277444e-02 6.775719161252055645e-02 6.394152817382431353e-02 6.268611635182168296e-02 5.766758282621792242e-02 6.386518850914296719e-02 6.674194601517649539e-02 6.416396858303345663e-02 6.477640340931112295e-02 6.651193719382235414e-02
6.950482634438454044e-02 6.586369439757140676e-02 6.282789914814201904e-02 6.519846955919966769e-02 6.268611635182168296e-02 6.301714578433545433e-02 5.907873498639167748e-02 6.629959041448590940e-02 6.952113095658460362e-02 6.622308512337447828e-02 6.539429135100770230e-02 6.520471743063574466e-02
6.460791676065333333e-02 6.012227133224976039e-02 5.694799544357526111e-02 5.926768345992472486e-02 5.766758282621792242e-02 5.907873498639167748e-02 5.695732971063303951e-02 6.532470009475849215e-02 6.928382537027211185e-02 6.595373788112848801e-02 6.419420537368843160e-02 6.231826278175520151e-02
7.412452649147073525e-02 6.744573493554602284e-02 6.297274605327501940e-02 6.525855382134085336e-02 6.386518850914296719e-02 6.629959041448590940e-02 6.532470009475849215e-02 7.702988183131055655e-02 8.310675137218609398e-02 7.963480811704506945e-02 7.706968874548630888e-02 7.337045329892633028e-02
8.240820035573712121e-02 7.330628054531146409e-02 6.699949746988029253e-02 6.848175520561239349e-02 6.674194601517649539e-02 6.952113095658460362e-02 6.928382537027211185e-02 8.310675137218609398e-02 9.203885372428409484e-02 8.975807676252042788e-02 8.757756928540058605e-02 8.293690677318921178e-02
8.671791255291748379e-02 7.559952878112262409e-02 6.718618524993187624e-02 6.696591030501723718e-02 6.416396858303345663e-02 6.622308512337447828e-02 6.595373788112848801e-02 7.963480811704506945e-02 8.975807676252042788e-02 9.084758843442275467e-02 9.118678108649409808e-02 8.755800354975397382e-02
9.642056444866242693e-02 8.313564613912699519e-02 7.192725750847854538e-02 6.950550961126154836e-02 6.477640340931112295e-02 6.539429135100770230e-02 6.419420537368843160e-02 7.706968874548630888e-02 8.757756928540058605e-02 9.118678108649409808e-02 9.651356080779281699e-02 9.601905881209199523e-02
1.053526728417299163e-01 9.130490771907082137e-02 7.790139967339826388e-02 7.346547710829226530e-02 6.651193719382235414e-02 6.520471743063574466e-02 6.231826278175520151e-02 7.337045329892633028e-02 8.293690677318921178e-02 8.755800354975397382e-02 9.601905881209199523e-02 1.014554464168341691e-01
8.226488533724808649e-02 8.219968883426602424e-02 7.262804632550520778e-02 7.037907097858264738e-02 6.884989794578255662e-02 7.084186274592946253e-02 6.506136696820601084e-02 7.225681342610576485e-02 7.166529101411933667e-02 7.443398603853126905e-02 8.096028880240806191e-02 7.566349110104879372e-02
