3.088855779692329939e-01 2.777484507824100057e-01 -1.780158416618568551e-02 -1.067487757745168853e-01 -1.006924447554379959e-01 -2.388472048818254118e-02 6.459412986026154269e-02 7.259327627716230524e-02 -9.363728207961624639e-02 -3.021815984845935832e-01
2.777484507824100057e-01 7.664679913144258894e-01 2.753077954955595041e-01 3.493345958750687652e-02 -4.992951586199827207e-02 -5.923978396172158156e-02 -7.042780634898365699e-02 2.798110656698089838e-02 9.892032964176722398e-02 2.187352586451044023e-02
-1.780158416618568551e-02 2.753077954955595041e-01 2.812768933566187624e-01 2.428861441749481931e-01 1.964988160280567164e-01 8.664548696393431504e-02 2.769661735748411065e-03 -7.957125251763526308e-02 -9.734245496353651633e-03 9.877709626549119326e-02
-1.067487757745168853e-01 3.493345958750687652e-02 2.428861441749481931e-01 3.082301045862326783e-01 2.925008574029362984e-01 1.594749591227448415e-01 7.655473916387578459e-02 -9.381660114684745033e-02 -8.225003033873272418e-02 5.974669076666513229e-02
-1.006924447554379959e-01 -4.992951586199827207e-02 1.964988160280567164e-01 2.925008574029362984e-01 3.057323557905258227e-01 1.887580077421955882e-01 1.445472725820986515e-01 -4.662919135993406211e-02 -1.011114910689629720e-01 3.369827446100246305e-03
-2.388472048818254118e-02 -5.923978396172158156e-02 8.664548696393431504e-02 1.594749591227448415e-01 1.887580077421955882e-01 1.548814691798285348e-01 2.074101301820115428e-01 8.547641183795348652e-02 -4.530064825111623089e-02 -5.791457252382612580e-02
6.459412986026154269e-02 -7.042780634898365699e-02 2.769661735748411065e-03 7.655473916387578459e-02 1.445472725820986515e-01 2.074101301820115428e-01 4.519909266906557699e-01 3.723475706475808389e-01 5.840563756290229058e-02 -1.351286749499637785e-01
7.259327627716230524e-02 2.798110656698089838e-02 -7.957125251763526308e-02 -9.381660114684745033e-02 -4.662919135993406211e-02 8.547641183795348652e-02 3.723475706475808389e-01 4.986330974994764298e-01 2.693813940908837412e-01 2.475635827985794152e-02
-9.363728207961624639e-02 9.892032964176722398e-02 -9.734245496353651633e-03 -8.225003033873272418e-02 -1.011114910689629720e-01 -4.530064825111623089e-02 5.840563756290229058e-02 2.693813940908837412e-01 3.661879581854214361e-01 3.356777946970434523e-01
-3.021815984845935832e-01 2.187352586451044023e-02 9.877709626549119326e-02 5.974669076666513229e-02 3.369827446100246305e-03 -5.791457252382612580e-02 -1.351286749499637785e-01 2.475635827985794152e-02 3.356777946970434523e-01 5.577136254275890659e-01
1.010912511969983829e-01 9.202011125763859267e-02 8.669709057722500833e-02 -6.110050045491465659e-02 -6.743262673770629434e-02 3.886894183634884321e-03 6.705176874667848064e-02 1.001125306418308714e-01 -9.436672922966028720e-02 -2.025639455174981229e-01
9.202011125763859267e-02 1.408658641010858692e-01 2.639237706198749311e-01 4.108928753922300170e-02 -4.579706945835203269e-02 -3.730605329669085812e-02 4.965549131082665213e-02 1.115884889270432889e-01 -2.278838386694872695e-02 -1.384696240748743701e-01
8.669709057722500833e-02 2.639237706198749311e-01 7.175805163853128388e-01 3.231961495746650814e-01 4.636548304215186433e-02 -8.577799849349401762e-02 -3.230003509342807902e-03 5.979276819836937262e-02 2.567215281449228281e-02 -5.568741666618994002e-02
-6.110050045491465659e-02 4.108928753922300170e-02 3.231961495746650814e-01 3.208870377824502018e-01 1.946023327662624314e-01 8.610589187756298446e-02 -6.672308334942990415e-02 -1.578437963953759349e-01 1.232878967340046705e-02 1.521408376753834724e-01
-6.743262673770629434e-02 -4.579706945835203269e-02 4.636548304215186433e-02 1.946023327662624314e-01 2.415019247877830399e-01 3.187153482329629361e-01 2.253606426908613333e-02 -1.241717042590968628e-01 -2.263724359410078379e-02 1.134516155148916627e-01
3.886894183634884321e-03 -3.730605329669085812e-02 -8.577799849349401762e-02 8.610589187756298446e-02 3.187153482329629361e-01 7.416821021597409525e-01 2.447300896976924711e-01 7.108161023528493383e-02 -5.116023109184712758e-02 -4.881301660381091867e-02
6.705176874667848064e-02 4.965549131082665213e-02 -3.230003509342807902e-03 -6.672308334942990415e-02 2.253606426908613333e-02 2.447300896976924711e-01 1.801377827527520237e-01 2.382393724767959964e-01 6.960722625729062751e-02 -1.070659378150863039e-01
1.001125306418308714e-01 1.115884889270432889e-01 5.979276819836937262e-02 -1.578437963953759349e-01 -1.241717042590968628e-01 7.108161023528493383e-02 2.382393724767959964e-01 5.224770066630142207e-01 3.215803714362993060e-01 -8.215891332563017568e-02
-9.436672922966028720e-02 -2.278838386694872695e-02 2.567215281449228281e-02 1.232878967340046705e-02 -2.263724359410078379e-02 -5.116023109184712758e-02 6.960722625729062751e-02 3.215803714362993060e-01 5.575966063089858871e-01 3.433368546873527549e-01
-2.025639455174981229e-01 -1.384696240748743701e-01 -5.568741666618994002e-02 1.521408376753834724e-01 1.134516155148916627e-01 -4.881301660381091867e-02 -1.070659378150863039e-01 -8.215891332563017568e-02 3.433368546873527549e-01 4.761799078618770831e-01
6.073542846159851738e-01 3.078209935909423933e-01 1.647339906382263297e-01 1.576934129296750017e-02 -1.100140650503656781e-01 -4.898120127887695130e-02 6.738607740402290103e-02 7.307939827252510345e-02 -4.172392396876635490e-02 -2.899288057124174145e-01
3.078209935909423933e-01 1.981660007600666851e-01 1.634157593524692698e-01 1.036974206272817944e-01 -1.881105948002802231e-02 -5.995332504200472784e-02 -2.571281798016488568e-02 6.520090489106485088e-02 8.157190469067826522e-02 -8.972838168696775640e-02
1.647339906382263297e-01 1.634157593524692698e-01 2.224521750566284817e-01 2.559656379194262255e-01 1.271699596151649181e-01 -4.377497348785561876e-02 -1.098610826783177341e-01 3.286636532558067508e-02 1.317499739844311124e-01 1.073779946312028444e-02
1.576934129296750017e-02 1.036974206272817944e-01 2.559656379194262255e-01 4.319493197067922896e-01 3.631743649352502934e-01 6.424659030767000678e-02 -1.246533446440418053e-01 -3.498255775721488547e-02 7.465448997658251373e-02 5.714708151096203198e-02
-1.100140650503656781e-01 -1.881105948002802231e-02 1.271699596151649181e-01 3.631743649352502934e-01 4.805515228724884791e-01 2.509670423508699177e-01 6.903526004010064610e-02 -6.495407537918512775e-02 -9.644948080355499054e-02 1.201233108482137497e-02
-4.898120127887695130e-02 -5.995332504200472784e-02 -4.377497348785561876e-02 6.424659030767000678e-02 2.509670423508699177e-01 2.984501900486379311e-01 3.317699192184571100e-01 5.827962758622834416e-02 -1.138909127597162035e-01 -5.614807628927523386e-02
6.738607740402290103e-02 -2.571281798016488568e-02 -1.098610826783177341e-01 -1.246533446440418053e-01 6.903526004010064610e-02 3.317699192184571100e-01 6.152398828131795394e-01 2.789063836406941443e-01 3.212379357618277975e-02 -6.498801451011504415e-02
7.307939827252510345e-02 6.520090489106485088e-02 3.286636532558067508e-02 -3.498255775721488547e-02 -6.495407537918512775e-02 5.827962758622834416e-02 2.789063836406941443e-01 3.023361786444252464e-01 3.156486257199743739e-01 9.870177265175852921e-02
-4.172392396876635490e-02 8.157190469067826522e-02 1.317499739844311124e-01 7.465448997658251373e-02 -9.644948080355499054e-02 -1.138909127597162035e-01 3.212379357618277975e-02 3.156486257199743739e-01 5.652680184907006300e-01 2.905778508435916119e-01
-2.899288057124174145e-01 -8.972838168696775640e-02 1.073779946312028444e-02 5.714708151096203198e-02 1.201233108482137497e-02 -5.614807628927523386e-02 -6.498801451011504415e-02 9.870177265175852921e-02 2.905778508435916119e-01 2.782324269910810277e-01
2.163051472017411547e-01 2.352304767591840151e-01 1.060218156411846802e-01 -3.252040118295496107e-02 -7.556919275760293209e-02 -5.992689852963461322e-02 5.169333496998458795e-03 8.094555852359605619e-02 6.016597577806300640e-02 -2.821788943674334305e-01
2.352304767591840151e-01 4.595237152639569111e-01 3.465789683025074508e-01 1.054988085837745004e-01 -6.193386685781324119e-02 -1.274317703784751954e-01 -1.002882899459822119e-01 2.014516011429429154e-02 1.342843706627395717e-01 -6.901105280689655286e-02
1.060218156411846802e-01 3.465789683025074508e-01 3.989958133455779876e-01 2.811877945420993008e-01 1.093904287655999841e-01 2.206032894991064898e-03 -5.773161111352934083e-02 -5.360807704139822910e-02 8.698147120304262903e-03 6.956467868673996136e-02
-3.252040118295496107e-02 1.054988085837745004e-01 2.811877945420993008e-01 3.587180348315089917e-01 2.661968021625208403e-01 1.793113533529415715e-01 7.128481010460055445e-02 -5.345804825927216036e-02 -1.117563728295986047e-01 9.302819390495253860e-02
-7.556919275760293209e-02 -6.193386685781324119e-02 1.093904287655999841e-01 2.661968021625208403e-01 2.724151806951010668e-01 2.466329434145547173e-01 1.680054049361865975e-01 1.935882990240048868e-02 -1.034393908212034169e-01 2.688434091578965207e-02
-5.992689852963461322e-02 -1.274317703784751954e-01 2.206032894991064898e-03 1.793113533529415715e-01 2.466329434145547173e-01 2.835368926824142211e-01 2.559095890345124968e-01 1.247992732247096698e-01 -2.658564087697758843e-02 -5.380310430711990333e-02
5.169333496998458795e-03 -1.002882899459822119e-01 -5.773161111352934083e-02 7.128481010460055445e-02 1.680054049361865975e-01 2.559095890345124968e-01 3.108656718072325131e-01 2.533184757298617695e-01 1.309106574632525888e-01 -1.222004999121316798e-01
8.094555852359605619e-02 2.014516011429429154e-02 -5.360807704139822910e-02 -5.345804825927216036e-02 1.935882990240048868e-02 1.247992732247096698e-01 2.533184757298617695e-01 3.369373261947794518e-01 3.451003284593499587e-01 -7.703278885207041904e-02
6.016597577806300640e-02 1.342843706627395717e-01 8.698147120304262903e-03 -1.117563728295986047e-01 -1.034393908212034169e-01 -2.658564087697758843e-02 1.309106574632525888e-01 3.451003284593499587e-01 5.932249003301135470e-01 2.271999320830690172e-01
-2.821788943674334305e-01 -6.901105280689655286e-02 6.956467868673996136e-02 9.302819390495253860e-02 2.688434091578965207e-02 -5.380310430711990333e-02 -1.222004999121316798e-01 -7.703278885207041904e-02 2.271999320830690172e-01 7.694773176475769860e-01
6.697671368764330779e-01 1.679633295489786904e-01 1.021478313651915659e-01 -1.060156729681024923e-02 -7.755087614900682547e-02 -6.881850525617920489e-02 3.399346146451964756e-02 1.392186386841020584e-01 1.191886303844052475e-01 -3.618309184426136693e-01
1.679633295489786904e-01 5.991278445330026903e-02 9.915721493501654382e-02 8.188198023323157992e-02 -4.256418794490703789e-03 -4.968976082173184872e-02 -2.423040305541097894e-02 2.808240386998877430e-02 5.990402643942775024e-02 -5.880155956158419905e-02
1.021478313651915659e-01 9.915721493501654382e-02 3.373637973805642121e-01 3.936334736614411911e-01 9.840374513375695076e-02 -1.009161244707838800e-01 -1.164851978087641793e-01 -3.358497669425532239e-02 7.032587032734988197e-02 3.278733707628526950e-02
-1.060156729681024923e-02 8.188198023323157992e-02 3.936334736614411911e-01 5.685112074911015112e-01 2.575100094531857509e-01 4.227510032135889384e-02 -5.280376858287152281e-02 -5.509250607225299468e-02 -1.039162844382916263e-02 4.979857175396297519e-02
-7.755087614900682547e-02 -4.256418794490703789e-03 9.840374513375695076e-02 2.575100094531857509e-01 2.707829568876956583e-01 2.786995843809546569e-01 1.626595939174583227e-01 2.868167020086185431e-02 -7.940511838797498223e-02 -2.161051226290939750e-02
-6.881850525617920489e-02 -4.968976082173184872e-02 -1.009161244707838800e-01 4.227510032135889384e-02 2.786995843809546569e-01 4.623964312900083473e-01 3.420024422911266959e-01 1.332142004850343509e-01 -6.785074945800800839e-02 -7.542135257619000943e-02
3.399346146451964756e-02 -2.423040305541097894e-02 -1.164851978087641793e-01 -5.280376858287152281e-02 1.626595939174583227e-01 3.420024422911266959e-01 3.083570034207087085e-01 1.943715931283738207e-01 7.954410824560122217e-02 -4.489251044793218792e-02
1.392186386841020584e-01 2.808240386998877430e-02 -3.358497669425532239e-02 -5.509250607225299468e-02 2.868167020086185431e-02 1.332142004850343509e-01 1.943715931283738207e-01 2.518130648413141048e-01 3.154641434526113675e-01 6.519598212191246578e-02
1.191886303844052475e-01 5.990402643942775024e-02 7.032587032734988197e-02 -1.039162844382916263e-02 -7.940511838797498223e-02 -6.785074945800800839e-02 7.954410824560122217e-02 3.154641434526113675e-01 6.196721113904870570e-01 3.017285484090413972e-01
-3.618309184426136693e-01 -5.880155956158419905e-02 3.278733707628526950e-02 4.979857175396297519e-02 -2.161051226290939750e-02 -7.542135257619000943e-02 -4.489251044793218792e-02 6.519598212191246578e-02 3.017285484090413972e-01 4.514235059683752160e-01
1.869377755870482716e-01 2.838701817852977705e-01 8.926343692672632224e-02 -7.179878008780563037e-02 -6.877224794480854553e-02 1.917171037300089732e-03 7.134817573294016668e-02 2.424456629987268783e-02 -7.389863191839059209e-02 -2.004983761475978288e-01
2.838701817852977705e-01 6.520058055990249901e-01 3.165362096384832236e-01 1.112315402158017179e-04 -1.111255776945408308e-01 -7.234757784658552016e-02 6.103088042368145019e-03 6.793203730369114235e-02 1.131310943594148188e-01 -7.934541237813706738e-02
8.926343692672632224e-02 3.165362096384832236e-01 2.992263939297840625e-01 2.745871255754757101e-01 1.087793910458395436e-01 -1.097996405750312210e-02 -7.778592456644356501e-02 -1.748668932290776967e-02 5.183860710548378326e-02 3.625488324704548293e-02
-7.179878008780563037e-02 1.112315402158017179e-04 2.745871255754757101e-01 5.581935670372035752e-01 3.574247598338753384e-01 1.079552843740866352e-01 -7.439859925742293989e-02 -8.008762070106562048e-02 -5.445113266657208850e-02 7.400111946804656393e-02
-6.877224794480854553e-02 -1.111255776945408308e-01 1.087793910458395436e-01 3.574247598338753384e-01 3.008981053292797969e-01 1.808010022196274158e-01 1.058378709162637321e-01 -2.950212903901680735e-03 -6.664412421332421843e-02 -6.653632428968934412e-04
1.917171037300089732e-03 -7.234757784658552016e-02 -1.097996405750312210e-02 1.079552843740866352e-01 1.808010022196274158e-01 2.414511010687351855e-01 3.292394611366737389e-01 1.238271051319030924e-01 -1.102858399077192263e-02 -7.682556357275011072e-02
7.134817573294016668e-02 6.103088042368145019e-03 -7.778592456644356501e-02 -7.439859925742293989e-02 1.058378709162637321e-01 3.292394611366737389e-01 5.944614318588301582e-01 2.788986763408480840e-01 9.505237854992010238e-02 -1.113031823452519387e-01
2.424456629987268783e-02 6.793203730369114235e-02 -1.748668932290776967e-02 -8.008762070106562048e-02 -2.950212903901680735e-03 1.238271051319030924e-01 2.788986763408480840e-01 1.859875385610252341e-01 1.971260947524739460e-01 7.205313118879293210e-02
-7.389863191839059209e-02 1.131310943594148188e-01 5.183860710548378326e-02 -5.445113266657208850e-02 -6.664412421332421843e-02 -1.102858399077192263e-02 9.505237854992010238e-02 1.971260947524739460e-01 4.802714594907412371e-01 4.053428784007414576e-01
-2.004983761475978288e-01 -7.934541237813706738e-02 3.625488324704548293e-02 7.400111946804656393e-02 -6.653632428968934412e-04 -7.682556357275011072e-02 -1.113031823452519387e-01 7.205313118879293210e-02 4.053428784007414576e-01 5.005668215383369812e-01
4.673190797024092680e-01 3.080120584268107864e-01 8.806176504636514801e-02 -1.021325099216246757e-01 8.029911241015326440e-02 8.312720895777699071e-02 -4.853849648761144990e-04 -8.838766244996111576e-02 -1.074806404578769470e-01 -3.096962083708970637e-01
3.080120584268107864e-01 3.530549929174807144e-01 2.995052948654204350e-01 -1.852713809298751554e-02 -9.480916089286307857e-02 -5.656384869037139537e-03 6.549132147176879581e-02 7.898678747778609122e-02 -6.017053041172148661e-03 -1.340985299867560876e-01
8.806176504636514801e-02 2.995052948654204350e-01 4.792039195294434673e-01 2.592273017597490625e-01 -1.758374635008251863e-01 -1.123113958169038862e-01 4.951871507041676057e-02 1.471534687240257377e-01 6.661625419042847829e-02 4.755103306290817122e-02
-1.021325099216246757e-01 -1.852713809298751554e-02 2.592273017597490625e-01 8.006841366724890552e-01 2.453744595545915286e-01 -1.856070170545068287e-02 -8.707051010043463657e-02 -7.953299952324441313e-02 -7.551696306398576752e-03 5.540352061814146634e-02
8.029911241015326440e-02 -9.480916089286307857e-02 -1.758374635008251863e-01 2.453744595545915286e-01 5.004884879267725850e-01 3.223818263184477506e-01 1.103049512754881722e-01 -3.245408018280070139e-02 -5.356020045393788953e-02 -1.186649837099090776e-01
8.312720895777699071e-02 -5.656384869037139537e-03 -1.123113958169038862e-01 -1.856070170545068287e-02 3.223818263184477506e-01 3.371584052179967261e-01 2.526053088663345880e-01 1.607786701783202876e-01 2.248557335608569047e-02 -5.520317774172465303e-02
-4.853849648761144990e-04 6.549132147176879581e-02 4.951871507041676057e-02 -8.707051010043463657e-02 1.103049512754881722e-01 2.526053088663345880e-01 3.291558011556777186e-01 3.273602656051198823e-01 1.103293718217795982e-01 7.145719337422218320e-02
-8.838766244996111576e-02 7.898678747778609122e-02 1.471534687240257377e-01 -7.953299952324441313e-02 -3.245408018280070139e-02 1.607786701783202876e-01 3.273602656051198823e-01 4.014764782233256613e-01 1.599422020163372427e-01 1.648604037695220181e-01
-1.074806404578769470e-01 -6.017053041172148661e-03 6.661625419042847829e-02 -7.551696306398576752e-03 -5.356020045393788953e-02 2.248557335608569047e-02 1.103293718217795982e-01 1.599422020163372427e-01 7.871905554775877889e-02 1.171755826681492862e-01
-3.096962083708970637e-01 -1.340985299867560876e-01 4.755103306290817122e-02 5.540352061814146634e-02 -1.186649837099090776e-01 -5.520317774172465303e-02 7.145719337422218320e-02 1.648604037695220181e-01 1.171755826681492862e-01 2.527396431066548654e-01
5.792376373678412849e-01 3.166169813783161202e-01 4.230241918758326919e-02 -9.355064654609027142e-02 -9.860365387622624378e-02 -1.839198177074356788e-02 8.362027327680608690e-02 3.162849881970922900e-02 -7.563768947377595697e-02 -3.203757172433928657e-01
3.166169813783161202e-01 4.540162546502922725e-01 3.097269742248335289e-01 8.432536382327672497e-02 -6.285585710367146139e-02 -8.836490265562943480e-02 -5.078730640059592183e-05 8.239763962604448877e-02 1.296884422342192422e-01 5.052135669870738005e-02
4.230241918758326919e-02 3.097269742248335289e-01 3.939126826168070639e-01 2.905220454681941566e-01 1.367553028225056699e-01 -6.550063450077180452e-03 -9.038068144371227963e-02 -5.832124155812538381e-03 8.051540623562458698e-02 1.299439548746482431e-01
-9.355064654609027142e-02 8.432536382327672497e-02 2.905220454681941566e-01 3.685323977702067433e-01 3.022787420453752483e-01 1.348868976914715523e-01 -7.421028113404103121e-02 -8.761909119672020574e-02 -5.921456320019560099e-02 2.082746662240926583e-02
-9.860365387622624378e-02 -6.285585710367146139e-02 1.367553028225056699e-01 3.022787420453752483e-01 3.465388610848404438e-01 2.552099040218349657e-01 6.688098965368180493e-02 -6.943147341829930541e-02 -1.233721877530886690e-01 -8.396145041858671387e-02
-1.839198177074356788e-02 -8.836490265562943480e-02 -6.550063450077180452e-03 1.348868976914715523e-01 2.552099040218349657e-01 3.372712660727672507e-01 3.307508816093563953e-01 7.412372799667769907e-02 -5.366048067326928406e-02 -9.483688812102948618e-02
8.362027327680608690e-02 -5.078730640059592183e-05 -9.038068144371227963e-02 -7.421028113404103121e-02 6.688098965368180493e-02 3.307508816093563953e-01 6.064160486311063192e-01 2.846904523772283979e-01 1.310415214451580157e-01 1.466807448830370966e-02
3.162849881970922900e-02 8.239763962604448877e-02 -5.832124155812538381e-03 -8.761909119672020574e-02 -6.943147341829930541e-02 7.412372799667769907e-02 2.846904523772283979e-01 1.990534547695128054e-01 1.762223640672535563e-01 1.358422557084501825e-01
-7.563768947377595697e-02 1.296884422342192422e-01 8.051540623562458698e-02 -5.921456320019560099e-02 -1.233721877530886690e-01 -5.366048067326928406e-02 1.310415214451580157e-01 1.762223640672535563e-01 2.517327840785245074e-01 2.908814599684878544e-01
-3.203757172433928657e-01 5.052135669870738005e-02 1.299439548746482431e-01 2.082746662240926583e-02 -8.396145041858671387e-02 -9.483688812102948618e-02 1.466807448830370966e-02 1.358422557084501825e-01 2.908814599684878544e-01 4.632886129581087475e-01
4.388350438509218687e-01 2.168142204895080194e-01 9.209563000514292552e-02 -2.213828619768333505e-02 -4.911259027155449874e-02 -5.379324350874423177e-02 -6.444620881595726838e-04 5.690299139663278216e-02 -1.156977333606444003e-01 -3.997868580539628569e-01
2.168142204895080194e-01 2.091556028228813979e-01 2.221872127904146177e-01 1.253882180113936318e-01 -6.553001441110203884e-02 -1.687183001781820679e-01 -5.294634194626142432e-02 3.503303288389870290e-02 -5.464867739090578658e-03 -1.022232133284839972e-01
9.209563000514292552e-02 2.221872127904146177e-01 3.744455778917366029e-01 3.626269815764285864e-01 1.832146830672864990e-02 -1.589536844837292628e-01 -6.352344006867903514e-02 6.599675297598588293e-03 4.931344671283400399e-02 6.300669798361052676e-02
-2.213828619768333505e-02 1.253882180113936318e-01 3.626269815764285864e-01 5.817288139556289206e-01 2.522453368528733142e-01 1.189943709971863772e-01 1.935960175723550752e-02 -2.909633444258231949e-02 2.841970499289284136e-02 8.762974141135985995e-02
-4.911259027155449874e-02 -6.553001441110203884e-02 1.832146830672864990e-02 2.522453368528733142e-01 2.709369835830945927e-01 3.266123435393913366e-01 1.021040799609218425e-01 -1.820197316421152955e-02 -4.267280832690702186e-02 -4.487003786437177011e-02
-5.379324350874423177e-02 -1.687183001781820679e-01 -1.589536844837292628e-01 1.189943709971863772e-01 3.266123435393913366e-01 5.138775193811311315e-01 1.755644156679599666e-01 2.135346146678478857e-02 -8.419047911459623390e-02 -1.368202100728904691e-01
-6.444620881595726838e-04 -5.294634194626142432e-02 -6.352344006867903514e-02 1.935960175723550752e-02 1.021040799609218425e-01 1.755644156679599666e-01 9.195909600587175159e-02 1.749475735956946554e-01 5.743211668992172225e-03 -5.564073888415181635e-02
5.690299139663278216e-02 3.503303288389870290e-02 6.599675297598588293e-03 -2.909633444258231949e-02 -1.820197316421152955e-02 2.135346146678478857e-02 1.749475735956946554e-01 9.110958450683601662e-01 2.089326107199017957e-01 9.664353722798927140e-03
-1.156977333606444003e-01 -5.464867739090578658e-03 4.931344671283400399e-02 2.841970499289284136e-02 -4.267280832690702186e-02 -8.419047911459623390e-02 5.743211668992172225e-03 2.089326107199017957e-01 1.173096584484407956e-01 1.807463894516504743e-01
-3.997868580539628569e-01 -1.022232133284839972e-01 6.300669798361052676e-02 8.762974141135985995e-02 -4.487003786437177011e-02 -1.368202100728904691e-01 -5.564073888415181635e-02 9.664353722798927140e-03 1.807463894516504743e-01 4.906558589919283175e-01
6.743994178018266616e-01 3.961633951923305141e-01 8.034451509066341257e-02 -4.605532558431309209e-02 -3.745270572428359424e-02 -4.861730325148690829e-03 3.157059316484969042e-02 4.639885750795624125e-02 -5.693599170593326847e-02 -2.021371439876663012e-01
3.961633951923305141e-01 2.857288415926759750e-01 9.510191655856421733e-02 8.787284076307602665e-02 -2.747715347456854140e-02 -8.108889886132565616e-02 -6.506785865672790048e-02 4.154389598177929410e-02 7.472660358052343743e-02 -7.577939311277824552e-02
8.034451509066341257e-02 9.510191655856421733e-02 7.951477965655812108e-02 2.148187178168231848e-01 5.968066213693380695e-02 -3.170743120290037131e-02 -5.584103241269235823e-02 -3.612815486944855221e-03 5.558839896017821192e-02 4.295985568744116467e-03
-4.605532558431309209e-02 8.787284076307602665e-02 2.148187178168231848e-01 7.737090093438963034e-01 3.135861190000528431e-01 3.487231676505321565e-02 -7.988489677362338448e-02 -5.175348821561037704e-02 7.105158062958241705e-02 5.352764550876856764e-02
-3.745270572428359424e-02 -2.747715347456854140e-02 5.968066213693380695e-02 3.135861190000528431e-01 2.384123655728698776e-01 1.969318373777804998e-01 1.494932278444337515e-01 1.309048868616634505e-02 -1.074891924940336446e-01 -3.320560101211839782e-02
-4.861730325148690829e-03 -8.108889886132565616e-02 -3.170743120290037131e-02 3.487231676505321565e-02 1.969318373777804998e-01 3.156092684673154070e-01 3.268148892929596538e-01 1.095892706861407023e-01 -1.862914338055079999e-01 -8.697748908529077949e-02
3.157059316484969042e-02 -6.506785865672790048e-02 -5.584103241269235823e-02 -7.988489677362338448e-02 1.494932278444337515e-01 3.268148892929596538e-01 4.228114909971522062e-01 2.897166347180168966e-01 -7.031606330259762561e-02 -6.867075186752685800e-02
4.639885750795624125e-02 4.154389598177929410e-02 -3.612815486944855221e-03 -5.175348821561037704e-02 1.309048868616634505e-02 1.095892706861407023e-01 2.897166347180168966e-01 5.425333749758756152e-01 3.634125876304670211e-01 7.857874144174274711e-02
-5.693599170593326847e-02 7.472660358052343743e-02 5.558839896017821192e-02 7.105158062958241705e-02 -1.074891924940336446e-01 -1.862914338055079999e-01 -7.031606330259762561e-02 3.634125876304670211e-01 5.432648382136924248e-01 1.955423939206835937e-01
-2.021371439876663012e-01 -7.577939311277824552e-02 4.295985568744116467e-03 5.352764550876856764e-02 -3.320560101211839782e-02 -8.697748908529077949e-02 -6.867075186752685800e-02 7.857874144174274711e-02 1.955423939206835937e-01 1.240166133781300528e-01
4.320118795005005174e-01 3.158048861364682325e-01 1.066938172332788926e-01 -4.735186395042541296e-02 -9.364200891599135101e-02 -1.022122046352895997e-01 -8.354456634678666949e-02 1.180747373818612639e-01 2.601878198412226756e-02 -2.906199048203902402e-01
3.158048861364682325e-01 4.184144405367638542e-01 3.011325407090454931e-01 1.248261821735941052e-01 1.086755052073344781e-03 -6.590916890471440470e-02 -1.103255958139471582e-01 4.557384071337758358e-02 1.081758189650954272e-01 1.461786535559322225e-02
1.066938172332788926e-01 3.011325407090454931e-01 3.655126858800444856e-01 2.836088006313778886e-01 1.515750825088844067e-01 7.168961750389621357e-02 1.084671705261415139e-02 -6.624008235575147563e-02 2.225862418966301562e-02 1.031322141538110332e-01
-4.735186395042541296e-02 1.248261821735941052e-01 2.836088006313778886e-01 3.086489113779801174e-01 2.172214088753904870e-01 1.605200314480375590e-01 1.234393549249568067e-01 -1.066314470355956417e-01 -6.854027282715359493e-02 6.693826833575416968e-02
-9.364200891599135101e-02 1.086755052073344781e-03 1.515750825088844067e-01 2.172214088753904870e-01 1.828601107307830931e-01 1.633241969591280318e-01 1.668299334376066034e-01 -6.219022497983475728e-02 -8.996809482611632658e-02 3.834260204485746403e-03
-1.022122046352895997e-01 -6.590916890471440470e-02 7.168961750389621357e-02 1.605200314480375590e-01 1.633241969591280318e-01 1.812480082995305275e-01 2.473494881981097016e-01 3.831054251648231823e-02 -8.232458991417974936e-02 -5.354984652077676710e-02
-8.354456634678666949e-02 -1.103255958139471582e-01 1.084671705261415139e-02 1.234393549249568067e-01 1.668299334376066034e-01 2.473494881981097016e-01 4.697601211643667174e-01 3.190888480875432864e-01 -1.358728656167475755e-02 -1.219041172722570149e-01
1.180747373818612639e-01 4.557384071337758358e-02 -6.624008235575147563e-02 -1.066314470355956417e-01 -6.219022497983475728e-02 3.831054251648231823e-02 3.190888480875432864e-01 6.464167236904296843e-01 2.889771435059889093e-01 1.391560313212414531e-02
2.601878198412226756e-02 1.081758189650954272e-01 2.225862418966301562e-02 -6.854027282715359493e-02 -8.996809482611632658e-02 -8.232458991417974936e-02 -1.358728656167475755e-02 2.889771435059889093e-01 2.957168735236875845e-01 2.962860598732965922e-01
-2.906199048203902402e-01 1.461786535559322225e-02 1.031322141538110332e-01 6.693826833575416968e-02 3.834260204485746403e-03 -5.354984652077676710e-02 -1.219041172722570149e-01 1.391560313212414531e-02 2.962860598732965922e-01 6.994102452959121141e-01
6.290277092613261178e-01 3.084113903613019403e-01 -4.750245574888382200e-02 -9.510067932508742272e-02 1.366410771710732837e-02 8.043667572667165255e-02 7.562788123959926501e-02 2.008968715421931631e-03 -1.127398484904849618e-01 -3.110783887625937494e-01
3.084113903613019403e-01 4.053226957935089914e-01 3.205154307564239691e-01 -1.702709624771236649e-03 -1.140397932278876397e-01 -1.028672630054970893e-01 -1.340402898595834114e-02 8.766981152418766576e-02 3.868179359191695199e-02 -6.411095633223537482e-02
-4.750245574888382200e-02 3.205154307564239691e-01 6.068068318935070371e-01 2.998751212875506167e-01 -5.897488445168521179e-03 -1.109648276272853645e-01 -7.814922814579700061e-02 2.379401020027571007e-02 7.733478912140441530e-02 1.128977457533055367e-01
-9.510067932508742272e-02 -1.702709624771236649e-03 2.998751212875506167e-01 4.823151559746650663e-01 3.129528020209212391e-01 1.773392589595323698e-01 2.897299486691541984e-02 -1.005289138623678413e-01 -5.647521561662098566e-02 6.506761065050862929e-03
1.366410771710732837e-02 -1.140397932278876397e-01 -5.897488445168521179e-03 3.129528020209212391e-01 3.304908749078787622e-01 2.713533029967016841e-01 1.263019644567574540e-01 -4.387553721801562556e-02 -8.048902183086018014e-02 -8.058222044838293796e-02
8.043667572667165255e-02 -1.028672630054970893e-01 -1.109648276272853645e-01 1.773392589595323698e-01 2.713533029967016841e-01 2.899058644044602562e-01 2.161769727696538634e-01 1.037852924589209441e-01 -2.434298458290348396e-02 -8.789740578366292412e-02
7.562788123959926501e-02 -1.340402898595834114e-02 -7.814922814579700061e-02 2.897299486691541984e-02 1.263019644567574540e-01 2.161769727696538634e-01 2.913344087185057996e-01 3.372179330837381528e-01 1.124470130072558749e-01 -6.671151140967303966e-03
2.008968715421931631e-03 8.766981152418766576e-02 2.379401020027571007e-02 -1.005289138623678413e-01 -4.387553721801562556e-02 1.037852924589209441e-01 3.372179330837381528e-01 5.859862126323205356e-01 2.763977975740649629e-01 1.245312907882884512e-01
-1.127398484904849618e-01 3.868179359191695199e-02 7.733478912140441530e-02 -5.647521561662098566e-02 -8.048902183086018014e-02 -2.434298458290348396e-02 1.124470130072558749e-01 2.763977975740649629e-01 1.692616157382255959e-01 1.368815107159958022e-01
-3.110783887625937494e-01 -6.411095633223537482e-02 1.128977457533055367e-01 6.506761065050862929e-03 -8.058222044838293796e-02 -8.789740578366292412e-02 -6.671151140967303966e-03 1.245312907882884512e-01 1.368815107159958022e-01 2.095486306756008665e-01
7.471043688443509412e-01 2.809379922353369419e-01 1.010944412799359704e-02 -9.274073427290956129e-02 -3.499643751299008620e-02 2.357153443760642147e-02 4.414900208475615317e-02 1.104483438027653169e-01 7.141797213964804283e-03 -2.857261514891924481e-01
2.809379922353369419e-01 3.916498352605058408e-01 2.550789972774685777e-01 1.841240179505001517e-01 -2.783390639835066002e-02 -1.703911843595571629e-01 -7.866192633878213436e-02 -4.039771953919185643e-02 1.024622040511125598e-01 4.384737736189533996e-02
1.010944412799359704e-02 2.550789972774685777e-01 2.676659935901785081e-01 3.081289729905235530e-01 8.316383920711113709e-02 -6.299972732854675073e-02 -5.662400119804857079e-02 -8.072509805074629119e-02 3.411976548420645600e-02 9.431255054710693808e-02
-9.274073427290956129e-02 1.841240179505001517e-01 3.081289729905235530e-01 5.026622334003694181e-01 2.684202868047563251e-01 1.440026125034498117e-01 1.132408005528280984e-02 -6.889280352495449899e-02 -3.724013696658429184e-02 6.720104521610983928e-02
-3.499643751299008620e-02 -2.783390639835066002e-02 8.316383920711113709e-02 2.684202868047563251e-01 2.604194906275032473e-01 2.952853484187467625e-01 1.057187061416691859e-01 5.565933705857066538e-02 -5.472168388762735369e-02 -5.093818788829466288e-02
2.357153443760642147e-02 -1.703911843595571629e-01 -6.299972732854675073e-02 1.440026125034498117e-01 2.952853484187467625e-01 4.674413002081288515e-01 2.007557031796209646e-01 1.811376276222820825e-01 -4.312578692077378983e-02 -1.360819315457784395e-01
4.414900208475615317e-02 -7.866192633878213436e-02 -5.662400119804857079e-02 1.132408005528280984e-02 1.057187061416691859e-01 2.007557031796209646e-01 1.084922994671651819e-01 1.587144421785010306e-01 7.050112061524138607e-02 -3.818935136478111142e-02
1.104483438027653169e-01 -4.039771953919185643e-02 -8.072509805074629119e-02 -6.889280352495449899e-02 5.565933705857066538e-02 1.811376276222820825e-01 1.587144421785010306e-01 3.884603140030721269e-01 3.688241318372758037e-01 7.508425444049668385e-02
7.141797213964804283e-03 1.024622040511125598e-01 3.411976548420645600e-02 -3.724013696658429184e-02 -5.472168388762735369e-02 -4.312578692077378983e-02 7.050112061524138607e-02 3.688241318372758037e-01 5.638209373637472765e-01 2.828587234029694697e-01
-2.857261514891924481e-01 4.384737736189533996e-02 9.431255054710693808e-02 6.720104521610983928e-02 -5.093818788829466288e-02 -1.360819315457784395e-01 -3.818935136478111142e-02 7.508425444049668385e-02 2.828587234029694697e-01 3.022832272349842420e-01
3.757691100005726703e-01 2.812424478456719834e-01 1.211099603239335215e-01 -6.924194929918685293e-02 -8.303022155307659968e-02 -8.800510437924310980e-02 -1.110010302921421270e-03 9.565269482686311608e-02 -3.746240990780906610e-02 -3.237885897519580669e-01
2.812424478456719834e-01 3.993538095989468961e-01 3.110530139050719511e-01 4.840862969834690971e-02 -8.877567926494278616e-02 -1.671259621725270372e-01 -6.946003814971898893e-02 8.801240491753228867e-02 6.181874925652645208e-02 6.946656970041079418e-03
1.211099603239335215e-01 3.110530139050719511e-01 4.167595718755229828e-01 3.199298765136717737e-01 6.890419975143682874e-02 -3.949832862385269094e-02 -4.959547641886916103e-02 -1.044239825391055261e-02 4.485582073499928824e-02 1.095734769208015075e-01
-6.924194929918685293e-02 4.840862969834690971e-02 3.199298765136717737e-01 5.318658342122297711e-01 2.698810409243457276e-01 2.043119266591085226e-01 5.264625558848899656e-02 -1.014033470600437387e-01 -3.851328379861471141e-02 2.564953271656411279e-02
-8.303022155307659968e-02 -8.877567926494278616e-02 6.890419975143682874e-02 2.698810409243457276e-01 1.901959944928978130e-01 2.041559858880299949e-01 9.963812230092265743e-02 -2.255695891128627062e-02 -4.354579624377544894e-02 -5.911314630818198523e-02
-8.800510437924310980e-02 -1.671259621725270372e-01 -3.949832862385269094e-02 2.043119266591085226e-01 2.041559858880299949e-01 2.877555468001066208e-01 2.058872838696647334e-01 1.088979190410214182e-01 -3.260440284805096733e-02 -1.312756369691427116e-01
-1.110010302921421270e-03 -6.946003814971898893e-02 -4.959547641886916103e-02 5.264625558848899656e-02 9.963812230092265743e-02 2.058872838696647334e-01 2.563843889608946602e-01 3.371892916809651197e-01 6.337990444227183107e-02 -7.884602947687704977e-02
9.565269482686311608e-02 8.801240491753228867e-02 -1.044239825391055261e-02 -1.014033470600437387e-01 -2.255695891128627062e-02 1.088979190410214182e-01 3.371892916809651197e-01 6.911810363174084593e-01 2.249067011141793748e-01 6.263136878528971496e-02
-3.746240990780906610e-02 6.181874925652645208e-02 4.485582073499928824e-02 -3.851328379861471141e-02 -4.354579624377544894e-02 -3.260440284805096733e-02 6.337990444227183107e-02 2.249067011141793748e-01 1.358957816801675822e-01 2.231139420805858808e-01
-3.237885897519580669e-01 6.946656970041079418e-03 1.095734769208015075e-01 2.564953271656411279e-02 -5.911314630818198523e-02 -1.312756369691427116e-01 -7.884602947687704977e-02 6.263136878528971496e-02 2.231139420805858808e-01 7.148389260612623142e-01
4.011035653224005459e-01 2.364690160104009620e-01 3.249568906357256509e-02 -5.881554876824094530e-02 -1.188536046787394412e-01 2.596863587362426007e-02 1.309242132865895414e-01 8.722727307767896843e-02 -6.505244183224317966e-02 -3.575017203975849878e-01
2.364690160104009620e-01 2.965313656177312462e-01 3.294094478305230056e-01 4.099466909481912918e-02 -9.744395800543884101e-02 -3.109583592578350417e-02 7.994413197016780881e-02 9.718744637157265831e-02 5.011041812866375011e-02 -9.520115436106618700e-02
3.249568906357256509e-02 3.294094478305230056e-01 7.259569037314237416e-01 2.321329288606840680e-01 8.259755279650232707e-02 -5.820432959425352049e-02 -7.996124841610492695e-02 -2.920068831312363361e-02 4.337124435622481677e-02 1.100738307779031699e-01
-5.881554876824094530e-02 4.099466909481912918e-02 2.321329288606840680e-01 1.385988878559588078e-01 2.006184173477576216e-01 8.448622830092816782e-02 -4.882575765734468998e-02 -7.600171388373941350e-02 -4.640567552043484839e-02 3.254910985065899431e-02
-1.188536046787394412e-01 -9.744395800543884101e-02 8.259755279650232707e-02 2.006184173477576216e-01 5.220750804588971672e-01 3.689881807666071101e-01 2.816901357599785674e-02 -1.173203405872333543e-01 -1.316217321705917542e-01 -3.097516274377574638e-02
2.596863587362426007e-02 -3.109583592578350417e-02 -5.820432959425352049e-02 8.448622830092816782e-02 3.689881807666071101e-01 4.632070494118728510e-01 2.791182294426577393e-01 1.124402121941019406e-01 1.779415095148662029e-02 -4.749778763175915852e-02
1.309242132865895414e-01 7.994413197016780881e-02 -7.996124841610492695e-02 -4.882575765734468998e-02 2.816901357599785674e-02 2.791182294426577393e-01 3.670438705419954983e-01 2.836863059324346570e-01 1.825438503030774040e-01 1.503119993256346251e-02
8.722727307767896843e-02 9.718744637157265831e-02 -2.920068831312363361e-02 -7.600171388373941350e-02 -1.173203405872333543e-01 1.124402121941019406e-01 2.836863059324346570e-01 2.818436280068978839e-01 2.335009464671420620e-01 1.092769050564241090e-01
-6.505244183224317966e-02 5.011041812866375011e-02 4.337124435622481677e-02 -4.640567552043484839e-02 -1.316217321705917542e-01 1.779415095148662029e-02 1.825438503030774040e-01 2.335009464671420620e-01 2.734866267862963163e-01 2.771466430058679986e-01
-3.575017203975849878e-01 -9.520115436106618700e-02 1.100738307779031699e-01 3.254910985065899431e-02 -3.097516274377574638e-02 -4.749778763175915852e-02 1.503119993256346251e-02 1.092769050564241090e-01 2.771466430058679986e-01 5.301530222665185033e-01
4.583966754183267933e-01 3.310653182533568328e-01 5.004111263658798936e-02 -8.107630927021915179e-02 -9.611577942834531596e-02 4.112600178806705142e-02 1.110188797050606357e-01 7.209285927611637501e-02 -1.337223418031502353e-01 -2.761159235106450671e-01
3.310653182533568328e-01 5.023595354636694044e-01 3.080795808365806021e-01 1.257424905225197898e-01 -1.944830148333945991e-02 -9.097435410516895027e-02 -3.462494460822533593e-02 5.949206245042529956e-02 7.072361207840424657e-02 -6.832315790723977877e-02
5.004111263658798936e-02 3.080795808365806021e-01 3.209771467461794425e-01 2.411590343305710649e-01 1.324324088612506556e-01 -6.750016082241308557e-02 -1.138615135997712580e-01 -4.000169756301727442e-02 1.091538532438208475e-01 9.044589437082592442e-02
-8.107630927021915179e-02 1.257424905225197898e-01 2.411590343305710649e-01 2.798483739526356207e-01 2.890307615961834609e-01 7.633078790993962082e-02 -7.320598608929627937e-02 -9.418443538450960162e-02 4.325656643865261747e-02 1.047919803189313326e-01
-9.611577942834531596e-02 -1.944830148333945991e-02 1.324324088612506556e-01 2.890307615961834609e-01 4.920783368458543361e-01 3.386885145113137652e-01 8.093463584051960313e-02 -7.866379308285235961e-02 -6.502658548611928158e-02 2.801588644788521876e-02
4.112600178806705142e-02 -9.097435410516895027e-02 -6.750016082241308557e-02 7.633078790993962082e-02 3.386885145113137652e-01 4.271747845246814390e-01 2.727845506583587154e-01 1.063845779840950079e-01 -8.522501066467941255e-02 -1.004107761457796177e-01
1.110188797050606357e-01 -3.462494460822533593e-02 -1.138615135997712580e-01 -7.320598608929627937e-02 8.093463584051960313e-02 2.727845506583587154e-01 3.091827846035987148e-01 2.919039869732473202e-01 6.670068498253936551e-02 -7.763246638423432211e-02
