2.966247313535145258e-01 2.144347666336814395e-01 1.138465655790612124e-01 2.430099539192969241e-02 -4.497581741453794690e-02 -6.614168938496221839e-02 -4.615853099934196652e-02 2.451136818108481247e-02 1.127652826020958676e-01 2.128046549187935232e-01
2.144347666336814395e-01 3.239429596551169910e-01 2.129367608959893410e-01 1.149350614857946179e-01 2.829565911352165813e-02 -4.000004104451847925e-02 -6.684419481618389391e-02 -4.722714825836574204e-02 2.238145610821296039e-02 1.142216980804908466e-01
1.138465655790612124e-01 2.129367608959893410e-01 2.946827406363653479e-01 2.114499028554890914e-01 1.171587282535849900e-01 3.513000400336160206e-02 -3.774714441521136166e-02 -6.561604252032654516e-02 -4.718997703536047944e-02 2.191373353245065422e-02
2.430099539192969241e-02 1.149350614857946179e-01 2.114499028554890914e-01 2.904390650426550979e-01 2.094894509936260085e-01 1.183252058857940936e-01 3.477568468378641753e-02 -3.899299524625976510e-02 -6.736772538913107788e-02 -4.816613455187651605e-02
-4.497581741453794690e-02 2.829565911352165813e-02 1.171587282535849900e-01 2.094894509936260085e-01 2.943196890564601653e-01 2.095577842411193159e-01 1.177721262674441827e-01 3.053103651388307596e-02 -4.383517327994723711e-02 -6.929194883675354744e-02
-6.614168938496221839e-02 -4.000004104451847925e-02 3.513000400336160206e-02 1.183252058857940936e-01 2.095577842411193159e-01 2.808133390134995855e-01 2.102594626569582736e-01 1.152405771637167731e-01 2.701404569636103870e-02 -4.511573927072842771e-02
-4.615853099934196652e-02 -6.684419481618389391e-02 -3.774714441521136166e-02 3.477568468378641753e-02 1.177721262674441827e-01 2.102594626569582736e-01 3.055998991620011429e-01 2.129416321270256041e-01 1.159230221732551469e-01 2.450553228317911558e-02
2.451136818108481247e-02 -4.722714825836574204e-02 -6.561604252032654516e-02 -3.899299524625976510e-02 3.053103651388307596e-02 1.152405771637167731e-01 2.129416321270256041e-01 3.060850435191626584e-01 2.142352675892351122e-01 1.148156295905536778e-01
1.127652826020958676e-01 2.238145610821296039e-02 -4.718997703536047944e-02 -6.736772538913107788e-02 -4.383517327994723711e-02 2.701404569636103870e-02 1.159230221732551469e-01 2.142352675892351122e-01 2.999805646012702054e-01 2.115781896972122877e-01
2.128046549187935232e-01 1.142216980804908466e-01 2.191373353245065422e-02 -4.816613455187651605e-02 -6.929194883675354744e-02 -4.511573927072842771e-02 2.450553228317911558e-02 1.148156295905536778e-01 2.115781896972122877e-01 3.075119679599540579e-01
2.755410282624606300e-01 2.064035314301740087e-01 1.172654814748864821e-01 3.113887659530757690e-02 -4.392426242692874794e-02 -6.920015263308068598e-02 -4.450238927384753129e-02 2.854139922144072194e-02 1.172944987030035413e-01 2.076721405171390311e-01
2.064035314301740087e-01 2.866175411444063514e-01 2.141931752232669184e-01 1.183798118882309486e-01 2.528840654084482664e-02 -4.743971048634211540e-02 -6.713652042778828211e-02 -4.178350951804378488e-02 3.161827451437854847e-02 1.140532420367453559e-01
1.172654814748864821e-01 2.141931752232669184e-01 3.224067388350445595e-01 2.137183327821753909e-01 1.118656995713280533e-01 2.072125710555232370e-02 -4.600942626711175543e-02 -6.680827138730574544e-02 -4.044088197990914485e-02 3.142622123577930304e-02
3.113887659530757690e-02 1.183798118882309486e-01 2.137183327821753909e-01 2.994426176314263222e-01 2.111863031892926845e-01 1.134314711067389014e-01 2.768585964137930400e-02 -4.345610837012907346e-02 -6.491801433561344981e-02 -4.014355744504924384e-02
-4.392426242692874794e-02 2.528840654084482664e-02 1.118656995713280533e-01 2.111863031892926845e-01 2.915530721565995353e-01 2.128442230117181533e-01 1.174871360220657301e-01 2.872944695152800446e-02 -4.416087747315403100e-02 -6.702801566219446228e-02
-6.920015263308068598e-02 -4.743971048634211540e-02 2.072125710555232370e-02 1.134314711067389014e-01 2.128442230117181533e-01 3.224151678309009617e-01 2.128174122310795835e-01 1.147821274399183633e-01 2.313134267046179637e-02 -4.730227276652276130e-02
-4.450238927384753129e-02 -6.713652042778828211e-02 -4.600942626711175543e-02 2.768585964137930400e-02 1.174871360220657301e-01 2.128174122310795835e-01 2.818172655257660808e-01 2.095519340503311789e-01 1.110634041089688384e-01 2.505862641058984042e-02
2.854139922144072194e-02 -4.178350951804378488e-02 -6.680827138730574544e-02 -4.345610837012907346e-02 2.872944695152800446e-02 1.147821274399183633e-01 2.095519340503311789e-01 3.048011582693158639e-01 2.131277111066558483e-01 1.185580241945817792e-01
1.172944987030035413e-01 3.161827451437854847e-02 -4.044088197990914485e-02 -6.491801433561344981e-02 -4.416087747315403100e-02 2.313134267046179637e-02 1.110634041089688384e-01 2.131277111066558483e-01 3.121786574796902025e-01 2.164274182589446260e-01
2.076721405171390311e-01 1.140532420367453559e-01 3.142622123577930304e-02 -4.014355744504924384e-02 -6.702801566219446228e-02 -4.730227276652276130e-02 2.505862641058984042e-02 1.185580241945817792e-01 2.164274182589446260e-01 3.032267528643843857e-01
3.104734545007227231e-01 2.112694742848079121e-01 1.164048169816152972e-01 2.987902848552233953e-02 -4.172408551112213176e-02 -6.719364155244436643e-02 -4.548220105743847053e-02 2.599755016047906181e-02 1.162698184769216242e-01 2.133060822941901802e-01
2.112694742848079121e-01 2.861345928065555655e-01 2.093834062602138724e-01 1.155225095692607173e-01 2.977230626665446772e-02 -4.349477667668368019e-02 -6.778887939819153163e-02 -4.407612035573907350e-02 2.852519688474135229e-02 1.169635000620300735e-01
1.164048169816152972e-01 2.093834062602138724e-01 2.925143631915355091e-01 2.116879714874553842e-01 1.172981972871057210e-01 2.733455305559826659e-02 -4.533081728479081141e-02 -6.727692647527018510e-02 -4.231755665891934193e-02 3.085179195999352905e-02
2.987902848552233953e-02 1.155225095692607173e-01 2.116879714874553842e-01 3.038434778352435695e-01 2.137018381461017469e-01 1.150341833243261752e-01 2.407520999655148042e-02 -4.639204147623644109e-02 -6.758810628745159921e-02 -4.169867750749459145e-02
-4.172408551112213176e-02 2.977230626665446772e-02 1.172981972871057210e-01 2.137018381461017469e-01 3.064624067773413785e-01 2.123251815092454808e-01 1.137120757834132467e-01 2.503753485701828985e-02 -4.541864671038860907e-02 -6.620517567033809558e-02
-6.719364155244436643e-02 -4.349477667668368019e-02 2.733455305559826659e-02 1.150341833243261752e-01 2.123251815092454808e-01 2.947755307312994733e-01 2.120837707889227097e-01 1.150803687034508416e-01 2.643068352560464657e-02 -4.469471580075565220e-02
-4.548220105743847053e-02 -6.778887939819153163e-02 -4.533081728479081141e-02 2.407520999655148042e-02 1.137120757834132467e-01 2.120837707889227097e-01 3.119065639333987727e-01 2.135958381930634919e-01 1.163519418276543482e-01 2.597760968869849973e-02
2.599755016047906181e-02 -4.407612035573907350e-02 -6.727692647527018510e-02 -4.639204147623644109e-02 2.503753485701828985e-02 1.150803687034508416e-01 2.135958381930634919e-01 2.947593004430950625e-01 2.119333937213376817e-01 1.133157947107954477e-01
1.162698184769216242e-01 2.852519688474135229e-02 -4.231755665891934193e-02 -6.758810628745159921e-02 -4.541864671038860907e-02 2.643068352560464657e-02 1.163519418276543482e-01 2.119333937213376817e-01 3.065649179970615368e-01 2.114863187929770794e-01
2.133060822941901802e-01 1.169635000620300735e-01 3.085179195999352905e-02 -4.169867750749459145e-02 -6.620517567033809558e-02 -4.469471580075565220e-02 2.597760968869849973e-02 1.133157947107954477e-01 2.114863187929770794e-01 2.925653917837447437e-01
2.866992394008610612e-01 2.102690862852865661e-01 1.147184064174955193e-01 2.967580684523662971e-02 -4.219967020686402059e-02 -6.723186876437829695e-02 -4.866118668774558481e-02 2.132814761956584870e-02 1.141025778465333818e-01 2.129442656644605081e-01
2.102690862852865661e-01 3.037784099665198911e-01 2.125764583365319649e-01 1.184654816787811260e-01 2.931005111997788543e-02 -4.244822782334173317e-02 -6.874910615798143776e-02 -4.892814042835068322e-02 2.189441359449439961e-02 1.126940670479761319e-01
1.147184064174955193e-01 2.125764583365319649e-01 3.002998875870889206e-01 2.132627908549183937e-01 1.157429163269932254e-01 2.992267488626092209e-02 -4.117995842294364106e-02 -6.662015103673413208e-02 -4.637869654589527740e-02 2.489352549962880329e-02
2.967580684523662971e-02 1.184654816787811260e-01 2.132627908549183937e-01 2.980093452013398703e-01 2.096242639492432447e-01 1.160623155385365896e-01 3.277935366454699795e-02 -3.852317560633507221e-02 -6.598441025115282799e-02 -4.431668377506513268e-02
-4.219967020686402059e-02 2.931005111997788543e-02 1.157429163269932254e-01 2.096242639492432447e-01 2.910490082055918748e-01 2.107957525215932160e-01 1.192944269733569873e-01 3.399878772804078297e-02 -4.143214724098447099e-02 -6.693294895737385286e-02
-6.723186876437829695e-02 -4.244822782334173317e-02 2.992267488626092209e-02 1.160623155385365896e-01 2.107957525215932160e-01 2.924031352454337096e-01 2.113820940477164623e-01 1.170743454520861704e-01 2.795954923981435608e-02 -4.561905224753194654e-02
-4.866118668774558481e-02 -6.874910615798143776e-02 -4.117995842294364106e-02 3.277935366454699795e-02 1.192944269733569873e-01 2.113820940477164623e-01 2.965595113627821910e-01 2.101615557511807286e-01 1.130486068531710991e-01 2.182427196093378319e-02
2.132814761956584870e-02 -4.892814042835068322e-02 -6.662015103673413208e-02 -3.852317560633507221e-02 3.399878772804078297e-02 1.170743454520861704e-01 2.101615557511807286e-01 2.937881263844409618e-01 2.132626423098818169e-01 1.142121045291300541e-01
1.141025778465333818e-01 2.189441359449439961e-02 -4.637869654589527740e-02 -6.598441025115282799e-02 -4.143214724098447099e-02 2.795954923981435608e-02 1.130486068531710991e-01 2.132626423098818169e-01 3.134176344021599725e-01 2.156926548058523130e-01
2.129442656644605081e-01 1.126940670479761319e-01 2.489352549962880329e-02 -4.431668377506513268e-02 -6.693294895737385286e-02 -4.561905224753194654e-02 2.182427196093378319e-02 1.142121045291300541e-01 2.156926548058523130e-01 3.239957022437818801e-01
3.177439984511036819e-01 2.069397636104942650e-01 1.149256014634946754e-01 3.134589151997435597e-02 -4.071899227781690389e-02 -6.895075784157282672e-02 -4.885617716107743674e-02 2.032785364224887897e-02 1.170387244991845932e-01 2.154778402411819394e-01
2.069397636104942650e-01 2.610668495350288998e-01 2.070077880347921950e-01 1.164899702916865204e-01 3.169302197354585682e-02 -4.314680946213669821e-02 -6.739242531930927926e-02 -4.660609594274994771e-02 2.558086776046332445e-02 1.140863955309622119e-01
1.149256014634946754e-01 2.070077880347921950e-01 3.041828561608830306e-01 2.137504317065804238e-01 1.184110710685576107e-01 2.533225888354274924e-02 -4.540451705131570703e-02 -6.865901350329418895e-02 -4.468178040294834563e-02 2.961235861726502216e-02
3.134589151997435597e-02 1.164899702916865204e-01 2.137504317065804238e-01 3.111677967714474580e-01 2.140556134601776517e-01 1.133496094940484589e-01 2.548111564237822563e-02 -4.405970010268388942e-02 -6.600319428355527762e-02 -4.016360792353495385e-02
-4.071899227781690389e-02 3.169302197354585682e-02 1.184110710685576107e-01 2.140556134601776517e-01 2.936282661187057941e-01 2.102839107051197032e-01 1.148206222072226806e-01 3.081645872297097272e-02 -4.066676528693491388e-02 -6.408174813421507743e-02
-6.895075784157282672e-02 -4.314680946213669821e-02 2.533225888354274924e-02 1.133496094940484589e-01 2.102839107051197032e-01 3.026085536390939468e-01 2.121404788389309459e-01 1.189094155053027624e-01 2.958320642719931837e-02 -4.509156492075631906e-02
-4.885617716107743674e-02 -6.739242531930927926e-02 -4.540451705131570703e-02 2.548111564237822563e-02 1.148206222072226806e-01 2.121404788389309459e-01 2.953334170408282722e-01 2.121755654975362448e-01 1.143997545720457504e-01 2.321423059074451817e-02
2.032785364224887897e-02 -4.660609594274994771e-02 -6.865901350329418895e-02 -4.405970010268388942e-02 3.081645872297097272e-02 1.189094155053027624e-01 2.121755654975362448e-01 2.941323157160587454e-01 2.103764389587001182e-01 1.113286873005697453e-01
1.170387244991845932e-01 2.558086776046332445e-02 -4.468178040294834563e-02 -6.600319428355527762e-02 -4.066676528693491388e-02 2.958320642719931837e-02 1.143997545720457504e-01 2.103764389587001182e-01 3.109009243519594845e-01 2.156823673717679912e-01
2.154778402411819394e-01 1.140863955309622119e-01 2.961235861726502216e-02 -4.016360792353495385e-02 -6.408174813421507743e-02 -4.509156492075631906e-02 2.321423059074451817e-02 1.113286873005697453e-01 2.156823673717679912e-01 3.092350222148926298e-01
2.846430997037079913e-01 2.102986613285333095e-01 1.137723647969348939e-01 2.681910368750434204e-02 -4.403926358868343049e-02 -6.639709983599767495e-02 -4.498636657680274431e-02 2.772255233805440838e-02 1.160152724335465069e-01 2.126102596242003540e-01
2.102986613285333095e-01 3.129627404469180751e-01 2.129367041433914975e-01 1.171228945302081048e-01 2.591272630260217300e-02 -4.498371367058082854e-02 -6.896608558032685243e-02 -4.471485513212665464e-02 2.567661135006781004e-02 1.144418623576566041e-01
1.137723647969348939e-01 2.129367041433914975e-01 2.955415110937597012e-01 2.139649944762309075e-01 1.146078455551295117e-01 2.758273056749819402e-02 -4.363438881664929991e-02 -6.545885043849734852e-02 -4.435199995866798139e-02 2.605295219691346545e-02
2.681910368750434204e-02 1.171228945302081048e-01 2.139649944762309075e-01 3.072821285071729580e-01 2.104740241107117826e-01 1.149776900445248218e-01 2.878927381659793228e-02 -4.118799995081064147e-02 -6.724378615523164682e-02 -4.559016093685765159e-02
-4.403926358868343049e-02 2.591272630260217300e-02 1.146078455551295117e-01 2.104740241107117826e-01 2.956390718635830139e-01 2.119187619827332392e-01 1.179922797111483540e-01 3.111859997703518219e-02 -4.287900538759754909e-02 -6.728671254995322037e-02
-6.639709983599767495e-02 -4.498371367058082854e-02 2.758273056749819402e-02 1.149776900445248218e-01 2.119187619827332392e-01 2.905852690720404086e-01 2.118557475548769886e-01 1.157281039223227170e-01 2.825348725523689833e-02 -4.341491653294028696e-02
-4.498636657680274431e-02 -6.896608558032685243e-02 -4.363438881664929991e-02 2.878927381659793228e-02 1.179922797111483540e-01 2.118557475548769886e-01 3.098451881405437369e-01 2.105608647036400494e-01 1.148214793733000338e-01 2.583771547433561314e-02
2.772255233805440838e-02 -4.471485513212665464e-02 -6.545885043849734852e-02 -4.118799995081064147e-02 3.111859997703518219e-02 1.157281039223227170e-01 2.105608647036400494e-01 2.840176855336525863e-01 2.120493547561456416e-01 1.154998283385140212e-01
1.160152724335465069e-01 2.567661135006781004e-02 -4.435199995866798139e-02 -6.724378615523164682e-02 -4.287900538759754909e-02 2.825348725523689833e-02 1.148214793733000338e-01 2.120493547561456416e-01 3.094453820290080648e-01 2.132878936382786028e-01
2.126102596242003540e-01 1.144418623576566041e-01 2.605295219691346545e-02 -4.559016093685765159e-02 -6.728671254995322037e-02 -4.341491653294028696e-02 2.583771547433561314e-02 1.154998283385140212e-01 2.132878936382786028e-01 3.100379236096134639e-01
3.039802874942197919e-01 2.128199910594309741e-01 1.125830851388545106e-01 1.919494209245105679e-02 -5.092495681218881659e-02 -6.696035013225359878e-02 -3.735072802808557524e-02 3.427374670323267425e-02 1.175980534193015181e-01 2.128709583434884589e-01
2.128199910594309741e-01 2.964130412301696493e-01 2.111923720354377254e-01 1.103450288826158254e-01 1.760022621271575827e-02 -5.071891917537124650e-02 -6.647988279035729753e-02 -3.803441175173016831e-02 3.460823439972059157e-02 1.198357896184633342e-01
1.125830851388545106e-01 2.111923720354377254e-01 3.061110579220502337e-01 2.156151560296817316e-01 1.145275799927229221e-01 1.828224573288411356e-02 -4.990860554963464507e-02 -6.762297425143207197e-02 -4.083057031482777849e-02 2.797307387628967731e-02
1.919494209245105679e-02 1.103450288826158254e-01 2.156151560296817316e-01 3.313709966332748502e-01 2.164116331358130474e-01 1.118330617641637714e-01 2.087402029840149456e-02 -4.599639076353655154e-02 -6.594584483859741719e-02 -4.673591672621942028e-02
-5.092495681218881659e-02 1.760022621271575827e-02 1.145275799927229221e-01 2.164116331358130474e-01 3.063893139032739521e-01 2.109510804681501428e-01 1.121702860062015195e-01 2.887127882742039631e-02 -3.986770869827856167e-02 -6.734168896475976884e-02
-6.696035013225359878e-02 -5.071891917537124650e-02 1.828224573288411356e-02 1.118330617641637714e-01 2.109510804681501428e-01 2.952269830658552641e-01 2.111386088162859886e-01 1.200317974175913460e-01 3.568359195877392198e-02 -3.700762020416320519e-02
-3.735072802808557524e-02 -6.647988279035729753e-02 -4.990860554963464507e-02 2.087402029840149456e-02 1.121702860062015195e-01 2.111386088162859886e-01 2.947903728077139740e-01 2.130863319631705055e-01 1.186697695676938447e-01 3.559330526697722374e-02
3.427374670323267425e-02 -3.803441175173016831e-02 -6.762297425143207197e-02 -4.599639076353655154e-02 2.887127882742039631e-02 1.200317974175913460e-01 2.130863319631705055e-01 3.021343544989356644e-01 2.073469953028193591e-01 1.166204769909586353e-01
1.175980534193015181e-01 3.460823439972059157e-02 -4.083057031482777849e-02 -6.594584483859741719e-02 -3.986770869827856167e-02 3.568359195877392198e-02 1.186697695676938447e-01 2.073469953028193591e-01 2.682848887199439925e-01 2.065965638344714750e-01
2.128709583434884589e-01 1.198357896184633342e-01 2.797307387628967731e-02 -4.673591672621942028e-02 -6.734168896475976884e-02 -3.700762020416320519e-02 3.559330526697722374e-02 1.166204769909586353e-01 2.065965638344714750e-01 2.952987037245630164e-01
3.129538843579907637e-01 2.134577148919166723e-01 1.129193052912615958e-01 2.446339554481442857e-02 -4.417760257284485126e-02 -6.576740588789575792e-02 -4.234983803506332800e-02 2.869888373516239072e-02 1.163713270852251291e-01 2.148200997842330540e-01
2.134577148919166723e-01 3.031470472925297810e-01 2.122082216471623817e-01 1.157942537047110809e-01 2.937782195031354501e-02 -4.233700773306439680e-02 -6.673943281796482219e-02 -4.468497439891529199e-02 2.469246407183408459e-02 1.147139976497867087e-01
1.129193052912615958e-01 2.122082216471623817e-01 2.996470546341206131e-01 2.124091193400650390e-01 1.172672273854530045e-01 2.958609096971657679e-02 -4.334267939178537699e-02 -6.764129644459568325e-02 -4.738869246060494617e-02 2.205020342111042517e-02
2.446339554481442857e-02 1.157942537047110809e-01 2.124091193400650390e-01 2.975628406255125258e-01 2.109703186633685168e-01 1.148783311348034186e-01 2.692465609237464780e-02 -4.414897045286095278e-02 -6.869288347848287457e-02 -4.766143748530839858e-02
-4.417760257284485126e-02 2.937782195031354501e-02 1.172672273854530045e-01 2.109703186633685168e-01 2.955323455911672004e-01 2.113454451138964962e-01 1.157892698537410642e-01 2.813124297763422432e-02 -4.303136100042582318e-02 -6.737833322622441279e-02
-6.576740588789575792e-02 -4.233700773306439680e-02 2.958609096971657679e-02 1.148783311348034186e-01 2.113454451138964962e-01 2.975372950055832355e-01 2.134701379951100819e-01 1.171800543980494602e-01 3.014208737997761331e-02 -4.174507831820947756e-02
-4.234983803506332800e-02 -6.673943281796482219e-02 -4.334267939178537699e-02 2.692465609237464780e-02 1.157892698537410642e-01 2.134701379951100819e-01 3.119404191708021190e-01 2.121813826005617409e-01 1.164627186424799787e-01 2.982056203455669616e-02
2.869888373516239072e-02 -4.468497439891529199e-02 -6.764129644459568325e-02 -4.414897045286095278e-02 2.813124297763422432e-02 1.171800543980494602e-01 2.121813826005617409e-01 2.867934214757756894e-01 2.089618376145088163e-01 1.149157750470620742e-01
1.163713270852251291e-01 2.469246407183408459e-02 -4.738869246060494617e-02 -6.869288347848287457e-02 -4.303136100042582318e-02 3.014208737997761331e-02 1.164627186424799787e-01 2.089618376145088163e-01 2.911468563369556950e-01 2.111601659285782806e-01
2.148200997842330540e-01 1.147139976497867087e-01 2.205020342111042517e-02 -4.766143748530839858e-02 -6.737833322622441279e-02 -4.174507831820947756e-02 2.982056203455669616e-02 1.149157750470620742e-01 2.111601659285782806e-01 3.037388355095631542e-01
3.074935919670526152e-01 2.127908724197148382e-01 1.150140617509160385e-01 2.561088576589540255e-02 -4.574443671980586712e-02 -6.919410102521712791e-02 -4.610766465963210547e-02 2.189318608560361298e-02 1.135820022836915716e-01 2.122905194965519493e-01
2.127908724197148382e-01 2.886646043614857771e-01 2.103443844194905488e-01 1.135139492560708063e-01 2.749843636212307221e-02 -4.321388333043329338e-02 -6.534182807954241889e-02 -4.493698495011658883e-02 2.876869465079737870e-02 1.177099908966812714e-01
1.150140617509160385e-01 2.103443844194905488e-01 3.004711675185296471e-01 2.121958520619864619e-01 1.172517637581122207e-01 2.837587393652605053e-02 -4.201619426565392917e-02 -6.757750872640358453e-02 -4.352054465846114106e-02 2.859424270507673199e-02
2.561088576589540255e-02 1.135139492560708063e-01 2.121958520619864619e-01 3.121358907331155397e-01 2.149461472791919792e-01 1.177742325276742025e-01 3.051102554863968641e-02 -4.208253185743864727e-02 -6.483014930394442876e-02 -4.272320417646207485e-02
-4.574443671980586712e-02 2.749843636212307221e-02 1.172517637581122207e-01 2.149461472791919792e-01 2.883308288794851348e-01 2.087654492122482386e-01 1.123764793762612318e-01 2.833635443461256231e-02 -4.188601775646272340e-02 -6.688140827813496281e-02
-6.919410102521712791e-02 -4.321388333043329338e-02 2.837587393652605053e-02 1.177742325276742025e-01 2.087654492122482386e-01 3.038186737328809617e-01 2.088317316547961822e-01 1.168850545760255627e-01 2.798873262421155278e-02 -4.569231083520500225e-02
-4.610766465963210547e-02 -6.534182807954241889e-02 -4.201619426565392917e-02 3.051102554863968641e-02 1.123764793762612318e-01 2.088317316547961822e-01 2.704211294840529467e-01 2.119417303967521538e-01 1.139390103969785822e-01 2.478676121637669871e-02
2.189318608560361298e-02 -4.493698495011658883e-02 -6.757750872640358453e-02 -4.208253185743864727e-02 2.833635443461256231e-02 1.168850545760255627e-01 2.119417303967521538e-01 3.400391312889953777e-01 2.115652026183193479e-01 1.130274012369226755e-01
1.135820022836915716e-01 2.876869465079737870e-02 -4.352054465846114106e-02 -6.483014930394442876e-02 -4.188601775646272340e-02 2.798873262421155278e-02 1.139390103969785822e-01 2.115652026183193479e-01 2.819960372683394390e-01 2.119911505988687772e-01
2.122905194965519493e-01 1.177099908966812714e-01 2.859424270507673199e-02 -4.272320417646207485e-02 -6.688140827813496281e-02 -4.569231083520500225e-02 2.478676121637669871e-02 1.130274012369226755e-01 2.119911505988687772e-01 3.066289447660636713e-01
3.201462201734650015e-01 2.142722568135580763e-01 1.164623494140225729e-01 2.651909541779642887e-02 -4.278610874145462317e-02 -6.790571259294859996e-02 -4.717645778878395979e-02 2.293746925280291254e-02 1.123901810988835043e-01 2.123290822137781364e-01
2.142722568135580763e-01 3.030070167927770841e-01 2.089861655164470533e-01 1.125111428206203718e-01 2.837205262141961545e-02 -4.298844023985436830e-02 -6.748922601831761070e-02 -4.455796878359596230e-02 2.720198028676738822e-02 1.188017420795029755e-01
1.164623494140225729e-01 2.089861655164470533e-01 2.696313749913107349e-01 2.083058835278366328e-01 1.159849440019071476e-01 3.100372703162415297e-02 -4.134668445241540535e-02 -6.516675607757599353e-02 -4.234676488564130536e-02 3.186580439875837112e-02
2.651909541779642887e-02 1.125111428206203718e-01 2.083058835278366328e-01 3.230004087806980229e-01 2.149742478258921674e-01 1.198408107962160435e-01 2.772540016473752644e-02 -4.494813975591991501e-02 -6.853307798991331579e-02 -4.247086353519628765e-02
-4.278610874145462317e-02 2.837205262141961545e-02 1.159849440019071476e-01 2.149742478258921674e-01 2.937305924136853763e-01 2.117006922877418262e-01 1.117590251367048260e-01 2.536342485359613722e-02 -4.548280260378172180e-02 -6.525651763769292624e-02
-6.790571259294859996e-02 -4.298844023985436830e-02 3.100372703162415297e-02 1.198408107962160435e-01 2.117006922877418262e-01 2.929299433304323186e-01 2.079316548422953381e-01 1.140412288678379904e-01 2.603603302340648171e-02 -4.401927608393251673e-02
-4.717645778878395979e-02 -6.748922601831761070e-02 -4.134668445241540535e-02 2.772540016473752644e-02 1.117590251367048260e-01 2.079316548422953381e-01 2.986607047798734427e-01 2.160180344044684286e-01 1.193843356927087457e-01 2.650395653245730607e-02
2.293746925280291254e-02 -4.455796878359596230e-02 -6.516675607757599353e-02 -4.494813975591991501e-02 2.536342485359613722e-02 1.140412288678379904e-01 2.160180344044684286e-01 3.126131226879181324e-01 2.144612884045234424e-01 1.120700669545899308e-01
1.123901810988835043e-01 2.720198028676738822e-02 -4.234676488564130536e-02 -6.853307798991331579e-02 -4.548280260378172180e-02 2.603603302340648171e-02 1.193843356927087457e-01 2.144612884045234424e-01 3.097802085376019643e-01 2.082625116754429628e-01
2.123290822137781364e-01 1.188017420795029755e-01 3.186580439875837112e-02 -4.247086353519628765e-02 -6.525651763769292624e-02 -4.401927608393251673e-02 2.650395653245730607e-02 1.120700669545899308e-01 2.082625116754429628e-01 2.765004075122372562e-01
3.038743586943825625e-01 2.130784175413673043e-01 1.132777417249155177e-01 2.729909441612865181e-02 -4.233832664566983955e-02 -6.687494853699296748e-02 -4.873799592598265784e-02 2.041522864377464525e-02 1.137634628309958373e-01 2.145340842922694446e-01
2.130784175413673043e-01 2.988595005191497234e-01 2.105651392983758363e-01 1.167259442600968866e-01 3.306982462982382964e-02 -3.765330225816036769e-02 -6.655405478169298950e-02 -4.839383707350627256e-02 2.380067656676100249e-02 1.156345981617299956e-01
1.132777417249155177e-01 2.105651392983758363e-01 2.977336780784386461e-01 2.123710476765368338e-01 1.200131664045679114e-01 3.588534721103983638e-02 -3.816981059529762910e-02 -6.661120098471751128e-02 -4.647783788036100733e-02 2.382361241549448699e-02
2.729909441612865181e-02 1.167259442600968866e-01 2.123710476765368338e-01 2.940574605107967310e-01 2.101718872478326172e-01 1.172189531491995840e-01 3.325740100663235332e-02 -4.011120103755282107e-02 -6.666806459015223174e-02 -4.550275289414033864e-02
-4.233832664566983955e-02 3.306982462982382964e-02 1.200131664045679114e-01 2.101718872478326172e-01 2.865590161681954018e-01 2.071084762026176862e-01 1.159230890683420889e-01 2.988693911123217750e-02 -4.392418636946777977e-02 -6.850950883304293693e-02
-6.687494853699296748e-02 -3.765330225816036769e-02 3.588534721103983638e-02 1.172189531491995840e-01 2.071084762026176862e-01 2.834268706438206054e-01 2.117430002304243608e-01 1.173611701190892531e-01 2.595400648627781831e-02 -4.778277551109195304e-02
-4.873799592598265784e-02 -6.655405478169298950e-02 -3.816981059529762910e-02 3.325740100663235332e-02 1.159230890683420889e-01 2.117430002304243608e-01 3.070293661631122717e-01 2.145659639206664859e-01 1.141295980063711246e-01 2.006606090660031233e-02
2.041522864377464525e-02 -4.839383707350627256e-02 -6.661120098471751128e-02 -4.011120103755282107e-02 2.988693911123217750e-02 1.173611701190892531e-01 2.145659639206664859e-01 3.161255814116116780e-01 2.129494599151050271e-01 1.112409169466162251e-01
1.137634628309958373e-01 2.380067656676100249e-02 -4.647783788036100733e-02 -6.666806459015223174e-02 -4.392418636946777977e-02 2.595400648627781831e-02 1.141295980063711246e-01 2.129494599151050271e-01 2.931845422874056473e-01 2.126853595264958652e-01
2.145340842922694446e-01 1.156345981617299956e-01 2.382361241549448699e-02 -4.550275289414033864e-02 -6.850950883304293693e-02 -4.778277551109195304e-02 2.006606090660031233e-02 1.112409169466162251e-01 2.126853595264958652e-01 3.191496255230878432e-01
3.129947647565346491e-01 2.143606372899102552e-01 1.131121650348718422e-01 1.940242440479507044e-02 -4.927957994685676357e-02 -6.809173158223845446e-02 -4.142069509391502202e-02 2.954963006558593633e-02 1.159441163591180268e-01 2.119719270774158559e-01
2.143606372899102552e-01 3.023624885370959081e-01 2.133609602044154729e-01 1.121516413796163764e-01 2.316591574637572731e-02 -4.552465310448203240e-02 -6.555196858580156216e-02 -4.211187384633136715e-02 2.933097807834370019e-02 1.162453914043801023e-01
1.131121650348718422e-01 2.133609602044154729e-01 3.120614402435455959e-01 2.136245107933492648e-01 1.161824251252072115e-01 2.771822677556748382e-02 -4.268326407881435636e-02 -6.692830651081611848e-02 -4.514348075051647508e-02 2.343971190121182935e-02
1.940242440479507044e-02 1.121516413796163764e-01 2.136245107933492648e-01 3.069725438830451791e-01 2.133053576844167187e-01 1.162538115784027687e-01 2.958500010216943976e-02 -4.245227124230722959e-02 -6.712545866159336239e-02 -4.823392954969878826e-02
-4.927957994685676357e-02 2.316591574637572731e-02 1.161824251252072115e-01 2.133053576844167187e-01 2.928544655924117945e-01 2.094381813376764434e-01 1.147432960450748551e-01 2.976384222770186300e-02 -4.153742437954725808e-02 -6.805786999098378809e-02
-6.809173158223845446e-02 -4.552465310448203240e-02 2.771822677556748382e-02 1.162538115784027687e-01 2.094381813376764434e-01 2.939675948988408338e-01 2.108273825388740641e-01 1.179711798165642422e-01 3.072007537294468849e-02 -4.171657818207616386e-02
-4.142069509391502202e-02 -6.555196858580156216e-02 -4.268326407881435636e-02 2.958500010216943976e-02 1.147432960450748551e-01 2.108273825388740641e-01 2.940272694860513458e-01 2.136180644777659621e-01 1.175014842121203940e-01 3.105809878088013759e-02
2.954963006558593633e-02 -4.211187384633136715e-02 -6.692830651081611848e-02 -4.245227124230722959e-02 2.976384222770186300e-02 1.179711798165642422e-01 2.136180644777659621e-01 3.098181835688822439e-01 2.107115714205296531e-01 1.156837290785859007e-01
1.159441163591180268e-01 2.933097807834370019e-02 -4.514348075051647508e-02 -6.712545866159336239e-02 -4.153742437954725808e-02 3.072007537294468849e-02 1.175014842121203940e-01 2.107115714205296531e-01 2.848775663617241771e-01 2.091818237273811998e-01
2.119719270774158559e-01 1.162453914043801023e-01 2.343971190121182935e-02 -4.823392954969878826e-02 -6.805786999098378809e-02 -4.171657818207616386e-02 3.105809878088013759e-02 1.156837290785859007e-01 2.091818237273811998e-01 2.900636826718736572e-01
3.255191008836975097e-01 2.145104640890415082e-01 1.155792006955214946e-01 2.464725969496455588e-02 -4.429109698332064915e-02 -6.821089420347355159e-02 -4.646286156476069074e-02 1.977835697073542648e-02 1.107227339465504667e-01 2.133186721694873833e-01
2.145104640890415082e-01 3.033490795966903852e-01 2.125398458774273580e-01 1.137392853289983102e-01 2.832867775329946797e-02 -4.281070788835941027e-02 -6.644937457259653124e-02 -4.910564833181588207e-02 1.868265191519444951e-02 1.133017748894148413e-01
1.155792006955214946e-01 2.125398458774273580e-01 2.881437676528174618e-01 2.091029926135745676e-01 1.154069486561676433e-01 3.115722367167143847e-02 -3.923011514541772937e-02 -6.762617349920993504e-02 -4.967584231946840789e-02 2.352596787383234855e-02
2.464725969496455588e-02 1.137392853289983102e-01 2.091029926135745676e-01 3.069394643432664660e-01 2.131512662076267828e-01 1.203964700520679665e-01 3.315188336318244944e-02 -4.000643888117802471e-02 -6.729232758853634366e-02 -4.587259834024631777e-02
-4.429109698332064915e-02 2.832867775329946797e-02 1.154069486561676433e-01 2.131512662076267828e-01 2.879763878797724774e-01 2.117618863849936028e-01 1.152287017772640892e-01 3.272338233450056144e-02 -3.903003418662313873e-02 -6.475131056494934367e-02
-6.821089420347355159e-02 -4.281070788835941027e-02 3.115722367167143847e-02 1.203964700520679665e-01 2.117618863849936028e-01 3.044852911599592038e-01 2.067891329248516263e-01 1.166208422002436018e-01 3.170483803112278398e-02 -4.160228641965312002e-02
-4.646286156476069074e-02 -6.644937457259653124e-02 -3.923011514541772937e-02 3.315188336318244944e-02 1.152287017772640892e-01 2.067891329248516263e-01 2.706735772924759309e-01 2.102145072422281213e-01 1.174943044799293401e-01 2.929838959934349257e-02
1.977835697073542648e-02 -4.910564833181588207e-02 -6.762617349920993504e-02 -4.000643888117802471e-02 3.272338233450056144e-02 1.166208422002436018e-01 2.102145072422281213e-01 3.059014844017877710e-01 2.131836931442422089e-01 1.150587000307698171e-01
1.107227339465504667e-01 1.868265191519444951e-02 -4.967584231946840789e-02 -6.729232758853634366e-02 -3.903003418662313873e-02 3.170483803112278398e-02 1.174943044799293401e-01 2.131836931442422089e-01 3.111846810456532220e-01 2.135881069559312506e-01
2.133186721694873833e-01 1.133017748894148413e-01 2.352596787383234855e-02 -4.587259834024631777e-02 -6.475131056494934367e-02 -4.160228641965312002e-02 2.929838959934349257e-02 1.150587000307698171e-01 2.135881069559312506e-01 2.958271657438771851e-01
3.035622090109381110e-01 2.128093875598813800e-01 1.118480699379271609e-01 2.368585755207969212e-02 -4.573547025933385329e-02 -6.749940114474937969e-02 -4.490159263224711983e-02 2.486278724323089107e-02 1.151443436988953961e-01 2.143307951241536780e-01
2.128093875598813800e-01 2.972543992050045158e-01 2.111733392600945725e-01 1.153397798134792873e-01 2.857644397155309490e-02 -4.204524448179353113e-02 -6.619066187855333905e-02 -4.534488526141574466e-02 2.688630592110213824e-02 1.164260955814353515e-01
1.118480699379271609e-01 2.111733392600945725e-01 3.036673116513008974e-01 2.140650020442358969e-01 1.181780460704736913e-01 3.005617983246861372e-02 -4.206456729528020716e-02 -6.758144233435170456e-02 -4.581238709813552357e-02 2.327426418564012417e-02
2.368585755207969212e-02 1.153397798134792873e-01 2.140650020442358969e-01 3.088498090835102294e-01 2.121948079904770190e-01 1.156640814618563884e-01 2.992829679030982806e-02 -4.165143747751531150e-02 -6.618747334261511350e-02 -4.650641318216226783e-02
-4.573547025933385329e-02 2.857644397155309490e-02 1.181780460704736913e-01 2.121948079904770190e-01 2.835005378665649833e-01 2.076326757321404759e-01 1.145014080278646540e-01 3.048832649965744004e-02 -4.127145855561441257e-02 -6.785862420046623322e-02
-6.749940114474937969e-02 -4.204524448179353113e-02 3.005617983246861372e-02 1.156640814618563884e-01 2.076326757321404759e-01 2.970102848857426592e-01 2.122726231955565090e-01 1.196957116689597173e-01 3.001540592803201429e-02 -4.427085416021384057e-02
-4.490159263224711983e-02 -6.619066187855333905e-02 -4.206456729528020716e-02 2.992829679030982806e-02 1.145014080278646540e-01 2.122726231955565090e-01 2.931353122761666818e-01 2.135220183122007176e-01 1.144623539760323411e-01 2.565524486059153619e-02
2.486278724323089107e-02 -4.534488526141574466e-02 -6.758144233435170456e-02 -4.165143747751531150e-02 3.048832649965744004e-02 1.196957116689597173e-01 2.135220183122007176e-01 3.170705031677228947e-01 2.097293161956071128e-01 1.131609093627006096e-01
1.151443436988953961e-01 2.688630592110213824e-02 -4.581238709813552357e-02 -6.618747334261511350e-02 -4.127145855561441257e-02 3.001540592803201429e-02 1.144623539760323411e-01 2.097293161956071128e-01 2.764818094197603049e-01 2.112892499817770053e-01
2.143307951241536780e-01 1.164260955814353515e-01 2.327426418564012417e-02 -4.650641318216226783e-02 -6.785862420046623322e-02 -4.427085416021384057e-02 2.565524486059153619e-02 1.131609093627006096e-01 2.112892499817770053e-01 3.194678234332837818e-01
3.002401162904512755e-01 2.127309681399363883e-01 1.153725719143799955e-01 2.709488325297679939e-02 -4.457130155452358050e-02 -6.600689320756136791e-02 -4.115226627322987607e-02 2.961565198445352196e-02 1.163829753325292260e-01 2.119237931028052357e-01
2.127309681399363883e-01 2.971550457398222100e-01 2.135408784107114266e-01 1.157580477856304524e-01 2.750075661769279395e-02 -4.361970806313560794e-02 -6.634729199683991885e-02 -4.455716031388796960e-02 2.554100282328738286e-02 1.126338183961630574e-01
1.153725719143799955e-01 2.135408784107114266e-01 3.207395065671444501e-01 2.112899623030985718e-01 1.145163157147994493e-01 2.570134224226130332e-02 -4.494581720710864869e-02 -6.881174421179600542e-02 -4.656933330544058003e-02 2.255895999704006852e-02
2.709488325297679939e-02 1.157580477856304524e-01 2.112899623030985718e-01 2.774103752954329982e-01 2.097889869804341334e-01 1.137235688421648072e-01 2.813030407064421451e-02 -4.347231093802582380e-02 -6.656760753606019709e-02 -4.560058049820570059e-02
-4.457130155452358050e-02 2.750075661769279395e-02 1.145163157147994493e-01 2.097889869804341334e-01 3.079204809911892937e-01 2.130472546922439481e-01 1.182171969268845935e-01 2.803279025534140614e-02 -4.284193853933737639e-02 -6.773917347927510546e-02
-6.600689320756136791e-02 -4.361970806313560794e-02 2.570134224226130332e-02 1.137235688421648072e-01 2.130472546922439481e-01 3.060682111655884663e-01 2.144461105561598080e-01 1.158815365216343957e-01 2.922629568914762027e-02 -4.253698834940684848e-02
-4.115226627322987607e-02 -6.634729199683991885e-02 -4.494581720710864869e-02 2.813030407064421451e-02 1.182171969268845935e-01 2.144461105561598080e-01 2.967418172209408400e-01 2.091371434860308243e-01 1.146126203048166148e-01 3.030991984507402232e-02
2.961565198445352196e-02 -4.455716031388796960e-02 -6.881174421179600542e-02 -4.347231093802582380e-02 2.803279025534140614e-02 1.158815365216343957e-01 2.091371434860308243e-01 2.911518022737251687e-01 2.102425415004208764e-01 1.179330431933390683e-01
1.163829753325292260e-01 2.554100282328738286e-02 -4.656933330544058003e-02 -6.656760753606019709e-02 -4.284193853933737639e-02 2.922629568914762027e-02 1.146126203048166148e-01 2.102425415004208764e-01 2.926202435662810797e-01 2.135793139849241906e-01
2.119237931028052357e-01 1.126338183961630574e-01 2.255895999704006852e-02 -4.560058049820570059e-02 -6.773917347927510546e-02 -4.253698834940684848e-02 3.030991984507402232e-02 1.179330431933390683e-01 2.135793139849241906e-01 3.099524008894221638e-01
3.042544107224490757e-01 2.141276009205808073e-01 1.176593511560682370e-01 2.797725750709730702e-02 -4.394214415474639174e-02 -6.719404786169325128e-02 -4.376494327829308362e-02 2.697504247514558723e-02 1.137764614628284654e-01 2.107864323700920917e-01
2.141276009205808073e-01 3.070849069410453991e-01 2.127172414438427139e-01 1.145728726783246387e-01 2.739081755846133753e-02 -4.339981643107276854e-02 -6.672646071743963681e-02 -4.460103046389272963e-02 2.614394933910226329e-02 1.154988919556920179e-01
1.176593511560682370e-01 2.127172414438427139e-01 2.946713509428153799e-01 2.095966379497069820e-01 1.150365236851277478e-01 2.900628721599077947e-02 -4.294980846229387583e-02 -6.748923894150994640e-02 -4.467263736860660472e-02 2.787198388031705137e-02
2.797725750709730702e-02 1.145728726783246387e-01 2.095966379497069820e-01 2.919098870415970381e-01 2.123571245838214439e-01 1.178092358879911511e-01 2.849945109632649048e-02 -4.464900916231338140e-02 -6.767045143124233997e-02 -4.364720147521862492e-02
-4.394214415474639174e-02 2.739081755846133753e-02 1.150365236851277478e-01 2.123571245838214439e-01 3.061780635314814702e-01 2.136311682798263389e-01 1.154294733007771717e-01 2.549667598577960020e-02 -4.520372872606065462e-02 -6.726224199776041635e-02
-6.719404786169325128e-02 -4.339981643107276854e-02 2.900628721599077947e-02 1.178092358879911511e-01 2.136311682798263389e-01 3.022928443520485065e-01 2.110875791230025778e-01 1.136047439038818385e-01 2.629144740985345230e-02 -4.413591954287117425e-02
-4.376494327829308362e-02 -6.672646071743963681e-02 -4.294980846229387583e-02 2.849945109632649048e-02 1.154294733007771717e-01 2.110875791230025778e-01 2.933691400994411502e-01 2.120519214475051761e-01 1.167281636996243682e-01 2.863037820843192943e-02
2.697504247514558723e-02 -4.460103046389272963e-02 -6.748923894150994640e-02 -4.464900916231338140e-02 2.549667598577960020e-02 1.136047439038818385e-01 2.120519214475051761e-01 3.062926253645647523e-01 2.138160433864608745e-01 1.166194539511403033e-01
