2.995753421268682049e-01 2.129949860751180757e-01 1.132464130297334004e-01 1.879873858939654085e-02 -2.844239635643151451e-02 -2.990809731932944984e-02 -3.846952046244724727e-02 -2.240213495432416546e-02 1.557551661520913816e-02 4.694848078043006856e-02 8.080632597153999952e-02 1.963849631311661015e-01
2.129949860751180757e-01 4.519695140474908612e-01 1.868667611401058914e-01 7.927390930764793842e-02 3.250179116570184323e-02 4.969920069993723558e-03 -1.205052569377271926e-02 -2.036454027008437542e-02 -1.389392363112118556e-02 1.287744055889384655e-03 4.000474595039904546e-02 1.204745431651086107e-01
1.132464130297334004e-01 1.868667611401058914e-01 2.037040187984126560e-01 1.645067473950342363e-01 1.217030598904811495e-01 5.788279930498426568e-02 3.833291645679819115e-02 -4.295380593994648291e-03 -3.865247363509732165e-02 -4.756431132680446344e-02 -7.700252838539096978e-03 4.278443897545895075e-02
1.879873858939654085e-02 7.927390930764793842e-02 1.645067473950342363e-01 1.924051021200312572e-01 1.690376892008737808e-01 8.920518438625071878e-02 7.150425744109675796e-02 2.163733132614798979e-02 -3.474014109601676614e-02 -6.119317144253442337e-02 -3.662084515925781436e-02 -2.524066094013286202e-02
-2.844239635643151451e-02 3.250179116570184323e-02 1.217030598904811495e-01 1.690376892008737808e-01 1.775386467963260273e-01 1.103712771495478639e-01 1.124732811363848839e-01 5.881199617982385552e-02 -8.981008183776688705e-03 -5.792448799549700100e-02 -4.447109803098929504e-02 -5.265229524964844254e-02
-2.990809731932944984e-02 4.969920069993723558e-03 5.788279930498426568e-02 8.920518438625071878e-02 1.103712771495478639e-01 1.060651650178854877e-01 1.631979844724192885e-01 9.705925946554792849e-02 3.477992056882170391e-02 -3.100899747942714030e-02 -2.935435221794683788e-02 -3.854876750513532013e-02
-3.846952046244724727e-02 -1.205052569377271926e-02 3.833291645679819115e-02 7.150425744109675796e-02 1.124732811363848839e-01 1.631979844724192885e-01 3.491210573188806565e-01 2.130194264775685242e-01 1.138324069825846496e-01 6.349187253582706759e-04 -2.145993906597374809e-02 -3.830656944057124480e-02
-2.240213495432416546e-02 -2.036454027008437542e-02 -4.295380593994648291e-03 2.163733132614798979e-02 5.881199617982385552e-02 9.705925946554792849e-02 2.130194264775685242e-01 3.438007385461700482e-01 2.238209910505172540e-01 1.052224049774680703e-01 3.153934102195729561e-02 -3.464487022376673900e-04
1.557551661520913816e-02 -1.389392363112118556e-02 -3.865247363509732165e-02 -3.474014109601676614e-02 -8.981008183776688705e-03 3.477992056882170391e-02 1.138324069825846496e-01 2.238209910505172540e-01 2.691510862047663544e-01 2.035058008000413809e-01 7.962873437207312888e-02 4.577567168801461445e-02
4.694848078043006856e-02 1.287744055889384655e-03 -4.756431132680446344e-02 -6.119317144253442337e-02 -5.792448799549700100e-02 -3.100899747942714030e-02 6.349187253582706759e-04 1.052224049774680703e-01 2.035058008000413809e-01 3.770701127689101151e-01 1.417733409923738197e-01 8.394968378160191924e-02
8.080632597153999952e-02 4.000474595039904546e-02 -7.700252838539096978e-03 -3.662084515925781436e-02 -4.447109803098929504e-02 -2.935435221794683788e-02 -2.145993906597374809e-02 3.153934102195729561e-02 7.962873437207312888e-02 1.417733409923738197e-01 7.518462776297769878e-02 8.130478774075874937e-02
1.963849631311661015e-01 1.204745431651086107e-01 4.278443897545895075e-02 -2.524066094013286202e-02 -5.265229524964844254e-02 -3.854876750513532013e-02 -3.830656944057124480e-02 -3.464487022376673900e-04 4.577567168801461445e-02 8.394968378160191924e-02 8.130478774075874937e-02 1.544145884912827560e-01
4.009847387950842834e-01 2.124810766878433843e-01 9.108137249870246199e-02 1.729179103898566966e-02 -5.035344455994534424e-03 -2.352086218352477526e-02 -2.798921411195784414e-02 -1.629364975396287163e-02 5.647826499479234770e-03 4.927288518397265893e-02 1.269636869234117282e-01 2.256204745358846853e-01
2.124810766878433843e-01 2.104350120814042491e-01 1.277527727533849522e-01 8.420170693026907127e-02 3.967428629592172074e-02 3.412174565936745146e-02 -1.364993378324097853e-02 -3.379788532169299142e-02 -4.499735009060704116e-02 3.305034845273602077e-03 7.227080450918507704e-02 1.514867944098033381e-01
9.108137249870246199e-02 1.277527727533849522e-01 1.269833558069368151e-01 1.676550215798582599e-01 7.192411700410203390e-02 6.622707111157846716e-02 7.526774448949614428e-03 -2.915956721028856863e-02 -5.639338184161014206e-02 -2.704553736263148878e-02 8.103726399365794239e-03 5.652367246211831980e-02
1.729179103898566966e-02 8.420170693026907127e-02 1.676550215798582599e-01 4.147944905802419813e-01 1.437454484017092193e-01 1.081521709536670955e-01 4.122494125709415258e-02 -1.381200076423464394e-02 -5.704721619936203858e-02 -4.658688411798922457e-02 -4.118437444841910322e-02 -2.017028095164864754e-02
-5.035344455994534424e-03 3.967428629592172074e-02 7.192411700410203390e-02 1.437454484017092193e-01 9.611744588684920099e-02 1.406997390312147989e-01 8.542303264108699890e-02 3.561791062747095282e-02 -1.614282684371104448e-02 -2.696613546197046407e-02 -3.247758639911421663e-02 -2.519239455279340817e-02
-2.352086218352477526e-02 3.412174565936745146e-02 6.622707111157846716e-02 1.081521709536670955e-01 1.406997390312147989e-01 2.972310010012464421e-01 2.116490004617818110e-01 1.188263258915709802e-01 3.093235642834957916e-02 -1.681842390295674311e-02 -4.039427644761402897e-02 -4.242879532751689386e-02
-2.798921411195784414e-02 -1.364993378324097853e-02 7.526774448949614428e-03 4.122494125709415258e-02 8.542303264108699890e-02 2.116490004617818110e-01 3.450532657130115366e-01 2.150730471430258861e-01 1.222889833971857881e-01 4.503118350999794905e-02 7.545955238836601561e-03 -1.969071659803068447e-02
-1.629364975396287163e-02 -3.379788532169299142e-02 -2.915956721028856863e-02 -1.381200076423464394e-02 3.561791062747095282e-02 1.188263258915709802e-01 2.150730471430258861e-01 2.381362423916470461e-01 1.998452539818811324e-01 8.861085240153536435e-02 4.521554854015572694e-02 1.023184853339155834e-02
5.647826499479234770e-03 -4.499735009060704116e-02 -5.639338184161014206e-02 -5.704721619936203858e-02 -1.614282684371104448e-02 3.093235642834957916e-02 1.222889833971857881e-01 1.998452539818811324e-01 3.498922788862479094e-01 1.580215950188591512e-01 9.158391842154434137e-02 4.683775996550977594e-02
4.927288518397265893e-02 3.305034845273602077e-03 -2.704553736263148878e-02 -4.658688411798922457e-02 -2.696613546197046407e-02 -1.681842390295674311e-02 4.503118350999794905e-02 8.861085240153536435e-02 1.580215950188591512e-01 9.870903253980137237e-02 9.106040227711020840e-02 8.342909470563714125e-02
1.269636869234117282e-01 7.227080450918507704e-02 8.103726399365794239e-03 -4.118437444841910322e-02 -3.247758639911421663e-02 -4.039427644761402897e-02 7.545955238836601561e-03 4.521554854015572694e-02 9.158391842154434137e-02 9.106040227711020840e-02 1.391609280437950402e-01 1.753636487267717925e-01
2.256204745358846853e-01 1.514867944098033381e-01 5.652367246211831980e-02 -2.017028095164864754e-02 -2.519239455279340817e-02 -4.242879532751689386e-02 -1.969071659803068447e-02 1.023184853339155834e-02 4.683775996550977594e-02 8.342909470563714125e-02 1.753636487267717925e-01 2.825022082737388418e-01
3.568490514133002001e-01 2.045728026343386352e-01 1.187078061197126694e-01 1.654166571082724829e-02 -4.893010458430759740e-02 -6.898168403077301059e-02 -4.705043425101238658e-02 -1.677240515045883701e-02 1.972446853165061090e-02 6.098084943081674703e-02 1.018370105791545077e-01 1.791614658476774480e-01
2.045728026343386352e-01 2.228335722045507450e-01 2.000466485348210699e-01 8.575597866822610993e-02 1.353913814366073873e-02 -3.556228362473887183e-02 -4.108890621494512563e-02 -3.916710021585602386e-02 -1.938320415355903464e-02 1.524226582948162191e-02 5.505765170346982318e-02 1.061170727920720952e-01
1.187078061197126694e-01 2.000466485348210699e-01 3.811389735395508405e-01 1.913920820082160579e-01 1.065424214104477713e-01 3.897684100217019276e-02 -6.157163176532741769e-03 -3.952269063447072517e-02 -4.401744811624937886e-02 -3.181320144971055974e-02 3.877629062362785025e-04 4.526079492607402999e-02
1.654166571082724829e-02 8.575597866822610993e-02 1.913920820082160579e-01 2.277503478827543615e-01 2.086588736834504298e-01 1.248238525063847248e-01 5.763932299144603616e-02 2.579132879746062496e-03 -3.204038170564040000e-02 -4.611435753407622240e-02 -4.387953536101717178e-02 -2.787805836961412126e-02
-4.893010458430759740e-02 1.353913814366073873e-02 1.065424214104477713e-01 2.086588736834504298e-01 3.504474306977913844e-01 2.055334405498319417e-01 1.089138283884981129e-01 5.254866452514193875e-02 2.525940577475307980e-03 -3.252186338889477557e-02 -5.401958353865753126e-02 -6.148363384424478106e-02
-6.898168403077301059e-02 -3.556228362473887183e-02 3.897684100217019276e-02 1.248238525063847248e-01 2.055334405498319417e-01 2.239454154592769031e-01 1.522893825391123390e-01 1.108329860138386330e-01 5.774730474968626376e-02 1.325268024138470668e-02 -3.264249418794568092e-02 -6.052535667702590993e-02
-4.705043425101238658e-02 -4.108890621494512563e-02 -6.157163176532741769e-03 5.763932299144603616e-02 1.089138283884981129e-01 1.522893825391123390e-01 1.536272735079231566e-01 1.685603649583244379e-01 1.113406103225309807e-01 6.938507611087799121e-02 1.887739970337769246e-02 -2.004699458752490573e-02
-1.677240515045883701e-02 -3.916710021585602386e-02 -3.952269063447072517e-02 2.579132879746062496e-03 5.254866452514193875e-02 1.108329860138386330e-01 1.685603649583244379e-01 2.918604855969700318e-01 2.119310221926909987e-01 1.464597634281016858e-01 8.475915137879885819e-02 3.251846333220628771e-02
1.972446853165061090e-02 -1.938320415355903464e-02 -4.401744811624937886e-02 -3.204038170564040000e-02 2.525940577475307980e-03 5.774730474968626376e-02 1.113406103225309807e-01 2.119310221926909987e-01 2.542959602101955152e-01 1.993590457399102012e-01 1.213435290757096247e-01 6.684100090950907680e-02
6.098084943081674703e-02 1.524226582948162191e-02 -3.181320144971055974e-02 -4.611435753407622240e-02 -3.252186338889477557e-02 1.325268024138470668e-02 6.938507611087799121e-02 1.464597634281016858e-01 1.993590457399102012e-01 2.413467173745963978e-01 1.655851290227400852e-01 1.058574650793969868e-01
1.018370105791545077e-01 5.505765170346982318e-02 3.877629062362785025e-04 -4.387953536101717178e-02 -5.401958353865753126e-02 -3.264249418794568092e-02 1.887739970337769246e-02 8.475915137879885819e-02 1.213435290757096247e-01 1.655851290227400852e-01 1.495704502602082653e-01 1.225401168264232676e-01
1.791614658476774480e-01 1.061170727920720952e-01 4.526079492607402999e-02 -2.787805836961412126e-02 -6.148363384424478106e-02 -6.052535667702590993e-02 -2.004699458752490573e-02 3.251846333220628771e-02 6.684100090950907680e-02 1.058574650793969868e-01 1.225401168264232676e-01 1.463343218528805889e-01
1.991382897375263417e-01 1.559361172333076084e-01 1.177298331892817629e-01 4.665102250119496259e-03 -5.479147818623429644e-02 -2.559202826124385918e-02 -4.426180583751992970e-02 -2.051282336967063732e-02 1.585252178004257703e-02 6.133101998291775464e-02 1.161537815623843034e-01 1.733022823729398754e-01
1.559361172333076084e-01 1.865893043065701695e-01 2.033816503244758045e-01 6.260158075594494942e-02 -3.133849249560403949e-02 -2.241057829177474370e-02 -4.957620522570318350e-02 -3.508359441960870462e-02 -6.671793246228923183e-03 3.048191827390285200e-02 7.657511657337501276e-02 1.202014360113160818e-01
1.177298331892817629e-01 2.033816503244758045e-01 3.848202440639863497e-01 1.830777328725800290e-01 5.914297125784569176e-02 -2.523502005423733461e-03 -4.480259920901894649e-02 -4.388936799885797407e-02 -2.716082291675855909e-02 3.117473483357109925e-04 4.382062082193220742e-02 7.960294053927714775e-02
4.665102250119496259e-03 6.260158075594494942e-02 1.830777328725800290e-01 4.636580801328062940e-01 2.068336459749562928e-01 5.307110131376895079e-02 3.199788390678141858e-02 2.171240484193747225e-03 -1.011548551263938278e-02 -2.218552010143382686e-02 -2.814526518978722330e-02 -2.276222755473748111e-02
-5.479147818623429644e-02 -3.133849249560403949e-02 5.914297125784569176e-02 2.068336459749562928e-01 4.353597255603105509e-01 1.079964177111080170e-01 8.177538275541307300e-02 3.991403510991198278e-02 1.173099203814710091e-02 -2.116214862700534216e-02 -4.884762511044164757e-02 -5.893109862473230182e-02
-2.559202826124385918e-02 -2.241057829177474370e-02 -2.523502005423733461e-03 5.307110131376895079e-02 1.079964177111080170e-01 3.594034355399299691e-02 5.737345711429107931e-02 5.398942929172034777e-02 3.123467483861042462e-02 1.792771964112622324e-02 -4.687696701429276518e-03 -2.003271901720638307e-02
-4.426180583751992970e-02 -4.957620522570318350e-02 -4.480259920901894649e-02 3.199788390678141858e-02 8.177538275541307300e-02 5.737345711429107931e-02 1.806047308560410070e-01 2.126238601898583214e-01 1.267239444014670868e-01 1.001031388229490782e-01 3.499676536106434421e-02 -1.796730845736965038e-02
-2.051282336967063732e-02 -3.508359441960870462e-02 -4.388936799885797407e-02 2.171240484193747225e-03 3.991403510991198278e-02 5.398942929172034777e-02 2.126238601898583214e-01 3.328035103129507455e-01 1.831597840017237522e-01 1.395445513770798840e-01 7.030085630845296640e-02 1.296643954259722037e-02
1.585252178004257703e-02 -6.671793246228923183e-03 -2.716082291675855909e-02 -1.011548551263938278e-02 1.173099203814710091e-02 3.123467483861042462e-02 1.267239444014670868e-01 1.831597840017237522e-01 1.814863645445026763e-01 1.840727298156936143e-01 1.050717736816938475e-01 4.758414564336327368e-02
6.133101998291775464e-02 3.048191827390285200e-02 3.117473483357109925e-04 -2.218552010143382686e-02 -2.116214862700534216e-02 1.792771964112622324e-02 1.001031388229490782e-01 1.395445513770798840e-01 1.840727298156936143e-01 2.539944788390252617e-01 1.665560219987184953e-01 9.840310881676883614e-02
1.161537815623843034e-01 7.657511657337501276e-02 4.382062082193220742e-02 -2.814526518978722330e-02 -4.884762511044164757e-02 -4.687696701429276518e-03 3.499676536106434421e-02 7.030085630845296640e-02 1.050717736816938475e-01 1.665560219987184953e-01 1.636991865541302660e-01 1.425729369663264468e-01
1.733022823729398754e-01 1.202014360113160818e-01 7.960294053927714775e-02 -2.276222755473748111e-02 -5.893109862473230182e-02 -2.003271901720638307e-02 -1.796730845736965038e-02 1.296643954259722037e-02 4.758414564336327368e-02 9.840310881676883614e-02 1.425729369663264468e-01 1.819057415381581944e-01
3.318449182199821879e-01 2.148020479944575123e-01 8.763227057883238302e-02 2.901491136997373654e-02 -6.960119166458353032e-03 -2.882633767289783516e-02 -3.847012532139262170e-02 -3.491965109094928577e-02 -2.346333859449229592e-02 2.456215370255023650e-02 1.042318426809262927e-01 2.287676401222457911e-01
2.148020479944575123e-01 3.518790645443587994e-01 1.531710792577870572e-01 8.566227491757393009e-02 3.355206328351881262e-02 -3.906967045398810484e-03 -3.901318020083432980e-02 -5.080339753182972623e-02 -6.039523506577519629e-02 -3.205792275613897346e-02 -8.497825639367077594e-04 1.212980821200023013e-01
8.763227057883238302e-02 1.531710792577870572e-01 1.074110236083219705e-01 1.436260245658401991e-01 7.626432383660690373e-02 4.608446830662907973e-02 8.390674867963365119e-03 -1.760998852617279981e-02 -3.831397621331637804e-02 -2.871895365508984888e-02 -2.701781823662319226e-02 3.523510601874575709e-02
2.901491136997373654e-02 8.566227491757393009e-02 1.436260245658401991e-01 3.624902376343165922e-01 1.966376645782962895e-01 1.337936795779482990e-01 7.341295887215990024e-02 1.833825176986825581e-02 -2.392105613219883131e-02 -2.877600910399290626e-02 -4.454001991391964843e-02 -1.860682042314045631e-02
-6.960119166458353032e-03 3.355206328351881262e-02 7.626432383660690373e-02 1.966376645782962895e-01 1.759259226565468293e-01 1.831133597882642627e-01 1.051741217339228623e-01 4.591089048793794980e-02 1.479321958367952640e-02 -8.175451857598717981e-03 -3.075707948358239602e-02 -2.967170571450196762e-02
-2.882633767289783516e-02 -3.906967045398810484e-03 4.608446830662907973e-02 1.337936795779482990e-01 1.831133597882642627e-01 3.123280437577659052e-01 1.836184209411408641e-01 8.929529802058677745e-02 5.643797301224517948e-02 1.649258115526931398e-02 -8.686953197759025164e-03 -3.034642769754555824e-02
-3.847012532139262170e-02 -3.901318020083432980e-02 8.390674867963365119e-03 7.341295887215990024e-02 1.051741217339228623e-01 1.836184209411408641e-01 1.432699715879810487e-01 1.009843483748634752e-01 1.032947706423661821e-01 4.727441698903706718e-02 3.180506938131846817e-02 -1.310155306484485707e-02
-3.491965109094928577e-02 -5.080339753182972623e-02 -1.760998852617279981e-02 1.833825176986825581e-02 4.591089048793794980e-02 8.929529802058677745e-02 1.009843483748634752e-01 1.238736605724614220e-01 1.809119782569779677e-01 8.297813709981316510e-02 6.343021963886423531e-02 9.552246732725488271e-03
-2.346333859449229592e-02 -6.039523506577519629e-02 -3.831397621331637804e-02 -2.392105613219883131e-02 1.479321958367952640e-02 5.643797301224517948e-02 1.032947706423661821e-01 1.809119782569779677e-01 3.332454678527965730e-01 1.504364146014547654e-01 1.144169458211478779e-01 4.678735246990793628e-02
2.456215370255023650e-02 -3.205792275613897346e-02 -2.871895365508984888e-02 -2.877600910399290626e-02 -8.175451857598717981e-03 1.649258115526931398e-02 4.727441698903706718e-02 8.297813709981316510e-02 1.504364146014547654e-01 1.115113226353115078e-01 1.553045065325866780e-01 8.535363702954477938e-02
1.042318426809262927e-01 -8.497825639367077594e-04 -2.701781823662319226e-02 -4.454001991391964843e-02 -3.075707948358239602e-02 -8.686953197759025164e-03 3.180506938131846817e-02 6.343021963886423531e-02 1.144169458211478779e-01 1.553045065325866780e-01 3.398801456431754242e-01 2.074657385890283368e-01
2.287676401222457911e-01 1.212980821200023013e-01 3.523510601874575709e-02 -1.860682042314045631e-02 -2.967170571450196762e-02 -3.034642769754555824e-02 -1.310155306484485707e-02 9.552246732725488271e-03 4.678735246990793628e-02 8.535363702954477938e-02 2.074657385890283368e-01 3.063402212869860697e-01
2.762542955779051512e-01 1.658727936076629383e-01 8.561043609317892100e-02 8.690557168529282339e-03 -3.550524154959369683e-02 -3.646515041841639354e-02 -2.702359007313522021e-02 -1.186407327602679099e-02 1.789449431491354006e-02 8.216141923466353802e-02 1.445747829228440084e-01 2.091753023467122774e-01
1.658727936076629383e-01 1.984233430257252850e-01 2.033391230436224495e-01 8.646094108935731271e-02 -1.433895184843736459e-02 -5.025044324613531926e-02 -5.148818372894284345e-02 -4.969363234671532459e-02 -1.063261961279860814e-02 1.742897573410341627e-02 5.748504606642260151e-02 1.018968963050072840e-01
8.561043609317892100e-02 2.033391230436224495e-01 3.472838395965026637e-01 1.977577359681509939e-01 6.460018994533632541e-02 -2.172938620413899374e-02 -4.647102336589879756e-02 -5.801063983019656700e-02 -2.695045553605618371e-02 -3.410704626598515948e-02 -2.071346123805056089e-02 2.317545704439132048e-02
8.690557168529282339e-03 8.646094108935731271e-02 1.977577359681509939e-01 4.785647681601141734e-01 1.858287654383563858e-01 7.395530186700827180e-02 1.431446349178022888e-02 -1.382936157537286749e-02 -1.231221427225221571e-02 -2.713114315977183805e-02 -3.331628121124171477e-02 -2.364767629188151143e-02
-3.550524154959369683e-02 -1.433895184843736459e-02 6.460018994533632541e-02 1.858287654383563858e-01 3.418170478308534821e-01 2.086881778868253656e-01 1.156050303404930202e-01 9.022838725438903085e-02 2.898049893727914009e-02 1.392081524063227931e-02 -9.505973148024461639e-03 -2.638417650082707996e-02
-3.646515041841639354e-02 -5.025044324613531926e-02 -2.172938620413899374e-02 7.395530186700827180e-02 2.086881778868253656e-01 1.933954034199819594e-01 1.495679594540432755e-01 1.349397192911049592e-01 4.660529927124514027e-02 3.652767285093724142e-02 1.670999721323893766e-02 -1.000553434065339434e-02
-2.702359007313522021e-02 -5.148818372894284345e-02 -4.647102336589879756e-02 1.431446349178022888e-02 1.156050303404930202e-01 1.495679594540432755e-01 1.944378410650535738e-01 2.039491143999041800e-01 6.839645794467003048e-02 5.358095427857624549e-02 3.330947576104026364e-02 6.110025070765487919e-03
-1.186407327602679099e-02 -4.969363234671532459e-02 -5.801063983019656700e-02 -1.382936157537286749e-02 9.022838725438903085e-02 1.349397192911049592e-01 2.039491143999041800e-01 2.449129176008218167e-01 8.392849402508695267e-02 7.176262892591828146e-02 5.445894128695733666e-02 2.610282087000178122e-02
1.789449431491354006e-02 -1.063261961279860814e-02 -2.695045553605618371e-02 -1.231221427225221571e-02 2.898049893727914009e-02 4.660529927124514027e-02 6.839645794467003048e-02 8.392849402508695267e-02 3.467016987429417940e-02 4.705195986543807968e-02 5.719398963503338762e-02 3.554036482468631020e-02
8.216141923466353802e-02 1.742897573410341627e-02 -3.410704626598515948e-02 -2.713114315977183805e-02 1.392081524063227931e-02 3.652767285093724142e-02 5.358095427857624549e-02 7.176262892591828146e-02 4.705195986543807968e-02 1.128851460647092575e-01 1.803436631667350021e-01 1.126069101538133832e-01
1.445747829228440084e-01 5.748504606642260151e-02 -2.071346123805056089e-02 -3.331628121124171477e-02 -9.505973148024461639e-03 1.670999721323893766e-02 3.330947576104026364e-02 5.445894128695733666e-02 5.719398963503338762e-02 1.803436631667350021e-01 3.499354725666233290e-01 2.008082412579411946e-01
2.091753023467122774e-01 1.018968963050072840e-01 2.317545704439132048e-02 -2.364767629188151143e-02 -2.638417650082707996e-02 -1.000553434065339434e-02 6.110025070765487919e-03 2.610282087000178122e-02 3.554036482468631020e-02 1.126069101538133832e-01 2.008082412579411946e-01 2.274197552174173076e-01
2.372095309714800648e-01 1.700358182391099038e-01 9.307900149948526713e-02 4.388225513378840592e-02 1.261190644087119110e-02 -2.053194786342668957e-02 -4.722465908190096734e-02 -5.932625940708696755e-02 -4.024993148354297917e-02 4.241708653092273601e-02 1.467955355061118794e-01 2.168134700804935366e-01
1.700358182391099038e-01 1.978797618639852041e-01 1.655411739160797258e-01 1.185166911684825686e-01 8.416244082102120050e-02 2.361373263107224840e-02 -2.118770096006261650e-02 -5.365102945373434462e-02 -5.353913498834058510e-02 -7.779366292046469705e-03 6.074214753199290440e-02 1.137056652142491159e-01
9.307900149948526713e-02 1.655411739160797258e-01 2.102886728768882107e-01 1.842105907802976117e-01 1.420727383219123896e-01 6.934147439001418778e-02 2.285529511320640722e-02 -1.797175175647987982e-02 -3.759377078788098819e-02 -3.586469354321454583e-02 -1.764491137935367271e-02 3.153101823088839961e-02
4.388225513378840592e-02 1.185166911684825686e-01 1.842105907802976117e-01 2.220031712852802153e-01 2.072686541034330365e-01 1.018396042296338400e-01 5.324445580104748832e-02 1.467669100718250325e-02 -1.623199821447610797e-02 -3.827730476265989168e-02 -4.974140742782458269e-02 -1.390508420198142275e-02
1.261190644087119110e-02 8.416244082102120050e-02 1.420727383219123896e-01 2.072686541034330365e-01 3.662473211834446074e-01 1.608182239145250492e-01 8.611362721215740090e-02 4.758804815178920705e-02 1.307890116083660313e-02 -2.785407831378691051e-02 -5.862653047086818781e-02 -3.928768745644021371e-02
-2.053194786342668957e-02 2.361373263107224840e-02 6.934147439001418778e-02 1.018396042296338400e-01 1.608182239145250492e-01 1.039101972543641228e-01 9.511145008238346132e-02 9.469978324842109885e-02 6.372707008276429219e-02 1.628370408865505506e-02 -2.989680858167781397e-02 -3.946763056232004130e-02
-4.722465908190096734e-02 -2.118770096006261650e-02 2.285529511320640722e-02 5.324445580104748832e-02 8.611362721215740090e-02 9.511145008238346132e-02 1.437270169619392357e-01 1.867376939681529568e-01 1.348991257334940519e-01 7.074032002977707900e-02 2.498753924984245707e-03 -4.068956743577802071e-02
-5.932625940708696755e-02 -5.365102945373434462e-02 -1.797175175647987982e-02 1.467669100718250325e-02 4.758804815178920705e-02 9.469978324842109885e-02 1.867376939681529568e-01 3.072610373128660255e-01 2.235798217741472027e-01 1.310844495742656268e-01 4.792305679539289598e-02 -2.894930133494735824e-02
-4.024993148354297917e-02 -5.353913498834058510e-02 -3.759377078788098819e-02 -1.623199821447610797e-02 1.307890116083660313e-02 6.372707008276429219e-02 1.348991257334940519e-01 2.235798217741472027e-01 3.543833408904907278e-01 1.929614411464078139e-01 9.259202236888422477e-02 8.187776831986294870e-03
4.241708653092273601e-02 -7.779366292046469705e-03 -3.586469354321454583e-02 -3.827730476265989168e-02 -2.785407831378691051e-02 1.628370408865505506e-02 7.074032002977707900e-02 1.310844495742656268e-01 1.929614411464078139e-01 1.832170020282928302e-01 1.684896536725624117e-01 9.564196477529771090e-02
1.467955355061118794e-01 6.074214753199290440e-02 -1.764491137935367271e-02 -4.974140742782458269e-02 -5.862653047086818781e-02 -2.989680858167781397e-02 2.498753924984245707e-03 4.792305679539289598e-02 9.259202236888422477e-02 1.684896536725624117e-01 2.825920727417010059e-01 2.216757212495511498e-01
2.168134700804935366e-01 1.137056652142491159e-01 3.153101823088839961e-02 -1.390508420198142275e-02 -3.928768745644021371e-02 -3.946763056232004130e-02 -4.068956743577802071e-02 -2.894930133494735824e-02 8.187776831986294870e-03 9.564196477529771090e-02 2.216757212495511498e-01 3.912808746292706918e-01
1.796359763899183504e-01 1.851176700112719120e-01 6.895960475034565440e-02 3.441398883520777746e-02 4.406239401391884303e-03 -1.683669464065406379e-02 -1.713545382229552869e-02 4.584733917602769500e-03 2.163748693358744091e-02 6.913650571058853334e-02 1.217171952365337095e-01 1.619166733188798779e-01
1.851176700112719120e-01 3.594724705478318239e-01 1.390466147975797373e-01 8.870451579107269113e-02 3.465749523561427459e-02 -7.742361011928462246e-03 -2.137742443989278443e-02 -2.335285402933084953e-02 -7.729810162996721308e-03 2.467963069637743156e-03 4.740290619703114994e-02 9.200904279025229338e-02
6.895960475034565440e-02 1.390466147975797373e-01 6.891226330408416201e-02 1.066997956701199457e-01 3.272354856877224966e-02 6.071523899380829904e-03 -6.627621358640443938e-03 -1.264604787283384740e-02 -7.881650525970864546e-03 -1.137077979654637847e-02 9.671603073867983749e-03 2.991438383996682104e-02
3.441398883520777746e-02 8.870451579107269113e-02 1.066997956701199457e-01 4.782220971491247807e-01 1.085348909981970339e-01 3.590058594643782269e-02 5.896329559715236465e-03 -1.048247940154603194e-02 -1.223844180240798649e-02 -2.782689754397459428e-02 -1.683888612823524963e-02 -1.222995234816435768e-03
4.406239401391884303e-03 3.465749523561427459e-02 3.272354856877224966e-02 1.085348909981970339e-01 9.410958006363025208e-02 1.605896128581584814e-01 1.037207138552966312e-01 6.475857323442668623e-02 9.334914884860101569e-03 -2.298235105424785429e-02 -1.960328229093195873e-02 -1.397073812590861330e-02
-1.683669464065406379e-02 -7.742361011928462246e-03 6.071523899380829904e-03 3.590058594643782269e-02 1.605896128581584814e-01 3.829913251866610691e-01 2.310193863971467532e-01 1.606515413764591504e-01 3.915379169599633030e-02 -1.034951096785692928e-02 -1.580968772683619128e-02 -1.907478441681107612e-02
-1.713545382229552869e-02 -2.137742443989278443e-02 -6.627621358640443938e-03 5.896329559715236465e-03 1.037207138552966312e-01 2.310193863971467532e-01 3.881940196762104778e-01 2.195258213141245696e-01 5.462790017537096088e-02 8.773130104509717364e-03 -2.869432324305615668e-03 -1.055770859400457888e-02
4.584733917602769500e-03 -2.335285402933084953e-02 -1.264604787283384740e-02 -1.048247940154603194e-02 6.475857323442668623e-02 1.606515413764591504e-01 2.195258213141245696e-01 1.638538025266019216e-01 5.535761602046443408e-02 5.729861129368807315e-02 3.720672070972869117e-02 2.746940570140637278e-02
2.163748693358744091e-02 -7.729810162996721308e-03 -7.881650525970864546e-03 -1.223844180240798649e-02 9.334914884860101569e-03 3.915379169599633030e-02 5.462790017537096088e-02 5.535761602046443408e-02 4.129676202738813418e-02 1.125121312198214679e-01 5.861312002219874751e-02 4.403012307924368540e-02
6.913650571058853334e-02 2.467963069637743156e-03 -1.137077979654637847e-02 -2.782689754397459428e-02 -2.298235105424785429e-02 -1.034951096785692928e-02 8.773130104509717364e-03 5.729861129368807315e-02 1.125121312198214679e-01 4.355612423437512648e-01 1.800907548298173178e-01 1.196082618559584365e-01
1.217171952365337095e-01 4.740290619703114994e-02 9.671603073867983749e-03 -1.683888612823524963e-02 -1.960328229093195873e-02 -1.580968772683619128e-02 -2.869432324305615668e-03 3.720672070972869117e-02 5.861312002219874751e-02 1.800907548298173178e-01 1.904077314573836832e-01 1.840971919781146937e-01
1.619166733188798779e-01 9.200904279025229338e-02 2.991438383996682104e-02 -1.222995234816435768e-03 -1.397073812590861330e-02 -1.907478441681107612e-02 -1.055770859400457888e-02 2.746940570140637278e-02 4.403012307924368540e-02 1.196082618559584365e-01 1.840971919781146937e-01 2.173427293274200200e-01
1.959537704928618618e-01 2.011080093727092843e-01 1.352071666350909418e-01 4.638643369789004905e-02 7.740952312575005972e-04 -2.271023423847715050e-02 -2.857141069044484560e-02 -2.351725276855335528e-02 4.508525416186791182e-04 3.818705649996860518e-02 1.061359235422338620e-01 1.751882250349355574e-01
2.011080093727092843e-01 3.938134949283179087e-01 2.306975354589069771e-01 9.572237393365684577e-02 4.223126542599899003e-02 -9.912050541000028137e-03 -3.261329244777770586e-02 -5.217378320224329291e-02 -4.651979350084308601e-02 -3.469720033613699073e-02 -1.453033336908072723e-02 3.852101844193017016e-02
1.352071666350909418e-01 2.306975354589069771e-01 3.825958657146807940e-01 1.450541743758008706e-01 7.596951285555603173e-02 1.410779581764399528e-02 -1.714141210690571515e-02 -4.671027361233903025e-02 -4.937352869070527756e-02 -4.617126302354622458e-02 -4.257020873371971520e-02 -6.041852594321590539e-03
4.638643369789004905e-02 9.572237393365684577e-02 1.450541743758008706e-01 8.373507517155273638e-02 1.158973873810397737e-01 7.034082371735500550e-02 4.407873502103758223e-02 2.061431793269962592e-02 -2.339467278493624451e-03 -1.768467117532657173e-02 -3.057720442846612735e-02 -1.806079013234420522e-02
7.740952312575005972e-04 4.223126542599899003e-02 7.596951285555603173e-02 1.158973873810397737e-01 3.192852774271319749e-01 2.238299594968708450e-01 1.573142270524069408e-01 1.180028319769549500e-01 5.249087440158854700e-02 4.473974472194627502e-03 -3.307812186006021948e-02 -3.296725744749319509e-02
-2.271023423847715050e-02 -9.912050541000028137e-03 1.410779581764399528e-02 7.034082371735500550e-02 2.238299594968708450e-01 2.486880197955965988e-01 1.952795847516719530e-01 1.422587358227205279e-01 6.996618434132459430e-02 2.240623170939691142e-02 -9.845278375601815984e-03 -1.999271133907193354e-02
-2.857141069044484560e-02 -3.261329244777770586e-02 -1.714141210690571515e-02 4.407873502103758223e-02 1.573142270524069408e-01 1.952795847516719530e-01 2.403594538280247606e-01 1.842468763526888542e-01 9.200074368183738804e-02 3.835027543088882773e-02 1.007904825821521501e-02 -5.347397244470282821e-03
-2.351725276855335528e-02 -5.217378320224329291e-02 -4.671027361233903025e-02 2.061431793269962592e-02 1.180028319769549500e-01 1.422587358227205279e-01 1.842468763526888542e-01 1.670024766303366826e-01 9.433457798514061077e-02 5.597073097221177962e-02 4.802411081988625791e-02 2.739509467304427834e-02
4.508525416186791182e-04 -4.651979350084308601e-02 -4.937352869070527756e-02 -2.339467278493624451e-03 5.249087440158854700e-02 6.996618434132459430e-02 9.200074368183738804e-02 9.433457798514061077e-02 6.944500196437594641e-02 6.510502029114177691e-02 9.077122928130437751e-02 6.332051426253597348e-02
3.818705649996860518e-02 -3.469720033613699073e-02 -4.617126302354622458e-02 -1.768467117532657173e-02 4.473974472194627502e-03 2.240623170939691142e-02 3.835027543088882773e-02 5.597073097221177962e-02 6.510502029114177691e-02 9.814533632333823088e-02 1.765104423795005317e-01 1.188818627791158045e-01
1.061359235422338620e-01 -1.453033336908072723e-02 -4.257020873371971520e-02 -3.057720442846612735e-02 -3.307812186006021948e-02 -9.845278375601815984e-03 1.007904825821521501e-02 4.802411081988625791e-02 9.077122928130437751e-02 1.765104423795005317e-01 3.724442446947640040e-01 2.276972453190249934e-01
1.751882250349355574e-01 3.852101844193017016e-02 -6.041852594321590539e-03 -1.806079013234420522e-02 -3.296725744749319509e-02 -1.999271133907193354e-02 -5.347397244470282821e-03 2.739509467304427834e-02 6.332051426253597348e-02 1.188818627791158045e-01 2.276972453190249934e-01 4.285319830290243437e-01
1.582787469676274206e-01 1.948658592344221230e-01 1.287663208532136283e-01 2.250092420265746226e-02 -5.117836903632418111e-02 -6.072885329702750606e-02 -1.669565715792631355e-02 2.906428728082032648e-02 5.209723161205735698e-02 7.194053313456194587e-02 7.455840541226549378e-02 1.141746052265289052e-01
1.948658592344221230e-01 3.958581300384335644e-01 2.267193528917894052e-01 1.019131828321792055e-01 -1.607793804326428794e-02 -5.395083807338199589e-02 -4.453937612446300098e-02 -2.483096556457279128e-02 -4.051638998548927340e-03 1.602382360807626249e-02 4.174098969107457868e-02 9.859603299117035424e-02
1.287663208532136283e-01 2.267193528917894052e-01 3.650802147062104375e-01 1.972808092741315522e-01 6.359150173146764506e-02 -2.251483277526326876e-03 -3.354805312831252162e-02 -4.232058072431277990e-02 -3.452827385587493858e-02 -2.436839807990431872e-02 1.001234097902909195e-02 6.004017156128447358e-02
2.250092420265746226e-02 1.019131828321792055e-01 1.972808092741315522e-01 2.606651000360837855e-01 2.108120812453547765e-01 1.307320525517172149e-01 4.367996266565031538e-02 -1.808040449366206739e-02 -4.345134422684133330e-02 -5.366839570043834690e-02 -3.580714865995645452e-02 -2.080751458279177929e-02
-5.117836903632418111e-02 -1.607793804326428794e-02 6.359150173146764506e-02 2.108120812453547765e-01 3.738785351141290514e-01 2.256483753137191461e-01 1.167064726962032950e-01 4.232982935446305550e-02 -4.152930555737224458e-03 -3.147705812107787215e-02 -3.830888692828659375e-02 -5.421729830626732805e-02
-6.072885329702750606e-02 -5.395083807338199589e-02 -2.251483277526326876e-03 1.307320525517172149e-01 2.256483753137191461e-01 3.316568052534307753e-01 1.844160919100229501e-01 9.543700651129330415e-02 4.241344866652645845e-02 1.220460685181248492e-02 -1.616249422799435551e-02 -4.517575742458294213e-02
-1.669565715792631355e-02 -4.453937612446300098e-02 -3.354805312831252162e-02 4.367996266565031538e-02 1.167064726962032950e-01 1.844160919100229501e-01 1.662679024801990701e-01 1.415634609362143859e-01 1.039607897846558660e-01 7.895150330366394742e-02 3.844493871899855308e-02 1.366838794814882567e-02
2.906428728082032648e-02 -2.483096556457279128e-02 -4.232058072431277990e-02 -1.808040449366206739e-02 4.232982935446305550e-02 9.543700651129330415e-02 1.415634609362143859e-01 1.843896045751695079e-01 1.662886972521677720e-01 1.406131082955121014e-01 8.655710754090453762e-02 6.781016248959324810e-02
5.209723161205735698e-02 -4.051638998548927340e-03 -3.452827385587493858e-02 -4.345134422684133330e-02 -4.152930555737224458e-03 4.241344866652645845e-02 1.039607897846558660e-01 1.662886972521677720e-01 1.964561250887806587e-01 2.013844515902735166e-01 1.126030781984002360e-01 8.939017396858978115e-02
7.194053313456194587e-02 1.602382360807626249e-02 -2.436839807990431872e-02 -5.366839570043834690e-02 -3.147705812107787215e-02 1.220460685181248492e-02 7.895150330366394742e-02 1.406131082955121014e-01 2.013844515902735166e-01 3.488073679653904136e-01 1.672795450356720781e-01 1.157436684210708944e-01
7.455840541226549378e-02 4.174098969107457868e-02 1.001234097902909195e-02 -3.580714865995645452e-02 -3.830888692828659375e-02 -1.616249422799435551e-02 3.844493871899855308e-02 8.655710754090453762e-02 1.126030781984002360e-01 1.672795450356720781e-01 1.060601875395114774e-01 9.432147587356784491e-02
1.141746052265289052e-01 9.859603299117035424e-02 6.004017156128447358e-02 -2.080751458279177929e-02 -5.421729830626732805e-02 -4.517575742458294213e-02 1.366838794814882567e-02 6.781016248959324810e-02 8.939017396858978115e-02 1.157436684210708944e-01 9.432147587356784491e-02 1.126012802350283004e-01
4.315788439490331196e-01 2.164497886403899396e-01 8.783717761737215579e-02 2.850863939830809018e-02 -1.665799933647571507e-03 -2.079307544057759985e-02 -2.370837144767815041e-02 -5.771747247593360386e-02 -4.154501240218776842e-02 3.697190362097087062e-03 9.352163360030905925e-02 2.127403129585284935e-01
2.164497886403899396e-01 2.740399764957308082e-01 1.511337464950930909e-01 1.112308279116879656e-01 6.004078157249571890e-02 5.169095952928384058e-02 1.158062495416432717e-04 -5.089421489342078192e-02 -5.970783466325174649e-02 -4.271077170904719056e-02 1.855786854302049482e-02 1.326680906524023151e-01
8.783717761737215579e-02 1.511337464950930909e-01 1.355388343258344119e-01 1.681218003607908851e-01 9.524679670034746914e-02 8.805297795866491584e-02 2.684453466765810911e-02 3.065861180147129439e-03 -2.463995586541236488e-02 -3.601814739962844875e-02 -2.792061932672382230e-02 3.011644878281670087e-02
2.850863939830809018e-02 1.112308279116879656e-01 1.681218003607908851e-01 3.128152686682484918e-01 1.737567157180404109e-01 1.511634821668555451e-01 5.991837497948722391e-02 5.475365250792667282e-02 4.535217309845798565e-03 -3.440334589719790115e-02 -6.323903240392203529e-02 -3.805624934896435774e-02
-1.665799933647571507e-03 6.004078157249571890e-02 9.524679670034746914e-02 1.737567157180404109e-01 1.469141134792983361e-01 1.717966331422595971e-01 6.847001659676030250e-02 6.894587081849815058e-02 2.688362063560741783e-02 -1.121558032969503099e-02 -4.789033064660115635e-02 -4.170865958236931459e-02
-2.079307544057759985e-02 5.169095952928384058e-02 8.805297795866491584e-02 1.511634821668555451e-01 1.717966331422595971e-01 2.665034440610439814e-01 1.100188641303424253e-01 1.222809216229917562e-01 6.620282784468728421e-02 1.294787978929275857e-02 -4.833321353925203179e-02 -5.653249896589331025e-02
-2.370837144767815041e-02 1.158062495416432717e-04 2.684453466765810911e-02 5.991837497948722391e-02 6.847001659676030250e-02 1.100188641303424253e-01 5.882344718338684136e-02 9.864825558664136462e-02 7.453202679816456344e-02 4.052785114275103684e-02 3.380923432587050036e-03 -2.469503419835930580e-02
-5.771747247593360386e-02 -5.089421489342078192e-02 3.065861180147129439e-03 5.475365250792667282e-02 6.894587081849815058e-02 1.222809216229917562e-01 9.864825558664136462e-02 2.455360131347904262e-01 2.202459828731835878e-01 1.387283402401960630e-01 7.198311371839925810e-02 -2.028559782763122293e-02
-4.154501240218776842e-02 -5.970783466325174649e-02 -2.463995586541236488e-02 4.535217309845798565e-03 2.688362063560741783e-02 6.620282784468728421e-02 7.453202679816456344e-02 2.202459828731835878e-01 3.361500539422241918e-01 2.042879706464558742e-01 1.267054776516566839e-01 2.645165253034663377e-02
3.697190362097087062e-03 -4.271077170904719056e-02 -3.601814739962844875e-02 -3.440334589719790115e-02 -1.121558032969503099e-02 1.294787978929275857e-02 4.052785114275103684e-02 1.387283402401960630e-01 2.042879706464558742e-01 2.242206798000940526e-01 1.946429523823602903e-01 8.521908255751839412e-02
9.352163360030905925e-02 1.855786854302049482e-02 -2.792061932672382230e-02 -6.323903240392203529e-02 -4.789033064660115635e-02 -4.833321353925203179e-02 3.380923432587050036e-03 7.198311371839925810e-02 1.267054776516566839e-01 1.946429523823602903e-01 3.087201561776886649e-01 1.955885648021548628e-01
