4.114103971869250698e-01 3.063400517515987298e-01 2.910109910481170972e-02 -9.372354704180485552e-02 -6.165726188468398372e-02 3.003655560062591656e-02 7.562611782425510132e-02 7.353837030268823042e-04 -8.639785267814401037e-02 -4.799794218927764394e-02 1.201807731333791318e-01 3.126320199995196725e-01
3.063400517515987298e-01 5.424291966184882074e-01 3.267597748484090125e-01 6.489515367509207655e-02 -9.104858632179992084e-02 -8.882915342062175368e-02 3.150268047782266330e-04 7.801917867764907033e-02 2.838447985988591313e-02 -7.590889863855582176e-02 -7.363694449670499242e-02 4.855767099856589386e-02
2.910109910481170972e-02 3.267597748484090125e-01 3.913963182248338391e-01 2.810300210339086724e-01 1.028468829095947196e-01 -4.209669948760261932e-02 -8.547338348866800883e-02 1.439096390213700496e-03 7.459954225751949664e-02 2.965165527082793892e-02 -7.630671428707888615e-02 -1.154689358277409816e-01
-9.372354704180485552e-02 6.489515367509207655e-02 2.810300210339086724e-01 3.864295195718824294e-01 3.170549293189631745e-01 1.204906235235405215e-01 -5.366322508738764763e-02 -8.987307823775428361e-02 1.094909895643892545e-02 8.209889706890977079e-02 1.827524422895587114e-02 -7.582100153335394332e-02
-6.165726188468398372e-02 -9.104858632179992084e-02 1.028468829095947196e-01 3.170549293189631745e-01 4.066105871174547914e-01 2.849040007483811809e-01 9.842675017839536133e-02 -7.834272509177103716e-02 -7.844615638535687441e-02 2.985340786072119765e-02 7.773266639441997472e-02 4.089741920975413503e-02
3.003655560062591656e-02 -8.882915342062175368e-02 -4.209669948760261932e-02 1.204906235235405215e-01 2.849040007483811809e-01 3.340592417995159602e-01 2.884587833072199681e-01 8.166261449573204712e-02 -7.931308279233925673e-02 -7.306586972723796980e-02 3.339414695654494697e-02 9.073817003205864040e-02
7.562611782425510132e-02 3.150268047782266330e-04 -8.547338348866800883e-02 -5.366322508738764763e-02 9.842675017839536133e-02 2.884587833072199681e-01 4.537327914786829508e-01 3.330005177709670083e-01 5.247605721001263879e-02 -1.154228867726355690e-01 -6.267494261592966576e-02 3.547351879394359392e-02
7.353837030268823042e-04 7.801917867764907033e-02 1.439096390213700496e-03 -8.987307823775428361e-02 -7.834272509177103716e-02 8.166261449573204712e-02 3.330005177709670083e-01 4.511218965093788391e-01 2.930728052485240265e-01 5.487441453245323064e-02 -7.904144118915543138e-02 -8.796877376927222936e-02
-8.639785267814401037e-02 2.838447985988591313e-02 7.459954225751949664e-02 1.094909895643892545e-02 -7.844615638535687441e-02 -7.931308279233925673e-02 5.247605721001263879e-02 2.930728052485240265e-01 4.190279560923736990e-01 3.307668468988473331e-01 7.931442378200545540e-02 -7.859806626670970409e-02
-4.799794218927764394e-02 -7.590889863855582176e-02 2.965165527082793892e-02 8.209889706890977079e-02 2.985340786072119765e-02 -7.306586972723796980e-02 -1.154228867726355690e-01 5.487441453245323064e-02 3.307668468988473331e-01 4.786028702670724888e-01 2.906599684006198059e-01 1.020600764242345776e-01
1.201807731333791318e-01 -7.363694449670499242e-02 -7.630671428707888615e-02 1.827524422895587114e-02 7.773266639441997472e-02 3.339414695654494697e-02 -6.267494261592966576e-02 -7.904144118915543138e-02 7.931442378200545540e-02 2.906599684006198059e-01 3.222953145668642216e-01 2.814901924759808383e-01
3.126320199995196725e-01 4.855767099856589386e-02 -1.154689358277409816e-01 -7.582100153335394332e-02 4.089741920975413503e-02 9.073817003205864040e-02 3.547351879394359392e-02 -8.796877376927222936e-02 -7.859806626670970409e-02 1.020600764242345776e-01 2.814901924759808383e-01 4.028839105665293907e-01
4.960471191384453471e-01 3.353229882998663980e-01 8.762771036172870009e-02 -9.409848460912612067e-02 -7.562224338178302752e-02 9.841686101987686189e-03 7.026977954046101371e-02 1.734476948444701322e-02 -7.219699413797552034e-02 -6.384914292723695151e-02 6.211680999923678559e-02 2.999929954417232536e-01
3.353229882998663980e-01 4.056586004773001797e-01 2.697476226329832416e-01 7.443067981620601903e-02 -6.953153090800726077e-02 -8.922030631040032966e-02 1.445664424803076546e-02 8.404557541622803551e-02 2.810006980853646530e-02 -8.654081094524375406e-02 -1.154321836137064544e-01 4.310459808984708902e-02
8.762771036172870009e-02 2.697476226329832416e-01 3.523668291624996729e-01 3.229013572574131463e-01 8.579765603256914175e-02 -7.112418894229216582e-02 -7.401052921291867426e-02 2.896750948180224980e-02 7.610569727263634399e-02 1.183920236911945555e-03 -8.532805743566077017e-02 -7.831510693184327854e-02
-9.409848460912612067e-02 7.443067981620601903e-02 3.229013572574131463e-01 5.250716342089616351e-01 3.046769792360621842e-01 8.372119408646666594e-02 -8.411861908274403943e-02 -7.531427150872263554e-02 2.625345866939796796e-02 7.669589570968415870e-02 4.025271644242882363e-02 -5.807084423143429180e-02
-7.562224338178302752e-02 -6.953153090800726077e-02 8.579765603256914175e-02 3.046769792360621842e-01 3.118658472864000442e-01 2.664496440872740068e-01 9.400095821489706793e-02 -6.346199435738565653e-02 -8.015191357203574340e-02 1.726249648677095211e-02 8.233146917664387054e-02 4.080296311705959578e-02
9.841686101987686189e-03 -8.922030631040032966e-02 -7.112418894229216582e-02 8.372119408646666594e-02 2.664496440872740068e-01 4.319990965862998689e-01 3.418340949634809389e-01 6.486780637074604505e-02 -1.138135353937324845e-01 -7.407146053633967275e-02 3.065917027597037450e-02 8.230305343440894039e-02
7.026977954046101371e-02 1.445664424803076546e-02 -7.401052921291867426e-02 -8.411861908274403943e-02 9.400095821489706793e-02 3.418340949634809389e-01 4.571582682279122789e-01 2.874401599319246770e-01 5.866864431659163381e-02 -7.416529964851134582e-02 -8.001327493420984371e-02 5.382939209040847779e-04
1.734476948444701322e-02 8.404557541622803551e-02 2.896750948180224980e-02 -7.531427150872263554e-02 -6.346199435738565653e-02 6.486780637074604505e-02 2.874401599319246770e-01 3.972863543755011939e-01 3.259041112686778541e-01 9.120385166277139577e-02 -7.215492651804428226e-02 -9.329966690780375216e-02
-7.219699413797552034e-02 2.810006980853646530e-02 7.610569727263634399e-02 2.625345866939796796e-02 -8.015191357203574340e-02 -1.138135353937324845e-01 5.866864431659163381e-02 3.259041112686778541e-01 4.729549877820491410e-01 2.981987777794440353e-01 9.264684065186531980e-02 -5.833117214013484875e-02
-6.384914292723695151e-02 -8.654081094524375406e-02 1.183920236911945555e-03 7.669589570968415870e-02 1.726249648677095211e-02 -7.407146053633967275e-02 -7.416529964851134582e-02 9.120385166277139577e-02 2.981987777794440353e-01 3.376747589995647836e-01 2.791013340999187742e-01 1.203428210258935677e-01
6.211680999923678559e-02 -1.154321836137064544e-01 -8.532805743566077017e-02 4.025271644242882363e-02 8.233146917664387054e-02 3.065917027597037450e-02 -8.001327493420984371e-02 -7.215492651804428226e-02 9.264684065186531980e-02 2.791013340999187742e-01 3.941262030139333072e-01 3.168836399704207940e-01
2.999929954417232536e-01 4.310459808984708902e-02 -7.831510693184327854e-02 -5.807084423143429180e-02 4.080296311705959578e-02 8.230305343440894039e-02 5.382939209040847779e-04 -9.329966690780375216e-02 -5.833117214013484875e-02 1.203428210258935677e-01 3.168836399704207940e-01 4.177903007411646330e-01
4.793241937283987397e-01 3.051147226045634042e-01 4.652088441460902613e-02 -9.677025311727419088e-02 -6.352161675359853377e-02 4.982751580025369248e-02 8.307981810958997571e-02 1.288154935824815939e-02 -8.875817071017355619e-02 -7.346117242624347621e-02 9.250450250756245274e-02 3.204856437304478556e-01
3.051147226045634042e-01 3.900363276440797500e-01 3.112490414195788757e-01 6.848953876743546498e-02 -9.024198600605144727e-02 -6.469872238761856242e-02 3.159183410277226906e-02 7.586745168983272114e-02 5.925488592939044674e-03 -8.393531389124911368e-02 -6.764568870714099402e-02 8.067080491797422315e-02
4.652088441460902613e-02 3.112490414195788757e-01 4.992896009738417851e-01 3.174513202671406242e-01 5.117659202659743944e-02 -1.039803708407069094e-01 -7.857357162734293632e-02 2.592255993628823918e-02 8.067255939265052800e-02 1.889162970361466659e-02 -8.035472752572167532e-02 -9.812057051297426447e-02
-9.677025311727419088e-02 6.848953876743546498e-02 3.174513202671406242e-01 3.903078715823416478e-01 2.976476456025249351e-01 7.459406109880510616e-02 -6.973062957222392333e-02 -8.033865542451625041e-02 1.589715771338862452e-02 7.711568513658845214e-02 2.974721868919066869e-02 -6.715119552368672973e-02
-6.352161675359853377e-02 -9.024198600605144727e-02 5.117659202659743944e-02 2.976476456025249351e-01 4.692086112702373302e-01 3.283092166054971117e-01 8.793851511300318502e-02 -8.210238177047216035e-02 -8.428436730388305653e-02 2.070242789936993164e-02 8.442241800412661479e-02 4.370502027615125185e-02
4.982751580025369248e-02 -6.469872238761856242e-02 -1.039803708407069094e-01 7.459406109880510616e-02 3.283092166054971117e-01 3.992100471702653697e-01 2.791610184171955389e-01 9.623738041651565267e-02 -6.167414545279822913e-02 -8.172561143812276385e-02 1.593025509786980508e-04 7.071295186052346804e-02
8.307981810958997571e-02 3.159183410277226906e-02 -7.857357162734293632e-02 -6.973062957222392333e-02 8.793851511300318502e-02 2.791610184171955389e-01 3.649120901733528544e-01 3.100125719087141740e-01 9.548799765280850671e-02 -8.188687891309830158e-02 -9.671039129383141031e-02 -2.433903474553540842e-03
1.288154935824815939e-02 7.586745168983272114e-02 2.592255993628823918e-02 -8.033865542451625041e-02 -8.210238177047216035e-02 9.623738041651565267e-02 3.100125719087141740e-01 4.419385371102984572e-01 3.103076488457690019e-01 6.827794885695719074e-02 -8.370901163177994764e-02 -8.337877210216257384e-02
-8.875817071017355619e-02 5.925488592939044674e-03 8.067255939265052800e-02 1.589715771338862452e-02 -8.428436730388305653e-02 -6.167414545279822913e-02 9.548799765280850671e-02 3.103076488457690019e-01 4.051103030462181454e-01 3.010543060900806034e-01 1.033482365156370708e-01 -4.985219166062467011e-02
-7.346117242624347621e-02 -8.393531389124911368e-02 1.889162970361466659e-02 7.711568513658845214e-02 2.070242789936993164e-02 -8.172561143812276385e-02 -8.188687891309830158e-02 6.827794885695719074e-02 3.010543060900806034e-01 4.178770073639859750e-01 3.123651237839787376e-01 1.070009586315999739e-01
9.250450250756245274e-02 -6.764568870714099402e-02 -8.035472752572167532e-02 2.974721868919066869e-02 8.442241800412661479e-02 1.593025509786980508e-04 -9.671039129383141031e-02 -8.370901163177994764e-02 1.033482365156370708e-01 3.123651237839787376e-01 3.737671138780560565e-01 2.753390704326454941e-01
3.204856437304478556e-01 8.067080491797422315e-02 -9.812057051297426447e-02 -6.715119552368672973e-02 4.370502027615125185e-02 7.071295186052346804e-02 -2.433903474553540842e-03 -8.337877210216257384e-02 -4.985219166062467011e-02 1.070009586315999739e-01 2.753390704326454941e-01 3.690182960589286076e-01
4.008370453868170258e-01 2.875408939510729622e-01 7.701614923732194584e-02 -8.554793243246391898e-02 -4.332709514731891698e-02 4.395664336250716675e-02 8.837872254886268431e-02 4.352316360339310644e-03 -9.873182716410187909e-02 -7.504663215300103052e-02 1.082640803016087228e-01 3.148082729148311554e-01
2.875408939510729622e-01 3.914154775769406736e-01 3.204742446979177428e-01 4.686660365903266845e-02 -1.272260043952621322e-01 -6.095631751463280457e-02 2.870801505844109563e-02 6.681538305423313784e-02 -4.772265507830051809e-03 -8.171025037614508546e-02 -5.116322406622504648e-02 9.877392573132616482e-02
7.701614923732194584e-02 3.204742446979177428e-01 4.843408823353550496e-01 3.071912188307094338e-01 -1.594124500397847005e-02 -9.854802083925859324e-02 -7.890972560479445064e-02 3.715647174048294227e-02 8.301049419365633120e-02 1.408411638188926222e-02 -8.852054883168711252e-02 -8.492446597514519135e-02
-8.554793243246391898e-02 4.686660365903266845e-02 3.071912188307094338e-01 4.967192420312125378e-01 3.375553870910179000e-01 7.425115846630389593e-02 -6.426210247647744234e-02 -6.801261778895881238e-02 2.333979623835628209e-02 7.181828257357100731e-02 1.785944837477621699e-02 -7.059710959221379700e-02
-4.332709514731891698e-02 -1.272260043952621322e-01 -1.594124500397847005e-02 3.375553870910179000e-01 4.967169685523106226e-01 2.714262484131930719e-01 1.197094319463363338e-01 -5.351879931520707456e-02 -9.353011176873737842e-02 -1.380668191924323482e-02 7.748068287152587441e-02 6.680285528430096598e-02
4.395664336250716675e-02 -6.095631751463280457e-02 -9.854802083925859324e-02 7.425115846630389593e-02 2.714262484131930719e-01 2.462601830235799927e-01 2.464444955723298913e-01 1.017620383895006392e-01 -5.625115585516862748e-02 -8.469281075183604512e-02 3.647176550740054927e-03 7.580794623131635601e-02
8.837872254886268431e-02 2.870801505844109563e-02 -7.890972560479445064e-02 -6.426210247647744234e-02 1.197094319463363338e-01 2.464444955723298913e-01 4.231428726689462350e-01 3.449295479224956384e-01 7.091806317598144116e-02 -1.040915472916916495e-01 -8.430814660695268303e-02 2.869995549189059691e-02
4.352316360339310644e-03 6.681538305423313784e-02 3.715647174048294227e-02 -6.801261778895881238e-02 -5.351879931520707456e-02 1.017620383895006392e-01 3.449295479224956384e-01 4.626548540608496074e-01 2.893200773420942506e-01 7.111304837474066720e-02 -6.950409652246263004e-02 -7.449947335642943813e-02
-9.873182716410187909e-02 -4.772265507830051809e-03 8.301049419365633120e-02 2.333979623835628209e-02 -9.353011176873737842e-02 -5.625115585516862748e-02 7.091806317598144116e-02 2.893200773420942506e-01 3.804053525070322794e-01 3.102872350091825382e-01 1.035679299955938049e-01 -6.852556920462324341e-02
-7.504663215300103052e-02 -8.171025037614508546e-02 1.408411638188926222e-02 7.181828257357100731e-02 -1.380668191924323482e-02 -8.469281075183604512e-02 -1.040915472916916495e-01 7.111304837474066720e-02 3.102872350091825382e-01 4.359924079959933696e-01 3.084583448918638560e-01 8.331024152038901676e-02
1.082640803016087228e-01 -5.116322406622504648e-02 -8.852054883168711252e-02 1.785944837477621699e-02 7.748068287152587441e-02 3.647176550740054927e-03 -8.430814660695268303e-02 -6.950409652246263004e-02 1.035679299955938049e-01 3.084583448918638560e-01 3.834787966420831751e-01 2.899744498465115505e-01
3.148082729148311554e-01 9.877392573132616482e-02 -8.492446597514519135e-02 -7.059710959221379700e-02 6.680285528430096598e-02 7.580794623131635601e-02 2.869995549189059691e-02 -7.449947335642943813e-02 -6.852556920462324341e-02 8.331024152038901676e-02 2.899744498465115505e-01 3.980359172188548955e-01
4.457958243927421793e-01 3.388493967004796992e-01 8.182448999043635818e-02 -9.208093118126482735e-02 -7.567403740661796108e-02 2.979119605157169726e-02 7.725530747588990610e-02 2.200362579340736646e-02 -7.190669086644979613e-02 -7.403086141485368255e-02 5.046577098886134011e-02 2.898558987413575316e-01
3.388493967004796992e-01 4.586451737513075888e-01 2.798053933860710774e-01 7.952571018831650074e-02 -6.960785407696323812e-02 -7.792054540302659205e-02 1.758360790136470272e-02 7.879025004009987398e-02 4.190891891537187192e-02 -7.105046773279372063e-02 -1.223790166029194854e-01 5.023183873620417489e-02
8.182448999043635818e-02 2.798053933860710774e-01 3.336375625248406140e-01 3.054093560775096305e-01 9.382366584234698437e-02 -7.760972614899974698e-02 -8.327068257362128800e-02 8.874136960825507181e-03 7.811158425058076227e-02 2.635810127174497211e-02 -6.857691562890452786e-02 -7.450089218308592054e-02
-9.208093118126482735e-02 7.952571018831650074e-02 3.054093560775096305e-01 4.885678489002496794e-01 3.178336805739279125e-01 5.842845312081310777e-02 -9.884203966740529035e-02 -8.233151989723720698e-02 2.149638951210109186e-02 8.004499365661869870e-02 4.523080399037263111e-02 -7.141059638364727347e-02
-7.567403740661796108e-02 -6.960785407696323812e-02 9.382366584234698437e-02 3.178336805739279125e-01 3.763980465601897141e-01 2.905892419810398586e-01 9.020737426835470640e-02 -5.392070598511016638e-02 -8.250183380864756222e-02 2.808946930234332371e-03 7.403875051486175085e-02 2.792650353609656480e-02
2.979119605157169726e-02 -7.792054540302659205e-02 -7.760972614899974698e-02 5.842845312081310777e-02 2.905892419810398586e-01 4.551653442670031691e-01 3.310168700313037560e-01 9.764387828990502005e-02 -8.501394576069715159e-02 -8.972965714801640902e-02 -1.698269800357952303e-04 7.749268653481750091e-02
7.725530747588990610e-02 1.758360790136470272e-02 -8.327068257362128800e-02 -9.884203966740529035e-02 9.020737426835470640e-02 3.310168700313037560e-01 3.872397963124387665e-01 2.682940440558206907e-01 9.098321480190900423e-02 -5.305930806681889711e-02 -8.469677098994979336e-02 8.130205317520101949e-03
2.200362579340736646e-02 7.879025004009987398e-02 8.874136960825507181e-03 -8.233151989723720698e-02 -5.392070598511016638e-02 9.764387828990502005e-02 2.682940440558206907e-01 3.587095027420566518e-01 3.218282519375571527e-01 1.061203103488029681e-01 -6.678320015547377364e-02 -8.402327622561958642e-02
-7.190669086644979613e-02 4.190891891537187192e-02 7.811158425058076227e-02 2.149638951210109186e-02 -8.250183380864756222e-02 -8.501394576069715159e-02 9.098321480190900423e-02 3.218282519375571527e-01 4.698704429464962140e-01 2.983374151626011495e-01 8.216190039840662318e-02 -8.543368016968427847e-02
-7.403086141485368255e-02 -7.105046773279372063e-02 2.635810127174497211e-02 8.004499365661869870e-02 2.808946930234332371e-03 -8.972965714801640902e-02 -5.305930806681889711e-02 1.061203103488029681e-01 2.983374151626011495e-01 3.305974288264421634e-01 2.824242744661877857e-01 8.746095012218471632e-02
5.046577098886134011e-02 -1.223790166029194854e-01 -6.857691562890452786e-02 4.523080399037263111e-02 7.403875051486175085e-02 -1.698269800357952303e-04 -8.469677098994979336e-02 -6.678320015547377364e-02 8.216190039840662318e-02 2.824242744661877857e-01 4.582666104628198012e-01 3.365879443908441626e-01
2.898558987413575316e-01 5.023183873620417489e-02 -7.450089218308592054e-02 -7.141059638364727347e-02 2.792650353609656480e-02 7.749268653481750091e-02 8.130205317520101949e-03 -8.402327622561958642e-02 -8.543368016968427847e-02 8.746095012218471632e-02 3.365879443908441626e-01 4.371064183133904768e-01
4.339672615472232042e-01 3.141094309598683187e-01 8.030458491897594919e-02 -1.029591097844133329e-01 -3.695623239028326956e-02 6.244752349124839397e-02 6.565989850834268171e-02 -1.701185406885704840e-02 -8.577890563790870060e-02 -9.521014921288636912e-02 6.318280965247505265e-02 3.049438829322916877e-01
3.141094309598683187e-01 4.006895078291888290e-01 2.954229553581393941e-01 4.390980677380017239e-02 -1.067954191277512010e-01 -5.955080092020729327e-02 4.391847902421156663e-02 7.936743505863541603e-02 6.265737060852078974e-03 -8.367775995494325381e-02 -8.458312094870747144e-02 9.240569633907494418e-02
8.030458491897594919e-02 2.954229553581393941e-01 4.339880057293385995e-01 3.256028397239101313e-01 -3.236160414230499806e-03 -1.228290563194612134e-01 -5.012910229625769376e-02 6.464896630596314586e-02 7.787522010525894933e-02 2.725165600656787035e-02 -7.280836732279501178e-02 -7.191844105961553435e-02
-1.029591097844133329e-01 4.390980677380017239e-02 3.256028397239101313e-01 5.541197942533542253e-01 3.087847730250209977e-01 4.106528110045019886e-02 -8.413109155611023238e-02 -6.827233317640095389e-02 1.680975068056986613e-02 7.757364251672113631e-02 4.134243360223580077e-02 -7.043558063712612727e-02
-3.695623239028326956e-02 -1.067954191277512010e-01 -3.236160414230499806e-03 3.087847730250209977e-01 4.387547451345101268e-01 3.151104125001075174e-01 9.437985779813477805e-02 -7.918158362233600200e-02 -9.266798273316059764e-02 -3.680169609289174470e-02 5.837925359096786393e-02 6.032338606656505176e-02
6.244752349124839397e-02 -5.955080092020729327e-02 -1.228290563194612134e-01 4.106528110045019886e-02 3.151104125001075174e-01 4.025875340113199141e-01 2.879424835242130887e-01 9.088487710170296829e-02 -5.153305668936808415e-02 -9.800701505088722787e-02 -1.933897148543809244e-02 8.067007440726658984e-02
6.565989850834268171e-02 4.391847902421156663e-02 -5.012910229625769376e-02 -8.413109155611023238e-02 9.437985779813477805e-02 2.879424835242130887e-01 3.839812633616032644e-01 3.189154212069412742e-01 1.174425896512466816e-01 -2.641775207825490177e-02 -8.172219135286061531e-02 -9.979312330253490085e-03
-1.701185406885704840e-02 7.936743505863541603e-02 6.464896630596314586e-02 -6.827233317640095389e-02 -7.918158362233600200e-02 9.088487710170296829e-02 3.189154212069412742e-01 4.341117736737606925e-01 2.797745258035797544e-01 1.325519421874355175e-01 -4.252244219444832607e-02 -9.769724825407705149e-02
-8.577890563790870060e-02 6.265737060852078974e-03 7.787522010525894933e-02 1.680975068056986613e-02 -9.266798273316059764e-02 -5.153305668936808415e-02 1.174425896512466816e-01 2.797745258035797544e-01 2.739140521114675209e-01 2.502215748855403654e-01 1.075060228185560629e-01 -5.701710656760324708e-02
-9.521014921288636912e-02 -8.367775995494325381e-02 2.725165600656787035e-02 7.757364251672113631e-02 -3.680169609289174470e-02 -9.800701505088722787e-02 -2.641775207825490177e-02 1.325519421874355175e-01 2.502215748855403654e-01 3.811837992049745827e-01 3.290066969755345294e-01 8.020779432048248669e-02
6.318280965247505265e-02 -8.458312094870747144e-02 -7.280836732279501178e-02 4.134243360223580077e-02 5.837925359096786393e-02 -1.933897148543809244e-02 -8.172219135286061531e-02 -4.252244219444832607e-02 1.075060228185560629e-01 3.290066969755345294e-01 4.660182671533727450e-01 3.032638308408581174e-01
3.049438829322916877e-01 9.240569633907494418e-02 -7.191844105961553435e-02 -7.043558063712612727e-02 6.032338606656505176e-02 8.067007440726658984e-02 -9.979312330253490085e-03 -9.769724825407705149e-02 -5.701710656760324708e-02 8.020779432048248669e-02 3.032638308408581174e-01 3.966839959898760259e-01
4.015799600256491630e-01 2.968877745098656429e-01 9.999009660779842323e-02 -5.906846758734810021e-02 -8.469518023199296142e-02 1.455869422219919357e-02 8.425484466724972310e-02 4.782325514883935258e-02 -7.360904136382279139e-02 -9.458918467874144476e-02 5.246192213894930456e-02 3.138639504183355911e-01
2.968877745098656429e-01 4.067067695493726820e-01 3.123450717429649970e-01 9.783917039555609096e-02 -8.463558505662133191e-02 -8.293581970172814177e-02 3.820603667140269784e-03 7.385789165634751297e-02 3.116688515301729509e-02 -7.362837127306806617e-02 -9.657074930570133664e-02 6.689963597652746896e-02
9.999009660779842323e-02 3.123450717429649970e-01 3.987737978376104109e-01 2.908220055099229873e-01 7.522174833039772801e-02 -7.980244915690913599e-02 -9.315648138468184125e-02 -8.964738354051914829e-04 8.228729830234846054e-02 3.064146511377237314e-02 -7.549947679734719808e-02 -8.495975521087256732e-02
-5.906846758734810021e-02 9.783917039555609096e-02 2.908220055099229873e-01 3.962767291715101337e-01 3.196024654187910041e-01 7.933618158644942242e-02 -7.425992015058076323e-02 -8.520588538413534363e-02 2.281179598380813148e-02 8.089955729137729423e-02 2.759357264019712125e-02 -8.010520155686520760e-02
-8.469518023199296142e-02 -8.463558505662133191e-02 7.522174833039772801e-02 3.196024654187910041e-01 4.766235483501696790e-01 3.059273580517672952e-01 9.950700140079790645e-02 -5.973645824145288469e-02 -8.095637687893490753e-02 1.428534858456446260e-02 7.892168226492947414e-02 2.356541294196520114e-02
1.455869422219919357e-02 -8.293581970172814177e-02 -7.980244915690913599e-02 7.933618158644942242e-02 3.059273580517672952e-01 3.495830534607337614e-01 2.787021763053431078e-01 1.116273560005084375e-01 -6.768361823498708629e-02 -8.783574664105617269e-02 1.464022951411163113e-03 7.776415786901555438e-02
8.425484466724972310e-02 3.820603667140269784e-03 -9.315648138468184125e-02 -7.425992015058076323e-02 9.950700140079790645e-02 2.787021763053431078e-01 3.793765552862817247e-01 3.104471248656220372e-01 7.337954243663652454e-02 -9.591721159875954417e-02 -8.838250806063814580e-02 3.986701768328268503e-02
4.782325514883935258e-02 7.385789165634751297e-02 -8.964738354051914829e-04 -8.520588538413534363e-02 -5.973645824145288469e-02 1.116273560005084375e-01 3.104471248656220372e-01 4.316635810666172302e-01 3.115166595398636828e-01 6.235336010183643862e-02 -8.348107402702420465e-02 -5.977042938419355189e-02
-7.360904136382279139e-02 3.116688515301729509e-02 8.228729830234846054e-02 2.281179598380813148e-02 -8.095637687893490753e-02 -6.768361823498708629e-02 7.337954243663652454e-02 3.115166595398636828e-01 4.567472187729398891e-01 3.128737157566355842e-01 8.957180056562832893e-02 -9.111361859533467777e-02
-9.458918467874144476e-02 -7.362837127306806617e-02 3.064146511377237314e-02 8.089955729137729423e-02 1.428534858456446260e-02 -8.783574664105617269e-02 -9.591721159875954417e-02 6.235336010183643862e-02 3.128737157566355842e-01 3.909684317855062763e-01 2.952035828755196212e-01 6.268281706396548747e-02
5.246192213894930456e-02 -9.657074930570133664e-02 -7.549947679734719808e-02 2.759357264019712125e-02 7.892168226492947414e-02 1.464022951411163113e-03 -8.838250806063814580e-02 -8.348107402702420465e-02 8.957180056562832893e-02 2.952035828755196212e-01 4.209402971303131125e-01 3.201621364316679097e-01
3.138639504183355911e-01 6.689963597652746896e-02 -8.495975521087256732e-02 -8.010520155686520760e-02 2.356541294196520114e-02 7.776415786901555438e-02 3.986701768328268503e-02 -5.977042938419355189e-02 -9.111361859533467777e-02 6.268281706396548747e-02 3.201621364316679097e-01 4.907600575632710682e-01
3.859222013578721966e-01 3.326096749610771286e-01 1.011119122890213051e-01 -8.068836527046996387e-02 -4.525675523866228012e-02 3.191744117067851771e-02 4.611437520556608410e-02 -2.095007275171782701e-02 -6.720585789679031641e-02 -6.237885007698776296e-02 9.861069862015270360e-02 2.825197289385641408e-01
3.326096749610771286e-01 4.591924038352336868e-01 2.655338962047164575e-01 6.309700469216233953e-02 -9.617612613519907483e-02 -9.809840580698941936e-02 4.298093569927467772e-02 1.015560817957436857e-01 1.865858731783239660e-02 -9.551337676250953868e-02 -6.285803782041304855e-02 1.055177027944861068e-01
1.011119122890213051e-01 2.655338962047164575e-01 2.842202186967184296e-01 3.010235022833918084e-01 3.607938206411732268e-02 -9.709962138083744199e-02 -3.284998945840450491e-02 7.002778660927030940e-02 6.020010747943065066e-02 -7.098883750979810732e-03 -7.434370276708897329e-02 -4.294478374097332463e-02
-8.068836527046996387e-02 6.309700469216233953e-02 3.010235022833918084e-01 6.439551079123918553e-01 3.088249042234944008e-01 3.923548954847481951e-02 -9.464858520952558474e-02 -4.731753554924351957e-02 3.195547768456017540e-02 7.513107152439089942e-02 -6.637963937877625585e-03 -8.933384462249829849e-02
-4.525675523866228012e-02 -9.617612613519907483e-02 3.607938206411732268e-02 3.088249042234944008e-01 3.274716584858421431e-01 2.833716068201738159e-01 7.442204638989054211e-02 -8.969240855748883412e-02 -7.957146239052699521e-02 -5.993056781453667478e-03 6.743947764162791514e-02 4.889510778484143505e-02
3.191744117067851771e-02 -9.809840580698941936e-02 -9.709962138083744199e-02 3.923548954847481951e-02 2.833716068201738159e-01 4.734631452819503261e-01 3.269413424383258437e-01 3.067257723747005005e-02 -9.222105242165583305e-02 -9.017846557908187899e-02 5.036577084180457464e-02 1.118604454303944312e-01
4.611437520556608410e-02 4.298093569927467772e-02 -3.284998945840450491e-02 -9.464858520952558474e-02 7.442204638989054211e-02 3.269413424383258437e-01 4.697730357512380772e-01 3.163567571481612495e-01 9.639111101522741809e-02 -4.806156443227681263e-02 -6.480423351528982745e-02 -1.012607459986328284e-02
-2.095007275171782701e-02 1.015560817957436857e-01 7.002778660927030940e-02 -4.731753554924351957e-02 -8.969240855748883412e-02 3.067257723747005005e-02 3.163567571481612495e-01 4.167483021395178011e-01 2.687576250522945021e-01 1.203922304023616191e-01 -7.743984737772771632e-02 -1.255319732552147016e-01
-6.720585789679031641e-02 1.865858731783239660e-02 6.020010747943065066e-02 3.195547768456017540e-02 -7.957146239052699521e-02 -9.222105242165583305e-02 9.639111101522741809e-02 2.687576250522945021e-01 2.830424296060536360e-01 2.872145511443175980e-01 7.060087725765193389e-02 -7.082635326152257604e-02
-6.237885007698776296e-02 -9.551337676250953868e-02 -7.098883750979810732e-03 7.513107152439089942e-02 -5.993056781453667478e-03 -9.017846557908187899e-02 -4.806156443227681263e-02 1.203922304023616191e-01 2.872145511443175980e-01 5.138501161946669171e-01 3.272739865590848507e-01 9.685381997471539939e-02
9.861069862015270360e-02 -6.285803782041304855e-02 -7.434370276708897329e-02 -6.637963937877625585e-03 6.743947764162791514e-02 5.036577084180457464e-02 -6.480423351528982745e-02 -7.743984737772771632e-02 7.060087725765193389e-02 3.272739865590848507e-01 3.745238985345115124e-01 2.822421871593876475e-01
2.825197289385641408e-01 1.055177027944861068e-01 -4.294478374097332463e-02 -8.933384462249829849e-02 4.889510778484143505e-02 1.118604454303944312e-01 -1.012607459986328284e-02 -1.255319732552147016e-01 -7.082635326152257604e-02 9.685381997471539939e-02 2.822421871593876475e-01 3.678374822040280656e-01
3.943998247199648755e-01 2.962427121075374981e-01 5.231528977057722796e-02 -8.042598897500036204e-02 -8.318065809518446208e-02 3.069443559896881460e-02 8.603460206570665014e-02 1.642104381516580613e-02 -8.750837876653347336e-02 -1.033559205594529462e-01 4.085038506324809721e-02 3.160663578564289478e-01
2.962427121075374981e-01 4.678346485013542000e-01 3.355184040049067340e-01 7.571642500528850961e-02 -8.281418428473187598e-02 -6.911089216736615581e-02 3.021582597131661219e-02 7.418857764095718177e-02 2.010504777113603786e-02 -6.744833944692045502e-02 -9.779360889697000236e-02 5.914338543828938366e-02
5.231528977057722796e-02 3.355184040049067340e-01 4.556103873675282356e-01 2.802055083910289790e-01 1.000718705798293168e-01 -6.846872786364517627e-02 -8.908887536589119027e-02 4.796241930792737723e-03 8.234495190987020652e-02 6.419377858922685476e-02 -4.045943643188774919e-02 -1.093447023361757697e-01
-8.042598897500036204e-02 7.571642500528850961e-02 2.802055083910289790e-01 3.160099329881275732e-01 2.917819759187473272e-01 8.901733565501374068e-02 -7.705520166990142972e-02 -8.347726089397415616e-02 1.069818467527524838e-02 7.919968467236224163e-02 5.240691049136702445e-02 -7.293457564132638238e-02
-8.318065809518446208e-02 -8.281418428473187598e-02 1.000718705798293168e-01 2.917819759187473272e-01 4.657383445391172772e-01 3.255057616055783698e-01 6.437432746169324815e-02 -9.529465529542299751e-02 -8.521504562339170252e-02 6.941864430321928979e-03 7.778431230951092512e-02 2.243679097590835225e-02
3.069443559896881460e-02 -6.911089216736615581e-02 -6.846872786364517627e-02 8.901733565501374068e-02 3.255057616055783698e-01 4.165959793476388118e-01 2.956906473108411593e-01 8.672123631751410544e-02 -6.242632667129058288e-02 -8.898382949642161255e-02 -1.855604752913191449e-02 7.290971561750289598e-02
8.603460206570665014e-02 3.021582597131661219e-02 -8.908887536589119027e-02 -7.705520166990142972e-02 6.437432746169324815e-02 2.956906473108411593e-01 4.139277510237323598e-01 3.140181388033251308e-01 1.054455193309627725e-01 -5.530399870524271844e-02 -9.647816723297816810e-02 1.423377152384092820e-02
1.642104381516580613e-02 7.418857764095718177e-02 4.796241930792737723e-03 -8.347726089397415616e-02 -9.529465529542299751e-02 8.672123631751410544e-02 3.140181388033251308e-01 4.026519507259146424e-01 2.927828029873802418e-01 1.131783711623526312e-01 -4.289574516409290494e-02 -7.706743562881901433e-02
-8.750837876653347336e-02 2.010504777113603786e-02 8.234495190987020652e-02 1.069818467527524838e-02 -8.521504562339170252e-02 -6.242632667129058288e-02 1.054455193309627725e-01 2.927828029873802418e-01 3.588604983857294206e-01 2.838130776800053545e-01 1.194376000821775752e-01 -8.071780725099333975e-02
-1.033559205594529462e-01 -6.744833944692045502e-02 6.419377858922685476e-02 7.919968467236224163e-02 6.941864430321928979e-03 -8.898382949642161255e-02 -5.530399870524271844e-02 1.131783711623526312e-01 2.838130776800053545e-01 3.607849535110615458e-01 3.030677089038485983e-01 5.327161560088484321e-02
4.085038506324809721e-02 -9.779360889697000236e-02 -4.045943643188774919e-02 5.240691049136702445e-02 7.778431230951092512e-02 -1.855604752913191449e-02 -9.647816723297816810e-02 -4.289574516409290494e-02 1.194376000821775752e-01 3.030677089038485983e-01 4.463801795626876068e-01 3.179695729493731138e-01
3.160663578564289478e-01 5.914338543828938366e-02 -1.093447023361757697e-01 -7.293457564132638238e-02 2.243679097590835225e-02 7.290971561750289598e-02 1.423377152384092820e-02 -7.706743562881901433e-02 -8.071780725099333975e-02 5.327161560088484321e-02 3.179695729493731138e-01 5.012055493271228013e-01
3.849390061320677181e-01 3.058576854608998641e-01 4.336493944832896241e-02 -9.971976796230758167e-02 -5.207097262965688922e-02 6.127472775589211385e-02 6.566899963719882716e-02 -1.565614394069935605e-02 -8.723448141314071869e-02 -4.869883445972883473e-02 1.191712724494090325e-01 3.001683163921223807e-01
3.058576854608998641e-01 4.809654171957551960e-01 3.232613354052519261e-01 4.652955108060199962e-02 -1.049008430584745521e-01 -5.007993653563312664e-02 5.662680947894246225e-02 7.980959428720751925e-02 1.773564268912361823e-03 -8.940125602931640880e-02 -5.170808359514994512e-02 9.346542119389487924e-02
4.336493944832896241e-02 3.232613354052519261e-01 4.587174186076240501e-01 3.070333317903654047e-01 5.480332719852556989e-02 -1.001194015568806633e-01 -6.396950410650020791e-02 3.372618757391925015e-02 7.613199774333313796e-02 1.689779877680712417e-02 -8.047468222043377417e-02 -9.967634490452573215e-02
-9.971976796230758167e-02 4.652955108060199962e-02 3.070333317903654047e-01 4.229350501823299635e-01 3.130918473949881875e-01 5.215449583820967738e-02 -9.650193040166536729e-02 -8.233095612682955755e-02 1.953645071691451768e-02 8.347363970758475693e-02 1.636757157496337295e-02 -8.080255633603168619e-02
-5.207097262965688922e-02 -1.049008430584745521e-01 5.480332719852556989e-02 3.130918473949881875e-01 4.705455297119045532e-01 3.188644555142522985e-01 6.065309974494287326e-02 -8.741015434845580967e-02 -7.932201808253511177e-02 2.033166187545605921e-02 7.602633800477517911e-02 4.510263900277619586e-02
6.127472775589211385e-02 -5.007993653563312664e-02 -1.001194015568806633e-01 5.215449583820967738e-02 3.188644555142522985e-01 4.385400712158683545e-01 3.012767447756362071e-01 1.022958393302589031e-01 -5.446053900145941817e-02 -8.965364091938324287e-02 3.263318566261374891e-03 8.124385021746345636e-02
6.566899963719882716e-02 5.662680947894246225e-02 -6.396950410650020791e-02 -9.650193040166536729e-02 6.065309974494287326e-02 3.012767447756362071e-01 3.857459702007777214e-01 3.024161557536310108e-01 1.070551148341111758e-01 -7.025689127129133849e-02 -8.654623712453335393e-02 -1.259428146065846507e-02
-1.565614394069935605e-02 7.980959428720751925e-02 3.372618757391925015e-02 -8.233095612682955755e-02 -8.741015434845580967e-02 1.022958393302589031e-01 3.024161557536310108e-01 3.887855490197315023e-01 2.898125482652949558e-01 8.928038262869772423e-02 -7.187752841191336062e-02 -1.008594556055246727e-01
-8.723448141314071869e-02 1.773564268912361823e-03 7.613199774333313796e-02 1.953645071691451768e-02 -7.932201808253511177e-02 -5.446053900145941817e-02 1.070551148341111758e-01 2.898125482652949558e-01 3.828667117648641982e-01 3.157702007225670071e-01 8.710749852628608958e-02 -6.724991856844397820e-02
-4.869883445972883473e-02 -8.940125602931640880e-02 1.689779877680712417e-02 8.347363970758475693e-02 2.033166187545605921e-02 -8.965364091938324287e-02 -7.025689127129133849e-02 8.928038262869772423e-02 3.157702007225670071e-01 4.639794633499944032e-01 3.027838774399844723e-01 1.076865178467535100e-01
1.191712724494090325e-01 -5.170808359514994512e-02 -8.047468222043377417e-02 1.636757157496337295e-02 7.602633800477517911e-02 3.263318566261374891e-03 -8.654623712453335393e-02 -7.187752841191336062e-02 8.710749852628608958e-02 3.027838774399844723e-01 3.432896062820538496e-01 2.804939263187232745e-01
3.001683163921223807e-01 9.346542119389487924e-02 -9.967634490452573215e-02 -8.080255633603168619e-02 4.510263900277619586e-02 8.124385021746345636e-02 -1.259428146065846507e-02 -1.008594556055246727e-01 -6.724991856844397820e-02 1.076865178467535100e-01 2.804939263187232745e-01 3.786902063370010119e-01
5.306680204461322603e-01 3.302701691160270792e-01 5.637771661542199941e-02 -9.800086544940755928e-02 -6.748103876601740936e-02 2.747379952110698756e-02 7.125014561953235681e-02 5.372591633420498169e-02 -5.378106197411210154e-02 -9.636332376346901096e-02 3.296297806097646388e-02 3.063657837862636124e-01
3.302701691160270792e-01 4.090538473483757986e-01 2.767807474912094001e-01 1.068545541244696195e-01 -5.054922704697931840e-02 -9.823271920788267941e-02 -1.895654948758699471e-02 6.756990738260003349e-02 5.480245517843453096e-02 -5.948281680056823062e-02 -1.123350232193559145e-01 4.136381965910242153e-02
5.637771661542199941e-02 2.767807474912094001e-01 3.657213553164237463e-01 3.225977833668693395e-01 9.389434053775105871e-02 -8.359525140914508823e-02 -8.964977628013626187e-02 -2.103735549999474416e-02 6.919970432799585347e-02 4.411273142867201680e-02 -5.778554272306433981e-02 -8.847662062151798179e-02
-9.800086544940755928e-02 1.068545541244696195e-01 3.225977833668693395e-01 4.516675565154059102e-01 2.881203485339789427e-01 8.499733453763688718e-02 -5.275263661543685978e-02 -9.247522526167767376e-02 -8.600111180339728304e-04 8.146147005694920340e-02 4.471507126322934317e-02 -7.453677268467678863e-02
-6.748103876601740936e-02 -5.054922704697931840e-02 9.389434053775105871e-02 2.881203485339789427e-01 3.535634194438954658e-01 3.109132477844600562e-01 1.189080913260590622e-01 -3.110527853902954332e-02 -8.171974106017199091e-02 -3.979694526273403962e-03 6.909989043140060683e-02 3.100710896839944247e-02
2.747379952110698756e-02 -9.823271920788267941e-02 -8.359525140914508823e-02 8.499733453763688718e-02 3.109132477844600562e-01 4.507714175393839895e-01 2.892318529547566186e-01 1.185979663383286975e-01 -7.106656009608283697e-02 -9.439750757431614181e-02 9.707616479360633294e-03 8.721204335098628468e-02
7.125014561953235681e-02 -1.895654948758699471e-02 -8.964977628013626187e-02 -5.275263661543685978e-02 1.189080913260590622e-01 2.892318529547566186e-01 2.846295175598478888e-01 2.589827002320903016e-01 8.963253410918375907e-02 -6.318628251320435041e-02 -7.477268891790805894e-02 2.093196950959572145e-02
5.372591633420498169e-02 6.756990738260003349e-02 -2.103735549999474416e-02 -9.247522526167767376e-02 -3.110527853902954332e-02 1.185979663383286975e-01 2.589827002320903016e-01 4.278974520315468322e-01 3.416457577216143182e-01 6.968385952484201784e-02 -1.090009635358574897e-01 -7.573953432840019317e-02
-5.378106197411210154e-02 5.480245517843453096e-02 6.919970432799585347e-02 -8.600111180339728304e-04 -8.171974106017199091e-02 -7.106656009608283697e-02 8.963253410918375907e-02 3.416457577216143182e-01 4.632156201027569087e-01 2.913681984420233295e-01 5.670555163849202301e-02 -8.097048928488931319e-02
-9.636332376346901096e-02 -5.948281680056823062e-02 4.411273142867201680e-02 8.146147005694920340e-02 -3.979694526273403962e-03 -9.439750757431614181e-02 -6.318628251320435041e-02 6.968385952484201784e-02 2.913681984420233295e-01 3.927679081427565277e-01 3.174032361365550226e-01 8.636444629990974731e-02
3.296297806097646388e-02 -1.123350232193559145e-01 -5.778554272306433981e-02 4.471507126322934317e-02 6.909989043140060683e-02 9.707616479360633294e-03 -7.477268891790805894e-02 -1.090009635358574897e-01 5.670555163849202301e-02 3.174032361365550226e-01 4.670813379598929838e-01 3.108079082709691021e-01
