2.909356721067426488e-01 2.564037655473263566e-01 1.196789617912732417e-01 8.680745244532491606e-03 -5.802534077776812238e-02 -6.984003290860515967e-02 -6.227355961121053274e-02 1.198017114786777484e-02 1.222214430708802174e-01 2.365595010647005003e-01
2.564037655473263566e-01 4.234318670856098143e-01 2.591883489470520052e-01 1.382062763322694787e-01 4.677321769918631189e-02 -1.987329218949558662e-02 -7.097953093058567697e-02 -6.897829944259865897e-02 1.878117016852054802e-03 1.209713217894289317e-01
1.196789617912732417e-01 2.591883489470520052e-01 2.780205238240054388e-01 2.119410687411724392e-01 1.408112965428695851e-01 6.476900940671129203e-02 -1.065273890560361394e-03 -6.017931840014159595e-02 -6.674516838879315794e-02 -9.554808436675474997e-03
8.680745244532491606e-03 1.382062763322694787e-01 2.119410687411724392e-01 2.426501815466912404e-01 2.107888967030571992e-01 1.351701205563055064e-01 7.836251809362758391e-02 -1.152609440867057369e-02 -7.943893114799706334e-02 -8.324303270502061980e-02
-5.802534077776812238e-02 4.677321769918631189e-02 1.408112965428695851e-01 2.107888967030571992e-01 2.537056740467993898e-01 1.925764375790793292e-01 1.523049096342799780e-01 5.764977818413966754e-02 -5.128026045598412658e-02 -1.024213036322634413e-01
-6.984003290860515967e-02 -1.987329218949558662e-02 6.476900940671129203e-02 1.351701205563055064e-01 1.925764375790793292e-01 2.002395016434721231e-01 2.121866750542026059e-01 1.335240011664137194e-01 2.231702191423957926e-02 -6.185842802875421431e-02
-6.227355961121053274e-02 -7.097953093058567697e-02 -1.065273890560361394e-03 7.836251809362758391e-02 1.523049096342799780e-01 2.121866750542026059e-01 3.282112200875030861e-01 2.577570517362130498e-01 1.335448192061694517e-01 1.045480488323224585e-02
1.198017114786777484e-02 -6.897829944259865897e-02 -6.017931840014159595e-02 -1.152609440867057369e-02 5.764977818413966754e-02 1.335240011664137194e-01 2.577570517362130498e-01 3.388420823829292328e-01 2.446499852041872092e-01 1.317259062369682820e-01
1.222214430708802174e-01 1.878117016852054802e-03 -6.674516838879315794e-02 -7.943893114799706334e-02 -5.128026045598412658e-02 2.231702191423957926e-02 1.335448192061694517e-01 2.446499852041872092e-01 3.035259123050916275e-01 2.459209885465845069e-01
2.365595010647005003e-01 1.209713217894289317e-01 -9.554808436675474997e-03 -8.324303270502061980e-02 -1.024213036322634413e-01 -6.185842802875421431e-02 1.045480488323224585e-02 1.317259062369682820e-01 2.459209885465845069e-01 3.404373649711536221e-01
1.543856663725807765e-01 1.512836791315505802e-01 1.297615674359590132e-01 5.051243522113066375e-02 -4.257317109901652408e-02 -8.672101286226233108e-02 -4.494011563461430825e-02 3.616430276759047269e-02 1.297338568878115272e-01 1.843991883754187711e-01
1.512836791315505802e-01 2.180391506532423918e-01 2.498211206473265056e-01 1.530100924318166244e-01 1.854574969645107069e-02 -7.239305363069759025e-02 -7.363033184484250870e-02 -3.924380605241072073e-02 4.745038371872669497e-02 1.205325900879930523e-01
1.297615674359590132e-01 2.498211206473265056e-01 4.211268535661815138e-01 2.735109296523910993e-01 1.145780606340411345e-01 -8.213914142775516347e-03 -5.964884330044101235e-02 -7.708435830246262999e-02 -2.267001087890944261e-02 5.753736935954013171e-02
5.051243522113066375e-02 1.530100924318166244e-01 2.735109296523910993e-01 3.045208022107749879e-01 2.074364655554550296e-01 1.202411046299062258e-01 2.619669988456029691e-02 -4.295379406932672839e-02 -5.761454135132826337e-02 -2.278901913585480374e-02
-4.257317109901652408e-02 1.854574969645107069e-02 1.145780606340411345e-01 2.074364655554550296e-01 2.590405571578874300e-01 2.551990574402827616e-01 1.378189677416999104e-01 4.461137203206052421e-02 -4.779686744243145935e-02 -8.061019696790287792e-02
-8.672101286226233108e-02 -7.239305363069759025e-02 -8.213914142775516347e-03 1.202411046299062258e-01 2.551990574402827616e-01 4.183135163389481437e-01 2.379336631581813466e-01 1.365220439006750164e-01 2.269063955199771693e-03 -8.150132578441385278e-02
-4.494011563461430825e-02 -7.363033184484250870e-02 -5.964884330044101235e-02 2.619669988456029691e-02 1.378189677416999104e-01 2.379336631581813466e-01 2.144156083116459388e-01 1.996943539392125877e-01 1.034386970428109592e-01 1.174427344138003967e-02
3.616430276759047269e-02 -3.924380605241072073e-02 -7.708435830246262999e-02 -4.295379406932672839e-02 4.461137203206052421e-02 1.365220439006750164e-01 1.996943539392125877e-01 3.174952368031174199e-01 2.612229347714513650e-01 1.572193576536440318e-01
1.297338568878115272e-01 4.745038371872669497e-02 -2.267001087890944261e-02 -5.761454135132826337e-02 -4.779686744243145935e-02 2.269063955199771693e-03 1.034386970428109592e-01 2.612229347714513650e-01 3.769304494073163481e-01 2.728895778461232213e-01
1.843991883754187711e-01 1.205325900879930523e-01 5.753736935954013171e-02 -2.278901913585480374e-02 -8.061019696790287792e-02 -8.150132578441385278e-02 1.174427344138003967e-02 1.572193576536440318e-01 2.728895778461232213e-01 3.157321591783044945e-01
3.558881186412400921e-01 2.286662870909373368e-01 1.428131068545367421e-01 5.018428580575307052e-02 -3.643150992753037276e-02 -8.266036530701179053e-02 -6.933580425556798432e-02 2.166343649598916066e-02 1.491181727201049412e-01 2.461140093647724014e-01
2.286662870909373368e-01 2.209417813990150470e-01 1.931843112097572646e-01 1.302625923293894150e-01 4.591895382135037507e-02 -4.375124911918077536e-02 -8.540860470721972630e-02 -4.631455774047230078e-02 4.210069406304162154e-02 1.369757247189844762e-01
1.428131068545367421e-01 1.931843112097572646e-01 2.516014190531949413e-01 2.319210884199982281e-01 1.508390691529709060e-01 3.034738805169854420e-02 -6.332126367159791880e-02 -7.825976021766525847e-02 -3.862553957329362825e-02 5.076641689808894520e-02
5.018428580575307052e-02 1.302625923293894150e-01 2.319210884199982281e-01 3.230558612905486959e-01 2.604901702247155448e-01 1.320210979056619938e-01 1.118085151711743427e-02 -6.302268586517380256e-02 -8.335073826548913822e-02 -3.073030326974990692e-02
-3.643150992753037276e-02 4.591895382135037507e-02 1.508390691529709060e-01 2.604901702247155448e-01 3.392511513923662791e-01 2.315317074743569181e-01 1.254866175345958623e-01 1.407832190313531087e-02 -6.344359098828986077e-02 -7.070817927258583879e-02
-8.266036530701179053e-02 -4.375124911918077536e-02 3.034738805169854420e-02 1.320210979056619938e-01 2.315317074743569181e-01 2.715431464106112802e-01 2.406362049721390839e-01 1.300223583258065252e-01 2.717297902943515212e-02 -5.122369064140353673e-02
-6.933580425556798432e-02 -8.540860470721972630e-02 -6.332126367159791880e-02 1.118085151711743427e-02 1.254866175345958623e-01 2.406362049721390839e-01 3.648492143933648180e-01 2.495090588490089523e-01 1.459869929386870269e-01 1.924964826636449411e-02
2.166343649598916066e-02 -4.631455774047230078e-02 -7.825976021766525847e-02 -6.302268586517380256e-02 1.407832190313531087e-02 1.300223583258065252e-01 2.495090588490089523e-01 2.776894211813724089e-01 2.342674932515285136e-01 1.162814515749602540e-01
1.491181727201049412e-01 4.210069406304162154e-02 -3.862553957329362825e-02 -8.335073826548913822e-02 -6.344359098828986077e-02 2.717297902943515212e-02 1.459869929386870269e-01 2.342674932515285136e-01 3.288586407498331199e-01 2.305212902427149768e-01
2.461140093647724014e-01 1.369757247189844762e-01 5.076641689808894520e-02 -3.073030326974990692e-02 -7.070817927258583879e-02 -5.122369064140353673e-02 1.924964826636449411e-02 1.162814515749602540e-01 2.305212902427149768e-01 2.663212454884569258e-01
2.291350395190291100e-01 2.126479863663016112e-01 1.314069795859396095e-01 4.518906927006206137e-02 -3.588323308005399170e-02 -7.773749775821470198e-02 -7.676330217731353045e-02 -1.487632150033772922e-02 1.153305340012322211e-01 2.300961098605547872e-01
2.126479863663016112e-01 3.194977622268821982e-01 2.515949402390559864e-01 1.577368493698457219e-01 4.392898522600437172e-02 -4.212098932765668408e-02 -8.810990519343936400e-02 -8.263268888929936606e-02 -5.213505982667281102e-03 1.167300475902239426e-01
1.314069795859396095e-01 2.515949402390559864e-01 3.090658548670062733e-01 2.412671046729457647e-01 1.332707785772245246e-01 4.350370952435075877e-02 -2.896336384184698340e-02 -7.051014361070592762e-02 -6.211970825595777845e-02 1.859711074424700780e-02
4.518906927006206137e-02 1.577368493698457219e-01 2.412671046729457647e-01 2.864016101810527015e-01 2.132787159658335874e-01 1.382722389445589228e-01 6.674656249877813918e-02 -7.399510818623210653e-03 -6.654693636432240655e-02 -5.115548968124346979e-02
-3.588323308005399170e-02 4.392898522600437172e-02 1.332707785772245246e-01 2.132787159658335874e-01 2.460416283423360884e-01 2.135390071456046701e-01 1.548750505358802432e-01 7.541807900154648414e-02 -2.709093358666510645e-02 -7.767655391019052946e-02
-7.773749775821470198e-02 -4.212098932765668408e-02 4.350370952435075877e-02 1.382722389445589228e-01 2.135390071456046701e-01 2.602204431165447418e-01 2.274363298522376065e-01 1.492385145969939986e-01 3.600126327883373251e-02 -6.440963051860418287e-02
-7.676330217731353045e-02 -8.810990519343936400e-02 -2.896336384184698340e-02 6.674656249877813918e-02 1.548750505358802432e-01 2.274363298522376065e-01 2.803056964094759462e-01 2.222313411612931999e-01 1.187044198962508290e-01 -7.031008613588535933e-03
-1.487632150033772922e-02 -8.263268888929936606e-02 -7.051014361070592762e-02 -7.399510818623210653e-03 7.541807900154648414e-02 1.492385145969939986e-01 2.222313411612931999e-01 2.652469544296164328e-01 2.307843583381557762e-01 1.147840884260974692e-01
1.153305340012322211e-01 -5.213505982667281102e-03 -6.211970825595777845e-02 -6.654693636432240655e-02 -2.709093358666510645e-02 3.600126327883373251e-02 1.187044198962508290e-01 2.307843583381557762e-01 3.782033370784015358e-01 2.873825681453611725e-01
2.300961098605547872e-01 1.167300475902239426e-01 1.859711074424700780e-02 -5.115548968124346979e-02 -7.767655391019052946e-02 -6.440963051860418287e-02 -7.031008613588535933e-03 1.147840884260974692e-01 2.873825681453611725e-01 4.258816738296510307e-01
3.835461569082832534e-01 1.732508594688747516e-01 1.322057097406949544e-01 5.752226186253865670e-02 -3.356494304957538533e-02 -9.830480294673593633e-02 -8.675355393747788413e-02 -1.420401695189479202e-02 1.356102941883563229e-01 2.773949242124517101e-01
1.732508594688747516e-01 1.205517739221762530e-01 1.576291854811534554e-01 1.174140028432221067e-01 4.132780477630717403e-02 -3.480558873395576958e-02 -6.408748381002753181e-02 -5.090833431045115043e-02 1.068951680803182508e-02 1.054090532090659060e-01
1.322057097406949544e-01 1.576291854811534554e-01 3.075931264521638564e-01 2.710809858555797147e-01 1.588481274938152443e-01 3.180409316650664731e-02 -5.584362607241646903e-02 -8.773388848845001253e-02 -6.689090255820122344e-02 3.876791788327055288e-02
5.752226186253865670e-02 1.174140028432221067e-01 2.710809858555797147e-01 3.648756569972915198e-01 2.466977594106458671e-01 1.263312880534813998e-01 1.932061530241353103e-02 -5.000912343105225200e-02 -7.769822143806841275e-02 -2.379460153786353699e-02
-3.356494304957538533e-02 4.132780477630717403e-02 1.588481274938152443e-01 2.466977594106458671e-01 2.676304766940511559e-01 2.176088592889324491e-01 1.265966800243109591e-01 4.748250392512480544e-02 -2.455710813184111552e-02 -5.595359019888176966e-02
-9.830480294673593633e-02 -3.480558873395576958e-02 3.180409316650664731e-02 1.263312880534813998e-01 2.176088592889324491e-01 3.021520543282628646e-01 2.365954134617916926e-01 1.550336273326989034e-01 6.032970103851989507e-02 -5.492286822450590661e-02
-8.675355393747788413e-02 -6.408748381002753181e-02 -5.584362607241646903e-02 1.932061530241353103e-02 1.265966800243109591e-01 2.365954134617916926e-01 2.752668981690016281e-01 2.230810923958428948e-01 1.409166742075182444e-01 3.391950916980172696e-03
-1.420401695189479202e-02 -5.090833431045115043e-02 -8.773388848845001253e-02 -5.000912343105225200e-02 4.748250392512480544e-02 1.550336273326989034e-01 2.230810923958428948e-01 2.648967512958370074e-01 2.333746279078754426e-01 1.043198979842817481e-01
1.356102941883563229e-01 1.068951680803182508e-02 -6.689090255820122344e-02 -7.769822143806841275e-02 -2.455710813184111552e-02 6.032970103851989507e-02 1.409166742075182444e-01 2.333746279078754426e-01 3.517749085007497722e-01 2.565469391267865551e-01
2.773949242124517101e-01 1.054090532090659060e-01 3.876791788327055288e-02 -2.379460153786353699e-02 -5.595359019888176966e-02 -5.492286822450590661e-02 3.391950916980172696e-03 1.043198979842817481e-01 2.565469391267865551e-01 3.617121967321844100e-01
2.186221855725286600e-01 2.167898597978502040e-01 1.187572220098098291e-01 2.834103823869841762e-02 -4.537609785733084933e-02 -6.973028258706576166e-02 -5.694813306093474137e-02 2.618435390065149138e-02 1.365009855048923137e-01 2.209772341738752699e-01
2.167898597978502040e-01 3.617522179550952122e-01 2.494700467378007380e-01 1.513112096679020691e-01 2.467711434686763877e-02 -6.012838581277008682e-02 -1.005542866107171918e-01 -5.541690157223663760e-02 2.538526022095062909e-02 1.283285587082412804e-01
1.187572220098098291e-01 2.494700467378007380e-01 2.845281841898500419e-01 2.434074013325040198e-01 1.263041189786811569e-01 2.664988932339106345e-02 -4.816337363189121534e-02 -6.301148976860448947e-02 -5.002284870745709461e-02 2.023467546429132818e-02
2.834103823869841762e-02 1.513112096679020691e-01 2.434074013325040198e-01 3.335373128602224790e-01 2.336487972744452635e-01 1.343727201922499392e-01 5.141384605690364068e-02 -2.677332914849695628e-02 -8.053015039001562569e-02 -6.245860112977541512e-02
-4.537609785733084933e-02 2.467711434686763877e-02 1.263041189786811569e-01 2.336487972744452635e-01 2.727289475926538698e-01 2.172829391511367503e-01 1.562135077903586688e-01 5.138550549968941977e-02 -4.103167593954861608e-02 -7.871915872158834204e-02
-6.973028258706576166e-02 -6.012838581277008682e-02 2.664988932339106345e-02 1.343727201922499392e-01 2.172829391511367503e-01 2.536661993086783973e-01 2.403140823094250533e-01 1.276510182287162176e-01 3.429733283630864715e-02 -4.488348633996823434e-02
-5.694813306093474137e-02 -1.005542866107171918e-01 -4.816337363189121534e-02 5.141384605690364068e-02 1.562135077903586688e-01 2.403140823094250533e-01 3.460873016052887774e-01 2.161706172222979394e-01 1.304154036113187032e-01 2.563420388347324719e-02
2.618435390065149138e-02 -5.541690157223663760e-02 -6.301148976860448947e-02 -2.677332914849695628e-02 5.138550549968941977e-02 1.276510182287162176e-01 2.161706172222979394e-01 2.164186673629897029e-01 2.176676513580192429e-01 1.338817179342509101e-01
1.365009855048923137e-01 2.538526022095062909e-02 -5.002284870745709461e-02 -8.053015039001562569e-02 -4.103167593954861608e-02 3.429733283630864715e-02 1.304154036113187032e-01 2.176676513580192429e-01 3.540951680211307240e-01 2.739531064158133855e-01
2.209772341738752699e-01 1.283285587082412804e-01 2.023467546429132818e-02 -6.245860112977541512e-02 -7.871915872158834204e-02 -4.488348633996823434e-02 2.563420388347324719e-02 1.338817179342509101e-01 2.739531064158133855e-01 3.585638155315619136e-01
3.269579417931907095e-01 2.486726125173723545e-01 1.301474449925009713e-01 -1.710797142792329709e-02 -8.749383554701423149e-02 -5.803943323284255218e-02 3.170955760517162741e-03 7.360508008384543388e-02 1.249287451034084978e-01 2.448022059785191495e-01
2.486726125173723545e-01 2.875797897496384925e-01 2.254138630581211666e-01 9.356522865654809396e-02 -3.537293090988003624e-02 -7.663269590654989138e-02 -5.708842031359603192e-02 -8.176948615309494184e-03 6.024110832744447586e-02 1.643655197838027604e-01
1.301474449925009713e-01 2.254138630581211666e-01 3.335966160211935039e-01 2.699837851575235259e-01 1.069309746257739030e-01 -3.174936162552241536e-02 -8.213881761762423239e-02 -8.251960496443021265e-02 -2.347220502005965825e-02 4.579241254693845742e-02
-1.710797142792329709e-02 9.356522865654809396e-02 2.699837851575235259e-01 4.615923819423136121e-01 2.740371161027310709e-01 9.969645385988260000e-02 -9.826604010664014011e-03 -6.487203799456975339e-02 -6.277486776264830370e-02 -6.625915592358819217e-02
-8.749383554701423149e-02 -3.537293090988003624e-02 1.069309746257739030e-01 2.740371161027310709e-01 3.371822837785596327e-01 2.236018494548935309e-01 1.248747287913843790e-01 5.380739789603646017e-02 -1.598522330212897094e-02 -7.496895690609867158e-02
-5.803943323284255218e-02 -7.663269590654989138e-02 -3.174936162552241536e-02 9.969645385988260000e-02 2.236018494548935309e-01 2.751550668649985210e-01 2.293537255817275911e-01 1.705787873725133630e-01 6.812113813007963925e-02 1.205924277607060315e-03
3.170955760517162741e-03 -5.708842031359603192e-02 -8.213881761762423239e-02 -9.826604010664014011e-03 1.248747287913843790e-01 2.293537255817275911e-01 2.794279824602313722e-01 2.452609106392132921e-01 1.273261368750381872e-01 7.520469931324579027e-02
7.360508008384543388e-02 -8.176948615309494184e-03 -8.251960496443021265e-02 -6.487203799456975339e-02 5.380739789603646017e-02 1.705787873725133630e-01 2.452609106392132921e-01 3.013906296450985511e-01 1.746780557596611105e-01 1.401132293131654993e-01
1.249287451034084978e-01 6.024110832744447586e-02 -2.347220502005965825e-02 -6.277486776264830370e-02 -1.598522330212897094e-02 6.812113813007963925e-02 1.273261368750381872e-01 1.746780557596611105e-01 1.391262103056057631e-01 1.594868747387104824e-01
2.448022059785191495e-01 1.643655197838027604e-01 4.579241254693845742e-02 -6.625915592358819217e-02 -7.496895690609867158e-02 1.205924277607060315e-03 7.520469931324579027e-02 1.401132293131654993e-01 1.594868747387104824e-01 2.579910974391691481e-01
3.753572929091327781e-01 2.509057944575360244e-01 1.165996233741219967e-01 1.190936027483430887e-02 -5.228826172646274667e-02 -6.945608129344174597e-02 -4.001793936258873224e-02 3.841161042179896262e-02 1.418508071037713203e-01 2.659527603863537371e-01
2.509057944575360244e-01 3.173949829583042614e-01 2.387808334950014821e-01 1.425184015100277590e-01 4.791999847748647234e-02 -3.797709664131464213e-02 -8.058128292901656220e-02 -5.463823806272329053e-02 1.185534462787780560e-02 1.260327559619259241e-01
1.165996233741219967e-01 2.387808334950014821e-01 3.020441528747551119e-01 2.396532836061729121e-01 1.474410040268704369e-01 4.135171812680067671e-02 -4.976870790360523461e-02 -8.195044940596030170e-02 -7.463018061671061743e-02 -7.680080174417426402e-03
1.190936027483430887e-02 1.425184015100277590e-01 2.396532836061729121e-01 2.869015847707687694e-01 2.243158638471686173e-01 1.282089612354393449e-01 2.962341860521613968e-02 -4.910318959837803310e-02 -8.959045019529948695e-02 -7.671205661518634700e-02
-5.228826172646274667e-02 4.791999847748647234e-02 1.474410040268704369e-01 2.243158638471686173e-01 2.700982722699424854e-01 2.221621001637500148e-01 1.423360040575926133e-01 3.677199882869502251e-02 -4.288008853822168620e-02 -8.230956958931329170e-02
-6.945608129344174597e-02 -3.797709664131464213e-02 4.135171812680067671e-02 1.282089612354393449e-01 2.221621001637500148e-01 2.920340234466459739e-01 2.579881253651429285e-01 1.430273954831782213e-01 4.906044252716799947e-02 -3.319298002453476004e-02
-4.001793936258873224e-02 -8.058128292901656220e-02 -4.976870790360523461e-02 2.962341860521613968e-02 1.423360040575926133e-01 2.579881253651429285e-01 3.664696553076031149e-01 2.341144586369289793e-01 1.411748999992287756e-01 4.844574714135611859e-02
3.841161042179896262e-02 -5.463823806272329053e-02 -8.195044940596030170e-02 -4.910318959837803310e-02 3.677199882869502251e-02 1.430273954831782213e-01 2.341144586369289793e-01 2.252465566357899629e-01 1.901954609526014250e-01 1.277785688137825781e-01
1.418508071037713203e-01 1.185534462787780560e-02 -7.463018061671061743e-02 -8.959045019529948695e-02 -4.288008853822168620e-02 4.906044252716799947e-02 1.411748999992287756e-01 1.901954609526014250e-01 2.407245123041878432e-01 2.261028180192605763e-01
2.659527603863537371e-01 1.260327559619259241e-01 -7.680080174417426402e-03 -7.671205661518634700e-02 -8.230956958931329170e-02 -3.319298002453476004e-02 4.844574714135611859e-02 1.277785688137825781e-01 2.261028180192605763e-01 3.237289665228689217e-01
3.420945831829600992e-01 2.290741044029226958e-01 1.264437056601849241e-01 1.938632068852681745e-02 -5.532981563638772471e-02 -9.262556059533050279e-02 -4.781610641113388793e-02 9.379477854978468879e-03 1.229692459970326973e-01 2.673840254750616818e-01
2.290741044029226958e-01 2.402332095875860385e-01 2.095308235643904560e-01 1.283071547811698299e-01 3.052699101518805899e-02 -4.573788749620969624e-02 -5.729408049738334008e-02 -5.918393228281045026e-02 3.165505064937036706e-02 1.510639694908447184e-01
1.264437056601849241e-01 2.095308235643904560e-01 2.974898473204402594e-01 2.577771011382733457e-01 1.423381054651377819e-01 4.489189637411221401e-02 -3.243729236448372744e-02 -8.813243865334793870e-02 -4.268243293880000927e-02 4.034927705965421496e-02
1.938632068852681745e-02 1.283071547811698299e-01 2.577771011382733457e-01 3.730564620582407231e-01 2.406699578154963548e-01 1.505250050050767063e-01 3.429470178792487500e-02 -4.609019950283305134e-02 -6.315256697266750929e-02 -4.889322169584865013e-02
-5.532981563638772471e-02 3.052699101518805899e-02 1.423381054651377819e-01 2.406699578154963548e-01 2.371049711711864794e-01 2.135741181394586741e-01 9.909140192027397764e-02 4.092146121804873110e-02 -2.945623819383873937e-02 -7.658473007999855309e-02
-9.262556059533050279e-02 -4.573788749620969624e-02 4.489189637411221401e-02 1.505250050050767063e-01 2.135741181394586741e-01 2.997630978708507588e-01 1.833278028084697198e-01 1.555624989146830450e-01 3.658401581450543283e-02 -6.627439171727317335e-02
-4.781610641113388793e-02 -5.729408049738334008e-02 -3.243729236448372744e-02 3.429470178792487500e-02 9.909140192027397764e-02 1.833278028084697198e-01 1.687713583979449650e-01 2.250946024050798633e-01 1.062374179047527872e-01 1.348292591975363761e-02
9.379477854978468879e-03 -5.918393228281045026e-02 -8.813243865334793870e-02 -4.609019950283305134e-02 4.092146121804873110e-02 1.555624989146830450e-01 2.250946024050798633e-01 4.846802063070934641e-01 2.405797432586105900e-01 1.238685474612880033e-01
1.229692459970326973e-01 3.165505064937036706e-02 -4.268243293880000927e-02 -6.315256697266750929e-02 -2.945623819383873937e-02 3.658401581450543283e-02 1.062374179047527872e-01 2.405797432586105900e-01 2.177664713727067158e-01 2.083650210113394130e-01
2.673840254750616818e-01 1.510639694908447184e-01 4.034927705965421496e-02 -4.889322169584865013e-02 -7.658473007999855309e-02 -6.627439171727317335e-02 1.348292591975363761e-02 1.238685474612880033e-01 2.083650210113394130e-01 3.390397927309908854e-01
4.126679763294202052e-01 2.895445327937606339e-01 1.311914364742459149e-01 3.288682444685595008e-02 -3.623688228723712101e-02 -7.873786399702051297e-02 -7.158372930963571856e-02 2.016152574930194820e-03 1.130689069773225114e-01 2.177244107027414000e-01
2.895445327937606339e-01 3.245090434649742228e-01 1.756361137645153503e-01 1.115415844620288033e-01 2.949890595901829074e-02 -4.449726009353665440e-02 -8.167712381702413316e-02 -5.115118334892996416e-02 3.777250289044749298e-02 1.475744901149833588e-01
1.311914364742459149e-01 1.756361137645153503e-01 1.494243334310744464e-01 1.903843323765859741e-01 1.159702470836153354e-01 4.524654496481309018e-02 -2.419514207991278407e-02 -5.482857722590399330e-02 -3.215780850541465757e-02 4.209678104485854028e-02
3.288682444685595008e-02 1.115415844620288033e-01 1.903843323765859741e-01 4.113852745379644182e-01 2.697116362040924420e-01 1.701432438079220066e-01 4.911571225035102350e-02 -5.453702750612396399e-02 -9.112367799756168618e-02 -3.767348616480402368e-02
-3.623688228723712101e-02 2.949890595901829074e-02 1.159702470836153354e-01 2.697116362040924420e-01 2.792166969352706807e-01 2.174452187122374036e-01 1.142959672315377734e-01 1.130038949791590218e-02 -5.970207058513882226e-02 -5.633299994390063292e-02
-7.873786399702051297e-02 -4.449726009353665440e-02 4.524654496481309018e-02 1.701432438079220066e-01 2.174452187122374036e-01 2.446164208048445254e-01 1.983554523507941314e-01 1.181141056303485204e-01 2.742635559161326481e-02 -3.951386479633668680e-02
-7.158372930963571856e-02 -8.167712381702413316e-02 -2.419514207991278407e-02 4.911571225035102350e-02 1.142959672315377734e-01 1.983554523507941314e-01 2.792899176922901683e-01 2.565414876303011571e-01 1.621413284505461294e-01 2.432447240579554623e-02
2.016152574930194820e-03 -5.115118334892996416e-02 -5.482857722590399330e-02 -5.453702750612396399e-02 1.130038949791590218e-02 1.181141056303485204e-01 2.565414876303011571e-01 3.759366741005134571e-01 2.778885786566325233e-01 1.096893330179696535e-01
1.130689069773225114e-01 3.777250289044749298e-02 -3.215780850541465757e-02 -9.112367799756168618e-02 -5.970207058513882226e-02 2.742635559161326481e-02 1.621413284505461294e-01 2.778885786566325233e-01 3.423374137294074027e-01 1.853271715101727224e-01
2.177244107027414000e-01 1.475744901149833588e-01 4.209678104485854028e-02 -3.767348616480402368e-02 -5.633299994390063292e-02 -3.951386479633668680e-02 2.432447240579554623e-02 1.096893330179696535e-01 1.853271715101727224e-01 1.806162489742430544e-01
3.308836452580584120e-01 2.307557514903316176e-01 1.161831727297239075e-01 2.959911418167382458e-02 -3.284331167984441691e-02 -6.724547943747420653e-02 -7.412666924350880260e-02 -1.241936986658768831e-02 1.268458984555282387e-01 2.744884483368456030e-01
2.307557514903316176e-01 2.901650562822601365e-01 2.325728035847278719e-01 1.547420338032783060e-01 7.783863614249222906e-02 3.736981311928407479e-03 -6.122710520801440820e-02 -7.146315176947530545e-02 6.344236553249270674e-03 1.288691556875551925e-01
1.161831727297239075e-01 2.325728035847278719e-01 2.928285352628250404e-01 2.370305867464649330e-01 1.587130933592542648e-01 7.875502299472547652e-02 -3.829549536202909131e-03 -6.611118198842970417e-02 -6.483167374592406496e-02 8.952212194008673466e-04
2.959911418167382458e-02 1.547420338032783060e-01 2.370305867464649330e-01 2.707257207811053501e-01 2.077912618162935376e-01 1.326468724434150814e-01 5.985173653622839068e-02 -2.442655007122972871e-02 -7.884255518940090635e-02 -6.818311201656497567e-02
-3.284331167984441691e-02 7.783863614249222906e-02 1.587130933592542648e-01 2.077912618162935376e-01 2.098995314127480860e-01 1.693368947151119852e-01 1.264846549823501476e-01 4.658145095671675090e-02 -4.980926186323215293e-02 -8.956170021342349519e-02
-6.724547943747420653e-02 3.736981311928407479e-03 7.875502299472547652e-02 1.326468724434150814e-01 1.693368947151119852e-01 1.980359923358446517e-01 2.148896036063470405e-01 1.451557759209134990e-01 1.923547898275749374e-02 -7.256666682413302760e-02
-7.412666924350880260e-02 -6.122710520801440820e-02 -3.829549536202909131e-03 5.985173653622839068e-02 1.264846549823501476e-01 2.148896036063470405e-01 3.449100608161480563e-01 2.820939335485596056e-01 1.273951311256591445e-01 -1.551647353726601924e-02
-1.241936986658768831e-02 -7.146315176947530545e-02 -6.611118198842970417e-02 -2.442655007122972871e-02 4.658145095671675090e-02 1.451557759209134990e-01 2.820939335485596056e-01 3.923934177359443276e-01 2.328443826169432629e-01 9.908692352095324618e-02
1.268458984555282387e-01 6.344236553249270674e-03 -6.483167374592406496e-02 -7.884255518940090635e-02 -4.980926186323215293e-02 1.923547898275749374e-02 1.273951311256591445e-01 2.328443826169432629e-01 2.644622528277759121e-01 2.397807151732586628e-01
2.744884483368456030e-01 1.288691556875551925e-01 8.952212194008673466e-04 -6.818311201656497567e-02 -8.956170021342349519e-02 -7.256666682413302760e-02 -1.551647353726601924e-02 9.908692352095324618e-02 2.397807151732586628e-01 4.056957872872883897e-01
3.731771854551524381e-01 2.624157074925302924e-01 1.138087341511394568e-01 -2.407495487453757688e-02 -8.598228750479436355e-02 -8.437653039329752469e-02 -3.118006378634045894e-02 4.804203674516675793e-02 1.346845364628835029e-01 2.422463993973032470e-01
2.624157074925302924e-01 3.215316200327188456e-01 2.414263645240768419e-01 1.104761566593926991e-01 8.800007164874487208e-04 -5.988945568585182788e-02 -6.738943101804741043e-02 -3.760828760219493694e-02 4.238491048176896980e-02 1.427642835590737791e-01
1.138087341511394568e-01 2.414263645240768419e-01 3.666218301807481206e-01 2.667820585051891014e-01 1.435139607426053898e-01 3.621915923674414589e-02 -4.338026933412646169e-02 -8.167212888022046258e-02 -5.579390343182017570e-02 5.283450493002564419e-03
-2.407495487453757688e-02 1.104761566593926991e-01 2.667820585051891014e-01 3.448996072201906404e-01 2.385840452443263038e-01 1.355384407418005199e-01 3.774214893184069108e-02 -4.043086256519615868e-02 -7.463256666791162619e-02 -7.636003661102289120e-02
-8.598228750479436355e-02 8.800007164874487208e-04 1.435139607426053898e-01 2.385840452443263038e-01 2.566989741569718486e-01 2.057407314956939404e-01 1.265941495401445016e-01 5.170070707908981655e-02 -2.816565396909244748e-02 -8.037471084959094125e-02
-8.437653039329752469e-02 -5.988945568585182788e-02 3.621915923674414589e-02 1.355384407418005199e-01 2.057407314956939404e-01 2.555817624907543717e-01 2.181891060627431655e-01 1.589835726654363346e-01 5.572992812214489639e-02 -3.040721502512957683e-02
-3.118006378634045894e-02 -6.738943101804741043e-02 -4.338026933412646169e-02 3.774214893184069108e-02 1.265941495401445016e-01 2.181891060627431655e-01 2.753733206827437274e-01 2.541131389902173132e-01 1.426142400161913015e-01 5.115545006918995052e-02
4.804203674516675793e-02 -3.760828760219493694e-02 -8.167212888022046258e-02 -4.043086256519615868e-02 5.170070707908981655e-02 1.589835726654363346e-01 2.541131389902173132e-01 3.528143815549030227e-01 2.233436819360846981e-01 1.337023484334796120e-01
1.346845364628835029e-01 4.238491048176896980e-02 -5.579390343182017570e-02 -7.463256666791162619e-02 -2.816565396909244748e-02 5.572992812214489639e-02 1.426142400161913015e-01 2.233436819360846981e-01 2.122270473004032598e-01 1.845770273186932986e-01
2.422463993973032470e-01 1.427642835590737791e-01 5.283450493002564419e-03 -7.636003661102289120e-02 -8.037471084959094125e-02 -3.040721502512957683e-02 5.115545006918995052e-02 1.337023484334796120e-01 1.845770273186932986e-01 2.410742709254130034e-01
4.323531072363610006e-01 2.818058330376140841e-01 1.327004485851766558e-01 1.458070512914750455e-02 -5.010296366511172994e-02 -8.581898864884268674e-02 -5.377880741134652420e-02 -1.222858511769961236e-02 8.981653083429114170e-02 2.408020291371709976e-01
2.818058330376140841e-01 3.290242778029182080e-01 2.118337901815253721e-01 1.169303676080969134e-01 2.917619424991176741e-02 -3.750946744225286400e-02 -6.158018401795722907e-02 -8.197025674741922896e-02 -2.732676809471448753e-02 1.198063631201235768e-01
1.327004485851766558e-01 2.118337901815253721e-01 2.236833762925360680e-01 2.135827576408815265e-01 1.293998931876135239e-01 6.911153049990065300e-02 -9.760431970093078752e-03 -7.328553328141981793e-02 -7.538038482943974772e-02 7.913291362643430291e-03
1.458070512914750455e-02 1.169303676080969134e-01 2.135827576408815265e-01 3.327267546798003406e-01 2.378161045370392745e-01 1.805847587361490425e-01 6.209202454892517875e-02 -2.206589932470336135e-02 -7.159817680149856145e-02 -5.928540897335567161e-02
-5.010296366511172994e-02 2.917619424991176741e-02 1.293998931876135239e-01 2.378161045370392745e-01 2.452707311941940971e-01 2.319600519222218271e-01 1.105355302011736263e-01 4.740088518466963052e-02 -1.799930314601335887e-02 -5.985134716913695363e-02
-8.581898864884268674e-02 -3.750946744225286400e-02 6.911153049990065300e-02 1.805847587361490425e-01 2.319600519222218271e-01 3.052778774399877992e-01 1.723716637301625498e-01 1.300412115959137527e-01 5.681255006483226788e-02 -3.572444215105595455e-02
-5.377880741134652420e-02 -6.158018401795722907e-02 -9.760431970093078752e-03 6.209202454892517875e-02 1.105355302011736263e-01 1.723716637301625498e-01 1.491261550395476254e-01 1.841642599316154760e-01 1.336013167911075383e-01 3.890037785966117545e-02
-1.222858511769961236e-02 -8.197025674741922896e-02 -7.328553328141981793e-02 -2.206589932470336135e-02 4.740088518466963052e-02 1.300412115959137527e-01 1.841642599316154760e-01 3.332744178910169719e-01 2.780907486969571574e-01 1.470439437952834050e-01
8.981653083429114170e-02 -2.732676809471448753e-02 -7.538038482943974772e-02 -7.159817680149856145e-02 -1.799930314601335887e-02 5.681255006483226788e-02 1.336013167911075383e-01 2.780907486969571574e-01 3.694278173471791660e-01 2.397536815032323965e-01
2.408020291371709976e-01 1.198063631201235768e-01 7.913291362643430291e-03 -5.928540897335567161e-02 -5.985134716913695363e-02 -3.572444215105595455e-02 3.890037785966117545e-02 1.470439437952834050e-01 2.397536815032323965e-01 2.798354850764545598e-01
3.308971287428408847e-01 2.290670893232149286e-01 1.030175457703716296e-01 3.982005369724518629e-03 -5.311323876319341830e-02 -7.673229204243420254e-02 -4.763863511094014458e-02 1.608390750299463351e-02 1.234275928019418211e-01 2.799551574810886234e-01
2.290670893232149286e-01 2.776162469275880729e-01 2.290284190246948404e-01 1.445296850240531672e-01 4.248437274841053435e-02 -3.467875911721223642e-02 -6.760753732896751522e-02 -6.096588334573212198e-02 2.425631616336868315e-02 1.444427647323493213e-01
1.030175457703716296e-01 2.290284190246948404e-01 3.256494481411661979e-01 2.686356757894050595e-01 1.460672869839143573e-01 4.951217360015875563e-02 -3.378937050323195523e-02 -7.951714725468905787e-02 -5.244114352400485596e-02 2.297335682948116638e-03
3.982005369724518629e-03 1.445296850240531672e-01 2.686356757894050595e-01 3.554263151056855641e-01 2.199857209089755572e-01 1.311739058062313945e-01 3.697974997765677424e-02 -3.663058298016091258e-02 -6.740997628194146662e-02 -7.631524411106810346e-02
-5.311323876319341830e-02 4.248437274841053435e-02 1.460672869839143573e-01 2.199857209089755572e-01 2.006470890362340165e-01 1.836714494873662451e-01 1.167772383537946795e-01 5.657446733043978992e-02 -2.272625926333891877e-02 -8.090952010465711497e-02
-7.673229204243420254e-02 -3.467875911721223642e-02 4.951217360015875563e-02 1.311739058062313945e-01 1.836714494873662451e-01 2.674797840381163971e-01 2.272594589108540009e-01 1.750181276456582447e-01 4.779418720598223314e-02 -5.322598352479127742e-02
-4.763863511094014458e-02 -6.760753732896751522e-02 -3.378937050323195523e-02 3.697974997765677424e-02 1.167772383537946795e-01 2.272594589108540009e-01 2.716895363913435779e-01 2.594338062507705045e-01 1.170935412572860213e-01 1.917104364368519415e-02
1.608390750299463351e-02 -6.096588334573212198e-02 -7.951714725468905787e-02 -3.663058298016091258e-02 5.657446733043978992e-02 1.750181276456582447e-01 2.594338062507705045e-01 3.861468971342695844e-01 2.006071957802354755e-01 1.147415268121324966e-01
1.234275928019418211e-01 2.425631616336868315e-02 -5.244114352400485596e-02 -6.740997628194146662e-02 -2.272625926333891877e-02 4.779418720598223314e-02 1.170935412572860213e-01 2.006071957802354755e-01 1.794367424612400286e-01 2.074510368856174458e-01
2.799551574810886234e-01 1.444427647323493213e-01 2.297335682948116638e-03 -7.631524411106810346e-02 -8.090952010465711497e-02 -5.322598352479127742e-02 1.917104364368519415e-02 1.147415268121324966e-01 2.074510368856174458e-01 4.050108120215120122e-01
2.993029419599772534e-01 2.259303044380835124e-01 1.376720253083806578e-01 2.515668091741642132e-02 -5.507289338089432773e-02 -6.955896009235636168e-02 -2.875657901638060260e-02 4.993338153215454156e-02 1.438416746743975128e-01 2.490463969649055476e-01
2.259303044380835124e-01 2.944678617624755801e-01 2.656081389617029886e-01 1.261786765301525226e-01 3.300447272974332130e-02 -4.440590161106155315e-02 -7.371079540635849803e-02 -5.218498820239159813e-02 1.528477133476027240e-02 1.153626947307439116e-01
1.376720253083806578e-01 2.656081389617029886e-01 4.066908916479305969e-01 2.162850815408755567e-01 1.293299238869040635e-01 2.138348497201327664e-02 -6.164429082320302400e-02 -9.374638117054262532e-02 -7.123818034519062425e-02 3.008247550857847102e-03
2.515668091741642132e-02 1.261786765301525226e-01 2.162850815408755567e-01 1.867921584874559227e-01 1.964588650269999959e-01 1.183064401063270710e-01 3.164616365819948596e-02 -4.067220738304369587e-02 -6.930131643050876922e-02 -5.435240667548820598e-02
-5.507289338089432773e-02 3.300447272974332130e-02 1.293299238869040635e-01 1.964588650269999959e-01 3.377147982705844820e-01 2.651053908421879823e-01 1.591860390347866749e-01 4.073554495714712398e-02 -4.435214101488720029e-02 -8.462348097875621589e-02
-6.955896009235636168e-02 -4.440590161106155315e-02 2.138348497201327664e-02 1.183064401063270710e-01 2.651053908421879823e-01 3.406410835971191986e-01 2.483432223916326453e-01 1.328399914176712215e-01 3.710984282401216111e-02 -3.878447430523554451e-02
-2.875657901638060260e-02 -7.371079540635849803e-02 -6.164429082320302400e-02 3.164616365819948596e-02 1.591860390347866749e-01 2.483432223916326453e-01 2.777618860252794031e-01 2.053839901943739776e-01 1.274578956744017444e-01 5.228648576933987713e-02
4.993338153215454156e-02 -5.218498820239159813e-02 -9.374638117054262532e-02 -4.067220738304369587e-02 4.073554495714712398e-02 1.328399914176712215e-01 2.053839901943739776e-01 2.376579231779028523e-01 2.074802444363628151e-01 1.507894364775537177e-01
1.438416746743975128e-01 1.528477133476027240e-02 -7.123818034519062425e-02 -6.930131643050876922e-02 -4.435214101488720029e-02 3.710984282401216111e-02 1.274578956744017444e-01 2.074802444363628151e-01 2.635667309048792539e-01 2.478789924493682295e-01
2.490463969649055476e-01 1.153626947307439116e-01 3.008247550857847102e-03 -5.435240667548820598e-02 -8.462348097875621589e-02 -3.878447430523554451e-02 5.228648576933987713e-02 1.507894364775537177e-01 2.478789924493682295e-01 3.554037241663968172e-01
3.241815894597272485e-01 2.639077142442486368e-01 1.526855392857552896e-01 3.700771530405512488e-02 -5.173351771215735362e-02 -8.171970499783114128e-02 -4.833300848860673515e-02 2.987469406983362524e-02 1.243255108199181613e-01 2.180099460141416146e-01
2.639077142442486368e-01 3.440870502433828193e-01 2.412471374115267297e-01 1.280832585558687176e-01 3.003043973536411240e-02 -4.663240920403435158e-02 -7.619935829417548434e-02 -5.573587362077478402e-02 2.240195931502958482e-02 1.348434644133855997e-01
1.526855392857552896e-01 2.412471374115267297e-01 2.640939806480404606e-01 2.035674005060081615e-01 1.327519828209474118e-01 4.467730829297519857e-02 -4.051715959238511022e-02 -8.332237652398878647e-02 -5.652577541520973498e-02 3.466835283273174417e-02
3.700771530405512488e-02 1.280832585558687176e-01 2.035674005060081615e-01 2.506768713534425208e-01 2.360406346384124887e-01 1.521501812673076159e-01 3.896385212013783739e-02 -5.534810966853480341e-02 -8.401217300109145580e-02 -4.488399083979919407e-02
-5.173351771215735362e-02 3.003043973536411240e-02 1.327519828209474118e-01 2.360406346384124887e-01 3.380719319476558904e-01 2.594870010911388136e-01 1.367703141443877279e-01 1.860285244314024283e-02 -6.096404164486439459e-02 -7.999831511748814461e-02
-8.171970499783114128e-02 -4.663240920403435158e-02 4.467730829297519857e-02 1.521501812673076159e-01 2.594870010911388136e-01 3.143742515063780996e-01 2.215025659769126465e-01 1.225871420115298704e-01 2.443676319475369951e-02 -5.019721876322496418e-02
-4.833300848860673515e-02 -7.619935829417548434e-02 -4.051715959238511022e-02 3.896385212013783739e-02 1.367703141443877279e-01 2.215025659769126465e-01 2.601838971923151056e-01 2.324621375913937804e-01 1.449131290099908709e-01 3.849296966733620207e-02
2.987469406983362524e-02 -5.573587362077478402e-02 -8.332237652398878647e-02 -5.534810966853480341e-02 1.860285244314024283e-02 1.225871420115298704e-01 2.324621375913937804e-01 3.386480596094596507e-01 2.629398671759133332e-01 1.431604536640173342e-01
