3.702021338940856277e-01 3.114833339442121263e-01 6.642252113447927320e-02 -8.211425331279430251e-02 -9.466915178953089205e-02 -6.951940296976050725e-03 8.877631026779977952e-02 6.889753455497657497e-02 -9.779609175403311538e-02 -2.969728616650388897e-01
3.114833339442121263e-01 5.242904743704474013e-01 3.225968471125911785e-01 8.282203819905034625e-02 -7.279911910028200039e-02 -1.000219470527891341e-01 -3.602787222647900467e-02 7.959266165888961853e-02 9.330574837977688440e-02 -5.752603096129071947e-02
6.642252113447927320e-02 3.225968471125911785e-01 3.600948703495548409e-01 2.710729627865905433e-01 1.291486410771570115e-01 -1.407892119148280302e-02 -9.335608445878412764e-02 -3.859667204105998728e-02 7.734697897543230116e-02 9.889001377125924974e-02
-8.211425331279430251e-02 8.282203819905034625e-02 2.710729627865905433e-01 3.627966904231580969e-01 3.121372304139989895e-01 1.411792403995395517e-01 -2.994325240434956778e-02 -1.055717394147448335e-01 -2.490998998919425125e-02 9.100497101333858418e-02
-9.466915178953089205e-02 -7.279911910028200039e-02 1.291486410771570115e-01 3.121372304139989895e-01 3.790806217358162478e-01 2.727528301259146692e-01 1.180622890921096263e-01 -5.673045725447009580e-02 -9.731593831172156983e-02 -6.904475355670229575e-03
-6.951940296976050725e-03 -1.000219470527891341e-01 -1.407892119148280302e-02 1.411792403995395517e-01 2.727528301259146692e-01 3.068574858457625565e-01 2.800027596980861899e-01 1.068178122932871288e-01 -6.376486722620290648e-02 -9.723597287598458039e-02
8.877631026779977952e-02 -3.602787222647900467e-02 -9.335608445878412764e-02 -2.994325240434956778e-02 1.180622890921096263e-01 2.800027596980861899e-01 4.282892239281174684e-01 3.322734072854076626e-01 7.890278945020319512e-02 -1.028791011558125301e-01
6.889753455497657497e-02 7.959266165888961853e-02 -3.859667204105998728e-02 -1.055717394147448335e-01 -5.673045725447009580e-02 1.068178122932871288e-01 3.322734072854076626e-01 4.265875246878836347e-01 2.884249173342959827e-01 7.922837239708740986e-02
-9.779609175403311538e-02 9.330574837977688440e-02 7.734697897543230116e-02 -2.490998998919425125e-02 -9.731593831172156983e-02 -6.376486722620290648e-02 7.890278945020319512e-02 2.884249173342959827e-01 3.932398586535107432e-01 3.236901865852893079e-01
-2.969728616650388897e-01 -5.752603096129071947e-02 9.889001377125924974e-02 9.100497101333858418e-02 -6.904475355670229575e-03 -9.723597287598458039e-02 -1.028791011558125301e-01 7.922837239708740986e-02 3.236901865852893079e-01 4.485611161116702661e-01
2.974358496052554313e-01 2.472125298691237594e-01 1.077706524516860442e-01 -7.258087817054126312e-02 -9.949820151981367267e-02 -1.647642027400802274e-03 1.004164724099218808e-01 9.581726572425508515e-02 -1.009565068174330393e-01 -2.944149805645697171e-01
2.472125298691237594e-01 3.234881025336731608e-01 3.074341654675315505e-01 7.843496539709346460e-02 -7.469880247789736916e-02 -8.653321904971911227e-02 3.638232063232610392e-02 1.153134613778098450e-01 2.866316547303170495e-02 -1.518296008082780091e-01
1.077706524516860442e-01 3.074341654675315505e-01 5.068442697809532049e-01 3.310009378079812881e-01 7.909840960326536274e-02 -9.436797257714722720e-02 -7.304199248007098300e-02 1.141024776089220004e-02 7.970225976721706518e-02 2.857512246957015153e-02
-7.258087817054126312e-02 7.843496539709346460e-02 3.310009378079812881e-01 3.860058941730533100e-01 2.669053558694113315e-01 9.457923095765426169e-02 -6.650353271025083446e-02 -1.112078020438562465e-01 -2.168412652275271760e-04 1.126337163429859539e-01
-9.949820151981367267e-02 -7.469880247789736916e-02 7.909840960326536274e-02 2.669053558694113315e-01 3.554815793932171175e-01 3.298451038188597861e-01 8.182199643382949417e-02 -8.312787705978284813e-02 -7.946708091136711616e-02 4.220267811557699977e-02
-1.647642027400802274e-03 -8.653321904971911227e-02 -9.436797257714722720e-02 9.457923095765426169e-02 3.298451038188597861e-01 5.132113417177179837e-01 2.968488431311056552e-01 9.357398266332929426e-02 -7.119361217706764167e-02 -8.475645537398933393e-02
1.004164724099218808e-01 3.638232063232610392e-02 -7.304199248007098300e-02 -6.650353271025083446e-02 8.182199643382949417e-02 2.968488431311056552e-01 3.141926621990793200e-01 2.799698544722399318e-01 9.823795681147702574e-02 -8.192339335271275891e-02
9.581726572425508515e-02 1.153134613778098450e-01 1.141024776089220004e-02 -1.112078020438562465e-01 -8.312787705978284813e-02 9.357398266332929426e-02 2.799698544722399318e-01 4.340561630895815037e-01 3.267780959854117429e-01 5.391009132728295100e-02
-1.009565068174330393e-01 2.866316547303170495e-02 7.970225976721706518e-02 -2.168412652275271760e-04 -7.946708091136711616e-02 -7.119361217706764167e-02 9.823795681147702574e-02 3.267780959854117429e-01 4.464102606028348963e-01 3.091699156019255823e-01
-2.944149805645697171e-01 -1.518296008082780091e-01 2.857512246957015153e-02 1.126337163429859539e-01 4.220267811557699977e-02 -8.475645537398933393e-02 -8.192339335271275891e-02 5.391009132728295100e-02 3.091699156019255823e-01 4.228738769046269663e-01
4.552484425871942686e-01 3.115718798862903149e-01 1.266807435099931711e-01 -4.891296960307443820e-02 -1.084751612509368274e-01 -1.526200331722900663e-02 9.813185786732314675e-02 7.166589307698588429e-02 -9.069440866078655461e-02 -3.014286014979975503e-01
3.115718798862903149e-01 3.362881124661261656e-01 2.704430757400987373e-01 1.118974506289107523e-01 -5.728465131753633643e-02 -9.159775701007533133e-02 -9.735023477440313613e-03 8.910421030544549148e-02 7.780060391989820912e-02 -9.722493127293002635e-02
1.266807435099931711e-01 2.704430757400987373e-01 3.591242943278901700e-01 3.020954917283386609e-01 1.035161606512844112e-01 -7.306520123775626929e-02 -1.067286127484772806e-01 1.656146156272875897e-02 1.162416505851165405e-01 5.082835205111271848e-02
-4.891296960307443820e-02 1.118974506289107523e-01 3.020954917283386609e-01 4.172000644888105292e-01 3.192676935832094443e-01 8.117861549412641597e-02 -8.911878771049973336e-02 -7.780101074406789441e-02 2.227327993324632049e-02 8.826345694233506123e-02
-1.084751612509368274e-01 -5.728465131753633643e-02 1.035161606512844112e-01 3.192676935832094443e-01 4.263648174616212483e-01 2.921883438591256210e-01 9.376262950977107269e-02 -7.338859216338894376e-02 -1.040242163366461026e-01 5.149766907160234150e-03
-1.526200331722900663e-02 -9.159775701007533133e-02 -7.306520123775626929e-02 8.117861549412641597e-02 2.921883438591256210e-01 3.734807145792506389e-01 3.165495030777966678e-01 8.474175972606833029e-02 -8.715179393340857783e-02 -8.567386194344861483e-02
9.813185786732314675e-02 -9.735023477440313613e-03 -1.067286127484772806e-01 -8.911878771049973336e-02 9.376262950977107269e-02 3.165495030777966678e-01 4.612602587085898320e-01 3.019083341364799944e-01 8.602548405146109856e-02 -7.244317715601146512e-02
7.166589307698588429e-02 8.910421030544549148e-02 1.656146156272875897e-02 -7.780101074406789441e-02 -7.338859216338894376e-02 8.474175972606833029e-02 3.019083341364799944e-01 3.688967715607057163e-01 3.068769457084574714e-01 9.982749615629109285e-02
-9.069440866078655461e-02 7.780060391989820912e-02 1.162416505851165405e-01 2.227327993324632049e-02 -1.040242163366461026e-01 -8.715179393340857783e-02 8.602548405146109856e-02 3.068769457084574714e-01 4.422083194267867334e-01 3.028290710088392679e-01
-3.014286014979975503e-01 -9.722493127293002635e-02 5.082835205111271848e-02 8.826345694233506123e-02 5.149766907160234150e-03 -8.567386194344861483e-02 -7.244317715601146512e-02 9.982749615629109285e-02 3.028290710088392679e-01 3.599282043930186470e-01
3.388447395637437243e-01 2.890727564359324986e-01 1.060000082959670770e-01 -6.300896232877650771e-02 -9.994488886606123224e-02 -2.450791994329509782e-02 8.180655741589862306e-02 9.823848019789541142e-02 -4.942500361098117051e-02 -3.010725651569585715e-01
2.890727564359324986e-01 4.229686792005324936e-01 3.172806817672818025e-01 9.471338251512198547e-02 -7.388488620724228961e-02 -1.079030571404136635e-01 -2.188702697594292063e-02 9.012772997175089174e-02 1.009155096970696386e-01 -9.245396891058008104e-02
1.060000082959670770e-01 3.172806817672818025e-01 3.976418347224446315e-01 2.963751432086282334e-01 1.063640660962847928e-01 -4.569333070028449434e-02 -9.531784640953594456e-02 -3.076616239907370431e-02 7.467713658261700138e-02 6.952261687281915958e-02
-6.300896232877650771e-02 9.471338251512198547e-02 2.963751432086282334e-01 3.930988897794729375e-01 3.013675175042151988e-01 1.278875975950507504e-01 -4.255274350327245547e-02 -1.084703542751504490e-01 -3.758958679412255366e-02 9.779987162862033290e-02
-9.994488886606123224e-02 -7.388488620724228961e-02 1.063640660962847928e-01 3.013675175042151988e-01 3.634175392733330900e-01 2.868304033989888535e-01 1.176249581125221877e-01 -4.590468862872165712e-02 -9.890799514535916770e-02 1.095411340325822165e-02
-2.450791994329509782e-02 -1.079030571404136635e-01 -4.569333070028449434e-02 1.278875975950507504e-01 2.868304033989888535e-01 3.620333432447782052e-01 2.949573743048344299e-01 1.212287422757203359e-01 -5.150669516014023952e-02 -8.941557098405518433e-02
8.180655741589862306e-02 -2.188702697594292063e-02 -9.531784640953594456e-02 -4.255274350327245547e-02 1.176249581125221877e-01 2.949573743048344299e-01 3.851966242665350038e-01 3.018477119659208063e-01 1.033601282443464553e-01 -1.011920610978882945e-01
9.823848019789541142e-02 9.012772997175089174e-02 -3.076616239907370431e-02 -1.084703542751504490e-01 -4.590468862872165712e-02 1.212287422757203359e-01 3.018477119659208063e-01 3.791885538502918207e-01 2.980870518384859391e-01 4.673852166159112725e-02
-4.942500361098117051e-02 1.009155096970696386e-01 7.467713658261700138e-02 -3.758958679412255366e-02 -9.890799514535916770e-02 -5.150669516014023952e-02 1.033601282443464553e-01 2.980870518384859391e-01 4.465856054916885753e-01 3.301852993398680658e-01
-3.010725651569585715e-01 -9.245396891058008104e-02 6.952261687281915958e-02 9.779987162862033290e-02 1.095411340325822165e-02 -8.941557098405518433e-02 -1.011920610978882945e-01 4.673852166159112725e-02 3.301852993398680658e-01 5.110241906071767426e-01
4.960196940208133620e-01 2.721607058293860071e-01 1.284709315196151669e-01 -4.626322749635200515e-02 -1.064484979364098693e-01 -3.507463690980071325e-02 8.760604038620627143e-02 1.193993427996902223e-01 -3.243490380296273207e-02 -3.383693817999701148e-01
2.721607058293860071e-01 2.335800665499593309e-01 2.359240649880205987e-01 1.101897126784993353e-01 -4.500465726074467238e-02 -9.174510832841312191e-02 -1.363932157827445202e-02 8.347621821640530126e-02 8.147190119857014579e-02 -9.700419306484946158e-02
1.284709315196151669e-01 2.359240649880205987e-01 4.043017758103269466e-01 3.463759357270527195e-01 9.273944576189001310e-02 -9.433000294774894490e-02 -1.060081150590625604e-01 3.415022961105080267e-03 1.038125298661262824e-01 4.603312949015242461e-02
-4.626322749635200515e-02 1.101897126784993353e-01 3.463759357270527195e-01 4.534481217226535299e-01 2.877063276897839916e-01 7.883566545714477958e-02 -6.511131373271172862e-02 -8.390567401712017981e-02 -6.477707332946931393e-03 8.155727540015572652e-02
-1.064484979364098693e-01 -4.500465726074467238e-02 9.273944576189001310e-02 2.877063276897839916e-01 3.603371253735769830e-01 3.017733488494675487e-01 1.225025937396201081e-01 -4.810247473782498784e-02 -1.080978899892049566e-01 -9.844691664582898294e-04
-3.507463690980071325e-02 -9.174510832841312191e-02 -9.433000294774894490e-02 7.883566545714477958e-02 3.017733488494675487e-01 4.239359431657907518e-01 3.151667603675073481e-01 9.984859437892780465e-02 -7.715072280432325180e-02 -8.256329180336580142e-02
8.760604038620627143e-02 -1.363932157827445202e-02 -1.060081150590625604e-01 -6.511131373271172862e-02 1.225025937396201081e-01 3.151667603675073481e-01 3.693214005976219183e-01 2.727026990005471108e-01 1.054133667315622080e-01 -6.281107138875696716e-02
1.193993427996902223e-01 8.347621821640530126e-02 3.415022961105080267e-03 -8.390567401712017981e-02 -4.810247473782498784e-02 9.984859437892780465e-02 2.727026990005471108e-01 3.699265083711696378e-01 3.259296518455176983e-01 7.713892964080759640e-02
-3.243490380296273207e-02 8.147190119857014579e-02 1.038125298661262824e-01 -6.477707332946931393e-03 -1.080978899892049566e-01 -7.715072280432325180e-02 1.054133667315622080e-01 3.259296518455176983e-01 4.657600540586828153e-01 2.974254444848679069e-01
-3.383693817999701148e-01 -9.700419306484946158e-02 4.603312949015242461e-02 8.155727540015572652e-02 -9.844691664582898294e-04 -8.256329180336580142e-02 -6.281107138875696716e-02 7.713892964080759640e-02 2.974254444848679069e-01 4.233693103294009497e-01
3.249026725405031457e-01 3.069491001066386171e-01 1.032422511062887072e-01 -7.522003491035106348e-02 -9.580250887900595980e-02 -1.923702578081681056e-03 9.410811092757009888e-02 5.891367362854592338e-02 -8.834400318992438605e-02 -2.730118765469182751e-01
3.069491001066386171e-01 4.771098044167407792e-01 3.151529953005491880e-01 7.033608624875170579e-02 -9.309956348101171286e-02 -9.567266200378202190e-02 4.541291030604977137e-03 9.679199353755107982e-02 9.178097957984999999e-02 -9.363365161283211668e-02
1.032422511062887072e-01 3.151529953005491880e-01 3.670451234712310828e-01 2.904077255679591296e-01 1.000571866722952397e-01 -4.925969318762119659e-02 -9.355855738885657247e-02 -8.521948778528295326e-03 8.675626658043344985e-02 6.101534550155472691e-02
-7.522003491035106348e-02 7.033608624875170579e-02 2.904077255679591296e-01 4.442832984730057388e-01 3.290045520044196925e-01 1.090022172948694190e-01 -7.633454149752155748e-02 -1.023277313893316554e-01 -2.128001711068184740e-02 9.249010139656095586e-02
-9.580250887900595980e-02 -9.309956348101171286e-02 1.000571866722952397e-01 3.290045520044196925e-01 3.776012063179735589e-01 2.669349486344803069e-01 1.005803248132273869e-01 -4.903426759921824390e-02 -9.567598326649265350e-02 -1.543737047681979996e-03
-1.923702578081681056e-03 -9.567266200378202190e-02 -4.925969318762119659e-02 1.090022172948694190e-01 2.669349486344803069e-01 3.477654897673047030e-01 3.177733608970887413e-01 1.168669300321197868e-01 -5.516636084981108024e-02 -9.497378268822422032e-02
9.410811092757009888e-02 4.541291030604977137e-03 -9.355855738885657247e-02 -7.633454149752155748e-02 1.005803248132273869e-01 3.177733608970887413e-01 4.591874785232593625e-01 3.009497577399227186e-01 9.608576460801077079e-02 -8.683310551648383557e-02
5.891367362854592338e-02 9.679199353755107982e-02 -8.521948778528295326e-03 -1.023277313893316554e-01 -4.903426759921824390e-02 1.168669300321197868e-01 3.009497577399227186e-01 3.213849610536289592e-01 2.733012251829601280e-01 9.202925026637445716e-02
-8.834400318992438605e-02 9.178097957984999999e-02 8.675626658043344985e-02 -2.128001711068184740e-02 -9.567598326649265350e-02 -5.516636084981108024e-02 9.608576460801077079e-02 2.733012251829601280e-01 4.390518741338078068e-01 3.453877260445162856e-01
-2.730118765469182751e-01 -9.363365161283211668e-02 6.101534550155472691e-02 9.249010139656095586e-02 -1.543737047681979996e-03 -9.497378268822422032e-02 -8.683310551648383557e-02 9.202925026637445716e-02 3.453877260445162856e-01 4.416680913025513577e-01
4.208509195248190116e-01 3.017839091387596318e-01 8.987198883968408603e-02 -9.099967099999994868e-02 -5.414832708038153780e-02 4.811183704496610480e-02 8.724244740506799378e-02 2.081027073203397734e-02 -1.226879214705181853e-01 -3.190116774153675672e-01
3.017839091387596318e-01 3.836689277915918961e-01 2.979530964152936612e-01 6.210188479149297835e-02 -1.131382555990062266e-01 -8.336907051624642406e-02 3.691263900150802690e-02 1.104415558136371683e-01 4.165941341282277527e-02 -1.079016821994450703e-01
8.987198883968408603e-02 2.979530964152936612e-01 4.240999351293141539e-01 3.230693479652843036e-01 7.704855986366854551e-03 -1.205135761005251549e-01 -6.384927559336185665e-02 5.430178919106608271e-02 9.787951494194145619e-02 7.285830857662289883e-02
-9.099967099999994868e-02 6.210188479149297835e-02 3.230693479652843036e-01 5.381554552065952457e-01 3.153242465058091470e-01 6.009673818404813461e-02 -8.055694025912399359e-02 -8.975311289106843726e-02 -8.670280190506535721e-04 8.841221778177886514e-02
-5.414832708038153780e-02 -1.131382555990062266e-01 7.704855986366854551e-03 3.153242465058091470e-01 4.260037439881623200e-01 3.073527645471851311e-01 1.032187183526589586e-01 -6.628576521465905091e-02 -9.833475929684767913e-02 -6.080751123221178611e-02
4.811183704496610480e-02 -8.336907051624642406e-02 -1.205135761005251549e-01 6.009673818404813461e-02 3.073527645471851311e-01 3.835058424176840952e-01 2.865152470047175326e-01 1.118448877320148138e-01 -3.945853986332423236e-02 -1.105035996751026761e-01
8.724244740506799378e-02 3.691263900150802690e-02 -6.384927559336185665e-02 -8.055694025912399359e-02 1.032187183526589586e-01 2.865152470047175326e-01 3.742435423623610702e-01 3.169035165048140756e-01 1.244936794806160846e-01 -1.684247270204874969e-02
2.081027073203397734e-02 1.104415558136371683e-01 5.430178919106608271e-02 -8.975311289106843726e-02 -6.628576521465905091e-02 1.118448877320148138e-01 3.169035165048140756e-01 4.144243781179746677e-01 2.713331835366766809e-01 1.465944261092864132e-01
-1.226879214705181853e-01 4.165941341282277527e-02 9.787951494194145619e-02 -8.670280190506535721e-04 -9.833475929684767913e-02 -3.945853986332423236e-02 1.244936794806160846e-01 2.713331835366766809e-01 2.632187322367690596e-01 2.511940286242158593e-01
-3.190116774153675672e-01 -1.079016821994450703e-01 7.285830857662289883e-02 8.841221778177886514e-02 -6.080751123221178611e-02 -1.105035996751026761e-01 -1.684247270204874969e-02 1.465944261092864132e-01 2.511940286242158593e-01 3.718285232247212080e-01
4.559246560568636641e-01 3.150765072393313382e-01 8.298624170269536249e-02 -8.025853360602958064e-02 -9.950583253060540923e-02 -4.394288144082526826e-03 9.687454759983751829e-02 5.829078616930826601e-02 -9.003675840750409443e-02 -3.132173201571593069e-01
3.150765072393313382e-01 4.157341860366379205e-01 3.045402031708643320e-01 9.480322791900712420e-02 -6.790837371048231985e-02 -9.660184654918049785e-02 -2.390859021123622336e-03 9.524860940040175139e-02 9.565184641855470349e-02 -5.854533795499013149e-02
8.298624170269536249e-02 3.045402031708643320e-01 3.970916453074527785e-01 3.002378313709391233e-01 1.115183398905669615e-01 -5.302361865710530919e-02 -9.886219765659165493e-02 -8.490408839398687997e-04 9.761399101257117739e-02 9.493662591869117540e-02
-8.025853360602958064e-02 9.480322791900712420e-02 3.002378313709391233e-01 3.895815161652115277e-01 3.043083740941484039e-01 1.107668888275591124e-01 -7.185493833104711348e-02 -9.671080807734327989e-02 -2.152824759933878729e-02 8.057209344358964853e-02
-9.950583253060540923e-02 -6.790837371048231985e-02 1.115183398905669615e-01 3.043083740941484039e-01 3.828724448098524968e-01 2.898728784434356776e-01 9.216403424026456404e-02 -7.385293877004997509e-02 -1.106048980232905710e-01 -2.321213288050453377e-02
-4.394288144082526826e-03 -9.660184654918049785e-02 -5.302361865710530919e-02 1.107668888275591124e-01 2.898728784434356776e-01 3.835146836138846327e-01 3.168753641090177320e-01 9.196601760142925075e-02 -6.379216806520315863e-02 -9.590002823072582561e-02
9.687454759983751829e-02 -2.390859021123622336e-03 -9.886219765659165493e-02 -7.185493833104711348e-02 9.216403424026456404e-02 3.168753641090177320e-01 4.604006176262763206e-01 3.047643665990367179e-01 1.166537187511996476e-01 -4.685885390512563309e-02
5.829078616930826601e-02 9.524860940040175139e-02 -8.490408839398687997e-04 -9.671080807734327989e-02 -7.385293877004997509e-02 9.196601760142925075e-02 3.047643665990367179e-01 3.366950551447733808e-01 2.731389895724103956e-01 1.218778039963246407e-01
-9.003675840750409443e-02 9.565184641855470349e-02 9.761399101257117739e-02 -2.152824759933878729e-02 -1.106048980232905710e-01 -6.379216806520315863e-02 1.166537187511996476e-01 2.731389895724103956e-01 3.609568207946228791e-01 3.051015693019739627e-01
-3.132173201571593069e-01 -5.854533795499013149e-02 9.493662591869117540e-02 8.057209344358964853e-02 -2.321213288050453377e-02 -9.590002823072582561e-02 -4.685885390512563309e-02 1.218778039963246407e-01 3.051015693019739627e-01 4.172283744444231224e-01
4.236124599009861158e-01 2.772707389560084001e-01 9.322325408726364615e-02 -5.691845280827999287e-02 -7.273635499373008739e-02 -1.419766487484524359e-02 6.172472592078655923e-02 9.510077380896564403e-02 -1.013030694142291743e-01 -3.468271955895569358e-01
2.772707389560084001e-01 3.320722568051098778e-01 2.839572918986539296e-01 1.228841625400057952e-01 -6.222793018845010349e-02 -1.288431282930707078e-01 -3.147076048333426190e-02 9.418028670058468943e-02 4.044167699500905711e-02 -1.084397851760322967e-01
9.322325408726364615e-02 2.839572918986539296e-01 4.040683059178552528e-01 3.324435726749241926e-01 6.990803159741085238e-02 -9.979338049547085976e-02 -8.476558191011757115e-02 1.855640645275818436e-03 8.378556871260220418e-02 7.460520718672340734e-02
-5.691845280827999287e-02 1.228841625400057952e-01 3.324435726749241926e-01 4.459062786228977227e-01 2.786221216394376698e-01 1.113966647532950160e-01 -2.466231183600452875e-02 -9.242559088008184265e-02 1.630228403256072864e-02 1.095345047173155589e-01
-7.273635499373008739e-02 -6.222793018845010349e-02 6.990803159741085238e-02 2.786221216394376698e-01 3.510792229438978174e-01 3.255149330077192760e-01 1.238521620692731307e-01 -5.689262598703975077e-02 -7.681836433008021325e-02 -1.452448893088607862e-02
-1.419766487484524359e-02 -1.288431282930707078e-01 -9.979338049547085976e-02 1.113966647532950160e-01 3.255149330077192760e-01 4.359502754441171302e-01 2.564163254795347457e-01 8.137067130154128358e-02 -8.544118806861848714e-02 -1.170470458988722429e-01
6.172472592078655923e-02 -3.147076048333426190e-02 -8.476558191011757115e-02 -2.466231183600452875e-02 1.238521620692731307e-01 2.564163254795347457e-01 2.602543729185043397e-01 2.925531392801675734e-01 6.472539296610016479e-02 -7.393835865217072978e-02
9.510077380896564403e-02 9.418028670058468943e-02 1.855640645275818436e-03 -9.242559088008184265e-02 -5.689262598703975077e-02 8.137067130154128358e-02 2.925531392801675734e-01 6.205926530094367788e-01 3.212718208634391392e-01 6.971138412150643116e-02
-1.013030694142291743e-01 4.044167699500905711e-02 8.378556871260220418e-02 1.630228403256072864e-02 -7.681836433008021325e-02 -8.544118806861848714e-02 6.472539296610016479e-02 3.212718208634391392e-01 2.957285520376011223e-01 2.532648120661864510e-01
-3.468271955895569358e-01 -1.084397851760322967e-01 7.460520718672340734e-02 1.095345047173155589e-01 -1.452448893088607862e-02 -1.170470458988722429e-01 -7.393835865217072978e-02 6.971138412150643116e-02 2.532648120661864510e-01 4.307356223995963407e-01
4.944728764670691112e-01 3.545589742245641718e-01 1.011664408881985389e-01 -7.166086294283123548e-02 -8.128739195551090702e-02 -4.448257746819816874e-04 7.948177337331931158e-02 6.627699580523502276e-02 -9.149788465650753044e-02 -2.764628353544322792e-01
3.545589742245641718e-01 3.907305485406795120e-01 2.349103038170990698e-01 1.128897178150829322e-01 -4.927829594842015465e-02 -1.048367443361292173e-01 -3.742205204163912002e-02 8.587770115426511530e-02 8.285678707213478544e-02 -9.324676707370606332e-02
1.011664408881985389e-01 2.349103038170990698e-01 2.624962289689628525e-01 2.978327669433105118e-01 9.780141536225608889e-02 -6.695695040660556985e-02 -9.878270970928607064e-02 1.828220349503714790e-03 9.786059627811419248e-02 4.549111451715891902e-02
-7.166086294283123548e-02 1.128897178150829322e-01 2.978327669433105118e-01 5.271403355495682952e-01 3.260868422075260398e-01 7.559802139251960151e-02 -8.112326175566568487e-02 -8.383408525096587571e-02 3.456681158578595731e-02 9.712569312102924124e-02
-8.128739195551090702e-02 -4.927829594842015465e-02 9.780141536225608889e-02 3.260868422075260398e-01 3.528231074082703311e-01 2.695912400898659023e-01 1.220988118673204670e-01 -4.142066749111372737e-02 -9.255855223394593434e-02 -1.233284199906178186e-02
-4.448257746819816874e-04 -1.048367443361292173e-01 -6.695695040660556985e-02 7.559802139251960151e-02 2.695912400898659023e-01 3.810662875691717688e-01 3.201266068931798991e-01 9.720200386606250853e-02 -1.125470081509376274e-01 -1.055078572824662553e-01
7.948177337331931158e-02 -3.742205204163912002e-02 -9.878270970928607064e-02 -8.112326175566568487e-02 1.220988118673204670e-01 3.201266068931798991e-01 4.035345068105590238e-01 2.915527509510233428e-01 4.854306304973879382e-02 -7.570799988174087281e-02
6.627699580523502276e-02 8.587770115426511530e-02 1.828220349503714790e-03 -8.383408525096587571e-02 -4.142066749111372737e-02 9.720200386606250853e-02 2.915527509510233428e-01 4.447049707417051190e-01 3.388977201812328199e-01 1.032117064119144612e-01
-9.149788465650753044e-02 8.285678707213478544e-02 9.786059627811419248e-02 3.456681158578595731e-02 -9.255855223394593434e-02 -1.125470081509376274e-01 4.854306304973879382e-02 3.388977201812328199e-01 4.546171230537765506e-01 2.767643172382310279e-01
-2.764628353544322792e-01 -9.324676707370606332e-02 4.549111451715891902e-02 9.712569312102924124e-02 -1.233284199906178186e-02 -1.055078572824662553e-01 -7.570799988174087281e-02 1.032117064119144612e-01 2.767643172382310279e-01 2.884140148902358813e-01
4.058651512336594047e-01 2.974593623115286967e-01 1.020837995351476790e-01 -5.858537029757085457e-02 -1.014677315634697485e-01 -4.463301467372909892e-02 6.120007840193589232e-02 9.449148103780390107e-02 -6.643894122728383200e-02 -3.214193619723491047e-01
2.974593623115286967e-01 4.039861253207343572e-01 3.093743061885373957e-01 1.088123964843475538e-01 -5.631076167898972640e-02 -1.107888875638278620e-01 -5.158944604964300906e-02 8.660873049276264501e-02 9.334649504889445948e-02 -6.479502874430057013e-02
1.020837995351476790e-01 3.093743061885373957e-01 3.885775408639293160e-01 2.938881827970515337e-01 1.192310508097350619e-01 -2.494999369506972417e-02 -9.177405558676036967e-02 -2.255942156948869542e-02 8.522551746691356400e-02 9.032919707839064116e-02
-5.858537029757085457e-02 1.088123964843475538e-01 2.938881827970515337e-01 3.725980684955595423e-01 2.923495577395289202e-01 1.453464202326560650e-01 -1.541598412197263054e-02 -1.035235876409631439e-01 -2.188435721367767289e-02 9.092337005949785445e-02
-1.014677315634697485e-01 -5.631076167898972640e-02 1.192310508097350619e-01 2.923495577395289202e-01 3.427296108034261213e-01 2.749461297184602193e-01 1.280067688656352787e-01 -6.788221458761006799e-02 -1.003179416026287463e-01 -2.056088073181940729e-03
-4.463301467372909892e-02 -1.107888875638278620e-01 -2.494999369506972417e-02 1.453464202326560650e-01 2.749461297184602193e-01 3.263931883367709452e-01 2.846631649678443843e-01 8.424076430007539085e-02 -8.060685918512697223e-02 -9.130507349222216629e-02
6.120007840193589232e-02 -5.158944604964300906e-02 -9.177405558676036967e-02 -1.541598412197263054e-02 1.280067688656352787e-01 2.846631649678443843e-01 4.226733874849916694e-01 3.317960951509092982e-01 6.765795314832367957e-02 -1.022785374743675896e-01
9.449148103780390107e-02 8.660873049276264501e-02 -2.255942156948869542e-02 -1.035235876409631439e-01 -6.788221458761006799e-02 8.424076430007539085e-02 3.317960951509092982e-01 4.766809374446335790e-01 2.972768922716367834e-01 7.013642699793086466e-02
-6.643894122728383200e-02 9.334649504889445948e-02 8.522551746691356400e-02 -2.188435721367767289e-02 -1.003179416026287463e-01 -8.060685918512697223e-02 6.765795314832367957e-02 2.972768922716367834e-01 3.645986131215444570e-01 3.092481121039897807e-01
-3.214193619723491047e-01 -6.479502874430057013e-02 9.032919707839064116e-02 9.092337005949785445e-02 -2.056088073181940729e-03 -9.130507349222216629e-02 -1.022785374743675896e-01 7.013642699793086466e-02 3.092481121039897807e-01 4.958973768947571026e-01
4.674312954350620108e-01 3.120678569111180467e-01 5.695200362985290699e-02 -1.023326425148203267e-01 -7.497262767078671786e-02 2.604813453352287922e-02 9.499156084533216804e-02 5.281467883308406386e-02 -1.137455920006514021e-01 -3.166147011061770100e-01
3.120678569111180467e-01 4.016422789020372419e-01 3.058208849282622044e-01 7.145531556450798738e-02 -8.658272872308106494e-02 -9.862858972899378462e-02 -1.785375390095037505e-03 9.771246541730785329e-02 5.972583514145562295e-02 -8.872432978776270684e-02
5.695200362985290699e-02 3.058208849282622044e-01 4.614515772976052199e-01 3.243785898826353487e-01 7.260007821499692149e-02 -8.527614083470363981e-02 -9.522543809215078259e-02 5.356577735746447660e-03 9.650688360405254573e-02 9.430706267272062626e-02
-1.023326425148203267e-01 7.145531556450798738e-02 3.243785898826353487e-01 4.235877480976431020e-01 2.936452502585148450e-01 1.135495303801493661e-01 -4.047659379372121891e-02 -9.683236071403254763e-02 -1.761238216035408699e-02 8.097084959759540124e-02
-7.497262767078671786e-02 -8.658272872308106494e-02 7.260007821499692149e-02 2.936452502585148450e-01 3.718509910923140094e-01 3.026727796566614503e-01 1.233428429309346569e-01 -6.132820569892387386e-02 -1.050407674451603324e-01 -3.984319419452864164e-02
2.604813453352287922e-02 -9.862858972899378462e-02 -8.527614083470363981e-02 1.135495303801493661e-01 3.026727796566614503e-01 3.786557336949207819e-01 2.859033161566985615e-01 9.681669340627135911e-02 -6.637285621801433666e-02 -1.078077530947145479e-01
9.499156084533216804e-02 -1.785375390095037505e-03 -9.522543809215078259e-02 -4.047659379372121891e-02 1.233428429309346569e-01 2.859033161566985615e-01 3.659748576732579917e-01 3.105659066571397897e-01 1.053111490158796099e-01 -4.713748288775693879e-02
5.281467883308406386e-02 9.771246541730785329e-02 5.356577735746447660e-03 -9.683236071403254763e-02 -6.132820569892387386e-02 9.681669340627135911e-02 3.105659066571397897e-01 4.541775760065593914e-01 3.087358516928286889e-01 1.216670358405222280e-01
-1.137455920006514021e-01 5.972583514145562295e-02 9.650688360405254573e-02 -1.761238216035408699e-02 -1.050407674451603324e-01 -6.637285621801433666e-02 1.053111490158796099e-01 3.087358516928286889e-01 3.280567815928747133e-01 2.592910278490407894e-01
-3.166147011061770100e-01 -8.872432978776270684e-02 9.430706267272062626e-02 8.097084959759540124e-02 -3.984319419452864164e-02 -1.078077530947145479e-01 -4.713748288775693879e-02 1.216670358405222280e-01 2.592910278490407894e-01 3.471711602077304781e-01
5.227537966081197141e-01 3.274236640349318384e-01 6.554316103712791441e-02 -8.969661157568267762e-02 -7.812567859051941510e-02 9.230695960800294059e-03 8.215244974962684910e-02 1.019724251772876622e-01 -5.514880327767889695e-02 -3.114198663365415065e-01
3.274236640349318384e-01 3.944261051854368594e-01 2.755428925917368099e-01 1.219645004213543854e-01 -4.368688123763066200e-02 -1.128080636936263370e-01 -3.740279594212141817e-02 7.083838668220643342e-02 9.943957500389710713e-02 -6.045629062467865883e-02
6.554316103712791441e-02 2.755428925917368099e-01 3.557257485347317116e-01 3.192266603820104187e-01 1.029508799117396789e-01 -7.467485453731632916e-02 -9.844017586876341319e-02 -4.288996295143696069e-02 7.686990435410129274e-02 8.831745787653744184e-02
-8.969661157568267762e-02 1.219645004213543854e-01 3.192266603820104187e-01 4.368023690984995100e-01 2.868363613796488520e-01 1.008419917056148640e-01 -4.394436298204051905e-02 -1.037096719179244481e-01 -1.986201852407822738e-02 9.532987008985413513e-02
-7.812567859051941510e-02 -4.368688123763066200e-02 1.029508799117396789e-01 2.868363613796488520e-01 3.440786281219125331e-01 3.077297911399859975e-01 1.267980647106529968e-01 -1.971338844010250835e-02 -8.932821403020346773e-02 -2.193138477167234229e-02
9.230695960800294059e-03 -1.128080636936263370e-01 -7.467485453731632916e-02 1.008419917056148640e-01 3.077297911399859975e-01 4.351566775370654394e-01 2.857136824173441836e-01 1.333521829080500376e-01 -6.177600109198888578e-02 -1.119857123326669368e-01
8.215244974962684910e-02 -3.740279594212141817e-02 -9.844017586876341319e-02 -4.394436298204051905e-02 1.267980647106529968e-01 2.857136824173441836e-01 2.752660569567573767e-01 2.550613427943811962e-01 9.737157482487779347e-02 -5.710305971561197014e-02
1.019724251772876622e-01 7.083838668220643342e-02 -4.288996295143696069e-02 -1.037096719179244481e-01 -1.971338844010250835e-02 1.333521829080500376e-01 2.550613427943811962e-01 4.113913214422015852e-01 3.405872259359605803e-01 9.043642477531615986e-02
-5.514880327767889695e-02 9.943957500389710713e-02 7.686990435410129274e-02 -1.986201852407822738e-02 -8.932821403020346773e-02 -6.177600109198888578e-02 9.737157482487779347e-02 3.405872259359605803e-01 4.559862591019128164e-01 2.914052214711645994e-01
-3.114198663365415065e-01 -6.045629062467865883e-02 8.831745787653744184e-02 9.532987008985413513e-02 -2.193138477167234229e-02 -1.119857123326669368e-01 -5.710305971561197014e-02 9.043642477531615986e-02 2.914052214711645994e-01 3.684130374133628427e-01
4.004424108259197479e-01 2.869203069858954347e-01 9.363723449974864499e-02 -6.877533122669371446e-02 -8.423760828379377175e-02 -2.040628929958304694e-02 7.068544653254101029e-02 8.542079411094244401e-02 -7.959666805605443429e-02 -3.347186484866407907e-01
2.869203069858954347e-01 3.900153237441060794e-01 3.077804343738033133e-01 9.620106615625961810e-02 -7.785808721578502123e-02 -1.247065399822552545e-01 -2.177448690113002044e-02 1.082933692277675275e-01 7.405668019342329100e-02 -7.685538332895575087e-02
9.363723449974864499e-02 3.077804343738033133e-01 4.130831819889895784e-01 3.155333471067112150e-01 8.331532462094567992e-02 -6.690482322628790723e-02 -8.328299053032373056e-02 -1.569493958925690952e-03 8.079886982684326979e-02 9.139272861684177851e-02
-6.877533122669371446e-02 9.620106615625961810e-02 3.155333471067112150e-01 4.336127246874005858e-01 2.915652130572289336e-01 1.350722681440770512e-01 -3.043408243410806319e-02 -1.114574520140822200e-01 -2.155767085431339186e-02 9.142351420831100473e-02
-8.423760828379377175e-02 -7.785808721578502123e-02 8.331532462094567992e-02 2.915652130572289336e-01 3.315507418271553819e-01 2.920471234317469911e-01 1.159147821121658817e-01 -6.404143077252877347e-02 -8.865156580644523165e-02 -2.567502232134730167e-02
-2.040628929958304694e-02 -1.247065399822552545e-01 -6.690482322628790723e-02 1.350722681440770512e-01 2.920471234317469911e-01 3.878054553600691068e-01 2.835552352679654997e-01 9.722843779406470377e-02 -6.410310977667658949e-02 -1.137920674547585054e-01
7.068544653254101029e-02 -2.177448690113002044e-02 -8.328299053032373056e-02 -3.043408243410806319e-02 1.159147821121658817e-01 2.835552352679654997e-01 3.600356961269933209e-01 3.227638184132900490e-01 9.247852512861168273e-02 -7.099314290776270742e-02
8.542079411094244401e-02 1.082933692277675275e-01 -1.569493958925690952e-03 -1.114574520140822200e-01 -6.404143077252877347e-02 9.722843779406470377e-02 3.227638184132900490e-01 4.923479536584931537e-01 2.901062883303083817e-01 9.843072528007684729e-02
-7.959666805605443429e-02 7.405668019342329100e-02 8.079886982684326979e-02 -2.155767085431339186e-02 -8.865156580644523165e-02 -6.410310977667658949e-02 9.247852512861168273e-02 2.901062883303083817e-01 2.948770665597933993e-01 2.829070448395661352e-01
-3.347186484866407907e-01 -7.685538332895575087e-02 9.139272861684177851e-02 9.142351420831100473e-02 -2.567502232134730167e-02 -1.137920674547585054e-01 -7.099314290776270742e-02 9.843072528007684729e-02 2.829070448395661352e-01 4.962294452210901929e-01
4.016237411646000899e-01 2.768620840524165239e-01 7.807235742471897721e-02 -7.051803205111872863e-02 -1.056927800648612970e-01 6.938860095166540266e-03 1.107468601547207943e-01 7.696196124403077710e-02 -9.400741288524645800e-02 -3.285649111358143193e-01
2.768620840524165239e-01 3.740415344399249942e-01 3.315111764006232753e-01 8.741277062332526715e-02 -7.511250321585732914e-02 -8.144368791208553282e-02 2.273938437702952009e-02 9.506352500384973592e-02 6.416084994475672321e-02 -9.074442522627416963e-02
7.807235742471897721e-02 3.315111764006232753e-01 5.076231957052730337e-01 2.922547516790321431e-01 9.951075621045067654e-02 -7.014938672153550603e-02 -9.708744386895035161e-02 -1.101625227999316475e-02 8.913956008520140806e-02 9.779990340654373671e-02
-7.051803205111872863e-02 8.741277062332526715e-02 2.922547516790321431e-01 2.951183239521490975e-01 2.727025973177478746e-01 1.022237881178663932e-01 -6.284460508610847929e-02 -9.734872511777895032e-02 -2.259294840899506510e-02 8.272687274763707022e-02
-1.056927800648612970e-01 -7.511250321585732914e-02 9.951075621045067654e-02 2.727025973177478746e-01 4.421913712007206620e-01 3.346423806218577490e-01 8.056532469947348674e-02 -9.038445527767034748e-02 -1.098343880456060240e-01 -3.104138909244390926e-03
6.938860095166540266e-03 -8.144368791208553282e-02 -7.014938672153550603e-02 1.022237881178663932e-01 3.346423806218577490e-01 4.208259482503726723e-01 2.905168084025578357e-01 9.998018765377733597e-02 -4.171790030915832614e-02 -8.551041566052484943e-02
1.107468601547207943e-01 2.273938437702952009e-02 -9.708744386895035161e-02 -6.284460508610847929e-02 8.056532469947348674e-02 2.905168084025578357e-01 3.853804170948326169e-01 3.046249446989940934e-01 1.361396262212684061e-01 -4.935677452679264332e-02
7.696196124403077710e-02 9.506352500384973592e-02 -1.101625227999316475e-02 -9.734872511777895032e-02 -9.038445527767034748e-02 9.998018765377733597e-02 3.046249446989940934e-01 3.689445556363846745e-01 2.859814143585813762e-01 9.864672297389719124e-02
-9.400741288524645800e-02 6.416084994475672321e-02 8.913956008520140806e-02 -2.259294840899506510e-02 -1.098343880456060240e-01 -4.171790030915832614e-02 1.361396262212684061e-01 2.859814143585813762e-01 3.577682581026592201e-01 2.976917463707897116e-01
-3.285649111358143193e-01 -9.074442522627416963e-02 9.779990340654373671e-02 8.272687274763707022e-02 -3.104138909244390926e-03 -8.551041566052484943e-02 -4.935677452679264332e-02 9.864672297389719124e-02 2.976917463707897116e-01 4.464826544530767216e-01
4.194955029869920082e-01 3.163895977574433527e-01 8.404707311525444480e-02 -7.384787764219054307e-02 -9.594811403624141366e-02 1.219689686668264106e-02 1.015486885165237801e-01 7.049243236221808262e-02 -1.088375215442711208e-01 -2.968886059279287615e-01
3.163895977574433527e-01 4.298503274090599291e-01 3.055043546740262572e-01 1.094259281951099338e-01 -5.625991055141407043e-02 -9.484406531376460281e-02 -9.770176300655877139e-03 8.850486439285998319e-02 6.886565822605056342e-02 -9.263303460269145528e-02
8.404707311525444480e-02 3.055043546740262572e-01 3.776774714662752830e-01 2.893513953283176621e-01 1.122271467090793784e-01 -6.929137170635554788e-02 -1.055683912550238746e-01 -1.340295267355777649e-02 1.001035288013266689e-01 7.932039068861831965e-02
-7.384787764219054307e-02 1.094259281951099338e-01 2.893513953283176621e-01 3.640494794746886864e-01 3.011065240738650672e-01 9.136959025595053907e-02 -7.352519288966634370e-02 -9.693578318507900526e-02 1.438849486858720730e-02 1.034143127991807576e-01
-9.594811403624141366e-02 -5.625991055141407043e-02 1.122271467090793784e-01 3.011065240738650672e-01 4.270636381554059890e-01 3.164256124011534110e-01 9.528739451496671953e-02 -7.298876099091700098e-02 -9.050812767202921771e-02 7.809648195595770247e-03
1.219689686668264106e-02 -9.484406531376460281e-02 -6.929137170635554788e-02 9.136959025595053907e-02 3.164256124011534110e-01 4.103278133868161204e-01 2.958540478484116276e-01 1.006051273551457625e-01 -7.573640502535468333e-02 -9.995025584503611227e-02
1.015486885165237801e-01 -9.770176300655877139e-03 -1.055683912550238746e-01 -7.352519288966634370e-02 9.528739451496671953e-02 2.958540478484116276e-01 3.706213390123749840e-01 3.005911928632030161e-01 9.024321308042305978e-02 -7.370932227229648470e-02
