3.424198590127138231e-01 2.679517349910885970e-01 1.070966389115152045e-01 -2.632767585376949437e-02 -7.698245727165128893e-02 -5.590978457279478786e-02 3.433614440761557658e-03 5.655833219523551114e-02 5.334277733261325039e-02 -1.657089198258515639e-02 -1.180497039141499976e-01 -2.413077758910063264e-01
2.679517349910885970e-01 4.143545858650078406e-01 2.564407755879685169e-01 1.090680576482084274e-01 -1.235391895039044362e-03 -5.725741791563352528e-02 -5.982908942805284513e-02 -8.240202379300978069e-03 5.575138102700719078e-02 6.563849568289424619e-02 6.584013638280296614e-05 -1.198871712751578833e-01
1.070966389115152045e-01 2.564407755879685169e-01 3.228088095944188218e-01 2.396106972160743087e-01 1.351021441418948921e-01 2.703409859492451189e-02 -5.410209941641918457e-02 -6.396514428963522014e-02 -6.670408482561953137e-03 5.774774034577372789e-02 6.729312411198870580e-02 1.987068320099245194e-02
-2.632767585376949437e-02 1.090680576482084274e-01 2.396106972160743087e-01 3.124216726528294408e-01 2.476711003786955523e-01 1.338474531140095014e-01 1.861553624015289954e-02 -6.040753597793483559e-02 -6.191859857560737951e-02 -2.358983440211301266e-03 5.836805082882497858e-02 8.308498481959265825e-02
-7.698245727165128893e-02 -1.235391895039044362e-03 1.351021441418948921e-01 2.476711003786955523e-01 3.192846560894008201e-01 2.306000270479753311e-01 1.243928059725609575e-01 5.676752105220115793e-03 -6.914318711803217610e-02 -6.000880470250877230e-02 5.020112368227921430e-03 6.782541046085570347e-02
-5.590978457279478786e-02 -5.725741791563352528e-02 2.703409859492451189e-02 1.338474531140095014e-01 2.306000270479753311e-01 2.767003794855061871e-01 2.384802078071810438e-01 1.246688837318717102e-01 -7.514225790288387059e-03 -7.462025384137817297e-02 -5.543259099961368730e-02 -4.946548635849334604e-04
3.433614440761557658e-03 -5.982908942805284513e-02 -5.410209941641918457e-02 1.861553624015289954e-02 1.243928059725609575e-01 2.384802078071810438e-01 3.593176643819854799e-01 2.657385239933884868e-01 1.136216486176099966e-01 -2.520038495937551581e-02 -7.659073648320606498e-02 -6.736792880882284951e-02
5.655833219523551114e-02 -8.240202379300978069e-03 -6.396514428963522014e-02 -6.040753597793483559e-02 5.676752105220115793e-03 1.246688837318717102e-01 2.657385239933884868e-01 3.641743883210056820e-01 2.481168941015588769e-01 1.066134985026153531e-01 -1.208557307949420165e-02 -7.017973083297686376e-02
5.334277733261325039e-02 5.575138102700719078e-02 -6.670408482561953137e-03 -6.191859857560737951e-02 -6.914318711803217610e-02 -7.514225790288387059e-03 1.136216486176099966e-01 2.481168941015588769e-01 3.409101462158018458e-01 2.596649035192899468e-01 1.263592049823282215e-01 1.800783581571481495e-02
-1.657089198258515639e-02 6.563849568289424619e-02 5.774774034577372789e-02 -2.358983440211301266e-03 -6.000880470250877230e-02 -7.462025384137817297e-02 -2.520038495937551581e-02 1.066134985026153531e-01 2.596649035192899468e-01 3.717925656635275855e-01 2.449362522368082329e-01 1.362050955830551024e-01
-1.180497039141499976e-01 6.584013638280296614e-05 6.729312411198870580e-02 5.836805082882497858e-02 5.020112368227921430e-03 -5.543259099961368730e-02 -7.659073648320606498e-02 -1.208557307949420165e-02 1.263592049823282215e-01 2.449362522368082329e-01 2.716455069276252354e-01 2.246174171102668093e-01
-2.413077758910063264e-01 -1.198871712751578833e-01 1.987068320099245194e-02 8.308498481959265825e-02 6.782541046085570347e-02 -4.946548635849334604e-04 -6.736792880882284951e-02 -7.017973083297686376e-02 1.800783581571481495e-02 1.362050955830551024e-01 2.246174171102668093e-01 3.041697657901824559e-01
3.917954659918595484e-01 2.559669029166126153e-01 1.068991342968933084e-01 -9.651245149215916669e-03 -6.131691641495707473e-02 -5.878261277977611665e-02 -5.919132138861736905e-03 5.683944689830033870e-02 6.710353131802396232e-02 1.420804615183848645e-03 -1.208720463002620898e-01 -2.661000085560936701e-01
2.559669029166126153e-01 3.191190230639203707e-01 2.312737941996483304e-01 1.282638592423951673e-01 1.105649516514430400e-02 -6.578125249305608047e-02 -6.363298398883331097e-02 1.979588418026602924e-03 6.639888359579287913e-02 6.752641806342803144e-02 6.371827281020440471e-03 -1.217517145694816394e-01
1.068991342968933084e-01 2.312737941996483304e-01 3.034163020100502095e-01 2.614669131762177301e-01 1.274223025583448021e-01 5.097581729631338321e-03 -6.312067528870222988e-02 -5.573268713115988454e-02 4.015461534530655532e-03 5.571386210891813434e-02 7.069343081305019816e-02 1.430783237634491306e-02
-9.651245149215916669e-03 1.282638592423951673e-01 2.614669131762177301e-01 3.938784908723146905e-01 2.423188124439574209e-01 1.171995813407194081e-01 -8.169974516149743375e-04 -6.781462791722045469e-02 -5.885188440156849388e-02 1.496991031982897050e-03 6.293037553707363230e-02 7.789318242370019130e-02
-6.131691641495707473e-02 1.105649516514430400e-02 1.274223025583448021e-01 2.423188124439574209e-01 2.652108159724295700e-01 2.269288850503497490e-01 1.227026640868151552e-01 3.316268982241151516e-03 -6.743600813401398608e-02 -5.755950475800795246e-02 -7.140515013754243460e-03 5.286367333260250795e-02
-5.878261277977611665e-02 -6.578125249305608047e-02 5.097581729631338321e-03 1.171995813407194081e-01 2.269288850503497490e-01 3.432259774867920110e-01 2.659080226871387009e-01 1.251375575804802021e-01 -1.535539734051184768e-02 -7.613892776839240040e-02 -7.157955171327033683e-02 -8.494994828181891625e-03
-5.919132138861736905e-03 -6.363298398883331097e-02 -6.312067528870222988e-02 -8.169974516149743375e-04 1.227026640868151552e-01 2.659080226871387009e-01 3.675345636640554581e-01 2.489002303187934362e-01 1.070132939030713631e-01 -1.147936709959078948e-02 -6.941020935904557154e-02 -5.741910379248857388e-02
5.683944689830033870e-02 1.979588418026602924e-03 -5.573268713115988454e-02 -6.781462791722045469e-02 3.316268982241151516e-03 1.251375575804802021e-01 2.489002303187934362e-01 3.251285706554855048e-01 2.510445072275037104e-01 1.263220075970954703e-01 2.029672423396509245e-02 -5.231007896059175488e-02
6.710353131802396232e-02 6.639888359579287913e-02 4.015461534530655532e-03 -5.885188440156849388e-02 -6.743600813401398608e-02 -1.535539734051184768e-02 1.070132939030713631e-01 2.510445072275037104e-01 3.629976492312484981e-01 2.505070072917072177e-01 1.403433570501805283e-01 1.715369844436584468e-02
1.420804615183848645e-03 6.752641806342803144e-02 5.571386210891813434e-02 1.496991031982897050e-03 -5.755950475800795246e-02 -7.613892776839240040e-02 -1.147936709959078948e-02 1.263220075970954703e-01 2.505070072917072177e-01 2.889352014761594756e-01 2.292462891585280715e-01 1.174226998971226732e-01
-1.208720463002620898e-01 6.371827281020440471e-03 7.069343081305019816e-02 6.293037553707363230e-02 -7.140515013754243460e-03 -7.157955171327033683e-02 -6.941020935904557154e-02 2.029672423396509245e-02 1.403433570501805283e-01 2.292462891585280715e-01 2.985858668732637167e-01 2.379489566868806527e-01
-2.661000085560936701e-01 -1.217517145694816394e-01 1.430783237634491306e-02 7.789318242370019130e-02 5.286367333260250795e-02 -8.494994828181891625e-03 -5.741910379248857388e-02 -5.231007896059175488e-02 1.715369844436584468e-02 1.174226998971226732e-01 2.379489566868806527e-01 3.401720727024116764e-01
3.663465522840614330e-01 2.516908681041636342e-01 1.145652870485749930e-01 -1.642211254512083649e-02 -7.752395307435702709e-02 -5.135195240561016283e-02 1.518011708430503509e-02 6.802936483129101708e-02 5.965727745440885244e-02 -1.708265751000640625e-02 -1.317884276846745528e-01 -2.523966429067819872e-01
2.516908681041636342e-01 3.292480260315410190e-01 2.553811261401068289e-01 1.139872840188251579e-01 -1.701058563831716469e-02 -7.118881970428909967e-02 -5.440538399288864790e-02 3.488739434574629570e-03 5.700672643136065615e-02 6.080483359663940712e-02 -3.690025181772956485e-03 -1.187056397825976412e-01
1.145652870485749930e-01 2.553811261401068289e-01 3.789901569365380363e-01 2.549712628624729582e-01 1.134236938685210805e-01 -1.399973047842733784e-02 -7.411314551324993394e-02 -6.374351793944939282e-02 2.325766863422032600e-03 6.652856961843321704e-02 7.493376621598890619e-02 1.266372282141451332e-02
-1.642211254512083649e-02 1.139872840188251579e-01 2.549712628624729582e-01 3.268369839048158587e-01 2.499895471574818950e-01 1.189164568292093715e-01 -1.255099270971403707e-04 -6.520059772536562770e-02 -5.555381412344692627e-02 2.646716974598623071e-03 5.830983469045169371e-02 7.029056865189466097e-02
-7.752395307435702709e-02 -1.701058563831716469e-02 1.134236938685210805e-01 2.499895471574818950e-01 3.646942849926705366e-01 2.572368609154163099e-01 1.277735382652794571e-01 8.097548495042598479e-03 -6.345325545463224859e-02 -6.505718078187103237e-02 -1.215719076317869560e-02 5.099355667361486072e-02
-5.135195240561016283e-02 -7.118881970428909967e-02 -1.399973047842733784e-02 1.189164568292093715e-01 2.572368609154163099e-01 3.253926411805542207e-01 2.374798410427749196e-01 1.252720495078155083e-01 6.491948265923360578e-03 -6.779561179782532532e-02 -6.769740355712014490e-02 -1.579107567037752943e-02
1.518011708430503509e-02 -5.440538399288864790e-02 -7.411314551324993394e-02 -1.255099270971403707e-04 1.277735382652794571e-01 2.374798410427749196e-01 2.975513750599129148e-01 2.424486734344237227e-01 1.249297208993945946e-01 4.004500144982791644e-03 -6.497815833235034977e-02 -6.631439497308060094e-02
6.802936483129101708e-02 3.488739434574629570e-03 -6.374351793944939282e-02 -6.520059772536562770e-02 8.097548495042598479e-03 1.252720495078155083e-01 2.424486734344237227e-01 3.435897832419025910e-01 2.540249225220060358e-01 1.278236597322085777e-01 5.742061001184070763e-03 -6.443493570293570838e-02
5.965727745440885244e-02 5.700672643136065615e-02 2.325766863422032600e-03 -5.555381412344692627e-02 -6.345325545463224859e-02 6.491948265923360578e-03 1.249297208993945946e-01 2.540249225220060358e-01 3.346577429850602359e-01 2.490935483122869998e-01 1.265868976390023271e-01 1.341641079475594869e-02
-1.708265751000640625e-02 6.080483359663940712e-02 6.652856961843321704e-02 2.646716974598623071e-03 -6.505718078187103237e-02 -6.779561179782532532e-02 4.004500144982791644e-03 1.278236597322085777e-01 2.490935483122869998e-01 3.263338501849581963e-01 2.405687949049443997e-01 1.289098643721264259e-01
-1.317884276846745528e-01 -3.690025181772956485e-03 7.493376621598890619e-02 5.830983469045169371e-02 -1.215719076317869560e-02 -6.769740355712014490e-02 -6.497815833235034977e-02 5.742061001184070763e-03 1.265868976390023271e-01 2.405687949049443997e-01 3.006355328485251777e-01 2.348627738233666773e-01
-2.523966429067819872e-01 -1.187056397825976412e-01 1.266372282141451332e-02 7.029056865189466097e-02 5.099355667361486072e-02 -1.579107567037752943e-02 -6.631439497308060094e-02 -6.443493570293570838e-02 1.341641079475594869e-02 1.289098643721264259e-01 2.348627738233666773e-01 3.057230703494684954e-01
3.199272366691106040e-01 2.481351522536628385e-01 1.328797013946369787e-01 -2.257097366422292778e-02 -8.848108127293953518e-02 -5.062887108569560923e-02 5.925613546449793982e-03 5.602214132263873270e-02 5.416390008922281063e-02 -1.211489374528665341e-02 -1.205757548693274783e-01 -2.371527087879110596e-01
2.481351522536628385e-01 3.218913318355293707e-01 2.526887125670131962e-01 8.887390620612428682e-02 -4.604675129255728083e-02 -7.063802269557026281e-02 -5.623519269743885995e-02 5.763810104098663137e-03 6.439726627226445566e-02 6.555886744635791574e-02 -8.563966453157233205e-03 -1.288299989930001554e-01
1.328797013946369787e-01 2.526887125670131962e-01 3.709655808489797923e-01 2.544146561853227184e-01 9.782651006594650367e-02 -1.893490212734977307e-02 -7.400444300812764054e-02 -5.172999904292779894e-02 2.044576735000145154e-02 7.240513476085791433e-02 6.135440387266011264e-02 -1.570016059863171831e-02
-2.257097366422292778e-02 8.887390620612428682e-02 2.544146561853227184e-01 4.116361138052844204e-01 2.798791170054993893e-01 1.131791336809199189e-01 5.877118253234371592e-03 -5.180531822716004375e-02 -5.053353250593028284e-02 -6.237775663492337551e-03 4.255185497550142970e-02 6.190680629942725555e-02
-8.848108127293953518e-02 -4.604675129255728083e-02 9.782651006594650367e-02 2.798791170054993893e-01 3.856225324975074975e-01 2.129236249765839029e-01 1.179729382588756148e-01 1.889419189378921740e-02 -5.863871642758833325e-02 -7.044615852679524115e-02 -2.180504471542436470e-02 5.177838653659737334e-02
-5.062887108569560923e-02 -7.063802269557026281e-02 -1.893490212734977307e-02 1.131791336809199189e-01 2.129236249765839029e-01 2.016071685135540914e-01 2.051891091419092983e-01 1.257457330790174577e-01 1.789611412000303645e-02 -5.894449893582239669e-02 -6.158538626613861700e-02 -1.231282755284721087e-02
5.925613546449793982e-03 -5.623519269743885995e-02 -7.400444300812764054e-02 5.877118253234371592e-03 1.179729382588756148e-01 2.051891091419092983e-01 3.428454623548151670e-01 2.715774568614690021e-01 1.349359925477290334e-01 -7.846356690523458369e-03 -7.468965589991324872e-02 -6.903300296583754492e-02
5.602214132263873270e-02 5.763810104098663137e-03 -5.172999904292779894e-02 -5.180531822716004375e-02 1.889419189378921740e-02 1.257457330790174577e-01 2.715774568614690021e-01 3.714798258542086895e-01 2.485672687766645184e-01 1.077870704564469068e-01 -6.176117280763379624e-03 -6.475624451384456859e-02
5.416390008922281063e-02 6.439726627226445566e-02 2.044576735000145154e-02 -5.053353250593028284e-02 -5.863871642758833325e-02 1.789611412000303645e-02 1.349359925477290334e-01 2.485672687766645184e-01 3.072752735440413829e-01 2.386512494229497960e-01 1.273090071711817095e-01 1.983647334106376781e-02
-1.211489374528665341e-02 6.555886744635791574e-02 7.240513476085791433e-02 -6.237775663492337551e-03 -7.044615852679524115e-02 -5.894449893582239669e-02 -7.846356690523458369e-03 1.077870704564469068e-01 2.386512494229497960e-01 3.384632979136300568e-01 2.534758299245670754e-01 1.383508865869854942e-01
-1.205757548693274783e-01 -8.563966453157233205e-03 6.135440387266011264e-02 4.255185497550142970e-02 -2.180504471542436470e-02 -6.158538626613861700e-02 -7.468965589991324872e-02 -6.176117280763379624e-03 1.273090071711817095e-01 2.534758299245670754e-01 3.195930683170042363e-01 2.415493786376189944e-01
-2.371527087879110596e-01 -1.288299989930001554e-01 -1.570016059863171831e-02 6.190680629942725555e-02 5.177838653659737334e-02 -1.231282755284721087e-02 -6.903300296583754492e-02 -6.475624451384456859e-02 1.983647334106376781e-02 1.383508865869854942e-01 2.415493786376189944e-01 3.086931078463475697e-01
3.605006381415075678e-01 2.611403872960619821e-01 1.192376680630763963e-01 7.514864870084591621e-04 -6.155468559587792821e-02 -5.880844310136647268e-02 -2.950694270557697139e-03 5.564009468449769569e-02 7.292209932119068927e-02 1.112043043654378262e-02 -1.126749180017363045e-01 -2.530065725237740093e-01
2.611403872960619821e-01 3.578937389001999869e-01 2.399894952586989483e-01 1.264423934297020657e-01 3.028795676440051467e-03 -7.315207176839406966e-02 -6.531207476476091900e-02 -5.020277958497295495e-03 6.010930783203637107e-02 7.358588763812511091e-02 2.267203110365621777e-02 -1.110614010854429484e-01
1.192376680630763963e-01 2.399894952586989483e-01 2.837502577770796286e-01 2.425842546612823614e-01 1.195486165522568756e-01 -1.563419050796410834e-03 -6.454615382566342152e-02 -5.906921417930748042e-02 -8.488312488081160151e-03 5.170381929294216861e-02 7.522976359333032048e-02 1.385381013438477700e-02
7.514864870084591621e-04 1.264423934297020657e-01 2.425842546612823614e-01 3.657130111638319803e-01 2.535688702230519675e-01 1.245587399335447709e-01 -1.355995616648927914e-03 -6.965940373854162537e-02 -7.023924096118534799e-02 -7.449372133497847437e-03 6.104697491598237713e-02 7.391586297595570398e-02
-6.155468559587792821e-02 3.028795676440051467e-03 1.195486165522568756e-01 2.535688702230519675e-01 3.193477382826493405e-01 2.487380851554211736e-01 1.225163586148107497e-01 5.069163659723058962e-03 -6.420335448831721026e-02 -5.806344581939881094e-02 -1.000424576422590667e-02 4.983506769984028667e-02
-5.880844310136647268e-02 -7.315207176839406966e-02 -1.563419050796410834e-03 1.245587399335447709e-01 2.487380851554211736e-01 3.511876309927560724e-01 2.499504696826080619e-01 1.261943034621822446e-01 1.220319749553387678e-02 -5.810705569225924766e-02 -7.078174002561829492e-02 -1.558009787163806316e-02
-2.950694270557697139e-03 -6.531207476476091900e-02 -6.454615382566342152e-02 -1.355995616648927914e-03 1.225163586148107497e-01 2.499504696826080619e-01 3.126718028502205593e-01 2.352810517293456305e-01 1.322908248514434448e-01 1.498437535231482258e-02 -6.443149676093748446e-02 -6.336979115279435526e-02
5.564009468449769569e-02 -5.020277958497295495e-03 -5.906921417930748042e-02 -6.965940373854162537e-02 5.069163659723058962e-03 1.261943034621822446e-01 2.352810517293456305e-01 3.001571103382735251e-01 2.500221776447656419e-01 1.266339926270086125e-01 1.124429968366689667e-02 -6.030347921598745026e-02
7.292209932119068927e-02 6.010930783203637107e-02 -8.488312488081160151e-03 -7.023924096118534799e-02 -6.420335448831721026e-02 1.220319749553387678e-02 1.322908248514434448e-01 2.500221776447656419e-01 3.556780932373216353e-01 2.410181008025580052e-01 1.275704370725183612e-01 2.578168200314447794e-03
1.112043043654378262e-02 7.358588763812511091e-02 5.170381929294216861e-02 -7.449372133497847437e-03 -5.806344581939881094e-02 -5.810705569225924766e-02 1.498437535231482258e-02 1.266339926270086125e-01 2.410181008025580052e-01 2.815081390454607368e-01 2.389930280347400127e-01 1.199308043722877165e-01
-1.126749180017363045e-01 2.267203110365621777e-02 7.522976359333032048e-02 6.104697491598237713e-02 -1.000424576422590667e-02 -7.078174002561829492e-02 -6.443149676093748446e-02 1.124429968366689667e-02 1.275704370725183612e-01 2.389930280347400127e-01 3.554632075660928980e-01 2.600064351050882516e-01
-2.530065725237740093e-01 -1.110614010854429484e-01 1.385381013438477700e-02 7.391586297595570398e-02 4.983506769984028667e-02 -1.558009787163806316e-02 -6.336979115279435526e-02 -6.030347921598745026e-02 2.578168200314447794e-03 1.199308043722877165e-01 2.600064351050882516e-01 3.561286317046064576e-01
3.409944549423630233e-01 2.543883098471922954e-01 1.275210136125628779e-01 -2.102038299034919566e-02 -8.281478565141241199e-02 -4.952080396413131858e-02 2.118797304130478135e-02 7.153280001431353008e-02 6.167773212837954905e-02 7.155243804380050782e-03 -1.100474988897064965e-01 -2.429447032925863281e-01
2.543883098471922954e-01 3.259134049118532772e-01 2.452910568061473229e-01 9.456613503024685619e-02 -4.171291652390567151e-02 -7.926245329706377296e-02 -4.005279134125044882e-02 2.449144828850018801e-02 6.626237278221469573e-02 7.591880848572163387e-02 9.449493857465830760e-03 -1.244071316428572299e-01
1.275210136125628779e-01 2.452910568061473229e-01 3.506644266432613621e-01 2.612924582725938971e-01 9.870147546964916363e-02 -3.202842490190214997e-02 -7.279990386763915411e-02 -5.088436855252567725e-02 1.068435006729417415e-02 6.476979086731632362e-02 6.780815281910157477e-02 -6.754300862042446514e-03
-2.102038299034919566e-02 9.456613503024685619e-02 2.612924582725938971e-01 4.302507499153757076e-01 2.709674373240410494e-01 1.056140704673093622e-01 -1.996157850175218212e-02 -7.434047374646529649e-02 -5.745960336179964378e-02 -1.522822646160402332e-02 4.011383951980022899e-02 6.371126895102741106e-02
-8.281478565141241199e-02 -4.171291652390567151e-02 9.870147546964916363e-02 2.709674373240410494e-01 3.574038594358296406e-01 2.395204007033360227e-01 1.115328454544481651e-01 7.334096487072099685e-03 -5.097220453304578819e-02 -6.891761001439322687e-02 -3.149059930483485981e-02 4.336876344525884830e-02
-4.952080396413131858e-02 -7.926245329706377296e-02 -3.202842490190214997e-02 1.056140704673093622e-01 2.395204007033360227e-01 3.115389831220791717e-01 2.425337058256328282e-01 1.448444343092183118e-01 3.277023011942615388e-02 -4.798519626023583368e-02 -6.901714673387933374e-02 -2.203619050958804254e-02
2.118797304130478135e-02 -4.005279134125044882e-02 -7.279990386763915411e-02 -1.996157850175218212e-02 1.115328454544481651e-01 2.425337058256328282e-01 3.190778382967894844e-01 2.564631804355345102e-01 1.321521647254075837e-01 3.231815899310899048e-02 -4.450429071110800772e-02 -6.263910137807457423e-02
7.153280001431353008e-02 2.449144828850018801e-02 -5.088436855252567725e-02 -7.434047374646529649e-02 7.334096487072099685e-03 1.448444343092183118e-01 2.564631804355345102e-01 3.361930551211451679e-01 2.174853164003536510e-01 1.289137455732412285e-01 2.894438260264298873e-02 -5.476878816569826641e-02
6.167773212837954905e-02 6.626237278221469573e-02 1.068435006729417415e-02 -5.745960336179964378e-02 -5.097220453304578819e-02 3.277023011942615388e-02 1.321521647254075837e-01 2.174853164003536510e-01 2.231665492518201399e-01 2.092474435811574884e-01 1.298892201480141284e-01 1.976624644358875027e-02
7.155243804380050782e-03 7.591880848572163387e-02 6.476979086731632362e-02 -1.522822646160402332e-02 -6.891761001439322687e-02 -4.798519626023583368e-02 3.231815899310899048e-02 1.289137455732412285e-01 2.092474435811574884e-01 3.131430060344529975e-01 2.612222709059710546e-01 1.338795135056465302e-01
-1.100474988897064965e-01 9.449493857465830760e-03 6.780815281910157477e-02 4.011383951980022899e-02 -3.149059930483485981e-02 -6.901714673387933374e-02 -4.450429071110800772e-02 2.894438260264298873e-02 1.298892201480141284e-01 2.612222709059710546e-01 3.671756483381556357e-01 2.539066526228955234e-01
-2.429447032925863281e-01 -1.244071316428572299e-01 -6.754300862042446514e-03 6.371126895102741106e-02 4.336876344525884830e-02 -2.203619050958804254e-02 -6.263910137807457423e-02 -5.476878816569826641e-02 1.976624644358875027e-02 1.338795135056465302e-01 2.539066526228955234e-01 3.244780239868879645e-01
3.274767813008785944e-01 2.444552719683815156e-01 1.309682302743744309e-01 1.391342243446353974e-02 -6.427268315984485669e-02 -6.432239706207433516e-02 -1.693440361120118406e-02 4.771114574704665018e-02 7.000678762288019275e-02 1.168011101398270211e-02 -1.150278153752263971e-01 -2.537249168058903215e-01
2.444552719683815156e-01 3.235840793339444521e-01 2.470921183039907487e-01 1.266412267664756008e-01 1.995512013109701868e-04 -6.979081923199650928e-02 -7.307058088290996345e-02 -1.725682013959013716e-02 5.521469298555169158e-02 7.666713295450375276e-02 1.782091249675810812e-02 -1.133409040667094775e-01
1.309682302743744309e-01 2.470921183039907487e-01 3.183041744850602095e-01 2.402180739200261983e-01 1.196580615774029688e-01 -9.010932087751052227e-04 -6.747040256021989701e-02 -6.335618297162529111e-02 -1.461919879996554251e-03 6.397418933242271510e-02 7.433730066807842096e-02 1.211576780861917677e-03
1.391342243446353974e-02 1.266412267664756008e-01 2.402180739200261983e-01 3.238796164356400609e-01 2.568783788997689999e-01 1.279600185327077755e-01 1.354089370359357752e-02 -5.817963039843609269e-02 -5.894462131591683696e-02 -2.084943768126829629e-03 5.650320667547643200e-02 6.182940977690042084e-02
-6.427268315984485669e-02 1.995512013109701868e-04 1.196580615774029688e-01 2.568783788997689999e-01 3.707854135056697364e-01 2.501443278653948665e-01 1.314098381774854440e-01 1.216247405992118905e-02 -6.473499991739213588e-02 -6.499416723045554900e-02 -9.192144008564938004e-03 5.496688514713958529e-02
-6.432239706207433516e-02 -6.979081923199650928e-02 -9.010932087751052227e-04 1.279600185327077755e-01 2.501443278653948665e-01 2.899396901513884850e-01 2.271158867973050444e-01 1.208369971987311164e-01 6.373658027446484249e-03 -6.506526155296626923e-02 -6.279060542472703066e-02 -1.868270754636174947e-03
-1.693440361120118406e-02 -7.307058088290996345e-02 -6.747040256021989701e-02 1.354089370359357752e-02 1.314098381774854440e-01 2.271158867973050444e-01 2.969892432659816395e-01 2.430557690156353590e-01 1.282662080269098559e-01 -5.518047302282746758e-05 -7.134147777648341959e-02 -5.832921265761135260e-02
4.771114574704665018e-02 -1.725682013959013716e-02 -6.335618297162529111e-02 -5.817963039843609269e-02 1.216247405992118905e-02 1.208369971987311164e-01 2.430557690156353590e-01 3.484004261488922172e-01 2.636148958171275480e-01 1.222710253062379848e-01 -9.369604231774696784e-03 -7.184724184383473045e-02
7.000678762288019275e-02 5.521469298555169158e-02 -1.461919879996554251e-03 -5.894462131591683696e-02 -6.473499991739213588e-02 6.373658027446484249e-03 1.282662080269098559e-01 2.636148958171275480e-01 3.635348347374928735e-01 2.466310863456823432e-01 1.132320807008134200e-01 -9.819114891941120235e-03
1.168011101398270211e-02 7.666713295450375276e-02 6.397418933242271510e-02 -2.084943768126829629e-03 -6.499416723045554900e-02 -6.506526155296626923e-02 -5.518047302282746758e-05 1.222710253062379848e-01 2.466310863456823432e-01 3.086176752848749927e-01 2.410480175467422659e-01 1.201514791128460158e-01
-1.150278153752263971e-01 1.782091249675810812e-02 7.433730066807842096e-02 5.650320667547643200e-02 -9.192144008564938004e-03 -6.279060542472703066e-02 -7.134147777648341959e-02 -9.369604231774696784e-03 1.132320807008134200e-01 2.410480175467422659e-01 3.443168247930830650e-01 2.643934761215822604e-01
-2.537249168058903215e-01 -1.133409040667094775e-01 1.211576780861917677e-03 6.182940977690042084e-02 5.496688514713958529e-02 -1.868270754636174947e-03 -5.832921265761135260e-02 -7.184724184383473045e-02 -9.819114891941120235e-03 1.201514791128460158e-01 2.643934761215822604e-01 3.841712405571085509e-01
3.256342811310420915e-01 2.655500383398337050e-01 1.232185048364087543e-01 -7.787843152304890944e-03 -6.469362000358042097e-02 -5.708425026215602216e-02 1.078550410742816490e-02 6.532682343658990920e-02 5.844102885308843226e-02 4.755540912815567865e-03 -1.072220384226371115e-01 -2.381859637506428540e-01
2.655500383398337050e-01 3.562388941103205586e-01 2.208722725889166738e-01 1.026337910284548238e-01 -1.097305655397086063e-02 -7.294734590894394466e-02 -4.075199623943976529e-02 2.815782348378524647e-02 7.126416407102159623e-02 7.335697602107807413e-02 -1.297500148320609829e-02 -1.503906454907812940e-01
1.232185048364087543e-01 2.208722725889166738e-01 2.519294404925835895e-01 2.458845864562074490e-01 1.182661347157159953e-01 -7.371738523337373512e-03 -6.239513173007209951e-02 -4.621589000221214272e-02 1.356872538987555915e-02 6.114685008748238504e-02 4.749058187625986027e-02 -2.696903951446184833e-02
-7.787843152304890944e-03 1.026337910284548238e-01 2.458845864562074490e-01 4.621085193385685019e-01 2.713868189756051263e-01 1.104130187519277578e-01 -3.380717405230355965e-02 -8.994466920556795642e-02 -5.378328838700874998e-02 6.446314299164438745e-03 5.727427576268555309e-02 6.427980544891601089e-02
-6.469362000358042097e-02 -1.097305655397086063e-02 1.182661347157159953e-01 2.713868189756051263e-01 2.967309341352112328e-01 2.258849243050492783e-01 9.388861754654570513e-02 -1.802139928418023881e-02 -5.667948303775206115e-02 -5.092968007242736767e-02 2.442649047101670516e-03 5.824778976484946275e-02
-5.708425026215602216e-02 -7.294734590894394466e-02 -7.371738523337373512e-03 1.104130187519277578e-01 2.258849243050492783e-01 3.547649482556169964e-01 2.696756476333570518e-01 1.371631166197611051e-01 6.857848434862309078e-03 -7.040019751540213533e-02 -6.192167451588816846e-02 -1.255392361876792560e-03
1.078550410742816490e-02 -4.075199623943976529e-02 -6.239513173007209951e-02 -3.380717405230355965e-02 9.388861754654570513e-02 2.696756476333570518e-01 3.890525958206704216e-01 2.652219296088178524e-01 1.117906951610797561e-01 -8.875299769480275410e-04 -5.588381302408964441e-02 -5.531931723567787285e-02
6.532682343658990920e-02 2.815782348378524647e-02 -4.621589000221214272e-02 -8.994466920556795642e-02 -1.802139928418023881e-02 1.371631166197611051e-01 2.652219296088178524e-01 3.265319831195602207e-01 2.068680697606626040e-01 1.186019730524101867e-01 2.047938420827309300e-02 -5.423233683888328133e-02
5.844102885308843226e-02 7.126416407102159623e-02 1.356872538987555915e-02 -5.378328838700874998e-02 -5.667948303775206115e-02 6.857848434862309078e-03 1.117906951610797561e-01 2.068680697606626040e-01 2.282598663010915463e-01 2.334372044017670178e-01 1.343235166355796761e-01 1.924709701103363008e-02
4.755540912815567865e-03 7.335697602107807413e-02 6.114685008748238504e-02 6.446314299164438745e-03 -5.092968007242736767e-02 -7.040019751540213533e-02 -8.875299769480275410e-04 1.186019730524101867e-01 2.334372044017670178e-01 4.006486478849985433e-01 2.699361377967093856e-01 1.295804115610418583e-01
-1.072220384226371115e-01 -1.297500148320609829e-02 4.749058187625986027e-02 5.727427576268555309e-02 2.442649047101670516e-03 -6.192167451588816846e-02 -5.588381302408964441e-02 2.047938420827309300e-02 1.343235166355796761e-01 2.699361377967093856e-01 3.145688285059913269e-01 2.258937186390589935e-01
-2.381859637506428540e-01 -1.503906454907812940e-01 -2.696903951446184833e-02 6.427980544891601089e-02 5.824778976484946275e-02 -1.255392361876792560e-03 -5.531931723567787285e-02 -5.423233683888328133e-02 1.924709701103363008e-02 1.295804115610418583e-01 2.258937186390589935e-01 2.935310609043432772e-01
3.148917775574553435e-01 2.460661984370691169e-01 1.245024877337808367e-01 -6.458038814809424072e-06 -6.994161184102012929e-02 -5.771200441147718990e-02 9.009711343862301589e-03 6.490865539809644036e-02 6.955022681655685657e-02 9.801446251654735362e-03 -1.163895987561129053e-01 -2.477646110168157112e-01
2.460661984370691169e-01 3.772210213859508166e-01 2.743481718003105696e-01 1.220018842465564746e-01 -2.617072646593477346e-03 -6.397562171688331301e-02 -5.570097552937447460e-02 1.465174075491913145e-04 5.339118957109288688e-02 7.322661000744717930e-02 2.963598642591076804e-02 -9.408026043117510839e-02
1.245024877337808367e-01 2.743481718003105696e-01 3.634873648923359069e-01 2.274013650806546993e-01 1.139270982483441275e-01 5.353331384450120412e-03 -6.300155768086566910e-02 -6.051010496899768276e-02 -1.247307684100806488e-02 4.927189486336633339e-02 7.995129109258182487e-02 2.429159180598429099e-02
-6.458038814809424072e-06 1.220018842465564746e-01 2.274013650806546993e-01 2.565529725429568919e-01 2.324847335188375830e-01 1.288727333919316709e-01 8.672203890892392700e-03 -6.526103634143610999e-02 -6.885050139540047076e-02 -2.251209858473880027e-02 4.604393810448288715e-02 6.739552255974649853e-02
-6.994161184102012929e-02 -2.617072646593477346e-03 1.139270982483441275e-01 2.324847335188375830e-01 3.635530458653835062e-01 2.660145119026227079e-01 1.260423579744864298e-01 -9.866596541416014499e-03 -7.566938493969581347e-02 -7.424463246643425718e-02 -1.497169724096774138e-02 5.490489296449322515e-02
-5.771200441147718990e-02 -6.397562171688331301e-02 5.353331384450120412e-03 1.288727333919316709e-01 2.660145119026227079e-01 3.451746132254814858e-01 2.436028387202369971e-01 1.119260357273260953e-01 4.827201215610855273e-03 -5.499816023186121505e-02 -5.655855349701664758e-02 -4.494951074318722685e-03
9.009711343862301589e-03 -5.570097552937447460e-02 -6.300155768086566910e-02 8.672203890892392700e-03 1.260423579744864298e-01 2.436028387202369971e-01 3.236501875848966092e-01 2.462437331394604356e-01 1.397963987626354987e-01 3.679798467927324762e-02 -4.758182541095912210e-02 -6.335202752160841444e-02
6.490865539809644036e-02 1.465174075491913145e-04 -6.051010496899768276e-02 -6.526103634143610999e-02 -9.866596541416014499e-03 1.119260357273260953e-01 2.462437331394604356e-01 3.244212214336594791e-01 2.452193674411383417e-01 1.397470226801405813e-01 1.920384574949397793e-02 -6.500659657391073820e-02
6.955022681655685657e-02 5.339118957109288688e-02 -1.247307684100806488e-02 -6.885050139540047076e-02 -7.566938493969581347e-02 4.827201215610855273e-03 1.397963987626354987e-01 2.452193674411383417e-01 2.952537848334229609e-01 2.258018227554340895e-01 1.167514951903013687e-01 -1.872612416403667684e-03
9.801446251654735362e-03 7.322661000744717930e-02 4.927189486336633339e-02 -2.251209858473880027e-02 -7.424463246643425718e-02 -5.499816023186121505e-02 3.679798467927324762e-02 1.397470226801405813e-01 2.258018227554340895e-01 2.791069150030744406e-01 2.357684133319992437e-01 1.210602405177396979e-01
-1.163895987561129053e-01 2.963598642591076804e-02 7.995129109258182487e-02 4.604393810448288715e-02 -1.497169724096774138e-02 -5.655855349701664758e-02 -4.758182541095912210e-02 1.920384574949397793e-02 1.167514951903013687e-01 2.357684133319992437e-01 3.635374304848030813e-01 2.748245766292768955e-01
-2.477646110168157112e-01 -9.408026043117510839e-02 2.429159180598429099e-02 6.739552255974649853e-02 5.490489296449322515e-02 -4.494951074318722685e-03 -6.335202752160841444e-02 -6.500659657391073820e-02 -1.872612416403667684e-03 1.210602405177396979e-01 2.748245766292768955e-01 3.931496651905914685e-01
3.106713936429857936e-01 2.528614147720072425e-01 1.134684777953599566e-01 -2.432915553956492907e-02 -7.688101261716610846e-02 -3.982242531824116416e-02 3.239366350923075788e-02 7.230353477297161990e-02 5.398480346432354970e-02 -2.545853749866559823e-02 -1.286336957961253802e-01 -2.361943676855248475e-01
2.528614147720072425e-01 3.817967972849986569e-01 2.645236207415949115e-01 1.072276250637024808e-01 -2.668537662978074168e-02 -7.404259081280113730e-02 -4.305573210113686211e-02 1.659433208602392740e-02 6.069592147342167676e-02 5.572790842273781659e-02 -1.625568146751964205e-02 -1.264042732216283937e-01
1.134684777953599566e-01 2.645236207415949115e-01 3.666097907099490905e-01 2.510140225179863238e-01 1.076240717976311434e-01 -2.294141108486542555e-02 -7.584510515557540966e-02 -5.854750088498973659e-02 3.089160287483265141e-03 6.146599874097066762e-02 6.400343316456696963e-02 7.747269820282923387e-03
-2.432915553956492907e-02 1.072276250637024808e-01 2.510140225179863238e-01 3.415797110232420275e-01 2.554893383727702139e-01 1.132034611593056433e-01 -1.642547240433335151e-02 -7.411886066868636491e-02 -5.933784171676992347e-02 2.328803630526234472e-03 6.110319813615481405e-02 7.835847254775554771e-02
-7.688101261716610846e-02 -2.668537662978074168e-02 1.076240717976311434e-01 2.554893383727702139e-01 3.721588463247169631e-01 2.611620162297763059e-01 1.176627124532230034e-01 -7.207829693954260174e-04 -6.267349334544680683e-02 -5.951772400912355709e-02 -2.879664409623709613e-03 5.610614969179458789e-02
-3.982242531824116416e-02 -7.404259081280113730e-02 -2.294141108486542555e-02 1.132034611593056433e-01 2.611620162297763059e-01 3.540888797493126905e-01 2.465516256574477871e-01 1.276116829094811334e-01 1.410646336486529213e-02 -6.053247135772231446e-02 -6.332587416724259899e-02 -2.221443355157686969e-02
3.239366350923075788e-02 -4.305573210113686211e-02 -7.584510515557540966e-02 -1.642547240433335151e-02 1.176627124532230034e-01 2.465516256574477871e-01 3.083076851899981818e-01 2.385920142080675266e-01 1.277695468477421659e-01 1.340168169251338207e-02 -6.147954829838428448e-02 -7.614181929836838503e-02
7.230353477297161990e-02 1.659433208602392740e-02 -5.854750088498973659e-02 -7.411886066868636491e-02 -7.207829693954260174e-04 1.276116829094811334e-01 2.385920142080675266e-01 3.086525711460039734e-01 2.387883040935165069e-01 1.299934448208713011e-01 8.764223063261010818e-03 -6.596408375200216168e-02
5.398480346432354970e-02 6.069592147342167676e-02 3.089160287483265141e-03 -5.933784171676992347e-02 -6.267349334544680683e-02 1.410646336486529213e-02 1.277695468477421659e-01 2.387883040935165069e-01 3.145890014808032653e-01 2.538395397723096081e-01 1.272924152970357770e-01 1.618508857604620751e-02
-2.545853749866559823e-02 5.572790842273781659e-02 6.146599874097066762e-02 2.328803630526234472e-03 -5.951772400912355709e-02 -6.053247135772231446e-02 1.340168169251338207e-02 1.299934448208713011e-01 2.538395397723096081e-01 3.599951013214193196e-01 2.453936649788123203e-01 1.351451304365932915e-01
-1.286336957961253802e-01 -1.625568146751964205e-02 6.400343316456696963e-02 6.110319813615481405e-02 -2.879664409623709613e-03 -6.332587416724259899e-02 -6.147954829838428448e-02 8.764223063261010818e-03 1.272924152970357770e-01 2.453936649788123203e-01 2.833952837763645816e-01 2.284637804661594496e-01
-2.361943676855248475e-01 -1.264042732216283937e-01 7.747269820282923387e-03 7.835847254775554771e-02 5.610614969179458789e-02 -2.221443355157686969e-02 -7.614181929836838503e-02 -6.596408375200216168e-02 1.618508857604620751e-02 1.351451304365932915e-01 2.284637804661594496e-01 2.981549383502081763e-01
4.065430819333412105e-01 2.668317221730834854e-01 1.180262213458507792e-01 -2.277601597692287781e-03 -6.301800296068094109e-02 -6.668669293480186666e-02 -1.559548686338571230e-02 4.473463937248323141e-02 6.993984449854512286e-02 1.792551854280866053e-02 -1.039906659167353503e-01 -2.563852625976245636e-01
2.668317221730834854e-01 3.427378293470815240e-01 2.375563940005954167e-01 1.235258011668099315e-01 7.955952424069517859e-03 -6.603740086170566126e-02 -6.455070854482611309e-02 -2.856837967785733762e-02 3.856075489663218780e-02 7.413902707248667956e-02 3.231106768385733768e-02 -1.045901669770916420e-01
1.180262213458507792e-01 2.375563940005954167e-01 2.919443154126550866e-01 2.415212288312852396e-01 1.243052050215611160e-01 1.647105897463492508e-02 -4.958679059254242349e-02 -7.112092005365099057e-02 -2.641075788421995765e-02 5.145038610986592265e-02 8.269937191080191374e-02 2.189224276074634018e-02
-2.277601597692287781e-03 1.235258011668099315e-01 2.415212288312852396e-01 3.477287102493359372e-01 2.469892088889190651e-01 1.414387617041241163e-01 2.377051134807334556e-02 -5.666436355494641058e-02 -6.734317581409794695e-02 -8.531387559057367759e-03 5.833498907631153030e-02 7.235158448412429277e-02
-6.301800296068094109e-02 7.955952424069517859e-03 1.243052050215611160e-01 2.469892088889190651e-01 2.971287242490646130e-01 2.455293116285944266e-01 1.233418878954710141e-01 2.658491661977219894e-02 -4.774776606130012868e-02 -5.831353095985964546e-02 -1.491980747782289431e-02 4.660345333880294011e-02
-6.668669293480186666e-02 -6.603740086170566126e-02 1.647105897463492508e-02 1.414387617041241163e-01 2.455293116285944266e-01 3.366259213776587322e-01 2.212613430747271959e-01 1.340546218224248909e-01 2.215830312889283116e-02 -6.529839248292196308e-02 -7.561163155076315590e-02 -1.144895242178394293e-02
-1.559548686338571230e-02 -6.455070854482611309e-02 -4.958679059254242349e-02 2.377051134807334556e-02 1.233418878954710141e-01 2.212613430747271959e-01 2.362722647582890523e-01 2.243291391095475484e-01 1.267269564530657810e-01 2.163113599950190150e-03 -7.125575485248200613e-02 -5.674205748972027674e-02
4.473463937248323141e-02 -2.856837967785733762e-02 -7.112092005365099057e-02 -5.666436355494641058e-02 2.658491661977219894e-02 1.340546218224248909e-01 2.243291391095475484e-01 3.461833506916583980e-01 2.653357393759693816e-01 1.199816817085783138e-01 -1.572727900404861934e-02 -7.276179294250922913e-02
6.993984449854512286e-02 3.856075489663218780e-02 -2.641075788421995765e-02 -6.734317581409794695e-02 -4.774776606130012868e-02 2.215830312889283116e-02 1.267269564530657810e-01 2.653357393759693816e-01 3.679751404827150685e-01 2.487395933978945595e-01 1.119165590525572074e-01 -1.261539029318880373e-02
1.792551854280866053e-02 7.413902707248667956e-02 5.145038610986592265e-02 -8.531387559057367759e-03 -5.831353095985964546e-02 -6.529839248292196308e-02 2.163113599950190150e-03 1.199816817085783138e-01 2.487395933978945595e-01 3.263464618916709359e-01 2.523596978018557424e-01 1.191903267797272264e-01
-1.039906659167353503e-01 3.231106768385733768e-02 8.269937191080191374e-02 5.833498907631153030e-02 -1.491980747782289431e-02 -7.561163155076315590e-02 -7.125575485248200613e-02 -1.572727900404861934e-02 1.119165590525572074e-01 2.523596978018557424e-01 3.584836632033118198e-01 2.533365708602100530e-01
