3.454063628966536070e-01 2.145325577483362112e-01 9.310116167210090443e-02 -1.827175219611818641e-02 -5.859129672214290901e-02 -4.695699572490164703e-02 1.083312474423605339e-03 4.479199345448883068e-02 4.744129629469257675e-02 -1.006735020318655187e-02 -9.951354624664275617e-02 -2.131286087170778387e-01
2.145325577483362112e-01 4.010122183281158992e-01 2.105220417248732656e-01 8.915056984650443495e-02 -1.992232328061952201e-03 -4.731695165457536212e-02 -4.489563630801986227e-02 -6.030624185808344459e-03 4.453305248400815652e-02 4.932114250160814228e-02 5.432976129427152323e-04 -9.572661887899235056e-02
9.310116167210090443e-02 2.105220417248732656e-01 3.257449366852246952e-01 2.163542071119835264e-01 1.105410107145714943e-01 2.061513540712561765e-02 -4.645734046850248655e-02 -5.047302370897372575e-02 -4.454634207111154466e-03 4.557547756679462131e-02 5.510580235589995074e-02 1.403508708297688395e-02
-1.827175219611818641e-02 8.915056984650443495e-02 2.163542071119835264e-01 3.126936390150823475e-01 2.138494335524280254e-01 1.107226894788470306e-01 1.289876146306804042e-02 -4.847795642384028492e-02 -4.918627464289779261e-02 -1.625489320797380774e-03 4.659695788440870040e-02 6.253765139386317784e-02
-5.859129672214290901e-02 -1.992232328061952201e-03 1.105410107145714943e-01 2.138494335524280254e-01 3.228849272413694127e-01 2.097722686315730556e-01 1.003008340611131199e-01 4.148377495314511595e-03 -5.529511122554706115e-02 -4.584916371049668760e-02 3.141719331037613402e-03 5.076645829020390299e-02
-4.695699572490164703e-02 -4.731695165457536212e-02 2.061513540712561765e-02 1.107226894788470306e-01 2.097722686315730556e-01 2.816703264203190837e-01 2.116010498840708021e-01 1.037599723188726702e-01 -5.375606313332785720e-03 -5.758312012712205052e-02 -4.680268510272554694e-02 -1.657337576445684201e-03
1.083312474423605339e-03 -4.489563630801986227e-02 -4.645734046850248655e-02 1.289876146306804042e-02 1.003008340611131199e-01 2.116010498840708021e-01 3.561199111292864816e-01 2.172679777354107333e-01 9.521427249494784917e-02 -1.700485086149501612e-02 -5.857339207698260275e-02 -5.104484445713889512e-02
4.479199345448883068e-02 -6.030624185808344459e-03 -5.047302370897372575e-02 -4.847795642384028492e-02 4.148377495314511595e-03 1.037599723188726702e-01 2.172679777354107333e-01 3.602840152396055706e-01 2.135669788539841796e-01 8.832676261124094985e-02 -9.907082278081650803e-03 -5.557336959350882982e-02
4.744129629469257675e-02 4.453305248400815652e-02 -4.454634207111154466e-03 -4.918627464289779261e-02 -5.529511122554706115e-02 -5.375606313332785720e-03 9.521427249494784917e-02 2.135669788539841796e-01 3.400657360097434356e-01 2.168421014020139037e-01 1.065260959855272999e-01 1.453537688179682742e-02
-1.006735020318655187e-02 4.932114250160814228e-02 4.557547756679462131e-02 -1.625489320797380774e-03 -4.584916371049668760e-02 -5.758312012712205052e-02 -1.700485086149501612e-02 8.832676261124094985e-02 2.168421014020139037e-01 3.646780765449633144e-01 2.117724026345943478e-01 1.082999537987919259e-01
-9.951354624664275617e-02 5.432976129427152323e-04 5.510580235589995074e-02 4.659695788440870040e-02 3.141719331037613402e-03 -4.680268510272554694e-02 -5.857339207698260275e-02 -9.907082278081650803e-03 1.065260959855272999e-01 2.117724026345943478e-01 2.792126306916561385e-01 2.092723336845747628e-01
-2.131286087170778387e-01 -9.572661887899235056e-02 1.403508708297688395e-02 6.253765139386317784e-02 5.076645829020390299e-02 -1.657337576445684201e-03 -5.104484445713889512e-02 -5.557336959350882982e-02 1.453537688179682742e-02 1.082999537987919259e-01 2.092723336845747628e-01 3.102272197979657475e-01
3.841280561599931254e-01 2.124791828890350009e-01 8.943559023398532648e-02 -7.159831999334496412e-03 -4.982492548192880844e-02 -4.426809969584706572e-02 -4.447479901907222359e-03 4.598063748834596565e-02 5.073008918386135574e-02 1.766713903657185806e-03 -9.817985353269807758e-02 -2.157358788610468925e-01
2.124791828890350009e-01 3.227151019372367369e-01 2.153242578914338345e-01 1.034152154281480912e-01 9.457393812090701679e-03 -5.243718275106146187e-02 -4.904672607889438984e-02 9.537342312536796441e-04 4.984155281236073848e-02 5.428077799217776583e-02 5.019898699781977225e-03 -1.000109532611949403e-01
8.943559023398532648e-02 2.153242578914338345e-01 3.063372266540986821e-01 2.139408953133043467e-01 1.068490846944681050e-01 4.350914339145598754e-03 -4.941860525336249504e-02 -4.691904117278864611e-02 1.839149422705797874e-03 4.481463749031837362e-02 5.725543541742294379e-02 1.181569441813428573e-02
-7.159831999334496412e-03 1.034152154281480912e-01 2.139408953133043467e-01 3.827522107847138866e-01 2.071083851777400509e-01 9.258081947722714145e-02 -5.550809384798567657e-04 -5.241953444248149269e-02 -4.359620610507251165e-02 6.782077667009964259e-04 4.680031798392678827e-02 5.711792358260677632e-02
-4.982492548192880844e-02 9.457393812090701679e-03 1.068490846944681050e-01 2.071083851777400509e-01 2.697209911783605696e-01 2.109484058984046895e-01 1.040425061912840371e-01 3.251214761888814725e-03 -5.490586514846792360e-02 -4.848969328686653091e-02 -5.728917343331228068e-03 4.581044281614798236e-02
-4.426809969584706572e-02 -5.243718275106146187e-02 4.350914339145598754e-03 9.258081947722714145e-02 2.109484058984046895e-01 3.436783531991105534e-01 2.170126507847370823e-01 1.025102062706589601e-01 -1.109076909210501491e-02 -5.783203264704471491e-02 -5.328289428285246793e-02 -4.192580514791245661e-03
-4.447479901907222359e-03 -4.904672607889438984e-02 -4.941860525336249504e-02 -5.550809384798567657e-04 1.040425061912840371e-01 2.170126507847370823e-01 3.629783664915731123e-01 2.136681696665676533e-01 8.789955842589894375e-02 -9.286025068932279858e-03 -5.437805085394465526e-02 -4.467630017863786357e-02
4.598063748834596565e-02 9.537342312536796441e-04 -4.691904117278864611e-02 -5.241953444248149269e-02 3.251214761888814725e-03 1.025102062706589601e-01 2.136681696665676533e-01 3.262052182726101757e-01 2.158199840160314742e-01 1.070709661073919183e-01 1.579457515653039101e-02 -4.786341488859877091e-02
5.073008918386135574e-02 4.984155281236073848e-02 1.839149422705797874e-03 -4.359620610507251165e-02 -5.490586514846792360e-02 -1.109076909210501491e-02 8.789955842589894375e-02 2.158199840160314742e-01 3.575228503842771688e-01 2.142477459774538850e-01 1.111111904017710317e-01 9.814758910458033433e-03
1.766713903657185806e-03 5.428077799217776583e-02 4.481463749031837362e-02 6.782077667009964259e-04 -4.848969328686653091e-02 -5.783203264704471491e-02 -9.286025068932279858e-03 1.070709661073919183e-01 2.142477459774538850e-01 2.955031680077296885e-01 2.109113467688505661e-01 9.807990964539556322e-02
-9.817985353269807758e-02 5.019898699781977225e-03 5.725543541742294379e-02 4.680031798392678827e-02 -5.728917343331228068e-03 -5.328289428285246793e-02 -5.437805085394465526e-02 1.579457515653039101e-02 1.111111904017710317e-01 2.109113467688505661e-01 3.048860236769944110e-01 2.126766545120679364e-01
-2.157358788610468925e-01 -1.000109532611949403e-01 1.181569441813428573e-02 5.711792358260677632e-02 4.581044281614798236e-02 -4.192580514791245661e-03 -4.467630017863786357e-02 -4.786341488859877091e-02 9.814758910458033433e-03 9.807990964539556322e-02 2.126766545120679364e-01 3.435724332533208747e-01
3.609570528180237048e-01 2.144174545161851575e-01 9.249479210406408303e-02 -1.200810404048567939e-02 -5.809149435071064849e-02 -4.153529585210596897e-02 1.034046204543432462e-02 5.147141069637080346e-02 4.906888516531744682e-02 -1.132926173355711802e-02 -1.061503032976945371e-01 -2.153548856865233063e-01
2.144174545161851575e-01 3.314833204318684556e-01 2.155088552961229031e-01 9.833404384894778305e-02 -1.291156295631949724e-02 -5.660853768706748668e-02 -4.547928213323323976e-02 2.426601186574385734e-03 4.697317961677252574e-02 5.118404895929643678e-02 -2.509955705054526393e-03 -1.007876878856163033e-01
9.249479210406408303e-02 2.155088552961229031e-01 3.704266318625162313e-01 2.157671377105394028e-01 9.188249835773745766e-02 -9.685335111666408536e-03 -5.709435336948064099e-02 -4.801574017550575696e-02 1.462968880934357617e-03 5.023566249210144330e-02 5.704546674248507643e-02 8.703857709490961381e-03
-1.200810404048567939e-02 9.833404384894778305e-02 2.157671377105394028e-01 3.285033948557735117e-01 2.144325916384994812e-01 1.002500946731275794e-01 -1.452531294533785993e-04 -5.334803934885479909e-02 -4.613528250986979190e-02 2.048471948284487018e-03 4.762528841258876350e-02 5.659167349965781718e-02
-5.809149435071064849e-02 -1.291156295631949724e-02 9.188249835773745766e-02 2.144325916384994812e-01 3.599742344238160419e-01 2.160966032424150862e-01 1.043297564228219815e-01 4.893714175698644399e-03 -5.100229328740413931e-02 -5.011596313780692508e-02 -8.098910109255773662e-03 4.182394134978695971e-02
-4.153529585210596897e-02 -5.660853768706748668e-02 -9.685335111666408536e-03 1.002500946731275794e-01 2.160966032424150862e-01 3.268880601762244043e-01 2.138045484211092973e-01 1.021555401012266967e-01 4.697482786678508146e-03 -5.435732566692638018e-02 -5.247122160205622970e-02 -1.118956756694802247e-02
1.034046204543432462e-02 -4.547928213323323976e-02 -5.709435336948064099e-02 -1.452531294533785993e-04 1.043297564228219815e-01 2.138045484211092973e-01 3.019545358160881654e-01 2.129181657343312550e-01 1.038434270758552408e-01 2.632273139753090688e-03 -5.319501484468319719e-02 -5.250788619807796043e-02
5.147141069637080346e-02 2.426601186574385734e-03 -4.801574017550575696e-02 -5.334803934885479909e-02 4.893714175698644399e-03 1.021555401012266967e-01 2.129181657343312550e-01 3.429768664338254669e-01 2.160771775280323215e-01 1.041079926812089329e-01 3.405184105162875705e-03 -5.224217017822899156e-02
4.906888516531744682e-02 4.697317961677252574e-02 1.462968880934357617e-03 -4.613528250986979190e-02 -5.100229328740413931e-02 4.697482786678508146e-03 1.038434270758552408e-01 2.160771775280323215e-01 3.341377595701424674e-01 2.160721233762550320e-01 1.044810514110311866e-01 9.865095757094509421e-03
-1.132926173355711802e-02 5.118404895929643678e-02 5.023566249210144330e-02 2.048471948284487018e-03 -5.011596313780692508e-02 -5.435732566692638018e-02 2.632273139753090688e-03 1.041079926812089329e-01 2.160721233762550320e-01 3.277639024443967930e-01 2.124930991287405924e-01 1.061749239349912277e-01
-1.061503032976945371e-01 -2.509955705054526393e-03 5.704546674248507643e-02 4.762528841258876350e-02 -8.098910109255773662e-03 -5.247122160205622970e-02 -5.319501484468319719e-02 3.405184105162875705e-03 1.044810514110311866e-01 2.124930991287405924e-01 3.059928766666458744e-01 2.127236532657850177e-01
-2.153548856865233063e-01 -1.007876878856163033e-01 8.703857709490961381e-03 5.659167349965781718e-02 4.182394134978695971e-02 -1.118956756694802247e-02 -5.250788619807796043e-02 -5.224217017822899156e-02 9.865095757094509421e-03 1.061749239349912277e-01 2.127236532657850177e-01 3.089413645006832132e-01
3.234379192227382904e-01 2.169768825459914008e-01 1.083985427100051940e-01 -1.837748343696228581e-02 -6.276279451786459518e-02 -4.077665348308032872e-02 3.414277255912315061e-03 4.303897885312175237e-02 4.551350206240704216e-02 -7.429707647436932863e-03 -9.927311602554723946e-02 -2.085371973718390948e-01
2.169768825459914008e-01 3.176805428863842540e-01 2.182925841949862333e-01 7.553236854708887671e-02 -3.128092725893945325e-02 -5.526579408822167999e-02 -4.252537638022571564e-02 4.997250313461079098e-03 5.105264194170826275e-02 5.121413935369653614e-02 -7.802743501210167992e-03 -1.060674440241936300e-01
1.083985427100051940e-01 2.182925841949862333e-01 3.682742128583516017e-01 2.044118181296481485e-01 8.127179836890544018e-02 -1.334853848947223365e-02 -5.596217045445413263e-02 -4.119888215711473012e-02 1.564701095615690651e-02 5.495127091573036998e-02 5.100280270237358970e-02 -1.145015125146003031e-02
-1.837748343696228581e-02 7.553236854708887671e-02 2.044118181296481485e-01 4.069131346843440356e-01 2.142325003398306005e-01 9.501174276159182752e-02 4.166490438276741412e-03 -3.991736658938244142e-02 -4.137761264078324008e-02 -5.280886548006518029e-03 3.418531730433593124e-02 4.916947251558475424e-02
-6.276279451786459518e-02 -3.128092725893945325e-02 8.127179836890544018e-02 2.142325003398306005e-01 3.855816988422686720e-01 1.966414754787413344e-01 8.949374787460342984e-02 1.114731650668797716e-02 -4.831028297831342633e-02 -5.019665491521630579e-02 -1.481235505113893264e-02 4.127178919976445814e-02
-4.077665348308032872e-02 -5.526579408822167999e-02 -1.334853848947223365e-02 9.501174276159182752e-02 1.966414754787413344e-01 2.084362494167876223e-01 1.951378445233018510e-01 1.049145771237541824e-01 1.697735321726875912e-02 -4.788965665850690445e-02 -4.918410927790062281e-02 -1.016787525821578712e-02
3.414277255912315061e-03 -4.252537638022571564e-02 -5.596217045445413263e-02 4.166490438276741412e-03 8.949374787460342984e-02 1.951378445233018510e-01 3.496444870285952966e-01 2.186335940261109889e-01 1.119086611164270828e-01 -7.247920293499816174e-03 -5.616319059653324813e-02 -5.361535192373831360e-02
4.303897885312175237e-02 4.997250313461079098e-03 -4.119888215711473012e-02 -3.991736658938244142e-02 1.114731650668797716e-02 1.049145771237541824e-01 2.186335940261109889e-01 3.636737324186885001e-01 2.164988261483741794e-01 8.793264081707038993e-02 -4.253909068136729060e-03 -5.225244153195598984e-02
4.551350206240704216e-02 5.105264194170826275e-02 1.564701095615690651e-02 -4.137761264078324008e-02 -4.831028297831342633e-02 1.697735321726875912e-02 1.119086611164270828e-01 2.164988261483741794e-01 3.080428375277950437e-01 2.109472035299179149e-01 1.058050959347337922e-01 1.653816875547431051e-02
-7.429707647436932863e-03 5.121413935369653614e-02 5.495127091573036998e-02 -5.280886548006518029e-03 -5.019665491521630579e-02 -4.788965665850690445e-02 -7.247920293499816174e-03 8.793264081707038993e-02 2.109472035299179149e-01 3.385086823938054934e-01 2.155161923632715748e-01 1.129103896221188980e-01
-9.927311602554723946e-02 -7.802743501210167992e-03 5.100280270237358970e-02 3.418531730433593124e-02 -1.481235505113893264e-02 -4.918410927790062281e-02 -5.616319059653324813e-02 -4.253909068136729060e-03 1.058050959347337922e-01 2.155161923632715748e-01 3.185727284909158907e-01 2.161844597171463378e-01
-2.085371973718390948e-01 -1.060674440241936300e-01 -1.145015125146003031e-02 4.916947251558475424e-02 4.127178919976445814e-02 -1.016787525821578712e-02 -5.361535192373831360e-02 -5.225244153195598984e-02 1.653816875547431051e-02 1.129103896221188980e-01 2.161844597171463378e-01 3.112337742293666554e-01
3.587584989719853068e-01 2.166851985814213788e-01 1.010142977336199038e-01 2.341246124341611612e-04 -5.123563105943021445e-02 -4.663945335446499640e-02 -2.292156292620808281e-03 4.552984554473347989e-02 5.600508824347132097e-02 9.065986920129448165e-03 -9.247578101039119480e-02 -2.135640390894601170e-01
2.166851985814213788e-01 3.545263667769195104e-01 2.134729363975327587e-01 9.989771330034885599e-02 2.618211246243530837e-03 -5.565596729903932172e-02 -4.983243723604311587e-02 -3.956063582883495924e-03 4.532358300934242329e-02 5.763479622026691784e-02 1.579336985184669542e-02 -9.188803333025502562e-02
1.010142977336199038e-01 2.134729363975327587e-01 2.885555885442200319e-01 2.115508085714793152e-01 1.023033022678405124e-01 -1.320147030147707711e-03 -5.302944060633605489e-02 -4.862138162285827014e-02 -5.954952126795522334e-03 4.432724752611254260e-02 5.852573599521965209e-02 1.136467860564805386e-02
2.341246124341611612e-04 9.989771330034885599e-02 2.115508085714793152e-01 3.609477802018865589e-01 2.151682770410660306e-01 9.962296766624226252e-02 -1.447839897794605613e-03 -5.464312186167335356e-02 -5.154851312236685690e-02 -5.094191572954324260e-03 4.556300854831300123e-02 5.673303293035710654e-02
-5.123563105943021445e-02 2.618211246243530837e-03 1.023033022678405124e-01 2.151682770410660306e-01 3.209563901355378945e-01 2.155641790822117876e-01 1.025096660280405553e-01 3.875436554808026676e-03 -5.197014490861741332e-02 -4.858917207593899806e-02 -7.452264202017213832e-03 4.252486455426429668e-02
-4.663945335446499640e-02 -5.565596729903932172e-02 -1.320147030147707711e-03 9.962296766624226252e-02 2.155641790822117876e-01 3.490169787779076049e-01 2.138251260840526857e-01 1.035844713893986774e-01 7.464305582199670490e-03 -4.887180713385595732e-02 -5.273321085108054890e-02 -1.121230350938055148e-02
-2.292156292620808281e-03 -4.983243723604311587e-02 -5.302944060633605489e-02 -1.447839897794605613e-03 1.025096660280405553e-01 2.138251260840526857e-01 3.163806618285808225e-01 2.140534233200957481e-01 1.065373123272520955e-01 1.137113159600779480e-02 -5.141395511718407224e-02 -5.005910214691697280e-02
4.552984554473347989e-02 -3.956063582883495924e-03 -4.862138162285827014e-02 -5.464312186167335356e-02 3.875436554808026676e-03 1.035844713893986774e-01 2.140534233200957481e-01 3.037120994669838536e-01 2.137185369409799196e-01 1.065784194669625318e-01 8.182982077226029494e-03 -5.016020499444585889e-02
5.600508824347132097e-02 4.532358300934242329e-02 -5.954952126795522334e-03 -5.154851312236685690e-02 -5.197014490861741332e-02 7.464305582199670490e-03 1.065373123272520955e-01 2.137185369409799196e-01 3.531772236662641951e-01 2.113205169054570010e-01 1.010910722588820587e-01 1.325331875288938890e-03
9.065986920129448165e-03 5.763479622026691784e-02 4.432724752611254260e-02 -5.094191572954324260e-03 -4.858917207593899806e-02 -4.887180713385595732e-02 1.137113159600779480e-02 1.065784194669625318e-01 2.113205169054570010e-01 2.860470874982449230e-01 2.132779777744700511e-01 1.015563018829729602e-01
-9.247578101039119480e-02 1.579336985184669542e-02 5.852573599521965209e-02 4.556300854831300123e-02 -7.452264202017213832e-03 -5.273321085108054890e-02 -5.141395511718407224e-02 8.182982077226029494e-03 1.010910722588820587e-01 2.132779777744700511e-01 3.526565160517868280e-01 2.163941256272305935e-01
-2.135640390894601170e-01 -9.188803333025502562e-02 1.136467860564805386e-02 5.673303293035710654e-02 4.252486455426429668e-02 -1.121230350938055148e-02 -5.005910214691697280e-02 -5.016020499444585889e-02 1.325331875288938890e-03 1.015563018829729602e-01 2.163941256272305935e-01 3.552648080796778629e-01
3.398798647069152246e-01 2.175263286109918037e-01 1.045960162730894261e-01 -1.510453240852139764e-02 -6.142386669258245724e-02 -3.918045248131046127e-02 1.444667003516852954e-02 5.302236016538315611e-02 5.014089271971869377e-02 6.154455163312432669e-03 -9.100684670510900132e-02 -2.114201370977747407e-01
2.175263286109918037e-01 3.223564262761303700e-01 2.163720236372897454e-01 7.928123155481514583e-02 -2.956179517098954726e-02 -6.039578016742817856e-02 -3.415649074971412180e-02 1.719511743240630802e-02 5.241327218567466695e-02 5.813908261365449692e-02 5.154568801365625764e-03 -1.032535001421873155e-01
1.045960162730894261e-01 2.163720236372897454e-01 3.517262551136932647e-01 2.084857669568944138e-01 8.647631858145340966e-02 -2.230711502959979720e-02 -5.697418301576365196e-02 -4.212056234607748639e-02 8.217830839659899522e-03 5.145924710316168021e-02 5.419315323925872480e-02 -4.595895487593405770e-03
-1.510453240852139764e-02 7.928123155481514583e-02 2.084857669568944138e-01 4.149327160052586061e-01 2.123823309653862512e-01 8.649702600856040702e-02 -1.400691824533318794e-02 -5.375994240551076886e-02 -4.488976948120911026e-02 -1.101508164719742708e-02 3.248558521809236099e-02 4.966840581994649839e-02
-6.142386669258245724e-02 -2.956179517098954726e-02 8.647631858145340966e-02 2.123823309653862512e-01 3.608444797424353312e-01 2.111150037386598510e-01 9.240903587500165495e-02 1.708668206839577576e-03 -4.610089131221732639e-02 -5.274785369308555155e-02 -2.129448101680103678e-02 3.863822523719496332e-02
-3.918045248131046127e-02 -6.039578016742817856e-02 -2.230711502959979720e-02 8.649702600856040702e-02 2.111150037386598510e-01 3.133181884657422200e-01 2.174774939327149825e-01 1.159258820427502973e-01 2.572441190948348416e-02 -4.128345514787151727e-02 -5.289155320983293662e-02 -1.671363870475460131e-02
1.444667003516852954e-02 -3.415649074971412180e-02 -5.697418301576365196e-02 -1.400691824533318794e-02 9.240903587500165495e-02 2.174774939327149825e-01 3.190485595959230980e-01 2.157717336480041159e-01 1.104788107283403431e-01 2.319850354772677592e-02 -3.858021752024282797e-02 -5.087703872901841451e-02
5.302236016538315611e-02 1.719511743240630802e-02 -4.212056234607748639e-02 -5.375994240551076886e-02 1.708668206839577576e-03 1.159258820427502973e-01 2.157717336480041159e-01 3.397729095903288532e-01 2.015488008329349157e-01 1.034096265862909786e-01 1.935859574883426470e-02 -4.707616614334961952e-02
5.014089271971869377e-02 5.241327218567466695e-02 8.217830839659899522e-03 -4.488976948120911026e-02 -4.610089131221732639e-02 2.572441190948348416e-02 1.104788107283403431e-01 2.015488008329349157e-01 2.333354051545111496e-01 1.996403040585664757e-01 1.074530397529461639e-01 1.681878772144048198e-02
6.154455163312432669e-03 5.813908261365449692e-02 5.145924710316168021e-02 -1.101508164719742708e-02 -5.274785369308555155e-02 -4.128345514787151727e-02 2.319850354772677592e-02 1.034096265862909786e-01 1.996403040585664757e-01 3.211719466188823757e-01 2.176608931933667890e-01 1.114808223410987953e-01
-9.100684670510900132e-02 5.154568801365625764e-03 5.419315323925872480e-02 3.248558521809236099e-02 -2.129448101680103678e-02 -5.289155320983293662e-02 -3.858021752024282797e-02 1.935859574883426470e-02 1.074530397529461639e-01 2.176608931933667890e-01 3.585498792137976620e-01 2.175745858137034805e-01
-2.114201370977747407e-01 -1.032535001421873155e-01 -4.595895487593405770e-03 4.966840581994649839e-02 3.863822523719496332e-02 -1.671363870475460131e-02 -5.087703872901841451e-02 -4.707616614334961952e-02 1.681878772144048198e-02 1.114808223410987953e-01 2.175745858137034805e-01 3.250633695163887005e-01
3.284093468488335499e-01 2.158255632869401364e-01 1.075210647901655020e-01 1.025983368975819446e-02 -5.173733060836297609e-02 -5.190060915599079699e-02 -1.245694929639088767e-02 4.119929620942336390e-02 5.558514472835811987e-02 8.244677423266802418e-03 -9.724336904218455757e-02 -2.133320769129111727e-01
2.158255632869401364e-01 3.235359897497926962e-01 2.144893268847182233e-01 1.046539140500695741e-01 4.182780322922096598e-04 -5.524595051461841932e-02 -5.560290343864211782e-02 -1.160923440419905917e-02 4.339892366192819179e-02 5.957015613689001926e-02 1.225939649811779233e-02 -9.321353010253949356e-02
1.075210647901655020e-01 2.144893268847182233e-01 3.202669049760749065e-01 2.139923256479862312e-01 9.807086467634501536e-02 -9.424746778837856742e-04 -5.421642700155809846e-02 -4.925089906148866215e-02 -1.186528494901150504e-03 4.997917552535623142e-02 5.702220286648573833e-02 1.524010382173766713e-03
1.025983368975819446e-02 1.046539140500695741e-01 2.139923256479862312e-01 3.248253929494423486e-01 2.158571570341927259e-01 1.069115661407347567e-01 1.092773053494649690e-02 -4.918327885748548234e-02 -4.772160179240821781e-02 -1.859865486096952880e-03 4.615803775892989708e-02 5.060686802237038956e-02
-5.173733060836297609e-02 4.182780322922096598e-04 9.807086467634501536e-02 2.158571570341927259e-01 3.643116398358289265e-01 2.133380880470496233e-01 1.058854076647928605e-01 7.233111666266504175e-03 -5.017117318180704111e-02 -5.002742436767749351e-02 -5.665565082810733975e-03 4.270561899736382422e-02
-5.190060915599079699e-02 -5.524595051461841932e-02 -9.424746778837856742e-04 1.069115661407347567e-01 2.133380880470496233e-01 2.960480628961765781e-01 2.111109740839578475e-01 1.003904878346681684e-01 4.367371307269981261e-03 -5.408140236266884698e-02 -4.913620113266013029e-02 -1.527429886633823721e-03
-1.245694929639088767e-02 -5.560290343864211782e-02 -5.421642700155809846e-02 1.092773053494649690e-02 1.058854076647928605e-01 2.111109740839578475e-01 3.030873549578184667e-01 2.127796328229339951e-01 1.040096850245540716e-01 -1.816713242518462146e-04 -5.643948064624806221e-02 -4.560871412229620253e-02
4.119929620942336390e-02 -1.160923440419905917e-02 -4.925089906148866215e-02 -4.918327885748548234e-02 7.233111666266504175e-03 1.003904878346681684e-01 2.127796328229339951e-01 3.480856657530374543e-01 2.171634156070536281e-01 1.020201832136026499e-01 -7.497609389865618652e-03 -5.454492827194164228e-02
5.558514472835811987e-02 4.339892366192819179e-02 -1.186528494901150504e-03 -4.772160179240821781e-02 -5.017117318180704111e-02 4.367371307269981261e-03 1.040096850245540716e-01 2.171634156070536281e-01 3.595127783084416939e-01 2.142689616785776185e-01 9.294651195164069235e-02 -7.574828197210062113e-03
8.244677423266802418e-03 5.957015613689001926e-02 4.997917552535623142e-02 -1.859865486096952880e-03 -5.002742436767749351e-02 -5.408140236266884698e-02 -1.816713242518462146e-04 1.020201832136026499e-01 2.142689616785776185e-01 3.109872997696314645e-01 2.145541684015313533e-01 9.884652531925404439e-02
-9.724336904218455757e-02 1.225939649811779233e-02 5.702220286648573833e-02 4.615803775892989708e-02 -5.665565082810733975e-03 -4.913620113266013029e-02 -5.643948064624806221e-02 -7.497609389865618652e-03 9.294651195164069235e-02 2.145541684015313533e-01 3.440172964994222538e-01 2.160986498126375166e-01
-2.133320769129111727e-01 -9.321353010253949356e-02 1.524010382173766713e-03 5.060686802237038956e-02 4.270561899736382422e-02 -1.527429886633823721e-03 -4.560871412229620253e-02 -5.454492827194164228e-02 -7.574828197210062113e-03 9.884652531925404439e-02 2.160986498126375166e-01 3.769122674554774011e-01
3.300687870835746773e-01 2.180953479863358413e-01 1.101296722785596593e-01 -3.867369348934426333e-03 -4.933920846003007898e-02 -4.506506478309565966e-02 6.534368081193409235e-03 4.798241931274853378e-02 4.835939481577248428e-02 4.794975036120677561e-03 -9.003629735075624474e-02 -2.112801777252166224e-01
2.180953479863358413e-01 3.529814120584611192e-01 2.107683957911913597e-01 7.971460697316454236e-02 -4.303748525963030543e-03 -5.476669420990773474e-02 -3.256176882651463933e-02 1.617406072175533310e-02 5.286446685022636038e-02 5.217800748484693885e-02 -5.113760478949984888e-03 -1.143762262617118719e-01
1.101296722785596593e-01 2.107683957911913597e-01 2.582882744983960865e-01 1.972389717707920820e-01 1.013227660957638776e-01 -3.089821190752877877e-03 -4.870385960028336680e-02 -4.180053309586490712e-02 9.291796953462728645e-03 4.974001882009407988e-02 4.875647855484411403e-02 -2.067720339046497796e-02
-3.867369348934426333e-03 7.971460697316454236e-02 1.972389717707920820e-01 4.287994576898030985e-01 2.096992839311382362e-01 8.975994992241037584e-02 -2.037690121492467810e-02 -6.114109587848619298e-02 -4.180861352306462775e-02 4.146548385662600714e-03 4.236876338208743487e-02 4.571473346968746299e-02
-4.933920846003007898e-02 -4.303748525963030543e-03 1.013227660957638776e-01 2.096992839311382362e-01 3.021925618834103711e-01 2.134854292217390759e-01 8.246678830337174360e-02 -2.019345501841197585e-02 -5.272801318919753677e-02 -3.813447051134787741e-02 4.904316756497168438e-03 4.764794996736788912e-02
-4.506506478309565966e-02 -5.476669420990773474e-02 -3.089821190752877877e-03 8.975994992241037584e-02 2.134854292217390759e-01 3.523413961750061496e-01 2.163528539000440787e-01 1.044916238671941000e-01 5.841875229291650616e-03 -5.072606057057437584e-02 -4.762709979377287989e-02 -2.106663055562020906e-04
6.534368081193409235e-03 -3.256176882651463933e-02 -4.870385960028336680e-02 -2.037690121492467810e-02 8.246678830337174360e-02 2.163528539000440787e-01 3.846925193143398980e-01 2.141240565837921328e-01 9.730458781455417205e-02 -1.629816240055563395e-03 -4.415712653926076592e-02 -4.283882701008474847e-02
4.798241931274853378e-02 1.617406072175533310e-02 -4.180053309586490712e-02 -6.114109587848619298e-02 -2.019345501841197585e-02 1.044916238671941000e-01 2.141240565837921328e-01 3.410675888211655016e-01 2.041634673092321828e-01 8.972090126867149351e-02 1.078404618577273079e-02 -4.717939199813238338e-02
4.835939481577248428e-02 5.286446685022636038e-02 9.291796953462728645e-03 -4.180861352306462775e-02 -5.272801318919753677e-02 5.841875229291650616e-03 9.730458781455417205e-02 2.041634673092321828e-01 2.360605714053798376e-01 2.008345555597877696e-01 1.089711346789943858e-01 1.498781163643732317e-02
4.794975036120677561e-03 5.217800748484693885e-02 4.974001882009407988e-02 4.146548385662600714e-03 -3.813447051134787741e-02 -5.072606057057437584e-02 -1.629816240055563395e-03 8.972090126867149351e-02 2.008345555597877696e-01 3.906628315966569343e-01 2.154108063793520600e-01 1.051007123018554423e-01
-9.003629735075624474e-02 -5.113760478949984888e-03 4.875647855484411403e-02 4.236876338208743487e-02 4.904316756497168438e-03 -4.762709979377287989e-02 -4.415712653926076592e-02 1.078404618577273079e-02 1.089711346789943858e-01 2.154108063793520600e-01 3.219156705080434833e-01 2.132000300947633487e-01
-2.112801777252166224e-01 -1.143762262617118719e-01 -2.067720339046497796e-02 4.571473346968746299e-02 4.764794996736788912e-02 -2.106663055562020906e-04 -4.283882701008474847e-02 -4.717939199813238338e-02 1.498781163643732317e-02 1.051007123018554423e-01 2.132000300947633487e-01 3.009289289657538502e-01
3.161935569355134312e-01 2.138746827754970936e-01 1.041707473408097773e-01 1.577892705521307618e-03 -5.543155844755986994e-02 -4.774959546485615935e-02 6.456698751845915685e-03 5.154711753317837986e-02 5.685867864293142615e-02 6.886093728304793458e-03 -9.982806081496888029e-02 -2.124175965244846365e-01
2.138746827754970936e-01 3.701271369425629398e-01 2.188758528560972860e-01 1.025736130287401154e-01 -1.449834415699913399e-03 -4.902543381090854885e-02 -4.454656768641452463e-02 -1.067733295978096813e-03 4.102022952747872570e-02 5.652036421963921309e-02 2.175859656390002894e-02 -7.666009605334932198e-02
1.041707473408097773e-01 2.188758528560972860e-01 3.624339136469292288e-01 2.063669588962448453e-01 8.939442759572319153e-02 2.479590678762955830e-03 -5.036817063192312871e-02 -4.551417708053646233e-02 -7.920617141834951358e-03 4.033822147324347962e-02 5.834337115576221366e-02 1.792862166850845568e-02
1.577892705521307618e-03 1.025736130287401154e-01 2.063669588962448453e-01 2.614352481172165787e-01 2.090284277247119460e-01 1.081764867499731830e-01 8.070017474227850207e-03 -5.350056181030435343e-02 -5.474953497100379374e-02 -1.712868385371175278e-02 4.027396269771983672e-02 5.363312174570250557e-02
-5.543155844755986994e-02 -1.449834415699913399e-03 8.939442759572319153e-02 2.090284277247119460e-01 3.599260577563643815e-01 2.172628539837413997e-01 1.028723039065505829e-01 -7.340859688414220520e-03 -5.662114544424933643e-02 -5.636666141079199610e-02 -8.563462137293208903e-03 4.067873529626255674e-02
-4.774959546485615935e-02 -4.902543381090854885e-02 2.479590678762955830e-03 1.081764867499731830e-01 2.172628539837413997e-01 3.453516349207619296e-01 2.138088712824283699e-01 9.303464922430590422e-02 1.748317579236326321e-03 -4.839120382191296893e-02 -4.371165781400353917e-02 -3.300887284133433974e-03
6.456698751845915685e-03 -4.454656768641452463e-02 -5.036817063192312871e-02 8.070017474227850207e-03 1.028723039065505829e-01 2.138088712824283699e-01 3.237627118729673459e-01 2.158983027777347241e-01 1.136344690637283439e-01 2.810998712568204758e-02 -4.259906957510134484e-02 -4.883735778850313569e-02
5.154711753317837986e-02 -1.067733295978096813e-03 -4.551417708053646233e-02 -5.350056181030435343e-02 -7.340859688414220520e-03 9.303464922430590422e-02 2.158983027777347241e-01 3.253862994536775299e-01 2.131003249039323533e-01 1.148280267485815020e-01 1.106848642309582464e-02 -4.967275353966053159e-02
5.685867864293142615e-02 4.102022952747872570e-02 -7.920617141834951358e-03 -5.474953497100379374e-02 -5.662114544424933643e-02 1.748317579236326321e-03 1.136344690637283439e-01 2.131003249039323533e-01 3.016919706185071659e-01 2.106803707380171253e-01 9.455712046428627060e-02 -1.104080431388379351e-03
6.886093728304793458e-03 5.652036421963921309e-02 4.033822147324347962e-02 -1.712868385371175278e-02 -5.636666141079199610e-02 -4.839120382191296893e-02 2.810998712568204758e-02 1.148280267485815020e-01 2.106803707380171253e-01 2.864999713607661036e-01 2.082943224858948006e-01 9.909532292975978263e-02
-9.982806081496888029e-02 2.175859656390002894e-02 5.834337115576221366e-02 4.027396269771983672e-02 -8.563462137293208903e-03 -4.371165781400353917e-02 -4.259906957510134484e-02 1.106848642309582464e-02 9.455712046428627060e-02 2.082943224858948006e-01 3.636574756498499594e-01 2.184784006359578312e-01
-2.124175965244846365e-01 -7.666009605334932198e-02 1.792862166850845568e-02 5.363312174570250557e-02 4.067873529626255674e-02 -3.300887284133433974e-03 -4.883735778850313569e-02 -4.967275353966053159e-02 -1.104080431388379351e-03 9.909532292975978263e-02 2.184784006359578312e-01 3.835340227248840161e-01
3.132583330091229246e-01 2.143133716019721413e-01 9.611696249881684917e-02 -1.788269565460381960e-02 -5.915560591270386387e-02 -3.586179171526339415e-02 2.343272901256326229e-02 5.621764462459503953e-02 4.740108938152860774e-02 -1.799838350663601066e-02 -1.078891999857353456e-01 -2.126339399457263801e-01
2.143133716019721413e-01 3.749851288764646795e-01 2.154415661844141239e-01 9.047768404856262880e-02 -1.899860656819507901e-02 -5.625250944212586979e-02 -3.672525469470830362e-02 1.105791122741653365e-02 4.807184844984052630e-02 4.547181340357443757e-02 -1.119815763654545548e-02 -1.015573664951240629e-01
9.611696249881684917e-02 2.154415661844141239e-01 3.633505994438240294e-01 2.147761241655663511e-01 8.891842040088275556e-02 -1.739861080570724930e-02 -5.874907116145552943e-02 -4.543798371825419347e-02 3.202023962639098231e-03 4.761365060505774044e-02 5.217949739576516199e-02 5.258165398701063024e-03
-1.788269565460381960e-02 9.047768404856262880e-02 2.147761241655663511e-01 3.400429415172601111e-01 2.160576830057117093e-01 9.564272857426724117e-02 -1.171157658026550710e-02 -5.811564707843863697e-02 -4.797252891139953263e-02 1.266358638537116608e-03 4.910208868076035987e-02 6.052890074508526091e-02
-5.915560591270386387e-02 -1.899860656819507901e-02 8.891842040088275556e-02 2.160576830057117093e-01 3.664610061391752605e-01 2.158609219965352821e-01 9.778026925749938592e-02 -3.692219658079816391e-04 -5.098018400009153572e-02 -4.629689815557759547e-02 -2.582671322336841605e-03 4.360162053095804902e-02
-3.586179171526339415e-02 -5.625250944212586979e-02 -1.739861080570724930e-02 9.564272857426724117e-02 2.158609219965352821e-01 3.525245747027716536e-01 2.142066882216827894e-01 1.034815116809540414e-01 9.197906418021569233e-03 -4.885687327874666669e-02 -5.045050609635397254e-02 -1.505958565492363996e-02
2.343272901256326229e-02 -3.672525469470830362e-02 -5.874907116145552943e-02 -1.171157658026550710e-02 9.778026925749938592e-02 2.142066882216827894e-01 3.109003895052545596e-01 2.132744950709939413e-01 1.061511341108400119e-01 9.759582371327022235e-03 -5.171597617803566638e-02 -5.813001838947402800e-02
5.621764462459503953e-02 1.105791122741653365e-02 -4.543798371825419347e-02 -5.811564707843863697e-02 -3.692219658079816391e-04 1.034815116809540414e-01 2.132744950709939413e-01 3.124644151931241232e-01 2.129514218870557085e-01 1.050089731066986692e-01 6.605195204810924633e-03 -5.222630266614440575e-02
4.740108938152860774e-02 4.807184844984052630e-02 3.202023962639098231e-03 -4.797252891139953263e-02 -5.098018400009153572e-02 9.197906418021569233e-03 1.061511341108400119e-01 2.129514218870557085e-01 3.173158814812976902e-01 2.155961311120130897e-01 1.072242003236910379e-01 1.218879854916297967e-02
-1.799838350663601066e-02 4.547181340357443757e-02 4.761365060505774044e-02 1.266358638537116608e-03 -4.629689815557759547e-02 -4.885687327874666669e-02 9.759582371327022235e-03 1.050089731066986692e-01 2.155961311120130897e-01 3.550021005990338652e-01 2.134467183395298839e-01 1.081716852182628974e-01
-1.078891999857353456e-01 -1.119815763654545548e-02 5.217949739576516199e-02 4.910208868076035987e-02 -2.582671322336841605e-03 -5.045050609635397254e-02 -5.171597617803566638e-02 6.605195204810924633e-03 1.072242003236910379e-01 2.134467183395298839e-01 2.890579588952386092e-01 2.090396450086943192e-01
-2.126339399457263801e-01 -1.015573664951240629e-01 5.258165398701063024e-03 6.052890074508526091e-02 4.360162053095804902e-02 -1.505958565492363996e-02 -5.813001838947402800e-02 -5.222630266614440575e-02 1.218879854916297967e-02 1.081716852182628974e-01 2.090396450086943192e-01 3.046366706374312172e-01
3.955790995096333251e-01 2.156304321840701865e-01 9.758268551616613995e-02 -1.868247807467247543e-03 -5.065966032669469432e-02 -4.964425394858927587e-02 -1.171067291631355638e-02 3.550599225532971581e-02 5.284180251125776551e-02 1.377540934869028559e-02 -8.439222114898554949e-02 -2.099157739405870804e-01
2.156304321840701865e-01 3.422860560076605996e-01 2.150555535777102512e-01 9.988173137398664858e-02 6.651908406510725902e-03 -5.212137658742950486e-02 -5.127899832359691934e-02 -1.952656576303961680e-02 3.342821928060795561e-02 5.754385893704740823e-02 2.150526452747823780e-02 -9.004150759866921816e-02
9.758268551616613995e-02 2.150555535777102512e-01 2.967505926595157550e-01 2.100581647028459398e-01 1.047883327910654055e-01 1.100154300673717757e-02 -4.377297233368129814e-02 -5.439855041274609115e-02 -1.967811283079040630e-02 4.292323477439403262e-02 6.257247280434920234e-02 1.737129968427295404e-02
-1.868247807467247543e-03 9.988173137398664858e-02 2.100581647028459398e-01 3.463039087686913264e-01 2.154375182192281024e-01 1.112569460827464995e-01 1.787782533168922119e-02 -4.539321889978895075e-02 -5.140663118885330923e-02 -6.156558305918861766e-03 4.385346622572985215e-02 5.651399329730419363e-02
-5.065966032669469432e-02 6.651908406510725902e-03 1.047883327910654055e-01 2.154375182192281024e-01 2.971829559896966844e-01 2.137447722446405018e-01 1.051607436160624937e-01 2.006662722874975185e-02 -4.234951016359975173e-02 -4.830448010776618867e-02 -1.065565123336595713e-02 4.132950890393842502e-02
-4.964425394858927587e-02 -5.212137658742950486e-02 1.100154300673717757e-02 1.112569460827464995e-01 2.137447722446405018e-01 3.399565307813738335e-01 2.012301579732451162e-01 1.055599818226561903e-01 1.493298200303190722e-02 -5.202047694810113532e-02 -5.476314429707392767e-02 -7.938277939695228408e-03
-1.171067291631355638e-02 -5.127899832359691934e-02 -4.377297233368129814e-02 1.787782533168922119e-02 1.051607436160624937e-01 2.012301579732451162e-01 2.436931875366396272e-01 2.078438467815935664e-01 1.060474624834529672e-01 1.976692742937365653e-03 -5.661799034992022472e-02 -4.726235733115031340e-02
3.550599225532971581e-02 -1.952656576303961680e-02 -5.439855041274609115e-02 -4.539321889978895075e-02 2.006662722874975185e-02 1.055599818226561903e-01 2.078438467815935664e-01 3.470005721186553704e-01 2.166492351338130673e-01 9.888125754922853783e-02 -1.084423980135668791e-02 -5.646614283364077835e-02
5.284180251125776551e-02 3.342821928060795561e-02 -1.967811283079040630e-02 -5.140663118885330923e-02 -4.234951016359975173e-02 1.493298200303190722e-02 1.060474624834529672e-01 2.166492351338130673e-01 3.648922754527769152e-01 2.127847986549304959e-01 9.125005393191397418e-02 -1.163378104735226723e-02
1.377540934869028559e-02 5.754385893704740823e-02 4.292323477439403262e-02 -6.156558305918861766e-03 -4.830448010776618867e-02 -5.202047694810113532e-02 1.976692742937365653e-03 9.888125754922853783e-02 2.127847986549304959e-01 3.278652953668446113e-01 2.178951292165089981e-01 1.010313466391639936e-01
-8.439222114898554949e-02 2.150526452747823780e-02 6.257247280434920234e-02 4.385346622572985215e-02 -1.065565123336595713e-02 -5.476314429707392767e-02 -5.661799034992022472e-02 -1.084423980135668791e-02 9.125005393191397418e-02 2.178951292165089981e-01 3.525892874910752095e-01 2.163164026968753817e-01
