2.604772758599105953e-01 2.107661578710964267e-01 1.207570325929422234e-01 4.149641417236839269e-02 -1.653141319242312085e-02 -3.895912737910327273e-02 -5.186208301699225115e-02 -3.270804414501085611e-02 1.087432181214815011e-02 5.912914299584098171e-02 1.054653715276820392e-01 1.965533382694955589e-01
2.107661578710964267e-01 3.764461101281572630e-01 2.052017033699611304e-01 1.089122870269685905e-01 4.863630636504137628e-02 3.890623500994455294e-03 -2.795532948421685857e-02 -4.049637550160874178e-02 -2.870447624493465202e-02 1.835057062237792358e-03 5.156935040443661605e-02 1.252712791300578665e-01
1.207570325929422234e-01 2.052017033699611304e-01 2.272562504172632725e-01 1.772222509073528296e-01 1.183474510095249982e-01 6.255420366732170057e-02 2.851708061631713642e-02 -2.136245984543274495e-02 -4.645569954268463642e-02 -4.854866724649298249e-02 -8.762471452993633031e-03 5.085159331317151699e-02
4.149641417236839269e-02 1.089122870269685905e-01 1.772222509073528296e-01 2.164784235693298919e-01 1.825894501626643129e-01 1.124881577779177910e-01 7.790065011438712661e-02 1.543501867889498710e-02 -3.778357471229217696e-02 -6.579678002637905088e-02 -4.840376811762894110e-02 -1.891634841481540721e-02
-1.653141319242312085e-02 4.863630636504137628e-02 1.183474510095249982e-01 1.825894501626643129e-01 2.190463485281506362e-01 1.606639177221044490e-01 1.303956513561506658e-01 6.539867357332898590e-02 -3.835780161040475665e-03 -5.876859909895875561e-02 -6.056637573655476031e-02 -5.645469622725040465e-02
-3.895912737910327273e-02 3.890623500994455294e-03 6.255420366732170057e-02 1.124881577779177910e-01 1.606639177221044490e-01 1.738549713609651715e-01 1.848879106454704713e-01 1.125758177281360045e-01 4.412668938344771474e-02 -2.321264300150528009e-02 -4.470648238576607064e-02 -5.533600662407867077e-02
-5.186208301699225115e-02 -2.795532948421685857e-02 2.851708061631713642e-02 7.790065011438712661e-02 1.303956513561506658e-01 1.848879106454704713e-01 2.906782520462038999e-01 2.061403262365532618e-01 1.160554065840428833e-01 3.722400353680933860e-02 -1.657367796515400726e-02 -4.815067948432043277e-02
-3.270804414501085611e-02 -4.049637550160874178e-02 -2.136245984543274495e-02 1.543501867889498710e-02 6.539867357332898590e-02 1.125758177281360045e-01 2.061403262365532618e-01 2.980284708998292009e-01 2.098530787116240082e-01 1.243774220923783702e-01 5.088068344280807787e-02 2.631905429688039411e-03
1.087432181214815011e-02 -2.870447624493465202e-02 -4.645569954268463642e-02 -3.778357471229217696e-02 -3.835780161040475665e-03 4.412668938344771474e-02 1.160554065840428833e-01 2.098530787116240082e-01 2.614802892116229183e-01 2.074928435546727901e-01 1.088275388867294413e-01 6.021494666322162181e-02
5.912914299584098171e-02 1.835057062237792358e-03 -4.854866724649298249e-02 -6.579678002637905088e-02 -5.876859909895875561e-02 -2.321264300150528009e-02 3.722400353680933860e-02 1.243774220923783702e-01 2.074928435546727901e-01 3.156959841984684489e-01 1.762397284864073432e-01 1.140821246759441271e-01
1.054653715276820392e-01 5.156935040443661605e-02 -8.762471452993633031e-03 -4.840376811762894110e-02 -6.056637573655476031e-02 -4.470648238576607064e-02 -1.657367796515400726e-02 5.088068344280807787e-02 1.088275388867294413e-01 1.762397284864073432e-01 1.489727243692412495e-01 1.430241937801272623e-01
1.965533382694955589e-01 1.252712791300578665e-01 5.085159331317151699e-02 -1.891634841481540721e-02 -5.645469622725040465e-02 -5.533600662407867077e-02 -4.815067948432043277e-02 2.631905429688039411e-03 6.021494666322162181e-02 1.140821246759441271e-01 1.430241937801272623e-01 2.115848994108589232e-01
3.360624021543540119e-01 2.072011107966133803e-01 1.081391619513759617e-01 4.159678897833174460e-02 -6.020662784428937146e-03 -3.941427584713022569e-02 -4.842238878596888396e-02 -3.010327248038537767e-02 7.559469877708104198e-03 6.095098585974256800e-02 1.305222090081308017e-01 2.143376133037314113e-01
2.072011107966133803e-01 2.364813375598468215e-01 1.687477862776410598e-01 1.143292993307690464e-01 5.462508429919576969e-02 1.755478284381553969e-02 -3.182546245667648710e-02 -4.596136872750720970e-02 -4.257892195052702389e-02 -3.664523739460670039e-04 6.254955489830313353e-02 1.292809186304184066e-01
1.081391619513759617e-01 1.687477862776410598e-01 1.916962334152171599e-01 1.943587346452384512e-01 1.047335278209407528e-01 6.840853443385994104e-02 2.963004078069283662e-03 -3.729121872754577460e-02 -5.916798243692231174e-02 -4.191240941433511252e-02 -4.370440353881850648e-03 5.077284710410918250e-02
4.159678897833174460e-02 1.143292993307690464e-01 1.943587346452384512e-01 3.465327212072653595e-01 1.805163252664416240e-01 1.258986733042960493e-01 5.484654261183284640e-02 -8.155855073047502124e-03 -5.578058539678845684e-02 -6.224131861620112866e-02 -5.297970885692457332e-02 -1.678303548455255256e-02
-6.020662784428937146e-03 5.462508429919576969e-02 1.047335278209407528e-01 1.805163252664416240e-01 1.574076931121296541e-01 1.651303682698341824e-01 1.031227373945419468e-01 4.393577756831699294e-02 -9.050328218041435446e-03 -3.958875953124230129e-02 -5.014599716363701137e-02 -3.811470655621729264e-02
-3.941427584713022569e-02 1.755478284381553969e-02 6.840853443385994104e-02 1.258986733042960493e-01 1.651303682698341824e-01 2.632694836140614392e-01 2.046063854495064893e-01 1.186666357925115628e-01 5.461156063342106209e-02 -8.546874556486490013e-03 -4.450985269237657527e-02 -5.333231985110016560e-02
-4.842238878596888396e-02 -3.182546245667648710e-02 2.963004078069283662e-03 5.484654261183284640e-02 1.031227373945419468e-01 2.046063854495064893e-01 2.945503046016180737e-01 2.046066540340608086e-01 1.329764642873597080e-01 6.015028771740267566e-02 8.078548286681570476e-03 -3.262497774504405368e-02
-3.010327248038537767e-02 -4.596136872750720970e-02 -3.729121872754577460e-02 -8.155855073047502124e-03 4.393577756831699294e-02 1.186666357925115628e-01 2.046066540340608086e-01 2.440268280074976426e-01 2.035910423783020562e-01 1.123367707957373396e-01 5.874211809232597614e-02 8.017923749714491594e-03
7.559469877708104198e-03 -4.257892195052702389e-02 -5.916798243692231174e-02 -5.578058539678845684e-02 -9.050328218041435446e-03 5.461156063342106209e-02 1.329764642873597080e-01 2.035910423783020562e-01 2.974862064569167019e-01 1.812059395282443475e-01 1.143489572050784830e-01 5.845988653953018699e-02
6.095098585974256800e-02 -3.664523739460670039e-04 -4.191240941433511252e-02 -6.224131861620112866e-02 -3.958875953124230129e-02 -8.546874556486490013e-03 6.015028771740267566e-02 1.123367707957373396e-01 1.812059395282443475e-01 1.690127625059812955e-01 1.506672289631697526e-01 1.091392529546827556e-01
1.305222090081308017e-01 6.254955489830313353e-02 -4.370440353881850648e-03 -5.297970885692457332e-02 -5.014599716363701137e-02 -4.450985269237657527e-02 8.078548286681570476e-03 5.874211809232597614e-02 1.143489572050784830e-01 1.506672289631697526e-01 2.027672417153957851e-01 1.892952605855339476e-01
2.143376133037314113e-01 1.292809186304184066e-01 5.077284710410918250e-02 -1.678303548455255256e-02 -3.811470655621729264e-02 -5.333231985110016560e-02 -3.262497774504405368e-02 8.017923749714491594e-03 5.845988653953018699e-02 1.091392529546827556e-01 1.892952605855339476e-01 2.607067856497137792e-01
3.085719045134377447e-01 2.038256507108004434e-01 1.238035365824975004e-01 3.810584947370232456e-02 -2.797259403289361485e-02 -5.832355934284069038e-02 -5.459644220495783740e-02 -3.187685663001305070e-02 1.121644149317734332e-02 6.361494827269714714e-02 1.182375584647273603e-01 1.925558855253342583e-01
2.038256507108004434e-01 2.343758229739297816e-01 2.013608085525742109e-01 1.036249762696253018e-01 3.661327384950820163e-02 -2.043548869675293825e-02 -4.509621329944109303e-02 -5.005324476364918229e-02 -3.083607662849451730e-02 9.252632473804336261e-03 6.087504956881299029e-02 1.174559912589510646e-01
1.238035365824975004e-01 2.013608085525742109e-01 3.246959726810852431e-01 1.983580006757611203e-01 1.194437382137921999e-01 5.016870973331107042e-02 -5.338535239166712631e-03 -4.376030222981439760e-02 -5.234470813622035118e-02 -3.915739773378372479e-02 -5.202986759135447368e-04 5.348990610207268737e-02
3.810584947370232456e-02 1.036249762696253018e-01 1.983580006757611203e-01 2.338962110680957440e-01 2.033908953012442955e-01 1.212916529203900973e-01 5.849422798581302430e-02 2.680691078349913166e-03 -3.702546146303549446e-02 -5.178919502516775297e-02 -4.583220598153316117e-02 -1.770167461274752690e-02
-2.797259403289361485e-02 3.661327384950820163e-02 1.194437382137921999e-01 2.033908953012442955e-01 3.036996134372206280e-01 2.008913711610620101e-01 1.179604247885152474e-01 5.899707639573814610e-02 1.749118080005824041e-03 -3.803536043363824060e-02 -5.838445024462144556e-02 -5.655965770286321137e-02
-5.832355934284069038e-02 -2.043548869675293825e-02 5.016870973331107042e-02 1.212916529203900973e-01 2.008913711610620101e-01 2.333459739631233154e-01 1.755481332340577405e-01 1.196285576707403625e-01 6.141477904074921917e-02 9.421118089868976003e-03 -3.840080993268457643e-02 -6.032679702238435970e-02
-5.459644220495783740e-02 -4.509621329944109303e-02 -5.338535239166712631e-03 5.849422798581302430e-02 1.179604247885152474e-01 1.755481332340577405e-01 1.998558459754791183e-01 1.832814537075771744e-01 1.189681914796461987e-01 6.666043007935457121e-02 9.561611342301479938e-03 -3.234277666566565124e-02
-3.187685663001305070e-02 -5.005324476364918229e-02 -4.376030222981439760e-02 2.680691078349913166e-03 5.899707639573814610e-02 1.196285576707403625e-01 1.832814537075771744e-01 2.669626742693478327e-01 2.033616147233400229e-01 1.341023991089332901e-01 7.285801994031017303e-02 1.709023177200174118e-02
1.121644149317734332e-02 -3.083607662849451730e-02 -5.234470813622035118e-02 -3.702546146303549446e-02 1.749118080005824041e-03 6.141477904074921917e-02 1.189681914796461987e-01 2.033616147233400229e-01 2.523350066255233282e-01 1.953831840748503079e-01 1.224250144721373557e-01 6.508565403614896550e-02
6.361494827269714714e-02 9.252632473804336261e-03 -3.915739773378372479e-02 -5.178919502516775297e-02 -3.803536043363824060e-02 9.421118089868976003e-03 6.666043007935457121e-02 1.341023991089332901e-01 1.953831840748503079e-01 2.413353057443170802e-01 1.816511077479050218e-01 1.168818034019298985e-01
1.182375584647273603e-01 6.087504956881299029e-02 -5.202986759135447368e-04 -4.583220598153316117e-02 -5.838445024462144556e-02 -3.840080993268457643e-02 9.561611342301479938e-03 7.285801994031017303e-02 1.224250144721373557e-01 1.816511077479050218e-01 2.019624559702810906e-01 1.646906001225040272e-01
1.925558855253342583e-01 1.174559912589510646e-01 5.348990610207268737e-02 -1.770167461274752690e-02 -5.655965770286321137e-02 -6.032679702238435970e-02 -3.234277666566565124e-02 1.709023177200174118e-02 6.508565403614896550e-02 1.168818034019298985e-01 1.646906001225040272e-01 1.989632127781600368e-01
2.281439802552487350e-01 1.827248507298784852e-01 1.099537352847736738e-01 2.507335731310684351e-02 -4.404887529759038411e-02 -4.597245136865899667e-02 -6.472072299150731511e-02 -3.810141953083115429e-02 1.057413548513172832e-02 7.461400234874740467e-02 1.302715020276176139e-01 1.850923028375405788e-01
1.827248507298784852e-01 2.230371876091741534e-01 1.915666424059092043e-01 9.929652951200626521e-02 2.057896817414751889e-02 -2.495443259176248485e-02 -6.470749666026259783e-02 -5.667460708504550027e-02 -2.510743896316217777e-02 2.909508318735767179e-02 8.182237361842478740e-02 1.253149741642199944e-01
1.099537352847736738e-01 1.915666424059092043e-01 3.101958716170114538e-01 2.225360759240649355e-01 1.355412889467235704e-01 3.194518070337076798e-02 -2.394208883578490682e-02 -4.544615794069956083e-02 -4.094796207999937265e-02 -1.922502212707438360e-02 2.010972688322179916e-02 5.879259748723975748e-02
2.507335731310684351e-02 9.929652951200626521e-02 2.225360759240649355e-01 3.590277912381427683e-01 2.256905964897651939e-01 8.826328717708280258e-02 4.736177537974234353e-02 1.952676353863003547e-03 -2.426469084082662903e-02 -4.262399100976001914e-02 -4.152426481881944104e-02 -1.998754908224115862e-02
-4.404887529759038411e-02 2.057896817414751889e-02 1.355412889467235704e-01 2.256905964897651939e-01 3.299145350089804918e-01 1.435341944909948042e-01 1.113995195256376608e-01 6.105615866750029042e-02 1.751621902079186777e-02 -3.229111536874062355e-02 -6.173297539763058367e-02 -6.312037648406489121e-02
-4.597245136865899667e-02 -2.495443259176248485e-02 3.194518070337076798e-02 8.826328717708280258e-02 1.435341944909948042e-01 9.366252259456703255e-02 1.216309310716051362e-01 9.307537240307037218e-02 5.500636271236503116e-02 1.529258767868739780e-02 -2.560672055713674594e-02 -4.372926410180329182e-02
-6.472072299150731511e-02 -6.470749666026259783e-02 -2.394208883578490682e-02 4.736177537974234353e-02 1.113995195256376608e-01 1.216309310716051362e-01 2.423082847745045565e-01 2.156483266550292544e-01 1.376540387507493302e-01 8.097602795334886416e-02 4.532188484177104154e-03 -4.309901090051446865e-02
-3.810141953083115429e-02 -5.667460708504550027e-02 -4.544615794069956083e-02 1.952676353863003547e-03 6.105615866750029042e-02 9.307537240307037218e-02 2.156483266550292544e-01 2.985008979916088379e-01 1.981427001262056342e-01 1.305039972032142614e-01 5.526640829288710643e-02 -2.252647430839053652e-04
1.057413548513172832e-02 -2.510743896316217777e-02 -4.094796207999937265e-02 -2.426469084082662903e-02 1.751621902079186777e-02 5.500636271236503116e-02 1.376540387507493302e-01 1.981427001262056342e-01 2.237707723734360665e-01 1.890615081938669118e-01 1.084082236052550385e-01 5.321511983423862779e-02
7.461400234874740467e-02 2.909508318735767179e-02 -1.922502212707438360e-02 -4.262399100976001914e-02 -3.229111536874062355e-02 1.529258767868739780e-02 8.097602795334886416e-02 1.305039972032142614e-01 1.890615081938669118e-01 2.501375735188501315e-01 1.837068225905599816e-01 1.198533766632247088e-01
1.302715020276176139e-01 8.182237361842478740e-02 2.010972688322179916e-02 -4.152426481881944104e-02 -6.173297539763058367e-02 -2.560672055713674594e-02 4.532188484177104154e-03 5.526640829288710643e-02 1.084082236052550385e-01 1.837068225905599816e-01 2.193424763394402066e-01 1.822819984780739977e-01
1.850923028375405788e-01 1.253149741642199944e-01 5.879259748723975748e-02 -1.998754908224115862e-02 -6.312037648406489121e-02 -4.372926410180329182e-02 -4.309901090051446865e-02 -2.252647430839053652e-04 5.321511983423862779e-02 1.198533766632247088e-01 1.822819984780739977e-01 2.219581066790281831e-01
2.910173377435156805e-01 2.090859684187493239e-01 1.073083512119013538e-01 4.796910153451947045e-02 -5.981688175410794159e-03 -4.007190191140702629e-02 -5.217906319573110963e-02 -4.232320642523319798e-02 -1.177827930530914516e-02 4.247099743395024718e-02 1.205817756963965537e-01 2.136944156552199603e-01
2.090859684187493239e-01 2.949629670267591708e-01 1.779597712580057167e-01 1.166769907678099627e-01 5.399476260496267888e-02 1.457827707423620198e-03 -4.543377329035830359e-02 -6.016687643472731772e-02 -5.891198468095015101e-02 -2.101378454683732952e-02 4.100821977716270772e-02 1.255247644702514875e-01
1.073083512119013538e-01 1.779597712580057167e-01 1.709690047985077399e-01 1.768720228744730671e-01 1.056365958331856869e-01 5.702167277904050119e-02 9.478349093122186673e-04 -3.492790047982738399e-02 -5.548032041251302338e-02 -4.336304810714974867e-02 -1.844504631269767297e-02 4.663731476364788020e-02
4.796910153451947045e-02 1.166769907678099627e-01 1.768720228744730671e-01 3.089272028053027253e-01 2.018487346412612959e-01 1.326266544589432828e-01 6.584636075941630029e-02 6.203799954161485358e-03 -4.077047498981522383e-02 -5.121088390806995128e-02 -5.471591201687284189e-02 -1.257688090411843498e-02
-5.981688175410794159e-03 5.399476260496267888e-02 1.056365958331856869e-01 2.018487346412612959e-01 2.184946097534391507e-01 1.924468508479228457e-01 1.166687298482418506e-01 5.617794970392420845e-02 9.014340599684826996e-03 -2.615385703002831574e-02 -5.098232040575832735e-02 -4.163643765777134964e-02
-4.007190191140702629e-02 1.457827707423620198e-03 5.702167277904050119e-02 1.326266544589432828e-01 1.924468508479228457e-01 2.812640504950436604e-01 1.943347793130477119e-01 1.145034838521681170e-01 6.783385812632923562e-02 1.402185847148372348e-02 -2.854042628201293105e-02 -4.866404579206362602e-02
-5.217906319573110963e-02 -4.543377329035830359e-02 9.478349093122186673e-04 6.584636075941630029e-02 1.166687298482418506e-01 1.943347793130477119e-01 2.094745744310102520e-01 1.615266271388592911e-01 1.245756973894025232e-01 6.479773501577862360e-02 2.378463580257715246e-02 -2.961028755616848529e-02
-4.232320642523319798e-02 -6.016687643472731772e-02 -3.492790047982738399e-02 6.203799954161485358e-03 5.617794970392420845e-02 1.145034838521681170e-01 1.615266271388592911e-01 1.923695140859242592e-01 1.934676252692539844e-01 1.108421321277273525e-01 7.001942152015389054e-02 3.841209023298014502e-03
-1.177827930530914516e-02 -5.891198468095015101e-02 -5.548032041251302338e-02 -4.077047498981522383e-02 9.014340599684826996e-03 6.783385812632923562e-02 1.245756973894025232e-01 1.934676252692539844e-01 2.888829429876469956e-01 1.771762076491199545e-01 1.272611189148982747e-01 5.483377820174324679e-02
4.247099743395024718e-02 -2.101378454683732952e-02 -4.336304810714974867e-02 -5.121088390806995128e-02 -2.615385703002831574e-02 1.402185847148372348e-02 6.479773501577862360e-02 1.108421321277273525e-01 1.771762076491199545e-01 1.725738436173250012e-01 1.790253927278442070e-01 1.056193905569577929e-01
1.205817756963965537e-01 4.100821977716270772e-02 -1.844504631269767297e-02 -5.471591201687284189e-02 -5.098232040575832735e-02 -2.854042628201293105e-02 2.378463580257715246e-02 7.001942152015389054e-02 1.272611189148982747e-01 1.790253927278442070e-01 2.892713252740128915e-01 2.047003416914316976e-01
2.136944156552199603e-01 1.255247644702514875e-01 4.663731476364788020e-02 -1.257688090411843498e-02 -4.163643765777134964e-02 -4.866404579206362602e-02 -2.961028755616848529e-02 3.841209023298014502e-03 5.483377820174324679e-02 1.056193905569577929e-01 2.047003416914316976e-01 2.817926269815129725e-01
2.584749114506003087e-01 1.808552875602852661e-01 1.069577566250615730e-01 3.129353483179637269e-02 -3.189006502927951847e-02 -5.446912860793057254e-02 -5.004776375114161624e-02 -2.975514910116026923e-02 1.635145113821333956e-02 7.859520851575352296e-02 1.363723682292241612e-01 2.018350907170049502e-01
1.808552875602852661e-01 2.308740002617173936e-01 2.014712714866721543e-01 1.116556101570559956e-01 2.417975698635797810e-02 -4.232364413740668380e-02 -6.244318324305714318e-02 -6.293843686988526143e-02 -2.853863552314607130e-02 3.871750161372848435e-03 5.636872956114187538e-02 1.097539952002707514e-01
1.069577566250615730e-01 2.014712714866721543e-01 2.874109715340700810e-01 2.120946981073485171e-01 1.101268160421088327e-01 1.497882040125912695e-02 -3.719021426768195915e-02 -5.949994265668342303e-02 -4.610552569370351961e-02 -4.516791066292753093e-02 -1.102835977893673082e-02 4.019300874718931271e-02
3.129353483179637269e-02 1.116556101570559956e-01 2.120946981073485171e-01 3.972936870969824286e-01 2.074708009005320486e-01 9.995586736261341532e-02 3.180125027656625220e-02 -1.233276452032802846e-02 -2.830983715146870999e-02 -4.826662670435364483e-02 -4.604942417261306820e-02 -2.172005405120767951e-02
-3.189006502927951847e-02 2.417975698635797810e-02 1.101268160421088327e-01 2.074708009005320486e-01 2.802671859670735621e-01 2.008421257060474807e-01 1.195530747691679468e-01 7.733222440476589243e-02 2.683253905745386358e-02 -7.784819221814410703e-03 -3.832380678516078554e-02 -4.520770835287997447e-02
-5.446912860793057254e-02 -4.232364413740668380e-02 1.497882040125912695e-02 9.995586736261341532e-02 2.008421257060474807e-01 2.314055687809215556e-01 1.762988525672693207e-01 1.339243002820139083e-01 6.844464611351566696e-02 4.028389326924922825e-02 -2.997068833064235518e-03 -3.539868777708073122e-02
-5.004776375114161624e-02 -6.244318324305714318e-02 -3.719021426768195915e-02 3.180125027656625220e-02 1.195530747691679468e-01 1.762988525672693207e-01 2.164935722263345297e-01 1.994245489827511375e-01 1.034487133739031006e-01 7.404021364354951285e-02 3.158075385735023555e-02 -1.277896704427768267e-02
-2.975514910116026923e-02 -6.293843686988526143e-02 -5.949994265668342303e-02 -1.233276452032802846e-02 7.733222440476589243e-02 1.339243002820139083e-01 1.994245489827511375e-01 2.547990659900903898e-01 1.403693638929769116e-01 1.120291525628456519e-01 6.970885297226014909e-02 2.175864666421437749e-02
1.635145113821333956e-02 -2.853863552314607130e-02 -4.610552569370351961e-02 -2.830983715146870999e-02 2.683253905745386358e-02 6.844464611351566696e-02 1.034487133739031006e-01 1.403693638929769116e-01 1.031097627729461730e-01 1.168260950841797374e-01 9.795173324297133666e-02 5.700374056787217703e-02
7.859520851575352296e-02 3.871750161372848435e-03 -4.516791066292753093e-02 -4.826662670435364483e-02 -7.784819221814410703e-03 4.028389326924922825e-02 7.404021364354951285e-02 1.120291525628456519e-01 1.168260950841797374e-01 1.952695099769688192e-01 2.022275146548366542e-01 1.298910480477437068e-01
1.363723682292241612e-01 5.636872956114187538e-02 -1.102835977893673082e-02 -4.604942417261306820e-02 -3.832380678516078554e-02 -2.997068833064235518e-03 3.158075385735023555e-02 6.970885297226014909e-02 9.795173324297133666e-02 2.022275146548366542e-01 2.997626398984062357e-01 2.021201891117945515e-01
2.018350907170049502e-01 1.097539952002707514e-01 4.019300874718931271e-02 -2.172005405120767951e-02 -4.520770835287997447e-02 -3.539868777708073122e-02 -1.277896704427768267e-02 2.175864666421437749e-02 5.700374056787217703e-02 1.298910480477437068e-01 2.021201891117945515e-01 2.448391240438868022e-01
2.454938307476081383e-01 1.856516939352235440e-01 1.077327537460872064e-01 4.950023312400538000e-02 2.980555771355648809e-03 -3.416020626280853734e-02 -5.425315022810496546e-02 -5.191432216088475576e-02 -2.254530023229407709e-02 4.898798245418427288e-02 1.315246849803866636e-01 2.110224764166802047e-01
1.856516939352235440e-01 2.253812342550069459e-01 1.793906553882873844e-01 1.172182400453731094e-01 7.063240323625194494e-02 1.212183797500460299e-02 -3.401030434349025522e-02 -5.830145635627882045e-02 -5.398289038704934262e-02 -7.274904475011496723e-03 6.166671270071911320e-02 1.252242026870846459e-01
1.077327537460872064e-01 1.793906553882873844e-01 2.279489728760812906e-01 1.889499997587772984e-01 1.365076759444792120e-01 7.163833886663124872e-02 1.512205696243705544e-02 -3.326858996480815817e-02 -5.387384684565784537e-02 -4.386879036177523949e-02 -8.914507387276459499e-03 5.020439311323485199e-02
4.950023312400538000e-02 1.172182400453731094e-01 1.889499997587772984e-01 2.369743154658651707e-01 2.070225345425300012e-01 1.199746474507443622e-01 6.213013973704495374e-02 7.295652717365995292e-03 -3.277255850095392442e-02 -4.928242136216606090e-02 -4.578115997239401436e-02 -5.688545761337222145e-03
2.980555771355648809e-03 7.063240323625194494e-02 1.365076759444792120e-01 2.070225345425300012e-01 3.111042243466667356e-01 1.859564893283460196e-01 1.119377806045795953e-01 5.637761925132459689e-02 6.866062096500659059e-03 -3.606815340383999480e-02 -5.893040162602032617e-02 -4.386104167539564558e-02
-3.416020626280853734e-02 1.212183797500460299e-02 7.163833886663124872e-02 1.199746474507443622e-01 1.859564893283460196e-01 1.742552293313834599e-01 1.510263814166264151e-01 1.123053260073033355e-01 6.619162169196476930e-02 1.111858505142181500e-02 -3.801627492065103031e-02 -5.237872762686573980e-02
-5.425315022810496546e-02 -3.401030434349025522e-02 1.512205696243705544e-02 6.213013973704495374e-02 1.119377806045795953e-01 1.510263814166264151e-01 2.000922873578579453e-01 1.919500625347657641e-01 1.329742913770501911e-01 6.893662768440295130e-02 4.411851574152678580e-04 -4.658277507377172472e-02
-5.191432216088475576e-02 -5.830145635627882045e-02 -3.326858996480815817e-02 7.295652717365995292e-03 5.637761925132459689e-02 1.123053260073033355e-01 1.919500625347657641e-01 2.711411793193456710e-01 2.123650171603110315e-01 1.271216822434917404e-01 5.328191898457664000e-02 -1.824691718388397194e-02
-2.254530023229407709e-02 -5.398289038704934262e-02 -5.387384684565784537e-02 -3.277255850095392442e-02 6.866062096500659059e-03 6.619162169196476930e-02 1.329742913770501911e-01 2.123650171603110315e-01 3.007649114241949251e-01 1.957155047195361652e-01 1.105406178282883067e-01 3.477042807102691258e-02
4.898798245418427288e-02 -7.274904475011496723e-03 -4.386879036177523949e-02 -4.928242136216606090e-02 -3.606815340383999480e-02 1.111858505142181500e-02 6.893662768440295130e-02 1.271216822434917404e-01 1.957155047195361652e-01 2.157010319352162253e-01 1.821891301273114161e-01 1.100786359326770825e-01
1.315246849803866636e-01 6.166671270071911320e-02 -8.914507387276459499e-03 -4.578115997239401436e-02 -5.893040162602032617e-02 -3.801627492065103031e-02 4.411851574152678580e-04 5.328191898457664000e-02 1.105406178282883067e-01 1.821891301273114161e-01 2.626433995304656710e-01 2.121295635204482055e-01
2.110224764166802047e-01 1.252242026870846459e-01 5.020439311323485199e-02 -5.688545761337222145e-03 -4.386104167539564558e-02 -5.237872762686573980e-02 -4.658277507377172472e-02 -1.824691718388397194e-02 3.477042807102691258e-02 1.100786359326770825e-01 2.121295635204482055e-01 3.284993834103087096e-01
2.022488352311280768e-01 1.902861884915601487e-01 9.555050075426241296e-02 5.010443611569695421e-02 1.271747573248452768e-03 -3.384767778738131949e-02 -4.082955396216126492e-02 -1.730985146644569914e-02 2.147685357708595255e-02 7.505592282766151979e-02 1.214786920646034468e-01 1.739592452336398143e-01
1.902861884915601487e-01 3.053427619878985588e-01 1.672460269279122391e-01 1.101795237349230405e-01 4.499690785783374419e-02 -1.291704645140862376e-02 -4.203394137975816763e-02 -4.311319116665805751e-02 -2.039355819186484953e-02 5.049307437777020638e-03 5.498518103842159332e-02 1.060802853844126925e-01
9.555050075426241296e-02 1.672460269279122391e-01 1.288134983013011770e-01 1.584841949925286930e-01 6.870998308183037806e-02 2.014794778394627534e-02 -1.593144739941819779e-02 -3.040876340534648045e-02 -2.516107603152254596e-02 -2.380725064170375466e-02 1.000715251449791482e-02 4.391635146323422112e-02
5.010443611569695421e-02 1.101795237349230405e-01 1.584841949925286930e-01 4.279766772247312612e-01 1.615844049630293933e-01 7.489199815571630225e-02 1.792890178060533440e-02 -1.859867030191646523e-02 -3.013566667084080497e-02 -4.741859566813198812e-02 -2.792238099294975379e-02 2.188837292497706078e-04
1.271747573248452768e-03 4.499690785783374419e-02 6.870998308183037806e-02 1.615844049630293933e-01 1.584468932624109594e-01 1.820629188394468079e-01 1.143132534480414964e-01 7.056486992703073224e-02 1.046348003805757342e-02 -3.619571047865644681e-02 -3.459882040265475911e-02 -2.637330214896841524e-02
-3.384767778738131949e-02 -1.291704645140862376e-02 2.014794778394627534e-02 7.489199815571630225e-02 1.820629188394468079e-01 3.217733836533120395e-01 2.186574546355224136e-01 1.531367389466244400e-01 5.604695210476902389e-02 -6.606255005930125428e-03 -2.633945393271513308e-02 -3.639191168747896860e-02
-4.082955396216126492e-02 -4.203394137975816763e-02 -1.593144739941819779e-02 1.792890178060533440e-02 1.143132534480414964e-01 2.186574546355224136e-01 3.212729091081091282e-01 2.249311688714412949e-01 9.219261337494788489e-02 3.568823404185597625e-02 -4.651224885169210309e-04 -2.589228636640281828e-02
-1.730985146644569914e-02 -4.311319116665805751e-02 -3.040876340534648045e-02 -1.859867030191646523e-02 7.056486992703073224e-02 1.531367389466244400e-01 2.249311688714412949e-01 2.303083424087599695e-01 1.165954728774442062e-01 8.909933802655595203e-02 4.552424266539856906e-02 1.656672020048076746e-02
2.147685357708595255e-02 -2.039355819186484953e-02 -2.516107603152254596e-02 -3.013566667084080497e-02 1.046348003805757342e-02 5.604695210476902389e-02 9.219261337494788489e-02 1.165954728774442062e-01 1.031997869857712441e-01 1.560524470744806824e-01 9.027599823457820027e-02 5.979910367067751281e-02
7.505592282766151979e-02 5.049307437777020638e-03 -2.380725064170375466e-02 -4.741859566813198812e-02 -3.619571047865644681e-02 -6.606255005930125428e-03 3.568823404185597625e-02 8.909933802655595203e-02 1.560524470744806824e-01 3.628801204613636422e-01 1.985276740182068123e-01 1.321717445849051875e-01
1.214786920646034468e-01 5.498518103842159332e-02 1.000715251449791482e-02 -2.792238099294975379e-02 -3.459882040265475911e-02 -2.633945393271513308e-02 -4.651224885169210309e-04 4.552424266539856906e-02 9.027599823457820027e-02 1.985276740182068123e-01 2.075134892455176572e-01 1.860050654097495371e-01
1.739592452336398143e-01 1.060802853844126925e-01 4.391635146323422112e-02 2.188837292497706078e-04 -2.637330214896841524e-02 -3.639191168747896860e-02 -2.589228636640281828e-02 1.656672020048076746e-02 5.979910367067751281e-02 1.321717445849051875e-01 1.860050654097495371e-01 2.302233021296913040e-01
2.302156486379277611e-01 1.994088822604771494e-01 1.227163488604721686e-01 5.155985477250185633e-02 9.560184077105069508e-04 -3.408880331524111185e-02 -4.384252031893427076e-02 -3.672234427223636938e-02 -4.419856202890206157e-03 4.680047428619863586e-02 1.152613315050984022e-01 1.982582822002969258e-01
1.994088822604771494e-01 3.132623205240633313e-01 2.175321739312679470e-01 1.145090231548642201e-01 6.323470304637593409e-02 -2.426474684172762360e-03 -4.125188883423328012e-02 -6.436998670665840250e-02 -5.955486508100779619e-02 -2.700559947849357628e-02 2.725390793204919559e-02 1.021193862692620080e-01
1.227163488604721686e-01 2.175321739312679470e-01 2.988532576266004770e-01 1.715601760233338990e-01 1.190025960079449385e-01 4.989479515591382919e-02 -3.312332391944772074e-03 -5.045300615993916771e-02 -6.659361793335612234e-02 -5.731480571571653804e-02 -3.399300949313258102e-02 3.234547748322562366e-02
5.155985477250185633e-02 1.145090231548642201e-01 1.715601760233338990e-01 1.511821537783921698e-01 1.640775322655350643e-01 1.003854601132761065e-01 5.230700217721263173e-02 4.369121230674021666e-03 -3.064404297920134829e-02 -4.461195598050874539e-02 -4.620936336088814211e-02 -1.583997049204136781e-02
9.560184077105069508e-04 6.323470304637593409e-02 1.190025960079449385e-01 1.640775322655350643e-01 2.891398750528578199e-01 2.082184329318037541e-01 1.352215851505564337e-01 7.807820085177404057e-02 1.746517535834718471e-02 -2.734259695754985564e-02 -5.530288419493425978e-02 -5.130645425453392999e-02
-3.408880331524111185e-02 -2.426474684172762360e-03 4.989479515591382919e-02 1.003854601132761065e-01 2.082184329318037541e-01 2.569404457122316243e-01 1.989707517116464375e-01 1.318130479936796828e-01 7.073693250739818139e-02 1.909162174393563144e-02 -2.328052630788448457e-02 -4.533872470063651100e-02
-4.384252031893427076e-02 -4.125188883423328012e-02 -3.312332391944772074e-03 5.230700217721263173e-02 1.352215851505564337e-01 1.989707517116464375e-01 2.470896201204749176e-01 1.904305166666814819e-01 1.163480343594101574e-01 6.033597727139040912e-02 1.755144583050056648e-02 -2.358636446703142944e-02
-3.672234427223636938e-02 -6.436998670665840250e-02 -5.045300615993916771e-02 4.369121230674021666e-03 7.807820085177404057e-02 1.318130479936796828e-01 1.904305166666814819e-01 2.228188038634005830e-01 1.660157321951905574e-01 1.076839645233427234e-01 6.746310466737584499e-02 1.914479764665394379e-02
-4.419856202890206157e-03 -5.955486508100779619e-02 -6.659361793335612234e-02 -3.064404297920134829e-02 1.746517535834718471e-02 7.073693250739818139e-02 1.163480343594101574e-01 1.660157321951905574e-01 1.752202846405822856e-01 1.471569369097554536e-01 1.208504745389583079e-01 7.151951531959641062e-02
4.680047428619863586e-02 -2.700559947849357628e-02 -5.731480571571653804e-02 -4.461195598050874539e-02 -2.734259695754985564e-02 1.909162174393563144e-02 6.033597727139040912e-02 1.076839645233427234e-01 1.471569369097554536e-01 1.777734609475064564e-01 1.895445483873492709e-01 1.278738125856204721e-01
1.152613315050984022e-01 2.725390793204919559e-02 -3.399300949313258102e-02 -4.620936336088814211e-02 -5.530288419493425978e-02 -2.328052630788448457e-02 1.755144583050056648e-02 6.746310466737584499e-02 1.208504745389583079e-01 1.895445483873492709e-01 2.959220919110609471e-01 2.190120114661289752e-01
1.982582822002969258e-01 1.021193862692620080e-01 3.234547748322562366e-02 -1.583997049204136781e-02 -5.130645425453392999e-02 -4.533872470063651100e-02 -2.358636446703142944e-02 1.914479764665394379e-02 7.151951531959641062e-02 1.278738125856204721e-01 2.190120114661289752e-01 3.415820371849083159e-01
2.123630353765891265e-01 2.014599928482713187e-01 1.277824984820232768e-01 4.138157987867319143e-02 -3.348874174251137426e-02 -5.943636943390821770e-02 -4.880246586179259882e-02 -1.585630593590357101e-02 2.528287996917014113e-02 6.662067684750744290e-02 1.059799899430506620e-01 1.696905877494505055e-01
2.014599928482713187e-01 3.288014273636125084e-01 2.176817165995205139e-01 1.136246642724425271e-01 2.107327377259302081e-02 -3.785634482201746809e-02 -5.510618857350579880e-02 -5.051342027969438209e-02 -2.524112803991566609e-02 1.164769206620589609e-02 5.748285922063167686e-02 1.213987616972648370e-01
1.277824984820232768e-01 2.176817165995205139e-01 3.010614429094341515e-01 2.017255360295663047e-01 1.027283355531420778e-01 3.239671215913776658e-02 -2.138497813575737649e-02 -5.050823920944091938e-02 -4.985320167113170553e-02 -3.584537364179114782e-02 6.371721331107612143e-03 6.403806140439857741e-02
4.138157987867319143e-02 1.136246642724425271e-01 2.017255360295663047e-01 2.599693975605390506e-01 2.042811673035593301e-01 1.234964238304027961e-01 5.330982962174648371e-02 -6.667176405146866061e-03 -4.057142532593104034e-02 -5.472413870833399419e-02 -4.081635004043221437e-02 -1.328739435819798267e-02
-3.348874174251137426e-02 2.107327377259302081e-02 1.027283355531420778e-01 2.042811673035593301e-01 3.111763277306853204e-01 2.158016186509249257e-01 1.262113745631618655e-01 5.958648354424486704e-02 2.393775709445862196e-03 -3.828260453000413566e-02 -5.204758854196928075e-02 -5.831684060624640203e-02
-5.943636943390821770e-02 -3.785634482201746809e-02 3.239671215913776658e-02 1.234964238304027961e-01 2.158016186509249257e-01 2.839929609968604440e-01 1.912500833465006211e-01 1.152877095652537071e-01 5.475277364067971525e-02 8.456211689280788632e-03 -2.994568378287758292e-02 -5.810925867887694468e-02
-4.880246586179259882e-02 -5.510618857350579880e-02 -2.138497813575737649e-02 5.330982962174648371e-02 1.262113745631618655e-01 1.912500833465006211e-01 2.078210083684919884e-01 1.711600447788412804e-01 1.125435953966335278e-01 6.997001624717376356e-02 2.053725800922617806e-02 -2.187621704405302847e-02
-1.585630593590357101e-02 -5.051342027969438209e-02 -5.050823920944091938e-02 -6.667176405146866061e-03 5.958648354424486704e-02 1.152877095652537071e-01 1.711600447788412804e-01 2.137715187217922863e-01 1.774264015873988076e-01 1.333771031425218800e-01 7.780348392456279405e-02 3.335332985054479532e-02
2.528287996917014113e-02 -2.524112803991566609e-02 -4.985320167113170553e-02 -4.057142532593104034e-02 2.393775709445862196e-03 5.475277364067971525e-02 1.125435953966335278e-01 1.774264015873988076e-01 2.173424669585967972e-01 2.016705409036458618e-01 1.229566548090203493e-01 7.877949617040469477e-02
6.662067684750744290e-02 1.164769206620589609e-02 -3.584537364179114782e-02 -5.472413870833399419e-02 -3.828260453000413566e-02 8.456211689280788632e-03 6.997001624717376356e-02 1.333771031425218800e-01 2.016705409036458618e-01 2.990026324632877874e-01 1.842445114223953961e-01 1.236997960953377385e-01
1.059799899430506620e-01 5.748285922063167686e-02 6.371721331107612143e-03 -4.081635004043221437e-02 -5.204758854196928075e-02 -2.994568378287758292e-02 2.053725800922617806e-02 7.780348392456279405e-02 1.229566548090203493e-01 1.842445114223953961e-01 1.702380110913575550e-01 1.521352068268459201e-01
1.696905877494505055e-01 1.213987616972648370e-01 6.403806140439857741e-02 -1.328739435819798267e-02 -5.831684060624640203e-02 -5.810925867887694468e-02 -2.187621704405302847e-02 3.335332985054479532e-02 7.877949617040469477e-02 1.236997960953377385e-01 1.521352068268459201e-01 1.944597704587526510e-01
3.605107150860423770e-01 2.140427163108677977e-01 1.068215421966774437e-01 4.012831516488761519e-02 -4.665449700440996335e-03 -3.581907634400770257e-02 -4.249664914011705430e-02 -5.833403246231766426e-02 -3.006603296949220128e-02 2.602454416205252780e-02 1.152220625805331911e-01 2.140194542944805489e-01
2.140427163108677977e-01 2.603549381198501100e-01 1.717124762392131521e-01 1.131513073757955123e-01 5.822811392808541903e-02 2.479316194959353681e-02 -1.894578429287767027e-02 -6.099445229717803674e-02 -5.957811980925368373e-02 -3.148909781283545928e-02 4.266063572955317712e-02 1.292419791932208351e-01
1.068215421966774437e-01 1.717124762392131521e-01 1.849938760234489665e-01 1.837032446574298206e-01 1.132422855014043467e-01 8.365478492000698318e-02 2.507515395273007125e-02 -1.850182620099630193e-02 -4.403660885786657431e-02 -4.621315254994838584e-02 -1.782141079725181945e-02 4.441867293343302464e-02
4.012831516488761519e-02 1.131513073757955123e-01 1.837032446574298206e-01 2.836569521743934619e-01 1.872741225109890717e-01 1.447766036918875510e-01 7.139359384848351087e-02 3.326242281248377453e-02 -1.815898178729378684e-02 -4.716694777305564107e-02 -5.656182165252254812e-02 -2.232798838372215128e-02
-4.665449700440996335e-03 5.822811392808541903e-02 1.132422855014043467e-01 1.872741225109890717e-01 1.919129716543589437e-01 1.891539571335427161e-01 9.816746990814397000e-02 6.498720556042512919e-02 1.634708572086176342e-02 -2.366022480756253127e-02 -5.202472046529810212e-02 -4.294077994005753018e-02
-3.581907634400770257e-02 2.479316194959353681e-02 8.365478492000698318e-02 1.447766036918875510e-01 1.891539571335427161e-01 2.656893652205095657e-01 1.493131683486429440e-01 1.174795684297776921e-01 6.277165424575326114e-02 1.030294142348135364e-02 -4.279369060060013441e-02 -5.604267522687825936e-02
-4.249664914011705430e-02 -1.894578429287767027e-02 2.507515395273007125e-02 7.139359384848351087e-02 9.816746990814397000e-02 1.493131683486429440e-01 1.186387835244986366e-01 1.418642263095367395e-01 1.013462435377697757e-01 5.615219260887225478e-02 5.558695388520380580e-03 -3.447341660902851490e-02
-5.833403246231766426e-02 -6.099445229717803674e-02 -1.850182620099630193e-02 3.326242281248377453e-02 6.498720556042512919e-02 1.174795684297776921e-01 1.418642263095367395e-01 2.581972996582524438e-01 2.150423594408895633e-01 1.372376371886380730e-01 6.894386248126876948e-02 -1.516739555114204885e-02
-3.006603296949220128e-02 -5.957811980925368373e-02 -4.403660885786657431e-02 -1.815898178729378684e-02 1.634708572086176342e-02 6.277165424575326114e-02 1.013462435377697757e-01 2.150423594408895633e-01 2.977818462233789987e-01 2.038343654951360051e-01 1.251648837458140817e-01 3.660058564331148540e-02
2.602454416205252780e-02 -3.148909781283545928e-02 -4.621315254994838584e-02 -4.716694777305564107e-02 -2.366022480756253127e-02 1.030294142348135364e-02 5.615219260887225478e-02 1.372376371886380730e-01 2.038343654951360051e-01 2.408064440536346051e-01 1.952450905739916698e-01 9.847071798418813304e-02
1.152220625805331911e-01 4.266063572955317712e-02 -1.782141079725181945e-02 -5.656182165252254812e-02 -5.202472046529810212e-02 -4.279369060060013441e-02 5.558695388520380580e-03 6.894386248126876948e-02 1.251648837458140817e-01 1.952450905739916698e-01 2.806487082090566298e-01 1.967627931650510198e-01
