8.560163266279724459e-02 3.786663325760105669e-01 4.671262657372943911e-02 5.069157449800834950e-03 2.042590695893529811e-03 6.425303272827074565e-03 6.886837995566084947e-02 1.554133726222774459e-01 1.251213815531148354e-01 1.260792226378883163e-01
3.887061488825752260e-03 2.987170224703688398e-02 3.475451487353359847e-01 8.838794515972597798e-02 5.278153777462908647e-02 2.856494321483947219e-01 3.922370036561968754e-02 5.433340116565334166e-02 7.609456198024910911e-02 2.222550893452977100e-02
1.188445793249246624e-01 2.406850586905284056e-02 2.719905154388440466e-02 9.149866955991066420e-02 1.525803967737852374e-01 9.618495581012040385e-02 2.047788389351538618e-01 8.822128938042946011e-02 1.251583264141738205e-01 7.146538638856499148e-02
6.959303688402904142e-02 8.598520558316960494e-02 5.853715065200246204e-02 2.617247530619573256e-02 8.596290670699821557e-03 8.461571975920895508e-03 2.285995646832733943e-02 7.334221939309297500e-02 2.739109089831501809e-01 3.725411840834118027e-01
1.793723042670438694e-01 1.314161988935290577e-02 7.406799227523359896e-02 2.041995211660997678e-01 7.156776215900149951e-02 4.099073114140681928e-02 1.947643667108569024e-02 3.195146428974537933e-02 1.628204835180896426e-01 2.024116846229406796e-01
5.361144699353675297e-02 1.975864947138090688e-01 1.083579490836104331e-01 1.183549518270568118e-01 3.659756591278193888e-02 1.968585791696527212e-02 4.943737567172729747e-02 3.763552345596736515e-02 1.857083207537668645e-01 1.930245136707780529e-01
4.750972429993381707e-02 8.849453024590935024e-02 2.016248330025182112e-01 4.146777160710014565e-01 1.737639851752966758e-01 4.657882803546964379e-02 1.223787463832657144e-02 4.731593936671505199e-03 1.202319719555618952e-03 9.178594875317610050e-03
2.635414989414137654e-01 1.167006831587669574e-01 4.155453103839972656e-02 2.540514744833193700e-02 4.054451376829684012e-02 1.067994002706901258e-01 2.505915662223396345e-01 3.968365005197963674e-02 2.164906800489627484e-02 9.352994109488506347e-02
5.235069496685572366e-02 3.362198042713439999e-02 9.265130068455670886e-02 2.233953600708613596e-01 3.827590235202172481e-02 1.556517235996009510e-02 1.573608019901702113e-02 4.609064090231045352e-01 2.587215438894378827e-02 4.162494552754494176e-02
1.565826792208375173e-01 4.755588411853377273e-02 2.388428936866490715e-02 3.127016807119876729e-01 5.489024032224229521e-02 1.829421493009422695e-02 4.908859357100896215e-02 1.871924937827355584e-01 1.206671845849648927e-01 2.914273938893015628e-02
1.134233002966361925e-01 2.623679754140487846e-02 5.008565192387397225e-03 1.114146382578613424e-03 1.169274073961526451e-03 9.685395027612030139e-03 1.185410018543272964e-01 3.106616591885043022e-01 9.328619634359103241e-02 3.208736640989967581e-01
2.606515649132580270e-01 1.745131697583407471e-01 2.637582230169208675e-01 1.663615208789727129e-01 3.437479026355717837e-02 1.147140929962841421e-02 1.086734490032102707e-02 2.474968236106879840e-02 1.144601322174016583e-02 4.180628138619239126e-02
3.773070712397638138e-01 8.766051770812890997e-02 1.252478189571975403e-02 8.032673221841576949e-03 2.565675392555016171e-03 4.620455363836485987e-03 7.691200582392524430e-03 1.084347301737426661e-01 2.691882732984952065e-01 1.219746211235239741e-01
1.212637088812839048e-01 6.130568794347496936e-02 6.811985392111888360e-02 6.699802479554040069e-02 1.237577026598595843e-02 1.897042691569593084e-02 5.506183848109132140e-02 2.531877163392122210e-01 4.863786855426072142e-02 2.940791039023358810e-01
8.842783594831943317e-02 9.734674986205127389e-02 3.164962911894890207e-01 4.093964458652437494e-02 1.196221653305265947e-01 1.263898812966352814e-01 4.458975078314274948e-02 1.722595771291426936e-02 3.095730095672023091e-02 1.180044223336767922e-01
1.365062336203079763e-01 1.722307961941835219e-01 5.839996382993026258e-02 4.143674706007167974e-02 1.121296874695166257e-01 1.054748363542190870e-01 7.435636184980788654e-02 1.406896791828502191e-01 1.054180065826761381e-01 5.335768785643688061e-02
2.182040995649429591e-02 6.060672343271365781e-02 1.935383202583473572e-01 1.582635072642434304e-01 6.039293849794170194e-02 4.600592302811463280e-02 3.040569542322089647e-01 1.212682221890894474e-01 2.509037779344341218e-02 8.956623347403094501e-03
9.021259785074972615e-02 8.219824226063585093e-02 2.640108195964647672e-02 3.000874090744613809e-02 5.136674139374510645e-02 1.556196733746722238e-01 8.857585043849749984e-02 9.522468321437040084e-02 1.345662694139545534e-01 2.458261191862822215e-01
1.672932852883331767e-01 1.520633297623480706e-01 1.301982944548584278e-02 1.282453505766927709e-02 2.119173983144463647e-02 3.184041447154639659e-01 7.993992156431449503e-02 1.622210927891956644e-02 8.053483302081979045e-02 1.385062720352012722e-01
4.056225083247645691e-02 3.094060256899507783e-02 1.011301593231452162e-01 2.584377553201775424e-01 9.862084438526604047e-02 8.378518675424986503e-03 9.321888644775285643e-03 6.779905248830353504e-02 2.397204446247681309e-01 1.450884831366680006e-01
1.878403385748030584e-03 2.606125434539525651e-02 3.054169327013775970e-01 1.500101073938862051e-01 2.250804321728580235e-02 2.844842350442260137e-02 3.700797778456825782e-01 8.647912114660663563e-02 8.041363566456502521e-03 1.076572893138797544e-03
2.743729206729101922e-01 1.522790948296485758e-01 3.066427382354761089e-02 1.556729061556118288e-02 4.477832589072153202e-03 9.645316635316706494e-03 3.350463762454825023e-02 3.451249316812340373e-01 1.027715436500566681e-01 3.159215787810486231e-02
1.941390601824818929e-01 7.606708890945954038e-02 1.395294344672733944e-01 7.953213985106563633e-02 1.078538170878112594e-02 8.357617096918817934e-03 3.950470591274758692e-02 2.994742190478486554e-01 8.636000512701258458e-02 6.625034769641088839e-02
4.808117104749386889e-03 2.630934607827953298e-02 3.843897598154338291e-01 8.181284153743410836e-02 2.485456405491952639e-02 4.054801955402802943e-02 1.595433619121282287e-01 1.907870384076114645e-01 7.060137252538296881e-02 1.634557901003321975e-02
2.724086634145794772e-02 8.498624723648921797e-02 8.342433216003994345e-02 1.466090678717833218e-01 3.247248626283824602e-02 1.017333723237344861e-01 4.053737701871711063e-02 2.665027737164006941e-02 2.154521464501379935e-01 2.408938269631616114e-01
2.122253257745424122e-03 5.229731422023119192e-03 8.533521049914130630e-03 9.511233687863854258e-02 2.114101237366297903e-01 1.655312061289985759e-01 8.147566373585841959e-02 3.706899771649295738e-01 5.247315008972212869e-02 7.422036535540324671e-03
3.035288330083344421e-01 1.659388699211761797e-01 1.047933551777294608e-01 1.742620875529542201e-02 1.853379438532656506e-02 2.484202272071990222e-02 3.282612164484400435e-02 1.392309662080390420e-02 4.056601796583551162e-02 2.776216797999346841e-01
4.175050432914138160e-02 7.542052770608390945e-03 4.118209197893225523e-03 5.563798698283630578e-03 3.835035922961808896e-02 3.114521768734388463e-01 1.434912125019043305e-01 6.810748364191296367e-02 1.436392569531443897e-01 2.359849458040549353e-01
1.108578040049940094e-01 1.526160276509744285e-01 2.421212211447429374e-01 3.878233438871782346e-02 1.281944782164828184e-02 1.635553399147275655e-02 1.130770752426525812e-02 6.946489887575535427e-02 1.969353653589278053e-01 1.487396592385017147e-01
1.919614011225477535e-01 8.180812528286210417e-02 8.999032845147492132e-02 2.329263065701444452e-02 9.598736022387269196e-03 3.812072410439759119e-03 1.929256111602174750e-02 9.251016829052849388e-02 3.874512203089138795e-01 1.002827563378095727e-01
2.888186410104603280e-02 8.331109740534070607e-02 1.085957693683785030e-01 8.831415524199599798e-02 9.317604849722541105e-02 7.244814689486572812e-02 2.038905838813405147e-01 1.541697120355982609e-01 1.342451423656285114e-01 3.296748020858037559e-02
2.539759883452583772e-02 5.995589537273125248e-03 1.870831619590663381e-02 2.151433500390955572e-02 3.138559309000885089e-02 1.188490762801140410e-01 2.679499499792011852e-01 9.524374753618999878e-02 1.507990767391481357e-01 2.641567168037227131e-01
9.831176826361488763e-02 1.330133314300739333e-01 3.062364100782686838e-01 1.066955857846789979e-01 1.629467966951532801e-02 8.009549639978076965e-03 2.046084157827084832e-02 6.673708910376889569e-02 9.694134891723857339e-02 1.472993955345917594e-01
8.639261277521947946e-02 2.213762070450721042e-01 5.910900473388318310e-02 8.038671945172612410e-02 3.489361529132191386e-02 3.614538068026900142e-01 1.023917408560064968e-01 2.518021205158562509e-02 9.546490724591084540e-03 1.926959026790399029e-02
1.477848271753620102e-01 4.542585193097523066e-02 2.479851427638573441e-02 4.215384592318797280e-02 5.472884896316450309e-02 3.112877254768011692e-01 1.407032225522693025e-01 4.776423134863323761e-02 8.931368593785951604e-02 9.603924641536119855e-02
8.352022208159620709e-02 4.249864296039436440e-02 1.291522508164252847e-01 2.250656172824407331e-01 1.160109630313532897e-01 1.269380054924624558e-02 1.672267627102087470e-02 3.416127916250011332e-02 2.156771880023885535e-01 1.244973598426345196e-01
2.304149472061207959e-03 8.230509629060602655e-03 5.548921997018033819e-02 4.187531361101392013e-01 1.644460408802762147e-02 3.841030621443106141e-02 2.596051126817388033e-01 1.142905000984341668e-01 7.495603411633175450e-02 1.151642761959544708e-02
2.322081697369440256e-01 7.087328863243638755e-02 4.234971584709093517e-02 6.859446814323760799e-02 4.108644754232840951e-02 8.622449325499309536e-02 1.691048298935727279e-01 1.011460761640138040e-01 7.408415625578876340e-02 1.143283545295942227e-01
1.677717969952070010e-01 1.971515051080112713e-01 5.733338543296384593e-02 4.798440941166851742e-02 1.876794886854644615e-02 1.757337356402608949e-02 5.716342325461652024e-02 6.350649455719968584e-02 1.626399666626711371e-01 2.101076961450896174e-01
3.676525340914494483e-02 2.542845106089100526e-02 9.157618205139446410e-02 2.112994644366489039e-01 7.633269726240553277e-02 3.680348048016995888e-02 4.507213531901208686e-02 3.930382576245646659e-02 8.183146107436217731e-02 3.555870491435144665e-01
4.158673308481248242e-03 4.569326112379674953e-02 4.096182188389279610e-01 3.429007534874934510e-02 1.880431225175987694e-02 1.216329476326052927e-01 2.202298512393198460e-01 8.374094458140313169e-02 5.214899478529256421e-02 9.682720889663902139e-03
4.716105437187999294e-02 3.492427954256712153e-01 9.159580443669787519e-02 7.578878506423027475e-03 1.531279695846071058e-03 8.449273291126879748e-03 4.004532247507920639e-02 5.446052583355009274e-02 2.175935196918646342e-01 1.823415462718609159e-01
1.703123163254836175e-02 2.124233802616076056e-02 4.874987260804439920e-02 2.210119547563741405e-01 1.422892501664825282e-01 1.429754932868350648e-01 1.945688747613930625e-01 6.279117980825328627e-02 5.659253272691174008e-02 9.274727222699670481e-02
5.124847628803319566e-02 9.138252607505960301e-02 2.561223532545550130e-01 1.217740939060351912e-01 3.040950976227600744e-02 1.223390432576482861e-02 1.079900124421380794e-02 1.199966411207278871e-02 6.243401160402209382e-02 3.515964594279676891e-01
3.809571641418205146e-02 4.513093274509953970e-03 3.134271468717714920e-02 3.889402771635994682e-01 3.772545970843364793e-02 1.421126378699944515e-01 1.859750259113250870e-01 1.245445203399613565e-01 3.649056277680814281e-02 1.025999185400846767e-02
2.677099633947738547e-03 1.597150168079271510e-03 1.040391091340218954e-02 4.789219467955609100e-02 1.666777889508027632e-01 2.438335187557839623e-01 2.629682941200753993e-02 1.192252222297722902e-01 3.508585235748872266e-01 3.053776168176107128e-02
7.023883717347893796e-02 3.102492347357918220e-02 6.431810686515838926e-02 3.117437384802363987e-01 8.798524871050998619e-02 6.130251645354642398e-02 2.264792665583069131e-01 5.661840879910778890e-02 4.327949585956050726e-02 4.700945762651566329e-02
1.231475478851019184e-02 4.192054702436478347e-02 2.086880170668085344e-01 2.133059098871929460e-01 4.537988659415744669e-02 8.921173459363254676e-02 1.326878264468699387e-01 1.682241053426511979e-01 5.319732888527223258e-02 3.506988937054009159e-02
2.349660512934668988e-01 8.487208879471717926e-02 2.677118144832728308e-02 1.659930017041378464e-02 2.139185217119319304e-01 7.229168216037644423e-02 1.505444664983391079e-01 7.347930873421970599e-02 3.563587182972210998e-02 9.092152735848563205e-02
3.911362576848748281e-03 2.340443190819914768e-02 8.523745199321866584e-02 1.273917266039076013e-01 4.419155855197445804e-01 2.392571678197880358e-01 5.964178982191706974e-02 1.222949402671712898e-02 4.313148754931379718e-03 2.697840974727426337e-03
4.025790719990050143e-02 1.854797332925590958e-02 3.818215022004772252e-01 5.907542112397925343e-02 3.689317871913498637e-02 5.873480127760168264e-03 7.286293788405468624e-03 6.617283256236003441e-02 2.101763889607275171e-01 1.738950219879991654e-01
1.593705075944467642e-01 3.617702055991454668e-01 3.276863814672975606e-02 2.247125960816362400e-02 9.930511265789837561e-03 3.949004892318624949e-02 2.732017708273498657e-02 5.638634925900822686e-02 1.032094818685187210e-01 1.872828206522765271e-01
9.605993568776121858e-03 6.686575762556387116e-03 4.410749876602894706e-03 8.761679534198641567e-03 4.057237514049659433e-02 1.415696165120067795e-01 3.208847310104777639e-01 1.133812597055667837e-01 2.610197129888979228e-01 9.310730590042037846e-02
5.218790981321760891e-02 4.189974750493232619e-02 1.147559016179605790e-01 1.478431008320498785e-01 5.987012350339643296e-02 3.652622816425400015e-02 4.288485422256750612e-02 2.533955812273054886e-01 9.747555279250998128e-02 1.531610003218064620e-01
2.030810063258846332e-02 1.629873858033570599e-01 2.815685856199436898e-01 4.241625640887412840e-02 1.918419953178342185e-02 6.803856610636979663e-02 2.934949656273873608e-01 8.723572017620886965e-02 1.498342468239697092e-02 9.782795411090124127e-03
2.782111080220185662e-02 5.208002484584254438e-03 1.033275977485514354e-03 9.489284504606307433e-04 8.647780653475560866e-03 1.022003639823268195e-01 3.588358330809954255e-01 6.521698742228544676e-02 3.057932049007999753e-01 1.242945122453845974e-01
1.163274108848881827e-01 4.633610788181260348e-02 1.960378883790849514e-01 1.081715301900503801e-01 1.813080386910691233e-02 2.531751704946239023e-02 2.219130551893875036e-01 2.317491731364038077e-01 2.334544139051600645e-02 1.267107202928749801e-02
3.389232264619387869e-02 3.771280976497441706e-02 1.186079618527863394e-01 3.830351202525308918e-02 2.019977578674473084e-01 4.730517349915512593e-02 1.172564773089435908e-01 1.700356979314407990e-01 1.145134300031117325e-01 1.203748571006938717e-01
8.960375179550109093e-02 3.242692856144876318e-02 3.619727812853318349e-02 7.021317384503701631e-02 1.115592892628014809e-01 5.341736888878172163e-02 3.548417154954496000e-02 3.910929842956575309e-01 7.978134868082245590e-02 1.002237049918718315e-01
2.944688193935564996e-02 4.137455078939685782e-01 5.565975626184768016e-02 7.276266934321035107e-02 3.095981748131331202e-01 7.271024262724122555e-02 2.493665696953187641e-02 6.061752241356486125e-03 3.028033003551321416e-03 1.205032490680358823e-02
1.520023220247445073e-01 5.170046051342134380e-02 8.507965683402656659e-03 3.732030465665799740e-02 2.085451907536495231e-01 4.828071517197354834e-02 1.022132165863911119e-01 1.605669295277721287e-01 1.283196041730198800e-01 1.025432909089672856e-01
6.342140111385136114e-02 3.596129915811022704e-01 6.110050631164747059e-02 9.907173755427014367e-03 1.688172533772474074e-02 1.964481520967103351e-02 9.497685071649415722e-02 2.571358211446647668e-01 4.821487615078845490e-02 6.910383867862891771e-02
1.133139891567631619e-01 2.414345225157488173e-02 7.097526558173207142e-03 3.924658599162064720e-03 7.286994587726701271e-03 7.063107541647836718e-02 2.834247339402137245e-01 1.302367653453038732e-01 1.330349013753336362e-01 2.269059027692703068e-01
2.464473293848045143e-01 1.639398262526326477e-01 4.346532081830897787e-02 3.009320147534263468e-01 1.895155381979894971e-01 1.863946232210646203e-02 1.330178963716199293e-03 7.743935417739585512e-04 3.997241961748503221e-03 3.095869380349310779e-02
5.064226145010094007e-03 1.644744083092658515e-02 5.659439209218954103e-02 2.132468386214048106e-01 1.577283897355450104e-01 5.653055628292117524e-02 6.446617729912419714e-02 1.349678504941274337e-01 2.701781001876657484e-01 2.477602831108558987e-02
2.985292701017775580e-02 4.713748811438254506e-03 7.304002341703279798e-03 4.046362365266406060e-03 3.604908129761436042e-02 4.297586376721551638e-01 1.764605618967831635e-01 2.469042659498333903e-01 3.911552180616004182e-02 2.579489084886828903e-02
1.130640373964247533e-02 1.167791978234116422e-02 3.967376074441119477e-02 6.324723339485813223e-02 2.430453080583480363e-01 1.284514591783750548e-01 2.012364122681570278e-02 9.720748576823870502e-02 3.442461717786252651e-01 4.102061632834421573e-02
1.720441623099165304e-02 1.067489111116089601e-01 5.394840130356975266e-02 6.760519916952054120e-02 2.922770342991834469e-01 7.776623424617412628e-02 3.226900990208370068e-01 4.975095313470452585e-02 8.587167387894658818e-03 3.421584095515745137e-03
8.667862596031201960e-02 4.045324304488685796e-02 9.251988202202580946e-02 1.234241140424563177e-01 1.219232281098402704e-01 7.987734486484504570e-02 3.722926841622944960e-02 7.242553355131209347e-02 1.628693108457320293e-01 1.825994491423603705e-01
3.816698888704244119e-01 8.136931478054609812e-02 3.690722948931407510e-02 4.111461529276274618e-01 4.115427054549953417e-02 1.243135014468079586e-02 4.875577182953883676e-03 1.128449869396386382e-03 1.119362925400701212e-03 2.819840326415667606e-02
6.918462353220607153e-02 4.576466094366250792e-02 4.236996264341863494e-01 3.597693877743557422e-02 2.316650055983920584e-03 4.899019085007860243e-03 1.218714804528531117e-03 3.205882694599757228e-03 2.912974463861613475e-02 3.846041390337736066e-01
2.425812315763505034e-02 5.713573255410147461e-03 2.265703994610643833e-03 2.838237276696096122e-03 3.565852310773179757e-03 7.543495438315173107e-03 7.881420526227513046e-02 3.514728178335803088e-01 1.437963477184516226e-01 3.797316437522525456e-01
9.448093981857684856e-03 3.313989962521320110e-02 2.777056071992173303e-01 1.508105011432911424e-01 2.580911033629457868e-02 5.623233985059257305e-03 1.977331249702281996e-02 1.969706979462101659e-01 2.448934347572096770e-01 3.582610852862435497e-02
4.870732724714077477e-02 3.263226479155202364e-01 1.884233159210337294e-01 2.450461353792532382e-01 1.060710887076360132e-01 5.873477873719563924e-02 1.246302418988876580e-02 3.059186978288766599e-03 1.804911115957075728e-03 9.367583808085552105e-03
2.983260116970494133e-02 1.250002882843460894e-02 2.922865554034934435e-02 4.400381785501951415e-02 7.672555894606788995e-02 3.138945859821750117e-01 3.499272038473624780e-02 3.891779909397132670e-02 3.449598085446835549e-01 7.494442365485762259e-02
4.018004901818306163e-02 5.325717100535934390e-02 1.124121508367202649e-01 2.995889859522945509e-01 3.096603595099430700e-02 6.465832379208093228e-03 3.667866732206590680e-02 1.523041221701905978e-01 2.022158201166281699e-01 6.593116524835558601e-02
1.019472925436319677e-02 6.292168170769975311e-02 6.362775269081091811e-02 2.050144780109215970e-01 9.841104103916797907e-02 1.416444651030771551e-01 3.332348875700893998e-01 7.710213717514077802e-02 5.228323271481401593e-03 2.620504177247860982e-03
5.250459535320770033e-02 2.952386584257046115e-02 5.468133045306691059e-02 2.229289692533518996e-01 6.792233621156391898e-02 1.664744369944738678e-01 2.303396977595934328e-02 8.857524658499371650e-03 5.864338193157662277e-02 3.154295895257301363e-01
4.977364700768538430e-02 4.091175674598762635e-02 8.234206774127486930e-03 1.735391141441983490e-02 6.618196035240118957e-02 1.271424072900212143e-01 1.575853176993126659e-01 9.609878489141709945e-02 1.265241915157058750e-01 3.101938163089219547e-01
3.836740423501993624e-01 1.962215923963020817e-02 1.397390591436252060e-03 2.057682800902096293e-03 2.659509452383606448e-02 3.887874360942701890e-01 7.677565980250045108e-02 7.328608487196287130e-03 1.986220643497416463e-02 7.389971967505480632e-02
3.757408181858466062e-03 1.097042088672835550e-02 4.109660822430665633e-02 7.184257762494059008e-02 1.693716168587061088e-01 1.640901183670266383e-01 1.585044983751454084e-01 2.436968040502359711e-01 1.204697860109507912e-01 1.620016142010129168e-02
1.651176904998012673e-02 3.281813036869773471e-03 1.977239281952735024e-03 2.889707967460728583e-02 3.936861787011068925e-01 8.975823191119985944e-02 2.890709754654962119e-02 5.706349941911668944e-02 3.540593289627023132e-01 2.585776241591485752e-02
1.518985620584513141e-01 2.712363705996776939e-02 2.469956169585388675e-02 3.663612341693237712e-02 1.070738565171095030e-01 2.006669193509881821e-01 1.473737309601383660e-01 5.611057941639840257e-02 1.434654185818472483e-01 1.049516109423128951e-01
2.203010459835606505e-01 4.026163656825279547e-02 2.860557876290444057e-02 4.892781039744623084e-03 4.280075292214270688e-02 3.819033405050240582e-01 7.226293584181477103e-02 2.954322099521960315e-02 4.505745997080486120e-02 1.343712474105318300e-01
2.655511016792217252e-02 1.937783760488822130e-02 2.251824255171340841e-02 8.815290123779088993e-02 1.530487012053585449e-01 1.469622045491952300e-01 1.447726793951601976e-01 1.259393548766151727e-01 1.072377736108818536e-01 1.654351948004746387e-01
2.882140448643196601e-02 3.679828978388951025e-03 5.916348963247281510e-03 7.457309355936603268e-02 3.712922434898350832e-01 4.717896016594977371e-02 1.873997997735783738e-02 5.081873054428599074e-02 2.379225710861020138e-01 1.610568387490350362e-01
4.458101985251858301e-02 2.028356195404455442e-01 1.976153609661543964e-01 1.132585262045790186e-01 5.975692664469989257e-02 3.298495157613837159e-02 2.991948210210224057e-02 1.060698312798129817e-01 1.470248176975013088e-01 6.595346413604769031e-02
1.417346619445056244e-01 2.371619594959590571e-01 1.130807402806872086e-01 3.129940050820618769e-01 9.655018088164185608e-02 3.357810632850868199e-02 2.599296972437094289e-02 1.268027169811412891e-02 1.115505777150208218e-02 1.507204679264879423e-02
4.492436571467715856e-02 2.341113321724905549e-01 9.747255841959859279e-02 5.007919428322110678e-02 1.790421389332648092e-02 7.965604662998433672e-02 2.220847916658585108e-01 6.199989332640616635e-02 1.229829684170363202e-01 6.878463547740083783e-02
6.525313298652711536e-02 2.884948820386622897e-02 4.765089234092770298e-02 6.716878376262939987e-02 2.665301625173016956e-02 5.249725176530575799e-02 8.490887803043419002e-02 2.208755565146927058e-01 2.879149923233453312e-01 1.182280078205416585e-01
1.006848860300389812e-03 8.001641738204164772e-03 1.096087310017548611e-01 3.257664337350598682e-01 6.081320207564164942e-02 8.782810277068928140e-02 2.828384077042453981e-01 9.611758133025719020e-02 2.493521591284228109e-02 3.083834871004974016e-03
5.472995808668632001e-02 7.912074956792530464e-03 1.680112307855584700e-02 3.896671074323074246e-02 2.657035469257401639e-01 1.589272292686879084e-01 2.096766453277871395e-02 1.314280476554586553e-02 1.171824710389190727e-01 3.056664166030631513e-01
3.300130165920629050e-02 1.925241871022296825e-01 1.979694480612012586e-01 7.240738897822696085e-02 8.997462053407272869e-03 1.440476261559200943e-02 2.435732253129722219e-02 1.075736882282550821e-01 2.913648838563105414e-01 5.739955491427385648e-02
8.362687391680054261e-02 1.297965970009297698e-01 1.349575573385432548e-01 2.048661646763705671e-02 2.480876560265258060e-02 3.203916268921304378e-02 7.967671003068953206e-02 1.403056706249992958e-01 2.725190440262689195e-01 8.178300230226603906e-02
7.015108334017597369e-03 7.978523010587171282e-03 3.648055582200814689e-02 4.179260522144168100e-01 3.291365784718564697e-02 2.634145039116382592e-02 7.943092067273249679e-02 1.477341348999799409e-01 1.899092185189115711e-01 5.427037828899671651e-02
2.152399608665490210e-02 3.734139737625910560e-02 3.510129652922561183e-02 8.563021990620281465e-02 2.539658995974225508e-01 8.347768899997992653e-02 2.215312662828144291e-02 5.287693528959237776e-02 3.466984820990329785e-01 6.123095748734826843e-02
1.130832909860389618e-01 1.682683212196831590e-01 1.396611360372201349e-01 4.705262721057142106e-02 2.106924818258344989e-01 1.985193077554294472e-01 2.469273393556930402e-02 4.359207755024832598e-02 2.579544760225634462e-02 2.864257587714870434e-02
1.528051144740049105e-01 6.693588586140444829e-02 7.442779083019285258e-02 3.389536520580238577e-02 4.239873340744822888e-02 6.409702969361411040e-02 1.504727868892561937e-01 1.888638887615874673e-01 1.041639751933651492e-01 1.219394296833245656e-01
2.499158088354399773e-02 5.511646256271481720e-02 1.881627239724344425e-01 2.211251807836145944e-01 1.330532613410461140e-01 1.057412744679001870e-01 1.574518939692619579e-01 7.840342973690749007e-02 2.416993582350854958e-02 1.178425645906773511e-02
9.680676718582959667e-03 2.872024068071733945e-03 2.922097138906407793e-02 3.360476293481424737e-01 1.138646059687508094e-01 1.858589295214189627e-02 8.285390509650738394e-03 9.029863833052856337e-02 3.096140351033929150e-01 8.153013561167418710e-02
