8.560163266279724459e-02 1.582717157935929486e-01 5.801324574976604587e-02 2.010064967081082871e-02 1.166612312810490909e-02 1.661406672594317735e-02 5.177811220672508957e-02 7.664341376691827246e-02 7.093488975791900630e-02 8.180325496817510145e-02
1.582717157935929486e-01 3.786663325760105669e-01 1.318762190318333027e-01 4.124205190093845758e-02 1.796625303487723799e-02 1.837044899780571061e-02 5.262944564699684191e-02 7.551599529746257089e-02 7.164953107967485246e-02 9.860990001701293306e-02
5.801324574976604587e-02 1.318762190318333027e-01 4.671262657372943911e-02 1.498706140929833772e-02 7.085851425461114905e-03 8.142868097859617266e-03 2.412932322498495194e-02 3.504613854455318478e-02 3.272842684609036934e-02 4.155800364911980960e-02
2.010064967081082871e-02 4.124205190093845758e-02 1.498706140929833772e-02 5.069157449800834950e-03 2.772174700422765006e-03 3.743262162492335364e-03 1.153494334587519543e-02 1.698115013445154059e-02 1.558714190880932521e-02 1.794697540016230650e-02
1.166612312810490909e-02 1.796625303487723799e-02 7.085851425461114905e-03 2.772174700422765006e-03 2.042590695893529811e-03 3.434586476150184274e-03 1.104113741257870852e-02 1.647913962257773965e-02 1.485194194698773347e-02 1.524353978889094949e-02
1.661406672594317735e-02 1.837044899780571061e-02 8.142868097859617266e-03 3.743262162492335364e-03 3.434586476150184274e-03 6.425303272827074565e-03 2.100864086550199156e-02 3.152229782501221600e-02 2.820653718070878502e-02 2.756641361479795355e-02
5.177811220672508957e-02 5.262944564699684191e-02 2.412932322498495194e-02 1.153494334587519543e-02 1.104113741257870852e-02 2.100864086550199156e-02 6.886837995566084947e-02 1.034155700071146960e-01 9.243917154308237127e-02 8.967111662566415453e-02
7.664341376691827246e-02 7.551599529746257089e-02 3.504613854455318478e-02 1.698115013445154059e-02 1.647913962257773965e-02 3.152229782501221600e-02 1.034155700071146960e-01 1.554133726222774459e-01 1.389670240346693453e-01 1.346025168500392666e-01
7.093488975791900630e-02 7.164953107967485246e-02 3.272842684609036934e-02 1.558714190880932521e-02 1.485194194698773347e-02 2.820653718070878502e-02 9.243917154308237127e-02 1.389670240346693453e-01 1.251213815531148354e-01 1.225041326169541700e-01
8.180325496817510145e-02 9.860990001701293306e-02 4.155800364911980960e-02 1.794697540016230650e-02 1.524353978889094949e-02 2.756641361479795355e-02 8.967111662566415453e-02 1.346025168500392666e-01 1.225041326169541700e-01 1.260792226378883163e-01
3.887061488825752260e-03 9.817817421540031564e-03 3.236837697494830690e-02 1.738949806218685959e-02 1.231451987529758735e-02 2.261816518713407470e-02 9.034175231996528083e-03 1.174705923504574742e-02 1.454296323651230009e-02 8.318662244801895006e-03
9.817817421540031564e-03 2.987170224703688398e-02 1.016131451275507497e-01 5.038701933463585886e-02 2.528347152895425720e-02 3.354502057494077039e-02 1.413198772922579470e-02 2.010679120082756177e-02 2.631942132031841672e-02 1.629616628746075047e-02
3.236837697494830690e-02 1.016131451275507497e-01 3.475451487353359847e-01 1.701962307060781443e-01 7.980950167148349872e-02 9.614574201064708669e-02 4.126518381532633811e-02 6.041528447168426769e-02 8.036905751745182513e-02 5.082509753770435984e-02
1.738949806218685959e-02 5.038701933463585886e-02 1.701962307060781443e-01 8.838794515972597798e-02 5.052785110194356333e-02 7.693128411522033583e-02 3.091805829877890960e-02 4.097582591196691215e-02 5.192556045313990315e-02 3.121812546047175729e-02
1.231451987529758735e-02 2.528347152895425720e-02 7.980950167148349872e-02 5.052785110194356333e-02 5.278153777462908647e-02 1.152394729511430765e-01 4.307208066220750975e-02 4.996736812263859878e-02 5.846017573872201722e-02 3.182173100227270179e-02
2.261816518713407470e-02 3.354502057494077039e-02 9.614574201064708669e-02 7.693128411522033583e-02 1.152394729511430765e-01 2.856494321483947219e-01 1.049995818354597377e-01 1.176368933969625385e-01 1.342718527198835943e-01 7.050351982659430750e-02
9.034175231996528083e-03 1.413198772922579470e-02 4.126518381532633811e-02 3.091805829877890960e-02 4.307208066220750975e-02 1.049995818354597377e-01 3.922370036561968754e-02 4.509321374110680791e-02 5.203742377005389497e-02 2.747531801914697772e-02
1.174705923504574742e-02 2.010679120082756177e-02 6.041528447168426769e-02 4.097582591196691215e-02 4.996736812263859878e-02 1.176368933969625385e-01 4.509321374110680791e-02 5.433340116565334166e-02 6.392796809210245235e-02 3.410798823982914840e-02
1.454296323651230009e-02 2.631942132031841672e-02 8.036905751745182513e-02 5.192556045313990315e-02 5.846017573872201722e-02 1.342718527198835943e-01 5.203742377005389497e-02 6.392796809210245235e-02 7.609456198024910911e-02 4.089080021400402776e-02
8.318662244801895006e-03 1.629616628746075047e-02 5.082509753770435984e-02 3.121812546047175729e-02 3.182173100227270179e-02 7.050351982659430750e-02 2.747531801914697772e-02 3.410798823982914840e-02 4.089080021400402776e-02 2.222550893452977100e-02
1.188445793249246624e-01 5.291809057250315695e-02 5.145215049233610449e-02 8.479065562812568291e-02 1.011677190660391079e-01 7.803468030274446354e-02 1.078401378236989172e-01 8.608684361297566645e-02 1.149049462199336624e-01 9.112368708844154064e-02
5.291809057250315695e-02 2.406850586905284056e-02 2.443897012559446275e-02 4.150644675693460073e-02 5.028863425981606322e-02 3.809683685467690761e-02 5.076359221787526271e-02 3.891618324583399902e-02 5.069343770538320415e-02 4.029797813149049029e-02
5.145215049233610449e-02 2.443897012559446275e-02 2.719905154388440466e-02 4.893551355857093249e-02 6.102817940534442653e-02 4.504654425822387370e-02 5.639952761843196327e-02 3.964695933378822867e-02 4.861327894794803539e-02 3.868592264033451911e-02
8.479065562812568291e-02 4.150644675693460073e-02 4.893551355857093249e-02 9.149866955991066420e-02 1.163348452348193646e-01 8.503742163775779295e-02 1.031312053437081211e-01 6.830972918303206132e-02 7.973500753213932923e-02 6.327846408154336189e-02
1.011677190660391079e-01 5.028863425981606322e-02 6.102817940534442653e-02 1.163348452348193646e-01 1.525803967737852374e-01 1.136813414894118912e-01 1.386963369845654881e-01 8.771145158248752627e-02 9.722683300525106209e-02 7.583576147495511843e-02
7.803468030274446354e-02 3.809683685467690761e-02 4.504654425822387370e-02 8.503742163775779295e-02 1.136813414894118912e-01 9.618495581012040385e-02 1.306646803990809125e-01 8.009549516875980046e-02 8.291333951348775488e-02 6.085447896890382180e-02
1.078401378236989172e-01 5.076359221787526271e-02 5.639952761843196327e-02 1.031312053437081211e-01 1.386963369845654881e-01 1.306646803990809125e-01 2.047788389351538618e-01 1.258710864573255594e-01 1.262939377849593980e-01 8.786900262261153338e-02
8.608684361297566645e-02 3.891618324583399902e-02 3.964695933378822867e-02 6.830972918303206132e-02 8.771145158248752627e-02 8.009549516875980046e-02 1.258710864573255594e-01 8.822128938042946011e-02 9.847521630852085206e-02 7.010801526002710671e-02
1.149049462199336624e-01 5.069343770538320415e-02 4.861327894794803539e-02 7.973500753213932923e-02 9.722683300525106209e-02 8.291333951348775488e-02 1.262939377849593980e-01 9.847521630852085206e-02 1.251583264141738205e-01 9.238662581725337608e-02
9.112368708844154064e-02 4.029797813149049029e-02 3.868592264033451911e-02 6.327846408154336189e-02 7.583576147495511843e-02 6.085447896890382180e-02 8.786900262261153338e-02 7.010801526002710671e-02 9.238662581725337608e-02 7.146538638856499148e-02
6.959303688402904142e-02 7.276166517203387640e-02 5.856931806279482011e-02 3.893535712106807600e-02 2.227273298159116247e-02 2.202127920595687086e-02 3.579256239943867657e-02 6.214739283995363017e-02 1.132799016635956391e-01 1.451872831561365484e-01
7.276166517203387640e-02 8.598520558316960494e-02 7.066591526917287425e-02 4.714109872674152046e-02 2.696353595996105884e-02 2.658983698449322169e-02 4.300077398850270238e-02 7.370791097678357218e-02 1.280879592697263814e-01 1.305522489312422318e-01
5.856931806279482011e-02 7.066591526917287425e-02 5.853715065200246204e-02 3.912135417345155575e-02 2.239647384463475804e-02 2.211704970086696490e-02 3.583828521512435333e-02 6.156724656950730845e-02 1.066671763820478125e-01 1.021534304128619841e-01
3.893535712106807600e-02 4.714109872674152046e-02 3.912135417345155575e-02 2.617247530619573256e-02 1.499369360573563938e-02 1.482596175179769216e-02 2.407078674690794895e-02 4.146922466792733741e-02 7.201853646926970054e-02 6.764646142212962787e-02
2.227273298159116247e-02 2.696353595996105884e-02 2.239647384463475804e-02 1.499369360573563938e-02 8.596290670699821557e-03 8.513544299611623331e-03 1.385541413868711380e-02 2.395789934172320307e-02 4.178906532057848067e-02 3.877199076993954191e-02
2.202127920595687086e-02 2.658983698449322169e-02 2.211704970086696490e-02 1.482596175179769216e-02 8.513544299611623331e-03 8.461571975920895508e-03 1.384582037145666404e-02 2.414320825875978030e-02 4.256128646188330616e-02 3.864463132142240132e-02
3.579256239943867657e-02 4.300077398850270238e-02 3.583828521512435333e-02 2.407078674690794895e-02 1.385541413868711380e-02 1.384582037145666404e-02 2.285995646832733943e-02 4.041316246406282536e-02 7.248767003203129833e-02 6.370923221502933220e-02
6.214739283995363017e-02 7.370791097678357218e-02 6.156724656950730845e-02 4.146922466792733741e-02 2.395789934172320307e-02 2.414320825875978030e-02 4.041316246406282536e-02 7.334221939309297500e-02 1.359592275806561501e-01 1.140359633019776553e-01
1.132799016635956391e-01 1.280879592697263814e-01 1.066671763820478125e-01 7.201853646926970054e-02 4.178906532057848067e-02 4.256128646188330616e-02 7.248767003203129833e-02 1.359592275806561501e-01 2.739109089831501809e-01 2.263331644148022237e-01
1.451872831561365484e-01 1.305522489312422318e-01 1.021534304128619841e-01 6.764646142212962787e-02 3.877199076993954191e-02 3.864463132142240132e-02 6.370923221502933220e-02 1.140359633019776553e-01 2.263331644148022237e-01 3.725411840834118027e-01
1.793723042670438694e-01 4.452272452070270281e-02 6.975999199742366486e-02 1.060885355427335364e-01 6.373373226733797248e-02 5.148145982353787009e-02 4.239588542904697277e-02 6.399784851100603911e-02 1.479934307881127786e-01 1.797987009873134312e-01
4.452272452070270281e-02 1.314161988935290577e-02 2.715981449488035632e-02 4.338380377116481806e-02 2.583616564964157786e-02 2.007357464372978156e-02 1.472116419038865809e-02 1.865783389295139205e-02 3.853579090654789263e-02 4.334489289444889287e-02
6.975999199742366486e-02 2.715981449488035632e-02 7.406799227523359896e-02 1.226200866192328209e-01 7.257765462883317142e-02 5.481418718841098853e-02 3.647341946783257821e-02 3.799066645504693002e-02 6.579706964274734116e-02 6.356370470217463653e-02
1.060885355427335364e-01 4.338380377116481806e-02 1.226200866192328209e-01 2.041995211660997678e-01 1.208229210590858610e-01 9.100746286067652735e-02 5.991401707888631412e-02 6.081362504768442201e-02 1.022995602376150226e-01 9.555179360004820155e-02
6.373373226733797248e-02 2.583616564964157786e-02 7.257765462883317142e-02 1.208229210590858610e-01 7.156776215900149951e-02 5.400411235117226483e-02 3.570719343788335276e-02 3.657651073482130755e-02 6.208774727838731189e-02 5.801655418036144596e-02
5.148145982353787009e-02 2.007357464372978156e-02 5.481418718841098853e-02 9.100746286067652735e-02 5.400411235117226483e-02 4.099073114140681928e-02 2.752641083339891701e-02 2.914607914727036092e-02 5.112218138080468210e-02 4.832759525553736307e-02
4.239588542904697277e-02 1.472116419038865809e-02 3.647341946783257821e-02 5.991401707888631412e-02 3.570719343788335276e-02 2.752641083339891701e-02 1.947643667108569024e-02 2.283469102911830917e-02 4.380522648301498484e-02 4.286891887821861480e-02
6.399784851100603911e-02 1.865783389295139205e-02 3.799066645504693002e-02 6.081362504768442201e-02 3.657651073482130755e-02 2.914607914727036092e-02 2.283469102911830917e-02 3.195146428974537933e-02 6.927394484182911039e-02 7.069297400365939787e-02
1.479934307881127786e-01 3.853579090654789263e-02 6.579706964274734116e-02 1.022995602376150226e-01 6.208774727838731189e-02 5.112218138080468210e-02 4.380522648301498484e-02 6.927394484182911039e-02 1.628204835180896426e-01 1.707617260394805325e-01
1.797987009873134312e-01 4.334489289444889287e-02 6.356370470217463653e-02 9.555179360004820155e-02 5.801655418036144596e-02 4.832759525553736307e-02 4.286891887821861480e-02 7.069297400365939787e-02 1.707617260394805325e-01 2.024116846229406796e-01
5.361144699353675297e-02 9.034109121094405226e-02 6.468530918448070488e-02 6.688241322940187417e-02 3.879331947054229235e-02 2.991958534052296947e-02 4.671590833701701195e-02 3.940877788236205048e-02 8.325300793273862632e-02 8.831358221952638476e-02
9.034109121094405226e-02 1.975864947138090688e-01 1.433911846179265204e-01 1.448424393254327536e-01 7.894061659859373525e-02 5.299961137283026175e-02 7.211296188527049900e-02 5.219134550695262581e-02 9.797077697647861572e-02 1.071990461501755448e-01
6.468530918448070488e-02 1.433911846179265204e-01 1.083579490836104331e-01 1.116989181258399577e-01 6.087951762393301047e-02 4.054355318365467087e-02 5.450511788319366280e-02 3.842600181847830032e-02 7.023886749517699313e-02 7.563903484354606022e-02
6.688241322940187417e-02 1.448424393254327536e-01 1.116989181258399577e-01 1.183549518270568118e-01 6.511800736102267562e-02 4.398020957739089826e-02 5.991085338933803406e-02 4.252787060253065965e-02 7.801838778004580033e-02 8.225830668325591344e-02
3.879331947054229235e-02 7.894061659859373525e-02 6.087951762393301047e-02 6.511800736102267562e-02 3.659756591278193888e-02 2.570524049201312194e-02 3.642487429366839113e-02 2.692689922771684605e-02 5.111210701020347386e-02 5.296624552403438047e-02
2.991958534052296947e-02 5.299961137283026175e-02 4.054355318365467087e-02 4.398020957739089826e-02 2.570524049201312194e-02 1.968585791696527212e-02 3.016091809121742781e-02 2.401450531628956594e-02 4.826320500959371818e-02 4.894183064096933183e-02
4.671590833701701195e-02 7.211296188527049900e-02 5.450511788319366280e-02 5.991085338933803406e-02 3.642487429366839113e-02 3.016091809121742781e-02 4.943737567172729747e-02 4.166595537509344693e-02 8.710502349873133765e-02 8.729616808469686795e-02
3.940877788236205048e-02 5.219134550695262581e-02 3.842600181847830032e-02 4.252787060253065965e-02 2.692689922771684605e-02 2.401450531628956594e-02 4.166595537509344693e-02 3.763552345596736515e-02 8.226176318204281301e-02 8.233492485360896507e-02
8.325300793273862632e-02 9.797077697647861572e-02 7.023886749517699313e-02 7.801838778004580033e-02 5.111210701020347386e-02 4.826320500959371818e-02 8.710502349873133765e-02 8.226176318204281301e-02 1.857083207537668645e-01 1.862281864895813932e-01
8.831358221952638476e-02 1.071990461501755448e-01 7.563903484354606022e-02 8.225830668325591344e-02 5.296624552403438047e-02 4.894183064096933183e-02 8.729616808469686795e-02 8.233492485360896507e-02 1.862281864895813932e-01 1.930245136707780529e-01
4.750972429993381707e-02 6.461339890477277303e-02 9.345571994393839232e-02 9.130227485004444032e-02 8.292179506196233063e-02 4.587804619608788770e-02 2.392256798278958110e-02 1.494913332651842154e-02 7.550107190416857975e-03 2.087638659498377083e-02
6.461339890477277303e-02 8.849453024590935024e-02 1.295961969886298970e-01 1.266713558535368933e-01 1.116001971792062730e-01 6.189417321131546884e-02 3.236849735429646324e-02 2.026116792502493172e-02 1.024532736144894048e-02 2.835559233478021982e-02
9.345571994393839232e-02 1.295961969886298970e-01 2.016248330025182112e-01 2.134470906514435717e-01 1.642649838620318103e-01 8.960622614768283534e-02 4.674285623489398550e-02 2.924139450789431730e-02 1.478788777160060068e-02 4.094780718515227819e-02
9.130227485004444032e-02 1.266713558535368933e-01 2.134470906514435717e-01 4.146777160710014565e-01 2.117810368548964650e-01 9.917261129125318209e-02 4.861228100221906545e-02 2.953362802743378368e-02 1.469062670732697133e-02 4.027039670409945232e-02
8.292179506196233063e-02 1.116001971792062730e-01 1.642649838620318103e-01 2.117810368548964650e-01 1.737639851752966758e-01 8.758194608852193364e-02 4.380236872810110149e-02 2.682598822964263677e-02 1.338397980016858314e-02 3.670158556142200795e-02
4.587804619608788770e-02 6.189417321131546884e-02 8.960622614768283534e-02 9.917261129125318209e-02 8.758194608852193364e-02 4.657882803546964379e-02 2.374775875472433934e-02 1.467432419609320318e-02 7.359627372946365292e-03 2.025078572374833935e-02
2.392256798278958110e-02 3.236849735429646324e-02 4.674285623489398550e-02 4.861228100221906545e-02 4.380236872810110149e-02 2.374775875472433934e-02 1.223787463832657144e-02 7.599608851776952674e-03 3.822829928840082350e-03 1.054044489663803763e-02
1.494913332651842154e-02 2.026116792502493172e-02 2.924139450789431730e-02 2.953362802743378368e-02 2.682598822964263677e-02 1.467432419609320318e-02 7.599608851776952674e-03 4.731593936671505199e-03 2.383902063078916899e-03 6.580187719190936334e-03
7.550107190416857975e-03 1.024532736144894048e-02 1.478788777160060068e-02 1.469062670732697133e-02 1.338397980016858314e-02 7.359627372946365292e-03 3.822829928840082350e-03 2.383902063078916899e-03 1.202319719555618952e-03 3.321126689866509170e-03
2.087638659498377083e-02 2.835559233478021982e-02 4.094780718515227819e-02 4.027039670409945232e-02 3.670158556142200795e-02 2.025078572374833935e-02 1.054044489663803763e-02 6.580187719190936334e-03 3.321126689866509170e-03 9.178594875317610050e-03
2.635414989414137654e-01 1.713210147401404981e-01 9.175251263338016217e-02 5.090385827728398371e-02 4.083948550753000589e-02 5.286326958168797996e-02 7.745249487983035808e-02 4.131989945532305031e-02 6.083080079923443295e-02 1.533657434450052537e-01
1.713210147401404981e-01 1.167006831587669574e-01 6.548388575015215429e-02 3.903998457203702865e-02 3.429249062764059414e-02 4.674315336041481861e-02 6.909170540727788135e-02 3.394566368225159642e-02 4.267158031413220004e-02 1.010114893955049997e-01
9.175251263338016217e-02 6.548388575015215429e-02 4.155453103839972656e-02 2.924574914719956648e-02 3.035334662503951300e-02 4.482804291628961213e-02 6.728288162418720464e-02 2.970621617018857907e-02 2.816993306821137522e-02 5.695184783041857407e-02
5.090385827728398371e-02 3.903998457203702865e-02 2.924574914719956648e-02 2.540514744833193700e-02 3.065716089509307532e-02 4.799214160281396052e-02 7.283761291364802826e-02 3.001035029564608908e-02 2.189438282965008864e-02 3.503185483969986636e-02
4.083948550753000589e-02 3.429249062764059414e-02 3.035334662503951300e-02 3.065716089509307532e-02 4.054451376829684012e-02 6.542295360017980066e-02 9.988369220272158566e-02 3.987637582362113520e-02 2.489242142462457646e-02 3.214349747001077340e-02
5.286326958168797996e-02 4.674315336041481861e-02 4.482804291628961213e-02 4.799214160281396052e-02 6.542295360017980066e-02 1.067994002706901258e-01 1.634645186826823304e-01 6.465299116134368140e-02 3.827886026625416938e-02 4.496573936436307206e-02
7.745249487983035808e-02 6.909170540727788135e-02 6.728288162418720464e-02 7.283761291364802826e-02 9.988369220272158566e-02 1.634645186826823304e-01 2.505915662223396345e-01 9.898043355664662424e-02 5.809145914718100850e-02 6.704225582667139305e-02
4.131989945532305031e-02 3.394566368225159642e-02 2.970621617018857907e-02 3.001035029564608908e-02 3.987637582362113520e-02 6.465299116134368140e-02 9.898043355664662424e-02 3.968365005197963674e-02 2.502759490462722405e-02 3.265371943884955858e-02
6.083080079923443295e-02 4.267158031413220004e-02 2.816993306821137522e-02 2.189438282965008864e-02 2.489242142462457646e-02 3.827886026625416938e-02 5.809145914718100850e-02 2.502759490462722405e-02 2.164906800489627484e-02 4.011862331885143740e-02
1.533657434450052537e-01 1.010114893955049997e-01 5.695184783041857407e-02 3.503185483969986636e-02 3.214349747001077340e-02 4.496573936436307206e-02 6.704225582667139305e-02 3.265371943884955858e-02 4.011862331885143740e-02 9.352994109488506347e-02
5.235069496685572366e-02 4.190975545476365721e-02 6.951597402147006999e-02 1.079281770293947645e-01 4.471157557765531587e-02 2.782745517716256334e-02 1.135744565060173641e-02 2.508666080712985968e-02 1.908278937411714629e-02 4.599261013922471830e-02
4.190975545476365721e-02 3.362198042713439999e-02 5.580635148736097506e-02 8.665086548258729704e-02 3.585926012227268200e-02 2.213235050060126038e-02 8.342170611119024623e-03 1.567821402236200048e-02 1.435533581940576925e-02 3.656594799131865359e-02
6.951597402147006999e-02 5.580635148736097506e-02 9.265130068455670886e-02 1.438659550011254784e-01 5.951835158678216164e-02 3.664171976090145610e-02 1.345969095497489415e-02 2.378253897735794001e-02 2.334477695347661128e-02 6.052138916554997833e-02
1.079281770293947645e-01 8.665086548258729704e-02 1.438659550011254784e-01 2.233953600708613596e-01 9.242000775150269187e-02 5.689262791301950839e-02 2.087590462217776138e-02 3.678661388201933530e-02 3.621122399405704573e-02 9.394673087656406352e-02
4.471157557765531587e-02 3.585926012227268200e-02 5.951835158678216164e-02 9.242000775150269187e-02 3.827590235202172481e-02 2.373851099250351773e-02 9.335513951419696643e-03 1.921206940833122476e-02 1.581254927282296774e-02 3.910734259105190513e-02
2.782745517716256334e-02 2.213235050060126038e-02 3.664171976090145610e-02 5.689262791301950839e-02 2.373851099250351773e-02 1.556517235996009510e-02 9.088759640178491889e-03 3.093889213617587175e-02 1.372116299893836461e-02 2.524520419856016162e-02
1.135744565060173641e-02 8.342170611119024623e-03 1.345969095497489415e-02 2.087590462217776138e-02 9.335513951419696643e-03 9.088759640178491889e-03 1.573608019901702113e-02 8.252942113837258287e-02 1.988580285287869232e-02 1.364705822434481020e-02
2.508666080712985968e-02 1.567821402236200048e-02 2.378253897735794001e-02 3.678661388201933530e-02 1.921206940833122476e-02 3.093889213617587175e-02 8.252942113837258287e-02 4.609064090231045352e-01 1.008212258961243279e-01 4.344741797897010843e-02
1.908278937411714629e-02 1.435533581940576925e-02 2.334477695347661128e-02 3.621122399405704573e-02 1.581254927282296774e-02 1.372116299893836461e-02 1.988580285287869232e-02 1.008212258961243279e-01 2.587215438894378827e-02 2.123511543205819363e-02
4.599261013922471830e-02 3.656594799131865359e-02 6.052138916554997833e-02 9.394673087656406352e-02 3.910734259105190513e-02 2.524520419856016162e-02 1.364705822434481020e-02 4.344741797897010843e-02 2.123511543205819363e-02 4.162494552754494176e-02
1.565826792208375173e-01 8.440212708609262648e-02 4.593513474547611386e-02 1.354369271110104633e-01 6.087335362752320511e-02 4.277578599641181784e-02 6.963172916405119262e-02 1.315714056913902252e-01 1.115084319312702049e-01 6.462483538985351605e-02
8.440212708609262648e-02 4.755588411853377273e-02 2.905325105139190331e-02 9.128367120328181872e-02 3.998762368256658650e-02 2.544020347771940374e-02 3.751486832359257617e-02 6.852872857594785594e-02 5.788328418315357576e-02 3.426752899711507649e-02
4.593513474547611386e-02 2.905325105139190331e-02 2.388428936866490715e-02 8.473572846429497374e-02 3.570068911941028794e-02 1.893165073790782638e-02 2.176968490467161982e-02 3.558921454329078832e-02 2.935432711219988777e-02 1.807375275647887108e-02
1.354369271110104633e-01 9.128367120328181872e-02 8.473572846429497374e-02 3.127016807119876729e-01 1.302571653662685791e-01 6.496128954295973812e-02 6.668281193157560294e-02 1.020244704216424769e-01 8.280943011544988908e-02 5.228246532184562673e-02
6.087335362752320511e-02 3.998762368256658650e-02 3.570068911941028794e-02 1.302571653662685791e-01 5.489024032224229521e-02 2.865099064956633593e-02 3.190108398186089489e-02 5.103504660686997152e-02 4.120027096788103638e-02 2.447124200038858222e-02
4.277578599641181784e-02 2.544020347771940374e-02 1.893165073790782638e-02 6.496128954295973812e-02 2.865099064956633593e-02 1.829421493009422695e-02 2.663146052821376703e-02 4.780706621188129252e-02 3.822665514474286874e-02 1.946666238755481726e-02
6.963172916405119262e-02 3.751486832359257617e-02 2.176968490467161982e-02 6.668281193157560294e-02 3.190108398186089489e-02 2.663146052821376703e-02 4.908859357100896215e-02 9.471140221085888600e-02 7.541603303270624781e-02 3.491976134944428656e-02
1.315714056913902252e-01 6.852872857594785594e-02 3.558921454329078832e-02 1.020244704216424769e-01 5.103504660686997152e-02 4.780706621188129252e-02 9.471140221085888600e-02 1.871924937827355584e-01 1.492152576425376520e-01 6.763642357627352997e-02
1.115084319312702049e-01 5.788328418315357576e-02 2.935432711219988777e-02 8.280943011544988908e-02 4.120027096788103638e-02 3.822665514474286874e-02 7.541603303270624781e-02 1.492152576425376520e-01 1.206671845849648927e-01 5.596766969610109804e-02
6.462483538985351605e-02 3.426752899711507649e-02 1.807375275647887108e-02 5.228246532184562673e-02 2.447124200038858222e-02 1.946666238755481726e-02 3.491976134944428656e-02 6.763642357627352997e-02 5.596766969610109804e-02 2.914273938893015628e-02
1.134233002966361925e-01 5.405549307454057123e-02 2.306219786456117915e-02 9.992673519384048450e-03 7.581617062476365791e-03 1.769250819191331425e-02 5.623935026097308387e-02 8.377096653233637169e-02 8.477383685495767929e-02 1.875287036549777575e-01
5.405549307454057123e-02 2.623679754140487846e-02 1.136838340375113596e-02 5.070557201790265762e-03 4.112497271036227864e-03 1.002973690848806519e-02 3.256343688532510605e-02 4.934450916561749362e-02 4.326240644031650873e-02 8.829376996823229407e-02
2.306219786456117915e-02 1.136838340375113596e-02 5.008565192387397225e-03 2.301448579346809017e-03 1.986711509021419145e-03 5.028275620482597179e-03 1.660068189637700295e-02 2.549988531615941453e-02 1.985686624117687787e-02 3.731965642730245697e-02
9.992673519384048450e-03 5.070557201790265762e-03 2.301448579346809017e-03 1.114146382578613424e-03 1.059634696060002875e-03 2.821980043316571225e-03 9.519872405487014161e-03 1.487227975361862624e-02 9.807379502730516688e-03 1.588256769729912143e-02
7.581617062476365791e-03 4.112497271036227864e-03 1.986711509021419145e-03 1.059634696060002875e-03 1.169274073961526451e-03 3.323895372294046607e-03 1.150258306532294522e-02 1.831393941150980670e-02 9.649791330865617467e-03 1.151882567858157624e-02
1.769250819191331425e-02 1.002973690848806519e-02 5.028275620482597179e-03 2.821980043316571225e-03 3.323895372294046607e-03 9.685395027612030139e-03 3.382313099756978358e-02 5.419814064276331361e-02 2.610924803462119984e-02 2.600609226574443489e-02
5.623935026097308387e-02 3.256343688532510605e-02 1.660068189637700295e-02 9.519872405487014161e-03 1.150258306532294522e-02 3.382313099756978358e-02 1.185410018543272964e-01 1.904272620504001146e-01 8.864629253778538720e-02 8.127509429365825655e-02
8.377096653233637169e-02 4.934450916561749362e-02 2.549988531615941453e-02 1.487227975361862624e-02 1.831393941150980670e-02 5.419814064276331361e-02 1.904272620504001146e-01 3.106616591885043022e-01 1.410587856286276698e-01 1.198384286062841309e-01
8.477383685495767929e-02 4.326240644031650873e-02 1.985686624117687787e-02 9.807379502730516688e-03 9.649791330865617467e-03 2.610924803462119984e-02 8.864629253778538720e-02 1.410587856286276698e-01 9.328619634359103241e-02 1.374742364742452261e-01
1.875287036549777575e-01 8.829376996823229407e-02 3.731965642730245697e-02 1.588256769729912143e-02 1.151882567858157624e-02 2.600609226574443489e-02 8.127509429365825655e-02 1.198384286062841309e-01 1.374742364742452261e-01 3.208736640989967581e-01
2.606515649132580270e-01 1.930211147647362402e-01 1.552004873850598154e-01 1.280386070416180133e-01 6.715890634646680402e-02 4.447238343284525691e-02 4.734136002292534118e-02 7.403981366970005529e-02 5.259800501069119422e-02 1.035942065792075928e-01
1.930211147647362402e-01 1.745131697583407471e-01 1.695599964333108223e-01 1.303630489350991462e-01 6.349850121275554815e-02 3.913814047217883257e-02 3.935604430230883050e-02 5.988023035440832864e-02 4.119381983934815306e-02 7.817188366425502355e-02
1.552004873850598154e-01 1.695599964333108223e-01 2.637582230169208675e-01 1.986494635002216680e-01 8.823558696470490403e-02 4.864445988005634824e-02 4.398343840186616505e-02 6.306529548161690646e-02 3.989171479870699810e-02 6.772581257968421364e-02
1.280386070416180133e-01 1.303630489350991462e-01 1.986494635002216680e-01 1.663615208789727129e-01 7.457176972248238944e-02 4.120725122404512997e-02 3.728475908543206485e-02 5.342943186892214896e-02 3.360164394648051944e-02 5.651518681248916820e-02
6.715890634646680402e-02 6.349850121275554815e-02 8.823558696470490403e-02 7.457176972248238944e-02 3.437479026355717837e-02 1.951335728646779594e-02 1.811833706951370207e-02 2.634287109226999060e-02 1.687527095747754641e-02 2.913288103166299450e-02
4.447238343284525691e-02 3.913814047217883257e-02 4.864445988005634824e-02 4.120725122404512997e-02 1.951335728646779594e-02 1.147140929962841421e-02 1.099771132848318192e-02 1.626864066759321770e-02 1.064920897424452562e-02 1.892863525068610303e-02
4.734136002292534118e-02 3.935604430230883050e-02 4.398343840186616505e-02 3.728475908543206485e-02 1.811833706951370207e-02 1.099771132848318192e-02 1.086734490032102707e-02 1.632949441590983430e-02 1.089390055465629115e-02 1.984315153843196899e-02
7.403981366970005529e-02 5.988023035440832864e-02 6.306529548161690646e-02 5.342943186892214896e-02 2.634287109226999060e-02 1.626864066759321770e-02 1.632949441590983430e-02 2.474968236106879840e-02 1.668372850580232547e-02 3.078664391154328078e-02
5.259800501069119422e-02 4.119381983934815306e-02 3.989171479870699810e-02 3.360164394648051944e-02 1.687527095747754641e-02 1.064920897424452562e-02 1.089390055465629115e-02 1.668372850580232547e-02 1.144601322174016583e-02 2.157991622028838236e-02
1.035942065792075928e-01 7.817188366425502355e-02 6.772581257968421364e-02 5.651518681248916820e-02 2.913288103166299450e-02 1.892863525068610303e-02 1.984315153843196899e-02 3.078664391154328078e-02 2.157991622028838236e-02 4.180628138619239126e-02
3.773070712397638138e-01 1.738090728296877441e-01 5.982169815310309918e-02 3.927835976299985654e-02 1.889240964429688210e-02 2.164776043836663666e-02 2.496545841728622581e-02 8.829287085133433188e-02 1.343074756471718811e-01 1.591194725821246658e-01
1.738090728296877441e-01 8.766051770812890997e-02 3.195253922351842801e-02 2.259178906957270971e-02 1.144646995255191139e-02 1.379641348146173896e-02 1.650597040773324128e-02 5.954950245343276771e-02 9.123939878293414740e-02 8.683026606795085645e-02
5.982169815310309918e-02 3.195253922351842801e-02 1.252478189571975403e-02 9.611971457950015119e-03 5.123766045647232606e-03 6.458307178582738811e-03 7.963098331660570586e-03 2.918327252478275166e-02 4.511963783868065681e-02 3.628004370479605972e-02
3.927835976299985654e-02 2.259178906957270971e-02 9.611971457950015119e-03 8.032673221841576949e-03 4.484866073518112284e-03 5.868141641670251117e-03 7.407878062274522030e-03 2.747090927091064630e-02 4.276660289507008134e-02 2.992547499204703532e-02
1.889240964429688210e-02 1.144646995255191139e-02 5.123766045647232606e-03 4.484866073518112284e-03 2.565675392555016171e-03 3.419535541483190340e-03 4.365333039532186439e-03 1.627720105452886215e-02 2.542652903028250894e-02 1.664804601323841352e-02
2.164776043836663666e-02 1.379641348146173896e-02 6.458307178582738811e-03 5.868141641670251117e-03 3.419535541483190340e-03 4.620455363836485987e-03 5.946513476405363569e-03 2.226048334670552298e-02 3.485792593848902055e-02 2.173001478255807972e-02
2.496545841728622581e-02 1.650597040773324128e-02 7.963098331660570586e-03 7.407878062274522030e-03 4.365333039532186439e-03 5.946513476405363569e-03 7.691200582392524430e-03 2.886088371946963355e-02 4.526277708069916667e-02 2.740430325685044854e-02
8.829287085133433188e-02 5.954950245343276771e-02 2.918327252478275166e-02 2.747090927091064630e-02 1.627720105452886215e-02 2.226048334670552298e-02 2.886088371946963355e-02 1.084347301737426661e-01 1.702003489142574488e-01 1.015925451801980295e-01
1.343074756471718811e-01 9.123939878293414740e-02 4.511963783868065681e-02 4.276660289507008134e-02 2.542652903028250894e-02 3.485792593848902055e-02 4.526277708069916667e-02 1.702003489142574488e-01 2.691882732984952065e-01 1.598523741738026305e-01
1.591194725821246658e-01 8.683026606795085645e-02 3.628004370479605972e-02 2.992547499204703532e-02 1.664804601323841352e-02 2.173001478255807972e-02 2.740430325685044854e-02 1.015925451801980295e-01 1.598523741738026305e-01 1.219746211235239741e-01
1.212637088812839048e-01 8.017678416958573528e-02 7.336904354518686278e-02 6.759316229858883252e-02 2.783974532990512660e-02 3.118433039493196876e-02 4.898628983150803140e-02 1.011724272799704727e-01 6.668843195287489645e-02 1.809845807738216794e-01
8.017678416958573528e-02 6.130568794347496936e-02 6.194242296161213412e-02 5.915709932122839576e-02 2.467952375879236757e-02 2.819999032286833046e-02 4.473073031668280131e-02 9.196020484237628356e-02 4.887599926873151257e-02 1.117057993438678593e-01
7.336904354518686278e-02 6.194242296161213412e-02 6.811985392111888360e-02 6.697545232051416164e-02 2.831814248667086781e-02 3.308358554871524554e-02 5.317811126920485298e-02 1.096033623004402241e-01 5.030689393103095208e-02 9.735060321752103674e-02
6.759316229858883252e-02 5.915709932122839576e-02 6.697545232051416164e-02 6.699802479554040069e-02 2.860363696068821127e-02 3.397069926951418878e-02 5.518625295946300024e-02 1.142775579863351126e-01 4.955434415730486375e-02 8.838921090415161053e-02
2.783974532990512660e-02 2.467952375879236757e-02 2.831814248667086781e-02 2.860363696068821127e-02 1.237577026598595843e-02 1.503117446182378365e-02 2.478319451642524429e-02 5.174132387542072775e-02 2.167319164055512420e-02 3.652103224522049163e-02
3.118433039493196876e-02 2.819999032286833046e-02 3.308358554871524554e-02 3.397069926951418878e-02 1.503117446182378365e-02 1.897042691569593084e-02 3.204878397246384986e-02 6.780346556917776768e-02 2.697505324592387732e-02 4.130931442793801811e-02
4.898628983150803140e-02 4.473073031668280131e-02 5.317811126920485298e-02 5.518625295946300024e-02 2.478319451642524429e-02 3.204878397246384986e-02 5.506183848109132140e-02 1.175721821621567575e-01 4.547089014710056776e-02 6.562750640954947978e-02
1.011724272799704727e-01 9.196020484237628356e-02 1.096033623004402241e-01 1.142775579863351126e-01 5.174132387542072775e-02 6.780346556917776768e-02 1.175721821621567575e-01 2.531877163392122210e-01 9.711789434316822622e-02 1.375481467934972779e-01
6.668843195287489645e-02 4.887599926873151257e-02 5.030689393103095208e-02 4.955434415730486375e-02 2.167319164055512420e-02 2.697505324592387732e-02 4.547089014710056776e-02 9.711789434316822622e-02 4.863786855426072142e-02 1.013941713806749412e-01
1.809845807738216794e-01 1.117057993438678593e-01 9.735060321752103674e-02 8.838921090415161053e-02 3.652103224522049163e-02 4.130931442793801811e-02 6.562750640954947978e-02 1.375481467934972779e-01 1.013941713806749412e-01 2.940791039023358810e-01
8.842783594831943317e-02 8.183197230079930495e-02 1.201494683148790765e-01 5.121142239272162555e-02 8.554512680371698097e-02 8.766789002046715407e-02 5.372370508866037425e-02 3.537493949766736673e-02 4.978698732467547183e-02 9.907460743034171569e-02
8.183197230079930495e-02 9.734674986205127389e-02 1.655634022515471426e-01 5.905508966045727726e-02 7.610668680334788105e-02 7.297482401600086099e-02 4.419602990848894852e-02 2.907168453370752650e-02 4.114500637261810090e-02 8.289522637731670807e-02
1.201494683148790765e-01 1.655634022515471426e-01 3.164962911894890207e-01 1.044847576911313025e-01 1.149657693092735883e-01 1.039155696693724179e-01 6.182202618858689824e-02 4.006913372977673193e-02 5.608555947933857588e-02 1.132224680983171528e-01
5.121142239272162555e-02 5.905508966045727726e-02 1.044847576911313025e-01 4.093964458652437494e-02 5.972985445775385455e-02 5.766420774124075832e-02 3.410791776179425416e-02 2.129927558136961857e-02 2.822702981278992287e-02 5.457280525089847761e-02
8.554512680371698097e-02 7.610668680334788105e-02 1.149657693092735883e-01 5.972985445775385455e-02 1.196221653305265947e-01 1.216814796050366410e-01 7.175195120891132705e-02 4.366322379960452249e-02 5.550363509457326844e-02 1.034543039908749906e-01
8.766789002046715407e-02 7.297482401600086099e-02 1.039155696693724179e-01 5.766420774124075832e-02 1.216814796050366410e-01 1.263898812966352814e-01 7.483032922645800611e-02 4.565827625352442132e-02 5.815588489342067569e-02 1.083127043037163950e-01
5.372370508866037425e-02 4.419602990848894852e-02 6.182202618858689824e-02 3.410791776179425416e-02 7.175195120891132705e-02 7.483032922645800611e-02 4.458975078314274948e-02 2.745132013982539212e-02 3.536169599327065871e-02 6.630275060890816752e-02
3.537493949766736673e-02 2.907168453370752650e-02 4.006913372977673193e-02 2.129927558136961857e-02 4.366322379960452249e-02 4.565827625352442132e-02 2.745132013982539212e-02 1.722595771291426936e-02 2.272821802265771046e-02 4.324340389732755918e-02
4.978698732467547183e-02 4.114500637261810090e-02 5.608555947933857588e-02 2.822702981278992287e-02 5.550363509457326844e-02 5.815588489342067569e-02 3.536169599327065871e-02 2.272821802265771046e-02 3.095730095672023091e-02 6.002367092425073963e-02
9.907460743034171569e-02 8.289522637731670807e-02 1.132224680983171528e-01 5.457280525089847761e-02 1.034543039908749906e-01 1.083127043037163950e-01 6.630275060890816752e-02 4.324340389732755918e-02 6.002367092425073963e-02 1.180044223336767922e-01
1.365062336203079763e-01 1.512625796431610881e-01 8.595916122006561078e-02 6.275370011164010942e-02 8.515015039568737953e-02 7.683040977694044482e-02 6.445619229734968203e-02 9.044187619772495190e-02 9.033473343648713849e-02 8.033681434385529785e-02
1.512625796431610881e-01 1.722307961941835219e-01 9.825444902471418274e-02 7.146280273466477928e-02 9.612039909448903685e-02 8.514387266200953985e-02 6.918639899970729923e-02 9.463329989601021452e-02 9.482624600873235110e-02 8.680046044709044395e-02
8.595916122006561078e-02 9.825444902471418274e-02 5.839996382993026258e-02 4.556668028808050219e-02 6.491564643291407311e-02 5.843745756696598626e-02 4.672498236038881425e-02 6.186409239484319533e-02 5.903895886836026119e-02 5.094858040033606317e-02
6.275370011164010942e-02 7.146280273466477928e-02 4.556668028808050219e-02 4.143674706007167974e-02 6.563802452225082906e-02 6.110705112139996897e-02 4.834627770908684480e-02 6.154176773128863798e-02 5.394489213317665149e-02 4.072605424581350608e-02
8.515015039568737953e-02 9.612039909448903685e-02 6.491564643291407311e-02 6.563802452225082906e-02 1.121296874695166257e-01 1.069414420005824762e-01 8.470869930955587934e-02 1.061464829983204128e-01 8.844999198624388381e-02 6.028777262841689827e-02
7.683040977694044482e-02 8.514387266200953985e-02 5.843745756696598626e-02 6.110705112139996897e-02 1.069414420005824762e-01 1.054748363542190870e-01 8.573950154504195176e-02 1.091369970776307624e-01 8.964192295721773451e-02 5.779845499711767920e-02
6.445619229734968203e-02 6.918639899970729923e-02 4.672498236038881425e-02 4.834627770908684480e-02 8.470869930955587934e-02 8.573950154504195176e-02 7.435636184980788654e-02 9.934551394418962567e-02 8.215082858448181924e-02 5.108693009347864411e-02
9.044187619772495190e-02 9.463329989601021452e-02 6.186409239484319533e-02 6.154176773128863798e-02 1.061464829983204128e-01 1.091369970776307624e-01 9.934551394418962567e-02 1.406896791828502191e-01 1.185457558472711448e-01 7.317024900096774642e-02
9.033473343648713849e-02 9.482624600873235110e-02 5.903895886836026119e-02 5.394489213317665149e-02 8.844999198624388381e-02 8.964192295721773451e-02 8.215082858448181924e-02 1.185457558472711448e-01 1.054180065826761381e-01 6.903240147956585249e-02
8.033681434385529785e-02 8.680046044709044395e-02 5.094858040033606317e-02 4.072605424581350608e-02 6.028777262841689827e-02 5.779845499711767920e-02 5.108693009347864411e-02 7.317024900096774642e-02 6.903240147956585249e-02 5.335768785643688061e-02
