3.551108923140058327e-01 2.117649859147896496e-01 8.422421554721443160e-02 -2.697737864666584912e-02 -6.031937634019107763e-02 -4.525231455278282827e-02 8.711881214343689432e-05 4.143487684755008116e-02 4.275474056513199617e-02 -1.379848134556482114e-02 -9.471181532790275137e-02 -2.105278073146811535e-01
2.117649859147896496e-01 4.341066341297749043e-01 2.021061728303700511e-01 8.051251168999626340e-02 -1.885062202678339672e-03 -4.011320650283527189e-02 -4.094516499329362014e-02 -9.074820248070717549e-03 4.187165454306526757e-02 4.471119777898886760e-02 -5.746646333582178809e-04 -9.064832893103735856e-02
8.422421554721443160e-02 2.021061728303700511e-01 3.257426160539927951e-01 2.179880075148478702e-01 1.177538536417206821e-01 3.335764229366974115e-02 -3.935627762186987011e-02 -4.949636925937229981e-02 -6.236335478595095815e-03 4.183098524812013663e-02 5.264506039315344083e-02 2.272654912799236190e-02
-2.697737864666584912e-02 8.051251168999626340e-02 2.179880075148478702e-01 2.979310574629973063e-01 2.125330029965025735e-01 1.118881914118993459e-01 1.875534882329488173e-02 -4.309930857389931286e-02 -4.768107250144541787e-02 -2.110648415585197456e-03 4.414533400559778747e-02 6.585635498142174138e-02
-6.031937634019107763e-02 -1.885062202678339672e-03 1.177538536417206821e-01 2.125330029965025735e-01 3.178677773526708550e-01 2.015329972101851386e-01 9.686599375266652379e-02 7.324651464050254551e-03 -5.511112877673768340e-02 -4.341534986974976418e-02 5.517930736712564968e-03 5.237187905237900010e-02
-4.525231455278282827e-02 -4.011320650283527189e-02 3.335764229366974115e-02 1.118881914118993459e-01 2.015329972101851386e-01 2.460027633434404559e-01 2.057993336764056269e-01 1.037523570503470216e-01 -9.711232927415562946e-03 -5.723440649268441566e-02 -4.328203583451423891e-02 -2.290603649086068311e-03
8.711881214343689432e-05 -4.094516499329362014e-02 -3.935627762186987011e-02 1.875534882329488173e-02 9.686599375266652379e-02 2.057993336764056269e-01 3.724083528822778599e-01 2.183248698665983534e-01 8.831542335446648795e-02 -2.603823315235714864e-02 -5.938100553311480290e-02 -5.232872863727103946e-02
4.143487684755008116e-02 -9.074820248070717549e-03 -4.949636925937229981e-02 -4.309930857389931286e-02 7.324651464050254551e-03 1.037523570503470216e-01 2.183248698665983534e-01 3.797188955377940323e-01 2.080694954604135616e-01 7.703536768456675787e-02 -1.636639847452306049e-02 -5.628312493011199125e-02
4.275474056513199617e-02 4.187165454306526757e-02 -6.236335478595095815e-03 -4.768107250144541787e-02 -5.511112877673768340e-02 -9.711232927415562946e-03 8.831542335446648795e-02 2.080694954604135616e-01 3.482297702911993920e-01 2.181323378496346777e-01 1.101287312299300963e-01 2.629725964487647852e-02
-1.379848134556482114e-02 4.471119777898886760e-02 4.183098524812013663e-02 -2.110648415585197456e-03 -4.341534986974976418e-02 -5.723440649268441566e-02 -2.603823315235714864e-02 7.703536768456675787e-02 2.181323378496346777e-01 3.834921541516841947e-01 2.066762046563411781e-01 1.111958026955653656e-01
-9.471181532790275137e-02 -5.746646333582178809e-04 5.264506039315344083e-02 4.414533400559778747e-02 5.517930736712564968e-03 -4.328203583451423891e-02 -5.938100553311480290e-02 -1.636639847452306049e-02 1.101287312299300963e-01 2.066762046563411781e-01 2.425101459210804722e-01 1.997776691518581837e-01
-2.105278073146811535e-01 -9.064832893103735856e-02 2.272654912799236190e-02 6.585635498142174138e-02 5.237187905237900010e-02 -2.290603649086068311e-03 -5.232872863727103946e-02 -5.628312493011199125e-02 2.629725964487647852e-02 1.111958026955653656e-01 1.997776691518581837e-01 2.968789405590932517e-01
4.122209287873808137e-01 2.061724129940510353e-01 8.009844260139870054e-02 -9.286685403978544445e-03 -4.361219353610594485e-02 -4.018004381289101701e-02 -6.862702065748473544e-03 4.433216098118121506e-02 4.743447494869151848e-02 2.245005514680812296e-03 -9.437856726438256794e-02 -2.144757756676052007e-01
2.061724129940510353e-01 3.187112754045145491e-01 2.166056415546992464e-01 1.071206450159552792e-01 1.686098922513810591e-02 -4.816954464590754437e-02 -4.748967743603754732e-02 1.528008746048592449e-03 4.793178948773408471e-02 5.169622316683984004e-02 8.808001884987298052e-03 -9.520518097856936479e-02
8.009844260139870054e-02 2.166056415546992464e-01 2.888706792824374814e-01 2.099662710523058640e-01 1.031927940850547593e-01 7.583309984717393447e-03 -4.309196516069952604e-02 -4.422340380000824855e-02 1.273153277562819041e-03 3.974875418037107644e-02 5.647791917474786344e-02 1.944601157817709217e-02
-9.286685403978544445e-03 1.071206450159552792e-01 2.099662710523058640e-01 4.081120918667469066e-01 1.935430402944307848e-01 8.390049604093749447e-02 6.654157307585409570e-04 -4.922651322710842881e-02 -3.957984757813686610e-02 4.857807408470603489e-04 4.417454271400338833e-02 5.771071728447253052e-02
-4.361219353610594485e-02 1.686098922513810591e-02 1.031927940850547593e-01 1.935430402944307848e-01 2.252883515580638152e-01 2.041819841301923399e-01 1.047253788750301395e-01 5.268492316890437989e-03 -5.294479167914225431e-02 -4.711532636173073468e-02 -9.301240477337225851e-03 4.313725059676378620e-02
-4.018004381289101701e-02 -4.816954464590754437e-02 7.583309984717393447e-03 8.390049604093749447e-02 2.041819841301923399e-01 3.555678159782192371e-01 2.182179513552187644e-01 1.007660758696470038e-01 -1.860977530860708287e-02 -5.898623547646186099e-02 -5.470739814286072061e-02 -4.168251965871027677e-03
-6.862702065748473544e-03 -4.748967743603754732e-02 -4.309196516069952604e-02 6.654157307585409570e-04 1.047253788750301395e-01 2.182179513552187644e-01 3.822911535140100514e-01 2.094933618326408897e-01 7.611942514132669091e-02 -1.478567090269804554e-02 -5.312848546888390006e-02 -4.048195206190944445e-02
4.433216098118121506e-02 1.528008746048592449e-03 -4.422340380000824855e-02 -4.922651322710842881e-02 5.268492316890437989e-03 1.007660758696470038e-01 2.094933618326408897e-01 3.233235632099507595e-01 2.163174098367585119e-01 1.123554111713902237e-01 2.828754864157361978e-02 -4.365732420546209608e-02
4.743447494869151848e-02 4.793178948773408471e-02 1.273153277562819041e-03 -3.957984757813686610e-02 -5.294479167914225431e-02 -1.860977530860708287e-02 7.611942514132669091e-02 2.163174098367585119e-01 3.730061007795488215e-01 2.124769328614053987e-01 1.158628748416045268e-01 1.266074397250199421e-02
2.245005514680812296e-03 5.169622316683984004e-02 3.974875418037107644e-02 4.857807408470603489e-04 -4.711532636173073468e-02 -5.898623547646186099e-02 -1.478567090269804554e-02 1.123554111713902237e-01 2.124769328614053987e-01 2.709428164916378723e-01 2.049532540313323825e-01 9.243200514941171675e-02
-9.437856726438256794e-02 8.808001884987298052e-03 5.647791917474786344e-02 4.417454271400338833e-02 -9.301240477337225851e-03 -5.470739814286072061e-02 -5.312848546888390006e-02 2.828754864157361978e-02 1.158628748416045268e-01 2.049532540313323825e-01 2.878670004759424361e-01 2.090939451663615944e-01
-2.144757756676052007e-01 -9.520518097856936479e-02 1.944601157817709217e-02 5.771071728447253052e-02 4.313725059676378620e-02 -4.168251965871027677e-03 -4.048195206190944445e-02 -4.365732420546209608e-02 1.266074397250199421e-02 9.243200514941171675e-02 2.090939451663615944e-01 3.537982226515399287e-01
3.782622857017547968e-01 2.119038579485282847e-01 8.405694032436164531e-02 -1.844352155504801888e-02 -5.778972665707673984e-02 -3.527177819351328542e-02 1.634352839019181242e-02 5.300016776172568334e-02 4.476329754777603337e-02 -1.848876924430454399e-02 -1.090137180861068811e-01 -2.146207519594593438e-01
2.119038579485282847e-01 3.323285271284021625e-01 2.146012212867868252e-01 9.797119087953462535e-02 -2.009145897664877875e-02 -5.668268683182232925e-02 -4.335238868417151670e-02 3.954575268946828454e-03 4.514398036636994849e-02 4.861113434058568494e-02 -5.095579605404486345e-03 -9.985567942224703175e-02
8.405694032436164531e-02 2.146012212867868252e-01 3.922907627198531921e-01 2.152130640288122954e-01 8.326857760665812291e-02 -1.547881367145955041e-02 -5.773822366328531380e-02 -4.730812992099935749e-02 2.327253775791019146e-03 5.116069039510375005e-02 5.782612169925755580e-02 1.363867384861103434e-02
-1.844352155504801888e-02 9.797119087953462535e-02 2.152130640288122954e-01 3.261499702360197706e-01 2.120637839436279037e-01 9.909845938371375507e-02 6.318874134143396843e-04 -5.230307267292886447e-02 -4.412983056236796653e-02 3.484282388179106918e-03 4.722742715156198756e-02 5.660445498113773899e-02
-5.778972665707673984e-02 -2.009145897664877875e-02 8.326857760665812291e-02 2.120637839436279037e-01 3.767664037902117569e-01 2.163544179803880696e-01 1.059589651075557998e-01 7.895706618678659250e-03 -4.811156425584512536e-02 -5.109240118371415756e-02 -1.269439958238074463e-02 3.610019871059752528e-02
-3.527177819351328542e-02 -5.668268683182232925e-02 -1.547881367145955041e-02 9.909845938371375507e-02 2.163544179803880696e-01 3.243711633049649601e-01 2.118351649702462369e-01 1.010288510820975538e-01 7.295581621807166288e-03 -5.397272908803161379e-02 -5.378468817001934299e-02 -1.750631999274323419e-02
1.634352839019181242e-02 -4.335238868417151670e-02 -5.773822366328531380e-02 6.318874134143396843e-04 1.059589651075557998e-01 2.118351649702462369e-01 2.803224598263569511e-01 2.092217114706284575e-01 1.036731798871982080e-01 5.048034133715208031e-03 -5.077808260978401711e-02 -5.331749362575843865e-02
5.300016776172568334e-02 3.954575268946828454e-03 -4.730812992099935749e-02 -5.230307267292886447e-02 7.895706618678659250e-03 1.010288510820975538e-01 2.092217114706284575e-01 3.498528073085509504e-01 2.165179356501450436e-01 1.067751313418820180e-01 5.788330382136136487e-03 -5.010266351356550824e-02
4.476329754777603337e-02 4.514398036636994849e-02 2.327253775791019146e-03 -4.412983056236796653e-02 -4.811156425584512536e-02 7.295581621807166288e-03 1.036731798871982080e-01 2.165179356501450436e-01 3.348313634982620912e-01 2.170392137934802623e-01 1.048689435484533583e-01 1.573173877158649120e-02
-1.848876924430454399e-02 4.861113434058568494e-02 5.116069039510375005e-02 3.484282388179106918e-03 -5.109240118371415756e-02 -5.397272908803161379e-02 5.048034133715208031e-03 1.067751313418820180e-01 2.170392137934802623e-01 3.237379713294877837e-01 2.087635054399630263e-01 1.076023058561567103e-01
-1.090137180861068811e-01 -5.095579605404486345e-03 5.782612169925755580e-02 4.722742715156198756e-02 -1.269439958238074463e-02 -5.378468817001934299e-02 -5.077808260978401711e-02 5.788330382136136487e-03 1.048689435484533583e-01 2.087635054399630263e-01 2.884748717925252892e-01 2.094240626593568688e-01
-2.146207519594593438e-01 -9.985567942224703175e-02 1.363867384861103434e-02 5.660445498113773899e-02 3.610019871059752528e-02 -1.750631999274323419e-02 -5.331749362575843865e-02 -5.010266351356550824e-02 1.573173877158649120e-02 1.076023058561567103e-01 2.094240626593568688e-01 2.926114133636317227e-01
3.120532500232933160e-01 2.201817742595645888e-01 1.157066697229088281e-01 -2.448546809840184899e-02 -6.068295519895814533e-02 -2.819819084841831969e-02 8.768635402520742750e-03 3.707601408013720679e-02 3.321018771951313175e-02 -1.595439102071218723e-02 -9.657316106827290580e-02 -1.978585145554611902e-01
2.201817742595645888e-01 3.040335784574516031e-01 2.175272451416944419e-01 5.573949506812719140e-02 -4.041561949411505428e-02 -4.434654616916232361e-02 -3.607609943237022332e-02 5.274745048962689760e-03 4.676566573030879748e-02 4.715568324550801355e-02 -1.132118375153928075e-02 -1.027138857714008785e-01
1.157066697229088281e-01 2.175272451416944419e-01 3.973264084284072739e-01 1.838459103011228224e-01 5.683304509225332174e-02 -1.778440118523256022e-02 -5.213448226043693179e-02 -3.367454156598021636e-02 2.416782228254150261e-02 5.779496671582116940e-02 4.793998748846814428e-02 -1.683523205061741856e-02
-2.448546809840184899e-02 5.573949506812719140e-02 1.838459103011228224e-01 4.481884597593592257e-01 2.093369901833498914e-01 8.104199066488654291e-02 5.309943068127128199e-03 -2.745359356144486812e-02 -3.265196394565171578e-02 -7.290449161725298145e-03 2.286200765890821981e-02 3.976325865838471751e-02
-6.068295519895814533e-02 -4.041561949411505428e-02 5.683304509225332174e-02 2.093369901833498914e-01 4.231781414185330492e-01 1.683498078112632690e-01 7.034362423753967586e-02 1.050942275051752750e-02 -4.103257548834343682e-02 -4.481588791894227514e-02 -1.779281059653988958e-02 3.327569272247833665e-02
-2.819819084841831969e-02 -4.434654616916232361e-02 -1.778440118523256022e-02 8.104199066488654291e-02 1.683498078112632690e-01 1.372711477512807421e-01 1.670761062326482915e-01 9.597701073713046926e-02 2.749877748478450623e-02 -3.586682833884186766e-02 -4.130631886817081461e-02 -1.556329700957400156e-02
8.768635402520742750e-03 -3.607609943237022332e-02 -5.213448226043693179e-02 5.309943068127128199e-03 7.034362423753967586e-02 1.670761062326482915e-01 3.655576351923232048e-01 2.237413111385216646e-01 1.240045455792829210e-01 -9.486298950565215729e-03 -5.622856356729091787e-02 -5.845592569442277509e-02
3.707601408013720679e-02 5.274745048962689760e-03 -3.367454156598021636e-02 -2.745359356144486812e-02 1.050942275051752750e-02 9.597701073713046926e-02 2.237413111385216646e-01 3.807337128944300320e-01 2.171545949278586574e-01 7.552685795398014768e-02 -7.785641243150913729e-03 -4.997183358113655577e-02
3.321018771951313175e-02 4.676566573030879748e-02 2.416782228254150261e-02 -3.265196394565171578e-02 -4.103257548834343682e-02 2.749877748478450623e-02 1.240045455792829210e-01 2.171545949278586574e-01 2.880538953347241415e-01 2.038958071856027121e-01 1.053073710037141508e-01 3.004089944082790481e-02
-1.595439102071218723e-02 4.715568324550801355e-02 5.779496671582116940e-02 -7.290449161725298145e-03 -4.481588791894227514e-02 -3.586682833884186766e-02 -9.486298950565215729e-03 7.552685795398014768e-02 2.038958071856027121e-01 3.413193756303202764e-01 2.153097946282893915e-01 1.238671924234886756e-01
-9.657316106827290580e-02 -1.132118375153928075e-02 4.793998748846814428e-02 2.286200765890821981e-02 -1.779281059653988958e-02 -4.130631886817081461e-02 -5.622856356729091787e-02 -7.785641243150913729e-03 1.053073710037141508e-01 2.153097946282893915e-01 3.056257407997720610e-01 2.178247600430739950e-01
-1.978585145554611902e-01 -1.027138857714008785e-01 -1.683523205061741856e-02 3.976325865838471751e-02 3.327569272247833665e-02 -1.556329700957400156e-02 -5.845592569442277509e-02 -4.997183358113655577e-02 3.004089944082790481e-02 1.238671924234886756e-01 2.178247600430739950e-01 2.966586543100897533e-01
3.786530619878952786e-01 2.169723231298330557e-01 1.012066304370099479e-01 1.328046632569700007e-03 -4.813247287289577209e-02 -4.594273167519224987e-02 -3.697712374921780822e-03 4.248769957837786326e-02 5.561117599717104593e-02 1.506926993335183824e-02 -8.215155103623655863e-02 -2.072961751483443082e-01
2.169723231298330557e-01 3.699301157736915036e-01 2.105399995521360923e-01 9.681154637023074716e-02 4.943078415007884016e-03 -5.532330755328895150e-02 -4.876912626144640217e-02 -6.429968714065575214e-03 4.159899281852100228e-02 5.701109776467540302e-02 2.505834140411115907e-02 -8.154099865844330330e-02
1.012066304370099479e-01 2.105399995521360923e-01 2.557631949268258653e-01 2.042993895715633224e-01 9.999109806822474578e-02 -3.787981595171686401e-04 -4.922093082558171712e-02 -4.663452181165013422e-02 -1.005513862564322812e-02 3.951854917408000739e-02 5.869784692741763371e-02 1.886697680981209990e-02
1.328046632569700007e-03 9.681154637023074716e-02 2.042993895715633224e-01 3.777646078958909470e-01 2.136165549186305468e-01 9.890875416454536495e-02 -2.129271627424099943e-03 -5.367731974464577671e-02 -5.374602081337743337e-02 -8.596822749613534931e-03 4.198174852824911041e-02 5.713939227097813295e-02
-4.813247287289577209e-02 4.943078415007884016e-03 9.999109806822474578e-02 2.136165549186305468e-01 3.113401118205736395e-01 2.157569915287305407e-01 1.015788904239513096e-01 7.161509885278521427e-03 -4.963551184136932165e-02 -4.624136845132536394e-02 -1.163523248934721435e-02 3.851137431844855324e-02
-4.594273167519224987e-02 -5.532330755328895150e-02 -3.787981595171686401e-04 9.890875416454536495e-02 2.157569915287305407e-01 3.580807636152949502e-01 2.109372814883875846e-01 1.041130401428599639e-01 1.295735559022086376e-02 -4.249477193278707043e-02 -5.390391974353094667e-02 -1.807703864455342119e-02
-3.697712374921780822e-03 -4.876912626144640217e-02 -4.922093082558171712e-02 -2.129271627424099943e-03 1.015788904239513096e-01 2.109372814883875846e-01 3.067498292605717047e-01 2.128014742655058578e-01 1.103170464496342207e-01 1.940401287294310842e-02 -4.725794612768947217e-02 -5.014528775598084409e-02
4.248769957837786326e-02 -6.429968714065575214e-03 -4.663452181165013422e-02 -5.367731974464577671e-02 7.161509885278521427e-03 1.041130401428599639e-01 2.128014742655058578e-01 2.827728067407553336e-01 2.106559778844961928e-01 1.051168537713616929e-01 1.306908565060258855e-02 -4.607507044998232493e-02
5.561117599717104593e-02 4.159899281852100228e-02 -1.005513862564322812e-02 -5.374602081337743337e-02 -4.963551184136932165e-02 1.295735559022086376e-02 1.103170464496342207e-01 2.106559778844961928e-01 3.660603141400247118e-01 2.040584668715504923e-01 9.887999043839411362e-02 2.892033837451481876e-03
1.506926993335183824e-02 5.701109776467540302e-02 3.951854917408000739e-02 -8.596822749613534931e-03 -4.624136845132536394e-02 -4.249477193278707043e-02 1.940401287294310842e-02 1.051168537713616929e-01 2.040584668715504923e-01 2.519286601427576655e-01 2.100406190211158430e-01 1.016538156747958110e-01
-8.215155103623655863e-02 2.505834140411115907e-02 5.869784692741763371e-02 4.198174852824911041e-02 -1.163523248934721435e-02 -5.390391974353094667e-02 -4.725794612768947217e-02 1.306908565060258855e-02 9.887999043839411362e-02 2.100406190211158430e-01 3.674724570522584499e-01 2.163695400429109517e-01
-2.072961751483443082e-01 -8.154099865844330330e-02 1.886697680981209990e-02 5.713939227097813295e-02 3.851137431844855324e-02 -1.807703864455342119e-02 -5.014528775598084409e-02 -4.607507044998232493e-02 2.892033837451481876e-03 1.016538156747958110e-01 2.163695400429109517e-01 3.734840766434532888e-01
3.423072419466658411e-01 2.202592976534692992e-01 1.086431168919908402e-01 -2.045141149749615112e-02 -6.231983221493442998e-02 -2.899103047647419093e-02 2.228816188649689056e-02 5.411754254096690780e-02 4.187618867481981977e-02 6.450909584300353224e-03 -8.414085024569853410e-02 -2.053908114869628654e-01
2.202592976534692992e-01 3.137209015403501500e-01 2.160414874105002769e-01 6.386974798260589004e-02 -4.207304652272542134e-02 -5.682815987043600414e-02 -2.282025246335554064e-02 2.470660300577203622e-02 4.917677226180847128e-02 6.074754319071867109e-02 8.695096095549633558e-03 -9.986599314861474563e-02
1.086431168919908402e-01 2.160414874105002769e-01 3.690956164715343824e-01 1.968959250066918965e-01 7.101213059653870008e-02 -3.230086092318039392e-02 -5.383068966577751052e-02 -3.714300671334652693e-02 1.239003768321446028e-02 5.573587319904857451e-02 5.415378313703339552e-02 -5.540990162954451126e-03
-2.045141149749615112e-02 6.386974798260589004e-02 1.968959250066918965e-01 4.527211466655245986e-01 2.065325123407233954e-01 7.297844043921870860e-02 -1.965975169211780366e-02 -5.097778400426002804e-02 -3.842010752697999632e-02 -1.560538831626212021e-02 2.188874219148367190e-02 4.266380480085602694e-02
-6.231983221493442998e-02 -4.207304652272542134e-02 7.101213059653870008e-02 2.065325123407233954e-01 3.837780535452660624e-01 2.032198465693173250e-01 8.491288233763488735e-02 1.950451900340013011e-03 -3.797135638232607135e-02 -5.281327210892219903e-02 -2.885797637048037600e-02 3.124827077223216870e-02
-2.899103047647419093e-02 -5.682815987043600414e-02 -3.230086092318039392e-02 7.297844043921870860e-02 2.032198465693173250e-01 3.042810425963726750e-01 2.210735792787577314e-01 1.267258341092187546e-01 3.912922159232802566e-02 -2.691863143234159497e-02 -4.869332329435843709e-02 -2.467608784660838689e-02
2.228816188649689056e-02 -2.282025246335554064e-02 -5.383068966577751052e-02 -1.965975169211780366e-02 8.491288233763488735e-02 2.210735792787577314e-01 3.088928182922751065e-01 2.162235811466575175e-01 1.069000511812932819e-01 3.497966217765702962e-02 -2.612969590753944776e-02 -4.852268685846579388e-02
5.411754254096690780e-02 2.470660300577203622e-02 -3.714300671334652693e-02 -5.097778400426002804e-02 1.950451900340013011e-03 1.267258341092187546e-01 2.162235811466575175e-01 3.465840580124232573e-01 1.835338770638767492e-01 1.015273096928582114e-01 2.659696288170737555e-02 -4.160371996873914180e-02
4.187618867481981977e-02 4.917677226180847128e-02 1.239003768321446028e-02 -3.842010752697999632e-02 -3.797135638232607135e-02 3.912922159232802566e-02 1.069000511812932819e-01 1.835338770638767492e-01 1.727211876305717042e-01 1.760891067235549612e-01 1.025135612055279727e-01 2.694824301208758460e-02
6.450909584300353224e-03 6.074754319071867109e-02 5.573587319904857451e-02 -1.560538831626212021e-02 -5.281327210892219903e-02 -2.691863143234159497e-02 3.497966217765702962e-02 1.015273096928582114e-01 1.760891067235549612e-01 3.119473377169998951e-01 2.220715311148469540e-01 1.235009490791420528e-01
-8.414085024569853410e-02 8.695096095549633558e-03 5.415378313703339552e-02 2.188874219148367190e-02 -2.885797637048037600e-02 -4.869332329435843709e-02 -2.612969590753944776e-02 2.659696288170737555e-02 1.025135612055279727e-01 2.220715311148469540e-01 3.713807344016641920e-01 2.204052717973245534e-01
-2.053908114869628654e-01 -9.986599314861474563e-02 -5.540990162954451126e-03 4.266380480085602694e-02 3.124827077223216870e-02 -2.467608784660838689e-02 -4.852268685846579388e-02 -4.160371996873914180e-02 2.694824301208758460e-02 1.235009490791420528e-01 2.204052717973245534e-01 3.225698611803669014e-01
3.271822403312759087e-01 2.167542215414097750e-01 1.118492705763915185e-01 1.679939114764859853e-02 -4.976476499069708292e-02 -5.448778424068063952e-02 -2.150788450057965207e-02 3.568865993805378500e-02 5.464739927964813726e-02 1.372351057339415460e-02 -9.209542342315320262e-02 -2.085741696508733867e-01
2.167542215414097750e-01 3.168984328169649478e-01 2.134477307261639922e-01 1.051165332716636758e-01 6.883805768534532890e-04 -5.542726436035229354e-02 -5.942585458759559736e-02 -1.749305968809395512e-02 3.928219432101368730e-02 6.171516742663141208e-02 1.918369223329641909e-02 -8.645400656631967162e-02
1.118492705763915185e-01 2.134477307261639922e-01 3.120724600959771111e-01 2.121158381252837566e-01 9.535044849141224854e-02 -1.187577076285396827e-03 -5.258171215308250768e-02 -4.868705185564478621e-02 -2.112426623194487048e-03 5.040833324453017350e-02 5.787017586027021210e-02 2.103763122933143947e-03
1.679939114764859853e-02 1.051165332716636758e-01 2.121158381252837566e-01 3.203199642356593935e-01 2.158664941875227394e-01 1.099545448402815540e-01 1.973984181205416799e-02 -4.499731954455185590e-02 -4.649276474059345354e-02 -3.332455680701302408e-03 4.397805134423287549e-02 4.663795154255986897e-02
-4.976476499069708292e-02 6.883805768534532890e-04 9.535044849141224854e-02 2.158664941875227394e-01 3.822307535023646841e-01 2.101847117534288156e-01 1.078383343999167049e-01 1.047826100425293394e-02 -4.636540168243288157e-02 -5.001067438918440494e-02 -8.430077691066155052e-03 3.810435258495201843e-02
-5.448778424068063952e-02 -5.542726436035229354e-02 -1.187577076285396827e-03 1.099545448402815540e-01 2.101847117534288156e-01 2.719869276931584090e-01 2.053653747359135417e-01 9.728369702115996498e-02 7.242591791877600431e-03 -5.300038192386243713e-02 -4.862340543861619346e-02 -2.313966684228579811e-03
-2.150788450057965207e-02 -5.942585458759559736e-02 -5.258171215308250768e-02 1.973984181205416799e-02 1.078383343999167049e-01 2.053653747359135417e-01 2.844961431120638373e-01 2.092721187493927770e-01 1.039766332094562568e-01 -9.420044310476259532e-04 -5.668513984930097227e-02 -4.218336087465659329e-02
3.568865993805378500e-02 -1.749305968809395512e-02 -4.868705185564478621e-02 -4.499731954455185590e-02 1.047826100425293394e-02 9.728369702115996498e-02 2.092721187493927770e-01 3.584581693904184130e-01 2.184355530484764218e-01 1.021516647964800101e-01 -1.174826704870578740e-02 -5.292393261507456065e-02
5.464739927964813726e-02 3.928219432101368730e-02 -2.112426623194487048e-03 -4.649276474059345354e-02 -4.636540168243288157e-02 7.242591791877600431e-03 1.039766332094562568e-01 2.184355530484764218e-01 3.760422314451471459e-01 2.118293573214458658e-01 8.567463218059560848e-02 -1.119931575589197016e-02
1.372351057339415460e-02 6.171516742663141208e-02 5.040833324453017350e-02 -3.332455680701302408e-03 -5.001067438918440494e-02 -5.300038192386243713e-02 -9.420044310476259532e-04 1.021516647964800101e-01 2.118293573214458658e-01 2.954059047429861140e-01 2.131840223125651690e-01 9.667533327455508918e-02
-9.209542342315320262e-02 1.918369223329641909e-02 5.787017586027021210e-02 4.397805134423287549e-02 -8.430077691066155052e-03 -4.862340543861619346e-02 -5.668513984930097227e-02 -1.174826704870578740e-02 8.567463218059560848e-02 2.131840223125651690e-01 3.528130981574676417e-01 2.153773325815636075e-01
-2.085741696508733867e-01 -8.645400656631967162e-02 2.103763122933143947e-03 4.663795154255986897e-02 3.810435258495201843e-02 -2.313966684228579811e-03 -4.218336087465659329e-02 -5.292393261507456065e-02 -1.119931575589197016e-02 9.667533327455508918e-02 2.153773325815636075e-01 4.020936744765221116e-01
3.309201224075674075e-01 2.198608189543318769e-01 1.153230826338232928e-01 4.193255870480695671e-04 -4.079117847967515809e-02 -4.412646437212340567e-02 6.921292668586426569e-03 4.510286362938067256e-02 4.140546294499357349e-02 7.588315328681695567e-03 -7.898126647337727624e-02 -2.079292317714159510e-01
2.198608189543318769e-01 3.724988000545507716e-01 2.033893130158164753e-01 6.753539482105924696e-02 -2.083412958674060039e-03 -5.137472218016059244e-02 -2.246372853896457314e-02 2.244083190018995866e-02 4.864321996049046637e-02 5.001831241376358123e-02 -1.452282191164199323e-03 -1.169572907372808668e-01
1.153230826338232928e-01 2.033893130158164753e-01 2.094487783825565441e-01 1.759381787129172259e-01 9.406066484116440418e-02 -5.844327187120121770e-04 -3.936337031171401046e-02 -3.597769330232256091e-02 1.112220476886385118e-02 4.850638143227738175e-02 4.519376077544229320e-02 -3.128790873902963232e-02
4.193255870480695671e-04 6.753539482105924696e-02 1.759381787129172259e-01 4.623027554917401583e-01 2.029913321852273300e-01 8.731380558320858687e-02 -2.497004938380359765e-02 -6.597990873482124929e-02 -3.607553640051051891e-02 7.915849956357448938e-03 3.863825738874538535e-02 3.609350958634861828e-02
-4.079117847967515809e-02 -2.083412958674060039e-03 9.406066484116440418e-02 2.029913321852273300e-01 2.821530839485099640e-01 2.106194463212009982e-01 6.938920113172514226e-02 -3.667444504333030458e-02 -4.690433825965952680e-02 -2.723824799723698065e-02 9.523476018124622799e-03 4.236596608090860416e-02
-4.412646437212340567e-02 -5.137472218016059244e-02 -5.844327187120121770e-04 8.731380558320858687e-02 2.106194463212009982e-01 3.676030876653098023e-01 2.133945830834821089e-01 1.006509314291359758e-01 7.434864040934603159e-03 -4.624786942870983547e-02 -4.412101237148043087e-02 1.992731454619131592e-03
6.921292668586426569e-03 -2.246372853896457314e-02 -3.936337031171401046e-02 -2.497004938380359765e-02 6.938920113172514226e-02 2.133945830834821089e-01 4.122117763282798775e-01 2.130333143054102540e-01 9.010316558610315107e-02 -2.607424043941266537e-03 -3.539121338740551515e-02 -3.494631507244941315e-02
4.510286362938067256e-02 2.244083190018995866e-02 -3.597769330232256091e-02 -6.597990873482124929e-02 -3.667444504333030458e-02 1.006509314291359758e-01 2.130333143054102540e-01 3.562360554924831613e-01 1.876806461549428151e-01 7.683752746317631943e-02 1.536185485680944748e-02 -3.919019965886513801e-02
4.140546294499357349e-02 4.864321996049046637e-02 1.112220476886385118e-02 -3.607553640051051891e-02 -4.690433825965952680e-02 7.434864040934603159e-03 9.010316558610315107e-02 1.876806461549428151e-01 1.772192303389949763e-01 1.805068182157570922e-01 1.037932575647932398e-01 2.143795264821975882e-02
7.588315328681695567e-03 5.001831241376358123e-02 4.850638143227738175e-02 7.915849956357448938e-03 -2.723824799723698065e-02 -4.624786942870983547e-02 -2.607424043941266537e-03 7.683752746317631943e-02 1.805068182157570922e-01 4.215091999563587710e-01 2.142363437102248747e-01 1.070425745578473947e-01
-7.898126647337727624e-02 -1.452282191164199323e-03 4.519376077544229320e-02 3.863825738874538535e-02 9.523476018124622799e-03 -4.412101237148043087e-02 -3.539121338740551515e-02 1.536185485680944748e-02 1.037932575647932398e-01 2.142363437102248747e-01 3.234327490469344202e-01 2.111788919457567582e-01
-2.079292317714159510e-01 -1.169572907372808668e-01 -3.128790873902963232e-02 3.609350958634861828e-02 4.236596608090860416e-02 1.992731454619131592e-03 -3.494631507244941315e-02 -3.919019965886513801e-02 2.143795264821975882e-02 1.070425745578473947e-01 2.111788919457567582e-01 2.844643608867335471e-01
3.032949627347907851e-01 2.103490954444487970e-01 1.078611571316765161e-01 2.889230517118145623e-03 -5.631368022496516246e-02 -4.783948995258417713e-02 1.254476462539162382e-02 5.468966436621364169e-02 5.897336917816144858e-02 1.155336060796551337e-02 -1.009339804409516289e-01 -2.067336703765975670e-01
2.103490954444487970e-01 3.914064884509227404e-01 2.219474290824049456e-01 9.837710617452727346e-02 -2.759363287094590642e-03 -4.296406500716357796e-02 -3.842849501046710636e-02 -1.407818056755725904e-03 3.399207973071369238e-02 5.182731178666353383e-02 3.048829225054660447e-02 -5.757040583034216119e-02
1.078611571316765161e-01 2.219474290824049456e-01 3.822590542037431205e-01 1.924028257310762269e-01 7.724746435840769421e-02 4.843043151620683891e-03 -4.462908372972024251e-02 -4.195353339821406013e-02 -1.279935275820643682e-02 3.084720758003088245e-02 5.782212004354794765e-02 2.526543744617336038e-02
2.889230517118145623e-03 9.837710617452727346e-02 1.924028257310762269e-01 2.125364700699993725e-01 1.990208213566188045e-01 1.090624777737225770e-01 1.198203191313212609e-02 -5.052598665106902004e-02 -5.574617207110229428e-02 -2.671356549735074901e-02 3.224049046561199006e-02 4.756438091969251297e-02
-5.631368022496516246e-02 -2.759363287094590642e-03 7.724746435840769421e-02 1.990208213566188045e-01 3.793674404174337544e-01 2.184556128033285360e-01 1.013026557792246762e-01 -1.258614168114792140e-02 -5.767527112707238057e-02 -6.002165615639256518e-02 -1.263428173910437387e-02 3.428153918943410705e-02
-4.783948995258417713e-02 -4.296406500716357796e-02 4.843043151620683891e-03 1.090624777737225770e-01 2.184556128033285360e-01 3.566419602241510667e-01 2.106923026037734459e-01 8.531788880121848884e-02 7.439938478358141183e-04 -4.389667709549247010e-02 -3.801228876358118264e-02 -3.234766868790965415e-03
1.254476462539162382e-02 -3.842849501046710636e-02 -4.462908372972024251e-02 1.198203191313212609e-02 1.013026557792246762e-01 2.106923026037734459e-01 3.199811561775184887e-01 2.172264454391125699e-01 1.209859941831939179e-01 4.674294502260302464e-02 -3.161524785714790731e-02 -4.577026225354578759e-02
5.468966436621364169e-02 -1.407818056755725904e-03 -4.195353339821406013e-02 -5.052598665106902004e-02 -1.258614168114792140e-02 8.531788880121848884e-02 2.172264454391125699e-01 3.206209388402995186e-01 2.109415926105696060e-01 1.222586309000921467e-01 1.639382466869508670e-02 -4.525180664330153563e-02
5.897336917816144858e-02 3.399207973071369238e-02 -1.279935275820643682e-02 -5.574617207110229428e-02 -5.767527112707238057e-02 7.439938478358141183e-04 1.209859941831939179e-01 2.109415926105696060e-01 2.835780014804294424e-01 2.047992640356493255e-01 8.639248209456079630e-02 -2.478147628101637096e-03
1.155336060796551337e-02 5.182731178666353383e-02 3.084720758003088245e-02 -2.671356549735074901e-02 -6.002165615639256518e-02 -4.389667709549247010e-02 4.674294502260302464e-02 1.222586309000921467e-01 2.047992640356493255e-01 2.570064351318617213e-01 1.977202855345230326e-01 9.260304146893860722e-02
-1.009339804409516289e-01 3.048829225054660447e-02 5.782212004354794765e-02 3.224049046561199006e-02 -1.263428173910437387e-02 -3.801228876358118264e-02 -3.161524785714790731e-02 1.639382466869508670e-02 8.639248209456079630e-02 1.977202855345230326e-01 3.828284601631854467e-01 2.209469000172864517e-01
-2.067336703765975670e-01 -5.757040583034216119e-02 2.526543744617336038e-02 4.756438091969251297e-02 3.428153918943410705e-02 -3.234766868790965415e-03 -4.577026225354578759e-02 -4.525180664330153563e-02 -2.478147628101637096e-03 9.260304146893860722e-02 2.209469000172864517e-01 4.104786321056568266e-01
2.993029154363263111e-01 2.114736510789086976e-01 9.104634857226864830e-02 -2.954637469854615867e-02 -5.908702914563940256e-02 -2.424619225178802767e-02 3.673588205943500995e-02 5.923109678380104881e-02 4.131932399410306878e-02 -2.769238673856055238e-02 -1.091810315615995147e-01 -2.098971833384744023e-01
2.114736510789086976e-01 3.992356027913672722e-01 2.133540305718639729e-01 8.085232060651739716e-02 -2.780660005887015951e-02 -5.335032549050622297e-02 -2.593529388683070425e-02 1.776278201487412403e-02 4.608988929740992502e-02 3.738338453042659715e-02 -1.834601679605363245e-02 -1.006539457397223059e-01
9.104634857226864830e-02 2.133540305718639729e-01 3.841147962713390429e-01 2.113764609448648690e-01 7.913304437072429809e-02 -2.724643727381513558e-02 -5.941429943593158625e-02 -4.243813220830645189e-02 6.148640519101488712e-03 4.595544097595206934e-02 4.987213524060324366e-02 8.250144386481235090e-03
-2.954637469854615867e-02 8.085232060651739716e-02 2.113764609448648690e-01 3.477775863038401472e-01 2.149268534583485546e-01 9.051128739116021116e-02 -2.088122702674791512e-02 -6.087679936582161833e-02 -4.729909444324600226e-02 2.763392617140712597e-03 4.958773034894493892e-02 6.400673925750209603e-02
-5.908702914563940256e-02 -2.780660005887015951e-02 7.913304437072429809e-02 2.149268534583485546e-01 3.863364503727773069e-01 2.155701837424529033e-01 9.430537846284248182e-02 1.836229404038463588e-04 -4.811976044655330575e-02 -4.389250234802063999e-02 -4.888550742426702768e-03 3.865252916505185904e-02
-2.424619225178802767e-02 -5.335032549050622297e-02 -2.724643727381513558e-02 9.051128739116021116e-02 2.155701837424529033e-01 3.655257718093963826e-01 2.122359768386935519e-01 1.037108272307353668e-01 1.423741571969494926e-02 -4.400204001803124237e-02 -5.055421702668680406e-02 -2.429204124967074274e-02
3.673588205943500995e-02 -2.593529388683070425e-02 -5.941429943593158625e-02 -2.088122702674791512e-02 9.430537846284248182e-02 2.122359768386935519e-01 2.972491904222934744e-01 2.103158033423550288e-01 1.067416792084435462e-01 1.485925284330252318e-02 -4.867343284349123084e-02 -6.236448046498041520e-02
5.923109678380104881e-02 1.776278201487412403e-02 -4.243813220830645189e-02 -6.087679936582161833e-02 1.836229404038463588e-04 1.037108272307353668e-01 2.103158033423550288e-01 2.991778920440657519e-01 2.105726831216715722e-01 1.069506595049074665e-01 1.256375523163416261e-02 -4.789687823992378607e-02
4.131932399410306878e-02 4.608988929740992502e-02 6.148640519101488712e-03 -4.729909444324600226e-02 -4.811976044655330575e-02 1.423741571969494926e-02 1.067416792084435462e-01 2.105726831216715722e-01 3.076131064467886311e-01 2.151858838224212089e-01 1.103313717166271024e-01 2.112418384954950490e-02
-2.769238673856055238e-02 3.738338453042659715e-02 4.595544097595206934e-02 2.763392617140712597e-03 -4.389250234802063999e-02 -4.400204001803124237e-02 1.485925284330252318e-02 1.069506595049074665e-01 2.151858838224212089e-01 3.692260791477157134e-01 2.098796926301381705e-01 1.102829589395358800e-01
-1.091810315615995147e-01 -1.834601679605363245e-02 4.987213524060324366e-02 4.958773034894493892e-02 -4.888550742426702768e-03 -5.055421702668680406e-02 -4.867343284349123084e-02 1.256375523163416261e-02 1.103313717166271024e-01 2.098796926301381705e-01 2.572215514388674906e-01 2.000106598196182695e-01
-2.098971833384744023e-01 -1.006539457397223059e-01 8.250144386481235090e-03 6.400673925750209603e-02 3.865252916505185904e-02 -2.429204124967074274e-02 -6.236448046498041520e-02 -4.789687823992378607e-02 2.112418384954950490e-02 1.102829589395358800e-01 2.000106598196182695e-01 2.872190575152284708e-01
4.303776157412196879e-01 2.131491468250286958e-01 9.670824547802514548e-02 -2.347850110121669446e-03 -4.543621576389378358e-02 -4.927198656830000106e-02 -1.685026399999941735e-02 2.329519059214240143e-02 4.494338836469355392e-02 1.990698966738537259e-02 -6.721696650056006861e-02 -1.976848458674183018e-01
2.131491468250286958e-01 3.519222961422338591e-01 2.148023270120824335e-01 9.416174605412640231e-02 1.044037481764819621e-02 -4.830975327315701479e-02 -4.595182347297609160e-02 -2.685702303558582665e-02 1.977616714555720245e-02 5.616458939776138720e-02 3.194275504114599262e-02 -7.664500892349229710e-02
9.670824547802514548e-02 2.148023270120824335e-01 2.657707282780065183e-01 2.002055240129579361e-01 1.026315689848957269e-01 2.258563731456470630e-02 -2.966142856626591967e-02 -5.260975486129328832e-02 -2.915898556420998614e-02 3.888255653378084459e-02 6.396137751313457631e-02 2.669094526031741410e-02
-2.347850110121669446e-03 9.416174605412640231e-02 2.002055240129579361e-01 3.553047325074576435e-01 2.132146874191978014e-01 1.215610269388816833e-01 2.916434252228878449e-02 -3.608222039851625290e-02 -4.877275989197366740e-02 -9.629006011555385838e-03 3.746200711903819452e-02 5.409257611295829188e-02
-4.543621576389378358e-02 1.044037481764819621e-02 1.026315689848957269e-01 2.132146874191978014e-01 2.643090080287459620e-01 2.121722141310710130e-01 9.625563869415663942e-02 2.567008023372683440e-02 -3.219166181348862704e-02 -4.391985236433521705e-02 -1.452005926343439245e-02 3.507245361012956836e-02
-4.927198656830000106e-02 -4.830975327315701479e-02 2.258563731456470630e-02 1.215610269388816833e-01 2.121722141310710130e-01 3.445028153688912131e-01 1.786413930612001655e-01 9.992166665625552835e-02 2.248009712383725392e-02 -4.736683906745719347e-02 -5.513780754088556252e-02 -1.162785780786945201e-02
-1.685026399999941735e-02 -4.595182347297609160e-02 -2.966142856626591967e-02 2.916434252228878449e-02 9.625563869415663942e-02 1.786413930612001655e-01 1.827611520430575676e-01 1.945777218244250928e-01 1.049567811178588328e-01 5.975807183798466544e-03 -5.392887118774867400e-02 -4.470384876794384482e-02
2.329519059214240143e-02 -2.685702303558582665e-02 -5.260975486129328832e-02 -3.608222039851625290e-02 2.567008023372683440e-02 9.992166665625552835e-02 1.945777218244250928e-01 3.643065232952715227e-01 2.176394771270003248e-01 9.639380903004576839e-02 -2.056518233005273297e-02 -5.745956963467191425e-02
4.494338836469355392e-02 1.977616714555720245e-02 -2.915898556420998614e-02 -4.877275989197366740e-02 -3.219166181348862704e-02 2.248009712383725392e-02 1.049567811178588328e-01 2.176394771270003248e-01 3.878981325075552267e-01 2.072991543613268428e-01 7.738874535955710121e-02 -2.079618563858336502e-02
1.990698966738537259e-02 5.616458939776138720e-02 3.888255653378084459e-02 -9.629006011555385838e-03 -4.391985236433521705e-02 -4.736683906745719347e-02 5.975807183798466544e-03 9.639380903004576839e-02 2.072991543613268428e-01 3.226966318645301257e-01 2.209949918781830558e-01 1.060571235880330976e-01
-6.721696650056006861e-02 3.194275504114599262e-02 6.396137751313457631e-02 3.746200711903819452e-02 -1.452005926343439245e-02 -5.513780754088556252e-02 -5.392887118774867400e-02 -2.056518233005273297e-02 7.738874535955710121e-02 2.209949918781830558e-01 3.678471626242866277e-01 2.172125400730212652e-01
