2.892809281782362518e-01 2.609500471845522807e-01 1.014869852271188672e-01 -1.028570607427005748e-02 -6.402531720168862239e-02 -5.942163337855230210e-02 -6.815642070673669228e-02 -5.407669365183947682e-03 1.210502576247649287e-01 2.374930432813850967e-01
2.609500471845522807e-01 5.228613090422972176e-01 2.782865102262148671e-01 1.371320020011717322e-01 5.915983730642507959e-02 4.239290481508440483e-03 -4.011223001733826843e-02 -6.155327219465994704e-02 -1.730990869487760569e-02 8.292889818652150746e-02
1.014869852271188672e-01 2.782865102262148671e-01 2.549629825066417332e-01 1.800997608813048045e-01 1.271219038544601776e-01 6.190955320489632818e-02 3.345587090892317844e-02 -2.759135808614910854e-02 -6.937424464456701245e-02 -4.460622094701786194e-02
-1.028570607427005748e-02 1.371320020011717322e-01 1.800997608813048045e-01 1.835356871572155768e-01 1.654332485170334488e-01 1.012233439181949302e-01 9.364606829127272714e-02 2.452000026352153111e-02 -7.276427517847494642e-02 -1.014916249869771414e-01
-6.402531720168862239e-02 5.915983730642507959e-02 1.271219038544601776e-01 1.654332485170334488e-01 1.827232778448247275e-01 1.295067506222450371e-01 1.476463193347316849e-01 7.948095843491778667e-02 -5.006636587697892854e-02 -1.151160486207017247e-01
-5.942163337855230210e-02 4.239290481508440483e-03 6.190955320489632818e-02 1.012233439181949302e-01 1.295067506222450371e-01 1.200300006328741398e-01 1.816400110104597065e-01 1.272274647059246644e-01 1.341759172606945064e-02 -6.725607579990548757e-02
-6.815642070673669228e-02 -4.011223001733826843e-02 3.345587090892317844e-02 9.364606829127272714e-02 1.476463193347316849e-01 1.816400110104597065e-01 3.642950134373532656e-01 2.829859591630146110e-01 1.208005598147299936e-01 -2.487277375085403253e-02
-5.407669365183947682e-03 -6.155327219465994704e-02 -2.759135808614910854e-02 2.452000026352153111e-02 7.948095843491778667e-02 1.272274647059246644e-01 2.829859591630146110e-01 3.828998481177601776e-01 2.394546746778111190e-01 1.047476307503723836e-01
1.210502576247649287e-01 -1.730990869487760569e-02 -6.937424464456701245e-02 -7.276427517847494642e-02 -5.006636587697892854e-02 1.341759172606945064e-02 1.208005598147299936e-01 2.394546746778111190e-01 3.067215927810519327e-01 2.583276341846626467e-01
2.374930432813850967e-01 8.292889818652150746e-02 -4.460622094701786194e-02 -1.014916249869771414e-01 -1.151160486207017247e-01 -6.725607579990548757e-02 -2.487277375085403253e-02 1.047476307503723836e-01 2.583276341846626467e-01 3.926893603017443946e-01
6.290945949450124641e-02 6.869611539533609923e-02 8.872366023846084415e-02 4.330813369756014719e-02 -2.980416783779129067e-02 -6.859413887606913285e-02 -2.885645860265476786e-02 2.843308425226321809e-02 9.843419109325565741e-02 1.275232290343263630e-01
6.869611539533609923e-02 1.241524536198095607e-01 2.200099609068800199e-01 1.439762303463872628e-01 1.528007543484273881e-02 -6.543206610884655383e-02 -5.102390066797130030e-02 -3.104851934633373958e-02 4.031118757826472609e-02 8.901201316901105609e-02
8.872366023846084415e-02 2.200099609068800199e-01 5.092588013973093908e-01 3.120680431139660760e-01 1.031774506310541434e-01 -3.280816909862240005e-02 -5.590003882058990764e-02 -7.063491134441207686e-02 -1.174518016867313148e-03 6.896257227628502240e-02
4.330813369756014719e-02 1.439762303463872628e-01 3.120680431139660760e-01 3.239387365923442341e-01 1.790443273696337989e-01 9.121805639479943495e-02 1.432847274192551416e-02 -3.196853774192217473e-02 -3.027721514079109028e-02 4.300574715616899439e-04
-2.980416783779129067e-02 1.528007543484273881e-02 1.031774506310541434e-01 1.790443273696337989e-01 2.213324260758324780e-01 2.569541301481073070e-01 1.236689964398019898e-01 6.139261771380234711e-02 -3.933185510225445380e-02 -8.283882573248801950e-02
-6.859413887606913285e-02 -6.543206610884655383e-02 -3.280816909862240005e-02 9.121805639479943495e-02 2.569541301481073070e-01 5.058983292787897490e-01 2.261070086039394800e-01 1.466568025398318764e-01 -1.912420259873060316e-02 -1.119701667212087554e-01
-2.885645860265476786e-02 -5.102390066797130030e-02 -5.590003882058990764e-02 1.432847274192551416e-02 1.236689964398019898e-01 2.261070086039394800e-01 1.556238780799842347e-01 1.715286290237043043e-01 7.503552142169081507e-02 -9.740721519987022986e-03
2.843308425226321809e-02 -3.104851934633373958e-02 -7.063491134441207686e-02 -3.196853774192217473e-02 6.139261771380234711e-02 1.466568025398318764e-01 1.715286290237043043e-01 3.337947599493482076e-01 2.733383465742775797e-01 1.554572650497229036e-01
9.843419109325565741e-02 4.031118757826472609e-02 -1.174518016867313148e-03 -3.027721514079109028e-02 -3.933185510225445380e-02 -1.912420259873060316e-02 7.503552142169081507e-02 2.733383465742775797e-01 4.357878864804366481e-01 2.912291562926436761e-01
1.275232290343263630e-01 8.901201316901105609e-02 6.896257227628502240e-02 4.300574715616899439e-04 -8.283882573248801950e-02 -1.119701667212087554e-01 -9.740721519987022986e-03 1.554572650497229036e-01 2.912291562926436761e-01 3.273032690316424187e-01
4.042477709418998977e-01 2.038232558442489850e-01 1.316739739781776497e-01 6.063805624098510955e-02 -1.766809239002013754e-02 -8.117262054695834061e-02 -8.722236360294485791e-02 1.125014548347760476e-02 1.600939809009007120e-01 2.458889581667624835e-01
2.038232558442489850e-01 1.463155631663270728e-01 1.384986638076219356e-01 1.134622778575428009e-01 5.324949220305291719e-02 -3.534176814358284957e-02 -8.238784763172718462e-02 -3.788546621442993867e-02 5.003319591232300440e-02 1.211210960919732044e-01
1.316739739781776497e-01 1.384986638076219356e-01 1.960840920277182320e-01 2.212663386044360081e-01 1.580369615313846343e-01 2.768117935563111504e-02 -6.969000834685754042e-02 -6.858676652759332359e-02 -2.058521273519146183e-02 5.718256111753854815e-02
6.063805624098510955e-02 1.134622778575428009e-01 2.212663386044360081e-01 3.467667534684630848e-01 2.831839134183286033e-01 1.251111542042420144e-01 -8.726824117762524771e-03 -6.482171195522654084e-02 -7.299325948676019249e-02 -9.846612521890549252e-03
-1.766809239002013754e-02 5.324949220305291719e-02 1.580369615313846343e-01 2.831839134183286033e-01 3.816137337802313900e-01 2.207986843863167792e-01 1.031163234094376879e-01 -6.360524797951469869e-04 -6.552099553996362791e-02 -5.180512262282856162e-02
-8.117262054695834061e-02 -3.534176814358284957e-02 2.768117935563111504e-02 1.251111542042420144e-01 2.207986843863167792e-01 2.445279866977521921e-01 2.397256854257023284e-01 1.240163434608422682e-01 2.300974137035786612e-02 -4.784641993456952014e-02
-8.722236360294485791e-02 -8.238784763172718462e-02 -6.969000834685754042e-02 -8.726824117762524771e-03 1.031163234094376879e-01 2.397256854257023284e-01 4.253768216431933480e-01 2.558948545135908414e-01 1.422058139329177573e-01 1.811637917367625063e-03
1.125014548347760476e-02 -3.788546621442993867e-02 -6.858676652759332359e-02 -6.482171195522654084e-02 -6.360524797951469869e-04 1.240163434608422682e-01 2.558948545135908414e-01 2.592937083004971943e-01 2.270015672554424047e-01 9.576504344156494541e-02
1.600939809009007120e-01 5.003319591232300440e-02 -2.058521273519146183e-02 -7.299325948676019249e-02 -6.552099553996362791e-02 2.300974137035786612e-02 1.422058139329177573e-01 2.270015672554424047e-01 3.585062996634448274e-01 2.261533575519886763e-01
2.458889581667624835e-01 1.211210960919732044e-01 5.718256111753854815e-02 -9.846612521890549252e-03 -5.180512262282856162e-02 -4.784641993456952014e-02 1.811637917367625063e-03 9.576504344156494541e-02 2.261533575519886763e-01 2.372672703104766190e-01
1.762868350295778708e-01 1.951314785272771912e-01 1.247715136562118216e-01 4.663169799982730401e-02 -2.858373772340426153e-02 -7.093529217108998641e-02 -8.244820097174399010e-02 -4.676173402072507368e-02 7.856665047308392102e-02 2.063904020699381947e-01
1.951314785272771912e-01 3.452380663100979574e-01 2.645532802866654709e-01 1.659651191207542897e-01 4.600083656629804646e-02 -3.355985268593980608e-02 -8.012780028492766382e-02 -9.186359786212738854e-02 -3.547596055352721101e-02 1.006267099071370685e-01
1.247715136562118216e-01 2.645532802866654709e-01 3.213933574499238111e-01 2.434485259346360064e-01 1.253626621052357226e-01 4.952864146149651980e-02 -7.962614197439252250e-03 -5.078675275672761558e-02 -6.062738180490960527e-02 1.496740725293449134e-02
4.663169799982730401e-02 1.659651191207542897e-01 2.434485259346360064e-01 2.778081852430065446e-01 1.928038578134157188e-01 1.350466496066997646e-01 8.676739533800505166e-02 3.034665228204023318e-02 -4.175184324521431095e-02 -4.642287682049356379e-02
-2.858373772340426153e-02 4.600083656629804646e-02 1.253626621052357226e-01 1.928038578134157188e-01 1.997872114702856916e-01 1.843869821095609207e-01 1.521117282418067984e-01 9.934768751914896390e-02 8.660204309170456503e-04 -7.248480673726262480e-02
-7.093529217108998641e-02 -3.355985268593980608e-02 4.952864146149651980e-02 1.350466496066997646e-01 1.843869821095609207e-01 2.217399410593556275e-01 2.112056394372872070e-01 1.567992728140377157e-01 4.770848060707603977e-02 -7.451455637304157942e-02
-8.244820097174399010e-02 -8.012780028492766382e-02 -7.962614197439252250e-03 8.676739533800505166e-02 1.521117282418067984e-01 2.112056394372872070e-01 2.649593252034875279e-01 2.205637206960539831e-01 1.116234805358864296e-01 -4.276038292636120258e-02
-4.676173402072507368e-02 -9.186359786212738854e-02 -5.078675275672761558e-02 3.034665228204023318e-02 9.934768751914896390e-02 1.567992728140377157e-01 2.205637206960539831e-01 2.519010381976995450e-01 2.152953429490520043e-01 6.650332395409035147e-02
7.856665047308392102e-02 -3.547596055352721101e-02 -6.062738180490960527e-02 -4.175184324521431095e-02 8.660204309170456503e-04 4.770848060707603977e-02 1.116234805358864296e-01 2.152953429490520043e-01 4.313385515455470109e-01 3.073794319976669298e-01
2.063904020699381947e-01 1.006267099071370685e-01 1.496740725293449134e-02 -4.642287682049356379e-02 -7.248480673726262480e-02 -7.451455637304157942e-02 -4.276038292636120258e-02 6.650332395409035147e-02 3.073794319976669298e-01 5.095474884910177193e-01
4.545695449429968393e-01 1.204556567492100633e-01 1.081138628388657597e-01 5.561075529455600241e-02 -2.592765109275052549e-02 -9.760458084636866594e-02 -9.303622091003768690e-02 -4.500048654034322776e-02 8.234321828459781334e-02 2.892905156143629197e-01
1.204556567492100633e-01 4.895627734406547693e-02 9.387125336549326238e-02 8.106652304278097465e-02 3.343320219609720312e-02 -1.499467530948139608e-02 -3.620270216990976314e-02 -3.365347741005741272e-02 -7.709891761301886082e-03 6.979212535809775630e-02
1.081138628388657597e-01 9.387125336549326238e-02 2.917679752975470553e-01 2.876457097611461178e-01 1.712895250680601111e-01 5.117608075636034815e-02 -3.898498350551452690e-02 -7.233205638318153385e-02 -7.835622901050193212e-02 3.080482897572437567e-02
5.561075529455600241e-02 8.106652304278097465e-02 2.876457097611461178e-01 4.121224092478414924e-01 2.501678343885330169e-01 1.289607317302867706e-01 2.042711464860141879e-02 -3.774515660426624314e-02 -7.240888955864475951e-02 -1.062660912021611698e-02
-2.592765109275052549e-02 3.343320219609720312e-02 1.712895250680601111e-01 2.501678343885330169e-01 2.346711595589457133e-01 1.962564211069718900e-01 1.087562644644084753e-01 4.721445180201458425e-02 -2.364838618231543833e-03 -3.607540805328643407e-02
-9.760458084636866594e-02 -1.499467530948139608e-02 5.117608075636034815e-02 1.289607317302867706e-01 1.962564211069718900e-01 2.867755823358934530e-01 2.185470383965053831e-01 1.469407511787279019e-01 8.798224495625103780e-02 -4.735851524236189825e-02
-9.303622091003768690e-02 -3.620270216990976314e-02 -3.898498350551452690e-02 2.042711464860141879e-02 1.087562644644084753e-01 2.185470383965053831e-01 2.309691878692516631e-01 1.886734189443075860e-01 1.493355713880534785e-01 -3.344748336911741379e-03
-4.500048654034322776e-02 -3.365347741005741272e-02 -7.233205638318153385e-02 -3.774515660426624314e-02 4.721445180201458425e-02 1.469407511787279019e-01 1.886734189443075860e-01 2.163871558518679905e-01 2.353258554056235352e-01 8.454934218687748526e-02
8.234321828459781334e-02 -7.709891761301886082e-03 -7.835622901050193212e-02 -7.240888955864475951e-02 -2.364838618231543833e-03 8.798224495625103780e-02 1.493355713880534785e-01 2.353258554056235352e-01 4.083820979455179412e-01 2.506418904734329933e-01
2.892905156143629197e-01 6.979212535809775630e-02 3.080482897572437567e-02 -1.062660912021611698e-02 -3.607540805328643407e-02 -4.735851524236189825e-02 -3.344748336911741379e-03 8.454934218687748526e-02 2.506418904734329933e-01 4.153986096060711120e-01
1.459297724342945302e-01 1.837246706741313407e-01 9.609493384747552769e-02 2.731466528595263149e-02 -3.227324838690778797e-02 -5.149076469249489613e-02 -5.532470171309959717e-02 1.850102214898424746e-02 1.242927829032532960e-01 1.892736959829725840e-01
1.837246706741313407e-01 4.151541888364665978e-01 2.491618757471186496e-01 1.508899748954952158e-01 1.292021203259775472e-02 -6.247614513208755993e-02 -1.108659460679811137e-01 -5.333020841949408924e-02 1.433333268911820418e-02 9.967540930477349070e-02
9.609493384747552769e-02 2.491618757471186496e-01 2.665599884734125569e-01 2.439312018350569544e-01 1.167296939899276909e-01 2.637418156009967846e-02 -4.088163412865998547e-02 -4.157090793453313560e-02 -3.937433494343005325e-02 9.772587074457519257e-03
2.731466528595263149e-02 1.508899748954952158e-01 2.439312018350569544e-01 3.636552688939235223e-01 2.335259081143171156e-01 1.333623688091858939e-01 7.106201646665427640e-02 -1.141662473704779714e-03 -6.233519657679362225e-02 -5.636811833615039402e-02
-3.227324838690778797e-02 1.292021203259775472e-02 1.167296939899276909e-01 2.335259081143171156e-01 2.504464894884126380e-01 1.925852803454355389e-01 1.600477720390037772e-01 5.632803692778089177e-02 -2.419499764591077906e-02 -5.923504924758053736e-02
-5.149076469249489613e-02 -6.247614513208755993e-02 2.637418156009967846e-02 1.333623688091858939e-01 1.925852803454355389e-01 2.044698696069097987e-01 2.286696337952567881e-01 1.015993725509416051e-01 2.780302179074613245e-02 -3.213290457528696076e-02
-5.532470171309959717e-02 -1.108659460679811137e-01 -4.088163412865998547e-02 7.106201646665427640e-02 1.600477720390037772e-01 2.286696337952567881e-01 3.870293432167273284e-01 1.817976024803186208e-01 1.035432929401268326e-01 1.535902713250798454e-02
1.850102214898424746e-02 -5.333020841949408924e-02 -4.157090793453313560e-02 -1.141662473704779714e-03 5.632803692778089177e-02 1.015993725509416051e-01 1.817976024803186208e-01 1.434096760389077518e-01 1.852562681856866900e-01 1.211393560811287601e-01
1.242927829032532960e-01 1.433333268911820418e-02 -3.937433494343005325e-02 -6.233519657679362225e-02 -2.419499764591077906e-02 2.780302179074613245e-02 1.035432929401268326e-01 1.852562681856866900e-01 4.081873178198140995e-01 3.077784539999452451e-01
1.892736959829725840e-01 9.967540930477349070e-02 9.772587074457519257e-03 -5.636811833615039402e-02 -5.923504924758053736e-02 -3.213290457528696076e-02 1.535902713250798454e-02 1.211393560811287601e-01 3.077784539999452451e-01 4.151580851911291226e-01
3.457865711960123045e-01 2.573717305365318397e-01 1.388913344049051424e-01 -4.459312531213939501e-02 -8.860873900167590134e-02 -1.485302637711354706e-02 4.498451236325017033e-02 9.854097921340987387e-02 9.108015045359837969e-02 2.300437460415605539e-01
2.573717305365318397e-01 2.855397654851353773e-01 2.238232071420029612e-01 5.184381761747995643e-02 -7.572862224529183783e-02 -6.161351917004831424e-02 -1.926860694017668019e-02 2.802955500441388359e-02 5.394681658446397882e-02 1.646668515430865787e-01
1.388913344049051424e-01 2.238232071420029612e-01 3.652113320928158102e-01 2.766821783055624095e-01 3.913288548147396406e-02 -7.260302932840741186e-02 -8.391931943584662879e-02 -7.111027146665588328e-02 -6.131954020464919913e-03 5.977702820841540587e-02
-4.459312531213939501e-02 5.184381761747995643e-02 2.766821783055624095e-01 5.720432159425488106e-01 2.806145379052201738e-01 5.799717614177733738e-02 -3.245602190184574548e-02 -7.020480803021297844e-02 -4.253118622082092265e-02 -6.655715539662121483e-02
-8.860873900167590134e-02 -7.572862224529183783e-02 3.913288548147396406e-02 2.806145379052201738e-01 3.696105976015441330e-01 2.204162050409294582e-01 1.305581489028122266e-01 8.084925683960612897e-02 6.595784748850332807e-03 -5.130338563527758050e-02
-1.485302637711354706e-02 -6.161351917004831424e-02 -7.260302932840741186e-02 5.799717614177733738e-02 2.204162050409294582e-01 2.645942589029981473e-01 2.208743781143788221e-01 1.820229693827735695e-01 6.217498084152669330e-02 3.522262219040351444e-02
4.498451236325017033e-02 -1.926860694017668019e-02 -8.391931943584662879e-02 -3.245602190184574548e-02 1.305581489028122266e-01 2.208743781143788221e-01 2.525626812519236042e-01 2.377435458955847736e-01 9.093303070364676388e-02 8.555667989840215482e-02
9.854097921340987387e-02 2.802955500441388359e-02 -7.111027146665588328e-02 -7.020480803021297844e-02 8.084925683960612897e-02 1.820229693827735695e-01 2.377435458955847736e-01 2.917864897112884548e-01 1.168231818628626961e-01 1.288280546309389374e-01
9.108015045359837969e-02 5.394681658446397882e-02 -6.131954020464919913e-03 -4.253118622082092265e-02 6.595784748850332807e-03 6.217498084152669330e-02 9.093303070364676388e-02 1.168231818628626961e-01 5.881924156377852514e-02 9.075284923480853028e-02
2.300437460415605539e-01 1.646668515430865787e-01 5.977702820841540587e-02 -6.655715539662121483e-02 -5.130338563527758050e-02 3.522262219040351444e-02 8.555667989840215482e-02 1.288280546309389374e-01 9.075284923480853028e-02 1.940458462519568106e-01
4.419438762829659972e-01 2.482982387235939115e-01 8.804471196219013085e-02 -5.668781577872509733e-03 -4.797165664307957711e-02 -5.199495232923670440e-02 -2.532690826935917600e-02 3.982735042719423579e-02 1.372025813302411579e-01 2.862140204361851570e-01
2.482982387235939115e-01 3.402062124026350998e-01 2.474187394508094162e-01 1.544957599587389596e-01 6.218346418525950298e-02 -2.953988439282353995e-02 -7.874996166642156403e-02 -5.483704951451825321e-02 -1.003116522151554536e-02 9.809270421544413754e-02
8.804471196219013085e-02 2.474187394508094162e-01 3.095394980473784030e-01 2.426456919682301594e-01 1.458497101053596035e-01 3.709058777162502207e-02 -4.883017178483854692e-02 -7.325644132504154082e-02 -8.425638610085245395e-02 -4.568816160031871632e-02
-5.668781577872509733e-03 1.544957599587389596e-01 2.426456919682301594e-01 2.736950445545385247e-01 2.047192577965714633e-01 1.119187704063939193e-01 2.707560779580909724e-02 -3.938834425088601904e-02 -8.465936560232438512e-02 -9.283382127005476714e-02
-4.797165664307957711e-02 6.218346418525950298e-02 1.458497101053596035e-01 2.047192577965714633e-01 2.383572538954227271e-01 2.093784553447693986e-01 1.490143299448545566e-01 4.306634721907159208e-02 -2.867909573215089367e-02 -7.627751690170156418e-02
-5.199495232923670440e-02 -2.953988439282353995e-02 3.709058777162502207e-02 1.119187704063939193e-01 2.093784553447693986e-01 2.934409330284397099e-01 2.772131655357852331e-01 1.387534553742867105e-01 5.805442978096227863e-02 -1.440363314581399011e-02
-2.532690826935917600e-02 -7.874996166642156403e-02 -4.883017178483854692e-02 2.707560779580909724e-02 1.490143299448545566e-01 2.772131655357852331e-01 4.256902300238090131e-01 2.143995333384128843e-01 1.271490769118708841e-01 5.624002585252003278e-02
3.982735042719423579e-02 -5.483704951451825321e-02 -7.325644132504154082e-02 -3.938834425088601904e-02 4.306634721907159208e-02 1.387534553742867105e-01 2.143995333384128843e-01 1.516512890867712515e-01 1.314022774842505958e-01 1.091823940096970508e-01
1.372025813302411579e-01 -1.003116522151554536e-02 -8.425638610085245395e-02 -8.465936560232438512e-02 -2.867909573215089367e-02 5.805442978096227863e-02 1.271490769118708841e-01 1.314022774842505958e-01 1.749093285400824538e-01 2.093910849513612171e-01
2.862140204361851570e-01 9.809270421544413754e-02 -4.568816160031871632e-02 -9.283382127005476714e-02 -7.627751690170156418e-02 -1.440363314581399011e-02 5.624002585252003278e-02 1.091823940096970508e-01 2.093910849513612171e-01 3.505663341379604558e-01
3.684980272221164976e-01 2.102256776107896963e-01 1.175219766847734604e-01 1.831961243029116976e-02 -4.573086896938376861e-02 -9.678068812170621815e-02 -3.719162299187296628e-02 -2.877811231208678155e-03 1.042538055547376913e-01 2.938136761523501006e-01
2.102256776107896963e-01 1.790013867464380348e-01 1.729192419938251901e-01 1.178466366281494260e-01 3.341223061605215483e-02 -2.445095546053137683e-02 -3.224212386369175454e-02 -6.215259543753441640e-02 2.858277815907565508e-02 1.569202860746186645e-01
1.175219766847734604e-01 1.729192419938251901e-01 2.772826889853136079e-01 2.687507066323024385e-01 1.404639951406637111e-01 7.655116566901640218e-02 -1.302894783498281632e-02 -9.726223379470030905e-02 -2.729726437643657452e-02 5.753737992554384950e-02
1.831961243029116976e-02 1.178466366281494260e-01 2.687507066323024385e-01 4.242244224383140416e-01 2.243556274333529110e-01 1.644511884531054680e-01 2.821900319018126602e-02 -5.311820399940124504e-02 -4.474238924926386002e-02 -3.544934003318536697e-02
-4.573086896938376861e-02 3.341223061605215483e-02 1.404639951406637111e-01 2.243556274333529110e-01 1.770635140942909691e-01 1.872622816213371233e-01 6.308187381968896612e-02 3.623703226240841679e-02 -1.815216546710336776e-02 -6.613009460948515716e-02
-9.678068812170621815e-02 -2.445095546053137683e-02 7.655116566901640218e-02 1.644511884531054680e-01 1.872622816213371233e-01 2.810844251181572329e-01 1.296711360593613416e-01 1.675382693378119625e-01 2.510695125743234515e-02 -8.935308858306713342e-02
-3.719162299187296628e-02 -3.224212386369175454e-02 -1.302894783498281632e-02 2.821900319018126602e-02 6.308187381968896612e-02 1.296711360593613416e-01 9.971493028365252531e-02 2.163771304301954634e-01 7.722896221387048898e-02 -3.395113532764128771e-03
-2.877811231208678155e-03 -6.215259543753441640e-02 -9.726223379470030905e-02 -5.311820399940124504e-02 3.623703226240841679e-02 1.675382693378119625e-01 2.163771304301954634e-01 6.591347207491546900e-01 2.541924873324801215e-01 1.051033288829685691e-01
1.042538055547376913e-01 2.858277815907565508e-02 -2.729726437643657452e-02 -4.474238924926386002e-02 -1.815216546710336776e-02 2.510695125743234515e-02 7.722896221387048898e-02 2.541924873324801215e-01 1.584825241667502937e-01 1.681422445634544183e-01
2.938136761523501006e-01 1.569202860746186645e-01 5.753737992554384950e-02 -3.544934003318536697e-02 -6.613009460948515716e-02 -8.935308858306713342e-02 -3.395113532764128771e-03 1.051033288829685691e-01 1.681422445634544183e-01 3.755133601958164369e-01
4.980065679565046644e-01 3.299063977673852843e-01 1.055611768095553460e-01 2.733458835797963199e-02 -1.850015519837690942e-02 -5.633776744711700701e-02 -6.893270842070207960e-02 -1.388896813411086978e-02 8.057488194745157650e-02 1.779648463909798972e-01
3.299063977673852843e-01 3.555645330094001633e-01 1.245195668925286325e-01 7.722062841405660794e-02 2.064533769104864858e-02 -3.294090953809736266e-02 -6.958117557708892731e-02 -4.241259086538323730e-02 3.452860582931441963e-02 1.288214494816922739e-01
1.055611768095553460e-01 1.245195668925286325e-01 7.204425059462089831e-02 1.375047731300065856e-01 8.067379571709284991e-02 4.075338469785133588e-02 -1.343452782874774093e-03 -2.850078229719200246e-02 -1.886669286799163084e-02 2.961220585789477167e-02
2.733458835797963199e-02 7.722062841405660794e-02 1.375047731300065856e-01 4.841287921442033459e-01 2.726335894550452332e-01 1.809380404153213273e-01 7.824186533101318286e-02 -4.047371939244162609e-02 -8.582777452308218424e-02 -2.547532685687792231e-02
-1.850015519837690942e-02 2.064533769104864858e-02 8.067379571709284991e-02 2.726335894550452332e-01 2.506344526677982687e-01 1.958621953150495310e-01 1.108608508546610749e-01 2.360425430295727198e-03 -5.975413020809079712e-02 -3.320581710528386354e-02
-5.633776744711700701e-02 -3.294090953809736266e-02 4.075338469785133588e-02 1.809380404153213273e-01 1.958621953150495310e-01 1.939152364086697555e-01 1.615486041314509735e-01 9.037959148114740882e-02 1.882075974162848025e-02 -2.181359938389428738e-02
-6.893270842070207960e-02 -6.958117557708892731e-02 -1.343452782874774093e-03 7.824186533101318286e-02 1.108608508546610749e-01 1.615486041314509735e-01 2.368171367835816554e-01 2.481334562826274792e-01 1.649645086848801068e-01 2.075093644011573660e-02
-1.388896813411086978e-02 -4.241259086538323730e-02 -2.850078229719200246e-02 -4.047371939244162609e-02 2.360425430295727198e-03 9.037959148114740882e-02 2.481334562826274792e-01 4.284641315313980070e-01 3.076696134253470438e-01 8.713363529176831879e-02
8.057488194745157650e-02 3.452860582931441963e-02 -1.886669286799163084e-02 -8.582777452308218424e-02 -5.975413020809079712e-02 1.882075974162848025e-02 1.649645086848801068e-01 3.076696134253470438e-01 3.788637708333744691e-01 1.376802343130418549e-01
1.779648463909798972e-01 1.288214494816922739e-01 2.961220585789477167e-02 -2.547532685687792231e-02 -3.320581710528386354e-02 -2.181359938389428738e-02 2.075093644011573660e-02 8.713363529176831879e-02 1.376802343130418549e-01 1.015611280704532826e-01
3.558344478537716071e-01 2.140818209055607158e-01 1.049220144739038407e-01 4.049739575522955104e-02 -3.304810576992034919e-03 -3.581736370714862228e-02 -7.076594071195854707e-02 -3.189877856017349356e-02 1.235104073756767146e-01 2.995034358768241534e-01
2.140818209055607158e-01 3.071217354882755379e-01 2.494819301060926531e-01 1.820206981990954431e-01 1.050369269562392849e-01 4.360113846054276127e-02 -1.532027984103708114e-02 -5.393240527516932753e-02 -2.237231365138733080e-02 8.175968087265049478e-02
1.049220144739038407e-01 2.494819301060926531e-01 2.950167986385606178e-01 2.354930359238277260e-01 1.449915281959228697e-01 8.115184926399192367e-02 3.176770547330352162e-02 -3.530081252756091248e-02 -7.708021717048035848e-02 -3.847381853296705928e-02
4.049739575522955104e-02 1.820206981990954431e-01 2.354930359238277260e-01 2.422113316097743996e-01 1.567959504086055000e-01 9.777208542371054745e-02 6.391408323570313410e-02 -6.056584884888213324e-03 -8.369416275935004368e-02 -8.269708866806832481e-02
-3.304810576992034919e-03 1.050369269562392849e-01 1.449915281959228697e-01 1.567959504086055000e-01 1.159537295780511262e-01 8.943188001486784833e-02 9.267620697956607811e-02 4.067254916420011412e-02 -4.856844384505793616e-02 -7.840657951559745764e-02
-3.581736370714862228e-02 4.360113846054276127e-02 8.115184926399192367e-02 9.777208542371054745e-02 8.943188001486784833e-02 1.045086252331154514e-01 1.716685155181097433e-01 1.268346146598084700e-01 7.293880134969624000e-03 -6.591487552789740412e-02
-7.076594071195854707e-02 -1.532027984103708114e-02 3.176770547330352162e-02 6.391408323570313410e-02 9.267620697956607811e-02 1.716685155181097433e-01 3.832888640388669166e-01 3.172914458348924938e-01 1.122077932354064445e-01 -4.589095683074650989e-02
-3.189877856017349356e-02 -5.393240527516932753e-02 -3.530081252756091248e-02 -6.056584884888213324e-03 4.067254916420011412e-02 1.268346146598084700e-01 3.172914458348924938e-01 4.681750687232130170e-01 2.122495921247441741e-01 5.448897490662205079e-02
1.235104073756767146e-01 -2.237231365138733080e-02 -7.708021717048035848e-02 -8.369416275935004368e-02 -4.856844384505793616e-02 7.293880134969624000e-03 1.122077932354064445e-01 2.122495921247441741e-01 2.339532888511418052e-01 2.414007303329696597e-01
2.995034358768241534e-01 8.175968087265049478e-02 -3.847381853296705928e-02 -8.269708866806832481e-02 -7.840657951559745764e-02 -6.591487552789740412e-02 -4.589095683074650989e-02 5.448897490662205079e-02 2.414007303329696597e-01 4.939361099852289660e-01
4.421363575473870600e-01 2.911044380934987297e-01 7.133262083669467124e-02 -7.001652336579064495e-02 -9.587229437301443558e-02 -6.498069407232255623e-02 -8.395739757493407562e-03 5.016922711003496405e-02 1.114197100237676735e-01 2.331627574688850957e-01
2.911044380934987297e-01 3.578896927009075912e-01 2.253976171103413972e-01 7.162757275354519892e-02 -2.623006280099323545e-02 -5.785107139652881370e-02 -4.837142209672681825e-02 -2.232782014550287880e-02 4.761734804661516690e-02 1.482956633829536908e-01
7.133262083669467124e-02 2.253976171103413972e-01 4.337084312809010300e-01 2.947657875234016567e-01 1.409988596602022026e-01 3.002710090016828814e-02 -3.992998108115049238e-02 -7.338439385095313350e-02 -4.842799524877638290e-02 -1.509517414081730860e-02
-7.001652336579064495e-02 7.162757275354519892e-02 2.947657875234016567e-01 3.886031798268274051e-01 2.257501565508029662e-01 1.120610764657097164e-01 2.958523872092282819e-02 -2.585042403038109726e-02 -5.484914058034797563e-02 -8.101137487877178855e-02
-9.587229437301443558e-02 -2.623006280099323545e-02 1.409988596602022026e-01 2.257501565508029662e-01 2.028696773138253806e-01 1.641410983656265699e-01 1.149075819943326804e-01 7.482425770611561555e-02 1.561056827045055606e-03 -5.814795717580289319e-02
-6.498069407232255623e-02 -5.785107139652881370e-02 3.002710090016828814e-02 1.120610764657097164e-01 1.641410983656265699e-01 2.134393337122669487e-01 2.052462557566003265e-01 1.800380866194705720e-01 7.420414653288703866e-02 -5.628251740854173929e-04
-8.395739757493407562e-03 -4.837142209672681825e-02 -3.992998108115049238e-02 2.958523872092282819e-02 1.149075819943326804e-01 2.052462557566003265e-01 2.580019756343288617e-01 2.640671523362633222e-01 1.318189444002293431e-01 5.858317869533293670e-02
5.016922711003496405e-02 -2.232782014550287880e-02 -7.338439385095313350e-02 -2.585042403038109726e-02 7.482425770611561555e-02 1.800380866194705720e-01 2.640671523362633222e-01 4.021446414705449612e-01 1.948746728840041464e-01 1.114183069714970026e-01
1.114197100237676735e-01 4.761734804661516690e-02 -4.842799524877638290e-02 -5.484914058034797563e-02 1.561056827045055606e-03 7.420414653288703866e-02 1.318189444002293431e-01 1.948746728840041464e-01 1.299361098740460796e-01 1.170075126054045678e-01
2.331627574688850957e-01 1.482956633829536908e-01 -1.509517414081730860e-02 -8.101137487877178855e-02 -5.814795717580289319e-02 -5.628251740854173929e-04 5.858317869533293670e-02 1.114183069714970026e-01 1.170075126054045678e-01 1.712706006389644320e-01
5.230371118083565474e-01 3.174627271716893295e-01 1.114791938306280289e-01 -6.267540298695599768e-03 -3.921831328376540471e-02 -6.681338503680345209e-02 -3.392867768964239611e-02 -2.942329453905892511e-02 4.393848571404788961e-02 2.249098812622667420e-01
3.174627271716893295e-01 3.436664525192053565e-01 1.659971540090930953e-01 8.602055657854082438e-02 2.750611562946395083e-02 -5.662210577101180198e-03 -3.278078082850570396e-02 -9.179442346707436529e-02 -6.041656875428654677e-02 1.039550731313042542e-01
1.114791938306280289e-01 1.659971540090930953e-01 1.502665996796729853e-01 1.870710359185300820e-01 1.115411889196200462e-01 9.519979584637441872e-02 1.231617129281033750e-02 -4.984217893943733435e-02 -6.065629849331605206e-02 1.268118988499713010e-03
-6.267540298695599768e-03 8.602055657854082438e-02 1.870710359185300820e-01 3.662991492057329213e-01 2.237489518740563010e-01 2.039406326310428952e-01 6.179939547839646830e-02 2.503875421245837715e-03 -4.132242248890637126e-02 -5.200315691886801817e-02
-3.921831328376540471e-02 2.750611562946395083e-02 1.115411889196200462e-01 2.237489518740563010e-01 1.943020193304651755e-01 2.213712892139148569e-01 7.453073904558257801e-02 3.638767257432017066e-02 -5.437197149503811625e-03 -4.268118394357744982e-02
-6.681338503680345209e-02 -5.662210577101180198e-03 9.519979584637441872e-02 2.039406326310428952e-01 2.213712892139148569e-01 3.174938480818046971e-01 1.166099695020181570e-01 9.337623056572619262e-02 4.194340914760284061e-02 -3.219063991119319040e-02
-3.392867768964239611e-02 -3.278078082850570396e-02 1.231617129281033750e-02 6.179939547839646830e-02 7.453073904558257801e-02 1.166099695020181570e-01 6.832332899660592540e-02 1.233116480039005147e-01 9.950255911867887659e-02 3.510629444559337786e-02
-2.942329453905892511e-02 -9.179442346707436529e-02 -4.984217893943733435e-02 2.503875421245837715e-03 3.638767257432017066e-02 9.337623056572619262e-02 1.233116480039005147e-01 3.523749379015741479e-01 3.107593105824126845e-01 1.669882033568791113e-01
4.393848571404788961e-02 -6.041656875428654677e-02 -6.065629849331605206e-02 -4.132242248890637126e-02 -5.437197149503811625e-03 4.194340914760284061e-02 9.950255911867887659e-02 3.107593105824126845e-01 4.297477769505598788e-01 2.428958719583053649e-01
2.249098812622667420e-01 1.039550731313042542e-01 1.268118988499713010e-03 -5.200315691886801817e-02 -4.268118394357744982e-02 -3.219063991119319040e-02 3.510629444559337786e-02 1.669882033568791113e-01 2.428958719583053649e-01 2.544887755260217821e-01
3.596831084882737839e-01 2.092731761738576279e-01 6.736542705870839087e-02 -1.382370343810731574e-02 -3.647597177136123470e-02 -5.288206633057719597e-02 -3.247947054057122307e-02 1.657708989046985078e-03 9.953517688068969083e-02 3.110451528884659034e-01
2.092731761738576279e-01 2.504907020083764202e-01 2.272979285485682288e-01 1.592031583287129015e-01 4.815154103154385690e-02 -1.871679694861905913e-02 -4.783177641461366231e-02 -5.313623522093886831e-02 1.818666772549484140e-02 1.344602244992783580e-01
6.736542705870839087e-02 2.272979285485682288e-01 3.547732905020447580e-01 2.946057004404785684e-01 1.274146998130093467e-01 4.417200999687331819e-02 -2.092900763124502794e-02 -5.603360165136725413e-02 -3.867877401215907146e-02 -2.644298946727121138e-02
-1.382370343810731574e-02 1.592031583287129015e-01 2.946057004404785684e-01 4.048745480734820545e-01 1.783926657195857857e-01 9.770868827642113785e-02 2.618496211434940754e-02 -1.755161407444615768e-02 -4.526009022662319525e-02 -8.782480544907619868e-02
-3.647597177136123470e-02 4.815154103154385690e-02 1.274146998130093467e-01 1.783926657195857857e-01 1.148689131969850424e-01 1.243202729330904199e-01 9.159869840212447878e-02 6.861329894857352840e-02 2.756291135438541148e-04 -5.772024734608399016e-02
-5.288206633057719597e-02 -1.871679694861905913e-02 4.417200999687331819e-02 9.770868827642113785e-02 1.243202729330904199e-01 2.323053887567504971e-01 2.184883177512852437e-01 1.996745066747724895e-01 5.654358011929969119e-02 -3.445191969748622601e-02
-3.247947054057122307e-02 -4.783177641461366231e-02 -2.092900763124502794e-02 2.618496211434940754e-02 9.159869840212447878e-02 2.184883177512852437e-01 2.470447980404157917e-01 2.644872975877079480e-01 9.134160356645770751e-02 1.125884275548592883e-02
1.657708989046985078e-03 -5.313623522093886831e-02 -5.603360165136725413e-02 -1.755161407444615768e-02 6.861329894857352840e-02 1.996745066747724895e-01 2.644872975877079480e-01 4.551612080001073979e-01 1.543370037140611439e-01 7.116663804940398519e-02
9.953517688068969083e-02 1.818666772549484140e-02 -3.867877401215907146e-02 -4.526009022662319525e-02 2.756291135438541148e-04 5.654358011929969119e-02 9.134160356645770751e-02 1.543370037140611439e-01 9.750188032274074990e-02 1.595656397488035005e-01
3.110451528884659034e-01 1.344602244992783580e-01 -2.644298946727121138e-02 -8.782480544907619868e-02 -5.772024734608399016e-02 -3.445191969748622601e-02 1.125884275548592883e-02 7.116663804940398519e-02 1.595656397488035005e-01 4.832961626108212005e-01
3.021735889650420948e-01 2.128824363216296756e-01 1.285413901775709355e-01 1.729365800657551785e-02 -5.316727015613154084e-02 -5.195069322719326338e-02 -3.299480727358395770e-03 6.547664053918489380e-02 1.495093120307147694e-01 2.631294165550676079e-01
2.128824363216296756e-01 2.953443175187316361e-01 2.848289605563855131e-01 1.050263756359317013e-01 3.074469718608770219e-02 -3.439077301354599020e-02 -6.504345612785766839e-02 -4.940365626597519044e-02 1.158634681915045881e-03 9.418300778590082967e-02
1.285413901775709355e-01 2.848289605563855131e-01 4.872004612494319487e-01 1.789594167422017268e-01 1.079876961930378854e-01 1.046273512850704954e-02 -6.820370743841508432e-02 -9.477020165782246153e-02 -8.197741727238347376e-02 -2.171564948496530409e-02
1.729365800657551785e-02 1.050263756359317013e-01 1.789594167422017268e-01 1.107190184862283655e-01 1.548940847584506786e-01 9.748659250781026298e-02 2.704792532257940113e-02 -2.832659783724514324e-02 -5.276247724979030856e-02 -4.650070864181269498e-02
-5.316727015613154084e-02 3.074469718608770219e-02 1.079876961930378854e-01 1.548940847584506786e-01 3.758209417551485743e-01 2.906306956116554430e-01 1.718111286471741828e-01 4.447772851387232079e-02 -3.605831279844704668e-02 -7.701411506952843267e-02
-5.195069322719326338e-02 -3.439077301354599020e-02 1.046273512850704954e-02 9.748659250781026298e-02 2.906306956116554430e-01 3.755417426076254062e-01 2.481600971021634683e-01 1.161582797668773565e-01 3.429908267434761404e-02 -2.447324520432272305e-02
-3.299480727358395770e-03 -6.504345612785766839e-02 -6.820370743841508432e-02 2.704792532257940113e-02 1.718111286471741828e-01 2.481600971021634683e-01 2.462734131936237247e-01 1.672733290362969083e-01 1.149338279189392742e-01 6.829533848936703011e-02
6.547664053918489380e-02 -4.940365626597519044e-02 -9.477020165782246153e-02 -2.832659783724514324e-02 4.447772851387232079e-02 1.161582797668773565e-01 1.672733290362969083e-01 1.750333575412594267e-01 1.718565859586572153e-01 1.514563520256606843e-01
1.495093120307147694e-01 1.158634681915045881e-03 -8.197741727238347376e-02 -5.276247724979030856e-02 -3.605831279844704668e-02 3.429908267434761404e-02 1.149338279189392742e-01 1.718565859586572153e-01 2.272719128241612319e-01 2.496041129445837059e-01
2.631294165550676079e-01 9.418300778590082967e-02 -2.171564948496530409e-02 -4.650070864181269498e-02 -7.701411506952843267e-02 -2.447324520432272305e-02 6.829533848936703011e-02 1.514563520256606843e-01 2.496041129445837059e-01 4.046212458587531979e-01
3.502633400392030638e-01 2.885952269289434602e-01 1.641971786346926310e-01 4.280565321333908851e-02 -4.753531098669034477e-02 -7.522546916475718326e-02 -4.252736425563480305e-02 2.451606084906589322e-02 1.033478460297249379e-01 1.932650611937973550e-01
2.885952269289434602e-01 3.841153139087372104e-01 2.383704373131656784e-01 1.124931710451194944e-01 2.391959958110713436e-02 -3.803652591628248203e-02 -6.435381789322598689e-02 -5.500502505499667988e-02 1.046710302172882898e-02 1.267460354897069208e-01
1.641971786346926310e-01 2.383704373131656784e-01 2.205150340611599091e-01 1.621904873767964772e-01 1.222998126866986779e-01 5.704952620198684710e-02 -2.499738299240098632e-02 -7.846082880062893450e-02 -5.821776568897656795e-02 3.642862875099941999e-02
4.280565321333908851e-02 1.124931710451194944e-01 1.621904873767964772e-01 1.985459365239643781e-01 2.282525098179440382e-01 1.613292222123986486e-01 4.516857878176083058e-02 -5.443296498434389841e-02 -7.944520697989512770e-02 -3.272185450512286181e-02
-4.753531098669034477e-02 2.391959958110713436e-02 1.222998126866986779e-01 2.282525098179440382e-01 3.746417232437388445e-01 2.816022754524238891e-01 1.348369332036749024e-01 4.383396234171369268e-03 -6.523691463627548370e-02 -7.051519078441953470e-02
-7.522546916475718326e-02 -3.803652591628248203e-02 5.704952620198684710e-02 1.613292222123986486e-01 2.816022754524238891e-01 3.341187579626024862e-01 2.042439610921076287e-01 1.001326343934008239e-01 1.426910650294222968e-02 -4.512533174657225310e-02
-4.252736425563480305e-02 -6.435381789322598689e-02 -2.499738299240098632e-02 4.516857878176083058e-02 1.348369332036749024e-01 2.042439610921076287e-01 2.199019910922362375e-01 2.222145635928390872e-01 1.468243590280981503e-01 4.072916572916869538e-02
