1.126776018003234903e-01 2.071544179318480783e-01 9.773131717868235868e-02 4.569690162470414069e-02 3.102165940961227469e-02 3.326075414205847264e-02 7.652229420767993340e-02 1.114845807341649786e-01 1.035430978403018565e-01 8.603480259960102905e-02 4.076041948344687194e-02 5.411215304757664019e-02
1.471236571595773701e-01 9.768220890496645548e-02 7.507755081241965223e-02 1.014468365267643113e-01 5.668481902810713902e-02 7.937282853222810131e-02 1.019859552735084690e-01 8.402462404579645605e-02 7.355731689373939952e-02 4.136651608439022298e-02 4.969123588581315920e-02 9.198645085268968014e-02
1.095390946464493143e-01 1.281613258689085211e-01 1.748666948568078083e-01 1.323193953914567622e-01 1.225892795712341665e-01 7.237999855655266601e-02 4.619219089022645608e-02 4.771045155540463989e-02 4.215694719690429859e-02 3.636855509016142379e-02 3.467976545912660608e-02 5.303630091676738573e-02
4.476674447164797482e-02 9.122286834941548128e-02 2.063195406168305823e-01 2.777194639724350766e-01 1.651516310070968718e-01 3.913225957891677126e-02 3.809681226144275012e-02 4.059605768601132203e-02 2.703995335404301564e-02 2.336888065040660864e-02 2.069507260588355699e-02 2.589071544587016188e-02
1.560183481749270462e-01 1.254937878961765452e-01 7.341789104085577611e-02 9.020082345420671333e-02 6.719814444638176620e-02 6.137338134301724424e-02 4.047467938820584893e-02 3.474958530911977095e-02 4.939872190900634896e-02 5.136320689104086068e-02 1.051288213848695363e-01 1.451826087621926886e-01
5.935605347558736700e-02 9.342640788438613675e-02 1.829091921837711909e-01 3.141282531748615936e-01 1.666735461190270995e-01 6.552221792879381335e-02 2.628364867628243950e-02 1.237246105183843932e-02 5.445027751131280291e-03 1.068102088140508200e-02 2.593918300873862548e-02 3.726298786417703290e-02
1.042780670293846912e-01 6.745543756888393305e-02 5.273490069363560850e-02 5.331294118971076357e-02 6.051751935541793692e-02 3.766377995130544554e-02 4.384773234298344063e-02 7.770074044858539530e-02 1.072706350947436327e-01 9.815230906462232841e-02 1.304913421200334100e-01 1.665745951406934489e-01
2.187775310974777315e-02 4.754299029429476936e-02 8.033945309793592837e-02 3.068921305221178897e-01 1.394270342252842687e-01 1.465593509969653485e-01 1.268427892366705279e-01 5.451719292653432747e-02 1.971030817898574219e-02 2.707393885914714804e-02 1.541471704584078048e-02 1.380234150647565231e-02
1.488128334504801309e-01 1.587524531740059919e-01 1.103561975469314616e-01 4.926099259826551696e-02 5.576379626478313034e-02 4.467071841281229638e-02 3.162524746817628463e-02 2.313089505255970860e-02 2.241353632739265939e-02 4.200612821052025769e-02 1.192238896340141047e-01 1.939833118600582107e-01
6.256365071178110471e-02 1.578777834751187437e-01 1.854059768501992722e-01 1.664125037943017804e-01 1.660133805866975121e-01 1.072313303755615677e-01 4.725953659730820072e-02 2.550431323886112253e-02 1.920222304843793859e-02 2.067709500194228958e-02 1.571690591337726595e-02 2.613530040641303190e-02
2.284211684477239768e-01 1.174052922133970028e-01 4.821965952361867425e-02 3.151167641681156678e-02 1.586269575052297320e-02 1.411222900061648300e-02 1.346590370167470921e-02 4.177088679392558512e-02 8.338031251333563598e-02 9.923873054164453200e-02 1.399021935846549991e-01 1.667092515120739138e-01
6.304249200260639285e-02 6.309952835408207117e-02 3.736747319932481881e-02 4.541876433566321980e-02 6.377312334555879092e-02 1.113487813490168926e-01 8.242648172685590469e-02 1.568191961096281617e-01 1.152095371007829799e-01 9.796723724434294733e-02 1.120940712151201335e-01 5.143331401701782546e-02
1.343244320429064498e-01 1.334079773351269926e-01 9.288295173129540450e-02 6.811860825072546533e-02 7.708336262775514203e-02 1.107707484358836647e-01 8.733539041500609779e-02 6.696017956044537922e-02 4.115832062433729538e-02 3.807861131929501236e-02 6.189776596695981820e-02 8.798165169026335442e-02
5.996872654221498816e-02 5.028628356660814341e-02 3.935388037939707012e-02 3.235777186300312774e-02 4.991185216473994352e-02 7.360859130364708069e-02 1.150508684367748946e-01 1.192151908625924961e-01 1.011122124886976448e-01 9.391029775851461592e-02 1.543009803950767533e-01 1.109233442387332208e-01
8.200735887874957553e-02 5.447655750240457118e-02 5.574999550582433738e-02 6.271907569436231678e-02 4.728133657452754379e-02 5.176433269721937569e-02 6.198962875330969735e-02 9.391313530278963539e-02 9.328613971914025138e-02 1.141230032347634593e-01 1.360870622964717447e-01 1.466023738404379217e-01
1.288322901267174025e-01 1.311830654888500036e-01 5.450592137762727551e-02 4.914803026324891799e-02 3.712635379120732965e-02 8.813209577311073573e-02 6.956797591367666622e-02 5.721628092503650009e-02 1.119178750335301786e-01 1.190732703222918826e-01 7.670235267002192825e-02 7.659448831468149144e-02
1.280018008578310273e-01 1.136025999023654448e-01 6.300257300960471207e-02 2.473761314573790296e-02 2.559166862102445206e-02 4.650618195095207463e-02 7.430439953375092554e-02 6.533578380787728734e-02 4.319856556713895512e-02 6.948621505814693566e-02 1.745094629089289640e-01 1.717231356366415718e-01
4.170352033697347083e-02 4.245615739480819439e-02 9.780673327092248570e-02 7.109570313944374442e-02 4.913782196813025471e-02 7.033343707911679510e-02 1.627636214005548088e-01 1.526825455133547504e-01 1.032589096787856070e-01 9.482322633121154087e-02 6.116907127228089075e-02 5.276925261441787335e-02
8.720658315995959142e-02 1.647365602203718637e-01 1.190390864758470169e-01 7.434451914622647317e-02 1.087648941081285209e-01 8.331986001915464568e-02 9.512345541681889449e-02 6.994529761285989133e-02 3.298360174222700336e-02 2.861621164298591702e-02 4.221547202087216899e-02 9.370445843454799917e-02
3.378798512078552696e-02 3.145237413192424752e-02 3.526945796756224966e-02 6.771538113728825525e-02 1.967546541591192744e-01 1.422529922334082320e-01 9.731666734356994586e-02 8.138246266026580300e-02 1.020677110197416027e-01 9.956541421573528172e-02 6.840361854554982690e-02 4.403128146504993456e-02
4.635718442081340068e-02 6.529668134106114685e-02 6.102513005768371579e-02 6.635024089585296603e-02 4.156383474923958793e-02 6.891199122639558861e-02 6.537159268598365103e-02 7.040818955534909607e-02 1.536426549834232214e-01 1.733780416970936711e-01 1.015870738334165302e-01 8.610738455368763256e-02
2.098221012752348597e-02 5.697330610312234533e-02 9.838396798226339834e-02 1.183344473925234952e-01 1.119581265526941871e-01 1.596138702532078901e-01 9.151881288451334251e-02 8.002770975892545269e-02 1.191073291216173391e-01 7.829228489580347672e-02 4.515976246681389222e-02 1.964817246099193754e-02
1.296607405781732558e-01 1.129741710482731615e-01 1.007690455608441504e-01 6.265286324211222224e-02 6.800120481742945311e-02 1.081494941936727155e-01 5.747038153095525986e-02 3.753464673684831637e-02 3.918325078593280081e-02 4.364719685168388930e-02 7.645545052286381593e-02 1.635015541312109244e-01
3.917832986397648543e-02 3.569731123826119790e-02 5.218257123430861816e-02 9.172118638231636922e-02 1.379579082348428298e-01 1.662290389948309632e-01 1.723098016040665592e-01 9.154895523479807118e-02 6.768280896990311324e-02 6.438531892883075924e-02 3.804244255517114093e-02 4.306432675869374671e-02
1.650538895286031149e-01 1.362358263879366871e-01 8.711854370222246735e-02 3.939166819038590617e-02 2.595072704294439439e-02 1.372349105540373454e-02 1.176702234347468470e-02 1.409340625800305571e-02 4.117946873045792017e-02 1.067986273420685750e-01 2.153634851371074854e-01 1.433238442813919433e-01
3.083839531460682779e-02 6.035657138391586907e-02 8.289035109909631549e-02 9.329734431428572672e-02 1.106574918940039787e-01 1.159175237410811354e-01 1.641951402010354277e-01 1.443309408816965678e-01 1.104096894217750230e-01 4.744872084238996313e-02 2.164693487422770374e-02 1.801089603188547883e-02
7.521504711907944785e-02 5.385557484154156194e-02 4.596092927512641924e-02 6.466112855025754613e-02 9.015711164339601513e-02 7.576506275072686369e-02 8.546468299616763464e-02 1.022285907659073456e-01 8.164690172126715106e-02 9.909683828678814144e-02 1.298055519762133514e-01 9.614258007352841084e-02
6.863551453975461070e-02 3.977188207020378174e-02 3.885961330749540532e-02 5.224288580751292044e-02 6.418115791872816556e-02 8.640073723872761235e-02 9.836446896483438951e-02 1.151211825311390935e-01 7.963154199474445361e-02 1.030383578967719593e-01 8.880591600863599333e-02 1.649467417214517950e-01
1.000889824794729266e-01 7.240017275709847988e-02 4.509616595058210664e-02 3.766884098396169889e-02 4.567456291768309806e-02 3.836242680988498355e-02 4.551468726945043924e-02 7.491360244377184840e-02 9.920706497390543999e-02 1.877281453244888376e-01 1.539508764549251951e-01 9.939447163477541092e-02
5.786141017587137503e-02 5.249357307106333748e-02 7.580753550799629314e-02 8.765049839449899627e-02 1.355323529112517633e-01 1.565453514343502772e-01 1.141743225578025767e-01 5.180565165832829583e-02 5.297537952262418304e-02 5.257733179122906636e-02 8.829817967111312782e-02 7.427841330387087437e-02
3.792197811292775250e-02 5.135723308502797291e-02 7.673153343285975259e-02 1.303689947985674225e-01 4.637442417537013251e-02 7.044319425407565005e-02 1.351287705545882734e-01 1.209670379977796223e-01 1.190301749315077207e-01 8.137357254511586035e-02 8.117320153185760001e-02 4.912988458032231665e-02
6.237560324308469989e-02 8.414539841687040944e-02 7.645761435379114235e-02 9.768889186905624356e-02 1.236166567606166722e-01 1.120041733517261051e-01 1.019718734886532474e-01 9.501409514171182957e-02 8.143704072906766955e-02 6.912644201481732420e-02 4.459813823880336148e-02 5.156407239180173935e-02
4.259971653469080133e-02 4.022510717939547370e-02 6.092155460113717058e-02 7.009323950602147635e-02 1.023281329401036915e-01 1.097094611584161217e-01 7.313720427670122870e-02 8.331547512398640443e-02 1.166766441846709412e-01 1.426050893197014502e-01 9.568953339165917060e-02 6.269884178351606274e-02
8.819368436837633773e-02 7.625151784395164944e-02 7.808178453324451929e-02 1.021082767278545939e-01 4.777588031466880464e-02 5.622569250957298870e-02 1.003697057153034311e-01 5.194358923421189822e-02 5.854727535449419373e-02 1.064630643336978710e-01 1.328012675329122705e-01 1.012382615317113932e-01
1.455361641590008637e-01 8.523947933984882264e-02 5.860457623721401776e-02 9.205891570781460365e-02 5.208410074230802184e-02 2.114812660818081794e-02 1.687789506071505491e-02 3.581697427670707534e-02 7.117817510988508345e-02 8.908356803049471972e-02 1.555506757776018989e-01 1.768213489502291624e-01
2.875448163885174074e-02 4.208672469745448202e-02 6.562030906884767922e-02 1.274648508107590894e-01 1.363083057496896067e-01 1.418753220201927068e-01 1.373563388494906112e-01 8.661536595699774466e-02 7.493401273999641954e-02 7.590698449969771056e-02 4.280678118599909321e-02 4.027052278202332414e-02
1.621442786366090738e-01 1.190675251274391777e-01 7.425899228457791268e-02 5.778246771342265137e-02 5.322840588510854842e-02 4.586877354670829132e-02 6.898408589511483002e-02 1.294833589224831383e-01 9.313357231810362458e-02 2.662510959907499544e-02 3.905607560499204517e-02 1.303673544663659367e-01
7.989883272328242303e-02 1.512789917818663510e-01 1.685497339488906954e-01 1.352075114110214138e-01 7.154671168527816649e-02 2.729566819448418780e-02 1.630342422080837544e-02 1.821365146417705527e-02 3.493473900813667821e-02 6.399731922043169763e-02 1.061273088199170683e-01 1.266461075217059917e-01
3.330169344617010807e-02 8.068615532019247916e-02 1.251921735367572952e-01 7.151546955470208800e-02 8.479241919299257413e-02 7.118991407614166933e-02 8.797995893645325916e-02 1.437407619937850212e-01 1.005325545629859041e-01 7.499270649819228529e-02 8.228677501650988324e-02 4.378941786511736378e-02
6.107614551060756847e-02 5.252187332414477022e-02 4.460415120941776945e-02 7.022954728496869081e-02 1.274338488162753968e-01 1.356991514069870175e-01 8.577796184597982765e-02 9.398938986968470577e-02 9.430223422968836422e-02 9.496566933730972437e-02 6.924463813948417146e-02 7.015538902545208344e-02
1.148123608741060536e-01 8.700405482500284116e-02 6.167072980893853473e-02 4.542327930568700739e-02 1.059683859956498941e-01 9.197402815913915952e-02 1.292319807243399732e-01 1.039566234755951724e-01 6.947534029010765666e-02 6.096673488904625487e-02 5.149674548746842329e-02 7.801973616491947316e-02
9.452420594721705482e-02 1.448982389818416483e-01 3.025448859733870233e-01 1.542476287389402678e-01 5.245557357536489301e-02 1.904505874155777018e-02 1.081314814056245563e-02 1.032590430130876299e-02 1.667577567075656519e-02 2.452488043630342979e-02 9.449747039426317774e-02 7.544722909849695125e-02
6.315920040871680907e-02 4.662210894139236922e-02 5.044472164908961331e-02 1.029112434496871342e-01 1.634717103073515254e-01 1.726321858637830386e-01 1.381013269856475323e-01 1.256117919417089057e-01 4.094074250788422298e-02 3.023620874785071244e-02 2.240293215174618893e-02 4.346582704514219408e-02
6.521074207882392171e-02 5.160417989046631182e-02 4.419066166727881467e-02 3.989895081021428702e-02 2.360453806874527466e-02 3.424891762370219778e-02 4.135082838061390764e-02 6.003724775495117294e-02 1.088409073935607818e-01 1.782911763162303431e-01 2.305576930474622921e-01 1.221641569679507294e-01
1.927092741364382911e-01 1.298900937502318609e-01 6.706909887512171875e-02 4.378018862721459736e-02 4.573954793100742933e-02 4.501132314989776673e-02 3.586972884159044667e-02 3.715867791907399853e-02 4.579392629841652629e-02 9.723670759699765132e-02 1.005062396874186470e-01 1.592351931865914061e-01
8.711244132024766051e-02 1.656702393939814555e-01 1.906545125847689814e-01 9.758108726748312978e-02 6.002229816931826945e-02 5.679046476977316071e-02 7.428873196668121792e-02 5.046079110470173823e-02 3.591754009279261861e-02 4.647434060334542510e-02 6.254665794044469984e-02 7.248089478646176087e-02
2.477467424803567186e-02 1.752375834070813224e-02 2.977930584577898748e-02 8.213838651303997929e-02 1.485736222493783953e-01 1.009212998213237927e-01 1.480968982858426042e-01 1.287290281293299032e-01 1.271469344329505535e-01 6.440636550657437287e-02 7.569983727423501563e-02 5.220988935280236609e-02
5.735480498344185801e-02 9.829549276578367079e-02 2.148027088224209735e-01 2.109436569898872071e-01 8.434613028785463429e-02 3.915341628297762389e-02 3.443637958933500054e-02 4.177726046914706504e-02 6.070543750419839235e-02 4.123393412197086383e-02 7.011093588650421649e-02 4.683984229647845943e-02
1.711277540080866078e-01 1.602325329301785839e-01 1.256520839703652581e-01 1.090579777683416962e-01 6.187378730131868482e-02 2.893779538480363567e-02 2.161693876358494748e-02 2.404317522670661178e-02 3.207629724185957765e-02 3.806362412673917200e-02 5.533745585843909132e-02 1.719805774195763970e-01
3.720829817200313472e-02 5.024926812103538282e-02 7.441039483028275003e-02 2.010762416759967475e-01 1.239861520418627655e-01 1.102517199342144122e-01 1.362172590382508541e-01 8.210219233534922501e-02 6.059621245328537104e-02 4.178519194751503796e-02 3.562232369336418292e-02 4.649474575684033051e-02
1.384475392398945293e-01 6.152366206830758855e-02 2.101428366763936906e-02 2.297605604287755038e-02 4.014431518637807950e-02 3.498065628869788390e-02 6.419089680167795742e-02 9.207988806226552470e-02 9.671556698149144649e-02 9.531825729699326677e-02 1.197475967735148195e-01 2.128612815902620470e-01
5.054550608633738562e-02 4.609870951781254445e-02 6.588857641639164764e-02 6.361272593446747059e-02 9.775721802081027700e-02 1.343229164520715613e-01 9.314315124752539643e-02 1.317618473679894320e-01 1.191311641616865369e-01 8.033571825773400121e-02 6.335356491998932194e-02 5.404890161718443192e-02
2.888162417159545470e-02 5.454639718205198107e-02 1.019771275720215420e-01 1.031621032230470164e-01 1.109263001612356137e-01 1.204116982139331465e-01 1.008305077516571946e-01 7.234756595827124270e-02 5.651160617502203748e-02 1.164658925776952680e-01 9.403637235108379400e-02 3.990280466238548679e-02
1.868066992299808118e-02 8.360368522585433226e-03 6.818752136068815910e-03 1.073281461327013804e-02 2.599796889358048022e-02 7.067072866502968620e-02 1.247942541132165406e-01 2.027230072022278284e-01 1.972630918612527928e-01 1.488297539363010180e-01 1.171246917078934413e-01 6.800389842557588715e-02
5.873013327455852556e-02 2.779245084741722299e-02 2.719032639886784231e-02 1.720677704340342271e-02 2.833137567749192953e-02 3.372813087658446674e-02 9.254571780147552440e-02 2.764225847277877457e-01 1.910658846411145417e-01 1.347545413109055290e-01 5.950732091454419281e-02 5.272475648584896979e-02
7.491371536718456625e-02 6.360705363103753840e-02 7.336579386196598329e-02 7.129495635582484836e-02 1.010093164268795196e-01 8.481782751696412270e-02 5.519678552023953022e-02 9.019747259566295028e-02 1.292894694709264825e-01 7.329484999460703087e-02 7.426657161373949323e-02 1.087461876449682951e-01
6.787999009203819767e-02 1.187614071411808025e-01 2.229723618979315980e-01 1.619764727816303818e-01 2.071536583029572887e-01 9.600301747300611643e-02 4.311411384650139234e-02 1.747977971514521472e-02 1.056445579239251135e-02 8.590140247423324465e-03 1.517347394160946210e-02 3.033112876818366832e-02
3.948593005099038100e-02 2.798591014551971012e-02 2.407400520799457544e-02 3.823737346621389199e-02 6.974169466975418952e-02 1.135576440832197359e-01 1.719939860539140830e-01 1.108755061640573081e-01 9.080385475772334569e-02 1.694462735894674554e-01 8.129972141703195598e-02 6.249810039411381885e-02
1.773386432513874775e-02 8.424357748820464342e-03 4.580944875946730069e-03 1.461814314106267380e-02 5.780161717720167652e-02 1.401785987183508109e-01 3.178113232169156865e-01 1.537684213237065223e-01 8.529305948134033311e-02 1.223276592927239614e-01 5.184827980228549904e-02 2.561373089650684914e-02
9.091946935991199186e-02 1.038371375913334504e-01 3.295131314488786156e-02 2.453131344161667282e-02 2.290873401320491290e-02 2.809913399863191510e-02 3.050056493192478124e-02 3.559957126696709773e-02 8.878636790271107748e-02 1.830841000196443691e-01 1.696256029576764801e-01 1.891566913714894937e-01
5.502631673086276487e-02 5.429223428472314955e-02 9.669318442241575662e-02 8.131301627981311897e-02 4.987751843326565515e-02 4.222686391636971265e-02 6.432537027177476219e-02 1.481939392971731717e-01 1.669203487978388745e-01 9.206140971618440028e-02 6.415287072163228244e-02 8.491692712794642051e-02
1.749418673718263484e-01 1.891180233963083990e-01 1.315056959910601009e-01 9.634360523530020870e-02 5.108168116410755771e-02 2.912426618407347109e-02 1.965880901713789111e-02 2.525551809083581567e-02 3.591212585386888839e-02 4.676251157131047775e-02 8.321666721129652999e-02 1.170792289128742419e-01
3.216481428691109201e-02 4.624220553219256236e-02 2.844958390039560581e-02 3.829506885334305055e-02 9.033096299781297189e-02 8.260702652426316073e-02 1.138144880836501754e-01 1.403361676370297739e-01 1.555792364020026630e-01 1.714375838046232337e-01 6.768877483304137910e-02 3.305408714473437315e-02
7.282898836382806218e-02 6.164476579347314550e-02 4.953705723224941654e-02 3.084716169287077606e-02 2.694593850189557285e-02 4.225540639474453103e-02 4.723931234792736605e-02 8.386040608989439593e-02 9.803793045447548038e-02 1.545145310794839300e-01 2.060086818774074513e-01 1.262798201717498514e-01
6.017467495951846213e-02 5.550934155818706972e-02 4.972411026912594567e-02 7.109794371202690644e-02 1.016686936616458259e-01 1.589687359535189581e-01 1.093818485611814384e-01 1.304756053339068689e-01 6.293152649459321513e-02 4.088325745821159984e-02 5.992917965010335912e-02 9.925508238798044780e-02
3.085174334876615576e-02 2.333887330542325222e-02 1.194836143505966473e-02 1.486925004969536467e-02 2.694165497559209907e-02 4.455989543529367131e-02 6.795865311179238866e-02 9.019408958392691189e-02 1.394104698051489011e-01 2.297064908346072576e-01 2.504276606290050666e-01 6.979285748568914149e-02
1.980918198419541476e-02 4.641666480407447698e-02 1.109996264376484076e-01 3.021677174271343302e-01 2.098896088925979175e-01 1.093752155975895868e-01 9.147158286404792615e-02 4.981737962044581469e-02 1.781380356626029865e-02 1.321082890450738304e-02 1.412038550809913834e-02 1.490800439339941795e-02
1.303918020398756594e-01 1.177315479988464975e-01 1.125566180099740743e-01 1.020688661122300528e-01 5.992428234030197642e-02 2.483473768055865366e-02 1.731620331896290693e-02 1.221211968332092807e-02 1.716602652514070265e-02 5.752512727921750557e-02 1.923482236570858706e-01 1.559244453544853248e-01
4.978163517820363010e-02 3.797708545221202547e-02 5.323851687525175957e-02 2.901335272038990318e-02 5.472837067827318602e-02 4.924501335355016551e-02 7.519996220597668923e-02 1.011888300079825526e-01 1.464225775633435922e-01 1.767484744410361130e-01 1.477850344854084730e-01 7.867114703837227441e-02
1.046304659211899218e-01 8.178495291637133402e-02 7.229563957533834129e-02 3.807096000792301732e-02 3.839355082050158186e-02 3.118378959167330405e-02 7.847159472345967279e-02 1.889002823478854731e-01 1.242162132659959950e-01 8.560605676172322598e-02 7.060608700317343167e-02 8.584040706476464555e-02
1.688498848659004611e-02 2.926297383057223367e-02 4.577274735328742267e-02 9.110271120401233769e-02 1.311180083125594309e-01 1.475241269781503162e-01 1.524701850021785987e-01 1.343871904671924133e-01 1.047225737791253469e-01 9.024949853116105702e-02 3.858846746300489960e-02 1.791652859216619556e-02
5.880714415677242013e-02 8.323868589709973453e-02 1.211792661706021235e-01 5.768680620611656845e-02 3.600352560428251442e-02 3.298950842871776340e-02 5.281712099275680250e-02 6.439487991356622476e-02 7.934601719918756013e-02 1.509128864885158627e-01 1.545676216776720180e-01 1.080565372647105948e-01
6.003219998814009889e-02 5.986674635941583583e-02 6.178632876929707196e-02 9.694598778149124407e-02 1.162836455831325749e-01 1.016776588230940137e-01 9.843367895558145786e-02 9.992392500830882263e-02 8.476586212597445047e-02 1.034963019668657253e-01 6.597400302003104955e-02 5.081366161866791159e-02
4.238197714833043250e-02 2.243013946839749612e-02 1.632650511505161217e-02 1.692587508550402048e-02 4.979045357919766046e-02 1.370304552428453504e-01 1.347516634937762914e-01 1.252652297151340133e-01 9.205705220626131391e-02 1.312543556460595284e-01 1.565685270504429960e-01 7.521776624899928487e-02
1.511568306458754840e-01 1.033963751671273940e-01 5.652275373487057608e-02 2.902001278313835406e-02 2.506840839074623434e-02 2.551123422559947729e-02 2.284090127406385520e-02 4.070237985846653084e-02 7.224794136026338465e-02 1.426197329248518053e-01 1.852455973886452112e-01 1.456678322463517972e-01
1.276988969105285684e-02 3.249317090526090274e-02 1.075560808104501220e-01 1.851795880692117535e-01 1.307880797209237944e-01 1.389947762433401679e-01 1.693369194537659161e-01 1.092921850791055693e-01 6.142190144868463209e-02 2.674021455241004999e-02 1.549735769003464381e-02 9.929836335759934657e-03
8.396559148052491761e-02 7.779897716814443420e-02 1.256558998463591093e-01 1.027705750004714730e-01 5.387040303353758663e-02 4.453604485655579537e-02 7.916899841666816262e-02 1.070429584791861566e-01 6.694411111800580017e-02 8.817469658172455427e-02 8.935161686146322890e-02 8.072012715735880917e-02
3.287057832684543712e-02 6.278106368972415086e-02 8.003656132566681902e-02 1.266811712293655079e-01 1.739787241090016701e-01 1.182548464599917637e-01 1.075347843937356634e-01 1.020807593923198642e-01 8.404088041358663552e-02 3.921385410254084325e-02 3.842799571741062348e-02 3.409878083981118801e-02
7.821328946254454961e-02 6.622187474003046748e-02 6.427031998812468561e-02 3.742322515541063321e-02 3.300369258058452604e-02 5.266482155361383588e-02 7.745210589932319256e-02 1.740635149481321031e-01 8.997133039951640820e-02 1.004315530162380454e-01 1.165255182800254419e-01 1.097587539764564718e-01
1.151724161826965659e-01 8.974323173078206650e-02 6.934142297898526763e-02 7.865927757941076903e-02 6.789611002868663203e-02 7.662555783082071470e-02 1.000215520455153967e-01 7.246596019673942624e-02 5.374254471123700999e-02 6.447399156442698565e-02 1.192771700490593278e-01 9.258076510163987249e-02
9.270493074838885572e-02 1.183576627980188201e-01 1.213279448318984322e-01 9.190015261536990665e-02 1.343514725060495074e-01 1.192030308049022297e-01 5.732939005635588614e-02 6.933753927597764710e-02 5.290536893071115521e-02 4.151470873131844763e-02 4.851961370368224058e-02 5.254818499732705206e-02
9.314568903354052132e-02 6.147568951124997294e-02 6.064512863243640139e-02 6.792074672875957064e-02 9.208945505863762315e-02 1.036010036778553800e-01 8.465277354051328751e-02 7.462291268644050124e-02 6.443565717786720048e-02 7.046747955321447376e-02 1.069747181201388120e-01 1.199687462793464776e-01
1.068049907632703521e-01 7.767708220057906177e-02 6.517893547370709473e-02 4.098175672293398464e-02 2.356757625061171868e-02 1.725003585402817147e-02 2.118868835715475782e-02 3.213898917044327036e-02 7.957857455337666308e-02 2.164452544451431204e-01 1.871007891128355638e-01 1.320873270959163903e-01
3.895910010029100118e-02 9.190481410043468968e-02 1.537105322754089842e-01 1.154388224518127365e-01 8.398531152024246715e-02 7.619491309324831485e-02 6.080927905220925855e-02 7.657864669755071185e-02 8.451077340050283659e-02 1.062579779152555692e-01 7.450183719510003466e-02 3.714799219794350654e-02
9.579532998997476734e-02 1.524127944217266994e-01 1.737892676282607185e-01 8.092269745409427784e-02 7.205290575689143884e-02 5.088885042609612303e-02 4.888346845931020035e-02 3.309413513042309268e-02 4.210042435973274100e-02 7.234987628370820323e-02 8.063998821533369110e-02 9.707026187444794951e-02
4.666662609052171090e-02 4.313749500332966780e-02 3.703946992051070780e-02 3.498789613534895176e-02 3.369637665802646675e-02 9.542273333795797674e-02 1.584883795098896431e-01 2.269659954288779646e-01 1.367080511144859456e-01 7.560974938673525880e-02 6.667485992295402175e-02 4.460236749136198969e-02
6.678363208360005299e-02 3.496812049621814134e-02 2.070277286485836671e-02 1.336088648935076888e-02 1.009252856884826008e-02 1.576666975222192069e-02 2.567704171869031327e-02 5.609555684705816447e-02 1.150060922324925711e-01 2.190628973561563053e-01 2.478090332293167442e-01 1.746747683611884761e-01
5.238003653222082778e-02 6.020577437014047045e-02 6.278031853247689753e-02 6.983313057042016270e-02 1.156755958339902163e-01 1.417995569870715844e-01 6.735577853497426437e-02 3.969999865273710071e-02 6.548900014053739282e-02 1.042159724557525091e-01 9.436089336204037115e-02 1.262039440276384039e-01
1.337128893876547153e-01 1.386556364443347067e-01 8.482678198650692170e-02 4.095793701275048104e-02 4.071965045767122343e-02 3.733300939154893944e-02 3.181549671639295751e-02 3.374571920566492300e-02 7.173476633141674663e-02 8.223895113494655851e-02 1.262847707506467576e-01 1.779743911804653744e-01
1.341914801158824166e-01 1.934048110048083580e-01 1.741659708066027323e-01 1.088239225939669208e-01 4.914118144028840895e-02 4.311979130195803256e-02 2.579718460234252386e-02 2.268402234394121739e-02 3.396873846116773427e-02 5.564915815965255919e-02 7.835542290201102933e-02 8.069831626737844488e-02
5.407123132882556138e-02 8.970399385184246732e-02 1.355743556831922325e-01 8.570277243274140866e-02 6.690759329775380904e-02 7.556227496620573914e-02 8.409746319974421846e-02 7.882784993333077916e-02 9.447270463507452531e-02 1.027436210480434237e-01 7.442216579588872838e-02 5.791397382735689880e-02
7.374189484888241108e-02 7.470642002284873240e-02 1.290693427139295302e-01 1.397647411310055376e-01 7.804630926159195070e-02 3.446542584522850616e-02 5.636194929926101327e-02 4.773926014939274681e-02 7.105470368887106813e-02 1.383291098102378547e-01 8.131796308970895559e-02 7.540288013904183906e-02
1.153610257015088014e-01 1.182634786379763436e-01 5.963497384087318443e-02 4.021030337874693938e-02 2.291858904715570605e-02 1.594566222826850413e-02 2.663767756007067583e-02 4.213434630770634959e-02 6.179843909462767737e-02 1.801331224456191593e-01 1.336042303361342776e-01 1.833581514213127317e-01
4.457956050677761017e-02 1.270090176574452945e-01 1.867191316242544918e-01 9.429095962272522613e-02 9.616725585102542384e-02 7.348319373409478716e-02 7.895898043257054688e-02 8.247325794461159154e-02 5.893265689838608767e-02 5.411389622697639068e-02 6.358865491241393053e-02 3.968343458871868845e-02
1.437035578494176291e-01 1.128654194152179935e-01 9.691836505243989208e-02 5.555524873728231311e-02 3.731959347736461124e-02 2.997186515395572348e-02 3.388167412503682863e-02 4.676127170500491564e-02 7.117350431718076631e-02 6.405899892999382395e-02 1.239693689771941970e-01 1.838211322599113129e-01
1.535896390297500913e-01 1.217319656170203213e-01 8.173555530255144363e-02 1.022799663492433425e-01 1.599493959197096637e-01 1.045721545720189882e-01 4.715519766806325341e-02 3.542455086588849195e-02 4.624150282770823212e-02 4.602596121292077541e-02 3.655663299893282397e-02 6.473747763619289164e-02
1.790566029567163819e-01 3.410907532442308820e-01 1.661096300391144420e-01 6.037244273264592842e-02 3.677107462195890880e-02 1.764688467133157523e-02 1.371229040785674341e-02 1.367723835002275859e-02 1.744929291126902718e-02 2.381355262139978057e-02 4.119640620549513965e-02 8.910383123795836968e-02
6.896358634491435435e-02 8.047188571822186387e-02 5.242193915009518701e-02 7.220269300758008768e-02 6.355162310215542454e-02 3.683514926241354681e-02 5.986188605468657775e-02 1.640490164888345759e-01 1.702281096198846322e-01 1.255533650757353070e-01 6.710325923852436536e-02 3.875748693695455632e-02
3.986534419669272855e-02 4.346638767688240645e-02 5.023517963749266069e-02 5.818052568427232313e-02 6.161334026350200055e-02 9.477533826393001737e-02 6.753556266770724403e-02 8.012745195486638272e-02 1.399210352952514613e-01 2.194211591753726931e-01 9.870022016435724133e-02 4.615845501967304199e-02
2.054763937859087342e-02 9.934686633674930101e-03 7.243670589775897187e-03 2.097469562019680517e-02 5.490182204398669913e-02 7.583512804553012299e-02 1.594243752336484410e-01 1.727663866008822546e-01 1.979558656100488534e-01 1.433021412686794338e-01 9.489955538656737188e-02 4.221403358841859660e-02
