1.126776018003234903e-01 1.520669914024992408e-01 1.044250302397040364e-01 7.085930289208783317e-02 5.624127700428915855e-02 5.402744416926089088e-02 7.695005611626155873e-02 9.072191115051686516e-02 8.835706798021780717e-02 8.390822150104540467e-02 6.271288457003851291e-02 7.706096181502920806e-02
1.520669914024992408e-01 2.071544179318480783e-01 1.417758210753010673e-01 9.543068641048356449e-02 7.479885009076585323e-02 7.081995839290637640e-02 9.988819657400693774e-02 1.173055280980938864e-01 1.143010780337420929e-01 1.090636055609514460e-01 8.250397683213550604e-02 1.029101293362749137e-01
1.044250302397040364e-01 1.417758210753010673e-01 9.773131717868235868e-02 6.625828139630912661e-02 5.242662413535207483e-02 5.015344224353292940e-02 7.121479093372944102e-02 8.380117157522010141e-02 8.151411601892216696e-02 7.737463788752657612e-02 5.789374622804149134e-02 7.126180981105992296e-02
7.085930289208783317e-02 9.543068641048356449e-02 6.625828139630912661e-02 4.569690162470414069e-02 3.699294272443313242e-02 3.626643537495982672e-02 5.230667326004782153e-02 6.186541742147508988e-02 5.999909528387697977e-02 5.635674444899912289e-02 4.119822780664879336e-02 4.926198909083127908e-02
5.624127700428915855e-02 7.479885009076585323e-02 5.242662413535207483e-02 3.699294272443313242e-02 3.102165940961227469e-02 3.152530532443358763e-02 4.647783595506121967e-02 5.536734368505675380e-02 5.350193700014860276e-02 4.956268498069441725e-02 3.509115874114546868e-02 4.022370289460357878e-02
5.402744416926089088e-02 7.081995839290637640e-02 5.015344224353292940e-02 3.626643537495982672e-02 3.152530532443358763e-02 3.326075414205847264e-02 5.011435610234266091e-02 6.012238418420784436e-02 5.791398841354779975e-02 5.296660541064634325e-02 3.635607793430391949e-02 3.987982027202331692e-02
7.695005611626155873e-02 9.988819657400693774e-02 7.121479093372944102e-02 5.230667326004782153e-02 4.647783595506121967e-02 5.011435610234266091e-02 7.652229420767993340e-02 9.220248077170541123e-02 8.867306786284556708e-02 8.052264843372404501e-02 5.429065578050989299e-02 5.797336054408851191e-02
9.072191115051686516e-02 1.173055280980938864e-01 8.380117157522010141e-02 6.186541742147508988e-02 5.536734368505675380e-02 6.012238418420784436e-02 9.220248077170541123e-02 1.114845807341649786e-01 1.072615827369186592e-01 9.720671113276788122e-02 6.513129537579061268e-02 6.887711283675869434e-02
8.835706798021780717e-02 1.143010780337420929e-01 8.151411601892216696e-02 5.999909528387697977e-02 5.350193700014860276e-02 5.791398841354779975e-02 8.867306786284556708e-02 1.072615827369186592e-01 1.035430978403018565e-01 9.404676988914692504e-02 6.313911431546756492e-02 6.695597082346549378e-02
8.390822150104540467e-02 1.090636055609514460e-01 7.737463788752657612e-02 5.635674444899912289e-02 4.956268498069441725e-02 5.296660541064634325e-02 8.052264843372404501e-02 9.720671113276788122e-02 9.404676988914692504e-02 8.603480259960102905e-02 5.837522041395130923e-02 6.286675760338669705e-02
6.271288457003851291e-02 8.250397683213550604e-02 5.789374622804149134e-02 4.119822780664879336e-02 3.509115874114546868e-02 3.635607793430391949e-02 5.429065578050989299e-02 6.513129537579061268e-02 6.313911431546756492e-02 5.837522041395130923e-02 4.076041948344687194e-02 4.567772691682328579e-02
7.706096181502920806e-02 1.029101293362749137e-01 7.126180981105992296e-02 4.926198909083127908e-02 4.022370289460357878e-02 3.987982027202331692e-02 5.797336054408851191e-02 6.887711283675869434e-02 6.695597082346549378e-02 6.286675760338669705e-02 4.567772691682328579e-02 5.411215304757664019e-02
1.471236571595773701e-01 1.193143996910387972e-01 1.028151181406502246e-01 1.163944678005183475e-01 8.515053030831250258e-02 9.751451516414680332e-02 1.086220591260598639e-01 9.925846874193050562e-02 9.499101727803907491e-02 7.420825602891609196e-02 8.415635241675006872e-02 1.159240533417808805e-01
1.193143996910387972e-01 9.768220890496645548e-02 8.488579445567141779e-02 9.666277652297874945e-02 7.080155664702125762e-02 8.111033027884070878e-02 9.024276539424330723e-02 8.222434350642662815e-02 7.836992941986870020e-02 6.087375213911974670e-02 6.857003803392794361e-02 9.404450138836255302e-02
1.028151181406502246e-01 8.488579445567141779e-02 7.507755081241965223e-02 8.661855022972884954e-02 6.379966230659195325e-02 7.341324181694411366e-02 8.170377396880144916e-02 7.414372702426116901e-02 7.016889881892443559e-02 5.388232077547804033e-02 5.984766210459045027e-02 8.129584065067563259e-02
1.163944678005183475e-01 9.666277652297874945e-02 8.661855022972884954e-02 1.014468365267643113e-01 7.526864596487936598e-02 8.715931838645959995e-02 9.715560588374477780e-02 8.788629485447940759e-02 8.263570535068606726e-02 6.274348721351846736e-02 6.870440985038142601e-02 9.239408482777566878e-02
8.515053030831250258e-02 7.080155664702125762e-02 6.379966230659195325e-02 7.526864596487936598e-02 5.668481902810713902e-02 6.653643211323759243e-02 7.460558867172259467e-02 6.743062355501744376e-02 6.307148411923153841e-02 4.735609717362338628e-02 5.109790632321428716e-02 6.797160115061762209e-02
9.751451516414680332e-02 8.111033027884070878e-02 7.341324181694411366e-02 8.715931838645959995e-02 6.653643211323759243e-02 7.937282853222810131e-02 8.964570387949240271e-02 8.101454765759501242e-02 7.542071535481070788e-02 5.601238240031755633e-02 5.954961262513111531e-02 7.832197472188610898e-02
1.086220591260598639e-01 9.024276539424330723e-02 8.170377396880144916e-02 9.715560588374477780e-02 7.460558867172259467e-02 8.964570387949240271e-02 1.019859552735084690e-01 9.232599487375001135e-02 8.583933880655364446e-02 6.343139353741740483e-02 6.695771401122818656e-02 8.755943336686891620e-02
9.925846874193050562e-02 8.222434350642662815e-02 7.414372702426116901e-02 8.788629485447940759e-02 6.743062355501744376e-02 8.101454765759501242e-02 9.232599487375001135e-02 8.402462404579645605e-02 7.835264399522059997e-02 5.796647119486388056e-02 6.124178738401342414e-02 8.009210206232753038e-02
9.499101727803907491e-02 7.836992941986870020e-02 7.016889881892443559e-02 8.263570535068606726e-02 6.307148411923153841e-02 7.542071535481070788e-02 8.583933880655364446e-02 7.835264399522059997e-02 7.355731689373939952e-02 5.475680635853133471e-02 5.827055378347244241e-02 7.656600079057693242e-02
7.420825602891609196e-02 6.087375213911974670e-02 5.388232077547804033e-02 6.274348721351846736e-02 4.735609717362338628e-02 5.601238240031755633e-02 6.343139353741740483e-02 5.796647119486388056e-02 5.475680635853133471e-02 4.136651608439022298e-02 4.479495268818276671e-02 5.956085131630401569e-02
8.415635241675006872e-02 6.857003803392794361e-02 5.984766210459045027e-02 6.870440985038142601e-02 5.109790632321428716e-02 5.954961262513111531e-02 6.695771401122818656e-02 6.124178738401342414e-02 5.827055378347244241e-02 4.479495268818276671e-02 4.969123588581315920e-02 6.714339586933648629e-02
1.159240533417808805e-01 9.404450138836255302e-02 8.129584065067563259e-02 9.239408482777566878e-02 6.797160115061762209e-02 7.832197472188610898e-02 8.755943336686891620e-02 8.009210206232753038e-02 7.656600079057693242e-02 5.956085131630401569e-02 6.714339586933648629e-02 9.198645085268968014e-02
1.095390946464493143e-01 1.177961958298711087e-01 1.355973671377027623e-01 1.166103465666669253e-01 1.108595122726770965e-01 8.512489963723257613e-02 6.817001085783630510e-02 6.940103900410030113e-02 6.559652047080487269e-02 6.154161091365896452e-02 6.086312052468778599e-02 7.596118592493776578e-02
1.177961958298711087e-01 1.281613258689085211e-01 1.485380087291559570e-01 1.275941643808315984e-01 1.208591184460809653e-01 9.238176312435328330e-02 7.362541044248097077e-02 7.465584821840906549e-02 7.039762256350777514e-02 6.596509507914760650e-02 6.522504552511798614e-02 8.147173202525516411e-02
1.355973671377027623e-01 1.485380087291559570e-01 1.748666948568078083e-01 1.507680099421752906e-01 1.427274035374396788e-01 1.086845527450588933e-01 8.618911683571653382e-02 8.699570670346071233e-02 8.174963535735174647e-02 7.636897193112741900e-02 7.529066751744079022e-02 9.382189293654880080e-02
1.166103465666669253e-01 1.275941643808315984e-01 1.507680099421752906e-01 1.323193953914567622e-01 1.264026428959266202e-01 9.632113375175159475e-02 7.622306550207094689e-02 7.671109236785472740e-02 7.183268733547276685e-02 6.679877665413049004e-02 6.546147534386451139e-02 8.106127075507041368e-02
1.108595122726770965e-01 1.208591184460809653e-01 1.427274035374396788e-01 1.264026428959266202e-01 1.225892795712341665e-01 9.379258577566348953e-02 7.427077891817618349e-02 7.468708142448474141e-02 6.977497318028835771e-02 6.462971887675469929e-02 6.296941548884818496e-02 7.747335521951667636e-02
8.512489963723257613e-02 9.238176312435328330e-02 1.086845527450588933e-01 9.632113375175159475e-02 9.379258577566348953e-02 7.237999855655266601e-02 5.759870028277344622e-02 5.808242080448684092e-02 5.427656117828778132e-02 5.019449680729571456e-02 4.874375878747785884e-02 5.972331338391037581e-02
6.817001085783630510e-02 7.362541044248097077e-02 8.618911683571653382e-02 7.622306550207094689e-02 7.427077891817618349e-02 5.759870028277344622e-02 4.619219089022645608e-02 4.681470777569260444e-02 4.382637330374368478e-02 4.052056768153724370e-02 3.927375380195750193e-02 4.798118060737399659e-02
6.940103900410030113e-02 7.465584821840906549e-02 8.699570670346071233e-02 7.671109236785472740e-02 7.468708142448474141e-02 5.808242080448684092e-02 4.681470777569260444e-02 4.771045155540463989e-02 4.477589332311115999e-02 4.142748234291201981e-02 4.012732820425388147e-02 4.895027069565906219e-02
6.559652047080487269e-02 7.039762256350777514e-02 8.174963535735174647e-02 7.183268733547276685e-02 6.977497318028835771e-02 5.427656117828778132e-02 4.382637330374368478e-02 4.477589332311115999e-02 4.215694719690429859e-02 3.908354933433004497e-02 3.790861549776830541e-02 4.627756743222571911e-02
6.154161091365896452e-02 6.596509507914760650e-02 7.636897193112741900e-02 6.679877665413049004e-02 6.462971887675469929e-02 5.019449680729571456e-02 4.052056768153724370e-02 4.142748234291201981e-02 3.908354933433004497e-02 3.636855509016142379e-02 3.540168289464132312e-02 4.334974812522666282e-02
6.086312052468778599e-02 6.522504552511798614e-02 7.529066751744079022e-02 6.546147534386451139e-02 6.296941548884818496e-02 4.874375878747785884e-02 3.927375380195750193e-02 4.012732820425388147e-02 3.790861549776830541e-02 3.540168289464132312e-02 3.467976545912660608e-02 4.271692212537415989e-02
7.596118592493776578e-02 8.147173202525516411e-02 9.382189293654880080e-02 8.106127075507041368e-02 7.747335521951667636e-02 5.972331338391037581e-02 4.798118060737399659e-02 4.895027069565906219e-02 4.627756743222571911e-02 4.334974812522666282e-02 4.271692212537415989e-02 5.303630091676738573e-02
4.476674447164797482e-02 6.365190543681550905e-02 9.461280165525906560e-02 1.082337773977458117e-01 8.374291905508080003e-02 4.124619509473602397e-02 4.079979166219166453e-02 4.200928651586866014e-02 3.429320111528103010e-02 3.195235822965161732e-02 3.020392869371720662e-02 3.395595339106025068e-02
6.365190543681550905e-02 9.122286834941548128e-02 1.363556461063957226e-01 1.559384507312497614e-01 1.200312292900568290e-01 5.879369978528475871e-02 5.774906172704363794e-02 5.924758472957912525e-02 4.830967166209383656e-02 4.501429686885881354e-02 4.261346786309067047e-02 4.805187479416866275e-02
9.461280165525906560e-02 1.363556461063957226e-01 2.063195406168305823e-01 2.366918859763060823e-01 1.811935835590558486e-01 8.816772924342655693e-02 8.589923770261885527e-02 8.776008839599916400e-02 7.144278519006053152e-02 6.653655137533856512e-02 6.303060571832108661e-02 7.120454098516010299e-02
1.082337773977458117e-01 1.559384507312497614e-01 2.366918859763060823e-01 2.777194639724350766e-01 2.123674663723714717e-01 1.026558040460546078e-01 9.927674696576765934e-02 1.010413036596490011e-01 8.209560540103966186e-02 7.635335181859173592e-02 7.225299181535947690e-02 8.153659527323128819e-02
8.374291905508080003e-02 1.200312292900568290e-01 1.811935835590558486e-01 2.123674663723714717e-01 1.651516310070968718e-01 7.999437982623228138e-02 7.756022744904840505e-02 7.902240261973322855e-02 6.419032732502963357e-02 5.963997156371067532e-02 5.632178114651714002e-02 6.335305522319052696e-02
4.124619509473602397e-02 5.879369978528475871e-02 8.816772924342655693e-02 1.026558040460546078e-01 7.999437982623228138e-02 3.913225957891677126e-02 3.834178863828320571e-02 3.925060490461415585e-02 3.192365186208946659e-02 2.965331267109520830e-02 2.795321030532056314e-02 3.134044960169869026e-02
4.079979166219166453e-02 5.774906172704363794e-02 8.589923770261885527e-02 9.927674696576765934e-02 7.756022744904840505e-02 3.834178863828320571e-02 3.809681226144275012e-02 3.924655006386643108e-02 3.197363473234177828e-02 2.969105718591875248e-02 2.792448397467381382e-02 3.117688425702828253e-02
4.200928651586866014e-02 5.924758472957912525e-02 8.776008839599916400e-02 1.010413036596490011e-01 7.902240261973322855e-02 3.925060490461415585e-02 3.924655006386643108e-02 4.059605768601132203e-02 3.311242343634798746e-02 3.075095918179897650e-02 2.889200781158743347e-02 3.219182661720696587e-02
3.429320111528103010e-02 4.830967166209383656e-02 7.144278519006053152e-02 8.209560540103966186e-02 6.419032732502963357e-02 3.192365186208946659e-02 3.197363473234177828e-02 3.311242343634798746e-02 2.703995335404301564e-02 2.512590592325499375e-02 2.360896743723346625e-02 2.629726919471402080e-02
3.195235822965161732e-02 4.501429686885881354e-02 6.653655137533856512e-02 7.635335181859173592e-02 5.963997156371067532e-02 2.965331267109520830e-02 2.969105718591875248e-02 3.075095918179897650e-02 2.512590592325499375e-02 2.336888065040660864e-02 2.197401434836943751e-02 2.449183384597991564e-02
3.020392869371720662e-02 4.261346786309067047e-02 6.303060571832108661e-02 7.225299181535947690e-02 5.632178114651714002e-02 2.795321030532056314e-02 2.792448397467381382e-02 2.889200781158743347e-02 2.360896743723346625e-02 2.197401434836943751e-02 2.069507260588355699e-02 2.310938073087380820e-02
3.395595339106025068e-02 4.805187479416866275e-02 7.120454098516010299e-02 8.153659527323128819e-02 6.335305522319052696e-02 3.134044960169869026e-02 3.117688425702828253e-02 3.219182661720696587e-02 2.629726919471402080e-02 2.449183384597991564e-02 2.310938073087380820e-02 2.589071544587016188e-02
1.560183481749270462e-01 1.388624355941762700e-01 1.044268583892316860e-01 1.127878295751639642e-01 9.617017588255216687e-02 9.153411515033513246e-02 7.486148100654405058e-02 7.023108595171802249e-02 8.467845676010829492e-02 8.746780902858106166e-02 1.260536639942605452e-01 1.494595035872262612e-01
1.388624355941762700e-01 1.254937878961765452e-01 9.513709521073682174e-02 1.033271841244871037e-01 8.814283857062735206e-02 8.374515384198918944e-02 6.821292962257276271e-02 6.359634662098377633e-02 7.617323593244257340e-02 7.812621521346732600e-02 1.119070737416625605e-01 1.323976211621435140e-01
1.044268583892316860e-01 9.513709521073682174e-02 7.341789104085577611e-02 8.078724841879411644e-02 6.918481438324473876e-02 6.573491383246977959e-02 5.333850574303284492e-02 4.938651558476975234e-02 5.868692054303527306e-02 5.962518519227973102e-02 8.466859188090558597e-02 9.960674964250887387e-02
1.127878295751639642e-01 1.033271841244871037e-01 8.078724841879411644e-02 9.020082345420671333e-02 7.761591062549788589e-02 7.381100445802479815e-02 5.971983825925547551e-02 5.498080506841367121e-02 6.489187790576939063e-02 6.537189500260640052e-02 9.208971719720696059e-02 1.077296868477666814e-01
9.617017588255216687e-02 8.814283857062735206e-02 6.918481438324473876e-02 7.761591062549788589e-02 6.719814444638176620e-02 6.408737841155121018e-02 5.185420063636315968e-02 4.766577835707884458e-02 5.611999176170391623e-02 5.631393355899154407e-02 7.900977362450394004e-02 9.208611936188776381e-02
9.153411515033513246e-02 8.374515384198918944e-02 6.573491383246977959e-02 7.381100445802479815e-02 6.408737841155121018e-02 6.137338134301724424e-02 4.974261155912916565e-02 4.576142019451208409e-02 5.387681067032277366e-02 5.398965277279101083e-02 7.561128601063507593e-02 8.789846084675090321e-02
7.486148100654405058e-02 6.821292962257276271e-02 5.333850574303284492e-02 5.971983825925547551e-02 5.185420063636315968e-02 4.974261155912916565e-02 4.047467938820584893e-02 3.737762854249334493e-02 4.414097300478543595e-02 4.431324224166312276e-02 6.211545150511000452e-02 7.212130707980954347e-02
7.023108595171802249e-02 6.359634662098377633e-02 4.938651558476975234e-02 5.498080506841367121e-02 4.766577835707884458e-02 4.576142019451208409e-02 3.737762854249334493e-02 3.474958530911977095e-02 4.127950845133129820e-02 4.162665881778891686e-02 5.852941360100322871e-02 6.792995586112038353e-02
8.467845676010829492e-02 7.617323593244257340e-02 5.868692054303527306e-02 6.489187790576939063e-02 5.611999176170391623e-02 5.387681067032277366e-02 4.414097300478543595e-02 4.127950845133129820e-02 4.939872190900634896e-02 5.011898070194501648e-02 7.078964167949904074e-02 8.220249896654903410e-02
8.746780902858106166e-02 7.812621521346732600e-02 5.962518519227973102e-02 6.537189500260640052e-02 5.631393355899154407e-02 5.398965277279101083e-02 4.431324224166312276e-02 4.162665881778891686e-02 5.011898070194501648e-02 5.136320689104086068e-02 7.312642313561638907e-02 8.514461123116195962e-02
1.260536639942605452e-01 1.119070737416625605e-01 8.466859188090558597e-02 9.208971719720696059e-02 7.900977362450394004e-02 7.561128601063507593e-02 6.211545150511000452e-02 5.852941360100322871e-02 7.078964167949904074e-02 7.312642313561638907e-02 1.051288213848695363e-01 1.228997206985386892e-01
1.494595035872262612e-01 1.323976211621435140e-01 9.960674964250887387e-02 1.077296868477666814e-01 9.208611936188776381e-02 8.789846084675090321e-02 7.212130707980954347e-02 6.792995586112038353e-02 8.220249896654903410e-02 8.514461123116195962e-02 1.228997206985386892e-01 1.451826087621926886e-01
5.935605347558736700e-02 7.418058656428737352e-02 1.023595977661171386e-01 1.313031261556251439e-01 9.631612720224187740e-02 6.099872795152144755e-02 3.894409200099333002e-02 2.686917430575263416e-02 1.789670831623008107e-02 2.509735406609250180e-02 3.912480963220416053e-02 4.696214226479919485e-02
7.418058656428737352e-02 9.342640788438613675e-02 1.297649770871921182e-01 1.668633781646694514e-01 1.218411173167025657e-01 7.684298313020110349e-02 4.890289283122365577e-02 3.365238295786351225e-02 2.235538163737269685e-02 3.127963467644528234e-02 4.872547157162046561e-02 5.852523066111872674e-02
1.023595977661171386e-01 1.297649770871921182e-01 1.829091921837711909e-01 2.369359227239016263e-01 1.718945655638450809e-01 1.077227645224026198e-01 6.821496420037073682e-02 4.675240916199305957e-02 3.093021431627967013e-02 4.312680060576341151e-02 6.708907492339671874e-02 8.059137274784784755e-02
1.313031261556251439e-01 1.668633781646694514e-01 2.369359227239016263e-01 3.141282531748615936e-01 2.267549663525052495e-01 1.411233223026795713e-01 8.886379152534010228e-02 6.062686570950544251e-02 3.992552826137636679e-02 5.545302887688733501e-02 8.611697194854414650e-02 1.033693033126556748e-01
9.631612720224187740e-02 1.218411173167025657e-01 1.718945655638450809e-01 2.267549663525052495e-01 1.666735461190270995e-01 1.040734216483999164e-01 6.554996628509979217e-02 4.470532241131227463e-02 2.942464155957335431e-02 4.084792928621994168e-02 6.340421712857469139e-02 7.601407465228848803e-02
6.099872795152144755e-02 7.684298313020110349e-02 1.077227645224026198e-01 1.411233223026795713e-01 1.040734216483999164e-01 6.552221792879381335e-02 4.140889871799618982e-02 2.829537142802203767e-02 1.865345606549998619e-02 2.592842474551800697e-02 4.025930320053277417e-02 4.823475268224799994e-02
3.894409200099333002e-02 4.890289283122365577e-02 6.821496420037073682e-02 8.886379152534010228e-02 6.554996628509979217e-02 4.140889871799618982e-02 2.628364867628243950e-02 1.800781197607547596e-02 1.189872479736448982e-02 1.657039762600487354e-02 2.574570865554362889e-02 3.083715589210807642e-02
2.686917430575263416e-02 3.365238295786351225e-02 4.675240916199305957e-02 6.062686570950544251e-02 4.470532241131227463e-02 2.829537142802203767e-02 1.800781197607547596e-02 1.237246105183843932e-02 8.195551992907244843e-03 1.143685697648071618e-02 1.778343306106337784e-02 2.129808098754200005e-02
1.789670831623008107e-02 2.235538163737269685e-02 3.093021431627967013e-02 3.992552826137636679e-02 2.942464155957335431e-02 1.865345606549998619e-02 1.189872479736448982e-02 8.195551992907244843e-03 5.445027751131280291e-03 7.617609112882787331e-03 1.185668299066948428e-02 1.420021532679499945e-02
2.509735406609250180e-02 3.127963467644528234e-02 4.312680060576341151e-02 5.545302887688733501e-02 4.084792928621994168e-02 2.592842474551800697e-02 1.657039762600487354e-02 1.143685697648071618e-02 7.617609112882787331e-03 1.068102088140508200e-02 1.664013986898535760e-02 1.993015208130438295e-02
3.912480963220416053e-02 4.872547157162046561e-02 6.708907492339671874e-02 8.611697194854414650e-02 6.340421712857469139e-02 4.025930320053277417e-02 2.574570865554362889e-02 1.778343306106337784e-02 1.185668299066948428e-02 1.664013986898535760e-02 2.593918300873862548e-02 3.107416564040544477e-02
4.696214226479919485e-02 5.852523066111872674e-02 8.059137274784784755e-02 1.033693033126556748e-01 7.601407465228848803e-02 4.823475268224799994e-02 3.083715589210807642e-02 2.129808098754200005e-02 1.420021532679499945e-02 1.993015208130438295e-02 3.107416564040544477e-02 3.726298786417703290e-02
1.042780670293846912e-01 8.337471036892603327e-02 7.270725751387852043e-02 7.195067401194310541e-02 7.585923934926865064e-02 5.973139830402587891e-02 6.422922683872374361e-02 8.522197188213628816e-02 1.007287208824053371e-01 9.827346929288481581e-02 1.150621239599179807e-01 1.310766860198736006e-01
8.337471036892603327e-02 6.745543756888393305e-02 5.931227597371049876e-02 5.898428370405561783e-02 6.228564201540585932e-02 4.894646546437299989e-02 5.243255031577023079e-02 6.928144883453406233e-02 8.146854323615121407e-02 7.890988094422875243e-02 9.172349451053768421e-02 1.041782742176318444e-01
7.270725751387852043e-02 5.931227597371049876e-02 5.273490069363560850e-02 5.281869245571821359e-02 5.594501523096985507e-02 4.392730155064350495e-02 4.693567296030186353e-02 6.181058360329619999e-02 7.232010530967006301e-02 6.948902302718623636e-02 8.008555612242038158e-02 9.054657284929872041e-02
7.195067401194310541e-02 5.898428370405561783e-02 5.281869245571821359e-02 5.331294118971076357e-02 5.668286329776835164e-02 4.452604467346062134e-02 4.753747642781011584e-02 6.248998981533558650e-02 7.284578561026880394e-02 6.952173972347513997e-02 7.951635192103861938e-02 8.948753529340136570e-02
7.585923934926865064e-02 6.228564201540585932e-02 5.594501523096985507e-02 5.668286329776835164e-02 6.051751935541793692e-02 4.762486276722693868e-02 5.091256613839947182e-02 6.693996160376655680e-02 7.790243331657151216e-02 7.402122103453079305e-02 8.420624632254805619e-02 9.439770473805464412e-02
5.973139830402587891e-02 4.894646546437299989e-02 4.392730155064350495e-02 4.452604467346062134e-02 4.762486276722693868e-02 3.766377995130544554e-02 4.047388597752629713e-02 5.339771546040877892e-02 6.218816483617175400e-02 5.893836660692106100e-02 6.676967587813550931e-02 7.454425221343954910e-02
6.422922683872374361e-02 5.243255031577023079e-02 4.693567296030186353e-02 4.753747642781011584e-02 5.091256613839947182e-02 4.047388597752629713e-02 4.384773234298344063e-02 5.818002554511601809e-02 6.790176057627007877e-02 6.422405131646793941e-02 7.245746450399748184e-02 8.050851978945375298e-02
8.522197188213628816e-02 6.928144883453406233e-02 6.181058360329619999e-02 6.248998981533558650e-02 6.693996160376655680e-02 5.339771546040877892e-02 5.818002554511601809e-02 7.770074044858539530e-02 9.097532529449775529e-02 8.602691327859501857e-02 9.685395996625062454e-02 1.072580081638946775e-01
1.007287208824053371e-01 8.146854323615121407e-02 7.232010530967006301e-02 7.284578561026880394e-02 7.790243331657151216e-02 6.218816483617175400e-02 6.790176057627007877e-02 9.097532529449775529e-02 1.072706350947436327e-01 1.018676306045596114e-01 1.149754635641834499e-01 1.272625760656343197e-01
9.827346929288481581e-02 7.890988094422875243e-02 6.948902302718623636e-02 6.952173972347513997e-02 7.402122103453079305e-02 5.893836660692106100e-02 6.422405131646793941e-02 8.602691327859501857e-02 1.018676306045596114e-01 9.815230906462232841e-02 1.120937419186943812e-01 1.246464250523559442e-01
1.150621239599179807e-01 9.172349451053768421e-02 8.008555612242038158e-02 7.951635192103861938e-02 8.420624632254805619e-02 6.676967587813550931e-02 7.245746450399748184e-02 9.685395996625062454e-02 1.149754635641834499e-01 1.120937419186943812e-01 1.304913421200334100e-01 1.463773032537831476e-01
1.310766860198736006e-01 1.041782742176318444e-01 9.054657284929872041e-02 8.948753529340136570e-02 9.439770473805464412e-02 7.454425221343954910e-02 8.050851978945375298e-02 1.072580081638946775e-01 1.272625760656343197e-01 1.246464250523559442e-01 1.463773032537831476e-01 1.665745951406934489e-01
2.187775310974777315e-02 3.214034115811183895e-02 4.123849216781202282e-02 7.915217228725404675e-02 5.447379666568527568e-02 5.555575664724792667e-02 5.119890193888861768e-02 3.363232646425519390e-02 2.033953276369231122e-02 2.394563948509254719e-02 1.817437504362978337e-02 1.732119728840587902e-02
3.214034115811183895e-02 4.754299029429476936e-02 6.142458330019862772e-02 1.184353168360468417e-01 8.059569219788051408e-02 8.110862531606577441e-02 7.425507919969585868e-02 4.871859435273220851e-02 2.947589929252057706e-02 3.473224508677798250e-02 2.642295556447682436e-02 2.529645882385112357e-02
4.123849216781202282e-02 6.142458330019862772e-02 8.033945309793592837e-02 1.562018110040836461e-01 1.048086087732918309e-01 1.037609608807218697e-01 9.421710760185050826e-02 6.170570452819991447e-02 3.733431366937232238e-02 4.401486888349551152e-02 3.355803329674030000e-02 3.226878838334990007e-02
7.915217228725404675e-02 1.184353168360468417e-01 1.562018110040836461e-01 3.068921305221178897e-01 2.035893474535039882e-01 1.990676550000985978e-01 1.796536986297110894e-01 1.174948225118944839e-01 7.107770485121756021e-02 8.381194665823886447e-02 6.398752157576605148e-02 6.170289537900323917e-02
5.447379666568527568e-02 8.059569219788051408e-02 1.048086087732918309e-01 2.035893474535039882e-01 1.394270342252842687e-01 1.402255991213314790e-01 1.278695522045242006e-01 8.359763971640632452e-02 5.039012197741266075e-02 5.916939039633543895e-02 4.493123182249585124e-02 4.293471281579878951e-02
5.555575664724792667e-02 8.110862531606577441e-02 1.037609608807218697e-01 1.990676550000985978e-01 1.402255991213314790e-01 1.465593509969653485e-01 1.354859850446593350e-01 8.857023224108873105e-02 5.317842496739093316e-02 6.215612530956984849e-02 4.691102892376934619e-02 4.435730282859338958e-02
5.119890193888861768e-02 7.425507919969585868e-02 9.421710760185050826e-02 1.796536986297110894e-01 1.278695522045242006e-01 1.354859850446593350e-01 1.268427892366705279e-01 8.302721493690753962e-02 4.979100230062776661e-02 5.810375876219132929e-02 4.372960305859260877e-02 4.113966083817970076e-02
3.363232646425519390e-02 4.871859435273220851e-02 6.170570452819991447e-02 1.174948225118944839e-01 8.359763971640632452e-02 8.857023224108873105e-02 8.302721493690753962e-02 5.451719292653432747e-02 3.273755581651859731e-02 3.824038235707342276e-02 2.877609854698295888e-02 2.705278048383873146e-02
2.033953276369231122e-02 2.947589929252057706e-02 3.733431366937232238e-02 7.107770485121756021e-02 5.039012197741266075e-02 5.317842496739093316e-02 4.979100230062776661e-02 3.273755581651859731e-02 1.971030817898574219e-02 2.307350611579908617e-02 1.737744179443041423e-02 1.634948736428802618e-02
2.394563948509254719e-02 3.473224508677798250e-02 4.401486888349551152e-02 8.381194665823886447e-02 5.916939039633543895e-02 6.215612530956984849e-02 5.810375876219132929e-02 3.824038235707342276e-02 2.307350611579908617e-02 2.707393885914714804e-02 2.041164646295854160e-02 1.922646194458880325e-02
1.817437504362978337e-02 2.642295556447682436e-02 3.355803329674030000e-02 6.398752157576605148e-02 4.493123182249585124e-02 4.691102892376934619e-02 4.372960305859260877e-02 2.877609854698295888e-02 1.737744179443041423e-02 2.041164646295854160e-02 1.541471704584078048e-02 1.455429345099225509e-02
1.732119728840587902e-02 2.529645882385112357e-02 3.226878838334990007e-02 6.170289537900323917e-02 4.293471281579878951e-02 4.435730282859338958e-02 4.113966083817970076e-02 2.705278048383873146e-02 1.634948736428802618e-02 1.922646194458880325e-02 1.455429345099225509e-02 1.380234150647565231e-02
1.488128334504801309e-01 1.519519226146464619e-01 1.252067017026801676e-01 8.304759448488552298e-02 8.739645961414529984e-02 7.801144450607282177e-02 6.592195130742856124e-02 5.693162641649832101e-02 5.663824685796504943e-02 7.781591058773458525e-02 1.310067175429761033e-01 1.680843286656618640e-01
1.519519226146464619e-01 1.587524531740059919e-01 1.315837285064462292e-01 8.718942537877216736e-02 9.158780678994160596e-02 8.152935587425398645e-02 6.861602950370213061e-02 5.888557569483231224e-02 5.804665156382607383e-02 7.900337786497688142e-02 1.321278183686654117e-01 1.692940368160499309e-01
1.252067017026801676e-01 1.315837285064462292e-01 1.103561975469314616e-01 7.341232927386828755e-02 7.731630321554250340e-02 6.881186020157616101e-02 5.779510297011123537e-02 4.939896256581034761e-02 4.839228163109923764e-02 6.544124487097835452e-02 1.089376152732127179e-01 1.391774426690048361e-01
8.304759448488552298e-02 8.718942537877216736e-02 7.341232927386828755e-02 4.926099259826551696e-02 5.221973440792855581e-02 4.656521073364332242e-02 3.909350768537846188e-02 3.333868239694592200e-02 3.253072238044417419e-02 4.380915979171641494e-02 7.269640619454670327e-02 9.256785483948593019e-02
8.739645961414529984e-02 9.158780678994160596e-02 7.731630321554250340e-02 5.221973440792855581e-02 5.576379626478313034e-02 4.984513785331204372e-02 4.184914461420805032e-02 3.563048175535946799e-02 3.465965405740784738e-02 4.652059714179897221e-02 7.699210418208375650e-02 9.773202415748963312e-02
7.801144450607282177e-02 8.152935587425398645e-02 6.881186020157616101e-02 4.656521073364332242e-02 4.984513785331204372e-02 4.467071841281229638e-02 3.754559742182971005e-02 3.197811171585066697e-02 3.110489663962669182e-02 4.173782930953895409e-02 6.904380401956210223e-02 8.750683641348469544e-02
6.592195130742856124e-02 6.861602950370213061e-02 5.779510297011123537e-02 3.909350768537846188e-02 4.184914461420805032e-02 3.754559742182971005e-02 3.162524746817628463e-02 2.699092995961543257e-02 2.631575135490462486e-02 3.538637411175782344e-02 5.860410734289019097e-02 7.422256377282525353e-02
5.693162641649832101e-02 5.888557569483231224e-02 4.939896256581034761e-02 3.333868239694592200e-02 3.563048175535946799e-02 3.197811171585066697e-02 2.699092995961543257e-02 2.313089505255970860e-02 2.267077822487393451e-02 3.063604053167913108e-02 5.088894823646304688e-02 6.444316100913614898e-02
5.663824685796504943e-02 5.804665156382607383e-02 4.839228163109923764e-02 3.253072238044417419e-02 3.465965405740784738e-02 3.110489663962669182e-02 2.631575135490462486e-02 2.267077822487393451e-02 2.241353632739265939e-02 3.054008239714950390e-02 5.099057399576324701e-02 6.459520104796752371e-02
7.781591058773458525e-02 7.900337786497688142e-02 6.544124487097835452e-02 4.380915979171641494e-02 4.652059714179897221e-02 4.173782930953895409e-02 3.538637411175782344e-02 3.063604053167913108e-02 3.054008239714950390e-02 4.200612821052025769e-02 7.055046873814414810e-02 8.943110512723871641e-02
1.310067175429761033e-01 1.321278183686654117e-01 1.089376152732127179e-01 7.269640619454670327e-02 7.699210418208375650e-02 6.904380401956210223e-02 5.860410734289019097e-02 5.088894823646304688e-02 5.099057399576324701e-02 7.055046873814414810e-02 1.192238896340141047e-01 1.513565493782013938e-01
1.680843286656618640e-01 1.692940368160499309e-01 1.391774426690048361e-01 9.256785483948593019e-02 9.773202415748963312e-02 8.750683641348469544e-02 7.422256377282525353e-02 6.444316100913614898e-02 6.459520104796752371e-02 8.943110512723871641e-02 1.513565493782013938e-01 1.939833118600582107e-01
6.256365071178110471e-02 9.912347863765920419e-02 1.066530947447500988e-01 9.947046528736983029e-02 9.727480855576131624e-02 7.780373152468235409e-02 5.198920977408251487e-02 3.854680728700349973e-02 3.375279451042510759e-02 3.530398227907283193e-02 3.106828906213969857e-02 4.034264107689227580e-02
9.912347863765920419e-02 1.578777834751187437e-01 1.698704166429013118e-01 1.578158068288432192e-01 1.536688816112511957e-01 1.226195804663966077e-01 8.186363640362094574e-02 6.067535814953008838e-02 5.313177432900077768e-02 5.560061493975739649e-02 4.899801537525802497e-02 6.375312329576557357e-02
1.066530947447500988e-01 1.698704166429013118e-01 1.854059768501992722e-01 1.734429262521609838e-01 1.692154411717171625e-01 1.347710433361177240e-01 8.971365788153783105e-02 6.627275776741109459e-02 5.783995895628998851e-02 6.035304695442597622e-02 5.302613102296389186e-02 6.876513425546872116e-02
9.947046528736983029e-02 1.578158068288432192e-01 1.734429262521609838e-01 1.664125037943017804e-01 1.644425995332018386e-01 1.310416374536764184e-01 8.688477448615980481e-02 6.383596223101457856e-02 5.538564534041778842e-02 5.747066290283736611e-02 5.015713631338765410e-02 6.454402829673691611e-02
9.727480855576131624e-02 1.536688816112511957e-01 1.692154411717171625e-01 1.644425995332018386e-01 1.660133805866975121e-01 1.328154257143991379e-01 8.784833102531172666e-02 6.427473535558739237e-02 5.549614316316910101e-02 5.730711437554091015e-02 4.970688593924653398e-02 6.350348417494017239e-02
7.780373152468235409e-02 1.226195804663966077e-01 1.347710433361177240e-01 1.310416374536764184e-01 1.328154257143991379e-01 1.072313303755615677e-01 7.103419737937768930e-02 5.195901269662921845e-02 4.481590161644224968e-02 4.620963148492411576e-02 3.998309546758326005e-02 5.092714492452650454e-02
5.198920977408251487e-02 8.186363640362094574e-02 8.971365788153783105e-02 8.688477448615980481e-02 8.784833102531172666e-02 7.103419737937768930e-02 4.725953659730820072e-02 3.465300122125098553e-02 2.993492999622817535e-02 3.088993546277821189e-02 2.673006727182510728e-02 3.404184486661936127e-02
3.854680728700349973e-02 6.067535814953008838e-02 6.627275776741109459e-02 6.383596223101457856e-02 6.427473535558739237e-02 5.195901269662921845e-02 3.465300122125098553e-02 2.550431323886112253e-02 2.209275673331142012e-02 2.283919761689157113e-02 1.978693695685829895e-02 2.522605503226651308e-02
3.375279451042510759e-02 5.313177432900077768e-02 5.783995895628998851e-02 5.538564534041778842e-02 5.549614316316910101e-02 4.481590161644224968e-02 2.993492999622817535e-02 2.209275673331142012e-02 1.920222304843793859e-02 1.989947539443313873e-02 1.727327615835162061e-02 2.206279850927851324e-02
3.530398227907283193e-02 5.560061493975739649e-02 6.035304695442597622e-02 5.747066290283736611e-02 5.730711437554091015e-02 4.620963148492411576e-02 3.088993546277821189e-02 2.283919761689157113e-02 1.989947539443313873e-02 2.067709500194228958e-02 1.799165962320591755e-02 2.303768255700044260e-02
3.106828906213969857e-02 4.899801537525802497e-02 5.302613102296389186e-02 5.015713631338765410e-02 4.970688593924653398e-02 3.998309546758326005e-02 2.673006727182510728e-02 1.978693695685829895e-02 1.727327615835162061e-02 1.799165962320591755e-02 1.571690591337726595e-02 2.021089389012014834e-02
4.034264107689227580e-02 6.375312329576557357e-02 6.876513425546872116e-02 6.454402829673691611e-02 6.350348417494017239e-02 5.092714492452650454e-02 3.404184486661936127e-02 2.522605503226651308e-02 2.206279850927851324e-02 2.303768255700044260e-02 2.021089389012014834e-02 2.613530040641303190e-02
2.284211684477239768e-01 1.628994471190727267e-01 1.037135548544523139e-01 8.308605611200664542e-02 5.843911086739744798e-02 5.447153796024829103e-02 5.247194812470773462e-02 9.139970827351243110e-02 1.288313898452972950e-01 1.422757742870214281e-01 1.724736491413934591e-01 1.929798877882328845e-01
1.628994471190727267e-01 1.174052922133970028e-01 7.496948889186938469e-02 6.013681734432267667e-02 4.230247598046418811e-02 3.942098392860705902e-02 3.795205330793401111e-02 6.607211606623238087e-02 9.303775214651406611e-02 1.024808010627517446e-01 1.237361356015335978e-01 1.378536704277220082e-01
1.037135548544523139e-01 7.496948889186938469e-02 4.821965952361867425e-02 3.886497059850270441e-02 2.741510654196707003e-02 2.560928607244405270e-02 2.470102203728848436e-02 4.304768111191946411e-02 6.059537860161358369e-02 6.654332948804714265e-02 7.988976645996416492e-02 8.830473499372995527e-02
8.308605611200664542e-02 6.013681734432267667e-02 3.886497059850270441e-02 3.151167641681156678e-02 2.231010445671678666e-02 2.090986352975456736e-02 2.022303322571065987e-02 3.529998559376924805e-02 4.968646992063547457e-02 5.440425731226104789e-02 6.494359085739101478e-02 7.120230627025189718e-02
5.843911086739744798e-02 4.230247598046418811e-02 2.741510654196707003e-02 2.231010445671678666e-02 1.586269575052297320e-02 1.492670834812662509e-02 1.448624773941997040e-02 2.534002135983690757e-02 3.567997115973582656e-02 3.897592077396248855e-02 4.629584067308532142e-02 5.038576337278620476e-02
5.447153796024829103e-02 3.942098392860705902e-02 2.560928607244405270e-02 2.090986352975456736e-02 1.492670834812662509e-02 1.411222900061648300e-02 1.375318942469823044e-02 2.412116088929641342e-02 3.398491235693967827e-02 3.703878154899547387e-02 4.377061056762264479e-02 4.727105354971652962e-02
5.247194812470773462e-02 3.795205330793401111e-02 2.470102203728848436e-02 2.022303322571065987e-02 1.448624773941997040e-02 1.375318942469823044e-02 1.346590370167470921e-02 2.368895435510585956e-02 3.340761420444895990e-02 3.633928206364283459e-02 4.274381607715486975e-02 4.582519984274685543e-02
9.139970827351243110e-02 6.607211606623238087e-02 4.304768111191946411e-02 3.529998559376924805e-02 2.534002135983690757e-02 2.412116088929641342e-02 2.368895435510585956e-02 4.177088679392558512e-02 5.895765418533005509e-02 6.405917967757088216e-02 7.512754532230261906e-02 8.016009162086408513e-02
1.288313898452972950e-01 9.303775214651406611e-02 6.059537860161358369e-02 4.968646992063547457e-02 3.567997115973582656e-02 3.398491235693967827e-02 3.340761420444895990e-02 5.895765418533005509e-02 8.338031251333563598e-02 9.066892103653216572e-02 1.063074503874505139e-01 1.132277019494923598e-01
1.422757742870214281e-01 1.024808010627517446e-01 6.654332948804714265e-02 5.440425731226104789e-02 3.897592077396248855e-02 3.703878154899547387e-02 3.633928206364283459e-02 6.405917967757088216e-02 9.066892103653216572e-02 9.923873054164453200e-02 1.170082815245385155e-01 1.249952126735570240e-01
1.724736491413934591e-01 1.237361356015335978e-01 7.988976645996416492e-02 6.494359085739101478e-02 4.629584067308532142e-02 4.377061056762264479e-02 4.274381607715486975e-02 7.512754532230261906e-02 1.063074503874505139e-01 1.170082815245385155e-01 1.399021935846549991e-01 1.509031214883719552e-01
1.929798877882328845e-01 1.378536704277220082e-01 8.830473499372995527e-02 7.120230627025189718e-02 5.038576337278620476e-02 4.727105354971652962e-02 4.582519984274685543e-02 8.016009162086408513e-02 1.132277019494923598e-01 1.249952126735570240e-01 1.509031214883719552e-01 1.667092515120739138e-01
6.304249200260639285e-02 6.292566699978502376e-02 4.815658443357453966e-02 5.238980816107642602e-02 6.107213073301669126e-02 7.963703716852396641e-02 6.843131559563586652e-02 9.364729021684374544e-02 8.154627875960127059e-02 7.654951213931579512e-02 8.269978384920305403e-02 5.667602154998795105e-02
