3.873221427536935879e-01 2.848741461943872788e-01 3.492878776509485139e-02 -8.598674825790751652e-02 -9.172319584069343890e-02 -3.104030317234402619e-02 5.153478991438806972e-02 5.709400783125845313e-02 -6.805767231283135765e-02 -2.425479809226704364e-01
2.848741461943872788e-01 5.882938294387919376e-01 2.694193354641758464e-01 5.097819844142632839e-02 -4.352602049888553565e-02 -6.199007252684511637e-02 -4.567832629141899137e-02 2.998391637368977986e-02 8.490454127113031269e-02 -1.201912523547933077e-02
3.492878776509485139e-02 2.694193354641758464e-01 3.474280812151445130e-01 2.371959365502513406e-01 1.497254865961930581e-01 4.433226471732420321e-02 -4.672746132201190811e-02 -4.948764840452897495e-02 4.192601356956004999e-02 7.786985646060319566e-02
-8.598674825790751652e-02 5.097819844142632839e-02 2.371959365502513406e-01 3.166748699121560429e-01 2.654332265922089151e-01 1.382488725765088633e-01 2.198682372456943479e-02 -6.690660992075386782e-02 -4.768827742936038172e-02 4.886706138760553431e-02
-9.172319584069343890e-02 -4.352602049888553565e-02 1.497254865961930581e-01 2.654332265922089151e-01 3.376054232822237045e-01 2.035132241079024018e-01 1.033035968566334978e-01 -2.584878510093408313e-02 -8.266159739082702684e-02 -8.380938458255705187e-03
-3.104030317234402619e-02 -6.199007252684511637e-02 4.433226471732420321e-02 1.382488725765088633e-01 2.035132241079024018e-01 1.948297925438784162e-01 2.099461654773087382e-01 9.273961957589414717e-02 -5.593262433939889117e-02 -6.133122656630098091e-02
5.153478991438806972e-02 -4.567832629141899137e-02 -4.672746132201190811e-02 2.198682372456943479e-02 1.033035968566334978e-01 2.099461654773087382e-01 4.483611949242313210e-01 3.001544467969847751e-01 4.058132135378337418e-02 -8.749884622337605888e-02
5.709400783125845313e-02 2.998391637368977986e-02 -4.948764840452897495e-02 -6.690660992075386782e-02 -2.584878510093408313e-02 9.273961957589414717e-02 3.001544467969847751e-01 4.687559068458231337e-01 2.310686043593934702e-01 3.384933178262034686e-02
-6.805767231283135765e-02 8.490454127113031269e-02 4.192601356956004999e-02 -4.768827742936038172e-02 -8.266159739082702684e-02 -5.593262433939889117e-02 4.058132135378337418e-02 2.310686043593934702e-01 4.244810883800609336e-01 2.859093640716323104e-01
-2.425479809226704364e-01 -1.201912523547933077e-02 7.786985646060319566e-02 4.886706138760553431e-02 -8.380938458255705187e-03 -6.133122656630098091e-02 -8.749884622337605888e-02 3.384933178262034686e-02 2.859093640716323104e-01 4.862476707039959933e-01
1.606950072948524766e-01 1.769696189336019132e-01 9.691571400658330337e-02 -5.426549237233802003e-02 -6.401674591824858818e-02 7.277162296503427059e-03 7.096374799156912605e-02 6.903960311440153486e-02 -7.840669198196550949e-02 -2.028589649583819599e-01
1.769696189336019132e-01 2.918610279362622850e-01 2.696531179727142957e-01 3.777271397473960096e-02 -6.722106467682720243e-02 -4.091825137761556652e-02 5.638788186644242556e-02 9.568325992881276942e-02 -9.347394475023478640e-04 -1.313418544897601015e-01
9.691571400658330337e-02 2.696531179727142957e-01 5.708742081898086074e-01 2.833478445058870698e-01 3.623862706242776677e-02 -7.507699789757138475e-02 -3.306180247102994546e-02 2.367325187096658984e-02 3.739785259187899946e-02 -1.423586431151807608e-02
-5.426549237233802003e-02 3.777271397473960096e-02 2.833478445058870698e-01 4.152048187430323889e-01 2.151506337267113933e-01 5.424802296237342392e-02 -6.184535874817507356e-02 -9.115699843834101923e-02 6.556656172509351538e-03 8.963484627990819797e-02
-6.401674591824858818e-02 -6.722106467682720243e-02 3.623862706242776677e-02 2.151506337267113933e-01 3.390271102907551626e-01 3.081069037522645715e-01 8.374247534387743719e-02 -6.406660647979672829e-02 -4.323093780581391959e-02 4.843202379371555621e-02
7.277162296503427059e-03 -4.091825137761556652e-02 -7.507699789757138475e-02 5.424802296237342392e-02 3.081069037522645715e-01 5.792160128387970897e-01 2.549578365639004751e-01 6.638932992512835973e-02 -4.337299897267515858e-02 -5.060054005603822902e-02
7.096374799156912605e-02 5.638788186644242556e-02 -3.306180247102994546e-02 -6.184535874817507356e-02 8.374247534387743719e-02 2.549578365639004751e-01 2.353188753437518710e-01 2.137059079564287978e-01 7.013633707353517099e-02 -6.996145402128733926e-02
6.903960311440153486e-02 9.568325992881276942e-02 2.367325187096658984e-02 -9.115699843834101923e-02 -6.406660647979672829e-02 6.638932992512835973e-02 2.137059079564287978e-01 4.598271155133037968e-01 2.725491822952649801e-01 6.330991919997431758e-03
-7.840669198196550949e-02 -9.347394475023478640e-04 3.739785259187899946e-02 6.556656172509351538e-03 -4.323093780581391959e-02 -4.337299897267515858e-02 7.013633707353517099e-02 2.725491822952649801e-01 5.001417645912773491e-01 2.686840034497691154e-01
-2.028589649583819599e-01 -1.313418544897601015e-01 -1.423586431151807608e-02 8.963484627990819797e-02 4.843202379371555621e-02 -5.060054005603822902e-02 -6.996145402128733926e-02 6.330991919997431758e-03 2.686840034497691154e-01 4.478340592581645518e-01
4.884555008804256637e-01 2.626587241116825067e-01 1.291970061029673322e-01 -1.350352936405129455e-02 -8.451625777027421682e-02 -2.042402082065985017e-02 6.521508810722687066e-02 5.474741971092601106e-02 -6.200556736129404778e-02 -2.627227678566664837e-01
2.626587241116825067e-01 2.601540906023130928e-01 2.188356025382666159e-01 9.683353619076029428e-02 -3.730429807436642931e-02 -6.644807136573743778e-02 -8.292835394910255675e-03 7.099048464574211903e-02 5.648379159779836484e-02 -9.837714295611571513e-02
1.291970061029673322e-01 2.188356025382666159e-01 3.180411374049765261e-01 2.529716891551591074e-01 8.879703525350103599e-02 -6.609466245199897838e-02 -8.216463510800237069e-02 3.422212784865791974e-02 9.949669495806455488e-02 2.005545977653410555e-02
-1.350352936405129455e-02 9.683353619076029428e-02 2.529716891551591074e-01 4.338612832566177135e-01 2.853158687370965785e-01 5.400734894405220810e-02 -7.880326187716100994e-02 -4.774216227991869704e-02 3.550546687157552644e-02 6.121839093092172612e-02
-8.451625777027421682e-02 -3.730429807436642931e-02 8.879703525350103599e-02 2.853158687370965785e-01 4.607351547929031677e-01 2.407632043114794618e-01 6.006124466376476512e-02 -6.339113371319060608e-02 -7.335354974185720467e-02 1.573701703383442035e-02
-2.042402082065985017e-02 -6.644807136573743778e-02 -6.609466245199897838e-02 5.400734894405220810e-02 2.407632043114794618e-01 3.668076551560960352e-01 2.835332339806124202e-01 7.374073303794340117e-02 -7.908470636376047080e-02 -6.786668862815059544e-02
6.521508810722687066e-02 -8.292835394910255675e-03 -8.216463510800237069e-02 -7.880326187716100994e-02 6.006124466376476512e-02 2.835332339806124202e-01 5.038773438624367662e-01 2.572860105905779848e-01 5.216054112180479319e-02 -5.933165831360288911e-02
5.474741971092601106e-02 7.099048464574211903e-02 3.422212784865791974e-02 -4.774216227991869704e-02 -6.339113371319060608e-02 7.374073303794340117e-02 2.572860105905779848e-01 3.578228022507904393e-01 2.696968519175292345e-01 9.648687189622090488e-02
-6.200556736129404778e-02 5.648379159779836484e-02 9.949669495806455488e-02 3.550546687157552644e-02 -7.335354974185720467e-02 -7.908470636376047080e-02 5.216054112180479319e-02 2.696968519175292345e-01 4.698180436890005418e-01 2.599202678962719837e-01
-2.627227678566664837e-01 -9.837714295611571513e-02 2.005545977653410555e-02 6.121839093092172612e-02 1.573701703383442035e-02 -6.786668862815059544e-02 -5.933165831360288911e-02 9.648687189622090488e-02 2.599202678962719837e-01 3.404269881044356683e-01
3.030666736899317870e-01 2.400590117810291191e-01 9.141709440239909057e-02 -5.778963043246293507e-02 -8.179487484164393862e-02 -3.181380378962365280e-02 5.770213223860046203e-02 8.920536146411302270e-02 -8.854345126129682664e-03 -2.689657558644368285e-01
2.400590117810291191e-01 4.388020255373562550e-01 2.817034518418720657e-01 7.656644868675879789e-02 -5.935427616217864993e-02 -9.193294902897178322e-02 -4.161108129590601612e-02 5.568487374497528564e-02 9.077471276494239460e-02 -7.143006914435584553e-02
9.141709440239909057e-02 2.817034518418720657e-01 4.094178533632220618e-01 2.576741400172787855e-01 9.588217444667065936e-02 -2.080821825839952732e-02 -7.113081018484415652e-02 -4.011130316646197014e-02 3.918666110448561224e-02 4.944184234960781466e-02
-5.778963043246293507e-02 7.656644868675879789e-02 2.576741400172787855e-01 3.904832178753898653e-01 2.575889849481400873e-01 1.303215217325741082e-01 -2.533259432375869862e-04 -7.946177738902747423e-02 -5.546703852436425664e-02 7.883672452703306688e-02
-8.179487484164393862e-02 -5.935427616217864993e-02 9.588217444667065936e-02 2.575889849481400873e-01 3.160683397094051772e-01 2.431947710058909307e-01 1.211915215782865957e-01 -1.632516902285063159e-02 -7.791041582638411067e-02 1.655838287906810646e-02
-3.181380378962365280e-02 -9.193294902897178322e-02 -2.080821825839952732e-02 1.303215217325741082e-01 2.431947710058909307e-01 3.235758458080058020e-01 2.532959631263924649e-01 1.130746833617557318e-01 -3.012924987744523483e-02 -5.964793663462181900e-02
5.770213223860046203e-02 -4.161108129590601612e-02 -7.113081018484415652e-02 -2.533259432375869862e-04 1.211915215782865957e-01 2.532959631263924649e-01 3.622818064622738143e-01 2.576916041460139972e-01 9.149990965458600078e-02 -9.819093191630112738e-02
8.920536146411302270e-02 5.568487374497528564e-02 -4.011130316646197014e-02 -7.946177738902747423e-02 -1.632516902285063159e-02 1.130746833617557318e-01 2.576916041460139972e-01 3.767967443997256582e-01 2.655028131147550985e-01 -5.534502083768695277e-03
-8.854345126129682664e-03 9.077471276494239460e-02 3.918666110448561224e-02 -5.546703852436425664e-02 -7.791041582638411067e-02 -3.012924987744523483e-02 9.149990965458600078e-02 2.655028131147550985e-01 4.980561436769224692e-01 2.674412847350465805e-01
-2.689657558644368285e-01 -7.143006914435584553e-02 4.944184234960781466e-02 7.883672452703306688e-02 1.655838287906810646e-02 -5.964793663462181900e-02 -9.819093191630112738e-02 -5.534502083768695277e-03 2.674412847350465805e-01 5.814513494777642233e-01
5.128796945046611988e-01 1.351967366036264939e-01 6.850010969500622271e-02 -4.561439683603811177e-03 -6.501740111211648521e-02 -3.365181411815923451e-02 4.849616924214722458e-02 9.697079594450676299e-02 1.006506431546792812e-02 -3.153859933371290225e-01
1.351967366036264939e-01 7.046256745905261909e-02 1.324266684686233875e-01 8.276810362379576069e-02 -1.698415453543298051e-02 -4.537804830911533471e-02 -1.367409735112003200e-02 4.200275131996268618e-02 3.688407789871082226e-02 -7.022515143414347072e-02
6.850010969500622271e-02 1.324266684686233875e-01 4.318985548264552277e-01 3.181621697484478539e-01 5.785448292029060635e-02 -8.218704265526982633e-02 -8.349455434005695342e-02 1.462729036823095033e-02 6.234776144005853282e-02 1.276123523573879925e-02
-4.561439683603811177e-03 8.276810362379576069e-02 3.181621697484478539e-01 4.976085626689003005e-01 2.151807806917334365e-01 3.651406350957031588e-02 -3.997332487443643056e-02 -3.572629441246562981e-02 1.247401012956825261e-03 3.368672630728213047e-02
-6.501740111211648521e-02 -1.698415453543298051e-02 5.785448292029060635e-02 2.151807806917334365e-01 3.595539937146257081e-01 2.810251816988066365e-01 1.439497225753564591e-01 -4.321442141153362948e-02 -9.240599839471794197e-02 4.994602479944173709e-03
-3.365181411815923451e-02 -4.537804830911533471e-02 -8.218704265526982633e-02 3.651406350957031588e-02 2.810251816988066365e-01 4.332737982255623344e-01 2.777486670216393061e-01 6.200565645592970299e-02 -5.826628519384608601e-02 -3.242219745209542342e-02
4.849616924214722458e-02 -1.367409735112003200e-02 -8.349455434005695342e-02 -3.997332487443643056e-02 1.439497225753564591e-01 2.777486670216393061e-01 3.377544521792802956e-01 2.205544508975154916e-01 9.384743821809801712e-02 -3.771661695811123760e-02
9.697079594450676299e-02 4.200275131996268618e-02 1.462729036823095033e-02 -3.572629441246562981e-02 -4.321442141153362948e-02 6.200565645592970299e-02 2.205544508975154916e-01 3.700497326198334269e-01 2.922016575557300211e-01 3.175727312304696404e-02
1.006506431546792812e-02 3.688407789871082226e-02 6.234776144005853282e-02 1.247401012956825261e-03 -9.240599839471794197e-02 -5.826628519384608601e-02 9.384743821809801712e-02 2.922016575557300211e-01 5.113988281136285785e-01 2.128461945735758420e-01
-3.153859933371290225e-01 -7.022515143414347072e-02 1.276123523573879925e-02 3.368672630728213047e-02 4.994602479944173709e-03 -3.242219745209542342e-02 -3.771661695811123760e-02 3.175727312304696404e-02 2.128461945735758420e-01 4.751198156880003243e-01
2.560817995194710761e-01 2.608301188110020430e-01 1.129493962072350421e-01 -6.397739789585993320e-02 -8.707226619348808205e-02 4.558192746383185265e-03 7.852897883072275376e-02 5.454420663143197401e-02 -7.023904824744495179e-02 -2.095584496395268281e-01
2.608301188110020430e-01 5.155610912293799863e-01 2.894270436151792358e-01 2.715809047893239306e-02 -8.541223542876691388e-02 -6.251287855629372725e-02 1.244865966161036105e-02 7.136429871938265723e-02 6.937687852472615435e-02 -6.189350041238399214e-02
1.129493962072350421e-01 2.894270436151792358e-01 3.726707590795290681e-01 2.393646929859945816e-01 8.513267467617599560e-02 -3.813704008758111996e-02 -6.904973674134483319e-02 -1.458319254314198801e-02 5.900591014300834297e-02 3.519983473406899932e-02
-6.397739789585993320e-02 2.715809047893239306e-02 2.393646929859945816e-01 4.794534513783201835e-01 2.970127211974937786e-01 8.860910638104435577e-02 -5.933377062926188661e-02 -8.347661736777117758e-02 -2.719086403054781984e-02 5.620207732930479483e-02
-8.707226619348808205e-02 -8.541223542876691388e-02 8.513267467617599560e-02 2.970127211974937786e-01 3.723672720746556974e-01 2.145091053251749202e-01 7.567421170018111265e-02 -2.921821992720060115e-02 -6.308373315097898226e-02 2.682170442521474105e-03
4.558192746383185265e-03 -6.251287855629372725e-02 -3.813704008758111996e-02 8.860910638104435577e-02 2.145091053251749202e-01 3.143794277804640713e-01 2.874510665561272882e-01 1.359698910976822606e-01 -2.037106964787472468e-02 -6.934738466423973069e-02
7.852897883072275376e-02 1.244865966161036105e-02 -6.904973674134483319e-02 -5.933377062926188661e-02 7.567421170018111265e-02 2.874510665561272882e-01 4.896372927350953197e-01 2.638267956604092856e-01 7.051947463206674482e-02 -7.028656352282827702e-02
5.454420663143197401e-02 7.136429871938265723e-02 -1.458319254314198801e-02 -8.347661736777117758e-02 -2.921821992720060115e-02 1.359698910976822606e-01 2.638267956604092856e-01 2.571224433669374587e-01 2.067340926522943934e-01 6.545018752341608126e-02
-7.023904824744495179e-02 6.937687852472615435e-02 5.900591014300834297e-02 -2.719086403054781984e-02 -6.308373315097898226e-02 -2.037106964787472468e-02 7.051947463206674482e-02 2.067340926522943934e-01 4.680460640723157484e-01 3.158730451108365811e-01
-2.095584496395268281e-01 -6.189350041238399214e-02 3.519983473406899932e-02 5.620207732930479483e-02 2.682170442521474105e-03 -6.934738466423973069e-02 -7.028656352282827702e-02 6.545018752341608126e-02 3.158730451108365811e-01 4.746803987638292810e-01
4.463324227941932731e-01 2.568944744381943535e-01 5.258541095594967962e-02 -7.835154623276693875e-02 7.560821875756434073e-03 6.285999604738229385e-02 3.632173003692587554e-02 -2.864985232121157466e-02 -1.001621532013229898e-01 -2.863306663327920276e-01
2.568944744381943535e-01 3.940763430341236440e-01 2.572727851766345442e-01 1.925341877208775615e-02 -9.939501518144294723e-02 -4.837601986067928406e-02 5.800432171540143705e-02 8.679674931869388321e-02 1.185259874835237030e-02 -1.014401986207096040e-01
5.258541095594967962e-02 2.572727851766345442e-01 4.606677837736816716e-01 2.727552317359440703e-01 -6.248883150797567010e-02 -1.043029761884850942e-01 -7.293504516857907301e-03 6.965085524139758011e-02 5.743839136655267547e-02 5.805659801719162405e-02
-7.835154623276693875e-02 1.925341877208775615e-02 2.727552317359440703e-01 6.273194104335702015e-01 2.656895504361107552e-01 2.370341673508526842e-02 -7.128184088449723843e-02 -6.676027939297138336e-02 -4.731960992366198229e-03 5.555698212247346668e-02
7.560821875756434073e-03 -9.939501518144294723e-02 -6.248883150797567010e-02 2.656895504361107552e-01 4.616482146131195008e-01 2.634254651791691493e-01 7.527598477714123049e-02 -4.115872740070474628e-02 -5.491934811674674399e-02 -8.004769352112070524e-02
6.285999604738229385e-02 -4.837601986067928406e-02 -1.043029761884850942e-01 2.370341673508526842e-02 2.634254651791691493e-01 3.721147536588643723e-01 2.416837327703970362e-01 1.178711479030714049e-01 -1.830895954299660480e-03 -8.133617138459449392e-02
3.632173003692587554e-02 5.800432171540143705e-02 -7.293504516857907301e-03 -7.128184088449723843e-02 7.527598477714123049e-02 2.416837327703970362e-01 3.577159125911660298e-01 2.855278274931025151e-01 1.055595722087414035e-01 4.113736492515981946e-02
-2.864985232121157466e-02 8.679674931869388321e-02 6.965085524139758011e-02 -6.676027939297138336e-02 -4.115872740070474628e-02 1.178711479030714049e-01 2.855278274931025151e-01 4.133975797166268284e-01 1.735491818177695156e-01 1.349766420077694040e-01
-1.001621532013229898e-01 1.185259874835237030e-02 5.743839136655267547e-02 -4.731960992366198229e-03 -5.491934811674674399e-02 -1.830895954299660480e-03 1.055595722087414035e-01 1.735491818177695156e-01 1.148271902346806594e-01 1.616541876688609713e-01
-2.863306663327920276e-01 -1.014401986207096040e-01 5.805659801719162405e-02 5.555698212247346668e-02 -8.004769352112070524e-02 -8.133617138459449392e-02 4.113736492515981946e-02 1.349766420077694040e-01 1.616541876688609713e-01 3.519003891499754566e-01
5.070614206542186642e-01 2.664611826581484988e-01 4.623994557389012744e-02 -6.800696968354631722e-02 -7.336009458123325666e-02 4.720775584538526061e-05 6.567715567757337336e-02 3.759888470233136576e-02 -6.559556646909710242e-02 -2.649069384207605182e-01
2.664611826581484988e-01 4.466287404944772610e-01 2.586748193046268240e-01 7.182348932229570826e-02 -5.386740862487088971e-02 -6.966312287333131792e-02 1.752177232803975044e-03 7.049201840063640256e-02 8.684297374837707251e-02 -1.175998083740040570e-02
4.623994557389012744e-02 2.586748193046268240e-01 4.073569587006040105e-01 2.620575288690635829e-01 1.103686564992690106e-01 -3.550922934107140355e-02 -7.469994260815862597e-02 -6.060161617543392831e-03 7.097391083817763957e-02 8.529482309926672556e-02
-6.800696968354631722e-02 7.182348932229570826e-02 2.620575288690635829e-01 3.736404540133954622e-01 2.683937665411665896e-01 1.006794137690084218e-01 -5.474515105930030656e-02 -7.782770307012380762e-02 -3.863628349221080727e-02 4.166706580808667015e-02
-7.336009458123325666e-02 -5.386740862487088971e-02 1.103686564992690106e-01 2.683937665411665896e-01 3.597820049881245152e-01 2.431345688157374729e-01 7.074850024213975852e-02 -5.680700867669644105e-02 -9.531239508653868708e-02 -3.901905076014591106e-02
4.720775584538526061e-05 -6.966312287333131792e-02 -3.550922934107140355e-02 1.006794137690084218e-01 2.431345688157374729e-01 3.860528387293043484e-01 2.827733191565435789e-01 8.437263085582638600e-02 -4.208778680864504185e-02 -7.000534479635479868e-02
6.567715567757337336e-02 1.752177232803975044e-03 -7.469994260815862597e-02 -5.474515105930030656e-02 7.074850024213975852e-02 2.827733191565435789e-01 4.962555369112734427e-01 2.492316744327596756e-01 1.088553709973074102e-01 -9.786576573511418867e-03
3.759888470233136576e-02 7.049201840063640256e-02 -6.060161617543392831e-03 -7.782770307012380762e-02 -5.680700867669644105e-02 8.437263085582638600e-02 2.492316744327596756e-01 2.648192769613396114e-01 2.248274354196134750e-01 1.173247421599096091e-01
-6.559556646909710242e-02 8.684297374837707251e-02 7.097391083817763957e-02 -3.863628349221080727e-02 -9.531239508653868708e-02 -4.208778680864504185e-02 1.088553709973074102e-01 2.248274354196134750e-01 3.148017372170577310e-01 2.576416947137909474e-01
-2.649069384207605182e-01 -1.175998083740040570e-02 8.529482309926672556e-02 4.166706580808667015e-02 -3.901905076014591106e-02 -7.000534479635479868e-02 -9.786576573511418867e-03 1.173247421599096091e-01 2.576416947137909474e-01 4.436010313302104491e-01
4.483178851347723870e-01 2.158990882144796175e-01 6.036723303618642816e-02 -3.403610472277879273e-02 -4.288714923702144355e-02 -1.637904442121873583e-02 2.708847070476710223e-02 7.241204105172925620e-02 -8.522296647752275467e-02 -3.145087386557806064e-01
2.158990882144796175e-01 2.841538550460147028e-01 2.414324724289550195e-01 1.094196983333000084e-01 -7.894602571582207129e-02 -1.314720193728287634e-01 -4.248689637236453820e-02 5.548449910407808605e-02 2.358812861637680364e-02 -8.375762714091855576e-02
6.036723303618642816e-02 2.414324724289550195e-01 4.040965188409386677e-01 2.979579579496727249e-01 3.900809304080037065e-02 -8.817812213713963065e-02 -5.206780845389194501e-02 -3.020174480860211494e-03 5.087177540462323871e-02 5.602515249479848858e-02
-3.403610472277879273e-02 1.094196983333000084e-01 2.979579579496727249e-01 4.991812174235248367e-01 2.381977654221358320e-01 9.260584837320226526e-02 6.987812931373710290e-03 -4.500906222257006206e-02 1.058361341720335039e-02 6.548856524523147260e-02
-4.288714923702144355e-02 -7.894602571582207129e-02 3.900809304080037065e-02 2.381977654221358320e-01 3.309773650224464570e-01 2.799828523177308459e-01 1.037454356701026925e-01 -1.821566033065187551e-02 -5.544795931015711332e-02 -3.380479526382798583e-02
-1.637904442121873583e-02 -1.314720193728287634e-01 -8.817812213713963065e-02 9.260584837320226526e-02 2.799828523177308459e-01 4.538937008376937032e-01 1.746806889118440731e-01 4.426434267999156125e-02 -6.410687609111763441e-02 -8.462873069132070825e-02
2.708847070476710223e-02 -4.248689637236453820e-02 -5.206780845389194501e-02 6.987812931373710290e-03 1.037454356701026925e-01 1.746806889118440731e-01 1.398502621259421486e-01 2.325067749489815039e-01 5.538492078621973236e-02 -4.565669834472314143e-02
7.241204105172925620e-02 5.548449910407808605e-02 -3.020174480860211494e-03 -4.500906222257006206e-02 -1.821566033065187551e-02 4.426434267999156125e-02 2.325067749489815039e-01 7.666413643456876370e-01 3.002595053922311186e-01 2.277819850862602274e-02
-8.522296647752275467e-02 2.358812861637680364e-02 5.087177540462323871e-02 1.058361341720335039e-02 -5.544795931015711332e-02 -6.410687609111763441e-02 5.538492078621973236e-02 3.002595053922311186e-01 2.102520693136685215e-01 1.811017027140136015e-01
-3.145087386557806064e-01 -8.375762714091855576e-02 5.602515249479848858e-02 6.548856524523147260e-02 -3.380479526382798583e-02 -8.462873069132070825e-02 -4.565669834472314143e-02 2.277819850862602274e-02 1.811017027140136015e-01 4.626357619093122708e-01
5.354365785998060900e-01 3.369567863990836076e-01 7.622729317973223062e-02 -4.638851354424165796e-02 -4.720920046730196773e-02 1.080913351328409606e-02 4.274440078374761032e-02 2.877905283794486568e-02 -5.157182725069009432e-02 -1.937600525385330119e-01
3.369567863990836076e-01 4.058262524700910201e-01 1.465264038870185415e-01 7.268758187090118561e-02 -1.332756285050480660e-02 -6.503742547611407465e-02 -3.953248373594615145e-02 4.612958765919975002e-02 4.733207729969932109e-02 -8.964094528522754957e-02
7.622729317973223062e-02 1.465264038870185415e-01 1.286894180624440220e-01 2.149368205877018601e-01 1.017609255699856718e-01 -4.315811327552985383e-02 -6.966128555709694137e-02 -2.423661467070813147e-04 5.562033439028964132e-02 1.934201168438942631e-02
-4.638851354424165796e-02 7.268758187090118561e-02 2.149368205877018601e-01 5.922359516446553673e-01 3.245126045812866122e-01 2.746711152964714103e-02 -8.101304775349504883e-02 -4.420267153843641245e-02 5.198611153590471795e-02 7.678075455304617103e-02
-4.720920046730196773e-02 -1.332756285050480660e-02 1.017609255699856718e-01 3.245126045812866122e-01 3.569946971776734590e-01 2.088777581464259514e-01 9.010171024393889838e-02 -2.299154909541132122e-02 -4.746420159376385506e-02 4.188700600736855071e-04
1.080913351328409606e-02 -6.503742547611407465e-02 -4.315811327552985383e-02 2.746711152964714103e-02 2.088777581464259514e-01 3.881981949895931816e-01 2.892944738023950912e-01 6.686589886218204104e-02 -1.126548363399577646e-01 -9.554454910579385229e-02
4.274440078374761032e-02 -3.953248373594615145e-02 -6.966128555709694137e-02 -8.101304775349504883e-02 9.010171024393889838e-02 2.892944738023950912e-01 4.414325207597546985e-01 2.348700351266720387e-01 -1.290285568393400445e-02 -7.247168312303944870e-02
2.877905283794486568e-02 4.612958765919975002e-02 -2.423661467070813147e-04 -4.420267153843641245e-02 -2.299154909541132122e-02 6.686589886218204104e-02 2.348700351266720387e-01 5.011514176478423233e-01 3.042281909658838268e-01 9.102966284035596267e-02
-5.157182725069009432e-02 4.733207729969932109e-02 5.562033439028964132e-02 5.198611153590471795e-02 -4.746420159376385506e-02 -1.126548363399577646e-01 -1.290285568393400445e-02 3.042281909658838268e-01 4.822208685316325960e-01 1.999413370299628345e-01
-1.937600525385330119e-01 -8.964094528522754957e-02 1.934201168438942631e-02 7.678075455304617103e-02 4.188700600736855071e-04 -9.554454910579385229e-02 -7.247168312303944870e-02 9.102966284035596267e-02 1.999413370299628345e-01 1.678141001165115720e-01
4.469257015359975327e-01 2.627207482217570056e-01 7.936779472294891447e-02 -5.301601750132124702e-02 -8.525769154528239913e-02 -6.705743060693632185e-02 5.060972086305350406e-03 7.534261722829024843e-02 -1.531329675404159360e-02 -2.605187044412510255e-01
2.627207482217570056e-01 4.190118081668476324e-01 2.604787973619764885e-01 9.416229059107204813e-02 -2.740707017165793305e-02 -7.740450722012066909e-02 -6.664227185897821093e-02 4.371145014545861629e-02 8.709402099520413554e-02 -2.135009778599248481e-02
7.936779472294891447e-02 2.604787973619764885e-01 3.778492238852451113e-01 2.636445408627725584e-01 1.333691397712806481e-01 3.836191798620518234e-02 -4.330775804490608061e-02 -3.629732593731452295e-02 4.940040664989631819e-02 7.171264377581772209e-02
-5.301601750132124702e-02 9.416229059107204813e-02 2.636445408627725584e-01 3.457373025138344991e-01 2.392898890863157657e-01 1.450258144721798537e-01 3.675135452489506488e-02 -7.195492393762412120e-02 -4.114918283344649874e-02 5.396393755214958649e-02
-8.525769154528239913e-02 -2.740707017165793305e-02 1.333691397712806481e-01 2.392898890863157657e-01 2.588410491105930800e-01 2.036398608269032739e-01 1.175630268765476411e-01 -3.885649410374731466e-02 -8.004970748609240017e-02 -3.604440358051935311e-03
-6.705743060693632185e-02 -7.740450722012066909e-02 3.836191798620518234e-02 1.450258144721798537e-01 2.036398608269032739e-01 2.306873247613593358e-01 2.241007528770166957e-01 6.221108201886475092e-02 -7.420611493288523097e-02 -5.777588061649743117e-02
5.060972086305350406e-03 -6.664227185897821093e-02 -4.330775804490608061e-02 3.675135452489506488e-02 1.175630268765476411e-01 2.241007528770166957e-01 4.530279610392886624e-01 2.854177837223180747e-01 1.838718986002979561e-02 -8.575294261544150198e-02
7.534261722829024843e-02 4.371145014545861629e-02 -3.629732593731452295e-02 -7.195492393762412120e-02 -3.885649410374731466e-02 6.221108201886475092e-02 2.854177837223180747e-01 5.277366579791509249e-01 2.485122628899801567e-01 3.418345913242565315e-02
-1.531329675404159360e-02 8.709402099520413554e-02 4.940040664989631819e-02 -4.114918283344649874e-02 -8.004970748609240017e-02 -7.420611493288523097e-02 1.838718986002979561e-02 2.485122628899801567e-01 3.869185252076993153e-01 2.729867884321830473e-01
-2.605187044412510255e-01 -2.135009778599248481e-02 7.171264377581772209e-02 5.396393755214958649e-02 -3.604440358051935311e-03 -5.777588061649743117e-02 -8.575294261544150198e-02 3.418345913242565315e-02 2.729867884321830473e-01 5.532644457999844612e-01
5.095000735626030730e-01 2.630211089995330154e-01 1.118663573073664340e-02 -7.966899202337471286e-02 -2.525211279349252186e-02 4.202392199194159017e-02 6.383366976090842915e-02 1.323714507586375849e-02 -1.061811483699886538e-01 -2.664135922686279856e-01
2.630211089995330154e-01 4.454599413537407848e-01 2.585015477678780371e-01 2.240026288159836787e-02 -7.893840708464028300e-02 -7.493418563706706614e-02 2.336938186280877218e-03 6.996227922968512036e-02 4.736080164082263899e-02 -5.803202252518128296e-02
1.118663573073664340e-02 2.585015477678780371e-01 5.084299847142652595e-01 2.664043658478767451e-01 3.511741919927963140e-02 -6.782792415824773213e-02 -6.172665464429648308e-02 8.458216486351820967e-03 6.578258995479874249e-02 7.866761926177569253e-02
-7.966899202337471286e-02 2.240026288159836787e-02 2.664043658478767451e-01 4.628722658347379504e-01 2.526554840141873592e-01 1.113465141217642590e-01 -1.820796975704911530e-02 -7.299131035868233752e-02 -3.045133530259672844e-02 3.963119040472506960e-02
-2.525211279349252186e-02 -7.893840708464028300e-02 3.511741919927963140e-02 2.526554840141873592e-01 3.474335326754429687e-01 2.598454737337834164e-01 1.128978140973758149e-01 -3.826588034880319678e-02 -7.938952711929166128e-02 -6.040598418360165062e-02
4.202392199194159017e-02 -7.493418563706706614e-02 -6.782792415824773213e-02 1.113465141217642590e-01 2.598454737337834164e-01 3.343153898602481133e-01 2.397636669489722205e-01 9.023163844386335175e-02 -3.649030774597535054e-02 -9.064104514701945559e-02
6.383366976090842915e-02 2.336938186280877218e-03 -6.172665464429648308e-02 -1.820796975704911530e-02 1.128978140973758149e-01 2.397636669489722205e-01 3.560705124414417222e-01 2.790237428528478114e-01 1.010923357350669294e-01 -2.277877386449997724e-02
1.323714507586375849e-02 6.996227922968512036e-02 8.458216486351820967e-03 -7.299131035868233752e-02 -3.826588034880319678e-02 9.023163844386335175e-02 2.790237428528478114e-01 4.822961659333168116e-01 2.465110517563740000e-01 1.122359842886200970e-01
-1.061811483699886538e-01 4.736080164082263899e-02 6.578258995479874249e-02 -3.045133530259672844e-02 -7.938952711929166128e-02 -3.649030774597535054e-02 1.010923357350669294e-01 2.465110517563740000e-01 2.450864674945938404e-01 2.123132002227164916e-01
-2.664135922686279856e-01 -5.803202252518128296e-02 7.866761926177569253e-02 3.963119040472506960e-02 -6.040598418360165062e-02 -9.064104514701945559e-02 -2.277877386449997724e-02 1.122359842886200970e-01 2.123132002227164916e-01 3.085356661296120850e-01
5.857697460802446798e-01 2.629016493894255069e-01 3.093376592568065214e-02 -6.200627995519171487e-02 -4.178481118714512388e-02 7.712045548779689064e-03 4.048045254459593095e-02 8.262859905709511732e-02 -1.458462394035244317e-02 -2.804424409737555357e-01
2.629016493894255069e-01 4.316026660033824847e-01 2.337063040286216364e-01 1.095414751875506965e-01 -4.076598481856590073e-02 -1.065298099200025356e-01 -4.980825894015979138e-02 1.026002827940366603e-02 6.957144054224478902e-02 3.028784010760468548e-03
3.093376592568065214e-02 2.337063040286216364e-01 3.066816823101246037e-01 2.741392285796270256e-01 9.901323951514523491e-02 -4.624294165222170294e-02 -5.161041123977858774e-02 -5.283724979217265666e-02 2.974546604340996478e-02 8.166383370334742708e-02
-6.200627995519171487e-02 1.095414751875506965e-01 2.741392285796270256e-01 4.546305762657695815e-01 2.574086702941606464e-01 1.043641111000048888e-01 4.267947220034566322e-03 -5.909827146416293808e-02 -2.480914529715758793e-02 6.084695963736166946e-02
-4.178481118714512388e-02 -4.076598481856590073e-02 9.901323951514523491e-02 2.574086702941606464e-01 3.108867414364299142e-01 2.574881865400814318e-01 9.899692177306290697e-02 2.040903758167884191e-02 -4.456184577128163848e-02 -3.892617805826163735e-02
7.712045548779689064e-03 -1.065298099200025356e-01 -4.624294165222170294e-02 1.043641111000048888e-01 2.574881865400814318e-01 4.372553752326963639e-01 1.839301676436850275e-01 1.072836022588266880e-01 -2.243318369891765529e-02 -9.140644766337367721e-02
4.048045254459593095e-02 -4.980825894015979138e-02 -5.161041123977858774e-02 4.267947220034566322e-03 9.899692177306290697e-02 1.839301676436850275e-01 1.248326934296341562e-01 1.706481800567917484e-01 7.704229803157491840e-02 -4.333157525405227639e-02
8.262859905709511732e-02 1.026002827940366603e-02 -5.283724979217265666e-02 -5.909827146416293808e-02 2.040903758167884191e-02 1.072836022588266880e-01 1.706481800567917484e-01 4.429344820875164568e-01 2.996891743649415796e-01 3.847640600982868420e-02
-1.458462394035244317e-02 6.957144054224478902e-02 2.974546604340996478e-02 -2.480914529715758793e-02 -4.456184577128163848e-02 -2.243318369891765529e-02 7.704229803157491840e-02 2.996891743649415796e-01 4.993285434032975756e-01 2.302456153541530548e-01
-2.804424409737555357e-01 3.028784010760468548e-03 8.166383370334742708e-02 6.084695963736166946e-02 -3.892617805826163735e-02 -9.140644766337367721e-02 -4.333157525405227639e-02 3.847640600982868420e-02 2.302456153541530548e-01 4.060774937509047389e-01
4.278666188781398705e-01 2.333470006118563145e-01 6.009768742746247894e-02 -5.421520941314491443e-02 -5.258001196717239367e-02 -1.900981871837387205e-02 4.331262071321567708e-02 5.655378856907321977e-02 -7.264028419633611344e-02 -3.079832099895437048e-01
2.333470006118563145e-01 4.233309296929294030e-01 2.648503953121880139e-01 4.940474832315079612e-02 -7.035865401996742319e-02 -1.086988070627462055e-01 -2.480646395944954841e-02 7.739254010930127214e-02 6.238073823631905962e-02 -2.186995295150105656e-02
6.009768742746247894e-02 2.648503953121880139e-01 4.446201232181433705e-01 2.715633722598909117e-01 6.754273393536605608e-02 -4.656258697143633718e-02 -4.864383817756466610e-02 -4.119382458689443841e-04 5.373958462076396797e-02 8.018089554572593869e-02
-5.421520941314491443e-02 4.940474832315079612e-02 2.715633722598909117e-01 4.748991772272787570e-01 2.377788187415670051e-01 1.328632445609419510e-01 -1.379926448016826181e-03 -8.201716289145077887e-02 -3.379230027881025000e-02 3.604071363498298486e-02
-5.258001196717239367e-02 -7.035865401996742319e-02 6.754273393536605608e-02 2.377788187415670051e-01 2.362080222239671956e-01 2.339226259465872759e-01 9.318211866641101793e-02 -3.572466866219513315e-02 -5.577081104683653812e-02 -3.838932250043995686e-02
-1.900981871837387205e-02 -1.086988070627462055e-01 -4.656258697143633718e-02 1.328632445609419510e-01 2.339226259465872759e-01 3.747055571723536538e-01 2.287207815655129539e-01 7.802223494295054684e-02 -3.670081280630894255e-02 -8.777878152931677114e-02
4.331262071321567708e-02 -2.480646395944954841e-02 -4.864383817756466610e-02 -1.379926448016826181e-03 9.318211866641101793e-02 2.287207815655129539e-01 3.506257558443893196e-01 3.027675494074365536e-01 9.656618148042322991e-02 -3.975702391235745592e-02
5.655378856907321977e-02 7.739254010930127214e-02 -4.119382458689443841e-04 -8.201716289145077887e-02 -3.572466866219513315e-02 7.802223494295054684e-02 3.027675494074365536e-01 5.383665447532799408e-01 2.223057681875090230e-01 7.186633924321303435e-02
-7.264028419633611344e-02 6.238073823631905962e-02 5.373958462076396797e-02 -3.379230027881025000e-02 -5.577081104683653812e-02 -3.670081280630894255e-02 9.656618148042322991e-02 2.223057681875090230e-01 1.827346789184944309e-01 2.106153536130382919e-01
-3.079832099895437048e-01 -2.186995295150105656e-02 8.018089554572593869e-02 3.604071363498298486e-02 -3.838932250043995686e-02 -8.777878152931677114e-02 -3.975702391235745592e-02 7.186633924321303435e-02 2.106153536130382919e-01 5.466425920710279440e-01
4.314910351363822061e-01 2.127597703155620912e-01 3.216385904056164730e-02 -5.065699871873668297e-02 -7.166828001088675071e-02 5.066831481151489250e-03 9.137819365358376689e-02 6.769432312779420646e-02 -6.776795654629244603e-02 -2.961539670962993753e-01
2.127597703155620912e-01 3.840157267582737233e-01 3.197602862967777737e-01 9.381334424535187066e-02 -4.516362445692745364e-02 -5.044613180029616784e-02 2.243657379807034030e-02 6.042285994881042149e-02 4.942303506257236800e-02 -5.369850196158145600e-02
3.216385904056164730e-02 3.197602862967777737e-01 5.583857121250557221e-01 2.193414106061722380e-01 6.666290814821976274e-02 -3.448112135818125201e-02 -6.668574212893749187e-02 -2.353373089153513661e-02 4.714657705769302598e-02 8.675404871398109674e-02
-5.065699871873668297e-02 9.381334424535187066e-02 2.193414106061722380e-01 1.737141248964462203e-01 1.954395292638184123e-01 9.259433219392752823e-02 -4.672166146203508147e-02 -7.149597733184179238e-02 -3.256992654825861810e-02 5.458167701362536678e-02
-7.166828001088675071e-02 -4.516362445692745364e-02 6.666290814821976274e-02 1.954395292638184123e-01 4.680519222477245167e-01 3.027148253742006911e-01 4.273596935386269474e-02 -7.554234553470273728e-02 -9.056406647915568597e-02 -3.488090391710493149e-03
5.066831481151489250e-03 -5.044613180029616784e-02 -3.448112135818125201e-02 9.259433219392752823e-02 3.027148253742006911e-01 4.571569598350361252e-01 2.323877770917660568e-01 7.423989329814152660e-02 -1.799274804917043447e-02 -4.539538523031584616e-02
9.137819365358376689e-02 2.243657379807034030e-02 -6.668574212893749187e-02 -4.672166146203508147e-02 4.273596935386269474e-02 2.323877770917660568e-01 3.904312650655509809e-01 2.651762026765990266e-01 1.510829643684135359e-01 -2.230136710829932686e-02
6.769432312779420646e-02 6.042285994881042149e-02 -2.353373089153513661e-02 -7.149597733184179238e-02 -7.554234553470273728e-02 7.423989329814152660e-02 2.651762026765990266e-01 3.191949239327235288e-01 2.501188965092810412e-01 7.447974255625158801e-02
-6.776795654629244603e-02 4.942303506257236800e-02 4.714657705769302598e-02 -3.256992654825861810e-02 -9.056406647915568597e-02 -1.799274804917043447e-02 1.510829643684135359e-01 2.501188965092810412e-01 3.324399802487262856e-01 2.400507101868975812e-01
-2.961539670962993753e-01 -5.369850196158145600e-02 8.675404871398109674e-02 5.458167701362536678e-02 -3.488090391710493149e-03 -4.539538523031584616e-02 -2.230136710829932686e-02 7.447974255625158801e-02 2.400507101868975812e-01 4.851183497540889622e-01
4.388765483026829117e-01 2.779118834577777308e-01 6.142977168836367963e-02 -6.296179467976503741e-02 -7.235950373545949055e-02 1.531182174778311991e-02 8.664106199624409255e-02 5.307912437763211144e-02 -9.297553000314350002e-02 -2.498565766509743824e-01
2.779118834577777308e-01 4.592160905701208051e-01 2.619841060840659708e-01 9.996721849088671674e-02 -2.919473101330372772e-02 -6.923605836177976203e-02 -1.553509988099070586e-02 5.772765461857397307e-02 5.070483427464789195e-02 -7.609633071548581318e-02
6.142977168836367963e-02 2.619841060840659708e-01 3.555433505057389310e-01 2.461836185571390778e-01 1.035412422697574164e-01 -5.607444319976770397e-02 -9.436294413316960450e-02 -1.769027981390327436e-02 8.154207455528406090e-02 7.342827466739090814e-02
-6.296179467976503741e-02 9.996721849088671674e-02 2.461836185571390778e-01 3.211784503379745970e-01 2.567958328994037198e-01 7.786145703676548846e-02 -6.806610764148197934e-02 -7.522508273663530698e-02 2.178682944005784147e-02 9.137663171269025386e-02
-7.235950373545949055e-02 -2.919473101330372772e-02 1.035412422697574164e-01 2.567958328994037198e-01 4.507023053528303458e-01 2.809847433457175470e-01 7.620546497109537132e-02 -5.694093435161948907e-02 -6.090369060976097426e-02 1.564650061217497112e-02
1.531182174778311991e-02 -6.923605836177976203e-02 -5.607444319976770397e-02 7.786145703676548846e-02 2.809847433457175470e-01 4.260231361542418105e-01 2.515154301424014083e-01 7.717673648312511903e-02 -6.332936307380422625e-02 -8.242494567768494929e-02
8.664106199624409255e-02 -1.553509988099070586e-02 -9.436294413316960450e-02 -6.806610764148197934e-02 7.620546497109537132e-02 2.515154301424014083e-01 3.532279547532254371e-01 2.572626313421076394e-01 7.225988302943102404e-02 -7.239619558855317494e-02
