1.632003649212394047e-01 5.471666356235882489e-01 7.975426563833498683e-02 8.971689756154661161e-03 1.528938960918445377e-03 1.087861862412029239e-03 9.235887840310253588e-03 2.830240931570395316e-02 4.595641487135061765e-02 1.147955312099871589e-01
3.688276208532456375e-03 2.966104787525260245e-02 3.436690321835188522e-01 1.096192715007329732e-01 7.188794695484171382e-02 2.971172492415783406e-01 3.712519211748140785e-02 4.077697327449127801e-02 5.099813156294348560e-02 1.545687908062718177e-02
6.078459263821748421e-02 1.326663902258285073e-02 1.974756020738862791e-02 7.936344215803349533e-02 1.576157176418117034e-01 1.264077123450803863e-01 2.714028672592277425e-01 1.102885503659692401e-01 1.139717788035809060e-01 4.715113955810754098e-02
5.657391141171925347e-02 1.404395507825840529e-02 2.784831874782805420e-03 5.342574238535317040e-04 1.892280099898661645e-04 6.584077422888288868e-04 5.580994472316719301e-03 4.392565087159967102e-02 3.237905898270370120e-01 5.519181732881541791e-01
2.905759543449360494e-01 1.235826862890140529e-02 7.223732882727510948e-03 8.222707611748709955e-03 3.046711916485542095e-03 4.055792595709631701e-03 8.802260032695942427e-03 4.284966830420808281e-02 2.727868767807807293e-01 3.500780269018064494e-01
7.488316481009296699e-02 2.142670283363933559e-01 9.923340940158824341e-02 9.195306887076973301e-02 2.738856580149560960e-02 1.535092254093255171e-02 4.032914685370268815e-02 3.506047262119871971e-02 1.837672649476101150e-01 2.177669558162161900e-01
2.374355650881275828e-03 1.680863597068348730e-02 1.446039050773349210e-01 6.781744823898916419e-01 1.423007295799883776e-01 1.411865163837521669e-02 1.253147348676117954e-03 1.492894960284270052e-04 1.980991922476053153e-05 1.969929289156632487e-04
4.125556700996950155e-01 2.153408015720135182e-01 7.681160311946710895e-02 2.426847457722637949e-02 1.216454258420110110e-02 1.621729592284968866e-02 3.543355400062527666e-02 1.161474669189727950e-02 2.895980958550373532e-02 1.666335018465211204e-01
3.297003524524887239e-03 3.396099590224601261e-04 1.515114527781639270e-04 3.574042778845143041e-04 5.898457492702719948e-04 5.788540399435622603e-03 3.742092997849325031e-02 8.736093956844992459e-01 6.206631539998973268e-02 1.637944357410218987e-02
1.802717936448645919e-01 5.605826584043416966e-02 2.346157722838038140e-02 2.631704883702224440e-01 4.945104470220580695e-02 2.060809639868489002e-02 5.326696433389255941e-02 1.913706373905894320e-01 1.279563466230975166e-01 3.438478546762824967e-02
1.140627417925774295e-01 2.341756491627647666e-02 3.898200845964414074e-03 7.501852406601243169e-04 7.011971506907323281e-04 6.085357451632184347e-03 8.242262828995121360e-02 2.680582470030892783e-01 1.370158756465695848e-01 3.635880016625885891e-01
2.024358699768743775e-01 2.344357484927963031e-01 3.428256873339371458e-01 1.586425902489119188e-01 2.408632267671709237e-02 4.471642865821049903e-03 1.985276043170531180e-03 3.728461715108971359e-03 3.433189720305593069e-03 2.395521092635713445e-02
5.689883317377173455e-01 1.346531781734796596e-01 1.483838218586527001e-02 4.441842454278545002e-03 6.294259871030357832e-04 5.449603834037084534e-04 1.177278212391074481e-03 2.234413638196123056e-02 9.969289104315788574e-02 1.526895734406426564e-01
1.689969344169204579e-01 6.772628756094305202e-02 4.600508698017108378e-02 3.239307465304610417e-02 5.492915894624725986e-03 9.099698011340773621e-03 3.240188914149150223e-02 1.788963976064945616e-01 6.389011674770354865e-02 3.950975989872644312e-01
1.068877729305592605e-01 1.471567923469387917e-01 4.112139508096605001e-01 5.208592833896624752e-02 7.844041166833812251e-02 5.807004732894777144e-02 1.806510422743889954e-02 8.093121904499437150e-03 2.054215391492128506e-02 9.944471652972985964e-02
1.353962905950324425e-01 1.589393727876372564e-01 5.650302788338704141e-02 4.093571064224113543e-02 1.031570885684619521e-01 9.905044714380682735e-02 7.550106998714074813e-02 1.483597953132027858e-01 1.197703742142113836e-01 6.238682286487840650e-02
1.717195709026164696e-02 3.964195482162261031e-02 1.281759172539053970e-01 1.236598746600451049e-01 7.157020940893360494e-02 6.881174826971164782e-02 3.543967930520202647e-01 1.505585252969192378e-01 3.472762209488410023e-02 1.128539805169646339e-02
1.212712700262880416e-01 8.305916285532810583e-02 1.797802231366438588e-02 1.114613725073039519e-02 1.479432748968397340e-02 4.992579231385242677e-02 4.834015325087703124e-02 1.039382785909617607e-01 2.035794606952305019e-01 3.459673952133834884e-01
2.762390265041989035e-01 2.444263943233067060e-01 1.966716346406363614e-02 7.860769365186769803e-03 3.254239473353041142e-03 3.425697605143535052e-02 1.371296110176509903e-02 1.402971880033573523e-02 1.400846661927052650e-01 2.464680847236494499e-01
5.605684633254153643e-02 4.064168312264217903e-02 9.596460347743714092e-02 2.187119446670159895e-01 8.348742522138341560e-02 8.554360442325700808e-03 1.150948217068419044e-02 7.318002790811167779e-02 2.488617546519616419e-01 1.630318720058968607e-01
2.669811039412936689e-03 3.168418650386268381e-02 3.479644203769382549e-01 1.946487573199397192e-01 3.831234921919018932e-02 2.895798385508028747e-02 2.837494501935364233e-01 6.451162004236006553e-02 6.226255509530790808e-03 1.275165940148971456e-03
2.763063469816284257e-01 1.454650969962520968e-01 2.916590249205136542e-02 1.531622269302700297e-02 4.869464152674514087e-03 9.811361234908137427e-03 3.183244868770050695e-02 3.265383675200404512e-01 1.171987988440132133e-01 4.349599039770461750e-02
2.385389207899850372e-01 8.394597378379592412e-02 1.280887698965738064e-01 6.843132488015674086e-02 9.604637089189585475e-03 7.417189162405463457e-03 3.209529323698642050e-02 2.463381064951748467e-01 9.228461548297026140e-02 9.325516918276216538e-02
7.054859888154145844e-03 5.572602392446093789e-02 6.405562224950878125e-01 2.061921409268451799e-01 4.957455919383969845e-02 1.313363664619981823e-02 1.240403761406137784e-02 9.024557510810896077e-03 3.685975814766467590e-03 2.647985985773801832e-03
4.295734706585653540e-02 5.082916232878560009e-02 2.479376379270385039e-02 2.919092970408433685e-02 7.392821497683652911e-03 3.259318384944605990e-02 2.673129961590228060e-02 4.409220888222926960e-02 3.537317064247461618e-01 3.876875768385621424e-01
1.916627990709541705e-03 2.938021298974515146e-03 4.476623529871484250e-03 5.361077954675430579e-02 1.469783687069070588e-01 1.748854970688536181e-01 1.288845543679368044e-01 4.169549660501266075e-01 6.074112930017941392e-02 8.613432139686894723e-03
4.592914309038412801e-01 1.392840527730401790e-01 3.711426855348232134e-02 2.916402706653345878e-03 8.143481076766764977e-04 6.206565571612359051e-04 1.415379482899989340e-03 3.163559085564567400e-03 3.076439700561495183e-02 3.246155048240652596e-01
1.122651318569765910e-02 2.437395604996663630e-03 3.085958145494040183e-03 8.102125115311257023e-03 5.744990162304863812e-02 4.261646049113819168e-01 2.522043594677644829e-01 9.226155785809916909e-02 7.446861788151047656e-02 7.259896620669585576e-02
1.611791458159977375e-01 1.887141467751395074e-01 2.309381143822402671e-01 3.442072490008778879e-02 9.743624831358354763e-03 1.025211930258452739e-02 7.139614584529926054e-03 4.672712486025761003e-02 1.526234626627161195e-01 1.582619218850880860e-01
4.508942405917504281e-02 6.087331442880418615e-03 1.986456123873215664e-03 3.776186641997331117e-04 4.076087839968349047e-04 1.527834574625394626e-03 2.271833908227105514e-02 1.599813729888218961e-01 6.446158452409287420e-01 1.172081690392276498e-01
1.374334034755393327e-02 2.307751447012393320e-02 3.001836188261556432e-02 3.531537326017629430e-02 6.634980265899742546e-02 9.332943828218072391e-02 2.990070569603732187e-01 2.286140847470893578e-01 1.768762779931666862e-01 3.366874939772294267e-02
1.729494432894663689e-02 3.613983580752871006e-03 1.045814778157278316e-02 1.454673152292873875e-02 2.799772205314408902e-02 1.226476909980864505e-01 3.076655588718431034e-01 1.412401890632736801e-01 1.588456556558341393e-01 1.956893761436177548e-01
6.817992616903127689e-02 2.154064817533315468e-01 4.746813516507479846e-01 1.671962359098762008e-01 2.054241359495723174e-02 3.386265958779216025e-03 2.020896720217448938e-03 4.667584336301813450e-03 1.047424400380474359e-02 3.344459990295273188e-02
2.120744442988418011e-03 5.626308196817374034e-03 5.340932058417634937e-03 3.323194497981310502e-02 5.906256567132753960e-02 6.007240067385939408e-01 2.301217444570605453e-01 5.457773043206469443e-02 7.509839008766743332e-03 1.684184014150020160e-03
9.210334323093934128e-03 4.141139968870959434e-03 8.143500132889353732e-03 3.995283102671794845e-02 9.193014332019935897e-02 4.968588803459798031e-01 2.602419493464143141e-01 5.318196166839888467e-02 2.617521397841260714e-02 1.016404588902273740e-02
7.626850322538863969e-02 6.548372622243603391e-02 1.901677352961501088e-01 2.864708703074964058e-01 1.523247982702194969e-01 1.720080157835142398e-02 1.449368772290303767e-02 1.838466835566341176e-02 1.054791950420728153e-01 7.372601397931861922e-02
3.075555856276565928e-03 1.032848792098400512e-02 6.059927096114584022e-02 4.342956664876679307e-01 2.051249855740269745e-02 4.225303915578932507e-02 2.452839717065641856e-01 1.046832069932318449e-01 6.786926025802947349e-02 1.109904210290836926e-02
2.545211853112491207e-01 7.779731478001980505e-02 4.203218372972755690e-02 5.627357911528561851e-02 3.077790998097729505e-02 6.261671151247752420e-02 1.325543334492705894e-01 1.007514513237391662e-01 9.776419422491042233e-02 1.449111365723430855e-01
2.314649527195678513e-01 1.839555261512912376e-01 3.689873027002494449e-02 1.852885436072436443e-02 5.520662323982875215e-03 5.350964074089062730e-03 2.288348811918526626e-02 4.242312905071306262e-02 1.648237034301573978e-01 2.881499895002641032e-01
5.895077814696359636e-02 2.392644847478504755e-02 3.601422439507193096e-02 6.457701673734095316e-02 2.677970653220075950e-02 2.327021251228488657e-02 5.708047650870290424e-02 8.050000300400299291e-02 1.496122209933127278e-01 4.792889126953343015e-01
4.769536123352111946e-03 4.576748801772313052e-02 4.028913997640740097e-01 3.742171880492157349e-02 2.345547978031129605e-02 1.257640539961173420e-01 2.163682033203353505e-01 8.165273842584173936e-02 5.150576996703637445e-02 1.040361180028727059e-02
6.658083558464780727e-02 3.239725747070464346e-01 8.057214443572136009e-02 6.650282331716992831e-03 1.391127585493190204e-03 6.606500160369890504e-03 3.186727730171745598e-02 4.885132099564523656e-02 2.146788590289853138e-01 2.188290778686563243e-01
6.546884918811717025e-03 1.317735845995211472e-02 4.245652640058691918e-02 2.252429991456978420e-01 1.933729818690117230e-01 2.029302171707178803e-01 2.094934999996813374e-01 4.998018665737376243e-02 2.610933369861348843e-02 3.069001167955334036e-02
6.121514965859504998e-02 1.274041278163108304e-01 2.840401293595787302e-01 1.307168096985860672e-01 3.281003999887686928e-02 1.292458062846717909e-02 1.013806026071430166e-02 9.708588407245333576e-03 4.821259547156721975e-02 2.828299187000586912e-01
2.734002247372170971e-02 3.627980236211894062e-03 2.611963790571150690e-02 3.306931454417556537e-01 4.794734908302625276e-02 1.865168476088552019e-01 2.069847594374525090e-01 1.269984442608991237e-01 3.514428611423391080e-02 8.627527438132030074e-03
5.408548130125560502e-03 1.181072505072328820e-03 2.466909772585920788e-03 1.007339054497094835e-02 4.122390529556339833e-02 8.503977164837157876e-02 3.249969155176950925e-02 2.438069371793269158e-01 5.236284639322126289e-01 5.467130944000100912e-02
5.094457893898339529e-02 3.317739837982033174e-02 8.173014191871862122e-02 3.719647821564286971e-01 1.280319280707853391e-01 7.131744529156600065e-02 1.717922903413378055e-01 3.737339751511346841e-02 2.517796897244944931e-02 2.849006841479701999e-02
1.403447537137770228e-02 6.120822963281305484e-02 2.837354360767241346e-01 3.041083399335592352e-01 7.248074101351234533e-02 8.038945226556493129e-02 7.146784275139084208e-02 7.012168117106146181e-02 2.247767280330916634e-02 1.997612898068737083e-02
1.861826437469152329e-01 6.909211939392168045e-02 2.608699146113973438e-02 1.836948166255051099e-02 2.179257198595558054e-01 8.034142137220001700e-02 1.790002581003168891e-01 9.607232976138702085e-02 4.441460825496502951e-02 8.251442638704825638e-02
5.404763038264092290e-05 9.183574463134616282e-04 1.104480481366149416e-02 8.570207300955071106e-02 7.368740167521681261e-01 1.521852254283891925e-01 1.232127177756769942e-02 8.128384306289213827e-04 7.076512385165862880e-05 1.659958748621197252e-05
4.571612690738525997e-02 2.287750782082753273e-02 3.918918840954033755e-01 6.440600920113295769e-02 4.610190427692019421e-02 8.241135100012616371e-03 7.796987513551944041e-03 6.003814518730747618e-02 1.889867053321544477e-01 1.639435945653045235e-01
2.540182293384016798e-01 4.953907361015377209e-01 4.122594548289959526e-02 1.406047792040474725e-02 1.973011895423000279e-03 2.821678979709135639e-03 2.421225057513684727e-03 9.565928667407089248e-03 3.694349165005927915e-02 1.415792749066444867e-01
2.097398878814544891e-03 1.226897473293577737e-03 1.465436572032933473e-03 6.294701682690188871e-03 4.383320684386685095e-02 1.933006552212742646e-01 4.714487794657667985e-01 1.364178779535473729e-01 1.171959636821174877e-01 2.671908222659636831e-02
6.422382582014472818e-02 2.790075317145814318e-02 4.529275978428413951e-02 5.228316532683536383e-02 2.672341297035064900e-02 2.943278166015564357e-02 5.397639564932701223e-02 3.261539673644023862e-01 1.484671021461781426e-01 2.255458361068639062e-01
4.686441553098590063e-02 3.329611014596695617e-01 4.895969675078429839e-01 8.511201219620746772e-02 1.422818605758493192e-02 5.588148996252067201e-03 9.341182605956257351e-03 3.101114652576925090e-03 2.160161773775318411e-03 1.104670921914852055e-02
1.392252937742555902e-02 2.353482969883350338e-03 6.150994293422310660e-04 1.068632976916750318e-03 1.080092226776994263e-02 1.255305312045816579e-01 4.331098845130501584e-01 9.927614593322935110e-02 2.384532368369479405e-01 7.486953449085310963e-02
3.536668056062980403e-02 1.057525994416814649e-02 4.005258667785296933e-02 2.912591745423763825e-02 1.449712309693910670e-02 5.044690122898298767e-02 3.770560130559695855e-01 3.869529382354807145e-01 4.562535383820699036e-02 1.030122590753200160e-02
3.331009813954470544e-02 2.529250531235558916e-02 6.509801253029848245e-02 2.375266204179610208e-02 1.432208118103160954e-01 5.019481987408087875e-02 1.572820545928424463e-01 2.218430469598636767e-01 1.438325143581820342e-01 1.361734743807199444e-01
4.104887585093054680e-02 7.634445264434063308e-03 4.094982661408627135e-03 7.098293717016411833e-03 1.733863702365395429e-02 2.405997396115260034e-02 5.540053982502909924e-02 5.949198958925709935e-01 1.522877639509873093e-01 9.611659185281633266e-02
5.673498395622128543e-02 6.000825084055843028e-01 1.120476382845363994e-01 5.638772970677431717e-02 1.076372772739916522e-01 2.074747210970754457e-02 6.757800328625185662e-03 2.837192469606922458e-03 5.104838077866463708e-03 3.166255938708598117e-02
1.456631730695691629e-01 4.435782161261365986e-02 5.991709255375704535e-03 1.883950891711752215e-02 1.057476884341984336e-01 3.731812040086824461e-02 1.222093584243984510e-01 2.170492755941445806e-01 1.792641066036204101e-01 1.235592376880936955e-01
1.256378070258553636e-01 5.115579284412778982e-01 1.070895053074588654e-01 1.753392470654190419e-02 1.308814641347978355e-02 6.438536181585408080e-03 2.200781233005959237e-02 6.589554665068775297e-02 2.634563154503562904e-02 1.044051613980178095e-01
8.037433365525889495e-02 1.494100740836971225e-02 4.101126505142238012e-03 2.634374962639514199e-03 6.005443030069402763e-03 6.282014508805267017e-02 2.761054043022035387e-01 1.786496078640698038e-01 1.746656114617007594e-01 1.997029457224934190e-01
1.290664705499755885e-02 2.448451127774214225e-02 4.985465829657078490e-02 5.168319665732412638e-01 3.551354317317750864e-01 3.698225711829079831e-02 2.196353782636007064e-03 2.452423602422725978e-04 1.802205285254766180e-04 1.182711275978750622e-03
5.467622357585137823e-03 1.629439129179683851e-02 5.260784340155354177e-02 1.994883767976945443e-01 1.660692309826080071e-01 7.752415705052852213e-02 8.657198236231319899e-02 1.363063579297094097e-01 2.373567593228447514e-01 2.231327850336614627e-02
2.682932300972642819e-04 9.670082869953388661e-05 8.418573042181636814e-04 3.389334528185312684e-03 5.744622439923408042e-02 6.848926134573830593e-01 1.862875592554375515e-01 6.176633826995361898e-02 4.335940736874844062e-03 6.751379899167248965e-04
1.526808713924997229e-02 1.278568013161141687e-02 3.392846610731636847e-02 5.091191421717780607e-02 1.987636456990073963e-01 1.199072429551353153e-01 2.920381433596489981e-02 1.228610161300568299e-01 3.688098049441177473e-01 4.756032834036215406e-02
5.926015080942951749e-03 3.914472938441614092e-02 3.096717313934417917e-02 6.873835987591012109e-02 3.571206378750845789e-01 1.165893418190243197e-01 3.267260487191761542e-01 4.631914267733109464e-02 6.792841577780768525e-03 1.675709850990042592e-03
1.185807614859631653e-01 4.520090228043896485e-02 6.416310491779791958e-02 6.819085133121519093e-02 6.597221649500412122e-02 5.277086383136947445e-02 3.904297346722170048e-02 9.679042009471414132e-02 2.123002657732576126e-01 2.369876403230178619e-01
2.857387713883360325e-01 8.244750203183526249e-02 5.737429981822313868e-02 4.660097556364218296e-01 5.326445691198618271e-02 2.137443465526578379e-02 1.008827775905891087e-02 2.112010857888206323e-03 9.999699166367782745e-04 2.059052102434799983e-02
3.642954060712481207e-02 1.003829095909831159e-01 6.864313419742373856e-01 8.040469717605663869e-02 6.694064916956563201e-03 8.743460470401209078e-03 9.879166419608240504e-04 6.893941363517762985e-04 4.989990926378989715e-03 7.424668355954863741e-02
1.889703581336493743e-02 3.208284426953603597e-03 8.136469126967039219e-04 8.230360860078944629e-04 1.455038489328236645e-03 5.090426100762759573e-03 6.593054177163326646e-02 3.565268694743319866e-01 2.109790968186304183e-01 3.362760241062903166e-01
1.533259240178650243e-02 1.212979363241635175e-02 6.487152869722051518e-02 3.550366164917641287e-02 9.173406431447908918e-03 8.278731330422568757e-03 4.154134296031893742e-02 3.396069969145099066e-01 3.998170427676484007e-01 7.374490321505251800e-02
4.721918472459062793e-02 3.683352022673003767e-01 2.830798580745243487e-01 2.188867482859994662e-01 5.437033575007892833e-02 1.717018391994716217e-02 2.627071581896959791e-03 6.311873488999937077e-04 7.843281563574010283e-04 6.895899890404877039e-03
3.332160634608739153e-02 1.496479448029778246e-02 3.131403086919602730e-02 4.329903359458436851e-02 7.265872291712935360e-02 2.979303805380231762e-01 4.057873433178900424e-02 4.627751566597683441e-02 3.430010887142603826e-01 7.665409254265578842e-02
5.665895483388232179e-02 7.797380093523788303e-02 1.316996982718287579e-01 3.089240731306633903e-01 3.403890747089308860e-02 7.699245677411370448e-03 3.108622329248401928e-02 1.202599139199503064e-01 1.660274081116232814e-01 6.563177435602596255e-02
6.427841542430343374e-04 3.098132812756449785e-03 6.078878323860839421e-03 3.855306662668910728e-02 6.237247112696403528e-02 2.396537861227664434e-01 5.148594707755391742e-01 1.262806780343232183e-01 7.483702324729877599e-03 9.770296981278024477e-04
3.319635173804934281e-02 3.589286116049156261e-02 7.965532572202513317e-02 2.946675687663303789e-01 9.541031909897014496e-02 2.330566323855136068e-01 3.309608860130773544e-02 8.396938190876064578e-03 3.100794200124250277e-02 1.556199723351938680e-01
6.925273416071617283e-02 4.652041633618219513e-02 5.959522981595836814e-03 5.337420586120129699e-03 1.696470121267229514e-02 4.127009412177178038e-02 8.196733535053440933e-02 1.061752490678222610e-01 2.096438899200874229e-01 4.169086362624976339e-01
3.257013599960997818e-01 1.688707052572684456e-02 1.616922326422257951e-03 2.984464410523665449e-03 3.105804428798117703e-02 4.232490897291596998e-01 9.613147563014678987e-02 1.250700405429755122e-02 2.345182924614871295e-02 6.641273979349354706e-02
2.050460800281643514e-03 3.295912512924726798e-03 1.266948505395722527e-02 3.116999985087987729e-02 1.093356336253445554e-01 1.776150647505538027e-01 2.375635187591685626e-01 2.915676893815482562e-01 1.207198023941925824e-01 1.401243287114890129e-02
1.732894399166416623e-04 4.407730942645684169e-04 3.725520167373321326e-03 6.446414442093198471e-02 6.902258134211397556e-01 2.101950833734919089e-01 2.580176358000446646e-02 2.806102840401402537e-03 2.043716021186686629e-03 1.237936412892825264e-04
7.609563643994676774e-02 1.553173835778533934e-02 2.131299168290526694e-02 4.175972845764179542e-02 1.305860323715428706e-01 2.505559813595729657e-01 2.059957783964626588e-01 7.480634927249175947e-02 1.196230904716322485e-01 6.373267319001835185e-02
5.292236196375162301e-03 1.443497195367690090e-03 3.935572987466116716e-03 6.733334661286364750e-03 9.563635301525602594e-02 6.493586711479214513e-01 1.766797593906056785e-01 4.434348543996034092e-02 1.047867083625321494e-02 6.098419129507764644e-03
1.460174571442183697e-02 1.145931165285513434e-02 1.659248199186384720e-02 7.585714014923217174e-02 1.565231327140660378e-01 1.878944681710273401e-01 2.041049636979294368e-01 1.498354235753295294e-01 8.655770150628673554e-02 9.657363082698795786e-02
1.647170309747577515e-03 2.073720864068758201e-03 1.714542433085660886e-02 1.832890932963262554e-01 6.357110436581840940e-01 1.116759609419625265e-01 2.418780943247746118e-02 7.636051993156603435e-03 1.090638694576749439e-02 5.727338227452513642e-03
5.105251264805164835e-02 3.082761173362374429e-01 3.175824444628095322e-01 1.711320709814194985e-01 6.417815846982174999e-02 1.847194106453036930e-02 6.552914239722068546e-03 1.444586709675499923e-02 2.417941580513591551e-02 2.412855789551671126e-02
8.225252404143792995e-02 1.964333099247449754e-01 1.658728248677648898e-01 3.911597381593526213e-01 1.081301796860973385e-01 2.760417816975613975e-02 1.315788095464239145e-02 4.570425447791328678e-03 3.773185936682696331e-03 7.045752811729876636e-03
4.695450268093211144e-02 1.955699698448853940e-01 8.151975404846691087e-02 4.611257649440294454e-02 1.939729793568914507e-02 8.025572694359919823e-02 2.183571252075625635e-01 7.044004297771204459e-02 1.531500857674817362e-01 8.824291809926816665e-02
3.160850052141164074e-02 4.735943731840940550e-03 2.245554229530344684e-03 2.395766062251491416e-03 2.526276236732968774e-03 1.607423035961958249e-02 6.658959565715562301e-02 3.065341024948015081e-01 4.407803984936556896e-01 1.265096322130002671e-01
1.181582208871288786e-03 9.112826793214758719e-03 1.204296500309607887e-01 3.561838949031441715e-01 9.083395428517798686e-02 1.024684081046907530e-01 2.299855748805147426e-01 7.031735048312813541e-02 1.715439335495589149e-02 2.332364955341578380e-03
5.432353442450126718e-02 9.359288485628678225e-03 1.994743914533900209e-02 4.034485507340770938e-02 2.636385842718940165e-01 1.613153926441961150e-01 2.418094137382389291e-02 1.563601560089736622e-02 1.166261950118374080e-01 2.946277539684747926e-01
4.564540141495683490e-02 2.094006491621266952e-01 2.018797179741992076e-01 7.523664719530623324e-02 1.041639055621656693e-02 1.588579464125914470e-02 2.273197734966250078e-02 9.427176099243694818e-02 2.605628566311226080e-01 6.396880408271346519e-02
5.007235149682240372e-02 3.177007039429153440e-02 2.138857171307690513e-02 3.915071173288551046e-03 9.918762823665435574e-03 2.681749994792065675e-02 1.050010569727039822e-01 2.244481554576291393e-01 4.122515376062894643e-01 1.144169224143120750e-01
7.683170869420451882e-03 1.155151237752655158e-02 4.222770864681970465e-02 4.431082025027684446e-01 4.237140973089702223e-02 3.723616994741681813e-02 8.087473960986818478e-02 1.298589801295138013e-01 1.586854002773895878e-01 4.640270590837979048e-02
2.657395391090064396e-02 4.503706288311586786e-02 3.717262234046560254e-02 8.087146665539574064e-02 2.343487705177025315e-01 8.433148647115309982e-02 2.858655473215767143e-02 5.841875766659718194e-02 3.405856459733347941e-01 6.407367884917704315e-02
8.378326215599690707e-02 1.399180112061381709e-01 1.466643105592649321e-01 6.702059267338747461e-02 2.438405722861425318e-01 2.104126517710774025e-01 2.613756869235963828e-02 3.983405891688080597e-02 2.108822883824376659e-02 2.130074290050825922e-02
1.189334219190006786e-01 4.131010567842108294e-02 3.866857826927060093e-02 1.951840168736216838e-02 3.202669605258734453e-02 6.245895336093690992e-02 1.690727966025751816e-01 2.398615733323965771e-01 1.462056978527934703e-01 1.319437752446562251e-01
1.842110925160095336e-02 6.125446945320929537e-02 2.505373836616507366e-01 3.347246817881094905e-01 1.819831866602593662e-01 7.308221253970395570e-02 5.208002198161511276e-02 1.805186399635519759e-02 5.326431166480476501e-03 4.538639501015567269e-03
1.006144550028598150e-02 3.335108995951529404e-03 2.970550945587816308e-02 3.356415383685134590e-01 1.163122723104244027e-01 2.095021234154154435e-02 9.630289867166529766e-03 9.056399637587683737e-02 3.034940773105337386e-01 8.030554947382784192e-02
