1.632003649212394047e-01 2.937951582131808070e-01 1.133231309633064565e-01 3.816373488564168276e-02 1.574507686671848886e-02 1.315300619176313669e-02 3.812387054109189766e-02 6.670366052595863571e-02 8.522581371316656496e-02 1.354679571639653690e-01
2.937951582131808070e-01 5.471666356235882489e-01 2.077940303119369947e-01 6.922319220720507538e-02 2.821933050569608650e-02 2.321937448742543431e-02 6.697217601179381030e-02 1.171063448504163773e-01 1.498004244591021883e-01 2.390993882643590585e-01
1.133231309633064565e-01 2.077940303119369947e-01 7.975426563833498683e-02 2.669174210670230765e-02 1.093630376091330424e-02 9.058580002744018658e-03 2.618491528955479292e-02 4.579673545250365074e-02 5.853576962361477232e-02 9.319750359463954692e-02
3.816373488564168276e-02 6.922319220720507538e-02 2.669174210670230765e-02 8.971689756154661161e-03 3.693179550193367855e-03 3.077629504105869589e-03 8.913812861356789838e-03 1.559341203906110598e-02 1.991758350843224334e-02 3.164659519670287580e-02
1.574507686671848886e-02 2.821933050569608650e-02 1.093630376091330424e-02 3.693179550193367855e-03 1.528938960918445377e-03 1.283507929438095201e-03 3.726356427385646951e-03 6.520334261960891373e-03 8.320635452096481616e-03 1.318499718996897149e-02
1.315300619176313669e-02 2.321937448742543431e-02 9.058580002744018658e-03 3.077629504105869589e-03 1.283507929438095201e-03 1.087861862412029239e-03 3.168167076983332414e-03 5.545265788132251045e-03 7.066494182538341634e-03 1.115569321956715737e-02
3.812387054109189766e-02 6.697217601179381030e-02 2.618491528955479292e-02 8.913812861356789838e-03 3.726356427385646951e-03 3.168167076983332414e-03 9.235887840310253588e-03 1.616711439302295078e-02 2.059241732767624206e-02 3.246822843513141182e-02
6.670366052595863571e-02 1.171063448504163773e-01 4.579673545250365074e-02 1.559341203906110598e-02 6.520334261960891373e-03 5.545265788132251045e-03 1.616711439302295078e-02 2.830240931570395316e-02 3.605014131933145793e-02 5.683618197625350116e-02
8.522581371316656496e-02 1.498004244591021883e-01 5.853576962361477232e-02 1.991758350843224334e-02 8.320635452096481616e-03 7.066494182538341634e-03 2.059241732767624206e-02 3.605014131933145793e-02 4.595641487135061765e-02 7.252645193735654527e-02
1.354679571639653690e-01 2.390993882643590585e-01 9.319750359463954692e-02 3.164659519670287580e-02 1.318499718996897149e-02 1.115569321956715737e-02 3.246822843513141182e-02 5.683618197625350116e-02 7.252645193735654527e-02 1.147955312099871589e-01
3.688276208532456375e-03 1.017235913116658515e-02 3.417605729108158519e-02 1.994631220042863626e-02 1.548709337531040293e-02 2.854997898801368492e-02 1.033881557681477076e-02 1.122152159041163617e-02 1.277705811614520022e-02 7.221928644245572543e-03
1.017235913116658515e-02 2.966104787525260245e-02 1.008205341279715256e-01 5.642199247982089549e-02 3.983534286167899480e-02 6.869200976168060579e-02 2.510479343825705936e-02 2.772252396100464283e-02 3.195918206376958254e-02 1.846669452121752278e-02
3.417605729108158519e-02 1.008205341279715256e-01 3.436690321835188522e-01 1.905380282236006639e-01 1.316922933043367938e-01 2.234201981926144942e-01 8.185245168982582809e-02 9.079761340069025799e-02 1.050010028652469674e-01 6.099164928004890962e-02
1.994631220042863626e-02 5.642199247982089549e-02 1.905380282236006639e-01 1.096192715007329732e-01 8.189762185051288612e-02 1.471217134064827514e-01 5.332063090023125840e-02 5.797852276946142969e-02 6.619639779493254050e-02 3.776450135441779266e-02
1.548709337531040293e-02 3.983534286167899480e-02 1.316922933043367938e-01 8.189762185051288612e-02 7.188794695484171382e-02 1.424193230642255004e-01 5.070521162017004729e-02 5.331836707397784314e-02 5.954828639777666466e-02 3.291187745413851062e-02
2.854997898801368492e-02 6.869200976168060579e-02 2.234201981926144942e-01 1.471217134064827514e-01 1.424193230642255004e-01 2.971172492415783406e-01 1.047963174381893181e-01 1.082823925121444708e-01 1.195315806418492388e-01 6.496543871648036150e-02
1.033881557681477076e-02 2.510479343825705936e-02 8.185245168982582809e-02 5.332063090023125840e-02 5.070521162017004729e-02 1.047963174381893181e-01 3.712519211748140785e-02 3.864188669419342526e-02 4.281487269316004013e-02 2.332243697456840362e-02
1.122152159041163617e-02 2.772252396100464283e-02 9.079761340069025799e-02 5.797852276946142969e-02 5.331836707397784314e-02 1.082823925121444708e-01 3.864188669419342526e-02 4.077697327449127801e-02 4.549807826080179418e-02 2.489279547568408468e-02
1.277705811614520022e-02 3.195918206376958254e-02 1.050010028652469674e-01 6.619639779493254050e-02 5.954828639777666466e-02 1.195315806418492388e-01 4.281487269316004013e-02 4.549807826080179418e-02 5.099813156294348560e-02 2.799177275596115982e-02
7.221928644245572543e-03 1.846669452121752278e-02 6.099164928004890962e-02 3.776450135441779266e-02 3.291187745413851062e-02 6.496543871648036150e-02 2.332243697456840362e-02 2.489279547568408468e-02 2.799177275596115982e-02 1.545687908062718177e-02
6.078459263821748421e-02 2.833278157357093860e-02 3.406777736770759402e-02 6.738088369902117680e-02 9.432055501595358604e-02 8.469920446127855718e-02 1.223253865154200343e-01 7.996403215217501304e-02 8.241565189025004678e-02 5.341079985759525361e-02
2.833278157357093860e-02 1.326663902258285073e-02 1.607506661992056524e-02 3.192269204935765936e-02 4.473035668887201388e-02 3.998690112408397751e-02 5.747062434321853486e-02 3.740961804975288102e-02 3.840458748536766664e-02 2.488436858332224860e-02
3.406777736770759402e-02 1.607506661992056524e-02 1.974756020738862791e-02 3.949977440806119039e-02 5.544898488710848367e-02 4.918704867290189797e-02 7.010124853471821904e-02 4.528699676538227442e-02 4.615970649959563049e-02 2.989707295441511314e-02
6.738088369902117680e-02 3.192269204935765936e-02 3.949977440806119039e-02 7.936344215803349533e-02 1.115471543488396056e-01 9.854173128233775780e-02 1.398136454739946355e-01 8.994164269224094732e-02 9.130218677713577979e-02 5.911340982343286921e-02
9.432055501595358604e-02 4.473035668887201388e-02 5.544898488710848367e-02 1.115471543488396056e-01 1.576157176418117034e-01 1.394817960715903915e-01 1.980925526911471724e-01 1.268948325849395542e-01 1.282363593149217496e-01 8.286075616851293346e-02
8.469920446127855718e-02 3.998690112408397751e-02 4.918704867290189797e-02 9.854173128233775780e-02 1.394817960715903915e-01 1.264077123450803863e-01 1.829130851435194494e-01 1.163439270925287206e-01 1.165981027274205911e-01 7.483558588029566583e-02
1.223253865154200343e-01 5.747062434321853486e-02 7.010124853471821904e-02 1.398136454739946355e-01 1.980925526911471724e-01 1.829130851435194494e-01 2.714028672592277425e-01 1.714143853148425434e-01 1.704513337396539319e-01 1.086904738594357822e-01
7.996403215217501304e-02 3.740961804975288102e-02 4.528699676538227442e-02 8.994164269224094732e-02 1.268948325849395542e-01 1.163439270925287206e-01 1.714143853148425434e-01 1.102885503659692401e-01 1.111349831866189214e-01 7.101209793059898301e-02
8.241565189025004678e-02 3.840458748536766664e-02 4.615970649959563049e-02 9.130218677713577979e-02 1.282363593149217496e-01 1.165981027274205911e-01 1.704513337396539319e-01 1.111349831866189214e-01 1.139717788035809060e-01 7.307176869914884521e-02
5.341079985759525361e-02 2.488436858332224860e-02 2.989707295441511314e-02 5.911340982343286921e-02 8.286075616851293346e-02 7.483558588029566583e-02 1.086904738594357822e-01 7.101209793059898301e-02 7.307176869914884521e-02 4.715113955810754098e-02
5.657391141171925347e-02 2.814357293689385628e-02 1.251460564489429404e-02 5.475928839188364330e-03 3.254928430990188665e-03 6.062839616750812302e-03 1.762890173861624346e-02 4.936251634210769845e-02 1.337824946650678637e-01 1.762011136913926301e-01
2.814357293689385628e-02 1.404395507825840529e-02 6.251795517171116791e-03 2.737091191295502966e-03 1.627789845214835766e-03 3.033432532456422671e-03 8.823499313183193193e-03 2.471774445096082407e-02 6.698450956619614316e-02 8.739684902931432742e-02
1.251460564489429404e-02 6.251795517171116791e-03 2.784831874782805420e-03 1.219627251971210861e-03 7.255741523539221104e-04 1.352556530653929636e-03 3.935209353645259187e-03 1.102723029647965751e-02 2.988479579028335137e-02 3.882050864408308211e-02
5.475928839188364330e-03 2.737091191295502966e-03 1.219627251971210861e-03 5.342574238535317040e-04 3.179119037961448437e-04 5.927596776358633234e-04 1.724904316490258674e-03 4.834506010763442788e-03 1.310250249403878062e-02 1.697702362648675217e-02
3.254928430990188665e-03 1.627789845214835766e-03 7.255741523539221104e-04 3.179119037961448437e-04 1.892280099898661645e-04 3.529217731640129198e-04 1.027200328837959281e-03 2.879707018854243267e-03 7.805117635722911250e-03 1.008633395096332139e-02
6.062839616750812302e-03 3.033432532456422671e-03 1.352556530653929636e-03 5.927596776358633234e-04 3.529217731640129198e-04 6.584077422888288868e-04 1.916745233780924387e-03 5.374868796157479880e-03 1.456932377524733715e-02 1.877958810489544633e-02
1.762890173861624346e-02 8.823499313183193193e-03 3.935209353645259187e-03 1.724904316490258674e-03 1.027200328837959281e-03 1.916745233780924387e-03 5.580994472316719301e-03 1.565345886789760305e-02 4.243553260170094404e-02 5.458783031334871888e-02
4.936251634210769845e-02 2.471774445096082407e-02 1.102723029647965751e-02 4.834506010763442788e-03 2.879707018854243267e-03 5.374868796157479880e-03 1.565345886789760305e-02 4.392565087159967102e-02 1.191215330755578394e-01 1.527915180785464622e-01
1.337824946650678637e-01 6.698450956619614316e-02 2.988479579028335137e-02 1.310250249403878062e-02 7.805117635722911250e-03 1.456932377524733715e-02 4.243553260170094404e-02 1.191215330755578394e-01 3.237905898270370120e-01 4.141990050789525757e-01
1.762011136913926301e-01 8.739684902931432742e-02 3.882050864408308211e-02 1.697702362648675217e-02 1.008633395096332139e-02 1.877958810489544633e-02 5.458783031334871888e-02 1.527915180785464622e-01 4.141990050789525757e-01 5.519181732881541791e-01
2.905759543449360494e-01 5.987600553223750011e-02 4.549925580111164464e-02 4.828896862037757032e-02 2.932055006343615294e-02 3.370354011203371969e-02 4.938189456732731963e-02 1.081956438114088370e-01 2.711569420648784479e-01 3.139394929572409954e-01
5.987600553223750011e-02 1.235826862890140529e-02 9.418782251905307920e-03 1.001036006411594979e-02 6.081690292339591609e-03 6.995617666759880796e-03 1.025804429644007996e-02 2.249450708185847525e-02 5.641013097147289101e-02 6.504127460375044856e-02
4.549925580111164464e-02 9.418782251905307920e-03 7.223732882727510948e-03 7.700621887121617860e-03 4.683571008693132240e-03 5.394020194352111899e-03 7.920540081738185884e-03 1.739461327997383205e-02 4.366360134468001697e-02 4.990388357835933569e-02
4.828896862037757032e-02 1.001036006411594979e-02 7.700621887121617860e-03 8.222707611748709955e-03 5.003931852192075244e-03 5.766551052598997175e-03 8.473276037050933573e-03 1.862166797236374308e-02 4.676335764690931623e-02 5.320491339412007636e-02
2.932055006343615294e-02 6.081690292339591609e-03 4.683571008693132240e-03 5.003931852192075244e-03 3.046711916485542095e-03 3.513392801494126874e-03 5.166166337983658235e-03 1.136100848811842992e-02 2.854182091507110816e-02 3.238944713911952322e-02
3.370354011203371969e-02 6.995617666759880796e-03 5.394020194352111899e-03 5.766551052598997175e-03 3.513392801494126874e-03 4.055792595709631701e-03 5.970471740667702282e-03 1.314327766962505861e-02 3.304133517834682149e-02 3.736220831967158873e-02
4.938189456732731963e-02 1.025804429644007996e-02 7.920540081738185884e-03 8.473276037050933573e-03 5.166166337983658235e-03 5.970471740667702282e-03 8.802260032695942427e-03 1.940408912288814347e-02 4.882614083805413702e-02 5.497030378750374091e-02
1.081956438114088370e-01 2.249450708185847525e-02 1.739461327997383205e-02 1.862166797236374308e-02 1.136100848811842992e-02 1.314327766962505861e-02 1.940408912288814347e-02 4.284966830420808281e-02 1.079548550556668485e-01 1.209585286081807931e-01
2.711569420648784479e-01 5.641013097147289101e-02 4.366360134468001697e-02 4.676335764690931623e-02 2.854182091507110816e-02 3.304133517834682149e-02 4.882614083805413702e-02 1.079548550556668485e-01 2.727868767807807293e-01 3.043857171043302112e-01
3.139394929572409954e-01 6.504127460375044856e-02 4.990388357835933569e-02 5.320491339412007636e-02 3.238944713911952322e-02 3.736220831967158873e-02 5.497030378750374091e-02 1.209585286081807931e-01 3.043857171043302112e-01 3.500780269018064494e-01
7.488316481009296699e-02 1.236998987263964178e-01 8.384134364162296182e-02 8.045050869632386359e-02 4.434689243896951932e-02 3.356566587806397717e-02 5.419026905450865378e-02 5.006881448762442316e-02 1.131081455165021121e-01 1.244912544428695006e-01
1.236998987263964178e-01 2.142670283363933559e-01 1.451787316400325600e-01 1.386369456565140768e-01 7.550457978997691944e-02 5.569912953157027391e-02 8.790084961360714044e-02 7.946350499694922187e-02 1.768654258636410403e-01 1.958979416168613041e-01
8.384134364162296182e-02 1.451787316400325600e-01 9.923340940158824341e-02 9.520752681884345203e-02 5.180474523299526124e-02 3.810626328039645738e-02 5.997707110385255141e-02 5.402978262901667050e-02 1.199676855631175709e-01 1.326901935271414534e-01
8.045050869632386359e-02 1.386369456565140768e-01 9.520752681884345203e-02 9.195306887076973301e-02 5.007007777234528945e-02 3.685200802809872334e-02 5.802893991117018258e-02 5.223986586555397910e-02 1.159372850575631497e-01 1.279442457913674280e-01
4.434689243896951932e-02 7.550457978997691944e-02 5.180474523299526124e-02 5.007007777234528945e-02 2.738856580149560960e-02 2.032228729265733377e-02 3.222467307699432987e-02 2.916770800424612134e-02 6.496607424882336335e-02 7.147852824099580615e-02
3.356566587806397717e-02 5.569912953157027391e-02 3.810626328039645738e-02 3.685200802809872334e-02 2.032228729265733377e-02 1.535092254093255171e-02 2.471545772176344732e-02 2.264434423300546589e-02 5.084128505334749304e-02 5.561663481788962915e-02
5.419026905450865378e-02 8.790084961360714044e-02 5.997707110385255141e-02 5.802893991117018258e-02 3.222467307699432987e-02 2.471545772176344732e-02 4.032914685370268815e-02 3.734099386162571116e-02 8.441510316088014776e-02 9.191115054541214302e-02
5.006881448762442316e-02 7.946350499694922187e-02 5.402978262901667050e-02 5.223986586555397910e-02 2.916770800424612134e-02 2.264434423300546589e-02 3.734099386162571116e-02 3.506047262119871971e-02 7.998533332288960962e-02 8.679291599297667137e-02
1.131081455165021121e-01 1.768654258636410403e-01 1.199676855631175709e-01 1.159372850575631497e-01 6.496607424882336335e-02 5.084128505334749304e-02 8.441510316088014776e-02 7.998533332288960962e-02 1.837672649476101150e-01 1.989286512460926026e-01
1.244912544428695006e-01 1.958979416168613041e-01 1.326901935271414534e-01 1.279442457913674280e-01 7.147852824099580615e-02 5.561663481788962915e-02 9.191115054541214302e-02 8.679291599297667137e-02 1.989286512460926026e-01 2.177669558162161900e-01
2.374355650881275828e-03 6.316640802494215279e-03 1.851122475559245292e-02 3.978171994063647160e-02 1.833752881613581742e-02 5.783241290058635693e-03 1.723879782580156920e-03 5.951660495522247910e-04 2.168505109553996125e-04 6.838932506606374079e-04
6.316640802494215279e-03 1.680863597068348730e-02 4.927377464321751332e-02 1.058924842562580515e-01 4.876056320623369661e-02 1.537865564457528006e-02 4.584543496481919764e-03 1.582919917681489949e-03 5.767973407062377319e-04 1.819250311019019904e-03
1.851122475559245292e-02 4.927377464321751332e-02 1.446039050773349210e-01 3.110204820537024739e-01 1.428777762868150558e-01 4.505549586777957832e-02 1.343177310154043333e-02 4.637718984136056377e-03 1.690019582081764369e-03 5.330845121632757540e-03
3.978171994063647160e-02 1.058924842562580515e-01 3.110204820537024739e-01 6.781744823898916419e-01 3.085883430615257716e-01 9.708712949578079954e-02 2.891273903976767506e-02 9.976494569655072059e-03 3.633477988099285960e-03 1.145722323614038231e-02
1.833752881613581742e-02 4.876056320623369661e-02 1.428777762868150558e-01 3.085883430615257716e-01 1.423007295799883776e-01 4.480154721915724503e-02 1.334216109110021933e-02 4.603544674379667773e-03 1.676205054812052522e-03 5.283517557788431490e-03
5.783241290058635693e-03 1.537865564457528006e-02 4.505549586777957832e-02 9.708712949578079954e-02 4.480154721915724503e-02 1.411865163837521669e-02 4.205833472259114594e-03 1.451415806324029417e-03 5.285587552669441906e-04 1.666228286978560557e-03
1.723879782580156920e-03 4.584543496481919764e-03 1.343177310154043333e-02 2.891273903976767506e-02 1.334216109110021933e-02 4.205833472259114594e-03 1.253147348676117954e-03 4.325101529772489148e-04 1.575271249708250275e-04 4.966411885289532223e-04
5.951660495522247910e-04 1.582919917681489949e-03 4.637718984136056377e-03 9.976494569655072059e-03 4.603544674379667773e-03 1.451415806324029417e-03 4.325101529772489148e-04 1.492894960284270052e-04 5.437893107208822995e-05 1.714560598016924944e-04
2.168505109553996125e-04 5.767973407062377319e-04 1.690019582081764369e-03 3.633477988099285960e-03 1.676205054812052522e-03 5.285587552669441906e-04 1.575271249708250275e-04 5.437893107208822995e-05 1.980991922476053153e-05 6.246660016853889828e-05
6.838932506606374079e-04 1.819250311019019904e-03 5.330845121632757540e-03 1.145722323614038231e-02 5.283517557788431490e-03 1.666228286978560557e-03 4.966411885289532223e-04 1.714560598016924944e-04 6.246660016853889828e-05 1.969929289156632487e-04
4.125556700996950155e-01 2.941050593341008046e-01 1.742529179969163899e-01 9.753948530989589583e-02 6.869682903764223747e-02 7.892555025498165788e-02 1.165694756790718045e-01 6.753439528445344398e-02 1.079015289519221488e-01 2.598650961342752752e-01
2.941050593341008046e-01 2.153408015720135182e-01 1.280650081324556100e-01 7.167656033348319966e-02 5.046200219745707732e-02 5.795260304869495616e-02 8.552737874599350421e-02 4.931538637021070509e-02 7.814204974556021588e-02 1.869033195153766702e-01
1.742529179969163899e-01 1.280650081324556100e-01 7.681160311946710895e-02 4.310146547257629607e-02 3.039619779538323130e-02 3.494408837297309500e-02 5.156979366734078252e-02 2.963992992908226140e-02 4.672649837719596022e-02 1.113657813001568131e-01
9.753948530989589583e-02 7.167656033348319966e-02 4.310146547257629607e-02 2.426847457722637949e-02 1.715686723161897326e-02 1.975516925035963878e-02 2.916464269771974066e-02 1.672751715423973287e-02 2.628895254378972243e-02 6.253894448623720237e-02
6.869682903764223747e-02 5.046200219745707732e-02 3.039619779538323130e-02 1.715686723161897326e-02 1.216454258420110110e-02 1.403411357297863239e-02 2.072988606952607532e-02 1.186630499030489824e-02 1.859548671986747254e-02 4.416316806838575110e-02
7.892555025498165788e-02 5.795260304869495616e-02 3.494408837297309500e-02 1.975516925035963878e-02 1.403411357297863239e-02 1.621729592284968866e-02 2.396701170698686129e-02 1.370048546845361107e-02 2.142717817780513331e-02 5.083026629833102550e-02
1.165694756790718045e-01 8.552737874599350421e-02 5.156979366734078252e-02 2.916464269771974066e-02 2.072988606952607532e-02 2.396701170698686129e-02 3.543355400062527666e-02 2.025130807472129771e-02 3.166619078040085189e-02 7.511401444683499240e-02
6.753439528445344398e-02 4.931538637021070509e-02 2.963992992908226140e-02 1.672751715423973287e-02 1.186630499030489824e-02 1.370048546845361107e-02 2.025130807472129771e-02 1.161474669189727950e-02 1.825937742451942333e-02 4.345483404710637904e-02
1.079015289519221488e-01 7.814204974556021588e-02 4.672649837719596022e-02 2.628895254378972243e-02 1.859548671986747254e-02 2.142717817780513331e-02 3.166619078040085189e-02 1.825937742451942333e-02 2.895980958550373532e-02 6.929721915661868348e-02
2.598650961342752752e-01 1.869033195153766702e-01 1.113657813001568131e-01 6.253894448623720237e-02 4.416316806838575110e-02 5.083026629833102550e-02 7.511401444683499240e-02 4.345483404710637904e-02 6.929721915661868348e-02 1.666335018465211204e-01
3.297003524524887239e-03 1.058151301199287530e-03 7.067666186901142792e-04 1.085491135864397700e-03 1.394319405455657964e-03 4.366422431060302048e-03 1.108638664568755566e-02 5.340869258388922930e-02 1.428850434805627179e-02 7.348197102848044206e-03
1.058151301199287530e-03 3.396099590224601261e-04 2.268355871826299849e-04 3.483863878034774899e-04 4.474992774262971781e-04 1.401360512390777092e-03 3.557891805426856811e-03 1.713910329533221283e-02 4.585505030805145030e-03 2.358310298162145761e-03
7.067666186901142792e-04 2.268355871826299849e-04 1.515114527781639270e-04 2.327011842381424629e-04 2.989057945129094821e-04 9.360459065994629693e-04 2.376524304673012164e-03 1.144818922594941987e-02 3.062845228683883265e-03 1.575173577999546253e-03
1.085491135864397700e-03 3.483863878034774899e-04 2.327011842381424629e-04 3.574042778845143041e-04 4.591094749588698395e-04 1.437817716962910136e-03 3.650837467121502162e-03 1.758844927512335024e-02 4.704856547636493760e-03 2.419300005424375021e-03
1.394319405455657964e-03 4.474992774262971781e-04 2.989057945129094821e-04 4.591094749588698395e-04 5.898457492702719948e-04 1.847583502373730154e-03 4.692857935819712452e-03 2.261573210293798403e-02 6.046481323821423920e-03 3.107866207850334093e-03
4.366422431060302048e-03 1.401360512390777092e-03 9.360459065994629693e-04 1.437817716962910136e-03 1.847583502373730154e-03 5.788540399435622603e-03 1.470923594676179155e-02 7.091673214639174216e-02 1.894658907136839016e-02 9.733470717983180864e-03
1.108638664568755566e-02 3.557891805426856811e-03 2.376524304673012164e-03 3.650837467121502162e-03 4.692857935819712452e-03 1.470923594676179155e-02 3.742092997849325031e-02 1.806157227726894465e-01 4.817008055196364547e-02 2.471903002264175600e-02
5.340869258388922930e-02 1.713910329533221283e-02 1.144818922594941987e-02 1.758844927512335024e-02 2.261573210293798403e-02 7.091673214639174216e-02 1.806157227726894465e-01 8.736093956844992459e-01 2.324126698946870906e-01 1.191149963061982481e-01
1.428850434805627179e-02 4.585505030805145030e-03 3.062845228683883265e-03 4.704856547636493760e-03 6.046481323821423920e-03 1.894658907136839016e-02 4.817008055196364547e-02 2.324126698946870906e-01 6.206631539998973268e-02 3.185817579437158487e-02
7.348197102848044206e-03 2.358310298162145761e-03 1.575173577999546253e-03 2.419300005424375021e-03 3.107866207850334093e-03 9.733470717983180864e-03 2.471903002264175600e-02 1.191149963061982481e-01 3.185817579437158487e-02 1.637944357410218987e-02
1.802717936448645919e-01 9.976526842390115446e-02 5.901162995467838096e-02 1.820105475900560266e-01 8.193585183729137911e-02 5.667976698018860338e-02 9.004531524249767549e-02 1.670867134041059132e-01 1.402199212973154197e-01 7.743222156781724708e-02
9.976526842390115446e-02 5.605826584043416966e-02 3.445399391365328023e-02 1.085088524226544837e-01 4.838451435074840601e-02 3.251959899579142527e-02 5.030612089676289589e-02 9.244926477124779107e-02 7.746385618396431361e-02 4.284758390177446918e-02
5.901162995467838096e-02 3.445399391365328023e-02 2.346157722838038140e-02 7.770300682383711466e-02 3.389126225667945386e-02 2.122266992854594109e-02 3.054943483933493520e-02 5.459156588575572733e-02 4.552901289972776516e-02 2.531020054927766300e-02
1.820105475900560266e-01 1.085088524226544837e-01 7.770300682383711466e-02 2.631704883702224440e-01 1.136534327791367260e-01 6.882085595569803482e-02 9.537390605936427179e-02 1.677443145879680686e-01 1.395821347985088945e-01 7.792149403707761268e-02
8.193585183729137911e-02 4.838451435074840601e-02 3.389126225667945386e-02 1.136534327791367260e-01 4.945104470220580695e-02 3.067313131176465507e-02 4.370214905636170266e-02 7.774945480766518036e-02 6.450474168541230069e-02 3.547056003197503193e-02
5.667976698018860338e-02 3.251959899579142527e-02 2.122266992854594109e-02 6.882085595569803482e-02 3.067313131176465507e-02 2.060809639868489002e-02 3.190832618133888909e-02 5.861820982389678858e-02 4.822383066484044883e-02 2.538517561129661690e-02
9.004531524249767549e-02 5.030612089676289589e-02 3.054943483933493520e-02 9.537390605936427179e-02 4.370214905636170266e-02 3.190832618133888909e-02 5.326696433389255941e-02 1.004490807694220500e-01 8.204221300992969867e-02 4.160844897693738442e-02
1.670867134041059132e-01 9.244926477124779107e-02 5.459156588575572733e-02 1.677443145879680686e-01 7.774945480766518036e-02 5.861820982389678858e-02 1.004490807694220500e-01 1.913706373905894320e-01 1.559020378759091996e-01 7.806867996190099135e-02
1.402199212973154197e-01 7.746385618396431361e-02 4.552901289972776516e-02 1.395821347985088945e-01 6.450474168541230069e-02 4.822383066484044883e-02 8.204221300992969867e-02 1.559020378759091996e-01 1.279563466230975166e-01 6.481318381749998081e-02
7.743222156781724708e-02 4.284758390177446918e-02 2.531020054927766300e-02 7.792149403707761268e-02 3.547056003197503193e-02 2.538517561129661690e-02 4.160844897693738442e-02 7.806867996190099135e-02 6.481318381749998081e-02 3.438478546762824967e-02
1.140627417925774295e-01 5.159307095387644787e-02 2.097864614569499436e-02 9.103726048902922863e-03 8.475919183512328758e-03 2.439646904958220341e-02 8.898021931389389627e-02 1.599980903061564153e-01 1.223440659876287029e-01 2.026890746012079969e-01
5.159307095387644787e-02 2.341756491627647666e-02 9.543347483007700444e-03 4.156852145555119983e-03 3.897952704089173350e-03 1.125565530062547226e-02 4.109872745929885052e-02 7.391689791863968739e-02 5.586885601049885325e-02 9.149821057481948017e-02
2.097864614569499436e-02 9.543347483007700444e-03 3.898200845964414074e-03 1.704417951876965875e-03 1.609686910859821959e-03 4.662761777163095672e-03 1.704422054426347685e-02 3.066169121916996823e-02 2.292996491458897113e-02 3.716504677689350111e-02
9.103726048902922863e-03 4.156852145555119983e-03 1.704417951876965875e-03 7.501852406601243169e-04 7.172478165789694399e-04 2.088818372211920238e-03 7.649686297790137327e-03 1.376582031213445002e-02 1.011034546106140929e-02 1.609670433908990533e-02
8.475919183512328758e-03 3.897952704089173350e-03 1.609686910859821959e-03 7.172478165789694399e-04 7.011971506907323281e-04 2.061569577919630195e-03 7.574660848015484643e-03 1.363665561589054442e-02 9.696013907667545145e-03 1.492760548443110465e-02
2.439646904958220341e-02 1.125565530062547226e-02 4.662761777163095672e-03 2.088818372211920238e-03 2.061569577919630195e-03 6.085357451632184347e-03 2.238953322741271679e-02 4.031068728399370832e-02 2.827083758286483284e-02 4.288636316292589179e-02
8.898021931389389627e-02 4.109872745929885052e-02 1.704422054426347685e-02 7.649686297790137327e-03 7.574660848015484643e-03 2.238953322741271679e-02 8.242262828995121360e-02 1.483939950540981434e-01 1.035675572645119724e-01 1.563066280271219188e-01
1.599980903061564153e-01 7.391689791863968739e-02 3.066169121916996823e-02 1.376582031213445002e-02 1.363665561589054442e-02 4.031068728399370832e-02 1.483939950540981434e-01 2.680582470030892783e-01 1.866355403674305746e-01 2.810951084601428507e-01
1.223440659876287029e-01 5.586885601049885325e-02 2.292996491458897113e-02 1.011034546106140929e-02 9.696013907667545145e-03 2.827083758286483284e-02 1.035675572645119724e-01 1.866355403674305746e-01 1.370158756465695848e-01 2.170642402338590349e-01
2.026890746012079969e-01 9.149821057481948017e-02 3.716504677689350111e-02 1.609670433908990533e-02 1.492760548443110465e-02 4.288636316292589179e-02 1.563066280271219188e-01 2.810951084601428507e-01 2.170642402338590349e-01 3.635880016625885891e-01
2.024358699768743775e-01 2.155241884662510432e-01 2.524313623076456237e-01 1.717425276694958536e-01 6.754647646130573779e-02 2.938414238977578308e-02 1.978222335726213810e-02 2.727866120593534782e-02 2.629770052937651856e-02 6.959119804318911195e-02
2.155241884662510432e-01 2.344357484927963031e-01 2.784796407852546674e-01 1.888301191552615721e-01 7.398649455483174986e-02 3.205002543218622713e-02 2.144911824020233684e-02 2.942660200043910323e-02 2.821027034843836753e-02 7.431657317075684999e-02
2.524313623076456237e-01 2.784796407852546674e-01 3.428256873339371458e-01 2.316151439572411430e-01 9.020757530226958254e-02 3.882427232192872668e-02 2.575549273612397216e-02 3.507417656329994693e-02 3.336291110935439563e-02 8.737132273428657725e-02
1.717425276694958536e-01 1.888301191552615721e-01 2.316151439572411430e-01 1.586425902489119188e-01 6.174660771724793662e-02 2.654061933786284327e-02 1.758013105780474594e-02 2.391441407986204248e-02 2.272451992951330518e-02 5.947295598460185240e-02
6.754647646130573779e-02 7.398649455483174986e-02 9.020757530226958254e-02 6.174660771724793662e-02 2.408632267671709237e-02 1.036819477948795927e-02 6.880336268114732590e-03 9.373607221753541691e-03 8.920776294878723922e-03 2.337425009839887852e-02
2.938414238977578308e-02 3.205002543218622713e-02 3.882427232192872668e-02 2.654061933786284327e-02 1.036819477948795927e-02 4.471642865821049903e-03 2.974509159708488368e-03 4.060367439643894696e-03 3.871661872941942455e-03 1.015939246442443614e-02
1.978222335726213810e-02 2.144911824020233684e-02 2.575549273612397216e-02 1.758013105780474594e-02 6.880336268114732590e-03 2.974509159708488368e-03 1.985276043170531180e-03 2.717484177919982612e-03 2.598143699388083278e-03 6.831448226666880959e-03
2.727866120593534782e-02 2.942660200043910323e-02 3.507417656329994693e-02 2.391441407986204248e-02 9.373607221753541691e-03 4.060367439643894696e-03 2.717484177919982612e-03 3.728461715108971359e-03 3.572911164698463864e-03 9.410718903951998532e-03
2.629770052937651856e-02 2.821027034843836753e-02 3.336291110935439563e-02 2.272451992951330518e-02 8.920776294878723922e-03 3.871661872941942455e-03 2.598143699388083278e-03 3.572911164698463864e-03 3.433189720305593069e-03 9.061308132752205619e-03
6.959119804318911195e-02 7.431657317075684999e-02 8.737132273428657725e-02 5.947295598460185240e-02 2.337425009839887852e-02 1.015939246442443614e-02 6.831448226666880959e-03 9.410718903951998532e-03 9.061308132752205619e-03 2.395521092635713445e-02
5.689883317377173455e-01 2.746790739338436094e-01 9.084267258531501799e-02 4.945467118511855109e-02 1.854668428874122962e-02 1.716115383123351101e-02 2.512777804655563427e-02 1.093426950647447549e-01 2.312180316789680112e-01 2.911978437719104917e-01
2.746790739338436094e-01 1.346531781734796596e-01 4.464047610353658047e-02 2.434813650411707386e-02 9.141042223085614482e-03 8.469333921787430136e-03 1.240908772044318001e-02 5.400156208510178968e-02 1.140943056300067759e-01 1.425413015996129240e-01
9.084267258531501799e-02 4.464047610353658047e-02 1.483838218586527001e-02 8.109981531667580235e-03 3.048240605858232311e-03 2.828168564068112793e-03 4.147133502530147599e-03 1.805168445066333838e-02 3.813268300915086811e-02 4.744159531568059585e-02
4.945467118511855109e-02 2.434813650411707386e-02 8.109981531667580235e-03 4.441842454278545002e-03 1.671442306020122850e-03 1.552934078682242751e-03 2.279064977332691255e-03 9.922881812052506550e-03 2.095819619310438850e-02 2.597192320463270060e-02
1.854668428874122962e-02 9.141042223085614482e-03 3.048240605858232311e-03 1.671442306020122850e-03 6.294259871030357832e-04 5.853357372308479623e-04 8.595140458899630780e-04 3.742939441240916449e-03 7.904905512601281131e-03 9.772249364225412196e-03
1.716115383123351101e-02 8.469333921787430136e-03 2.828168564068112793e-03 1.552934078682242751e-03 5.853357372308479623e-04 5.449603834037084534e-04 8.007957053129224120e-04 3.488046030410949655e-03 7.365827351755991660e-03 9.078383127087743740e-03
2.512777804655563427e-02 1.240908772044318001e-02 4.147133502530147599e-03 2.279064977332691255e-03 8.595140458899630780e-04 8.007957053129224120e-04 1.177278212391074481e-03 5.128703374854468727e-03 1.082985185490993249e-02 1.332364984259088586e-02
1.093426950647447549e-01 5.400156208510178968e-02 1.805168445066333838e-02 9.922881812052506550e-03 3.742939441240916449e-03 3.488046030410949655e-03 5.128703374854468727e-03 2.234413638196123056e-02 4.718181573959159825e-02 5.801463063951090710e-02
2.312180316789680112e-01 1.140943056300067759e-01 3.813268300915086811e-02 2.095819619310438850e-02 7.904905512601281131e-03 7.365827351755991660e-03 1.082985185490993249e-02 4.718181573959159825e-02 9.969289104315788574e-02 1.226326095292402663e-01
2.911978437719104917e-01 1.425413015996129240e-01 4.744159531568059585e-02 2.597192320463270060e-02 9.772249364225412196e-03 9.078383127087743740e-03 1.332364984259088586e-02 5.801463063951090710e-02 1.226326095292402663e-01 1.526895734406426564e-01
1.689969344169204579e-01 1.061486991498037102e-01 8.624393673345241706e-02 7.172038126065830022e-02 2.939981900787533992e-02 3.739922467576786702e-02 6.996431989849610789e-02 1.638451146507051703e-01 1.026597829883082458e-01 2.553925995589851894e-01
1.061486991498037102e-01 6.772628756094305202e-02 5.555590105020592750e-02 4.637757154203420162e-02 1.902989486918760242e-02 2.423344630236129796e-02 4.533677498904928327e-02 1.060659724816833543e-01 6.507017200700626613e-02 1.588374470038001474e-01
8.624393673345241706e-02 5.555590105020592750e-02 4.600508698017108378e-02 3.855063124145059750e-02 1.583788987965488448e-02 2.020284966781622435e-02 3.781786503484640960e-02 8.843570745025862434e-02 5.335556805687402537e-02 1.283098118109300967e-01
7.172038126065830022e-02 4.637757154203420162e-02 3.855063124145059750e-02 3.239307465304610417e-02 1.332416533970244045e-02 1.702896652036491043e-02 3.190637171926648946e-02 7.462235249499452050e-02 4.462608567670526410e-02 1.064818433148055632e-01
2.939981900787533992e-02 1.902989486918760242e-02 1.583788987965488448e-02 1.332416533970244045e-02 5.492915894624725986e-03 7.046779278294128604e-03 1.323148501550030359e-02 3.097565978176269885e-02 1.840010413954681900e-02 4.365867422406623233e-02
3.739922467576786702e-02 2.423344630236129796e-02 2.020284966781622435e-02 1.702896652036491043e-02 7.046779278294128604e-03 9.099698011340773621e-03 1.715046205511857463e-02 4.022126246524124898e-02 2.363862851384379224e-02 5.559151250733426058e-02
6.996431989849610789e-02 4.533677498904928327e-02 3.781786503484640960e-02 3.190637171926648946e-02 1.323148501550030359e-02 1.715046205511857463e-02 3.240188914149150223e-02 7.608281034865740922e-02 4.446957413912853985e-02 1.041144050749411576e-01
1.638451146507051703e-01 1.060659724816833543e-01 8.843570745025862434e-02 7.462235249499452050e-02 3.097565978176269885e-02 4.022126246524124898e-02 7.608281034865740922e-02 1.788963976064945616e-01 1.043974826602257766e-01 2.442137946863224829e-01
1.026597829883082458e-01 6.507017200700626613e-02 5.335556805687402537e-02 4.462608567670526410e-02 1.840010413954681900e-02 2.363862851384379224e-02 4.446957413912853985e-02 1.043974826602257766e-01 6.389011674770354865e-02 1.558871212794147310e-01
2.553925995589851894e-01 1.588374470038001474e-01 1.283098118109300967e-01 1.064818433148055632e-01 4.365867422406623233e-02 5.559151250733426058e-02 1.041144050749411576e-01 2.442137946863224829e-01 1.558871212794147310e-01 3.950975989872644312e-01
1.068877729305592605e-01 1.233277051942204827e-01 1.974786077428449249e-01 7.271225239528285311e-02 9.019039523634959921e-02 7.748380912568574030e-02 4.333761627827460716e-02 2.915851846140093268e-02 4.657997795196706925e-02 1.025875684887620209e-01
1.233277051942204827e-01 1.471567923469387917e-01 2.419057590871726837e-01 8.707732717542190914e-02 1.047289502436686698e-01 8.904291784663370679e-02 4.960547476875008799e-02 3.325020806584690070e-02 5.298461159249037711e-02 1.167159947201844017e-01
1.974786077428449249e-01 2.419057590871726837e-01 4.112139508096605001e-01 1.447885984330679054e-01 1.691504443827104576e-01 1.424073548988901150e-01 7.902884094027072537e-02 5.277131325883784030e-02 8.387692911207789148e-02 1.847815095996974966e-01
7.271225239528285311e-02 8.707732717542190914e-02 1.447885984330679054e-01 5.208592833896624752e-02 6.262031380269245107e-02 5.315388306858466472e-02 2.954453169769881773e-02 1.972187395064731522e-02 3.130001056112195756e-02 6.881688303094267434e-02
9.019039523634959921e-02 1.047289502436686698e-01 1.691504443827104576e-01 6.262031380269245107e-02 7.844041166833812251e-02 6.731761930386441495e-02 3.748106455561068390e-02 2.499000140874451520e-02 3.955257612438893566e-02 8.669755186980537820e-02
7.748380912568574030e-02 8.904291784663370679e-02 1.424073548988901150e-01 5.315388306858466472e-02 6.731761930386441495e-02 5.807004732894777144e-02 3.236702806424610057e-02 2.159050487274221525e-02 3.417190939091688251e-02 7.486128641505877812e-02
4.333761627827460716e-02 4.960547476875008799e-02 7.902884094027072537e-02 2.954453169769881773e-02 3.748106455561068390e-02 3.236702806424610057e-02 1.806510422743889954e-02 1.207087332417366120e-02 1.913423984455226573e-02 4.194109891769876031e-02
2.915851846140093268e-02 3.325020806584690070e-02 5.277131325883784030e-02 1.972187395064731522e-02 2.499000140874451520e-02 2.159050487274221525e-02 1.207087332417366120e-02 8.093121904499437150e-03 1.287141451852010475e-02 2.825527789039964516e-02
4.657997795196706925e-02 5.298461159249037711e-02 8.387692911207789148e-02 3.130001056112195756e-02 3.955257612438893566e-02 3.417190939091688251e-02 1.913423984455226573e-02 1.287141451852010475e-02 2.054215391492128506e-02 4.516888911910170445e-02
1.025875684887620209e-01 1.167159947201844017e-01 1.847815095996974966e-01 6.881688303094267434e-02 8.669755186980537820e-02 7.486128641505877812e-02 4.194109891769876031e-02 2.825527789039964516e-02 4.516888911910170445e-02 9.944471652972985964e-02
1.353962905950324425e-01 1.461169921474932965e-01 8.685000137655435326e-02 7.211431129353113034e-02 1.106223087561245128e-01 1.073583768250526427e-01 9.384661213371676969e-02 1.312538947509045428e-01 1.208295359466751429e-01 9.074065926238206181e-02
1.461169921474932965e-01 1.589393727876372564e-01 9.429903629407132559e-02 7.797777042401066172e-02 1.192262226594541508e-01 1.153222699552461650e-01 1.003643504766854877e-01 1.398798258311994835e-01 1.288986022563349543e-01 9.736282634226428589e-02
8.685000137655435326e-02 9.429903629407132559e-02 5.650302788338704141e-02 4.740985299143542914e-02 7.323183389242474139e-02 7.096558877454953174e-02 6.160022332113786192e-02 8.554096098506934476e-02 7.828745468626524540e-02 5.846499593323217780e-02
7.211431129353113034e-02 7.797777042401066172e-02 4.740985299143542914e-02 4.093571064224113543e-02 6.449018775059464637e-02 6.275771565858498380e-02 5.427759005118081015e-02 7.494089077139937105e-02 6.774125740599711010e-02 4.951165577503685578e-02
1.106223087561245128e-01 1.192262226594541508e-01 7.323183389242474139e-02 6.449018775059464637e-02 1.031570885684619521e-01 1.007114001584233504e-01 8.690763682709101712e-02 1.195437161619667399e-01 1.071233908179245325e-01 7.708091138576750323e-02
1.073583768250526427e-01 1.153222699552461650e-01 7.096558877454953174e-02 6.275771565858498380e-02 1.007114001584233504e-01 9.905044714380682735e-02 8.588861776409123516e-02 1.184856101057828182e-01 1.058193891247330432e-01 7.546101207464334104e-02
9.384661213371676969e-02 1.003643504766854877e-01 6.160022332113786192e-02 5.427759005118081015e-02 8.690763682709101712e-02 8.588861776409123516e-02 7.550106998714074813e-02 1.052082447587771724e-01 9.390679198485585299e-02 6.646018072275539090e-02
1.312538947509045428e-01 1.398798258311994835e-01 8.554096098506934476e-02 7.494089077139937105e-02 1.195437161619667399e-01 1.184856101057828182e-01 1.052082447587771724e-01 1.483597953132027858e-01 1.325559653749216193e-01 9.338066748382442550e-02
1.208295359466751429e-01 1.288986022563349543e-01 7.828745468626524540e-02 6.774125740599711010e-02 1.071233908179245325e-01 1.058193891247330432e-01 9.390679198485585299e-02 1.325559653749216193e-01 1.197703742142113836e-01 8.520313842260744674e-02
9.074065926238206181e-02 9.736282634226428589e-02 5.846499593323217780e-02 4.951165577503685578e-02 7.708091138576750323e-02 7.546101207464334104e-02 6.646018072275539090e-02 9.338066748382442550e-02 8.520313842260744674e-02 6.238682286487840650e-02
