1.688740868569531539e-01 3.034629099182409862e-01 8.830680607056480558e-02 2.406190895963888909e-02 1.084198216537762133e-02 1.143034008592933373e-02 4.362422500944086734e-02 8.725285366741021564e-02 1.073398203542087065e-01 1.548050669122353062e-01
1.903770630017234330e-02 4.358517671973426155e-02 1.874452537619702985e-01 1.217452620076531628e-01 9.810182424327099082e-02 1.842580582500757402e-01 6.883083275543840085e-02 9.959556609813871586e-02 1.197383972344882169e-01 5.766192262905792121e-02
7.879420447197760247e-02 3.432469813243183010e-02 4.236416901075323177e-02 9.048323629842132398e-02 1.367061374396847662e-01 1.249768865703738130e-01 1.840997341950685873e-01 1.165008742871116443e-01 1.181752566533361137e-01 7.357480294084096928e-02
1.058279081892783413e-01 6.079821607204723144e-02 2.966610721326048278e-02 1.380168989453284430e-02 7.533074476213832971e-03 1.057002457915067785e-02 2.871886141027320954e-02 8.779778678030085437e-02 2.789479691961666563e-01 3.763383621887760322e-01
1.917370604416379076e-01 3.072068748895331880e-02 4.384894333749596307e-02 6.452190860948472939e-02 4.149549782346643317e-02 4.163464873649419529e-02 4.399051276177975284e-02 7.915805427695773999e-02 2.135477593808287056e-01 2.493449271429011849e-01
9.076327244718135345e-02 1.576029066430464365e-01 1.110523690429605498e-01 1.080739089964579680e-01 5.816099866922508355e-02 4.397587830839067707e-02 7.012666539508710661e-02 5.980604228821125717e-02 1.415595495296503858e-01 1.588784086797893069e-01
2.000012347477829466e-02 5.932940274053365159e-02 1.973554282483253042e-01 4.649345940007345579e-01 1.890447721363769651e-01 4.795138723112594981e-02 1.184004431254500472e-02 3.750055633070144452e-03 1.232587999223044200e-03 4.561604223287432300e-03
2.460688884386271480e-01 1.727955459490518875e-01 1.007627782939531647e-01 6.044762620013616194e-02 4.843285666991425237e-02 5.790682822140970354e-02 8.049694264238191344e-02 3.956635216753899564e-02 5.396719112903115845e-02 1.395549902879557325e-01
6.657599524055914098e-02 3.102763241463871516e-02 3.410578959671804744e-02 4.750553405729933398e-02 2.605036825800986083e-02 4.017085429988127149e-02 6.876253235623612514e-02 4.678519073209013168e-01 1.171370635369366892e-01 1.008123229188194886e-01
1.484082941883407281e-01 7.798653598049454239e-02 3.847553474804042695e-02 1.318550658492338989e-01 6.427882664457268413e-02 5.326114726642373204e-02 9.323881230261865660e-02 1.825146681148733796e-01 1.445752105220504402e-01 6.540590438335186496e-02
1.416386750090073421e-01 5.740103215905612011e-02 2.076384661094889811e-02 8.299702843866597207e-03 6.503706772903385114e-03 1.897314462122363238e-02 9.863219352129551365e-02 2.152264237259350343e-01 1.632259249283234959e-01 2.693353498074400609e-01
1.741494948745477556e-01 2.108974035270431702e-01 2.586262104373820980e-01 1.606073530182864917e-01 5.475623712165715584e-02 2.499453558678441795e-02 1.965903404581640854e-02 2.717229523123424612e-02 2.022425481519973811e-02 4.891318134204859780e-02
3.617301452098986569e-01 1.512140677530782462e-01 4.322316571002218777e-02 2.471868553477753194e-02 9.187348523579802473e-03 8.753054242767613000e-03 1.002422143653831921e-02 5.818861155836183019e-02 1.484079264621498695e-01 1.845527735688257120e-01
1.639841144856897526e-01 1.119088872619845021e-01 9.830994634503474605e-02 7.757486609332654715e-02 2.691334960097688245e-02 3.030385268948759467e-02 5.058654211767033004e-02 1.253612868527524959e-01 7.937238352681653952e-02 2.356847710262606754e-01
1.222453409266500562e-01 1.404923614349183336e-01 2.258967597270377381e-01 7.343758790699175809e-02 1.041657890270724640e-01 9.233523224841298782e-02 4.994432720734894721e-02 3.195693321236653395e-02 4.771965728487972958e-02 1.118060110243216110e-01
1.173031226928881454e-01 1.250808397084627877e-01 7.349035309044282815e-02 6.381213575646263458e-02 1.043572969616713420e-01 1.048475977600554221e-01 9.092259849602804533e-02 1.270823149857910339e-01 1.132592162271290337e-01 7.984452432106864395e-02
4.609822025040943849e-02 6.851176542102246914e-02 1.269059324791468324e-01 1.275950129348351614e-01 9.658117629768267487e-02 8.959819142777952772e-02 2.122182148684428893e-01 1.347626080203513099e-01 6.125527265018324702e-02 3.647360565014651917e-02
1.201808650231729891e-01 9.466123308070999165e-02 4.288587850339524443e-02 3.731346267429261343e-02 4.380038213096767996e-02 8.270664221900744795e-02 8.123148515894888788e-02 1.166759916271995629e-01 1.648672767212648327e-01 2.156767828610406390e-01
2.268646966208564819e-01 1.844534858987941783e-01 4.040717004235369614e-02 2.746126706065382325e-02 1.626017953513864134e-02 6.265702585318687345e-02 4.294242500455175415e-02 3.948370752862230548e-02 1.448143869318745669e-01 2.146556555239678699e-01
9.402807067163082566e-02 7.870947949728007709e-02 1.101100868191403764e-01 1.528143497103711668e-01 8.201171480992301699e-02 2.332539200547097125e-02 3.049626084665675585e-02 8.750557162224123497e-02 1.840474608304470960e-01 1.569516131868385622e-01
1.512005348143459146e-02 5.991737239072260357e-02 2.657880321609665253e-01 2.128694380054271251e-01 8.792792640889106337e-02 6.017993686829761768e-02 1.844881951251167440e-01 8.119573477872615852e-02 2.158863340156885399e-02 1.092467737884912984e-02
1.981902420080350613e-01 1.511714577718428210e-01 7.126280186047331822e-02 5.916268568727956617e-02 3.292016365683493595e-02 3.866945022013512645e-02 5.371272154150862760e-02 1.927138144122104435e-01 1.261790585014223587e-01 7.601760434025800484e-02
1.869865359866031973e-01 1.120916198053414914e-01 1.396773833462894854e-01 9.266430010637073666e-02 2.953430013781355168e-02 2.384279997578531499e-02 4.551558067452673995e-02 1.481101989950545650e-01 1.056120501268680567e-01 1.159652308453469338e-01
2.668898239724123989e-02 6.641988717494416716e-02 3.110819453788110645e-01 1.697956105981837382e-01 9.017927378545018136e-02 6.630127591810744403e-02 9.519518285768893695e-02 9.216977575649708265e-02 5.267714607010621358e-02 2.949092006297013985e-02
6.771476096295023228e-02 9.329531865656152945e-02 7.413037690341103825e-02 8.189593872953784826e-02 3.659801976341087171e-02 7.697427911326304439e-02 6.436448858136582796e-02 6.786635667387605486e-02 2.130978066080745914e-01 2.240626540075490170e-01
1.449481475515673572e-02 1.916840070080819483e-02 2.012447010519543764e-02 8.386593187346141898e-02 1.608440139591995055e-01 1.825387275693390876e-01 1.516827522795674010e-01 2.581351075432430919e-01 8.122778868966643029e-02 2.791799252436301393e-02
3.348155323014970763e-01 1.764581568567351599e-01 8.319223343037890350e-02 2.048161065738076173e-02 1.471727750847873391e-02 1.505225422657122114e-02 1.975382668915408313e-02 2.035113852227078343e-02 6.065705921048228366e-02 2.545209105970511199e-01
3.814147949499857582e-02 1.722162999606951725e-02 1.852197039950761320e-02 2.579722887554529789e-02 7.354332986318623533e-02 2.552035012656709290e-01 2.066682385940794842e-01 1.287807596286875411e-01 1.224195259960991627e-01 1.137023358861557754e-01
1.583879096074577164e-01 1.656176655218277172e-01 1.638549196009604358e-01 5.455990690805456733e-02 3.112098822356352407e-02 3.408405519641658638e-02 2.568869357954911559e-02 6.971568164174110627e-02 1.421917424789552187e-01 1.547784372414741372e-01
1.101245779206804914e-01 4.088930683768282615e-02 2.665418815285669485e-02 1.114214669900595242e-02 9.192016625635408833e-03 1.193745145902914452e-02 5.307761259371387291e-02 1.732652857787071454e-01 3.995376983948852878e-01 1.641797155378033335e-01
4.047741922296293343e-02 6.068602937749351112e-02 7.239620516218740753e-02 7.542188626613546831e-02 9.625219102253299019e-02 1.060724717952686857e-01 1.927927522728467569e-01 1.670218584900563796e-01 1.342895311513997714e-01 5.458965523911615825e-02
3.205424612150168523e-02 1.798474251866994875e-02 4.079426260135528282e-02 5.121427957986292301e-02 6.551383774346461464e-02 1.359669512136476577e-01 2.220730851790234661e-01 1.492106477556578437e-01 1.480521813316055257e-01 1.371357659552112085e-01
1.135801031458920640e-01 1.926722713919428454e-01 2.883370608433145632e-01 1.454091064848774539e-01 4.200505148925577636e-02 1.928848555264520842e-02 2.067943558279727867e-02 3.635963384581106239e-02 5.309690727523366099e-02 8.857194438823001725e-02
3.566944596608502549e-02 5.867989669541276432e-02 4.225695871299511852e-02 8.581940126234655075e-02 9.248130347280650310e-02 3.377139397982477087e-01 1.991804286847372318e-01 9.035088930342960456e-02 3.454005052929966235e-02 2.330768557463981649e-02
5.622219687366263041e-02 3.354741729993458016e-02 3.691755586340757234e-02 7.414907171505802363e-02 1.079369960644085830e-01 2.797948479006733269e-01 1.948229077978505808e-01 8.790324248990036282e-02 7.415442940240338232e-02 5.455133459270092994e-02
1.048824337620327257e-01 9.416567923694502129e-02 1.610460914818657718e-01 1.959034595326037409e-01 1.240288824399872758e-01 3.544789003728737037e-02 3.634213782998181597e-02 4.046717986876428863e-02 1.077857405809904273e-01 9.993050522954166626e-02
2.573257880135720876e-02 4.499190877010141032e-02 9.756865547311503739e-02 2.540481163315314594e-01 4.438198710033691707e-02 6.987059704819278960e-02 1.814573564265498373e-01 1.313029370841923005e-01 1.083289086561636527e-01 4.231695430845957423e-02
1.641137608976243889e-01 8.809193050728905683e-02 6.753651891913717287e-02 7.943076633565167299e-02 5.771694666696290665e-02 8.142843846596883872e-02 1.202615851043629669e-01 1.072800052953889471e-01 1.064384226031047237e-01 1.277016252045093947e-01
1.874376234797954510e-01 1.554347778948279024e-01 6.486536004418996804e-02 4.823217376131881673e-02 2.681520081066829375e-02 2.609872101548629114e-02 5.471044660255806880e-02 7.368798499939889501e-02 1.515584954435427179e-01 2.111592159482136855e-01
7.260977878941976549e-02 5.287866705814774082e-02 7.338751943408358680e-02 1.026867546370952150e-01 6.639449475310618687e-02 5.992260387850999875e-02 8.994401029711285300e-02 1.031898661060447892e-01 1.360339229924729110e-01 2.429523820540070433e-01
2.306437101821780591e-02 5.614418079788954796e-02 1.817433797874407064e-01 5.889574056360214610e-02 6.146670041817667990e-02 1.463511150810488104e-01 1.976249328555532148e-01 1.272032224510164788e-01 1.035836559265145979e-01 4.392270110054041082e-02
9.567119174228158607e-02 1.981321163126077423e-01 8.494979494714709201e-02 1.972994590597444003e-02 1.099585531920402488e-02 3.053899739438278166e-02 7.718298508616480702e-02 9.341285657043159329e-02 1.955670816182694671e-01 1.938191751035366339e-01
2.676436379914130109e-02 3.638271853617734003e-02 6.326856279459458499e-02 1.637241154634486162e-01 1.658398587515703682e-01 1.725932491765655996e-01 1.676413781454281771e-01 7.901187747449904542e-02 6.072058297230781276e-02 6.405329288626745998e-02
8.153647736666402857e-02 1.376516891472908954e-01 2.144942529455209912e-01 1.456018073718517158e-01 7.468247489315517351e-02 5.146704468661775222e-02 4.449188462307598901e-02 3.329006000465766640e-02 6.113714115928239878e-02 1.556471678018835347e-01
5.724325656575372789e-02 1.416587605781479027e-02 3.171950891983631171e-02 1.429268126004109851e-01 6.837767644437703352e-02 1.837389138907817021e-01 2.121742104555291997e-01 1.680718269738464277e-01 8.429980778090240268e-02 3.728211031074733089e-02
1.901618888440128469e-02 1.218743259426544046e-02 2.427978155326964566e-02 5.474154149720626000e-02 1.147283416307708359e-01 1.500806341707523472e-01 7.009600290308816428e-02 1.927879976491513603e-01 2.931743338781473418e-01 6.890774523894763193e-02
9.218305576466317985e-02 6.879549266987045053e-02 9.733104689170961332e-02 2.143055739303251495e-01 1.232676790811175205e-01 8.734845841967159297e-02 1.272452406884758136e-01 6.094000651296727772e-02 5.957775609724516586e-02 6.900568994395442357e-02
3.718251581168667552e-02 7.461860972245408508e-02 1.822354849620047568e-01 1.942605002486772758e-01 9.172142462293683685e-02 1.053548182200461231e-01 1.043918131711976671e-01 1.027005981150856395e-01 5.628742685752646802e-02 5.124680826838468733e-02
1.546174344704294712e-01 8.910537171453986049e-02 4.963801132222099566e-02 3.195139663323447177e-02 1.234247026153265092e-01 8.975446447699578223e-02 1.548343969784773122e-01 1.185625493415430054e-01 8.103721496933766200e-02 1.070744574778951935e-01
2.441848067608466503e-03 1.184402412672547374e-02 5.054700962601629821e-02 1.527428724301890528e-01 5.102222021818164643e-01 2.114391847352000420e-01 4.691275588024244186e-02 9.522391226306298195e-03 2.778604556086853271e-03 1.549107169808609536e-03
7.741600135604648214e-02 4.402042650552349945e-02 2.079050349729443803e-01 9.617267944897939236e-02 9.603085101267136436e-02 3.847286070437816452e-02 3.138242814944407211e-02 8.692264289165564650e-02 1.666217871788258365e-01 1.550552877795312035e-01
2.218964029289652584e-01 2.912448251155160817e-01 6.557524004642839577e-02 4.192730001787697836e-02 1.828980452204289828e-02 2.970925603299468323e-02 2.684606198054360210e-02 4.798750631509249298e-02 8.775552026667532424e-02 1.687680827738644029e-01
1.360692572092911043e-02 1.285971883103289790e-02 1.369551132787918783e-02 2.632724698053556106e-02 7.691317276683463933e-02 1.842664691213296291e-01 3.101461093965887650e-01 1.608301760900162913e-01 1.437124327740034735e-01 5.764223699085042896e-02
8.330529701072900139e-02 6.180384064809513883e-02 8.840436321748641746e-02 9.758848161553365652e-02 6.657683140788903109e-02 6.189043668190490066e-02 7.057433245736827176e-02 1.833017899489134961e-01 1.290600751941952118e-01 1.574945518178851589e-01
7.628391794483491140e-02 2.306139598542829572e-01 2.952632107038186127e-01 1.103692067464510651e-01 5.201486940317956442e-02 4.844638422393766908e-02 7.782976743355134175e-02 4.213221846713835483e-02 2.515365731947394323e-02 4.189280790333135829e-02
4.522940267155174665e-02 1.723702953038979899e-02 8.273457436153090760e-03 8.696846185093799059e-03 2.898467349345721852e-02 1.344510128862945741e-01 2.905408898849887733e-01 1.359980578442934740e-01 2.149269063923069378e-01 1.156617236754708955e-01
7.882205678517817393e-02 4.886629847137631544e-02 1.103827059699054036e-01 9.115033757227654354e-02 4.972073802422823097e-02 7.334226720988233639e-02 2.263729980644791639e-01 2.251030374263516265e-01 6.269869932166963200e-02 3.354086115465293449e-02
6.191852012847021136e-02 5.223041110152758931e-02 7.748146496898367097e-02 4.058980731448901674e-02 1.039871941185188942e-01 6.825400802482881057e-02 1.396833392962605336e-01 1.782175130043825995e-01 1.441137497760977548e-01 1.335239922664409884e-01
8.407737796492031901e-02 3.874778652691483055e-02 3.494993881372111116e-02 4.849673004618539063e-02 7.019513291908978381e-02 6.723383555894721364e-02 7.821148797260529806e-02 3.029110217461216115e-01 1.496350394064029921e-01 1.255416490450915190e-01
8.017488235729879065e-02 3.187096796190669878e-01 1.311234894452693867e-01 1.028899156285753014e-01 1.480163298343513401e-01 6.393621001400300041e-02 3.906634302444166040e-02 2.449858569783329443e-02 2.705727144194331260e-02 6.452729293721728987e-02
1.340039968283001925e-01 6.175768608929897707e-02 1.841786033840771622e-02 3.255319669155365414e-02 8.684847726964364800e-02 5.860161318720397139e-02 1.244284905024016924e-01 1.806937857299506789e-01 1.674885007133744552e-01 1.352063926498652258e-01
1.322552306571098679e-01 2.808579341947718966e-01 1.115950894568828594e-01 4.476690371153427966e-02 4.569894357636793136e-02 3.317575294436760081e-02 6.211636597364293688e-02 1.067513975866131171e-01 6.168591852782803753e-02 1.210964633708814797e-01
1.044996646766460646e-01 4.040082337262222018e-02 2.106444073026204206e-02 1.589445984418163746e-02 1.993273255487566786e-02 7.605967768393957773e-02 1.951242381429838524e-01 1.724937694279979616e-01 1.743700043213629591e-01 1.801601892451280829e-01
7.819223748363168802e-02 1.014428423085888958e-01 1.038752697637160272e-01 3.476579117251203943e-01 2.664991786821864217e-01 6.221700589702786749e-02 1.107655860451026153e-02 4.542050708595467626e-03 5.955020683046551716e-03 1.854192414357638818e-02
1.996636941396622705e-02 3.996482133761204703e-02 7.701204795452676333e-02 1.644738066092278628e-01 1.594825720941599467e-01 1.129384735478584229e-01 1.174746633169559545e-01 1.312158678805470657e-01 1.427207253757780681e-01 3.475065246936771823e-02
1.124977471923142500e-02 5.011161454445355566e-03 1.175627713953723320e-02 1.826665571836422891e-02 9.213077432507670028e-02 4.406107284732732055e-01 2.383030067745277314e-01 1.373577018000393668e-01 3.050211089039065251e-02 1.481180870511410869e-02
4.877618983046850404e-02 4.748584383528763747e-02 7.361984698297051322e-02 8.077411121374503122e-02 1.538085119601347861e-01 1.176714710750861592e-01 5.808147210614559436e-02 1.267633430124833760e-01 2.199306892362137278e-01 7.308852074746503835e-02
3.230280265105289067e-02 9.798953109175576048e-02 8.578908556885819769e-02 1.078779934965263115e-01 2.391086270002229230e-01 1.318419929738389729e-01 2.028744436389989803e-01 6.407558599423096579e-02 2.385813397074845049e-02 1.428180361376699646e-02
1.102127797045576452e-01 6.805883144719300504e-02 8.538696657667227408e-02 9.071436598256593653e-02 8.941236495777880877e-02 7.794140449877352828e-02 6.368046594203895239e-02 9.909054760733967959e-02 1.529037025636305891e-01 1.625985707194498586e-01
1.589443059346976328e-01 1.068901917815980041e-01 9.944316244024518914e-02 3.067293733285656465e-01 1.079960658720260092e-01 9.180328973006801618e-02 6.715112994257073364e-02 2.375246550473391477e-02 7.356660627531550270e-03 2.993335483796365562e-02
9.950837842005047507e-02 1.418786456761566839e-01 3.918697372868998330e-01 1.051712521737081518e-01 2.873255236520701542e-02 4.150460047206064318e-02 1.305482103628483222e-02 1.055386293249324300e-02 2.726334134274210202e-02 1.404628082943973622e-01
4.165743390001738072e-02 2.069409657672972858e-02 1.475545346895237690e-02 1.796236030546748824e-02 1.973373641075112928e-02 2.623240762896575720e-02 1.054549002592214124e-01 2.852584700758152292e-01 2.236689842879139301e-01 2.445821570861657634e-01
4.401651980048841561e-02 4.761322845084297456e-02 1.307782068822487542e-01 9.904421506265730091e-02 4.380108820200502573e-02 3.146654783802250305e-02 6.067758446452839460e-02 2.112575026874026207e-01 2.410588717342603826e-01 9.028623487754355859e-02
7.123930902319598746e-02 2.555290976390752755e-01 2.450671261163466230e-01 2.132415779111407894e-01 1.017857108369132346e-01 5.470201607145613876e-02 1.891171297719389938e-02 8.640174104257717508e-03 7.758768364788049682e-03 2.312450695563227077e-02
8.184722637619198937e-02 6.339253602925691566e-02 9.205710037730363560e-02 9.413859771045987590e-02 9.418674532483399531e-02 1.636258911234367286e-01 5.883848445516556142e-02 6.499473909354089307e-02 1.875433654994335397e-01 9.937531401037699719e-02
9.769095190724211286e-02 1.139510479336199589e-01 1.340175985432806027e-01 1.754597920317233495e-01 4.702890516397195686e-02 2.350207804212300217e-02 5.169873843146832737e-02 1.146815317903206732e-01 1.448796406235814960e-01 9.708971553266873555e-02
1.081872568484622613e-02 2.943718150582625911e-02 3.977513963744112868e-02 1.021532158481780472e-01 1.198329731105067519e-01 2.223735424237655023e-01 3.217497193248907150e-01 1.241961416192161466e-01 2.080792755774739378e-02 8.855433287582143223e-03
6.468946324442373386e-02 7.622484495414670602e-02 1.105184133577934158e-01 2.113674419989152731e-01 1.140894698747281361e-01 1.626225376782506338e-01 5.262865605359947491e-02 2.647713893909881683e-02 5.287580188831088324e-02 1.285062320107332179e-01
8.406771706620676243e-02 6.511883324920778038e-02 2.221621802629174941e-02 2.597159502002747283e-02 5.204751280560285243e-02 8.521030573759362514e-02 1.192992311242590808e-01 1.296758358827393154e-01 1.762345282116707379e-01 2.401582228764008453e-01
1.743223253571479781e-01 2.669031600389609737e-02 9.546695664261917180e-03 1.738434500595158194e-02 6.428837454014674213e-02 3.160095159705231804e-01 1.582765422506920983e-01 5.866717754718378530e-02 7.652986732563589467e-02 9.828484033456066915e-02
1.186848266465650309e-02 1.879199043623658999e-02 4.150750730085031592e-02 6.786344571529084879e-02 1.327797717591366888e-01 1.735325464823920805e-01 2.001147779324504716e-01 2.101791968016363255e-01 1.133666630703504541e-01 2.999561783699964540e-02
8.602812908965376537e-03 8.832980500358472362e-03 1.951318051770727091e-02 1.033067705832278194e-01 4.532984121034841496e-01 2.486990571531957350e-01 8.374227827419875037e-02 3.212744203768699153e-02 3.480634574295108502e-02 7.070720178224720529e-03
8.765156855388948898e-02 3.783123236836509473e-02 4.750331286848807899e-02 6.696215152153098260e-02 1.236786281726990067e-01 1.797392113621665288e-01 1.601987449561050048e-01 9.319212026390322201e-02 1.182493308392095210e-01 8.499369909364297426e-02
7.019024901470304056e-02 2.909449489911817080e-02 3.311340030471861262e-02 2.510709995134042735e-02 1.007850504540268033e-01 3.424228556706602755e-01 1.717884244317588460e-01 9.551956952587101202e-02 6.304296531295991435e-02 6.893589043484280032e-02
3.335186499533157600e-02 3.245469454633848755e-02 3.891006601825998390e-02 8.967064133978769336e-02 1.406976812901536977e-01 1.609087145738730129e-01 1.683332467295931278e-01 1.402212030429037526e-01 1.005748630344025368e-01 9.487702442935652680e-02
3.022027928924736484e-02 1.723404778612851879e-02 3.577876065773145237e-02 1.459001366208529660e-01 3.317097015076874156e-01 1.259420849779226415e-01 7.092626796179490878e-02 6.236782693418853329e-02 1.039300847935769323e-01 7.599080947086936377e-02
7.567581301069441213e-02 1.990841626520214180e-01 2.136836766459997983e-01 1.510016467136280627e-01 8.936890686602579070e-02 4.925522539112119069e-02 3.317655527702445539e-02 5.525239758788012823e-02 7.114571033111648235e-02 6.235590552448855295e-02
9.400974286686256121e-02 1.683932089837725521e-01 1.633014513138585644e-01 2.542955866707378165e-01 1.270995427110677700e-01 6.647745775257746237e-02 4.989793682604817815e-02 2.931865243609083418e-02 2.337801378893890336e-02 2.382840665004529873e-02
7.026569733070547885e-02 1.428824491223668613e-01 9.575937667083267435e-02 7.303516903515520908e-02 4.440449718804444917e-02 8.954274287753333228e-02 1.523688284479581545e-01 8.892183683209359257e-02 1.384740426421685600e-01 1.043453598531417781e-01
6.970840250485214884e-02 2.844101949837321563e-02 2.513019047130830852e-02 2.722842175033410306e-02 2.196204807921576380e-02 4.940012476704137151e-02 1.009520119650688941e-01 2.366487130710972497e-01 2.945619104540380673e-01 1.459671574386711967e-01
8.382995100248723241e-03 2.331400396032731054e-02 1.189034421285308923e-01 2.416776365770400836e-01 1.258206822768299094e-01 1.354387729542593510e-01 1.925978608518490731e-01 9.822285293741908618e-02 4.235911267783119133e-02 1.328264053566450761e-02
7.730713232630875842e-02 3.677860057750796663e-02 5.942418883152007780e-02 7.369925922826248144e-02 1.931329760843625287e-01 1.507095278201835420e-01 5.607041706172725959e-02 4.411418175003710418e-02 1.188947087767370236e-01 1.898690075433533686e-01
7.574835018100620210e-02 1.685861595393782775e-01 1.675580899418659675e-01 9.461348406440821257e-02 3.399432911096399168e-02 4.739065033387882681e-02 5.265919543727793500e-02 1.029445320610516967e-01 1.704960304470837240e-01 8.600917888308502735e-02
8.850368020287426030e-02 7.426058659919476668e-02 5.772422676012912285e-02 2.174912983471084804e-02 3.430618612721953592e-02 5.496817792245724948e-02 1.142904536636001889e-01 1.787583166274953617e-01 2.497267934386222521e-01 1.257124488236967264e-01
2.933280024179654721e-02 3.946668753224961274e-02 6.661615664175113416e-02 2.403016501628733592e-01 7.347455549328008040e-02 8.066339357551648159e-02 1.148130304161282811e-01 1.400314728084073312e-01 1.443824073158716526e-01 7.091784581212573491e-02
6.596949878051755478e-02 9.334239394465013162e-02 7.921525158540175526e-02 1.029347956882348120e-01 1.654815696660708602e-01 9.878616991534251712e-02 5.875179527327571705e-02 7.460606619389499594e-02 1.785718292599990653e-01 8.234062969261266018e-02
1.031409178906970980e-01 1.365039664487954219e-01 1.370303312050506206e-01 8.772082737767569749e-02 1.676810142339648646e-01 1.461901080621967608e-01 4.755212883913272071e-02 6.940055832320482510e-02 5.324899386213237384e-02 5.153115375714986679e-02
1.142712807204791792e-01 6.699553173052961996e-02 6.703203433158523572e-02 4.751693760995887028e-02 5.983348706782645743e-02 8.153496032635902668e-02 1.378725681572740280e-01 1.693638979682539625e-01 1.317535657508372426e-01 1.238257363368963082e-01
4.350386663998646875e-02 8.156027280759148290e-02 1.842062175192503704e-01 2.272666233527101676e-01 1.648750005232604010e-01 1.058400256670836703e-01 9.122512574396546281e-02 5.180340492464782787e-02 2.697843590946495673e-02 2.274102691203942414e-02
3.281483335682072733e-02 1.908145063347004705e-02 5.228583974168699022e-02 2.236318519986285058e-01 1.442226027490154383e-01 6.274543179500852164e-02 3.851978214762428326e-02 1.123656828335404811e-01 2.129695412206305261e-01 1.013629835235744792e-01
