1.688740868569531539e-01 2.229359875813167746e-01 1.208108570952694805e-01 6.330242618311444913e-02 4.228593937198100311e-02 4.259839047171980198e-02 8.206280768114496138e-02 1.157784278062165551e-01 1.298734764418550680e-01 1.590045147675849257e-01
2.229359875813167746e-01 3.034629099182409862e-01 1.630260185030605602e-01 8.442244690162084564e-02 5.551985290882792412e-02 5.501671779320643080e-02 1.051473133326160520e-01 1.479659082555492278e-01 1.662830627593134547e-01 2.052328058150444390e-01
1.208108570952694805e-01 1.630260185030605602e-01 8.830680607056480558e-02 4.592172099786741984e-02 3.034683837165143977e-02 3.022650625724217222e-02 5.790991261757028052e-02 8.151649520282761019e-02 9.140889472485562439e-02 1.122520005673272453e-01
6.330242618311444913e-02 8.442244690162084564e-02 4.592172099786741984e-02 2.406190895963888909e-02 1.604468401815898129e-02 1.613110578256038777e-02 3.104247008731725321e-02 4.373215722007952472e-02 4.889325408487334157e-02 5.960656448299456872e-02
4.228593937198100311e-02 5.551985290882792412e-02 3.034683837165143977e-02 1.604468401815898129e-02 1.084198216537762133e-02 1.105073135845238003e-02 2.140373727732729214e-02 3.018920979060389642e-02 3.360675531332749100e-02 4.054956715311916482e-02
4.259839047171980198e-02 5.501671779320643080e-02 3.022650625724217222e-02 1.613110578256038777e-02 1.105073135845238003e-02 1.143034008592933373e-02 2.229179909391565753e-02 3.148172615386023859e-02 3.488505226987458074e-02 4.163573235644130871e-02
8.206280768114496138e-02 1.051473133326160520e-01 5.790991261757028052e-02 3.104247008731725321e-02 2.140373727732729214e-02 2.229179909391565753e-02 4.362422500944086734e-02 6.164991984511987433e-02 6.816620478778351311e-02 8.093839904205096802e-02
1.157784278062165551e-01 1.479659082555492278e-01 8.151649520282761019e-02 4.373215722007952472e-02 3.018920979060389642e-02 3.148172615386023859e-02 6.164991984511987433e-02 8.725285366741021564e-02 9.650749019832753628e-02 1.144933526626077391e-01
1.298734764418550680e-01 1.662830627593134547e-01 9.140889472485562439e-02 4.889325408487334157e-02 3.360675531332749100e-02 3.488505226987458074e-02 6.816620478778351311e-02 9.650749019832753628e-02 1.073398203542087065e-01 1.279945238153434306e-01
1.590045147675849257e-01 2.052328058150444390e-01 1.122520005673272453e-01 5.960656448299456872e-02 4.054956715311916482e-02 4.163573235644130871e-02 8.093839904205096802e-02 1.144933526626077391e-01 1.279945238153434306e-01 1.548050669122353062e-01
1.903770630017234330e-02 2.829816800117593983e-02 5.770141804246530642e-02 4.693093931905506500e-02 4.222725192276106931e-02 5.702373350583171685e-02 3.538414794433608623e-02 4.261155381307478451e-02 4.669171596756109544e-02 3.273201013086816935e-02
2.829816800117593983e-02 4.358517671973426155e-02 9.008920290009643506e-02 7.247086062786961547e-02 6.372858646208054423e-02 8.438710865588384957e-02 5.160791519067353672e-02 6.114826059852172119e-02 6.671306843105104245e-02 4.723194118720037971e-02
5.770141804246530642e-02 9.008920290009643506e-02 1.874452537619702985e-01 1.500965439997390960e-01 1.307978588559940702e-01 1.718505953540444831e-01 1.044866726628981141e-01 1.229793770713602519e-01 1.339195631159733058e-01 9.518418270106721035e-02
4.693093931905506500e-02 7.247086062786961547e-02 1.500965439997390960e-01 1.217452620076531628e-01 1.076004035898763533e-01 1.427703521286851629e-01 8.663625602598039321e-02 1.016711791479283922e-01 1.103941323823222215e-01 7.813765686967508173e-02
4.222725192276106931e-02 6.372858646208054423e-02 1.307978588559940702e-01 1.076004035898763533e-01 9.810182424327099082e-02 1.330064940851406197e-01 8.061962427272648113e-02 9.439441947845578218e-02 1.020818008434393465e-01 7.167220051837464023e-02
5.702373350583171685e-02 8.438710865588384957e-02 1.718505953540444831e-01 1.427703521286851629e-01 1.330064940851406197e-01 1.842580582500757402e-01 1.116766613692581067e-01 1.306966358125977168e-01 1.409809324187271673e-01 9.834769734135898056e-02
3.538414794433608623e-02 5.160791519067353672e-02 1.044866726628981141e-01 8.663625602598039321e-02 8.061962427272648113e-02 1.116766613692581067e-01 6.883083275543840085e-02 8.191486733644540164e-02 8.886245938387234145e-02 6.177050205127976312e-02
4.261155381307478451e-02 6.114826059852172119e-02 1.229793770713602519e-01 1.016711791479283922e-01 9.439441947845578218e-02 1.306966358125977168e-01 8.191486733644540164e-02 9.959556609813871586e-02 1.088387329708139784e-01 7.537867554205741893e-02
4.669171596756109544e-02 6.671306843105104245e-02 1.339195631159733058e-01 1.103941323823222215e-01 1.020818008434393465e-01 1.409809324187271673e-01 8.886245938387234145e-02 1.088387329708139784e-01 1.197383972344882169e-01 8.289722047790779036e-02
3.273201013086816935e-02 4.723194118720037971e-02 9.518418270106721035e-02 7.813765686967508173e-02 7.167220051837464023e-02 9.834769734135898056e-02 6.177050205127976312e-02 7.537867554205741893e-02 8.289722047790779036e-02 5.766192262905792121e-02
7.879420447197760247e-02 5.182539550066569967e-02 5.673326762018437996e-02 8.151718401341687126e-02 9.930321470745040457e-02 9.520242334956688368e-02 1.155081079314785319e-01 9.354615412485411952e-02 9.535181978325098229e-02 7.590474435828908906e-02
5.182539550066569967e-02 3.432469813243183010e-02 3.788929988534869842e-02 5.471872844503273409e-02 6.671016866497334052e-02 6.366598587676973453e-02 7.677605734138923110e-02 6.178868550822626260e-02 6.266494461726081211e-02 4.985092755367116074e-02
5.673326762018437996e-02 3.788929988534869842e-02 4.236416901075323177e-02 6.167783815624754140e-02 7.533739498026206793e-02 7.150021386662382128e-02 8.553685534355899567e-02 6.821383497632971249e-02 6.864775782175736030e-02 5.450777365566217281e-02
8.151718401341687126e-02 5.471872844503273409e-02 6.167783815624754140e-02 9.048323629842132398e-02 1.108089914781330565e-01 1.048387970423228926e-01 1.247796576822862297e-01 9.883144316628485193e-02 9.884830326877076800e-02 7.831692973675338787e-02
9.930321470745040457e-02 6.671016866497334052e-02 7.533739498026206793e-02 1.108089914781330565e-01 1.367061374396847662e-01 1.296690736202405769e-01 1.543391442459774998e-01 1.216846623881848027e-01 1.210821592550047482e-01 9.560433563589909589e-02
9.520242334956688368e-02 6.366598587676973453e-02 7.150021386662382128e-02 1.048387970423228926e-01 1.296690736202405769e-01 1.249768865703738130e-01 1.503316304884696475e-01 1.183618463524141601e-01 1.173049750450350648e-01 9.212178274142873713e-02
1.155081079314785319e-01 7.677605734138923110e-02 8.553685534355899567e-02 1.247796576822862297e-01 1.543391442459774998e-01 1.503316304884696475e-01 1.840997341950685873e-01 1.452298528497496799e-01 1.437248395622907349e-01 1.123433851525461186e-01
9.354615412485411952e-02 6.178868550822626260e-02 6.821383497632971249e-02 9.883144316628485193e-02 1.216846623881848027e-01 1.183618463524141601e-01 1.452298528497496799e-01 1.165008742871116443e-01 1.164537132896286131e-01 9.113184590895742621e-02
9.535181978325098229e-02 6.266494461726081211e-02 6.864775782175736030e-02 9.884830326877076800e-02 1.210821592550047482e-01 1.173049750450350648e-01 1.437248395622907349e-01 1.164537132896286131e-01 1.181752566533361137e-01 9.284667256170481275e-02
7.590474435828908906e-02 4.985092755367116074e-02 5.450777365566217281e-02 7.831692973675338787e-02 9.560433563589909589e-02 9.212178274142873713e-02 1.123433851525461186e-01 9.113184590895742621e-02 9.284667256170481275e-02 7.357480294084096928e-02
1.058279081892783413e-01 7.984552327181645981e-02 5.557044177741896074e-02 3.785282354964186746e-02 2.796287060994210108e-02 3.311150579501384583e-02 5.450779471676199528e-02 9.512809998642419995e-02 1.693458236578791742e-01 1.981993747537900974e-01
7.984552327181645981e-02 6.079821607204723144e-02 4.241917084726380682e-02 2.890245926650363700e-02 2.133194600724358861e-02 2.521618979947658906e-02 4.142889356427807007e-02 7.210468275897240209e-02 1.277816079352049883e-01 1.484997260700638699e-01
5.557044177741896074e-02 4.241917084726380682e-02 2.966610721326048278e-02 2.022637447398237254e-02 1.492859672915465910e-02 1.764116494270743379e-02 2.896900756535951416e-02 5.037354282844778985e-02 8.910740649295634253e-02 1.031796344580143965e-01
3.785282354964186746e-02 2.890245926650363700e-02 2.022637447398237254e-02 1.380168989453284430e-02 1.019168285541145226e-02 1.204857697095251985e-02 1.979027200901507799e-02 3.441225136701430570e-02 6.083523197919327857e-02 7.028983330748082847e-02
2.796287060994210108e-02 2.133194600724358861e-02 1.492859672915465910e-02 1.019168285541145226e-02 7.533074476213832971e-03 8.915452204025521230e-03 1.465761015954247272e-02 2.550426952336248138e-02 4.508865666027567221e-02 5.198752665326468458e-02
3.311150579501384583e-02 2.521618979947658906e-02 1.764116494270743379e-02 1.204857697095251985e-02 8.915452204025521230e-03 1.057002457915067785e-02 1.740549610584626525e-02 3.032518653397434094e-02 5.363851472294188516e-02 6.168864379866848685e-02
5.450779471676199528e-02 4.142889356427807007e-02 2.896900756535951416e-02 1.979027200901507799e-02 1.465761015954247272e-02 1.740549610584626525e-02 2.871886141027320954e-02 5.012504522630767401e-02 8.874057916736230456e-02 1.017905611925224857e-01
9.512809998642419995e-02 7.210468275897240209e-02 5.037354282844778985e-02 3.441225136701430570e-02 2.550426952336248138e-02 3.032518653397434094e-02 5.012504522630767401e-02 8.779778678030085437e-02 1.558104925492521109e-01 1.782250230320204243e-01
1.693458236578791742e-01 1.277816079352049883e-01 8.910740649295634253e-02 6.083523197919327857e-02 4.508865666027567221e-02 5.363851472294188516e-02 8.874057916736230456e-02 1.558104925492521109e-01 2.789479691961666563e-01 3.189708120276877890e-01
1.981993747537900974e-01 1.484997260700638699e-01 1.031796344580143965e-01 7.028983330748082847e-02 5.198752665326468458e-02 6.168864379866848685e-02 1.017905611925224857e-01 1.782250230320204243e-01 3.189708120276877890e-01 3.763383621887760322e-01
1.917370604416379076e-01 7.632511278224776707e-02 8.883230206446060540e-02 1.060235582586712827e-01 8.498083194345174007e-02 8.563153851771139469e-02 8.895699617822239169e-02 1.201218052175719586e-01 1.976141649840809644e-01 2.166368447165428479e-01
7.632511278224776707e-02 3.072068748895331880e-02 3.629416126806265380e-02 4.356422477068248866e-02 3.491292960109465549e-02 3.507810662624100823e-02 3.622012394445996153e-02 4.853387766569344092e-02 7.928373421540954591e-02 8.631697463750306887e-02
8.883230206446060540e-02 3.629416126806265380e-02 4.384894333749596307e-02 5.307310921890560917e-02 4.251895783887107982e-02 4.252972331086740665e-02 4.350991097515384542e-02 5.761471312844310133e-02 9.311304066729059192e-02 1.004455529418974008e-01
1.060235582586712827e-01 4.356422477068248866e-02 5.307310921890560917e-02 6.452190860948472939e-02 5.170128354841302398e-02 5.163516892938731229e-02 5.263535298392033046e-02 6.936412818273568481e-02 1.115995839522686689e-01 1.199055488104574241e-01
8.498083194345174007e-02 3.491292960109465549e-02 4.251895783887107982e-02 5.170128354841302398e-02 4.149549782346643317e-02 4.149676361918167022e-02 4.233661140177408244e-02 5.581464484825869599e-02 8.977551571225952931e-02 9.627000737513263795e-02
8.563153851771139469e-02 3.507810662624100823e-02 4.252972331086740665e-02 5.163516892938731229e-02 4.149676361918167022e-02 4.163464873649419529e-02 4.263202294665122821e-02 5.640010301365230849e-02 9.089705559334529394e-02 9.731203718691316951e-02
8.895699617822239169e-02 3.622012394445996153e-02 4.350991097515384542e-02 5.263535298392033046e-02 4.233661140177408244e-02 4.263202294665122821e-02 4.399051276177975284e-02 5.866050773906814758e-02 9.502966334055767961e-02 1.015960189763872590e-01
1.201218052175719586e-01 4.853387766569344092e-02 5.761471312844310133e-02 6.936412818273568481e-02 5.581464484825869599e-02 5.640010301365230849e-02 5.866050773906814758e-02 7.915805427695773999e-02 1.292661528095575552e-01 1.380315278094007558e-01
1.976141649840809644e-01 7.928373421540954591e-02 9.311304066729059192e-02 1.115995839522686689e-01 8.977551571225952931e-02 9.089705559334529394e-02 9.502966334055767961e-02 1.292661528095575552e-01 2.135477593808287056e-01 2.282102452361720046e-01
2.166368447165428479e-01 8.631697463750306887e-02 1.004455529418974008e-01 1.199055488104574241e-01 9.627000737513263795e-02 9.731203718691316951e-02 1.015960189763872590e-01 1.380315278094007558e-01 2.282102452361720046e-01 2.493449271429011849e-01
9.076327244718135345e-02 1.181732045446655804e-01 9.821692769468765016e-02 9.608300927051816043e-02 7.077901515356066486e-02 6.183582793498088037e-02 7.802887899466891264e-02 7.228277508327299317e-02 1.109785768005905754e-01 1.186370714599161158e-01
1.181732045446655804e-01 1.576029066430464365e-01 1.315110548188286876e-01 1.284433141019883651e-01 9.387731561999110297e-02 8.100854940835433560e-02 1.010500939112488061e-01 9.264706875740583158e-02 1.411372639169117260e-01 1.513440559059530677e-01
9.821692769468765016e-02 1.315110548188286876e-01 1.110523690429605498e-01 1.090551218434041014e-01 7.958895675500878009e-02 6.837560160260569564e-02 8.487263528394822787e-02 7.733088168981845645e-02 1.171730405673341441e-01 1.254047233175304144e-01
9.608300927051816043e-02 1.284433141019883651e-01 1.090551218434041014e-01 1.080739089964579680e-01 7.900295816081824574e-02 6.784717390091468681e-02 8.409897398351925957e-02 7.634811439336754157e-02 1.152692334126166201e-01 1.229761415861609364e-01
7.077901515356066486e-02 9.387731561999110297e-02 7.958895675500878009e-02 7.900295816081824574e-02 5.816099866922508355e-02 5.027580109602852731e-02 6.260865199546532256e-02 5.691495601179564351e-02 8.594127837772147505e-02 9.134508711434120853e-02
6.183582793498088037e-02 8.100854940835433560e-02 6.837560160260569564e-02 6.784717390091468681e-02 5.027580109602852731e-02 4.397587830839067707e-02 5.526145342395796800e-02 5.046304525546078251e-02 7.638019336276660742e-02 8.081544370565824087e-02
7.802887899466891264e-02 1.010500939112488061e-01 8.487263528394822787e-02 8.409897398351925957e-02 6.260865199546532256e-02 5.526145342395796800e-02 7.012666539508710661e-02 6.440252977177088334e-02 9.782441318170399802e-02 1.031504919272537291e-01
7.228277508327299317e-02 9.264706875740583158e-02 7.733088168981845645e-02 7.634811439336754157e-02 5.691495601179564351e-02 5.046304525546078251e-02 6.440252977177088334e-02 5.980604228821125717e-02 9.158284607506826658e-02 9.649539714556475134e-02
1.109785768005905754e-01 1.411372639169117260e-01 1.171730405673341441e-01 1.152692334126166201e-01 8.594127837772147505e-02 7.638019336276660742e-02 9.782441318170399802e-02 9.158284607506826658e-02 1.415595495296503858e-01 1.492339724217233154e-01
1.186370714599161158e-01 1.513440559059530677e-01 1.254047233175304144e-01 1.229761415861609364e-01 9.134508711434120853e-02 8.081544370565824087e-02 1.031504919272537291e-01 9.649539714556475134e-02 1.492339724217233154e-01 1.588784086797893069e-01
2.000012347477829466e-02 3.442053491327209946e-02 6.252565428824587157e-02 9.466857867162464801e-02 6.083171909316487103e-02 3.076566280172825241e-02 1.532705253577893931e-02 8.640133707838545951e-03 4.960700550922667908e-03 9.549789926760582706e-03
3.442053491327209946e-02 5.932940274053365159e-02 1.079111850120811761e-01 1.633159742624789301e-01 1.046791470099436711e-01 5.290937389421538489e-02 2.635742128201184337e-02 1.485914960674519780e-02 8.532798467406968457e-03 1.642979570963477159e-02
6.252565428824587157e-02 1.079111850120811761e-01 1.973554282483253042e-01 2.994322715871003959e-01 1.908966140069274231e-01 9.629539543398324408e-02 4.793128802426081109e-02 2.700853275213400961e-02 1.550309355264345261e-02 2.984267860046309340e-02
9.466857867162464801e-02 1.633159742624789301e-01 2.994322715871003959e-01 4.649345940007345579e-01 2.933347148165479368e-01 1.471663679844312789e-01 7.303846018745432933e-02 4.107621282909884597e-02 2.353210899355596963e-02 4.522442398312067485e-02
6.083171909316487103e-02 1.046791470099436711e-01 1.908966140069274231e-01 2.933347148165479368e-01 1.890447721363769651e-01 9.500299961300456841e-02 4.712328904254296097e-02 2.648196422963182417e-02 1.515476796596762141e-02 2.909187635330061361e-02
3.076566280172825241e-02 5.290937389421538489e-02 9.629539543398324408e-02 1.471663679844312789e-01 9.500299961300456841e-02 4.795138723112594981e-02 2.381171565867276629e-02 1.338780661922111398e-02 7.663585273727870767e-03 1.471387015253095704e-02
1.532705253577893931e-02 2.635742128201184337e-02 4.793128802426081109e-02 7.303846018745432933e-02 4.712328904254296097e-02 2.381171565867276629e-02 1.184004431254500472e-02 6.661299923628562387e-03 3.815289873884428716e-03 7.328644808737364881e-03
8.640133707838545951e-03 1.485914960674519780e-02 2.700853275213400961e-02 4.107621282909884597e-02 2.648196422963182417e-02 1.338780661922111398e-02 6.661299923628562387e-03 3.750055633070144452e-03 2.149114462430671158e-03 4.130210123247430101e-03
4.960700550922667908e-03 8.532798467406968457e-03 1.550309355264345261e-02 2.353210899355596963e-02 1.515476796596762141e-02 7.663585273727870767e-03 3.815289873884428716e-03 2.149114462430671158e-03 1.232587999223044200e-03 2.370437768034103741e-03
9.549789926760582706e-03 1.642979570963477159e-02 2.984267860046309340e-02 4.522442398312067485e-02 2.909187635330061361e-02 1.471387015253095704e-02 7.328644808737364881e-03 4.130210123247430101e-03 2.370437768034103741e-03 4.561604223287432300e-03
2.460688884386271480e-01 2.042693729158090443e-01 1.537546136881097758e-01 1.171295456835315801e-01 1.029785113800021912e-01 1.111715839230175834e-01 1.310069732192739034e-01 9.416126712297476220e-02 1.130540324436220823e-01 1.839775472447211513e-01
2.042693729158090443e-01 1.727955459490518875e-01 1.308978965708887943e-01 9.989990511180078803e-02 8.783726704962177556e-02 9.473235820787839767e-02 1.114125944459309070e-01 7.963403426292914311e-02 9.476199764996012798e-02 1.530824980319774320e-01
1.537546136881097758e-01 1.308978965708887943e-01 1.007627782939531647e-01 7.755906890238076223e-02 6.853854560391424433e-02 7.406563464571890021e-02 8.700683319075827593e-02 6.171524591098837692e-02 7.252978492843134561e-02 1.159787780938805885e-01
1.171295456835315801e-01 9.989990511180078803e-02 7.755906890238076223e-02 6.044762620013616194e-02 5.385471064431254784e-02 5.843761884283223129e-02 6.864947016610495334e-02 4.835255387698081386e-02 5.616696350032289453e-02 8.895865477249026432e-02
1.029785113800021912e-01 8.783726704962177556e-02 6.853854560391424433e-02 5.385471064431254784e-02 4.843285666991425237e-02 5.282781243690569395e-02 6.211872495042916609e-02 4.351122806444437940e-02 5.007072832337720186e-02 7.868284246481865862e-02
1.111715839230175834e-01 9.473235820787839767e-02 7.406563464571890021e-02 5.843761884283223129e-02 5.282781243690569395e-02 5.790682822140970354e-02 6.819749192664076309e-02 4.762651181099522568e-02 5.451830340549426723e-02 8.528019018331997603e-02
1.310069732192739034e-01 1.114125944459309070e-01 8.700683319075827593e-02 6.864947016610495334e-02 6.211872495042916609e-02 6.819749192664076309e-02 8.049694264238191344e-02 5.622548921709857872e-02 6.435657450708073823e-02 1.006287964019316888e-01
9.416126712297476220e-02 7.963403426292914311e-02 6.171524591098837692e-02 4.835255387698081386e-02 4.351122806444437940e-02 4.762651181099522568e-02 5.622548921709857872e-02 3.956635216753899564e-02 4.577709181038751296e-02 7.213419632598358500e-02
1.130540324436220823e-01 9.476199764996012798e-02 7.252978492843134561e-02 5.616696350032289453e-02 5.007072832337720186e-02 5.451830340549426723e-02 6.435657450708073823e-02 4.577709181038751296e-02 5.396719112903115845e-02 8.619578440576416978e-02
1.839775472447211513e-01 1.530824980319774320e-01 1.159787780938805885e-01 8.895865477249026432e-02 7.868284246481865862e-02 8.528019018331997603e-02 1.006287964019316888e-01 7.213419632598358500e-02 8.619578440576416978e-02 1.395549902879557325e-01
6.657599524055914098e-02 4.539071737720138527e-02 4.748701997585316054e-02 5.600391229645237945e-02 4.148309986193622623e-02 5.095954632283200558e-02 6.402021460647237816e-02 1.591823527337348221e-01 8.493930722345358064e-02 8.156578594475585864e-02
4.539071737720138527e-02 3.102763241463871516e-02 3.250893742480326365e-02 3.834278713124188859e-02 2.833828106983655309e-02 3.466128906686557348e-02 4.326588138977130460e-02 1.071015683787742423e-01 5.741962687346437166e-02 5.542875385705352265e-02
4.748701997585316054e-02 3.250893742480326365e-02 3.410578959671804744e-02 4.024001539259677851e-02 2.971108680996655330e-02 3.626746131170582865e-02 4.513234190225065556e-02 1.114913784380902190e-01 5.986916524905943476e-02 5.790115318857859406e-02
5.600391229645237945e-02 3.834278713124188859e-02 4.024001539259677851e-02 4.750553405729933398e-02 3.509856921476423031e-02 4.289214432327283222e-02 5.345522298385646520e-02 1.321991954586932416e-01 7.082401197872992271e-02 6.833399201307585602e-02
4.148309986193622623e-02 2.833828106983655309e-02 2.971108680996655330e-02 3.509856921476423031e-02 2.605036825800986083e-02 3.209445555210326678e-02 4.044435586287978279e-02 1.008049533834270567e-01 5.338555102295999139e-02 5.088348431836772073e-02
5.095954632283200558e-02 3.466128906686557348e-02 3.626746131170582865e-02 4.289214432327283222e-02 3.209445555210326678e-02 4.017085429988127149e-02 5.170574528937582626e-02 1.307659687427264461e-01 6.778981469285104422e-02 6.314053493299250086e-02
6.402021460647237816e-02 4.326588138977130460e-02 4.513234190225065556e-02 5.345522298385646520e-02 4.044435586287978279e-02 5.170574528937582626e-02 6.876253235623612514e-02 1.777461667889987107e-01 8.936446762617637762e-02 8.049992381422615972e-02
1.591823527337348221e-01 1.071015683787742423e-01 1.114913784380902190e-01 1.321991954586932416e-01 1.008049533834270567e-01 1.307659687427264461e-01 1.777461667889987107e-01 4.678519073209013168e-01 2.299379152440870211e-01 2.022403755236973355e-01
8.493930722345358064e-02 5.741962687346437166e-02 5.986916524905943476e-02 7.082401197872992271e-02 5.338555102295999139e-02 6.778981469285104422e-02 8.936446762617637762e-02 2.299379152440870211e-01 1.171370635369366892e-01 1.065278237678159712e-01
8.156578594475585864e-02 5.542875385705352265e-02 5.790115318857859406e-02 6.833399201307585602e-02 5.088348431836772073e-02 6.314053493299250086e-02 8.049992381422615972e-02 2.022403755236973355e-01 1.065278237678159712e-01 1.008123229188194886e-01
1.484082941883407281e-01 1.071564226491690947e-01 7.396101052242985696e-02 1.336108104715552636e-01 9.371753868635282481e-02 8.526879371239159955e-02 1.110043436491039981e-01 1.534679308862167968e-01 1.394743984493088118e-01 9.739619685850552100e-02
1.071564226491690947e-01 7.798653598049454239e-02 5.427047745183709998e-02 9.861910226636108612e-02 6.895864357296957459e-02 6.230367717229778196e-02 8.053020043430383912e-02 1.107986033479684274e-01 1.005182210828468453e-01 7.026494683874248692e-02
7.396101052242985696e-02 5.427047745183709998e-02 3.847553474804042695e-02 7.085175925078678050e-02 4.939697434264447157e-02 4.427431214460913339e-02 5.673473151979659124e-02 7.753521659341722216e-02 6.996334122908601238e-02 4.868559391476592196e-02
1.336108104715552636e-01 9.861910226636108612e-02 7.085175925078678050e-02 1.318550658492338989e-01 9.172237564484136962e-02 8.174001608314136746e-02 1.040984101106178505e-01 1.415689848528050576e-01 1.272237227760962264e-01 8.821646637808004676e-02
9.371753868635282481e-02 6.895864357296957459e-02 4.939697434264447157e-02 9.172237564484136962e-02 6.427882664457268413e-02 5.787897247510981336e-02 7.437641231611868964e-02 1.015568330353684295e-01 9.092813532450141900e-02 6.242205283012218497e-02
8.526879371239159955e-02 6.230367717229778196e-02 4.427431214460913339e-02 8.174001608314136746e-02 5.787897247510981336e-02 5.326114726642373204e-02 6.975174288680500989e-02 9.610443996996761995e-02 8.555106127726860854e-02 5.770282508780937014e-02
1.110043436491039981e-01 8.053020043430383912e-02 5.673473151979659124e-02 1.040984101106178505e-01 7.437641231611868964e-02 6.975174288680500989e-02 9.323881230261865660e-02 1.297408534800811031e-01 1.149208082698818523e-01 7.625713524883817596e-02
1.534679308862167968e-01 1.107986033479684274e-01 7.753521659341722216e-02 1.415689848528050576e-01 1.015568330353684295e-01 9.610443996996761995e-02 1.297408534800811031e-01 1.825146681148733796e-01 1.614696192114212225e-01 1.062511884954349950e-01
1.394743984493088118e-01 1.005182210828468453e-01 6.996334122908601238e-02 1.272237227760962264e-01 9.092813532450141900e-02 8.555106127726860854e-02 1.149208082698818523e-01 1.614696192114212225e-01 1.445752105220504402e-01 9.589204863261566181e-02
9.739619685850552100e-02 7.026494683874248692e-02 4.868559391476592196e-02 8.821646637808004676e-02 6.242205283012218497e-02 5.770282508780937014e-02 7.625713524883817596e-02 1.062511884954349950e-01 9.589204863261566181e-02 6.540590438335186496e-02
1.416386750090073421e-01 8.992976375478414774e-02 5.390408107808904170e-02 3.386598118340746616e-02 2.949961945170133729e-02 4.943013781839372678e-02 1.114022748458873696e-01 1.646484381218593085e-01 1.488047728559144522e-01 1.941145090194917600e-01
8.992976375478414774e-02 5.740103215905612011e-02 3.447153433028536662e-02 2.168774952718239418e-02 1.892712443094702809e-02 3.176345222333920582e-02 7.163830878347175746e-02 1.057750175613745153e-01 9.497108891175613798e-02 1.230395679124527963e-01
5.390408107808904170e-02 3.447153433028536662e-02 2.076384661094889811e-02 1.309976740653957979e-02 1.147555962407623836e-02 1.931556670459881261e-02 4.362533037869108926e-02 6.437696996483817380e-02 5.739758159933393278e-02 7.381406182283446749e-02
3.386598118340746616e-02 2.168774952718239418e-02 1.309976740653957979e-02 8.299702843866597207e-03 7.313722660442287596e-03 1.236744839198313309e-02 2.799441665296029114e-02 4.128955032133562603e-02 3.647781307442551912e-02 4.645966357925264412e-02
2.949961945170133729e-02 1.892712443094702809e-02 1.147555962407623836e-02 7.313722660442287596e-03 6.503706772903385114e-03 1.107611988873759626e-02 2.515720476760751473e-02 3.707939521313258213e-02 3.232212142243144626e-02 4.058150608761831174e-02
4.943013781839372678e-02 3.176345222333920582e-02 1.931556670459881261e-02 1.236744839198313309e-02 1.107611988873759626e-02 1.897314462122363238e-02 4.321551931489465287e-02 6.365821009497883709e-02 5.490165523477961995e-02 6.814302654961532091e-02
1.114022748458873696e-01 7.163830878347175746e-02 4.362533037869108926e-02 2.799441665296029114e-02 2.515720476760751473e-02 4.321551931489465287e-02 9.863219352129551365e-02 1.452816133514503449e-01 1.246008724653071137e-01 1.537419701313244014e-01
1.646484381218593085e-01 1.057750175613745153e-01 6.437696996483817380e-02 4.128955032133562603e-02 3.707939521313258213e-02 6.365821009497883709e-02 1.452816133514503449e-01 2.152264237259350343e-01 1.845832327053642530e-01 2.275772109229935447e-01
1.488047728559144522e-01 9.497108891175613798e-02 5.739758159933393278e-02 3.647781307442551912e-02 3.232212142243144626e-02 5.490165523477961995e-02 1.246008724653071137e-01 1.845832327053642530e-01 1.632259249283234959e-01 2.061166863854742015e-01
1.941145090194917600e-01 1.230395679124527963e-01 7.381406182283446749e-02 4.645966357925264412e-02 4.058150608761831174e-02 6.814302654961532091e-02 1.537419701313244014e-01 2.275772109229935447e-01 2.061166863854742015e-01 2.693353498074400609e-01
1.741494948745477556e-01 1.899248294950736382e-01 2.055389413773743013e-01 1.608930973292772848e-01 9.455627895381876757e-02 6.436307197730198326e-02 5.740169022706693991e-02 6.776372644444841886e-02 5.890106208275901201e-02 9.209416453835131411e-02
1.899248294950736382e-01 2.108974035270431702e-01 2.303409608792912067e-01 1.798814772820131191e-01 1.052345273315849483e-01 7.127551112387352228e-02 6.327101275240283595e-02 7.444565732860998486e-02 6.451864705367341135e-02 1.005566409852355902e-01
2.055389413773743013e-01 2.303409608792912067e-01 2.586262104373820980e-01 2.022487737467387192e-01 1.176783655760228614e-01 7.918827980419124168e-02 6.985523749585122177e-02 8.179741676559937336e-02 7.050857432327196916e-02 1.092311517011596844e-01
1.608930973292772848e-01 1.798814772820131191e-01 2.022487737467387192e-01 1.606073530182864917e-01 9.351234587942658383e-02 6.284055700707466552e-02 5.533031729019861900e-02 6.466544796579803966e-02 5.556243752080362863e-02 8.575692742922773337e-02
9.455627895381876757e-02 1.052345273315849483e-01 1.176783655760228614e-01 9.351234587942658383e-02 5.475623712165715584e-02 3.690832815397870892e-02 3.256036861590499987e-02 3.808494998462315373e-02 3.270957087757984244e-02 5.044966134988761175e-02
6.436307197730198326e-02 7.127551112387352228e-02 7.918827980419124168e-02 6.284055700707466552e-02 3.690832815397870892e-02 2.499453558678441795e-02 2.212436063287990737e-02 2.592473591246375816e-02 2.227426840194395366e-02 3.435883783537888037e-02
5.740169022706693991e-02 6.327101275240283595e-02 6.985523749585122177e-02 5.533031729019861900e-02 3.256036861590499987e-02 2.212436063287990737e-02 1.965903404581640854e-02 2.308764638442605682e-02 1.985503099369090654e-02 3.064796934392418140e-02
6.776372644444841886e-02 7.444565732860998486e-02 8.179741676559937336e-02 6.466544796579803966e-02 3.808494998462315373e-02 2.592473591246375816e-02 2.308764638442605682e-02 2.717229523123424612e-02 2.340024898278398463e-02 3.616670052263271096e-02
5.890106208275901201e-02 6.451864705367341135e-02 7.050857432327196916e-02 5.556243752080362863e-02 3.270957087757984244e-02 2.227426840194395366e-02 1.985503099369090654e-02 2.340024898278398463e-02 2.022425481519973811e-02 3.137373023374051551e-02
9.209416453835131411e-02 1.005566409852355902e-01 1.092311517011596844e-01 8.575692742922773337e-02 5.044966134988761175e-02 3.435883783537888037e-02 3.064796934392418140e-02 3.616670052263271096e-02 3.137373023374051551e-02 4.891318134204859780e-02
3.617301452098986569e-01 2.320402307317075419e-01 1.233207238042731552e-01 9.259512466590001656e-02 5.619566380586465959e-02 5.454413920815177896e-02 5.801202657160113574e-02 1.391277052457793872e-01 2.228515449023177331e-01 2.545410812457851724e-01
2.320402307317075419e-01 1.512140677530782462e-01 8.058404754172404649e-02 6.057268989362143280e-02 3.675861785613585703e-02 3.566351956245027849e-02 3.790118165683434293e-02 9.083838909464156397e-02 1.452113071715822878e-01 1.647151755534969064e-01
1.233207238042731552e-01 8.058404754172404649e-02 4.322316571002218777e-02 3.261608036321060611e-02 1.982635864180854954e-02 1.926208435281347511e-02 2.048930899407601369e-02 4.912799053244887304e-02 7.843397294028124633e-02 8.833670069417345894e-02
9.259512466590001656e-02 6.057268989362143280e-02 3.261608036321060611e-02 2.471868553477753194e-02 1.505502646458788986e-02 1.465110770440193437e-02 1.560361888803437486e-02 3.743694573557842381e-02 5.971055448739748250e-02 6.683624075084672322e-02
5.619566380586465959e-02 3.675861785613585703e-02 1.982635864180854954e-02 1.505502646458788986e-02 9.187348523579802473e-03 8.957504366614080921e-03 9.554757527961955932e-03 2.294448660420914110e-02 3.658149541711785274e-02 4.077606480221630803e-02
5.454413920815177896e-02 3.566351956245027849e-02 1.926208435281347511e-02 1.465110770440193437e-02 8.957504366614080921e-03 8.753054242767613000e-03 9.355537461976915631e-03 2.249264196915624209e-02 3.585298390722946316e-02 3.979313352651216162e-02
5.801202657160113574e-02 3.790118165683434293e-02 2.048930899407601369e-02 1.560361888803437486e-02 9.554757527961955932e-03 9.355537461976915631e-03 1.002422143653831921e-02 2.413710718621329271e-02 3.847740880760813081e-02 4.253885064899805973e-02
1.391277052457793872e-01 9.083838909464156397e-02 4.912799053244887304e-02 3.743694573557842381e-02 2.294448660420914110e-02 2.249264196915624209e-02 2.413710718621329271e-02 5.818861155836183019e-02 9.277852777724415745e-02 1.023307850983300737e-01
2.228515449023177331e-01 1.452113071715822878e-01 7.843397294028124633e-02 5.971055448739748250e-02 3.658149541711785274e-02 3.585298390722946316e-02 3.847740880760813081e-02 9.277852777724415745e-02 1.484079264621498695e-01 1.638956484334981312e-01
2.545410812457851724e-01 1.647151755534969064e-01 8.833670069417345894e-02 6.683624075084672322e-02 4.077606480221630803e-02 3.979313352651216162e-02 4.253885064899805973e-02 1.023307850983300737e-01 1.638956484334981312e-01 1.845527735688257120e-01
1.639841144856897526e-01 1.341184409894188023e-01 1.235928246750337967e-01 1.088558241406711591e-01 6.430419277955931601e-02 6.820551698868856927e-02 8.781116821258103111e-02 1.381226353327592027e-01 1.124281200241602913e-01 1.947898178859130691e-01
1.341184409894188023e-01 1.119088872619845021e-01 1.042009078530858890e-01 9.196592363215472243e-02 5.410583782810111930e-02 5.699339987977974226e-02 7.289558869602932867e-02 1.140332464149993730e-01 9.196389048530967392e-02 1.579033490834345910e-01
1.235928246750337967e-01 1.042009078530858890e-01 9.830994634503474605e-02 8.710247543585700192e-02 5.113979451524158781e-02 5.365864698091102336e-02 6.834577478323800026e-02 1.064943349747872470e-01 8.514907194991630512e-02 1.450036240757498762e-01
1.088558241406711591e-01 9.196592363215472243e-02 8.710247543585700192e-02 7.757486609332654715e-02 4.558415864511629334e-02 4.785472728568732764e-02 6.093559716748005173e-02 9.484289027058329102e-02 7.543290305930420991e-02 1.278085133526976891e-01
6.430419277955931601e-02 5.410583782810111930e-02 5.113979451524158781e-02 4.558415864511629334e-02 2.691334960097688245e-02 2.842289578108046430e-02 3.634306502484051238e-02 5.666984473068428091e-02 4.491544553380073801e-02 7.584390014049396944e-02
6.820551698868856927e-02 5.699339987977974226e-02 5.365864698091102336e-02 4.785472728568732764e-02 2.842289578108046430e-02 3.030385268948759467e-02 3.901682985700279105e-02 6.104426152035306863e-02 4.817930536594014490e-02 8.101690990503794543e-02
8.781116821258103111e-02 7.289558869602932867e-02 6.834577478323800026e-02 6.093559716748005173e-02 3.634306502484051238e-02 3.901682985700279105e-02 5.058654211767033004e-02 7.944909069160706327e-02 6.255868516450877048e-02 1.049486319100078058e-01
1.381226353327592027e-01 1.140332464149993730e-01 1.064943349747872470e-01 9.484289027058329102e-02 5.666984473068428091e-02 6.104426152035306863e-02 7.944909069160706327e-02 1.253612868527524959e-01 9.877643629523250035e-02 1.658063996101908910e-01
1.124281200241602913e-01 9.196389048530967392e-02 8.514907194991630512e-02 7.543290305930420991e-02 4.491544553380073801e-02 4.817930536594014490e-02 6.255868516450877048e-02 9.877643629523250035e-02 7.937238352681653952e-02 1.354738543373657234e-01
1.947898178859130691e-01 1.579033490834345910e-01 1.450036240757498762e-01 1.278085133526976891e-01 7.584390014049396944e-02 8.101690990503794543e-02 1.049486319100078058e-01 1.658063996101908910e-01 1.354738543373657234e-01 2.356847710262606754e-01
1.222453409266500562e-01 1.297182779432909938e-01 1.611758044887552366e-01 9.226695618980981783e-02 1.082395041613909703e-01 1.013971930944168598e-01 7.528787041390180845e-02 6.121893597590127856e-02 7.563807809904150858e-02 1.162857335431799199e-01
1.297182779432909938e-01 1.404923614349183336e-01 1.765642044046424886e-01 1.002232231168036503e-01 1.164086745476047569e-01 1.083904702303427336e-01 8.011923278370329526e-02 6.482207866729788881e-02 7.972709927739715652e-02 1.223906753465563713e-01
1.611758044887552366e-01 1.765642044046424886e-01 2.258967597270377381e-01 1.276065293353250973e-01 1.474424428280646238e-01 1.367224254576629994e-01 1.006308121140871981e-01 8.094991942722083722e-02 9.899142155481294170e-02 1.515239296555488946e-01
9.226695618980981783e-02 1.002232231168036503e-01 1.276065293353250973e-01 7.343758790699175809e-02 8.643241376481164417e-02 8.056658086702048194e-02 5.918447877490819881e-02 4.731848572086128080e-02 5.743049769551707151e-02 8.738362732825377677e-02
1.082395041613909703e-01 1.164086745476047569e-01 1.474424428280646238e-01 8.643241376481164417e-02 1.041657890270724640e-01 9.774252271913230761e-02 7.165535537505555996e-02 5.689147094501958296e-02 6.844928172138040057e-02 1.034154309084324985e-01
1.013971930944168598e-01 1.083904702303427336e-01 1.367224254576629994e-01 8.056658086702048194e-02 9.774252271913230761e-02 9.233523224841298782e-02 6.776131640063434713e-02 5.374716442310374653e-02 6.454575247499599877e-02 9.730833154029822074e-02
7.528787041390180845e-02 8.011923278370329526e-02 1.006308121140871981e-01 5.918447877490819881e-02 7.165535537505555996e-02 6.776131640063434713e-02 4.994432720734894721e-02 3.977752088323981139e-02 4.794425773480284758e-02 7.239415698585677239e-02
6.121893597590127856e-02 6.482207866729788881e-02 8.094991942722083722e-02 4.731848572086128080e-02 5.689147094501958296e-02 5.374716442310374653e-02 3.977752088323981139e-02 3.195693321236653395e-02 3.884587236065267096e-02 5.892592310029854535e-02
7.563807809904150858e-02 7.972709927739715652e-02 9.899142155481294170e-02 5.743049769551707151e-02 6.844928172138040057e-02 6.454575247499599877e-02 4.794425773480284758e-02 3.884587236065267096e-02 4.771965728487972958e-02 7.282305250388954043e-02
1.162857335431799199e-01 1.223906753465563713e-01 1.515239296555488946e-01 8.738362732825377677e-02 1.034154309084324985e-01 9.730833154029822074e-02 7.239415698585677239e-02 5.892592310029854535e-02 7.282305250388954043e-02 1.118060110243216110e-01
1.173031226928881454e-01 1.206302324289687949e-01 9.190366902130980842e-02 8.423449084850972990e-02 1.054762904342061158e-01 1.050438590421622631e-01 9.820653602936085802e-02 1.166291351111578695e-01 1.119391336288798194e-01 9.602495588824644379e-02
1.206302324289687949e-01 1.250808397084627877e-01 9.540768925686424207e-02 8.736729180382729609e-02 1.091917187952949897e-01 1.083550795390501170e-01 1.008050604421527607e-01 1.192116445843832973e-01 1.143064630921685754e-01 9.831985380749906633e-02
9.190366902130980842e-02 9.540768925686424207e-02 7.349035309044282815e-02 6.791894632859771241e-02 8.538253594507512478e-02 8.472989416296772269e-02 7.850073101289634092e-02 9.232905180766901032e-02 8.800881712912096699e-02 7.524404657001781960e-02
8.423449084850972990e-02 8.736729180382729609e-02 6.791894632859771241e-02 6.381213575646263458e-02 8.112080485141895392e-02 8.067877414808348469e-02 7.445711716969084792e-02 8.701223721594551763e-02 8.222200615257629908e-02 6.956385544283112676e-02
1.054762904342061158e-01 1.091917187952949897e-01 8.538253594507512478e-02 8.112080485141895392e-02 1.043572969616713420e-01 1.041501416021651388e-01 9.595320327783736503e-02 1.116652752135006699e-01 1.047780806506751206e-01 8.781989353131028353e-02
1.050438590421622631e-01 1.083550795390501170e-01 8.472989416296772269e-02 8.067877414808348469e-02 1.041501416021651388e-01 1.048475977600554221e-01 9.703288135181098450e-02 1.131015580839438428e-01 1.057839121338158689e-01 8.805642254036678829e-02
9.820653602936085802e-02 1.008050604421527607e-01 7.850073101289634092e-02 7.445711716969084792e-02 9.595320327783736503e-02 9.703288135181098450e-02 9.092259849602804533e-02 1.068402639440375335e-01 9.996199464330736417e-02 8.280439767612302049e-02
1.166291351111578695e-01 1.192116445843832973e-01 9.232905180766901032e-02 8.701223721594551763e-02 1.116652752135006699e-01 1.131015580839438428e-01 1.068402639440375335e-01 1.270823149857910339e-01 1.193012584457775194e-01 9.864887181795362059e-02
1.119391336288798194e-01 1.143064630921685754e-01 8.800881712912096699e-02 8.222200615257629908e-02 1.047780806506751206e-01 1.057839121338158689e-01 9.996199464330736417e-02 1.193012584457775194e-01 1.132592162271290337e-01 9.428038033779033433e-02
9.602495588824644379e-02 9.831985380749906633e-02 7.524404657001781960e-02 6.956385544283112676e-02 8.781989353131028353e-02 8.805642254036678829e-02 8.280439767612302049e-02 9.864887181795362059e-02 9.428038033779033433e-02 7.984452432106864395e-02
