1.569014657485340303e-01 3.254219519002835570e-01 1.355609025798678036e-01 4.767761845231861806e-02 1.654098133825363665e-02 3.364191269213924907e-03 -2.880261704685996467e-03 -7.811103815208039758e-03 -1.058893001074807071e-02 -1.627516206183715619e-02 -1.679501615375009194e-02 -5.428309398023783983e-02
3.254219519002835570e-01 6.875796358327986857e-01 2.843580912881505940e-01 1.007009329538172404e-01 3.722017497886570547e-02 1.324213405369691066e-02 1.352340260686699797e-02 1.059527504127617120e-02 1.949042559654130336e-03 -1.170513995549858632e-02 -2.853878358176160576e-02 -1.102918158216051325e-01
1.355609025798678036e-01 2.843580912881505940e-01 1.190421615904083963e-01 4.246841193937270220e-02 1.629559884183306648e-02 7.157115522682305775e-03 1.071949117176319508e-02 1.137084030639011131e-02 6.927350561233612189e-03 6.957421514972691101e-04 -1.032417430453718907e-02 -4.546639831546300803e-02
4.767761845231861806e-02 1.007009329538172404e-01 4.246841193937270220e-02 1.560323642773361538e-02 6.988674505031600148e-03 5.277061793591695388e-03 1.240070805536560607e-02 1.579955790269556640e-02 1.274728358642631537e-02 9.620960666998724931e-03 -9.536823191899580689e-04 -1.504617076432230097e-02
1.654098133825363665e-02 3.722017497886570547e-02 1.629559884183306648e-02 6.988674505031600148e-03 5.375829465280652052e-03 8.315467319147475805e-03 2.460058742697335613e-02 3.319200918944527345e-02 2.851719673970101385e-02 2.518376859761790876e-02 5.913937441308765759e-03 -3.005777771989887655e-03
3.364191269213924907e-03 1.324213405369691066e-02 7.157115522682305775e-03 5.277061793591695388e-03 8.315467319147475805e-03 1.758336133982543389e-02 5.480438255971249728e-02 7.460846276175238379e-02 6.448776755990864862e-02 5.816509296983542188e-02 1.637706359658707561e-02 4.774530293131181574e-03
-2.880261704685996467e-03 1.352340260686699797e-02 1.071949117176319508e-02 1.240070805536560607e-02 2.460058742697335613e-02 5.480438255971249728e-02 1.722265721145490591e-01 2.344049003031506706e-01 2.018950611470239354e-01 1.821340876823352439e-01 5.235851839802502239e-02 1.948544637517736489e-02
-7.811103815208039758e-03 1.059527504127617120e-02 1.137084030639011131e-02 1.579955790269556640e-02 3.319200918944527345e-02 7.460846276175238379e-02 2.344049003031506706e-01 3.238075717369739426e-01 2.789078685526030221e-01 2.513111320446084207e-01 7.249677989317318549e-02 2.814057297539243954e-02
-1.058893001074807071e-02 1.949042559654130336e-03 6.927350561233612189e-03 1.274728358642631537e-02 2.851719673970101385e-02 6.448776755990864862e-02 2.018950611470239354e-01 2.789078685526030221e-01 2.492393479583399629e-01 2.276960524211292802e-01 6.571074544601135381e-02 2.648634728346083156e-02
-1.627516206183715619e-02 -1.170513995549858632e-02 6.957421514972691101e-04 9.620960666998724931e-03 2.518376859761790876e-02 5.816509296983542188e-02 1.821340876823352439e-01 2.513111320446084207e-01 2.276960524211292802e-01 2.128597284753447338e-01 6.173053670254081970e-02 2.675946991456770035e-02
-1.679501615375009194e-02 -2.853878358176160576e-02 -1.032417430453718907e-02 -9.536823191899580689e-04 5.913937441308765759e-03 1.637706359658707561e-02 5.235851839802502239e-02 7.249677989317318549e-02 6.571074544601135381e-02 6.173053670254081970e-02 1.885891602657839561e-02 1.182909072128997437e-02
-5.428309398023783983e-02 -1.102918158216051325e-01 -4.546639831546300803e-02 -1.504617076432230097e-02 -3.005777771989887655e-03 4.774530293131181574e-03 1.948544637517736489e-02 2.814057297539243954e-02 2.648634728346083156e-02 2.675946991456770035e-02 1.182909072128997437e-02 2.092217328363154064e-02
4.976035029938673526e-01 2.570948503303526200e-01 1.318751542493713236e-01 1.509290412477595211e-01 3.016311886968382761e-02 -2.785576404488879221e-02 -7.631261409899425807e-02 -8.158267401554591958e-02 -1.022202124785498989e-01 -6.512524991812083941e-02 -1.200574741651761618e-01 -2.875023269470898257e-01
2.570948503303526200e-01 1.406027132268142799e-01 8.403546554006788294e-02 1.184034404886395442e-01 3.233714301290496057e-02 8.502347648754873116e-03 -9.975884717047439620e-03 -2.044965520431034703e-02 -3.361244644021502137e-02 -2.728422088371306592e-02 -5.968830528830329496e-02 -1.480772247529401064e-01
1.318751542493713236e-01 8.403546554006788294e-02 7.479717289101642241e-02 1.459569000580270282e-01 5.210845171381880969e-02 5.351065311921744672e-02 5.865003057497373412e-02 3.725973242014171682e-02 2.593670543275241464e-02 9.981679669373297922e-04 -2.339420172429287556e-02 -7.131247843217175530e-02
1.509290412477595211e-01 1.184034404886395442e-01 1.459569000580270282e-01 3.316876939235959276e-01 1.274350400310186315e-01 1.536536240552710542e-01 1.864264777762876801e-01 1.321320563048338226e-01 1.108913203202824688e-01 2.953975269757528471e-02 -1.266836209908162730e-02 -7.197511699769293392e-02
3.016311886968382761e-02 3.233714301290496057e-02 5.210845171381880969e-02 1.274350400310186315e-01 5.362231330112500471e-02 7.516284795907662852e-02 9.788797540943988684e-02 7.166104879235449254e-02 6.270630726275279454e-02 1.993647608523305831e-02 4.287526695243911758e-03 -9.835995632524309126e-03
-2.785576404488879221e-02 8.502347648754873116e-03 5.351065311921744672e-02 1.536536240552710542e-01 7.516284795907662852e-02 1.278755319390411094e-01 1.791117571950414100e-01 1.346353694121949496e-01 1.217027907916050089e-01 4.370897015211307884e-02 2.619353418734804775e-02 2.917466330619670686e-02
-7.631261409899425807e-02 -9.975884717047439620e-03 5.865003057497373412e-02 1.864264777762876801e-01 9.788797540943988684e-02 1.791117571950414100e-01 2.596500264778871525e-01 1.965278107847256428e-01 1.790239849298873864e-01 6.625596664646328515e-02 4.572106834248172713e-02 6.251665359890709595e-02
-8.158267401554591958e-02 -2.044965520431034703e-02 3.725973242014171682e-02 1.321320563048338226e-01 7.166104879235449254e-02 1.346353694121949496e-01 1.965278107847256428e-01 1.527155026878919131e-01 1.417479863591950828e-01 5.374511946806623947e-02 4.072232446680603551e-02 6.154691057082896377e-02
-1.022202124785498989e-01 -3.361244644021502137e-02 2.593670543275241464e-02 1.108913203202824688e-01 6.270630726275279454e-02 1.217027907916050089e-01 1.790239849298873864e-01 1.417479863591950828e-01 1.350235549796469092e-01 5.273448989752731186e-02 4.410529503468003931e-02 7.268171441785753473e-02
-6.512524991812083941e-02 -2.728422088371306592e-02 9.981679669373297922e-04 2.953975269757528471e-02 1.993647608523305831e-02 4.370897015211307884e-02 6.625596664646328515e-02 5.374511946806623947e-02 5.273448989752731186e-02 2.222345047320528968e-02 2.269806752699345120e-02 4.282319856029020988e-02
-1.200574741651761618e-01 -5.968830528830329496e-02 -2.339420172429287556e-02 -1.266836209908162730e-02 4.287526695243911758e-03 2.619353418734804775e-02 4.572106834248172713e-02 4.072232446680603551e-02 4.410529503468003931e-02 2.269806752699345120e-02 3.304454876382898615e-02 7.318571506368884427e-02
-2.875023269470898257e-01 -1.480772247529401064e-01 -7.131247843217175530e-02 -7.197511699769293392e-02 -9.835995632524309126e-03 2.917466330619670686e-02 6.251665359890709595e-02 6.154691057082896377e-02 7.268171441785753473e-02 4.282319856029020988e-02 7.318571506368884427e-02 1.711539883420804820e-01
2.876852378452220416e-01 2.265258445002504006e-01 2.265718115546792588e-01 5.875216469217403592e-02 -5.263590327816615455e-02 -6.974570502813585982e-02 -7.410779693421133685e-02 -1.226047081124175264e-01 -1.209219051219504737e-01 -1.004835811467918727e-01 -8.491625601162511305e-02 -1.346456024565963472e-01
2.265258445002504006e-01 2.083719589289241558e-01 2.573113053117291327e-01 1.145137757218716995e-01 4.020022447737918447e-02 -7.130747469502089764e-03 -2.926079747522085384e-02 -6.212292068874677997e-02 -6.625186273445342333e-02 -5.932393172197558684e-02 -5.646838066745694940e-02 -9.994065260521146910e-02
2.265718115546792588e-01 2.573113053117291327e-01 3.988261969091508874e-01 2.374459735841524810e-01 1.891223013572544964e-01 8.113715286252275172e-02 2.556688257982079812e-02 4.035593030599431488e-03 -1.014983936613900184e-02 -2.085588644079021392e-02 -3.621414465515301884e-02 -8.807594173834827622e-02
5.875216469217403592e-02 1.145137757218716995e-01 2.374459735841524810e-01 1.911847468607926204e-01 2.139350445976881121e-01 1.191735634295621182e-01 6.797870655174359511e-02 7.568933660636488481e-02 6.102652472467855888e-02 3.843952591594610585e-02 1.381212694735691263e-02 -9.191374263501273303e-03
-5.263590327816615455e-02 4.020022447737918447e-02 1.891223013572544964e-01 2.139350445976881121e-01 3.025521496021040257e-01 1.864694369212557823e-01 1.215407120022695409e-01 1.532571226653790253e-01 1.336184160762998729e-01 9.524707843595808798e-02 5.630116152330175844e-02 4.868987276992753355e-02
-6.974570502813585982e-02 -7.130747469502089764e-03 8.113715286252275172e-02 1.191735634295621182e-01 1.864694369212557823e-01 1.225998430622483870e-01 8.578672131482893704e-02 1.143566303106186288e-01 1.020015843929832633e-01 7.437025989910514556e-02 4.689246471827467067e-02 4.793154569429225464e-02
-7.410779693421133685e-02 -2.926079747522085384e-02 2.556688257982079812e-02 6.797870655174359511e-02 1.215407120022695409e-01 8.578672131482893704e-02 6.566796852911153948e-02 9.325668114697974187e-02 8.490594444145876940e-02 6.271906532464421868e-02 4.092811662931441358e-02 4.541676355655285130e-02
-1.226047081124175264e-01 -6.212292068874677997e-02 4.035593030599431488e-03 7.568933660636488481e-02 1.532571226653790253e-01 1.143566303106186288e-01 9.325668114697974187e-02 1.383582063611988044e-01 1.275021701351976566e-01 9.470114370503812662e-02 6.265576290023197603e-02 7.189520344119543216e-02
-1.209219051219504737e-01 -6.625186273445342333e-02 -1.014983936613900184e-02 6.102652472467855888e-02 1.336184160762998729e-01 1.020015843929832633e-01 8.490594444145876940e-02 1.275021701351976566e-01 1.185609913775526464e-01 8.854822056957435683e-02 5.924793144119527150e-02 6.942781177580797936e-02
-1.004835811467918727e-01 -5.932393172197558684e-02 -2.085588644079021392e-02 3.843952591594610585e-02 9.524707843595808798e-02 7.437025989910514556e-02 6.271906532464421868e-02 9.470114370503812662e-02 8.854822056957435683e-02 6.695493800235025050e-02 4.591372728641088946e-02 5.592530543247343361e-02
-8.491625601162511305e-02 -5.646838066745694940e-02 -3.621414465515301884e-02 1.381212694735691263e-02 5.630116152330175844e-02 4.689246471827467067e-02 4.092811662931441358e-02 6.265576290023197603e-02 5.924793144119527150e-02 4.591372728641088946e-02 3.345521187474809893e-02 4.442294074693564632e-02
-1.346456024565963472e-01 -9.994065260521146910e-02 -8.807594173834827622e-02 -9.191374263501273303e-03 4.868987276992753355e-02 4.793154569429225464e-02 4.541676355655285130e-02 7.189520344119543216e-02 6.942781177580797936e-02 5.592530543247343361e-02 4.442294074693564632e-02 6.578255064659392637e-02
2.377290175909403669e-02 3.271603136783204913e-02 5.576781905635592312e-02 3.526259691049404149e-02 -6.958175180802632018e-03 -1.243519892610823498e-02 -5.035838125079770966e-02 -8.058698427628216421e-02 -5.523559771371436278e-02 -4.796440228371706693e-02 -3.090415572197370217e-02 -2.294825533147046986e-02
3.271603136783204913e-02 5.430233242783950864e-02 1.135858967514407070e-01 1.139496738552304711e-01 3.675682229626547892e-02 -6.450083304916439872e-03 -5.458904210220520692e-02 -9.072138800549367499e-02 -6.268022146179394460e-02 -5.477576681507596162e-02 -3.580248520494952458e-02 -2.795640027909741115e-02
5.576781905635592312e-02 1.135858967514407070e-01 2.781088794675721787e-01 3.437411853855329991e-01 1.681782201561661527e-01 1.318295655157073268e-02 -6.017260715025549156e-02 -1.099785564062939203e-01 -7.732773868166292752e-02 -6.843203440984460539e-02 -4.600685939497094201e-02 -3.951062060266644083e-02
3.526259691049404149e-02 1.139496738552304711e-01 3.437411853855329991e-01 5.325820685400488586e-01 3.245727547519055012e-01 5.800699147823788066e-02 2.875872613478801243e-02 2.080133330386673557e-02 1.064682433013863262e-02 6.965812575505438489e-03 1.190534403271720741e-03 -8.560532184085572344e-03
-6.958175180802632018e-03 3.675682229626547892e-02 1.681782201561661527e-01 3.245727547519055012e-01 2.416333666768133992e-01 5.829978893419395652e-02 8.896078260560087714e-02 1.244542598370419473e-01 8.225297329200387253e-02 6.945376154647475708e-02 4.236278340584954949e-02 2.476480435785061857e-02
-1.243519892610823498e-02 -6.450083304916439872e-03 1.318295655157073268e-02 5.800699147823788066e-02 5.829978893419395652e-02 1.944597729590395729e-02 4.580458013509666748e-02 6.973731093349828936e-02 4.604017241456298537e-02 3.867957397589192464e-02 2.411712779640898252e-02 1.623344656578051826e-02
-5.035838125079770966e-02 -5.458904210220520692e-02 -6.017260715025549156e-02 2.875872613478801243e-02 8.896078260560087714e-02 4.580458013509666748e-02 1.435037905094549981e-01 2.269368264954877423e-01 1.486573725906700782e-01 1.237905583216971639e-01 7.760717023646587776e-02 5.476355126303615595e-02
-8.058698427628216421e-02 -9.072138800549367499e-02 -1.099785564062939203e-01 2.080133330386673557e-02 1.244542598370419473e-01 6.973731093349828936e-02 2.269368264954877423e-01 3.656351219289929455e-01 2.371820207641244516e-01 1.958167198394714925e-01 1.223711327573364094e-01 8.648945554527225077e-02
-5.523559771371436278e-02 -6.268022146179394460e-02 -7.732773868166292752e-02 1.064682433013863262e-02 8.225297329200387253e-02 4.604017241456298537e-02 1.486573725906700782e-01 2.371820207641244516e-01 1.581858557286238143e-01 1.326897722427679005e-01 8.327169890435472122e-02 5.902911664951055598e-02
-4.796440228371706693e-02 -5.477576681507596162e-02 -6.843203440984460539e-02 6.965812575505438489e-03 6.945376154647475708e-02 3.867957397589192464e-02 1.237905583216971639e-01 1.958167198394714925e-01 1.326897722427679005e-01 1.136385268737032106e-01 7.172496497863278808e-02 5.103953016388798614e-02
-3.090415572197370217e-02 -3.580248520494952458e-02 -4.600685939497094201e-02 1.190534403271720741e-03 4.236278340584954949e-02 2.411712779640898252e-02 7.760717023646587776e-02 1.223711327573364094e-01 8.327169890435472122e-02 7.172496497863278808e-02 4.557041526644017848e-02 3.261479340912318281e-02
-2.294825533147046986e-02 -2.795640027909741115e-02 -3.951062060266644083e-02 -8.560532184085572344e-03 2.476480435785061857e-02 1.623344656578051826e-02 5.476355126303615595e-02 8.648945554527225077e-02 5.902911664951055598e-02 5.103953016388798614e-02 3.261479340912318281e-02 2.362076352551397557e-02
3.200173370471064427e-01 2.404601946766255494e-01 8.962465413389103519e-02 7.409954009507851991e-02 3.271881101135683256e-02 1.678541572851657837e-02 -2.567714099548814959e-04 -1.705413295622728448e-02 -5.274993716025946217e-02 -7.447910252364949024e-02 -2.091794647174734512e-01 -2.925686541437432231e-01
2.404601946766255494e-01 2.104361228021639496e-01 1.039412963044626520e-01 1.410624757164309351e-01 9.140832550309824223e-02 8.432889595587528264e-02 4.186988270430121173e-02 1.685186659436778769e-02 -1.704613469318476773e-04 -3.228778274814440852e-02 -1.223092059020817607e-01 -1.950987274331980326e-01
8.962465413389103519e-02 1.039412963044626520e-01 7.422236693326519918e-02 1.382447860191859945e-01 1.000930914546883377e-01 1.011652894624866239e-01 5.631586002724260631e-02 3.493085808967129335e-02 3.806651072317573936e-02 1.100755776968674257e-02 -1.140947594364716960e-02 -4.884667595230409581e-02
7.409954009507851991e-02 1.410624757164309351e-01 1.382447860191859945e-01 3.020156194738528033e-01 2.259044639758013839e-01 2.334731095925331457e-01 1.338033525049747152e-01 9.016120077135197919e-02 1.129695850233754933e-01 5.851492800508663328e-02 6.423539888869964076e-02 1.134922582868502089e-02
3.271881101135683256e-02 9.140832550309824223e-02 1.000930914546883377e-01 2.259044639758013839e-01 1.762886074472030939e-01 1.874348440408856453e-01 1.080693529207050613e-01 7.387484313523932922e-02 9.480922838894625948e-02 5.279073623585087138e-02 6.813166839222259408e-02 3.285861953632969457e-02
1.678541572851657837e-02 8.432889595587528264e-02 1.011652894624866239e-01 2.334731095925331457e-01 1.874348440408856453e-01 2.061320723399418520e-01 1.193384847645673486e-01 8.226129069471874167e-02 1.070754151718596725e-01 6.202953524720544731e-02 8.634238825033363485e-02 5.278404524423668809e-02
-2.567714099548814959e-04 4.186988270430121173e-02 5.631586002724260631e-02 1.338033525049747152e-01 1.080693529207050613e-01 1.193384847645673486e-01 6.992480718048042776e-02 4.900182094622532181e-02 6.499207730318545817e-02 3.904178729178469504e-02 5.770287900633021966e-02 4.047389548127164338e-02
-1.705413295622728448e-02 1.685186659436778769e-02 3.493085808967129335e-02 9.016120077135197919e-02 7.387484313523932922e-02 8.226129069471874167e-02 4.900182094622532181e-02 3.558170298708214496e-02 4.913203301217258789e-02 3.182795731490585533e-02 5.239847963711626727e-02 4.441949249418523232e-02
-5.274993716025946217e-02 -1.704613469318476773e-04 3.806651072317573936e-02 1.129695850233754933e-01 9.480922838894625948e-02 1.070754151718596725e-01 6.499207730318545817e-02 4.913203301217258789e-02 7.106625876436470368e-02 4.993384320149196060e-02 9.058780924025194858e-02 8.744796075817599934e-02
-7.447910252364949024e-02 -3.228778274814440852e-02 1.100755776968674257e-02 5.851492800508663328e-02 5.279073623585087138e-02 6.202953524720544731e-02 3.904178729178469504e-02 3.182795731490585533e-02 4.993384320149196060e-02 4.049864549224847787e-02 8.417450409268932565e-02 9.311440881475674392e-02
-2.091794647174734512e-01 -1.223092059020817607e-01 -1.140947594364716960e-02 6.423539888869964076e-02 6.813166839222259408e-02 8.634238825033363485e-02 5.770287900633021966e-02 5.239847963711626727e-02 9.058780924025194858e-02 8.417450409268932565e-02 1.937669760054324120e-01 2.320228000547931435e-01
-2.925686541437432231e-01 -1.950987274331980326e-01 -4.884667595230409581e-02 1.134922582868502089e-02 3.285861953632969457e-02 5.278404524423668809e-02 4.047389548127164338e-02 4.441949249418523232e-02 8.744796075817599934e-02 9.311440881475674392e-02 2.320228000547931435e-01 3.000494835268595617e-01
1.980367784979027157e-01 1.413407723514671366e-01 9.945213121319669558e-02 1.887689773254304457e-03 -5.183788864845714772e-02 -4.199788623625226591e-02 -3.199592187866358295e-02 -3.233982708116375782e-02 -3.035726171591039690e-02 -1.067673447250437058e-01 -2.390931224791324194e-01 -2.104663458347729721e-01
1.413407723514671366e-01 1.104036980823583231e-01 1.047010582638160936e-01 7.771884367496668944e-02 -1.147710513500339174e-03 -1.825811366640519434e-02 -1.902533307899811552e-02 -2.142863704880920012e-02 -2.084353876510525172e-02 -7.380259490057347604e-02 -1.652929016730110834e-01 -1.465645211202288301e-01
9.945213121319669558e-02 1.047010582638160936e-01 1.771672148736285757e-01 2.937970309919955003e-01 1.122185907423945694e-01 2.451730879289514692e-02 -1.027063557711218721e-03 -9.674111950545018559e-03 -1.221953751887374685e-02 -4.547631164766791773e-02 -1.029288611986607788e-01 -9.387045713811702219e-02
1.887689773254304457e-03 7.771884367496668944e-02 2.937970309919955003e-01 6.881941032356699850e-01 3.222076610376581884e-01 1.062661485047543819e-01 3.507089292656602464e-02 1.525229450509771670e-02 6.821880658502909971e-03 1.785615078950704426e-02 3.689057012261957175e-02 2.470495562973382478e-02
-5.183788864845714772e-02 -1.147710513500339174e-03 1.122185907423945694e-01 3.222076610376581884e-01 1.676351147550138587e-01 6.206381869043901822e-02 2.537381505475929874e-02 1.598309726210350376e-02 1.138141314317718186e-02 3.703136696424133567e-02 8.132870243962236900e-02 6.772408442061107758e-02
-4.199788623625226591e-02 -1.825811366640519434e-02 2.451730879289514692e-02 1.062661485047543819e-01 6.206381869043901822e-02 2.591705077919507355e-02 1.248407229323030693e-02 9.408741305015152004e-03 7.621353846650301064e-03 2.580118740399436894e-02 5.722527469804522537e-02 4.890385916255295812e-02
-3.199592187866358295e-02 -1.902533307899811552e-02 -1.027063557711218721e-03 3.507089292656602464e-02 2.537381505475929874e-02 1.248407229323030693e-02 7.107263896148335175e-03 6.123613418289730083e-03 5.355265624255438686e-03 1.852538219451307575e-02 4.132943643388448107e-02 3.562226382868004249e-02
-3.233982708116375782e-02 -2.142863704880920012e-02 -9.674111950545018559e-03 1.525229450509771670e-02 1.598309726210350376e-02 9.408741305015152004e-03 6.123613418289730083e-03 5.744877555944728417e-03 5.256081105570443134e-03 1.842630584996595572e-02 4.129913970942547530e-02 3.551522619418345100e-02
-3.035726171591039690e-02 -2.084353876510525172e-02 -1.221953751887374685e-02 6.821880658502909971e-03 1.138141314317718186e-02 7.621353846650301064e-03 5.355265624255438686e-03 5.256081105570443134e-03 4.952917776669373169e-03 1.755577245547120316e-02 3.955990829862539998e-02 3.356899117307783620e-02
-1.067673447250437058e-01 -7.380259490057347604e-02 -4.547631164766791773e-02 1.785615078950704426e-02 3.703136696424133567e-02 2.580118740399436894e-02 1.852538219451307575e-02 1.842630584996595572e-02 1.755577245547120316e-02 6.252926888643040026e-02 1.412701815206239275e-01 1.188436113795485333e-01
-2.390931224791324194e-01 -1.652929016730110834e-01 -1.029288611986607788e-01 3.689057012261957175e-02 8.132870243962236900e-02 5.722527469804522537e-02 4.132943643388448107e-02 4.129913970942547530e-02 3.955990829862539998e-02 1.412701815206239275e-01 3.208652089640658955e-01 2.678340431123518717e-01
-2.104663458347729721e-01 -1.465645211202288301e-01 -9.387045713811702219e-02 2.470495562973382478e-02 6.772408442061107758e-02 4.890385916255295812e-02 3.562226382868004249e-02 3.551522619418345100e-02 3.356899117307783620e-02 1.188436113795485333e-01 2.678340431123518717e-01 2.314465026969727834e-01
1.614436349428058359e-01 9.110531504146049397e-02 6.068070476982288103e-02 5.887737100033924031e-02 7.135171885866931074e-02 2.832488745088129062e-02 1.557393864278163939e-02 9.545084964981730494e-03 -1.816779564970992869e-02 -6.628523251724760534e-02 -1.676464429240856480e-01 -2.734805242305817785e-01
9.110531504146049397e-02 5.786103874600737051e-02 4.727100522634436475e-02 5.678457328239876201e-02 7.755089121704293598e-02 3.305930109539848699e-02 2.458069484246028918e-02 3.273977505254632020e-02 2.246222632257436139e-02 -1.937019591948323238e-02 -8.157385253838661532e-02 -1.451869746251731597e-01
6.068070476982288103e-02 4.727100522634436475e-02 4.996346649741452428e-02 7.184881557706354616e-02 1.058219186873220197e-01 4.622122487945092006e-02 3.748074233980323855e-02 5.698714555280459670e-02 5.668647280747729500e-02 1.060082063398490142e-02 -3.683065293510167509e-02 -8.499921238494392850e-02
5.887737100033924031e-02 5.678457328239876201e-02 7.184881557706354616e-02 1.133675704303402088e-01 1.725234716476972963e-01 7.554796873432295667e-02 6.209096359159525097e-02 9.696861442608817327e-02 1.040749890658446836e-01 3.829081171409992601e-02 -1.444576980138002550e-02 -6.818109563118443517e-02
7.135171885866931074e-02 7.755089121704293598e-02 1.058219186873220197e-01 1.725234716476972963e-01 2.663508766722036958e-01 1.165224110859810341e-01 9.585787471893356115e-02 1.505720224618171399e-01 1.649267156542055246e-01 6.862456812260545047e-02 -5.161077407841091003e-04 -7.123248403529269801e-02
2.832488745088129062e-02 3.305930109539848699e-02 4.622122487945092006e-02 7.554796873432295667e-02 1.165224110859810341e-01 5.254308800327792822e-02 4.656820765601769885e-02 7.743875760252898199e-02 8.742365530000342777e-02 3.869306679471810895e-02 7.235501993612725169e-03 -2.418519734603757562e-02
1.557393864278163939e-02 2.458069484246028918e-02 3.748074233980323855e-02 6.209096359159525097e-02 9.585787471893356115e-02 4.656820765601769885e-02 4.868005302096099773e-02 8.995281847128186459e-02 1.068858685346472381e-01 5.198840076678016425e-02 2.402547061941281981e-02 -2.097888895129301854e-03
9.545084964981730494e-03 3.273977505254632020e-02 5.698714555280459670e-02 9.696861442608817327e-02 1.505720224618171399e-01 7.743875760252898199e-02 8.995281847128186459e-02 1.763508542907498144e-01 2.155710633875226601e-01 1.106278661434945687e-01 6.674886911393897171e-02 2.840921317449480316e-02
-1.816779564970992869e-02 2.246222632257436139e-02 5.668647280747729500e-02 1.040749890658446836e-01 1.649267156542055246e-01 8.742365530000342777e-02 1.068858685346472381e-01 2.155710633875226601e-01 2.725590787287884842e-01 1.497161995719137606e-01 1.133166973171747249e-01 8.495929305535379616e-02
-6.628523251724760534e-02 -1.937019591948323238e-02 1.060082063398490142e-02 3.829081171409992601e-02 6.862456812260545047e-02 3.869306679471810895e-02 5.198840076678016425e-02 1.106278661434945687e-01 1.497161995719137606e-01 1.032975760391476316e-01 1.206700124867445822e-01 1.420343242357343383e-01
-1.676464429240856480e-01 -8.157385253838661532e-02 -3.683065293510167509e-02 -1.444576980138002550e-02 -5.161077407841091003e-04 7.235501993612725169e-03 2.402547061941281981e-02 6.674886911393897171e-02 1.133166973171747249e-01 1.206700124867445822e-01 2.124231544693063745e-01 3.067838231391212811e-01
-2.734805242305817785e-01 -1.451869746251731597e-01 -8.499921238494392850e-02 -6.818109563118443517e-02 -7.123248403529269801e-02 -2.418519734603757562e-02 -2.097888895129301854e-03 2.840921317449480316e-02 8.495929305535379616e-02 1.420343242357343383e-01 3.067838231391212811e-01 4.851596081589970022e-01
2.418191250023722302e-03 3.488527876414452677e-03 5.475573319818506819e-03 2.345144121033620327e-02 1.284903822232699461e-03 -1.397953974948237636e-02 -2.010712744410388803e-02 -1.125443854539186390e-02 -7.217709101925461231e-03 -2.320920421194905617e-02 -9.294965384216143794e-03 -3.825591386647713126e-03
3.488527876414452677e-03 7.640463937563733363e-03 1.623071781553576953e-02 7.514770623648600600e-02 1.454849184745241227e-02 -9.065070138495740643e-03 -1.911038587685976245e-02 -1.103000004014022782e-02 -6.894162326823813358e-03 -2.176847101364335485e-02 -8.815303901524164376e-03 -3.920834220149794005e-03
5.475573319818506819e-03 1.623071781553576953e-02 3.914539173039187359e-02 1.860658550548849322e-01 4.439367088110596909e-02 6.601364463555350545e-03 -1.030659236858028939e-02 -7.436447125838435701e-03 -4.889985627578506862e-03 -1.543568570057495849e-02 -6.479040060998737457e-03 -3.586645898663525824e-03
2.345144121033620327e-02 7.514770623648600600e-02 1.860658550548849322e-01 8.904239286924874319e-01 2.201547710060028362e-01 5.976817630065684589e-02 -1.307481904868633069e-02 -1.680715157477670127e-02 -1.278052736835925095e-02 -4.166600362789885797e-02 -1.813312116495096465e-02 -1.199434803621405969e-02
1.284903822232699461e-03 1.454849184745241227e-02 4.439367088110596909e-02 2.201547710060028362e-01 7.097445568641810865e-02 7.264624598103547326e-02 7.098412928964444035e-02 3.251765047938515174e-02 1.529880118147389050e-02 4.197205856009363079e-02 1.645907031531023551e-02 5.484308459179594759e-03
-1.397953974948237636e-02 -9.065070138495740643e-03 6.601364463555350545e-03 5.976817630065684589e-02 7.264624598103547326e-02 2.086516107975996681e-01 2.616152144159464288e-01 1.277411417488730494e-01 6.288734813229601706e-02 1.756737677619426008e-01 7.032088601976238529e-02 2.811154912137851791e-02
-2.010712744410388803e-02 -1.911038587685976245e-02 -1.030659236858028939e-02 -1.307481904868633069e-02 7.098412928964444035e-02 2.616152144159464288e-01 3.425180406975257275e-01 1.671325274889143286e-01 8.159378148343862658e-02 2.265788751873677453e-01 9.086251632404190870e-02 3.682556749409503227e-02
-1.125443854539186390e-02 -1.103000004014022782e-02 -7.436447125838435701e-03 -1.680715157477670127e-02 3.251765047938515174e-02 1.277411417488730494e-01 1.671325274889143286e-01 8.409934459203596835e-02 4.388420278083018933e-02 1.271250827958214646e-01 5.091132785866881588e-02 2.058234907093425478e-02
-7.217709101925461231e-03 -6.894162326823813358e-03 -4.889985627578506862e-03 -1.278052736835925095e-02 1.529880118147389050e-02 6.288734813229601706e-02 8.159378148343862658e-02 4.388420278083018933e-02 2.679784446620506536e-02 8.444133894196854950e-02 3.371284543194690703e-02 1.351239288095552882e-02
-2.320920421194905617e-02 -2.176847101364335485e-02 -1.543568570057495849e-02 -4.166600362789885797e-02 4.197205856009363079e-02 1.756737677619426008e-01 2.265788751873677453e-01 1.271250827958214646e-01 8.444133894196854950e-02 2.763532096561923668e-01 1.101780922044595795e-01 4.398456158411270106e-02
-9.294965384216143794e-03 -8.815303901524164376e-03 -6.479040060998737457e-03 -1.813312116495096465e-02 1.645907031531023551e-02 7.032088601976238529e-02 9.086251632404190870e-02 5.091132785866881588e-02 3.371284543194690703e-02 1.101780922044595795e-01 4.393747363292373198e-02 1.755147974236671501e-02
-3.825591386647713126e-03 -3.920834220149794005e-03 -3.586645898663525824e-03 -1.199434803621405969e-02 5.484308459179594759e-03 2.811154912137851791e-02 3.682556749409503227e-02 2.058234907093425478e-02 1.351239288095552882e-02 4.398456158411270106e-02 1.755147974236671501e-02 7.040044860632952567e-03
1.619105114607025664e-01 1.782264009021615470e-01 1.165903632833479170e-01 3.776756044195522799e-02 3.741036094807762002e-02 2.454813297931673910e-02 1.169935250979887639e-02 7.090998101634872226e-04 -1.184621175199651946e-02 -4.426240185668968430e-02 -1.509280437060882551e-01 -2.432064571601689207e-01
1.782264009021615470e-01 3.383689807655563264e-01 2.783368096626314125e-01 1.163640392941030638e-01 1.711883787094474474e-01 1.389815965342729442e-01 8.758605618900304479e-02 4.359170431354681546e-02 1.555306148764815100e-02 -8.913353418392817515e-04 -3.879276698042206234e-02 -1.243059253972816358e-01
1.165903632833479170e-01 2.783368096626314125e-01 2.493276137063067666e-01 1.106038250574729181e-01 1.737942647698661469e-01 1.441673473520926063e-01 9.255131908519109718e-02 4.839567666403127993e-02 2.294526573345805065e-02 1.999072047513308220e-02 2.880135248428606839e-02 -2.132129375032520285e-02
3.776756044195522799e-02 1.163640392941030638e-01 1.106038250574729181e-01 5.380023854358131213e-02 9.291925487364974257e-02 7.869952876793964713e-02 5.088171337540427219e-02 2.707355543724060051e-02 1.415878319751602034e-02 1.637497916390213623e-02 3.472696194040987561e-02 2.103462437384832559e-02
3.741036094807762002e-02 1.711883787094474474e-01 1.737942647698661469e-01 9.291925487364974257e-02 1.748861927990132681e-01 1.504668796070772752e-01 9.762498825424877069e-02 5.239484455404293944e-02 2.884813819698897608e-02 3.756312215901651264e-02 8.875707652541540982e-02 8.054502629088257371e-02
2.454813297931673910e-02 1.389815965342729442e-01 1.441673473520926063e-01 7.869952876793964713e-02 1.504668796070772752e-01 1.305105990700149987e-01 8.489031364605129082e-02 4.575227036369090838e-02 2.566263763258904568e-02 3.459557664807239724e-02 8.377590577480521772e-02 8.093646941249295346e-02
1.169935250979887639e-02 8.758605618900304479e-02 9.255131908519109718e-02 5.088171337540427219e-02 9.762498825424877069e-02 8.489031364605129082e-02 5.546638682798878117e-02 3.010874147939178805e-02 1.731358733762130078e-02 2.428386081405849856e-02 6.017035698396549365e-02 6.087754556436123649e-02
7.090998101634872226e-04 4.359170431354681546e-02 4.839567666403127993e-02 2.707355543724060051e-02 5.239484455404293944e-02 4.575227036369090838e-02 3.010874147939178805e-02 1.663427054485261403e-02 1.013639016088855455e-02 1.544621729481137837e-02 3.997318922498317023e-02 4.371246230713360381e-02
-1.184621175199651946e-02 1.555306148764815100e-02 2.294526573345805065e-02 1.415878319751602034e-02 2.884813819698897608e-02 2.566263763258904568e-02 1.731358733762130078e-02 1.013639016088855455e-02 7.329883749977983073e-03 1.354139419716298733e-02 3.813598675874280836e-02 4.745911593409259110e-02
-4.426240185668968430e-02 -8.913353418392817515e-04 1.999072047513308220e-02 1.637497916390213623e-02 3.756312215901651264e-02 3.459557664807239724e-02 2.428386081405849856e-02 1.544621729481137837e-02 1.354139419716298733e-02 2.918866304257649452e-02 8.681607854689268877e-02 1.158570795679618043e-01
-1.509280437060882551e-01 -3.879276698042206234e-02 2.880135248428606839e-02 3.472696194040987561e-02 8.875707652541540982e-02 8.377590577480521772e-02 6.017035698396549365e-02 3.997318922498317023e-02 3.813598675874280836e-02 8.681607854689268877e-02 2.632169118262648322e-01 3.585979601642481640e-01
-2.432064571601689207e-01 -1.243059253972816358e-01 -2.132129375032520285e-02 2.103462437384832559e-02 8.054502629088257371e-02 8.093646941249295346e-02 6.087754556436123649e-02 4.371246230713360381e-02 4.745911593409259110e-02 1.158570795679618043e-01 3.585979601642481640e-01 5.193597476631623966e-01
8.298899256779787570e-02 1.950115899202669312e-01 1.547114712428734884e-01 4.293565690985419459e-02 -4.409193813046206195e-02 -6.260371670980335868e-02 -3.595455212814213652e-02 -2.411853391120428666e-02 -2.374642928860554170e-02 -3.373122618717218357e-02 -2.019867184301058285e-02 -3.399653084009029991e-02
1.950115899202669312e-01 4.692610110563373849e-01 3.847604359703938881e-01 1.377845136832935025e-01 -4.897222475762470079e-02 -1.050737731981596784e-01 -6.561477301340390422e-02 -4.692275919992552891e-02 -4.857359244893033612e-02 -7.093608137322744700e-02 -4.415822995201127560e-02 -7.797654447305488179e-02
1.547114712428734884e-01 3.847604359703938881e-01 3.651695709118465416e-01 1.967190146212624002e-01 8.345092663836087277e-02 8.143842792303120776e-03 -1.155686606813068930e-02 -1.669259144514284587e-02 -2.373640867684934791e-02 -3.962674721493905650e-02 -2.861200242310144026e-02 -5.850017235205338256e-02
4.293565690985419459e-02 1.377845136832935025e-01 1.967190146212624002e-01 2.157689932223614826e-01 2.571087043346517165e-01 1.789647290803864366e-01 7.555599140243415834e-02 3.569937218608573715e-02 2.290043408982980755e-02 2.259226471762773580e-02 5.239584770430867795e-03 -8.927474551832570437e-03
-4.409193813046206195e-02 -4.897222475762470079e-02 8.345092663836087277e-02 2.571087043346517165e-01 4.380207515300160726e-01 3.438439085285193153e-01 1.571413723023970532e-01 8.339410489201526389e-02 6.417824185437939755e-02 7.664843442635602133e-02 3.380297602243682864e-02 3.090249036879253591e-02
-6.260371670980335868e-02 -1.050737731981596784e-01 8.143842792303120776e-03 1.789647290803864366e-01 3.438439085285193153e-01 2.888017897991757010e-01 1.342798737889739358e-01 7.280123793003841215e-02 5.772188011026183063e-02 7.075885157759695399e-02 3.304365369140948444e-02 3.556972858181266933e-02
-3.595455212814213652e-02 -6.561477301340390422e-02 -1.155686606813068930e-02 7.555599140243415834e-02 1.571413723023970532e-01 1.342798737889739358e-01 6.343233047987005546e-02 3.490616424897390047e-02 2.815894402002976776e-02 3.498511033377231516e-02 1.675728993841096165e-02 1.919316043659073309e-02
-2.411853391120428666e-02 -4.692275919992552891e-02 -1.669259144514284587e-02 3.569937218608573715e-02 8.339410489201526389e-02 7.280123793003841215e-02 3.490616424897390047e-02 1.956906636931598706e-02 1.611829744460243838e-02 2.033760140752589873e-02 1.001164929583325466e-02 1.219146909652693393e-02
-2.374642928860554170e-02 -4.857359244893033612e-02 -2.373640867684934791e-02 2.290043408982980755e-02 6.417824185437939755e-02 5.772188011026183063e-02 2.815894402002976776e-02 1.611829744460243838e-02 1.359963566049052219e-02 1.746000942524481708e-02 8.850761905932143930e-03 1.144439818917333818e-02
-3.373122618717218357e-02 -7.093608137322744700e-02 -3.962674721493905650e-02 2.259226471762773580e-02 7.664843442635602133e-02 7.075885157759695399e-02 3.498511033377231516e-02 2.033760140752589873e-02 1.746000942524481708e-02 2.270007561932368273e-02 1.174748772279842271e-02 1.579878818758061187e-02
-2.019867184301058285e-02 -4.415822995201127560e-02 -2.861200242310144026e-02 5.239584770430867795e-03 3.380297602243682864e-02 3.304365369140948444e-02 1.675728993841096165e-02 1.001164929583325466e-02 8.850761905932143930e-03 1.174748772279842271e-02 6.310763916208553086e-03 9.059206146267640564e-03
-3.399653084009029991e-02 -7.797654447305488179e-02 -5.850017235205338256e-02 -8.927474551832570437e-03 3.090249036879253591e-02 3.556972858181266933e-02 1.919316043659073309e-02 1.219146909652693393e-02 1.144439818917333818e-02 1.579878818758061187e-02 9.059206146267640564e-03 1.437701886725742395e-02
6.195275621525537790e-01 3.144666239999106550e-01 1.121978442068045090e-01 7.063962578184312946e-02 2.893063157822813036e-02 2.398009971938369622e-02 1.971921582585496602e-02 6.058675775830731081e-02 7.601983381994562028e-02 1.117970476178712334e-02 -1.115745105111925345e-01 -3.009886395814441729e-01
3.144666239999106550e-01 1.675743888892343159e-01 6.223041298174908365e-02 4.217722182585474655e-02 1.887562945485375329e-02 1.813916462423126319e-02 1.730185688707086902e-02 5.712555508299438367e-02 8.011760786423728631e-02 3.881788699688118460e-02 -2.519229682886813329e-02 -1.394376767076737911e-01
1.121978442068045090e-01 6.223041298174908365e-02 2.423302683705319885e-02 1.774419450363258488e-02 8.594168438363889578e-03 9.190164123264087104e-03 9.538720352181225687e-03 3.260806919218228045e-02 4.790573374601098111e-02 2.934760074722675069e-02 6.014150223672114909e-03 -4.286666100633772930e-02
7.063962578184312946e-02 4.217722182585474655e-02 1.774419450363258488e-02 1.451847214816629275e-02 7.734629706552798717e-03 9.199975986114401066e-03 1.024531496293038142e-02 3.595168518043168754e-02 5.454307662880505947e-02 3.800062574883601718e-02 2.270630275543242607e-02 -1.818105077073976089e-02
2.893063157822813036e-02 1.887562945485375329e-02 8.594168438363889578e-03 7.734629706552798717e-03 4.417810535738499883e-03 5.616547856236359972e-03 6.507001069875229839e-03 2.315845284495965384e-02 3.568024734945935555e-02 2.614153509149868410e-02 1.948494867475585729e-02 -2.676506492525350302e-03
2.398009971938369622e-02 1.813916462423126319e-02 9.190164123264087104e-03 9.199975986114401066e-03 5.616547856236359972e-03 7.559355767932473061e-03 9.044765589893088986e-03 3.256453580645712192e-02 5.072229554085953829e-02 3.825281095523069830e-02 3.200009124637828717e-02 5.216833559444245851e-03
1.971921582585496602e-02 1.730185688707086902e-02 9.538720352181225687e-03 1.024531496293038142e-02 6.507001069875229839e-03 9.044765589893088986e-03 1.104408708909836515e-02 4.008576149427293955e-02 6.275154297149357352e-02 4.756125996481460477e-02 4.145330748268495624e-02 1.140618597003601603e-02
6.058675775830731081e-02 5.712555508299438367e-02 3.260806919218228045e-02 3.595168518043168754e-02 2.315845284495965384e-02 3.256453580645712192e-02 4.008576149427293955e-02 1.460449023389158718e-01 2.289250598067767983e-01 1.731774379623581550e-01 1.524393741903574684e-01 4.685334668147778103e-02
7.601983381994562028e-02 8.011760786423728631e-02 4.790573374601098111e-02 5.454307662880505947e-02 3.568024734945935555e-02 5.072229554085953829e-02 6.275154297149357352e-02 2.289250598067767983e-01 3.641176065693236819e-01 2.751531616390238688e-01 2.449946549951507457e-01 8.397331210189708239e-02
1.117970476178712334e-02 3.881788699688118460e-02 2.934760074722675069e-02 3.800062574883601718e-02 2.614153509149868410e-02 3.825281095523069830e-02 4.756125996481460477e-02 1.731774379623581550e-01 2.751531616390238688e-01 2.193142461923200393e-01 2.084722595643028475e-01 9.296037910108434499e-02
-1.115745105111925345e-01 -2.519229682886813329e-02 6.014150223672114909e-03 2.270630275543242607e-02 1.948494867475585729e-02 3.200009124637828717e-02 4.145330748268495624e-02 1.524393741903574684e-01 2.449946549951507457e-01 2.084722595643028475e-01 2.276718481145618145e-01 1.517204417637703640e-01
-3.009886395814441729e-01 -1.394376767076737911e-01 -4.286666100633772930e-02 -1.818105077073976089e-02 -2.676506492525350302e-03 5.216833559444245851e-03 1.140618597003601603e-02 4.685334668147778103e-02 8.397331210189708239e-02 9.296037910108434499e-02 1.517204417637703640e-01 1.939766933651028147e-01
