1.832388757327140794e-01 1.897888647234851067e-01 1.146674668488387450e-01 7.591177927434550332e-02 5.078115255029376496e-02 1.901744408893458332e-02 -4.776235492117647183e-03 -4.230274667932255872e-02 -9.058860459483226990e-02 -1.804709569475421160e-01
1.897888647234851067e-01 4.171692316340812612e-01 1.844571319050478109e-01 1.078592148870532730e-01 7.909906823978415935e-02 4.846431106176657400e-02 5.402058424311433071e-02 2.072439161631392177e-02 -2.906569091651783898e-02 -1.142679386650380796e-01
1.146674668488387450e-01 1.844571319050478109e-01 1.443511649905627747e-01 1.085173660913019422e-01 8.924650844422379881e-02 6.149154928957497462e-02 8.078365667257106364e-02 5.330212344892458487e-02 1.332500216067872799e-02 -6.352786255576668706e-02
7.591177927434550332e-02 1.078592148870532730e-01 1.085173660913019422e-01 9.551961741467218658e-02 8.423855610754403533e-02 6.241128676731998864e-02 8.923152082145272002e-02 6.648358141409979605e-02 3.539005362410020672e-02 -2.795565849676296538e-02
5.078115255029376496e-02 7.909906823978415935e-02 8.924650844422379881e-02 8.423855610754403533e-02 7.908123320217178009e-02 6.366037867990881338e-02 9.997386646380006237e-02 8.000386178207523347e-02 5.231438915590681804e-02 -6.482707362921134864e-04
1.901744408893458332e-02 4.846431106176657400e-02 6.149154928957497462e-02 6.241128676731998864e-02 6.366037867990881338e-02 6.030924796019198481e-02 1.115084123016563261e-01 9.486808556711272267e-02 6.573477008110366338e-02 2.837112202051052245e-02
-4.776235492117647183e-03 5.402058424311433071e-02 8.078365667257106364e-02 8.923152082145272002e-02 9.997386646380006237e-02 1.115084123016563261e-01 2.429902283844797006e-01 2.154496448527915831e-01 1.441783990989531916e-01 8.966776285610243702e-02
-4.230274667932255872e-02 2.072439161631392177e-02 5.330212344892458487e-02 6.648358141409979605e-02 8.000386178207523347e-02 9.486808556711272267e-02 2.154496448527915831e-01 2.816916729120665375e-01 1.922899629828027090e-01 1.279451959154094542e-01
-9.058860459483226990e-02 -2.906569091651783898e-02 1.332500216067872799e-02 3.539005362410020672e-02 5.231438915590681804e-02 6.573477008110366338e-02 1.441783990989531916e-01 1.922899629828027090e-01 2.096131345248178623e-01 1.879163343922229390e-01
-1.804709569475421160e-01 -1.142679386650380796e-01 -6.352786255576668706e-02 -2.795565849676296538e-02 -6.482707362921134864e-04 2.837112202051052245e-02 8.966776285610243702e-02 1.279451959154094542e-01 1.879163343922229390e-01 2.860355932442425475e-01
3.007126935341795926e-02 2.638123500862624843e-02 4.373326085606313307e-02 2.582545178267299513e-02 1.222356647107459421e-02 -1.503795501757301117e-03 -2.613465412658473250e-02 -6.653786934363713212e-02 -7.896592213611150490e-02 -7.984996109394078279e-02
2.638123500862624843e-02 4.493232475290172279e-02 1.202371603418519452e-01 6.299797267095214037e-02 3.198728390750953804e-02 2.420593924173114822e-02 -9.365599662762095698e-03 -4.208153923617401204e-02 -5.044501796984315889e-02 -5.387441241911784112e-02
4.373326085606313307e-02 1.202371603418519452e-01 3.852665362250193848e-01 1.851506634046494182e-01 8.667472801295919571e-02 7.641630843302549270e-02 8.733482513690661933e-03 -3.388518882055041592e-02 -4.920021594821171601e-02 -5.948855127460062758e-02
2.582545178267299513e-02 6.299797267095214037e-02 1.851506634046494182e-01 1.291906430278730589e-01 8.511843980876482307e-02 9.868659471533441918e-02 2.524685301562476503e-02 -3.373090742124532429e-03 -2.417011772421022095e-02 -3.683303997051592255e-02
1.222356647107459421e-02 3.198728390750953804e-02 8.667472801295919571e-02 8.511843980876482307e-02 9.485027397258484483e-02 1.655350013679335042e-01 4.946448234694873769e-02 2.149275582017815683e-02 4.540206015377603243e-04 -1.272822416498249967e-02
-1.503795501757301117e-03 2.420593924173114822e-02 7.641630843302549270e-02 9.868659471533441918e-02 1.655350013679335042e-01 3.947773148105142571e-01 1.244026901353473546e-01 7.789241229773161135e-02 4.696953312760139554e-02 2.784014831777060703e-02
-2.613465412658473250e-02 -9.365599662762095698e-03 8.733482513690661933e-03 2.524685301562476503e-02 4.946448234694873769e-02 1.244026901353473546e-01 7.687782874276280487e-02 1.207009038069862539e-01 9.604155338677818066e-02 7.745774155967664887e-02
-6.653786934363713212e-02 -4.208153923617401204e-02 -3.388518882055041592e-02 -3.373090742124532429e-03 2.149275582017815683e-02 7.789241229773161135e-02 1.207009038069862539e-01 2.810259483979518080e-01 2.299856252054930106e-01 1.794167271016946508e-01
-7.896592213611150490e-02 -5.044501796984315889e-02 -4.920021594821171601e-02 -2.417011772421022095e-02 4.540206015377603243e-04 4.696953312760139554e-02 9.604155338677818066e-02 2.299856252054930106e-01 3.328307456161814781e-01 2.302250278262948924e-01
-7.984996109394078279e-02 -5.387441241911784112e-02 -5.948855127460062758e-02 -3.683303997051592255e-02 -1.272822416498249967e-02 2.784014831777060703e-02 7.745774155967664887e-02 1.794167271016946508e-01 2.302250278262948924e-01 2.301771151007916683e-01
3.281201677272485018e-01 1.474400791160276336e-01 9.836276866164675448e-02 8.360324787048453721e-02 5.664151104053492120e-02 1.903438034108273849e-02 -2.639539908129054716e-02 -7.359016327312370431e-02 -1.337778070176851852e-01 -1.744370726343304756e-01
1.474400791160276336e-01 7.471147902026165077e-02 6.205180213281123736e-02 6.764904899939805372e-02 5.529005624459677054e-02 2.855609639364284358e-02 7.767882109836752799e-03 -2.912099307028807177e-02 -6.697348848069735461e-02 -8.125344901636492867e-02
9.836276866164675448e-02 6.205180213281123736e-02 7.673049814328342100e-02 1.126015000600083665e-01 1.056287143564100806e-01 6.043113210082293185e-02 4.464367908064584278e-02 -5.766979357524671529e-03 -4.867002685494333653e-02 -5.698525536057503366e-02
8.360324787048453721e-02 6.764904899939805372e-02 1.126015000600083665e-01 2.034017727779090512e-01 2.063706855097442450e-01 1.149301212465802108e-01 9.298314816592144483e-02 2.220310835007568290e-02 -3.157054281238445143e-02 -4.663472855121126442e-02
5.664151104053492120e-02 5.529005624459677054e-02 1.056287143564100806e-01 2.063706855097442450e-01 2.571744919926413631e-01 1.519751419606822085e-01 1.313420255144555626e-01 5.681509891645631499e-02 1.347042630826618403e-02 -1.899175265245492752e-02
1.903438034108273849e-02 2.855609639364284358e-02 6.043113210082293185e-02 1.149301212465802108e-01 1.519751419606822085e-01 1.448111593712144429e-01 1.829058957575472322e-01 8.779497769211885849e-02 5.138429969982203499e-02 1.209514803500579341e-02
-2.639539908129054716e-02 7.767882109836752799e-03 4.464367908064584278e-02 9.298314816592144483e-02 1.313420255144555626e-01 1.829058957575472322e-01 3.298706738964394813e-01 1.653020519068778282e-01 1.127770764035330719e-01 5.366634955347725222e-02
-7.359016327312370431e-02 -2.912099307028807177e-02 -5.766979357524671529e-03 2.220310835007568290e-02 5.681509891645631499e-02 8.779497769211885849e-02 1.653020519068778282e-01 1.481858342958399244e-01 1.745511024758220897e-01 9.491094338825460663e-02
-1.337778070176851852e-01 -6.697348848069735461e-02 -4.867002685494333653e-02 -3.157054281238445143e-02 1.347042630826618403e-02 5.138429969982203499e-02 1.127770764035330719e-01 1.745511024758220897e-01 2.958547543152746928e-01 1.667685317927943278e-01
-1.744370726343304756e-01 -8.125344901636492867e-02 -5.698525536057503366e-02 -4.663472855121126442e-02 -1.899175265245492752e-02 1.209514803500579341e-02 5.366634955347725222e-02 9.491094338825460663e-02 1.667685317927943278e-01 1.411391684598886365e-01
9.750409664109918606e-02 1.197932800971969469e-01 9.148790128867451132e-02 6.914220345789617861e-02 4.918343441101171581e-02 3.776817149498629123e-02 1.653888884521054203e-02 -2.895955269917026981e-02 -9.399362507168551595e-02 -1.508037152465751263e-01
1.197932800971969469e-01 2.360400457923695350e-01 1.984785626935328395e-01 1.448144014947504443e-01 1.046597273662078081e-01 9.430920822032171080e-02 7.980555023410003390e-02 3.038956436145813511e-02 -3.710964432827040804e-02 -7.797522587101116121e-02
9.148790128867451132e-02 1.984785626935328395e-01 2.126704776211198467e-01 1.674804352208372205e-01 1.160304351805961087e-01 1.013533173079678856e-01 8.965625126444734527e-02 5.069265979832416474e-02 2.717630689163634539e-03 -3.666731919065618212e-02
6.914220345789617861e-02 1.448144014947504443e-01 1.674804352208372205e-01 1.787079329592304311e-01 1.330882168006373989e-01 1.167359420184315988e-01 1.024973255799808691e-01 6.117143367982815633e-02 1.754016334291017346e-02 -2.100701134283834356e-02
4.918343441101171581e-02 1.046597273662078081e-01 1.160304351805961087e-01 1.330882168006373989e-01 1.136888913853793814e-01 1.062644668648877189e-01 9.649607663396289614e-02 6.111534921798016107e-02 2.620651058924495722e-02 -5.230194722525393324e-03
3.776817149498629123e-02 9.430920822032171080e-02 1.013533173079678856e-01 1.167359420184315988e-01 1.062644668648877189e-01 1.079389929225722383e-01 1.050248267771121125e-01 7.574971265482526028e-02 4.944196441300156841e-02 1.757415989468203918e-02
1.653888884521054203e-02 7.980555023410003390e-02 8.965625126444734527e-02 1.024973255799808691e-01 9.649607663396289614e-02 1.050248267771121125e-01 1.160141671600215529e-01 1.042725552682750578e-01 1.005145110839991418e-01 6.025303826002657848e-02
-2.895955269917026981e-02 3.038956436145813511e-02 5.069265979832416474e-02 6.117143367982815633e-02 6.111534921798016107e-02 7.574971265482526028e-02 1.042725552682750578e-01 1.385359309634287828e-01 1.920538666560785424e-01 1.243978440223389437e-01
-9.399362507168551595e-02 -3.710964432827040804e-02 2.717630689163634539e-03 1.754016334291017346e-02 2.620651058924495722e-02 4.944196441300156841e-02 1.005145110839991418e-01 1.920538666560785424e-01 3.666232410779452500e-01 2.253074037234270577e-01
-1.508037152465751263e-01 -7.797522587101116121e-02 -3.666731919065618212e-02 -2.100701134283834356e-02 -5.230194722525393324e-03 1.757415989468203918e-02 6.025303826002657848e-02 1.243978440223389437e-01 2.253074037234270577e-01 4.322762234768336431e-01
3.444564624055361790e-01 7.761078145343018597e-02 5.899420513488398687e-02 4.381241297629745457e-02 3.132218669236895570e-02 2.665412062931771242e-02 -1.270477576534913278e-02 -7.807821829139002801e-02 -1.777992655331932237e-01 -2.350747620019641715e-01
7.761078145343018597e-02 2.343159037663390676e-02 4.038779453537829495e-02 4.919651117054510414e-02 3.134626043838742437e-02 2.976062701322503695e-02 1.437613703588748286e-02 -8.698033215500390949e-03 -3.965528828754957130e-02 -5.365313680543069147e-02
5.899420513488398687e-02 4.038779453537829495e-02 1.390550729239816707e-01 1.979595442372117930e-01 1.152575858070310766e-01 1.052350812874722763e-01 7.311433345622397884e-02 3.156981541607366964e-02 -1.186552938861448747e-02 -3.454946584212828520e-02
4.381241297629745457e-02 4.919651117054510414e-02 1.979595442372117930e-01 3.151909985513110524e-01 1.705673611460685191e-01 1.392659378633363532e-01 9.976605573874100519e-02 5.430107064591251087e-02 1.225323232933710205e-02 -1.685018234470928369e-02
3.132218669236895570e-02 3.134626043838742437e-02 1.152575858070310766e-01 1.705673611460685191e-01 1.471524818488043618e-01 1.604988758167900098e-01 1.128959886120766837e-01 6.066596708011123829e-02 2.001287141925891730e-02 -6.965135179916839142e-03
2.665412062931771242e-02 2.976062701322503695e-02 1.052350812874722763e-01 1.392659378633363532e-01 1.604988758167900098e-01 2.270621823818124163e-01 1.629090801501806574e-01 9.021144406692212236e-02 3.961814586890990281e-02 4.003517932477242830e-03
-1.270477576534913278e-02 1.437613703588748286e-02 7.311433345622397884e-02 9.976605573874100519e-02 1.128959886120766837e-01 1.629090801501806574e-01 1.268901210588819772e-01 8.527630472319944199e-02 6.904688700177791238e-02 3.576410090367832667e-02
-7.807821829139002801e-02 -8.698033215500390949e-03 3.156981541607366964e-02 5.430107064591251087e-02 6.066596708011123829e-02 9.021144406692212236e-02 8.527630472319944199e-02 9.509961879944753282e-02 1.447090908021453626e-01 9.949909592490441268e-02
-1.777992655331932237e-01 -3.965528828754957130e-02 -1.186552938861448747e-02 1.225323232933710205e-02 2.001287141925891730e-02 3.961814586890990281e-02 6.904688700177791238e-02 1.447090908021453626e-01 3.185212977114084687e-01 2.252226572980077501e-01
-2.350747620019641715e-01 -5.365313680543069147e-02 -3.454946584212828520e-02 -1.685018234470928369e-02 -6.965135179916839142e-03 4.003517932477242830e-03 3.576410090367832667e-02 9.949909592490441268e-02 2.252226572980077501e-01 2.631401739421825869e-01
8.456882744780241934e-02 1.430759362225779430e-01 7.889215989231773696e-02 5.983047459472051743e-02 2.742982905861940379e-02 -3.608976979809365871e-03 -3.510810604524584877e-02 -3.862498355705067804e-02 -8.697285057376026585e-02 -1.118773452125027962e-01
1.430759362225779430e-01 3.417446583854952813e-01 1.862261963504231177e-01 1.373937296807364039e-01 8.377355796757027240e-02 3.797041502117065592e-02 8.247027528204411290e-03 -1.726035220142482438e-02 -5.757679962956609859e-02 -9.947475583279685729e-02
7.889215989231773696e-02 1.862261963504231177e-01 1.583667642797064734e-01 1.752483547376837425e-01 1.044809605922903395e-01 5.323807912163072004e-02 3.542823255949981154e-02 6.703399518222331877e-03 -1.630694182603456902e-02 -5.021351430049284664e-02
5.983047459472051743e-02 1.373937296807364039e-01 1.752483547376837425e-01 2.931940032028478305e-01 1.750628622031470405e-01 9.013904865764978125e-02 6.942588766160463776e-02 2.891360113795619566e-02 1.421339622298989185e-02 -2.829717020937803917e-02
2.742982905861940379e-02 8.377355796757027240e-02 1.044809605922903395e-01 1.750628622031470405e-01 1.228854823515833083e-01 8.439495693216662875e-02 9.530057129257207826e-02 4.504544739537524878e-02 3.775028373719049174e-02 8.566425912922365216e-03
-3.608976979809365871e-03 3.797041502117065592e-02 5.323807912163072004e-02 9.013904865764978125e-02 8.439495693216662875e-02 9.968882390026735651e-02 1.594732678478907040e-01 7.716313952433283274e-02 6.861882442239650159e-02 4.741026165419326421e-02
-3.510810604524584877e-02 8.247027528204411290e-03 3.542823255949981154e-02 6.942588766160463776e-02 9.530057129257207826e-02 1.594732678478907040e-01 3.007937009673065099e-01 1.467368640843342842e-01 1.305624263984713762e-01 1.037243506160506062e-01
-3.862498355705067804e-02 -1.726035220142482438e-02 6.703399518222331877e-03 2.891360113795619566e-02 4.504544739537524878e-02 7.716313952433283274e-02 1.467368640843342842e-01 8.978111899545107577e-02 1.174440431306381094e-01 1.000604185808218471e-01
-8.697285057376026585e-02 -5.757679962956609859e-02 -1.630694182603456902e-02 1.421339622298989185e-02 3.775028373719049174e-02 6.861882442239650159e-02 1.305624263984713762e-01 1.174440431306381094e-01 2.483224943171783439e-01 2.254739754210701441e-01
-1.118773452125027962e-01 -9.947475583279685729e-02 -5.021351430049284664e-02 -2.829717020937803917e-02 8.566425912922365216e-03 4.741026165419326421e-02 1.037243506160506062e-01 1.000604185808218471e-01 2.254739754210701441e-01 2.606541261523608322e-01
2.408014618262069861e-01 1.762133126366544622e-01 1.202108614411236814e-01 3.085914574839629387e-02 -4.728779863674871520e-02 -7.427770702829611382e-02 -9.376623841535759729e-02 -1.096750095494958416e-01 -6.330898283226349399e-02 -1.462114992805040314e-01
1.762133126366544622e-01 1.778858126032777931e-01 1.733590955662910049e-01 8.935513075391574023e-02 1.669422883174788777e-02 -3.784335465108537577e-02 -6.927340582864602303e-02 -8.517984316483462326e-02 -4.693248672597805787e-02 -1.038157577369123730e-01
1.202108614411236814e-01 1.733590955662910049e-01 2.777862795078357983e-01 2.102683122471853405e-01 1.240719933449343781e-01 2.045778312871413679e-02 -4.034685116114319209e-02 -6.502781935834271720e-02 -3.383654672070068176e-02 -6.890068206017622987e-02
3.085914574839629387e-02 8.935513075391574023e-02 2.102683122471853405e-01 4.517392494806409253e-01 2.159352377626475861e-01 1.009276012590545196e-01 4.343088831460166499e-02 1.970934810433512888e-02 3.122465517183400322e-03 -6.750480515096640363e-03
-4.728779863674871520e-02 1.669422883174788777e-02 1.240719933449343781e-01 2.159352377626475861e-01 2.814672471919534291e-01 1.735965650458687615e-01 1.100874633223511423e-01 8.486477686014430588e-02 3.234122140516910299e-02 4.497356869284145631e-02
-7.427770702829611382e-02 -3.784335465108537577e-02 2.045778312871413679e-02 1.009276012590545196e-01 1.735965650458687615e-01 1.549600319708722973e-01 1.307025520863077661e-01 1.165567921142377089e-01 4.457291281856380627e-02 6.147463291551740622e-02
-9.376623841535759729e-02 -6.927340582864602303e-02 -4.034685116114319209e-02 4.343088831460166499e-02 1.100874633223511423e-01 1.307025520863077661e-01 1.434326741962637652e-01 1.413017950003532253e-01 5.461350527683422884e-02 7.558079364983984194e-02
-1.096750095494958416e-01 -8.517984316483462326e-02 -6.502781935834271720e-02 1.970934810433512888e-02 8.486477686014430588e-02 1.165567921142377089e-01 1.413017950003532253e-01 1.491071708400888984e-01 5.943821307002209592e-02 8.618242377731187565e-02
-6.330898283226349399e-02 -4.693248672597805787e-02 -3.383654672070068176e-02 3.122465517183400322e-03 3.234122140516910299e-02 4.457291281856380627e-02 5.461350527683422884e-02 5.943821307002209592e-02 2.651409702574444166e-02 4.554337485083002901e-02
-1.462114992805040314e-01 -1.038157577369123730e-01 -6.890068206017622987e-02 -6.750480515096640363e-03 4.497356869284145631e-02 6.147463291551740622e-02 7.558079364983984194e-02 8.618242377731187565e-02 4.554337485083002901e-02 9.630597535711608870e-02
3.350771199780433474e-01 2.164922475668333846e-01 1.291248020860402690e-01 5.640823750674860138e-02 1.179845919866484051e-02 -1.283232422507486412e-02 -3.895171628152047788e-02 -5.548370454092534099e-02 -1.113121890107339196e-01 -2.194036127310005913e-01
2.164922475668333846e-01 2.454241609523984124e-01 1.747854738217405890e-01 1.006713580951416193e-01 5.553588910967088149e-02 2.935970369461177870e-02 7.505681035679894093e-03 -2.663721168303723880e-02 -7.786114295409035657e-02 -1.539348426365025335e-01
1.291248020860402690e-01 1.747854738217405890e-01 1.860422020661698650e-01 1.479975231677061465e-01 1.101428319221435248e-01 7.978881616579115710e-02 6.459572280035850989e-02 1.599699751249603757e-02 -2.690789462930469680e-02 -8.469896482669241056e-02
5.640823750674860138e-02 1.006713580951416193e-01 1.479975231677061465e-01 1.669035874722040180e-01 1.499523803724926996e-01 1.190777304486009408e-01 1.049500770247858011e-01 5.151527248967836120e-02 2.404679137255664664e-02 -9.308738283350577805e-03
1.179845919866484051e-02 5.553588910967088149e-02 1.101428319221435248e-01 1.499523803724926996e-01 1.602917905019629885e-01 1.423345614192088326e-01 1.327075480780516847e-01 7.052419821090231966e-02 5.118649904640428655e-02 3.516754462527961478e-02
-1.283232422507486412e-02 2.935970369461177870e-02 7.978881616579115710e-02 1.190777304486009408e-01 1.423345614192088326e-01 1.710477918978646761e-01 1.971999502742319277e-01 9.329572487936513281e-02 6.446078929244232480e-02 5.375654961937433030e-02
-3.895171628152047788e-02 7.505681035679894093e-03 6.459572280035850989e-02 1.049500770247858011e-01 1.327075480780516847e-01 1.971999502742319277e-01 3.325020506409676058e-01 1.446581972781409986e-01 9.068338220521925119e-02 7.801997739500474149e-02
-5.548370454092534099e-02 -2.663721168303723880e-02 1.599699751249603757e-02 5.151527248967836120e-02 7.052419821090231966e-02 9.329572487936513281e-02 1.446581972781409986e-01 7.749369893118364383e-02 6.697705902816990242e-02 7.776715712744405873e-02
-1.113121890107339196e-01 -7.786114295409035657e-02 -2.690789462930469680e-02 2.404679137255664664e-02 5.118649904640428655e-02 6.446078929244232480e-02 9.068338220521925119e-02 6.697705902816990242e-02 8.820761382781786009e-02 1.320311220203935765e-01
-2.194036127310005913e-01 -1.539348426365025335e-01 -8.469896482669241056e-02 -9.308738283350577805e-03 3.516754462527961478e-02 5.375654961937433030e-02 7.801997739500474149e-02 7.776715712744405873e-02 1.320311220203935765e-01 2.370099837313883739e-01
2.213228209584851003e-01 1.189825582484886901e-01 9.436769348391690904e-02 7.513711067705566848e-02 4.026388614115430226e-02 3.317832621399624538e-02 -3.151252092460058059e-03 -5.334521976840996688e-02 -8.308038972462501726e-02 -2.123653981109313305e-01
1.189825582484886901e-01 9.740024027585285349e-02 1.134452038200801649e-01 1.113175527649978847e-01 6.892151534167369198e-02 7.455383166808843276e-02 1.867934741433798645e-02 -1.535201081067707335e-02 -3.490861523987297960e-02 -9.414781083151194108e-02
9.436769348391690904e-02 1.134452038200801649e-01 1.806681712667814188e-01 2.062306327924646465e-01 1.159523044514093465e-01 1.215549122923009207e-01 3.816119873402205182e-02 6.492178293022132958e-03 -1.563353528658276148e-02 -5.388546793727022610e-02
7.513711067705566848e-02 1.113175527649978847e-01 2.062306327924646465e-01 3.308980827435479277e-01 1.656064476846434153e-01 1.552108815395748520e-01 5.210961623494633765e-02 2.551432427511516471e-02 6.507112277981525177e-04 -2.614421364984472265e-02
4.026388614115430226e-02 6.892151534167369198e-02 1.159523044514093465e-01 1.656064476846434153e-01 1.288899522696224931e-01 1.530832884099008195e-01 5.327775732916149865e-02 3.396099905782483386e-02 1.481691416607274284e-02 5.228792178000474071e-03
3.317832621399624538e-02 7.455383166808843276e-02 1.215549122923009207e-01 1.552108815395748520e-01 1.530832884099008195e-01 2.121165712634265066e-01 7.705253474518856949e-02 6.261262631740621698e-02 3.265592914120966916e-02 3.063788938213535262e-02
-3.151252092460058059e-03 1.867934741433798645e-02 3.816119873402205182e-02 5.210961623494633765e-02 5.327775732916149865e-02 7.705253474518856949e-02 4.003047853400229505e-02 9.428432961978505666e-02 3.122115766284972241e-02 2.876515932350332677e-02
-5.334521976840996688e-02 -1.535201081067707335e-02 6.492178293022132958e-03 2.551432427511516471e-02 3.396099905782483386e-02 6.261262631740621698e-02 9.428432961978505666e-02 4.683254866045092335e-01 1.159469711368400213e-01 8.171042422249458204e-02
-8.308038972462501726e-02 -3.490861523987297960e-02 -1.563353528658276148e-02 6.507112277981525177e-04 1.481691416607274284e-02 3.265592914120966916e-02 3.122115766284972241e-02 1.159469711368400213e-01 6.293931615002019975e-02 1.071300418430866930e-01
-2.123653981109313305e-01 -9.414781083151194108e-02 -5.388546793727022610e-02 -2.614421364984472265e-02 5.228792178000474071e-03 3.063788938213535262e-02 2.876515932350332677e-02 8.171042422249458204e-02 1.071300418430866930e-01 2.574088799337525546e-01
3.713480673000467691e-01 1.926707487689141851e-01 5.538569064129181263e-02 6.044298651567001773e-02 2.725792359558806485e-02 7.213977886665713830e-03 -1.079797309194720396e-02 -3.269130291145967704e-02 -6.261340433049009113e-02 -1.068780033890158049e-01
1.926707487689141851e-01 1.117074014768850432e-01 4.001855928269903995e-02 6.689928893326224646e-02 3.298864978026487538e-02 1.844124247121618765e-02 8.949278229118839967e-03 -6.287897913362547678e-03 -2.640760190510746397e-02 -5.417552848637945118e-02
5.538569064129181263e-02 4.001855928269903995e-02 3.137250182704691415e-02 1.018778653419537272e-01 4.221611157882808330e-02 1.861289141238726269e-02 9.906655879126820274e-03 2.025354762304833450e-03 -7.661198421090282575e-03 -1.625935323990805592e-02
6.044298651567001773e-02 6.689928893326224646e-02 1.018778653419537272e-01 4.074909605653788125e-01 1.603914229255883062e-01 6.315637357908132632e-02 3.220622807906601409e-02 1.510471366019169696e-02 -3.845282804111874956e-03 -1.818496666054677732e-02
2.725792359558806485e-02 3.298864978026487538e-02 4.221611157882808330e-02 1.603914229255883062e-01 8.759005240204845166e-02 6.856987217565940762e-02 7.468817333437770267e-02 6.826656921901122499e-02 5.610608496474177309e-02 1.058690313975447876e-02
7.213977886665713830e-03 1.844124247121618765e-02 1.861289141238726269e-02 6.315637357908132632e-02 6.856987217565940762e-02 9.808224811080304417e-02 1.346259351043924135e-01 1.324009891050049181e-01 1.153880068782089652e-01 3.551503427326503648e-02
-1.079797309194720396e-02 8.949278229118839967e-03 9.906655879126820274e-03 3.220622807906601409e-02 7.468817333437770267e-02 1.346259351043924135e-01 2.065936907609809969e-01 2.147138082708716644e-01 1.719327665813559503e-01 5.878184359726604941e-02
-3.269130291145967704e-02 -6.287897913362547678e-03 2.025354762304833450e-03 1.510471366019169696e-02 6.826656921901122499e-02 1.324009891050049181e-01 2.147138082708716644e-01 3.263792697188444558e-01 2.363656676683383306e-01 8.035827038519627319e-02
-6.261340433049009113e-02 -2.640760190510746397e-02 -7.661198421090282575e-03 -3.845282804111874956e-03 5.610608496474177309e-02 1.153880068782089652e-01 1.719327665813559503e-01 2.363656676683383306e-01 3.015362146994464698e-01 1.042973062079832619e-01
-1.068780033890158049e-01 -5.417552848637945118e-02 -1.625935323990805592e-02 -1.818496666054677732e-02 1.058690313975447876e-02 3.551503427326503648e-02 5.878184359726604941e-02 8.035827038519627319e-02 1.042973062079832619e-01 5.789959313851889694e-02
2.385413016708139156e-01 1.885379761210972949e-01 1.326045414855177573e-01 8.104355226767379072e-02 3.968600587800007184e-02 2.477770977425087368e-02 2.214505017387563210e-02 -1.869128816918513847e-02 -8.695632263575536758e-02 -2.091104897857381517e-01
1.885379761210972949e-01 2.064348902855917822e-01 1.613089276463159916e-01 1.029719392538674949e-01 5.487383087834118989e-02 4.369594232321456773e-02 5.967234513428647247e-02 2.880278339513873964e-02 -4.180235616463504056e-02 -1.372393113944011811e-01
1.326045414855177573e-01 1.613089276463159916e-01 1.534856157054408088e-01 1.080523117731378435e-01 6.377322134843289858e-02 5.959173439604250472e-02 9.287206280574632211e-02 6.720747473671194461e-02 -2.115521520457254098e-03 -9.296543183268927979e-02
8.104355226767379072e-02 1.029719392538674949e-01 1.080523117731378435e-01 8.567164934794094244e-02 5.619183496177598824e-02 5.945697244156443462e-02 9.992698651333692395e-02 7.795058703034760117e-02 2.227165867584912293e-02 -4.984829348711934671e-02
3.968600587800007184e-02 5.487383087834118989e-02 6.377322134843289858e-02 5.619183496177598824e-02 4.178270677978122849e-02 5.016505351659172190e-02 9.068134908171517072e-02 7.215363957432545383e-02 3.318466423897743073e-02 -1.452588139744915262e-02
2.477770977425087368e-02 4.369594232321456773e-02 5.959173439604250472e-02 5.945697244156443462e-02 5.016505351659172190e-02 6.873715422268547592e-02 1.347112980847668395e-01 1.054246747439444853e-01 5.912874201281106273e-02 9.960748900181528448e-03
2.214505017387563210e-02 5.967234513428647247e-02 9.287206280574632211e-02 9.992698651333692395e-02 9.068134908171517072e-02 1.347112980847668395e-01 2.894517089378279007e-01 2.248168390492838453e-01 1.283787814720773746e-01 4.755027859330362983e-02
-1.869128816918513847e-02 2.880278339513873964e-02 6.720747473671194461e-02 7.795058703034760117e-02 7.215363957432545383e-02 1.054246747439444853e-01 2.248168390492838453e-01 3.772493853452894008e-01 1.848932749248322904e-01 8.936603891059097249e-02
-8.695632263575536758e-02 -4.180235616463504056e-02 -2.115521520457254098e-03 2.227165867584912293e-02 3.318466423897743073e-02 5.912874201281106273e-02 1.283787814720773746e-01 1.848932749248322904e-01 1.549353523985708969e-01 1.659426972280859114e-01
-2.091104897857381517e-01 -1.372393113944011811e-01 -9.296543183268927979e-02 -4.984829348711934671e-02 -1.452588139744915262e-02 9.960748900181528448e-03 4.755027859330362983e-02 8.936603891059097249e-02 1.659426972280859114e-01 3.837102353060583004e-01
3.416200528938282965e-01 1.974784186302597222e-01 1.137419084446608109e-01 3.303965384137756700e-02 -1.590979350434655604e-02 -3.972678839170794979e-02 -5.542911480284010844e-02 -8.430621477409905307e-02 -7.653675151499153562e-02 -1.510597650324463914e-01
1.974784186302597222e-01 2.245571935559761145e-01 2.089862575994368143e-01 1.187151338273215173e-01 5.648122522455328171e-02 2.185968880177295223e-02 -7.485757754511301529e-03 -3.922885905869040457e-02 -4.159874023366331997e-02 -8.599833943702893391e-02
1.137419084446608109e-01 2.089862575994368143e-01 3.382563159676484354e-01 2.067149242243514207e-01 1.155913618719298513e-01 7.247794560633388783e-02 3.794105846110561175e-02 1.137532536036114927e-02 -1.064222528223530626e-02 -4.381730682901255336e-02
3.303965384137756700e-02 1.187151338273215173e-01 2.067149242243514207e-01 2.808545796714928544e-01 1.779017102272635875e-01 1.203038578135967873e-01 7.906280561869624690e-02 6.351747880826619230e-02 2.745561333931521505e-02 7.097705186469493652e-03
-1.590979350434655604e-02 5.648122522455328171e-02 1.155913618719298513e-01 1.779017102272635875e-01 1.367245309519747876e-01 1.039243938925163424e-01 7.835933938672498544e-02 7.486112111281714721e-02 3.766425914564822813e-02 2.811697461100463868e-02
-3.972678839170794979e-02 2.185968880177295223e-02 7.247794560633388783e-02 1.203038578135967873e-01 1.039243938925163424e-01 9.593398059433141944e-02 9.237292115835110673e-02 1.087357190370947801e-01 5.198373135883522372e-02 4.014159309080859994e-02
-5.542911480284010844e-02 -7.485757754511301529e-03 3.794105846110561175e-02 7.906280561869624690e-02 7.835933938672498544e-02 9.237292115835110673e-02 1.276327098567967278e-01 1.838432220563084862e-01 8.048266829156656976e-02 5.374816511812578051e-02
-8.430621477409905307e-02 -3.922885905869040457e-02 1.137532536036114927e-02 6.351747880826619230e-02 7.486112111281714721e-02 1.087357190370947801e-01 1.838432220563084862e-01 3.099216961233248746e-01 1.318808553129253713e-01 8.219805847130760845e-02
-7.653675151499153562e-02 -4.159874023366331997e-02 -1.064222528223530626e-02 2.745561333931521505e-02 3.766425914564822813e-02 5.198373135883522372e-02 8.048266829156656976e-02 1.318808553129253713e-01 6.457626811009042900e-02 5.501040188029958367e-02
-1.510597650324463914e-01 -8.599833943702893391e-02 -4.381730682901255336e-02 7.097705186469493652e-03 2.811697461100463868e-02 4.014159309080859994e-02 5.374816511812578051e-02 8.219805847130760845e-02 5.501040188029958367e-02 7.992267227453607459e-02
4.132839516819854508e-01 2.048125378027284560e-01 1.001266189866216461e-01 7.696516624394419970e-02 2.872836162317300712e-02 9.439745481224792040e-03 -8.491199079625524546e-03 -4.819214449834545444e-02 -1.073025889037728525e-01 -1.872977022560163018e-01
2.048125378027284560e-01 2.283316967973207101e-01 1.400207654047363470e-01 1.337325287685764419e-01 7.117895232483528734e-02 6.377516000580339683e-02 2.326124639989294099e-02 1.582024778120541195e-02 -4.290789531967736242e-02 -1.113132153272736319e-01
1.001266189866216461e-01 1.400207654047363470e-01 1.162103054326386053e-01 1.472710215039295667e-01 8.498501119297643958e-02 7.988269245170076527e-02 3.345016347846641036e-02 4.248660903231905872e-02 8.534288525928189137e-03 -4.457326740803391196e-02
7.696516624394419970e-02 1.337325287685764419e-01 1.472710215039295667e-01 2.494645542854707632e-01 1.530320937473236553e-01 1.468520226252890970e-01 6.191321747721341417e-02 8.494107003905890241e-02 5.576944841874469094e-02 -7.549383693146166120e-03
2.872836162317300712e-02 7.117895232483528734e-02 8.498501119297643958e-02 1.530320937473236553e-01 1.163964569851566877e-01 1.300483440586141515e-01 5.688253574031203880e-02 8.199837805588573725e-02 6.274886637110022036e-02 2.098515839911288192e-02
9.439745481224792040e-03 6.377516000580339683e-02 7.988269245170076527e-02 1.468520226252890970e-01 1.300483440586141515e-01 1.687483371262774590e-01 7.741269276330192683e-02 1.186328394114803952e-01 9.658398964694629718e-02 4.805389128726912651e-02
-8.491199079625524546e-03 2.326124639989294099e-02 3.345016347846641036e-02 6.191321747721341417e-02 5.688253574031203880e-02 7.741269276330192683e-02 4.142403431325021590e-02 7.839392154970484250e-02 7.410508987099748146e-02 3.873534697123808684e-02
-4.819214449834545444e-02 1.582024778120541195e-02 4.248660903231905872e-02 8.494107003905890241e-02 8.199837805588573725e-02 1.186328394114803952e-01 7.839392154970484250e-02 1.890455317721624062e-01 2.047371956414658911e-01 1.072554239199474402e-01
-1.073025889037728525e-01 -4.290789531967736242e-02 8.534288525928189137e-03 5.576944841874469094e-02 6.274886637110022036e-02 9.658398964694629718e-02 7.410508987099748146e-02 2.047371956414658911e-01 3.052464401552113515e-01 1.743600303145582953e-01
-1.872977022560163018e-01 -1.113132153272736319e-01 -4.457326740803391196e-02 -7.549383693146166120e-03 2.098515839911288192e-02 4.805389128726912651e-02 3.873534697123808684e-02 1.072554239199474402e-01 1.743600303145582953e-01 1.718486914505252539e-01
2.098000023832466421e-01 1.776242568922599130e-01 1.269242399649577469e-01 8.015943283159855659e-02 3.336763079844947549e-02 1.834522627141763063e-02 -7.161693463016490825e-03 -4.874833062149691587e-02 -6.522171577236486606e-02 -1.950024397944405963e-01
1.776242568922599130e-01 2.085291245032560581e-01 1.747788346537668125e-01 1.278100245279986669e-01 6.087865479462816615e-02 5.066688284917783558e-02 2.430869394195846536e-02 -7.476057091492795473e-03 -3.347439086827841415e-02 -1.086749306760028816e-01
1.269242399649577469e-01 1.747788346537668125e-01 2.168103354864102106e-01 2.033178111174776259e-01 9.206646747925528729e-02 7.606257995395494798e-02 4.733202026313836075e-02 2.791409429864228492e-02 -8.315232432634829529e-03 -5.854794229029681996e-02
8.015943283159855659e-02 1.278100245279986669e-01 2.033178111174776259e-01 2.968029839011044890e-01 1.329881841320013636e-01 1.081798986262326179e-01 7.087831920510140327e-02 5.739335655680469217e-02 1.632585577756741693e-02 -7.780086500628969129e-03
3.336763079844947549e-02 6.087865479462816615e-02 9.206646747925528729e-02 1.329881841320013636e-01 6.684763176447860999e-02 6.226590926631458967e-02 4.759658387012452585e-02 4.919164226237529580e-02 1.793558937494531616e-02 1.181744539136187801e-02
1.834522627141763063e-02 5.066688284917783558e-02 7.606257995395494798e-02 1.081798986262326179e-01 6.226590926631458967e-02 7.178614442153558040e-02 7.043182630462987981e-02 9.656394610024006397e-02 3.574135588489196769e-02 3.406834255416536783e-02
-7.161693463016490825e-03 2.430869394195846536e-02 4.733202026313836075e-02 7.087831920510140327e-02 4.759658387012452585e-02 7.043182630462987981e-02 9.854494066187380330e-02 1.748540657226985706e-01 5.896849622525734969e-02 5.145108648478228380e-02
-4.874833062149691587e-02 -7.476057091492795473e-03 2.791409429864228492e-02 5.739335655680469217e-02 4.919164226237529580e-02 9.656394610024006397e-02 1.748540657226985706e-01 3.723991150559723406e-01 1.198100037190449607e-01 9.652506281968581403e-02
-6.522171577236486606e-02 -3.347439086827841415e-02 -8.315232432634829529e-03 1.632585577756741693e-02 1.793558937494531616e-02 3.574135588489196769e-02 5.896849622525734969e-02 1.198100037190449607e-01 6.412809117132205194e-02 1.233142957670708001e-01
-1.950024397944405963e-01 -1.086749306760028816e-01 -5.854794229029681996e-02 -7.780086500628969129e-03 1.181744539136187801e-02 3.406834255416536783e-02 5.145108648478228380e-02 9.652506281968581403e-02 1.233142957670708001e-01 3.943516306508007552e-01
2.011853148332671537e-01 1.426211378426983367e-01 1.148874206704457168e-01 3.559585614223521183e-02 1.254463475465606055e-02 -2.321075563152670551e-02 -4.823045908005622884e-02 -6.205836920481559715e-02 -1.042281691584872605e-01 -2.010741439472996106e-01
1.426211378426983367e-01 1.518893189684298872e-01 1.858963616720139267e-01 6.168041852708376627e-02 4.700672060477589786e-02 1.357950976874841217e-02 -1.320586067794778107e-02 -3.093229186928484614e-02 -6.130592809689436318e-02 -1.211264641923131130e-01
1.148874206704457168e-01 1.858963616720139267e-01 3.878286934306960365e-01 1.242650734081773706e-01 1.018918568967822624e-01 6.781392541931467732e-02 3.875495933929761633e-02 8.049785947924676527e-03 -2.734091602655788419e-02 -8.247515220564143046e-02
3.559585614223521183e-02 6.168041852708376627e-02 1.242650734081773706e-01 6.605595253618923302e-02 1.088440061106453194e-01 8.460501799411453139e-02 5.729228697023311390e-02 3.380145008391850781e-02 1.579726620907107026e-02 -9.385731701847262187e-03
1.254463475465606055e-02 4.700672060477589786e-02 1.018918568967822624e-01 1.088440061106453194e-01 2.713801061594293129e-01 2.181893075908743762e-01 1.425892660313291538e-01 9.310295454501428536e-02 6.824968325618142873e-02 4.058702350526481595e-02
-2.321075563152670551e-02 1.357950976874841217e-02 6.781392541931467732e-02 8.460501799411453139e-02 2.181893075908743762e-01 2.589253663302134023e-01 1.782993895215895519e-01 1.137925092960468398e-01 8.738224864200234976e-02 6.881392138993883134e-02
-4.823045908005622884e-02 -1.320586067794778107e-02 3.875495933929761633e-02 5.729228697023311390e-02 1.425892660313291538e-01 1.782993895215895519e-01 1.696503299023621736e-01 1.201290632903444511e-01 9.957300396366257356e-02 8.846964731164567997e-02
-6.205836920481559715e-02 -3.093229186928484614e-02 8.049785947924676527e-03 3.380145008391850781e-02 9.310295454501428536e-02 1.137925092960468398e-01 1.201290632903444511e-01 9.775024225872439021e-02 9.287423998223161281e-02 9.815252880463942731e-02
-1.042281691584872605e-01 -6.130592809689436318e-02 -2.734091602655788419e-02 1.579726620907107026e-02 6.824968325618142873e-02 8.738224864200234976e-02 9.957300396366257356e-02 9.287423998223161281e-02 1.126894132668207482e-01 1.538645415920386339e-01
-2.010741439472996106e-01 -1.211264641923131130e-01 -8.247515220564143046e-02 -9.385731701847262187e-03 4.058702350526481595e-02 6.881392138993883134e-02 8.846964731164567997e-02 9.815252880463942731e-02 1.538645415920386339e-01 2.826452623138678288e-01
2.371736219002860691e-01 2.066538887082303433e-01 1.248108470669192088e-01 7.986548267878929019e-02 5.655227917205653265e-02 5.434613605702747971e-03 -3.331551953320334436e-02 -8.167500297466319392e-02 -1.292481827730775634e-01 -1.480454462793688031e-01
2.066538887082303433e-01 2.740752078497467048e-01 1.712352106975122690e-01 1.117377762027391142e-01 9.395041738345683013e-02 5.027674425068578284e-02 8.479708479881661182e-03 -3.897285437703788824e-02 -9.085515737514829326e-02 -1.159615868982339926e-01
1.248108470669192088e-01 1.712352106975122690e-01 1.407859442195105726e-01 1.113793173868364295e-01 1.118838639768102855e-01 7.379565037462337829e-02 3.727820771221127677e-02 3.717729029916050885e-03 -4.659414832245002691e-02 -7.120681722110107359e-02
7.986548267878929019e-02 1.117377762027391142e-01 1.113793173868364295e-01 1.186815895646684271e-01 1.523058796287729555e-01 1.095463667190659240e-01 6.519850729963165559e-02 4.122484484102219293e-02 -6.073403910258221017e-03 -3.871009546411312285e-02
5.655227917205653265e-02 9.395041738345683013e-02 1.118838639768102855e-01 1.523058796287729555e-01 2.574207984014221795e-01 1.992963745888851057e-01 1.201465933584315998e-01 9.397329433934702159e-02 4.232503725774652142e-02 -9.089022968694009108e-03
5.434613605702747971e-03 5.027674425068578284e-02 7.379565037462337829e-02 1.095463667190659240e-01 1.992963745888851057e-01 2.153711549789799062e-01 1.498797465937554696e-01 1.311602991695906550e-01 8.439342998854031108e-02 3.215084494864731829e-02
-3.331551953320334436e-02 8.479708479881661182e-03 3.727820771221127677e-02 6.519850729963165559e-02 1.201465933584315998e-01 1.498797465937554696e-01 1.475941865564633637e-01 1.655084975823832572e-01 1.157169704825211504e-01 5.884710736072149007e-02
-8.167500297466319392e-02 -3.897285437703788824e-02 3.717729029916050885e-03 4.122484484102219293e-02 9.397329433934702159e-02 1.311602991695906550e-01 1.655084975823832572e-01 2.599853258442269555e-01 1.997051539657339059e-01 1.072622488379619266e-01
