2.009392828349345628e-01 1.908127730097314845e-01 1.423356456077098653e-01 9.791814224086216323e-02 5.304130675141536383e-02 3.805810785314102124e-03 -4.593908810391995196e-02 -9.255314214891971480e-02 -1.368839612959706353e-01 -1.803486813774622666e-01
1.908127730097314845e-01 2.295905312758857453e-01 1.903843185057049470e-01 1.458797772637643875e-01 1.038201381040745747e-01 5.720433141733181903e-02 9.216529617705190164e-03 -4.342225694100800004e-02 -9.523585510583180980e-02 -1.465821009347166581e-01
1.423356456077098653e-01 1.903843185057049470e-01 1.966061476009281495e-01 1.717690083728559136e-01 1.371061513356741091e-01 9.618660447109508849e-02 5.804084102751596447e-02 1.046732135475812731e-02 -4.313385611913442969e-02 -9.642773793180291209e-02
9.791814224086216323e-02 1.458797772637643875e-01 1.717690083728559136e-01 1.862268590602611518e-01 1.689145157967004152e-01 1.326300803803749651e-01 1.007689543525175230e-01 5.982158817815350083e-02 8.325232677494690675e-03 -4.788695605122780807e-02
5.304130675141536383e-02 1.038201381040745747e-01 1.371061513356741091e-01 1.689145157967004152e-01 1.856151892216138244e-01 1.644610090184821516e-01 1.397747091437802902e-01 1.033578448765777730e-01 5.713456903985604518e-02 2.673492732247438868e-03
3.805810785314102124e-03 5.720433141733181903e-02 9.618660447109508849e-02 1.326300803803749651e-01 1.644610090184821516e-01 1.778886088180274827e-01 1.726451889301330866e-01 1.413105975887283816e-01 9.931438320100638428e-02 5.176476039176860361e-02
-4.593908810391995196e-02 9.216529617705190164e-03 5.804084102751596447e-02 1.007689543525175230e-01 1.397747091437802902e-01 1.726451889301330866e-01 2.053184927782349123e-01 1.871176686379513732e-01 1.449931142093753567e-01 1.000932816476705622e-01
-9.255314214891971480e-02 -4.342225694100800004e-02 1.046732135475812731e-02 5.982158817815350083e-02 1.033578448765777730e-01 1.413105975887283816e-01 1.871176686379513732e-01 2.097133843829107613e-01 1.830205948953942952e-01 1.428161491265778349e-01
-1.368839612959706353e-01 -9.523585510583180980e-02 -4.313385611913442969e-02 8.325232677494690675e-03 5.713456903985604518e-02 9.931438320100638428e-02 1.449931142093753567e-01 1.830205948953942952e-01 2.013796333195650712e-01 1.816705204969296938e-01
-1.803486813774622666e-01 -1.465821009347166581e-01 -9.642773793180291209e-02 -4.788695605122780807e-02 2.673492732247438868e-03 5.176476039176860361e-02 1.000932816476705622e-01 1.428161491265778349e-01 1.816705204969296938e-01 2.067218707076394490e-01
1.684814476751876344e-01 1.571685559113732700e-01 1.368114877142157793e-01 9.528097529326397253e-02 5.014472323407979937e-02 -2.547089477782017069e-04 -5.110303862206570791e-02 -9.906590576546214777e-02 -1.385866479653652950e-01 -1.668220931647703686e-01
1.571685559113732700e-01 1.816925932107080477e-01 1.821489811912521961e-01 1.410916178931576337e-01 9.777634606002554019e-02 5.367445232090670149e-02 -2.526796307134092021e-03 -5.507452023257632806e-02 -9.892030561685222212e-02 -1.343172199159519964e-01
1.368114877142157793e-01 1.821489811912521961e-01 2.250146314361460842e-01 1.921007295194641640e-01 1.469015270759478353e-01 1.067082357645132984e-01 4.849466223497853057e-02 -6.535478802921071591e-03 -5.837436180198202207e-02 -1.020674568848277675e-01
9.528097529326397253e-02 1.410916178931576337e-01 1.921007295194641640e-01 2.032677010757446834e-01 1.766109607747962662e-01 1.451985496335892190e-01 9.099911470545320180e-02 4.411240191137046768e-02 -6.340464088873167155e-03 -5.500298787973509351e-02
5.014472323407979937e-02 9.777634606002554019e-02 1.469015270759478353e-01 1.766109607747962662e-01 1.937475694305540452e-01 1.844646362591502720e-01 1.323784351952293492e-01 9.195381428463166029e-02 4.722120094436973309e-02 -2.595376367803751798e-03
-2.547089477782017069e-04 5.367445232090670149e-02 1.067082357645132984e-01 1.451985496335892190e-01 1.844646362591502720e-01 2.195260104921467059e-01 1.783986798285879805e-01 1.432608644782667751e-01 1.023272071449003867e-01 5.410576613552245395e-02
-5.110303862206570791e-02 -2.526796307134092021e-03 4.849466223497853057e-02 9.099911470545320180e-02 1.323784351952293492e-01 1.783986798285879805e-01 1.829584826719484747e-01 1.731394081512003524e-01 1.413687973013507404e-01 9.951412541341257689e-02
-9.906590576546214777e-02 -5.507452023257632806e-02 -6.535478802921071591e-03 4.411240191137046768e-02 9.195381428463166029e-02 1.432608644782667751e-01 1.731394081512003524e-01 2.060901426066609476e-01 1.900996115300799538e-01 1.479523989467611267e-01
-1.385866479653652950e-01 -9.892030561685222212e-02 -5.837436180198202207e-02 -6.340464088873167155e-03 4.722120094436973309e-02 1.023272071449003867e-01 1.413687973013507404e-01 1.900996115300799538e-01 2.173323047127151686e-01 1.882378647470232258e-01
-1.668220931647703686e-01 -1.343172199159519964e-01 -1.020674568848277675e-01 -5.500298787973509351e-02 -2.595376367803751798e-03 5.410576613552245395e-02 9.951412541341257689e-02 1.479523989467611267e-01 1.882378647470232258e-01 2.018891166881888188e-01
2.091807668187041780e-01 1.770438509838851426e-01 1.407698585810575609e-01 1.021670571626825952e-01 5.666592322706671264e-02 2.901885845828365562e-03 -5.286927278500175992e-02 -1.006067878904522567e-01 -1.466112173632652116e-01 -1.815168760979204987e-01
1.770438509838851426e-01 1.838253542080481862e-01 1.673682537948806004e-01 1.372226511127170312e-01 9.835772731289951776e-02 5.125324921952910395e-02 -9.813871061118122768e-05 -5.221430396046706363e-02 -9.996684264687569210e-02 -1.376467440062310588e-01
1.407698585810575609e-01 1.673682537948806004e-01 1.885199833914616430e-01 1.764865208333382118e-01 1.419626698732736891e-01 9.771840015963571824e-02 5.226517579985582446e-02 -2.410877291325961690e-03 -5.517383886799662185e-02 -9.810146304761713232e-02
1.021670571626825952e-01 1.372226511127170312e-01 1.764865208333382118e-01 2.037829836628836655e-01 1.849379833307362997e-01 1.421911503212248129e-01 1.013380880626945091e-01 4.900743875095796287e-02 -4.660589930979438210e-03 -5.514848358800557293e-02
5.666592322706671264e-02 9.835772731289951776e-02 1.419626698732736891e-01 1.849379833307362997e-01 2.081557021651231909e-01 1.809377519314210869e-01 1.455873961304026687e-01 9.656647546897831336e-02 4.822845355445017079e-02 -4.985228090890086658e-03
2.901885845828365562e-03 5.125324921952910395e-02 9.771840015963571824e-02 1.421911503212248129e-01 1.809377519314210869e-01 1.973249685990155766e-01 1.827173738875357278e-01 1.379334424599173436e-01 9.574956458201101805e-02 4.693679818284154232e-02
-5.286927278500175992e-02 -9.813871061118122768e-05 5.226517579985582446e-02 1.013380880626945091e-01 1.455873961304026687e-01 1.827173738875357278e-01 2.117947481578488778e-01 1.816489439172939979e-01 1.440378854552479271e-01 9.772125030554425218e-02
-1.006067878904522567e-01 -5.221430396046706363e-02 -2.410877291325961690e-03 4.900743875095796287e-02 9.656647546897831336e-02 1.379334424599173436e-01 1.816489439172939979e-01 1.960549605608681856e-01 1.798385031302835169e-01 1.386433490080384578e-01
-1.466112173632652116e-01 -9.996684264687569210e-02 -5.517383886799662185e-02 -4.660589930979438210e-03 4.822845355445017079e-02 9.574956458201101805e-02 1.440378854552479271e-01 1.798385031302835169e-01 2.062415296919582197e-01 1.798952137784741168e-01
-1.815168760979204987e-01 -1.376467440062310588e-01 -9.810146304761713232e-02 -5.514848358800557293e-02 -4.985228090890086658e-03 4.693679818284154232e-02 9.772125030554425218e-02 1.386433490080384578e-01 1.798952137784741168e-01 1.951190027440861119e-01
1.890210522519318315e-01 1.731577621810012624e-01 1.358549863207001163e-01 9.532784562532661821e-02 5.254791349910752779e-02 5.556938973281791080e-03 -4.506861321816701960e-02 -9.367141923151175997e-02 -1.425348051495934076e-01 -1.846607145868830735e-01
1.731577621810012624e-01 2.004373606045312117e-01 1.802216914143766613e-01 1.427937411964199654e-01 1.024720255847887534e-01 6.009069574610491349e-02 1.020594306141043087e-02 -4.355036478815270395e-02 -9.630452588057550334e-02 -1.435917215016173087e-01
1.358549863207001163e-01 1.802216914143766613e-01 2.007610643450197796e-01 1.797298670294069090e-01 1.423095949074116018e-01 1.040685504510970860e-01 6.070225618247983290e-02 9.442176656533332949e-03 -4.535703532547913364e-02 -9.699184885216222130e-02
9.532784562532661821e-02 1.427937411964199654e-01 1.797298670294069090e-01 1.981700625011215411e-01 1.753782124688424426e-01 1.407993198292969705e-01 1.019077158748967205e-01 5.685174670942225172e-02 5.696634377338471132e-03 -4.945456597832115220e-02
5.254791349910752779e-02 1.024720255847887534e-01 1.423095949074116018e-01 1.753782124688424426e-01 1.888695691532764620e-01 1.703791868267896525e-01 1.368534959280602870e-01 9.668151511503500495e-02 5.309416321525099042e-02 3.484945601939452961e-04
5.556938973281791080e-03 6.009069574610491349e-02 1.040685504510970860e-01 1.407993198292969705e-01 1.703791868267896525e-01 1.876606795305474362e-01 1.709709565631199746e-01 1.360000245319760714e-01 9.813766945703622513e-02 5.129873916928796157e-02
-4.506861321816701960e-02 1.020594306141043087e-02 6.070225618247983290e-02 1.019077158748967205e-01 1.368534959280602870e-01 1.709709565631199746e-01 1.912455368205777662e-01 1.735654440098893803e-01 1.423910734658120902e-01 1.008369617186247874e-01
-9.367141923151175997e-02 -4.355036478815270395e-02 9.442176656533332949e-03 5.685174670942225172e-02 9.668151511503500495e-02 1.360000245319760714e-01 1.735654440098893803e-01 1.953688971783844042e-01 1.842575989728135188e-01 1.478082801065079832e-01
-1.425348051495934076e-01 -9.630452588057550334e-02 -4.535703532547913364e-02 5.696634377338471132e-03 5.309416321525099042e-02 9.813766945703622513e-02 1.423910734658120902e-01 1.842575989728135188e-01 2.191433363097931852e-01 1.992322264340929405e-01
-1.846607145868830735e-01 -1.435917215016173087e-01 -9.699184885216222130e-02 -4.945456597832115220e-02 3.484945601939452961e-04 5.129873916928796157e-02 1.008369617186247874e-01 1.478082801065079832e-01 1.992322264340929405e-01 2.293224413048168264e-01
2.153906742836736443e-01 1.660741349548730539e-01 1.381270119845714461e-01 1.001702598717246623e-01 5.439199750659105131e-02 4.271802119157806776e-03 -5.101164252094743390e-02 -1.033898704557081466e-01 -1.530754598520963350e-01 -1.941367728631110401e-01
1.660741349548730539e-01 1.592332689577228011e-01 1.579181818655166769e-01 1.321217859416784490e-01 9.337591256809224527e-02 5.359068226818307357e-02 4.385247852997718569e-03 -4.725177142311226541e-02 -9.492135645871520311e-02 -1.338143166056418865e-01
1.381270119845714461e-01 1.579181818655166769e-01 1.961503486512017336e-01 1.858800371482586811e-01 1.450753613627955296e-01 1.064903845661127474e-01 5.865047980680795914e-02 3.503919187384669717e-03 -5.101634201828792597e-02 -9.702239119963343428e-02
1.001702598717246623e-01 1.321217859416784490e-01 1.858800371482586811e-01 2.144177881263456820e-01 1.850658226809290541e-01 1.484851038715385430e-01 1.035253248192410935e-01 5.273514031314191497e-02 -7.760683482010624764e-04 -5.300682174940389568e-02
5.439199750659105131e-02 9.337591256809224527e-02 1.450753613627955296e-01 1.850658226809290541e-01 1.980908276847877514e-01 1.794482140399888959e-01 1.389097981754205957e-01 9.355100518722737901e-02 4.787063275714050631e-02 -3.470176610625373345e-03
4.271802119157806776e-03 5.359068226818307357e-02 1.064903845661127474e-01 1.484851038715385430e-01 1.794482140399888959e-01 2.006199606747658404e-01 1.754348331685988138e-01 1.348509420669900816e-01 9.497147136600482542e-02 4.761648323711720893e-02
-5.101164252094743390e-02 4.385247852997718569e-03 5.865047980680795914e-02 1.035253248192410935e-01 1.389097981754205957e-01 1.754348331685988138e-01 1.900422672789783274e-01 1.698731334781118651e-01 1.392141433738739997e-01 9.720722472489766453e-02
-1.033898704557081466e-01 -4.725177142311226541e-02 3.503919187384669717e-03 5.273514031314191497e-02 9.355100518722737901e-02 1.348509420669900816e-01 1.698731334781118651e-01 1.917980629662454084e-01 1.825857471548027744e-01 1.448579372604535120e-01
-1.530754598520963350e-01 -9.492135645871520311e-02 -5.101634201828792597e-02 -7.760683482010624764e-04 4.787063275714050631e-02 9.497147136600482542e-02 1.392141433738739997e-01 1.825857471548027744e-01 2.166168932954753157e-01 1.931938744603021729e-01
-1.941367728631110401e-01 -1.338143166056418865e-01 -9.702239119963343428e-02 -5.300682174940389568e-02 -3.470176610625373345e-03 4.761648323711720893e-02 9.720722472489766453e-02 1.448579372604535120e-01 1.931938744603021729e-01 2.176399080808041342e-01
1.862729406261354748e-01 1.776994463191923779e-01 1.366581446879030493e-01 9.655449627143705693e-02 4.971158698704417067e-02 -7.850244682290653808e-04 -5.148813685055509543e-02 -9.373345789877675360e-02 -1.400476499734592539e-01 -1.760736681238966872e-01
1.776994463191923779e-01 2.116982596503167169e-01 1.836418693442237460e-01 1.464221439249712986e-01 1.011589945890502829e-01 5.305806823230907465e-02 1.673672675120321373e-03 -4.961004739594940260e-02 -1.004488054316214907e-01 -1.438803528820498390e-01
1.366581446879030493e-01 1.836418693442237460e-01 1.986805009559748647e-01 1.816996086517563835e-01 1.407566239824922238e-01 9.761187786265278221e-02 5.423579075627996821e-02 2.615726322107758510e-03 -4.967999662448387144e-02 -9.699187550069665598e-02
9.655449627143705693e-02 1.464221439249712986e-01 1.816996086517563835e-01 2.080050452554998430e-01 1.811479820739103075e-01 1.405904450717516407e-01 1.022981431893132953e-01 5.330291504688475235e-02 2.911160711727174902e-03 -5.009147430151545538e-02
4.971158698704417067e-02 1.011589945890502829e-01 1.407566239824922238e-01 1.811479820739103075e-01 1.940316257738521344e-01 1.715117515590324493e-01 1.409015134711826822e-01 9.577655249999772469e-02 5.360283900730719586e-02 2.500466903025880434e-03
-7.850244682290653808e-04 5.305806823230907465e-02 9.761187786265278221e-02 1.405904450717516407e-01 1.715117515590324493e-01 1.890677492557902295e-01 1.781663488935363304e-01 1.358336001828757134e-01 9.967874729233545950e-02 5.443141527559659104e-02
-5.148813685055509543e-02 1.673672675120321373e-03 5.423579075627996821e-02 1.022981431893132953e-01 1.409015134711826822e-01 1.781663488935363304e-01 2.064442026535702468e-01 1.763216071585060052e-01 1.451663412078071924e-01 1.034589325896918544e-01
-9.373345789877675360e-02 -4.961004739594940260e-02 2.615726322107758510e-03 5.330291504688475235e-02 9.577655249999772469e-02 1.358336001828757134e-01 1.763216071585060052e-01 1.861488591553925875e-01 1.767171954996415995e-01 1.414059369199658633e-01
-1.400476499734592539e-01 -1.004488054316214907e-01 -4.967999662448387144e-02 2.911160711727174902e-03 5.360283900730719586e-02 9.967874729233545950e-02 1.451663412078071924e-01 1.767171954996415995e-01 2.097689234782453838e-01 1.887874573703557379e-01
-1.760736681238966872e-01 -1.438803528820498390e-01 -9.699187550069665598e-02 -5.009147430151545538e-02 2.500466903025880434e-03 5.443141527559659104e-02 1.034589325896918544e-01 1.414059369199658633e-01 1.887874573703557379e-01 2.098818931952226852e-01
2.022983561418731369e-01 1.787774695165703642e-01 1.411311150437814521e-01 9.775792798664403871e-02 3.957215140652895619e-02 -1.761689358818529366e-02 -6.725758957638998392e-02 -1.076693408378509298e-01 -1.353986442006566704e-01 -1.775754482545936208e-01
1.787774695165703642e-01 1.972756722454003520e-01 1.807127906406522655e-01 1.458525099988823015e-01 9.139065348372446551e-02 3.637863142048792381e-02 -1.678838995093119221e-02 -6.295800284307562222e-02 -9.652319836194563074e-02 -1.394932765483943848e-01
1.411311150437814521e-01 1.807127906406522655e-01 2.112158643199884001e-01 1.984062720893041143e-01 1.445320894066039474e-01 9.184034041839556073e-02 4.041103410304100474e-02 -8.943513300151546136e-03 -5.181214838206956580e-02 -9.720273150728385436e-02
9.775792798664403871e-02 1.458525099988823015e-01 1.984062720893041143e-01 2.403595607060526329e-01 1.984945486138989523e-01 1.460413031965816510e-01 9.753017046822065605e-02 5.091195615518240986e-02 1.452833325750602870e-03 -4.808781509798421699e-02
3.957215140652895619e-02 9.139065348372446551e-02 1.445320894066039474e-01 1.984945486138989523e-01 2.114756299466595824e-01 1.803232200333971524e-01 1.393430325193600883e-01 9.967595359302139357e-02 5.401868180457641139e-02 1.078084941781040466e-02
-1.761689358818529366e-02 3.637863142048792381e-02 9.184034041839556073e-02 1.460413031965816510e-01 1.803232200333971524e-01 1.945290275963733329e-01 1.735441638411707177e-01 1.404568650904178262e-01 9.704177336420266586e-02 6.265662464184440505e-02
-6.725758957638998392e-02 -1.678838995093119221e-02 4.041103410304100474e-02 9.753017046822065605e-02 1.393430325193600883e-01 1.735441638411707177e-01 1.926251954211784523e-01 1.765215681092609512e-01 1.339167548704754407e-01 1.048561890568254773e-01
-1.076693408378509298e-01 -6.295800284307562222e-02 -8.943513300151546136e-03 5.091195615518240986e-02 9.967595359302139357e-02 1.404568650904178262e-01 1.765215681092609512e-01 1.957716983016549728e-01 1.641454399372951067e-01 1.406272976647691408e-01
-1.353986442006566704e-01 -9.652319836194563074e-02 -5.181214838206956580e-02 1.452833325750602870e-03 5.401868180457641139e-02 9.704177336420266586e-02 1.339167548704754407e-01 1.641454399372951067e-01 1.654779353997971603e-01 1.607805355684401305e-01
-1.775754482545936208e-01 -1.394932765483943848e-01 -9.720273150728385436e-02 -4.808781509798421699e-02 1.078084941781040466e-02 6.265662464184440505e-02 1.048561890568254773e-01 1.406272976647691408e-01 1.607805355684401305e-01 1.889710599210242259e-01
2.183087696065510452e-01 1.897794305406361737e-01 1.457804662868270873e-01 9.858785306339010179e-02 4.903076108637846597e-02 -2.308331637704431633e-03 -5.304724149599938932e-02 -9.641381875307046545e-02 -1.420609877641992591e-01 -1.888740171347004226e-01
1.897794305406361737e-01 2.070178954494396872e-01 1.810047170654466298e-01 1.391860498530471668e-01 9.501527507724691346e-02 4.956861757939239055e-02 8.961284678505558729e-04 -4.899424862064309660e-02 -9.805350032448871544e-02 -1.460813901954585714e-01
1.457804662868270873e-01 1.810047170654466298e-01 1.984070690561938743e-01 1.754824406184602448e-01 1.373335408460362173e-01 9.710093926179987067e-02 5.515320746580947009e-02 3.597865163175771510e-03 -4.942431546898110040e-02 -1.001641621218040262e-01
9.858785306339010179e-02 1.391860498530471668e-01 1.754824406184602448e-01 1.939601662780557345e-01 1.744219078753849739e-01 1.399375334692326278e-01 1.037209761317488266e-01 5.574779322644358992e-02 4.346912380025919238e-03 -4.938691849078796076e-02
4.903076108637846597e-02 9.501527507724691346e-02 1.373335408460362173e-01 1.744219078753849739e-01 1.942223774182971763e-01 1.772441612803813960e-01 1.462859315402857963e-01 1.006894519967774237e-01 5.520742703374226235e-02 3.945550504870574092e-03
-2.308331637704431633e-03 4.956861757939239055e-02 9.710093926179987067e-02 1.399375334692326278e-01 1.772441612803813960e-01 2.001686515752551521e-01 1.860438456512184258e-01 1.406166206181780343e-01 9.885755436759052772e-02 5.395121091100663069e-02
-5.304724149599938932e-02 8.961284678505558729e-04 5.515320746580947009e-02 1.037209761317488266e-01 1.462859315402857963e-01 1.860438456512184258e-01 2.128349018968918593e-01 1.784980715225830961e-01 1.397668419526944261e-01 9.961029000915731790e-02
-9.641381875307046545e-02 -4.899424862064309660e-02 3.597865163175771510e-03 5.574779322644358992e-02 1.006894519967774237e-01 1.406166206181780343e-01 1.784980715225830961e-01 1.843437202759493632e-01 1.660776809121572994e-01 1.354423716793054511e-01
-1.420609877641992591e-01 -9.805350032448871544e-02 -4.942431546898110040e-02 4.346912380025919238e-03 5.520742703374226235e-02 9.885755436759052772e-02 1.397668419526944261e-01 1.660776809121572994e-01 1.860631003609185263e-01 1.751106280371679813e-01
-1.888740171347004226e-01 -1.460813901954585714e-01 -1.001641621218040262e-01 -4.938691849078796076e-02 3.945550504870574092e-03 5.395121091100663069e-02 9.961029000915731790e-02 1.354423716793054511e-01 1.751106280371679813e-01 2.046733480824490525e-01
2.033650398459806441e-01 1.742551113358370429e-01 1.398727823568210182e-01 1.027488543240571567e-01 5.415377140801019840e-02 3.746595971361863908e-03 -4.821976665960759495e-02 -1.053460820389976182e-01 -1.370717958781200452e-01 -1.836101297030551804e-01
1.742551113358370429e-01 1.870667382986574978e-01 1.736935659927568709e-01 1.436766250127438638e-01 9.879768561484793266e-02 5.603694486951425746e-02 3.340531132195849202e-03 -5.120621375397032410e-02 -9.060601643489051005e-02 -1.380026973515915967e-01
1.398727823568210182e-01 1.736935659927568709e-01 2.002652349728230030e-01 1.865082072096774790e-01 1.413868715341234650e-01 1.024363170203710927e-01 5.169168538088104309e-02 3.202824259435839514e-03 -4.629777750909675610e-02 -9.708449019940257330e-02
1.027488543240571567e-01 1.436766250127438638e-01 1.865082072096774790e-01 2.132052640725995707e-01 1.799542285314083556e-01 1.445874359984510304e-01 9.508741391767160100e-02 5.629616651102274660e-02 8.894868492841267365e-04 -5.409794116536188746e-02
5.415377140801019840e-02 9.879768561484793266e-02 1.413868715341234650e-01 1.799542285314083556e-01 1.890901545667114936e-01 1.737024397895738370e-01 1.290640511859881268e-01 1.008866632157162657e-01 4.857181455262479797e-02 -2.001415353404253656e-03
3.746595971361863908e-03 5.603694486951425746e-02 1.024363170203710927e-01 1.445874359984510304e-01 1.737024397895738370e-01 1.951307372038433852e-01 1.646153478208062793e-01 1.476302643366124712e-01 9.524793691888616687e-02 5.036382906269658288e-02
-4.821976665960759495e-02 3.340531132195849202e-03 5.169168538088104309e-02 9.508741391767160100e-02 1.290640511859881268e-01 1.646153478208062793e-01 1.742376239075240640e-01 1.846980613438687358e-01 1.330962074284503804e-01 9.503242778369518085e-02
-1.053460820389976182e-01 -5.120621375397032410e-02 3.202824259435839514e-03 5.629616651102274660e-02 1.008866632157162657e-01 1.476302643366124712e-01 1.846980613438687358e-01 2.450295974476791594e-01 1.919850812042649957e-01 1.523827169147489724e-01
-1.370717958781200452e-01 -9.060601643489051005e-02 -4.629777750909675610e-02 8.894868492841267365e-04 4.857181455262479797e-02 9.524793691888616687e-02 1.330962074284503804e-01 1.919850812042649957e-01 1.878470668178792990e-01 1.740839255945635378e-01
-1.836101297030551804e-01 -1.380026973515915967e-01 -9.708449019940257330e-02 -5.409794116536188746e-02 -2.001415353404253656e-03 5.036382906269658288e-02 9.503242778369518085e-02 1.523827169147489724e-01 1.740839255945635378e-01 2.047625428663012170e-01
2.186341160382565818e-01 1.883325729193922604e-01 1.381054955126687633e-01 1.073486431370213462e-01 5.740744195678357253e-02 4.136217751942495441e-03 -5.048497560126399136e-02 -1.024456080833161808e-01 -1.451484597229830975e-01 -1.767900408893728903e-01
1.883325729193922604e-01 1.986192405465200261e-01 1.650482308619789507e-01 1.451219699067655966e-01 9.971097686921999437e-02 5.332386077444886685e-02 1.851771254904970064e-03 -5.227876200022664455e-02 -9.915423798273742539e-02 -1.365835366176747223e-01
1.381054955126687633e-01 1.650482308619789507e-01 1.717967586870017271e-01 1.760445860010725339e-01 1.347343202809810070e-01 9.379893152411217239e-02 5.053770384599553384e-02 1.049808214198086082e-03 -4.859226186727678976e-02 -8.982684949455650714e-02
1.073486431370213462e-01 1.451219699067655966e-01 1.760445860010725339e-01 2.219174470051681614e-01 1.869980746395950577e-01 1.442808624670554041e-01 1.021085532713792987e-01 5.460743280410589734e-02 -5.692841875232966748e-04 -5.340265728692594055e-02
5.740744195678357253e-02 9.971097686921999437e-02 1.347343202809810070e-01 1.869980746395950577e-01 1.943841962191172890e-01 1.719311736700062931e-01 1.380179727853574345e-01 9.828393921014014212e-02 5.017699960038264628e-02 -3.492348113453025774e-03
4.136217751942495441e-03 5.332386077444886685e-02 9.379893152411217239e-02 1.442808624670554041e-01 1.719311736700062931e-01 1.903624265563119144e-01 1.752982623378443183e-01 1.420084874752938486e-01 9.826224756351517597e-02 4.666561852357994228e-02
-5.048497560126399136e-02 1.851771254904970064e-03 5.053770384599553384e-02 1.021085532713792987e-01 1.380179727853574345e-01 1.752982623378443183e-01 1.996734537638554519e-01 1.849832534562148023e-01 1.443063722867646281e-01 9.381899951498932910e-02
-1.024456080833161808e-01 -5.227876200022664455e-02 1.049808214198086082e-03 5.460743280410589734e-02 9.828393921014014212e-02 1.420084874752938486e-01 1.849832534562148023e-01 2.159807051876417305e-01 1.904977345913560771e-01 1.392398470064843963e-01
-1.451484597229830975e-01 -9.915423798273742539e-02 -4.859226186727678976e-02 -5.692841875232966748e-04 5.017699960038264628e-02 9.826224756351517597e-02 1.443063722867646281e-01 1.904977345913560771e-01 2.092428868229694039e-01 1.729222753474376206e-01
-1.767900408893728903e-01 -1.365835366176747223e-01 -8.982684949455650714e-02 -5.340265728692594055e-02 -3.492348113453025774e-03 4.666561852357994228e-02 9.381899951498932910e-02 1.392398470064843963e-01 1.729222753474376206e-01 1.793887691731573530e-01
2.064345051113288809e-01 1.813481989049934850e-01 1.424485400049477768e-01 1.013052878497681941e-01 5.717095990336204525e-02 9.358735917205159016e-03 -4.262562289251378700e-02 -9.417071961722195406e-02 -1.386019127149134555e-01 -1.896282402348156426e-01
1.813481989049934850e-01 2.005110184947775653e-01 1.789027363950775884e-01 1.416129858738006120e-01 1.011043691404333311e-01 5.944006446815951195e-02 1.278753789936448379e-02 -4.096378605603211848e-02 -9.130437293882417982e-02 -1.443799229244747961e-01
1.424485400049477768e-01 1.789027363950775884e-01 1.965669649382586481e-01 1.748719973647809567e-01 1.376497055620894416e-01 9.999900965887212334e-02 6.147091381133296811e-02 1.158782462032511770e-02 -4.401238041922983513e-02 -9.980161428936625001e-02
1.013052878497681941e-01 1.416129858738006120e-01 1.748719973647809567e-01 1.899536496930704921e-01 1.677583828103193231e-01 1.349129343174557683e-01 1.025055885779697640e-01 5.985528803013068222e-02 4.604846415680450243e-03 -5.348656898376213942e-02
5.717095990336204525e-02 1.011043691404333311e-01 1.376497055620894416e-01 1.677583828103193231e-01 1.792137736264505510e-01 1.628066288812611562e-01 1.382105616926654346e-01 1.014376981504932357e-01 5.112201630272245056e-02 -3.633516895496295002e-03
9.358735917205159016e-03 5.944006446815951195e-02 9.999900965887212334e-02 1.349129343174557683e-01 1.628066288812611562e-01 1.798791134031964556e-01 1.740822833720465368e-01 1.426275820380465964e-01 9.501478625688286606e-02 4.689911351352452074e-02
-4.262562289251378700e-02 1.278753789936448379e-02 6.147091381133296811e-02 1.025055885779697640e-01 1.382105616926654346e-01 1.740822833720465368e-01 2.077154308107183600e-01 1.915227375396059695e-01 1.426960144741813152e-01 9.864206986922866016e-02
-9.417071961722195406e-02 -4.096378605603211848e-02 1.158782462032511770e-02 5.985528803013068222e-02 1.014376981504932357e-01 1.426275820380465964e-01 1.915227375396059695e-01 2.200340833749551139e-01 1.850544873219344966e-01 1.469522579847294674e-01
-1.386019127149134555e-01 -9.130437293882417982e-02 -4.401238041922983513e-02 4.604846415680450243e-03 5.112201630272245056e-02 9.501478625688286606e-02 1.426960144741813152e-01 1.850544873219344966e-01 1.984169917961784435e-01 1.852398985958496891e-01
-1.896282402348156426e-01 -1.443799229244747961e-01 -9.980161428936625001e-02 -5.348656898376213942e-02 -3.633516895496295002e-03 4.689911351352452074e-02 9.864206986922866016e-02 1.469522579847294674e-01 1.852398985958496891e-01 2.212744687510656283e-01
2.133084905614038296e-01 1.877010361088906065e-01 1.482501460484430822e-01 1.003738553184602145e-01 4.636992361012821917e-02 -7.537943956261088617e-03 -5.720416714032110217e-02 -1.022952990038390603e-01 -1.374263559061104367e-01 -1.787481832252039993e-01
1.877010361088906065e-01 2.082289760170775161e-01 1.888269884204585858e-01 1.450832441422439389e-01 9.516947500496679424e-02 4.628335881654319084e-02 -3.675680259640233972e-03 -5.242531004752000456e-02 -9.383448151899172196e-02 -1.389875607009649350e-01
1.482501460484430822e-01 1.888269884204585858e-01 2.171344882179455094e-01 1.892758352751745532e-01 1.412166342009672504e-01 9.623471184699121383e-02 5.041788256590742229e-02 2.177305370525442832e-03 -4.705102267222419088e-02 -9.678353898141635325e-02
1.003738553184602145e-01 1.450832441422439389e-01 1.892758352751745532e-01 2.076374427101256304e-01 1.774268782697594471e-01 1.384874905651798382e-01 9.802997066772045631e-02 5.688811851277889714e-02 6.538109580990571906e-03 -4.661297344195033943e-02
4.636992361012821917e-02 9.516947500496679424e-02 1.412166342009672504e-01 1.774268782697594471e-01 1.904771897471867481e-01 1.714529259823416862e-01 1.377578024527885137e-01 1.031126758817599992e-01 5.750281063337790710e-02 7.895533194617746983e-03
-7.537943956261088617e-03 4.628335881654319084e-02 9.623471184699121383e-02 1.384874905651798382e-01 1.714529259823416862e-01 1.904846864424276087e-01 1.738226776879537028e-01 1.446283909899343800e-01 1.011919016981746577e-01 5.773618191487975976e-02
-5.720416714032110217e-02 -3.675680259640233972e-03 5.041788256590742229e-02 9.802997066772045631e-02 1.377578024527885137e-01 1.738226776879537028e-01 1.951311584254068476e-01 1.827673344988055837e-01 1.397122037325908561e-01 9.993902438140063460e-02
-1.022952990038390603e-01 -5.242531004752000456e-02 2.177305370525442832e-03 5.688811851277889714e-02 1.031126758817599992e-01 1.446283909899343800e-01 1.827673344988055837e-01 2.094177346261698880e-01 1.768448507037025108e-01 1.398140616843547290e-01
-1.374263559061104367e-01 -9.383448151899172196e-02 -4.705102267222419088e-02 6.538109580990571906e-03 5.750281063337790710e-02 1.011919016981746577e-01 1.397122037325908561e-01 1.768448507037025108e-01 1.822691243489651391e-01 1.650380069548972040e-01
-1.787481832252039993e-01 -1.389875607009649350e-01 -9.678353898141635325e-02 -4.661297344195033943e-02 7.895533194617746983e-03 5.773618191487975976e-02 9.993902438140063460e-02 1.398140616843547290e-01 1.650380069548972040e-01 1.859107089032898397e-01
2.301081332995204010e-01 1.922663657390221714e-01 1.413366504898054821e-01 9.928473376851877641e-02 5.061690845319326282e-02 2.203323321631094241e-03 -4.693654510766828020e-02 -1.009455381863672840e-01 -1.494175025883607566e-01 -1.912809876442924384e-01
1.922663657390221714e-01 2.035411077257946455e-01 1.736967133779300787e-01 1.410750586940768270e-01 9.758181863363728226e-02 5.715243032540030799e-02 7.609708387998300773e-03 -4.541431100224060935e-02 -9.653963033408050065e-02 -1.416181659554766326e-01
1.413366504898054821e-01 1.736967133779300787e-01 1.879603672976815631e-01 1.767107076233157548e-01 1.375043621492693380e-01 1.027991980088385632e-01 5.741599968188696584e-02 1.140465115197877854e-02 -4.127702172787277995e-02 -9.051608835343942505e-02
9.928473376851877641e-02 1.410750586940768270e-01 1.767107076233157548e-01 2.043843802378600139e-01 1.777486446120662422e-01 1.462254622610876242e-01 1.012320436113020167e-01 6.268448130178783106e-02 1.155625805402961219e-02 -4.411606078848787776e-02
5.061690845319326282e-02 9.758181863363728226e-02 1.375043621492693380e-01 1.777486446120662422e-01 1.900834962094886116e-01 1.762926745340198664e-01 1.334966015446745202e-01 1.017271933912439752e-01 5.858304685287131497e-02 5.365939710758392371e-03
2.203323321631094241e-03 5.715243032540030799e-02 1.027991980088385632e-01 1.462254622610876242e-01 1.762926745340198664e-01 1.982883653393559542e-01 1.662579973133956335e-01 1.406762891902558765e-01 1.019559146909597702e-01 5.237982932506050904e-02
-4.693654510766828020e-02 7.609708387998300773e-03 5.741599968188696584e-02 1.012320436113020167e-01 1.334966015446745202e-01 1.662579973133956335e-01 1.692327427906429871e-01 1.654362563656795460e-01 1.354673083148071888e-01 9.180787529143953629e-02
-1.009455381863672840e-01 -4.541431100224060935e-02 1.140465115197877854e-02 6.268448130178783106e-02 1.017271933912439752e-01 1.406762891902558765e-01 1.654362563656795460e-01 2.005157455249019227e-01 1.860111477832675775e-01 1.420591262494517726e-01
-1.494175025883607566e-01 -9.653963033408050065e-02 -4.127702172787277995e-02 1.155625805402961219e-02 5.858304685287131497e-02 1.019559146909597702e-01 1.354673083148071888e-01 1.860111477832675775e-01 2.131169093178393592e-01 1.843333209184651600e-01
-1.912809876442924384e-01 -1.416181659554766326e-01 -9.051608835343942505e-02 -4.411606078848787776e-02 5.365939710758392371e-03 5.237982932506050904e-02 9.180787529143953629e-02 1.420591262494517726e-01 1.843333209184651600e-01 2.027687522569136813e-01
2.047620661662973851e-01 1.794909292434523351e-01 1.417461580485146477e-01 9.989581220364496250e-02 4.979399970445115564e-02 2.482873991629879038e-04 -5.015048925221319426e-02 -9.963932178491044511e-02 -1.360482239888752276e-01 -1.893398936784637387e-01
1.794909292434523351e-01 1.988138437022006766e-01 1.804885235575746094e-01 1.439795913588371445e-01 9.660694519265802804e-02 5.360850906876825361e-02 3.828666209842584815e-03 -4.800584212739762019e-02 -9.126609815926084446e-02 -1.443830675108298267e-01
1.417461580485146477e-01 1.804885235575746094e-01 2.046346012731045938e-01 1.851063779426631584e-01 1.386979530725467868e-01 1.003427610274152670e-01 5.550581969711528008e-02 6.629141847272550583e-03 -4.473992491873819699e-02 -9.975371003422756067e-02
9.989581220364496250e-02 1.439795913588371445e-01 1.851063779426631584e-01 2.076658786538189139e-01 1.748823822259672200e-01 1.416599607643614922e-01 1.009632381084623609e-01 5.932210770389771681e-02 5.037280029556591432e-03 -5.155005273844847496e-02
4.979399970445115564e-02 9.660694519265802804e-02 1.386979530725467868e-01 1.748823822259672200e-01 1.819762077376890774e-01 1.688282514619284247e-01 1.351498793203549931e-01 1.011143133035925235e-01 5.174254789029378993e-02 2.483286831124521983e-03
2.482873991629879038e-04 5.360850906876825361e-02 1.003427610274152670e-01 1.416599607643614922e-01 1.688282514619284247e-01 1.919057442610142550e-01 1.737309984271855623e-01 1.452233242033622584e-01 9.633775858347010113e-02 5.456897351754252945e-02
-5.015048925221319426e-02 3.828666209842584815e-03 5.550581969711528008e-02 1.009632381084623609e-01 1.351498793203549931e-01 1.737309984271855623e-01 1.941429953879197923e-01 1.844981990326294008e-01 1.358400005862718252e-01 1.008694978864875386e-01
-9.963932178491044511e-02 -4.800584212739762019e-02 6.629141847272550583e-03 5.932210770389771681e-02 1.011143133035925235e-01 1.452233242033622584e-01 1.844981990326294008e-01 2.159972015473723694e-01 1.770080652368469509e-01 1.481112124636840000e-01
-1.360482239888752276e-01 -9.126609815926084446e-02 -4.473992491873819699e-02 5.037280029556591432e-03 5.174254789029378993e-02 9.633775858347010113e-02 1.358400005862718252e-01 1.770080652368469509e-01 1.810004727067992258e-01 1.774232205076833602e-01
-1.893398936784637387e-01 -1.443830675108298267e-01 -9.975371003422756067e-02 -5.155005273844847496e-02 2.483286831124521983e-03 5.456897351754252945e-02 1.008694978864875386e-01 1.481112124636840000e-01 1.774232205076833602e-01 2.191009885637845989e-01
2.028401534386432559e-01 1.793628489796518788e-01 1.463606845516554067e-01 9.288259967481818369e-02 4.766201666743744014e-02 -3.515676257304414885e-03 -5.303677248765202579e-02 -9.718926493879312400e-02 -1.407503028061787564e-01 -1.853330259605827923e-01
1.793628489796518788e-01 2.000217963028440016e-01 1.875909622808116795e-01 1.346937692191801372e-01 9.596064855426891804e-02 4.977569312808557966e-02 -7.875365725150766097e-04 -5.045963648870884638e-02 -9.763496942600501105e-02 -1.440117554283046053e-01
1.463606845516554067e-01 1.875909622808116795e-01 2.194242141629022813e-01 1.770545032753324532e-01 1.442300130671452796e-01 1.016636403315657883e-01 5.360757296699533714e-02 1.122810888876425066e-03 -5.261646755216115023e-02 -1.039425977450523370e-01
9.288259967481818369e-02 1.346937692191801372e-01 1.770545032753324532e-01 1.792690142611607640e-01 1.717334375152325121e-01 1.379569488360589402e-01 9.643041087068754402e-02 5.182874362170732802e-02 2.840247295722277132e-03 -4.815631928908165743e-02
4.766201666743744014e-02 9.596064855426891804e-02 1.442300130671452796e-01 1.717334375152325121e-01 2.063765501000398017e-01 1.868718594548278988e-01 1.451425163880478708e-01 1.018158100507058211e-01 5.611778620497363812e-02 4.813420568519049224e-03
-3.515676257304414885e-03 4.977569312808557966e-02 1.016636403315657883e-01 1.379569488360589402e-01 1.868718594548278988e-01 2.084949612838714605e-01 1.816695678579418050e-01 1.412976754754811104e-01 1.001281825468895437e-01 5.580726097479087738e-02
-5.303677248765202579e-02 -7.875365725150766097e-04 5.360757296699533714e-02 9.643041087068754402e-02 1.451425163880478708e-01 1.816695678579418050e-01 1.965072605386878335e-01 1.729659785096777647e-01 1.375489767809635611e-01 9.968954641393570903e-02
-9.718926493879312400e-02 -5.045963648870884638e-02 1.122810888876425066e-03 5.182874362170732802e-02 1.018158100507058211e-01 1.412976754754811104e-01 1.729659785096777647e-01 1.869031403285535409e-01 1.695624556787769799e-01 1.392388726842683222e-01
-1.407503028061787564e-01 -9.763496942600501105e-02 -5.261646755216115023e-02 2.840247295722277132e-03 5.611778620497363812e-02 1.001281825468895437e-01 1.375489767809635611e-01 1.695624556787769799e-01 1.902895007545447326e-01 1.792864533792240256e-01
-1.853330259605827923e-01 -1.440117554283046053e-01 -1.039425977450523370e-01 -4.815631928908165743e-02 4.813420568519049224e-03 5.580726097479087738e-02 9.968954641393570903e-02 1.392388726842683222e-01 1.792864533792240256e-01 2.098734088287528277e-01
2.047700708463411901e-01 1.854056352635615745e-01 1.424736447288916241e-01 9.903523086208838866e-02 5.397332982489828901e-02 1.653505782234091295e-03 -5.019963508151492615e-02 -9.941902689148257588e-02 -1.420190619560310064e-01 -1.769480263293174149e-01
1.854056352635615745e-01 2.083784940385647877e-01 1.803626079807450211e-01 1.405757224058438726e-01 1.009771278775339898e-01 5.348232956788663561e-02 8.117825187660386316e-04 -5.275144226350901577e-02 -1.006498410213979566e-01 -1.416336534869771790e-01
1.424736447288916241e-01 1.803626079807450211e-01 1.936755675260289355e-01 1.723427262409004124e-01 1.402264650594563788e-01 9.814822892012159405e-02 5.108437589038139492e-02 3.548079685989280127e-05 -5.217232747221751954e-02 -9.749740201536810646e-02
9.903523086208838866e-02 1.405757224058438726e-01 1.723427262409004124e-01 1.903805616020190494e-01 1.776346804678605451e-01 1.401732992533165634e-01 9.692403846621193420e-02 5.222759582154921226e-02 6.607779034018690248e-05 -5.117372097888257809e-02
5.397332982489828901e-02 1.009771278775339898e-01 1.402264650594563788e-01 1.776346804678605451e-01 2.057127118832995094e-01 1.834316507022483167e-01 1.420928712951130546e-01 1.016404828243449299e-01 5.319649604658735487e-02 -8.113805167940496121e-04
1.653505782234091295e-03 5.348232956788663561e-02 9.814822892012159405e-02 1.401732992533165634e-01 1.834316507022483167e-01 2.028352404172819312e-01 1.780722593783233554e-01 1.434284010662479070e-01 9.978412985960107007e-02 5.008493896263936651e-02
-5.019963508151492615e-02 8.117825187660386316e-04 5.108437589038139492e-02 9.692403846621193420e-02 1.420928712951130546e-01 1.780722593783233554e-01 1.947108768296748338e-01 1.795578010741177843e-01 1.408675373947373965e-01 9.517990184950880783e-02
-9.941902689148257588e-02 -5.275144226350901577e-02 3.548079685989280127e-05 5.222759582154921226e-02 1.016404828243449299e-01 1.434284010662479070e-01 1.795578010741177843e-01 2.064013996311785393e-01 1.834727897028556043e-01 1.397909585732788618e-01
