3.503802107531022170e-01 3.085283242126588554e-01 4.297477751928935330e-02 -8.914607528034521056e-02 -9.454120377580618739e-02 -1.134820233214769991e-02 8.338124672701180407e-02 6.804637920687171826e-02 -9.832755697946869711e-02 -2.951881134028581655e-01
3.085283242126588554e-01 6.046231441757119462e-01 3.195090530870321466e-01 6.706595588271443975e-02 -7.007885944886788065e-02 -9.242948427469253880e-02 -5.416825405472530663e-02 6.315393151633089119e-02 1.016824720319400716e-01 -2.909842851454986709e-02
4.297477751928935330e-02 3.195090530870321466e-01 3.307607904038158408e-01 2.556690350663161082e-01 1.520134595576168590e-01 2.361954402846264123e-02 -7.450897766950438650e-02 -5.706911866679679340e-02 5.601294431466931345e-02 1.061539128193429715e-01
-8.914607528034521056e-02 6.706595588271443975e-02 2.556690350663161082e-01 3.449496857683628237e-01 3.135776761019407610e-01 1.577724956073520979e-01 1.984608062881432385e-03 -1.040140360491904337e-01 -4.245064752809059316e-02 8.102206691783725434e-02
-9.454120377580618739e-02 -7.007885944886788065e-02 1.520134595576168590e-01 3.135776761019407610e-01 3.618712777326507646e-01 2.483920665034476394e-01 1.264471798319340978e-01 -5.009582644818472846e-02 -9.673620993912657173e-02 -7.592413658946270925e-03
-1.134820233214769991e-02 -9.242948427469253880e-02 2.361954402846264123e-02 1.577724956073520979e-01 2.483920665034476394e-01 2.518672540172034457e-01 2.575717688283035156e-01 1.056957692987970099e-01 -5.656077328088789102e-02 -8.937662824092910963e-02
8.338124672701180407e-02 -5.416825405472530663e-02 -7.450897766950438650e-02 1.984608062881432385e-03 1.264471798319340978e-01 2.575717688283035156e-01 4.398967868222342092e-01 3.496756692029199254e-01 7.085879562314006952e-02 -1.195367826728337829e-01
6.804637920687171826e-02 6.315393151633089119e-02 -5.706911866679679340e-02 -1.040140360491904337e-01 -5.009582644818472846e-02 1.056957692987970099e-01 3.496756692029199254e-01 4.469740531031320407e-01 2.789938638149656591e-01 6.273360137182036611e-02
-9.832755697946869711e-02 1.016824720319400716e-01 5.601294431466931345e-02 -4.245064752809059316e-02 -9.673620993912657173e-02 -5.656077328088789102e-02 7.085879562314006952e-02 2.789938638149656591e-01 3.861480072700123056e-01 3.327015295338310308e-01
-2.951881134028581655e-01 -2.909842851454986709e-02 1.061539128193429715e-01 8.102206691783725434e-02 -7.592413658946270925e-03 -8.937662824092910963e-02 -1.195367826728337829e-01 6.273360137182036611e-02 3.327015295338310308e-01 4.825287899537825664e-01
2.308194900691871720e-01 2.004493007849870723e-01 1.071893296280765906e-01 -7.130829254253599758e-02 -9.416602104127586026e-02 -5.150387956473121386e-04 9.627323839884766032e-02 1.056774927681162352e-01 -1.025146666107038113e-01 -2.773242092623343646e-01
2.004493007849870723e-01 2.680802386510614532e-01 3.013340864928120144e-01 6.523578973498479761e-02 -7.037767242273633428e-02 -7.329229468867132224e-02 5.091244644857063212e-02 1.229615856137075414e-01 5.707246832676188437e-03 -1.665783788660901155e-01
1.071893296280765906e-01 3.013340864928120144e-01 5.733102415717216127e-01 3.380795205919405744e-01 6.765447084858444704e-02 -1.007572861770349992e-01 -5.116893381743994884e-02 2.416193038721873784e-02 6.384875165537870489e-02 -1.087446925100808617e-03
-7.130829254253599758e-02 6.523578973498479761e-02 3.380795205919405744e-01 3.699199800028508678e-01 2.440433873713258039e-01 9.349126015175085458e-02 -6.450087185584954530e-02 -1.220178598345147414e-01 1.538664609224505396e-03 1.236105965357445213e-01
-9.416602104127586026e-02 -7.037767242273633428e-02 6.765447084858444704e-02 2.440433873713258039e-01 3.240068136941312016e-01 3.373216855542876536e-01 6.464570292479959734e-02 -9.462482213657648356e-02 -6.291229290156707954e-02 6.941223979935351451e-02
-5.150387956473121386e-04 -7.329229468867132224e-02 -1.007572861770349992e-01 9.349126015175085458e-02 3.373216855542876536e-01 5.859119802753149919e-01 2.845783043633366427e-01 8.748351794535239034e-02 -6.685789065188707525e-02 -7.311260788974931202e-02
9.627323839884766032e-02 5.091244644857063212e-02 -5.116893381743994884e-02 -6.450087185584954530e-02 6.464570292479959734e-02 2.845783043633366427e-01 2.675446451924227143e-01 2.667265325292168532e-01 9.274477958743565509e-02 -9.206372544636640121e-02
1.056774927681162352e-01 1.229615856137075414e-01 2.416193038721873784e-02 -1.220178598345147414e-01 -9.462482213657648356e-02 8.748351794535239034e-02 2.667265325292168532e-01 4.589111519760847302e-01 3.328340766878128409e-01 1.526055765160345447e-02
-1.025146666107038113e-01 5.707246832676188437e-03 6.384875165537870489e-02 1.538664609224505396e-03 -6.291229290156707954e-02 -6.685789065188707525e-02 9.274477958743565509e-02 3.328340766878128409e-01 4.779748182506665666e-01 3.170163782812301934e-01
-2.773242092623343646e-01 -1.665783788660901155e-01 -1.087446925100808617e-03 1.236105965357445213e-01 6.941223979935351451e-02 -7.311260788974931202e-02 -9.206372544636640121e-02 1.526055765160345447e-02 3.170163782812301934e-01 4.435206403165631861e-01
4.955205050220075069e-01 3.140961507243520412e-01 1.430636427663070087e-01 -3.068370676565425684e-02 -1.128109077501478763e-01 -2.618930016648329112e-02 9.355553024992899203e-02 7.187331534509878994e-02 -8.094726685353517692e-02 -2.985483791458452552e-01
3.140961507243520412e-01 2.942977775550639774e-01 2.425410476315966457e-01 1.152160197287434018e-01 -4.653007898096436085e-02 -8.463432796096775901e-02 -1.582610511502380302e-02 8.277612111453358512e-02 8.105874033955796920e-02 -9.595483909938498646e-02
1.430636427663070087e-01 2.425410476315966457e-01 3.249808372378802379e-01 2.955072448125902196e-01 1.093234217989191570e-01 -6.922465017852777458e-02 -1.109593655943808127e-01 2.466682915339171028e-02 1.257631841822843266e-01 3.775608050865950083e-02
-3.068370676565425684e-02 1.152160197287434018e-01 2.955072448125902196e-01 4.261513317738063744e-01 3.304950231376453385e-01 7.214338602082452645e-02 -1.010421340561538650e-01 -6.421892941556953116e-02 3.852079072154672434e-02 8.008592086550458955e-02
-1.128109077501478763e-01 -4.653007898096436085e-02 1.093234217989191570e-01 3.304950231376453385e-01 4.427301797930034977e-01 2.819184922245438485e-01 8.871844669582069909e-02 -7.286702616996409976e-02 -1.053363788702802728e-01 7.982496667806815438e-03
-2.618930016648329112e-02 -8.463432796096775901e-02 -6.922465017852777458e-02 7.214338602082452645e-02 2.819184922245438485e-01 3.540942067525257309e-01 3.235182249251672415e-01 7.607726147359394897e-02 -9.711186654044190458e-02 -7.704284845498697576e-02
9.355553024992899203e-02 -1.582610511502380302e-02 -1.109593655943808127e-01 -1.010421340561538650e-01 8.871844669582069909e-02 3.235182249251672415e-01 5.044373008927215407e-01 2.975490654527689349e-01 7.363382070525925638e-02 -7.164644434836005271e-02
7.187331534509878994e-02 8.277612111453358512e-02 2.466682915339171028e-02 -6.421892941556953116e-02 -7.286702616996409976e-02 7.607726147359394897e-02 2.975490654527689349e-01 3.489202337261173570e-01 3.090604799533076541e-01 1.002042952854403091e-01
-8.094726685353517692e-02 8.105874033955796920e-02 1.257631841822843266e-01 3.852079072154672434e-02 -1.053363788702802728e-01 -9.711186654044190458e-02 7.363382070525925638e-02 3.090604799533076541e-01 4.741786724532871533e-01 3.006179144229889633e-01
-2.985483791458452552e-01 -9.595483909938498646e-02 3.775608050865950083e-02 8.008592086550458955e-02 7.982496667806815438e-03 -7.704284845498697576e-02 -7.164644434836005271e-02 1.002042952854403091e-01 3.006179144229889633e-01 3.346889547935878451e-01
3.027855765025722068e-01 2.769694615104346669e-01 1.067033073300090867e-01 -5.755192927098211342e-02 -9.679979444018800561e-02 -3.719238636367544482e-02 6.499176251683887184e-02 1.046415916028534954e-01 -1.377109763861466760e-02 -2.983166124138663111e-01
2.769694615104346669e-01 4.356259621678972849e-01 3.248610971631471500e-01 9.459344166486492733e-02 -7.272665273519035578e-02 -1.141031279286120331e-01 -4.081297611453946900e-02 7.749417605337317883e-02 1.178833886332515402e-01 -8.962837502984075111e-02
1.067033073300090867e-01 3.248610971631471500e-01 3.979309720226781311e-01 2.930550605935834385e-01 1.096329498461897645e-01 -3.080395972582240793e-02 -8.937179479098900092e-02 -4.469829580807392622e-02 5.616132814028765990e-02 6.864211715981216599e-02
-5.755192927098211342e-02 9.459344166486492733e-02 2.930550605935834385e-01 3.872023379927349573e-01 2.951831967889098629e-01 1.446427640364815193e-01 -1.656309159708404394e-02 -1.043642622765034167e-01 -6.336337908217475057e-02 9.906021667291886601e-02
-9.679979444018800561e-02 -7.272665273519035578e-02 1.096329498461897645e-01 2.951831967889098629e-01 3.382343465522048009e-01 2.757453823396793791e-01 1.312468722730664450e-01 -2.877968187388357801e-02 -1.010579209777202753e-01 1.847242234675431846e-02
-3.719238636367544482e-02 -1.141031279286120331e-01 -3.080395972582240793e-02 1.446427640364815193e-01 2.757453823396793791e-01 3.384793007705472201e-01 2.854181363853736109e-01 1.283896741809105735e-01 -3.932678105745959773e-02 -8.126666746057170654e-02
6.499176251683887184e-02 -4.081297611453946900e-02 -8.937179479098900092e-02 -1.656309159708404394e-02 1.312468722730664450e-01 2.854181363853736109e-01 3.696281133680957010e-01 2.964759698448583558e-01 1.136681736544115362e-01 -1.165975093217915953e-01
1.046415916028534954e-01 7.749417605337317883e-02 -4.469829580807392622e-02 -1.043642622765034167e-01 -2.877968187388357801e-02 1.283896741809105735e-01 2.964759698448583558e-01 3.704514810737818964e-01 3.036859121093370972e-01 7.056407508816723781e-03
-1.377109763861466760e-02 1.178833886332515402e-01 5.616132814028765990e-02 -6.336337908217475057e-02 -1.010579209777202753e-01 -3.932678105745959773e-02 1.136681736544115362e-01 3.036859121093370972e-01 4.759976951766107245e-01 3.233100212929152506e-01
-2.983166124138663111e-01 -8.962837502984075111e-02 6.864211715981216599e-02 9.906021667291886601e-02 1.847242234675431846e-02 -8.126666746057170654e-02 -1.165975093217915953e-01 7.056407508816723781e-03 3.233100212929152506e-01 5.836642143728800747e-01
5.541288689500462050e-01 2.390647662956660313e-01 1.301653039514575338e-01 -3.156712424112434467e-02 -1.030390821922134437e-01 -5.197302174906719141e-02 7.459346083805462602e-02 1.388867882063113957e-01 1.608362449906726444e-02 -3.547722110253456740e-01
2.390647662956660313e-01 1.549007617174757434e-01 1.858957403354921101e-01 1.058734710259018885e-01 -2.798584972337146357e-02 -7.937513626401425382e-02 -1.979684807125961510e-02 6.619916310461623765e-02 7.871154662607854346e-02 -8.803375542030301981e-02
1.301653039514575338e-01 1.858957403354921101e-01 3.906944069547536591e-01 3.678137759941991214e-01 9.488154190654707332e-02 -1.014105092911732897e-01 -1.119534621281973730e-01 -3.605533293835424917e-03 1.007588707005607070e-01 3.654080142318322233e-02
-3.156712424112434467e-02 1.058734710259018885e-01 3.678137759941991214e-01 4.889331998629682374e-01 2.773259299069923411e-01 6.544094181443882441e-02 -6.136197823336585200e-02 -7.342414138505186372e-02 -7.807091159364070929e-03 7.010941362804740118e-02
-1.030390821922134437e-01 -2.798584972337146357e-02 9.488154190654707332e-02 2.773259299069923411e-01 3.322133441777962992e-01 2.967022757648233311e-01 1.380012119249286184e-01 -2.678548249823954272e-02 -1.070735934853472016e-01 -5.063574102459304435e-03
-5.197302174906719141e-02 -7.937513626401425382e-02 -1.014105092911732897e-01 6.544094181443882441e-02 2.967022757648233311e-01 4.380099235301076477e-01 3.240037213583726317e-01 1.047242147792593753e-01 -7.991853116984079519e-02 -7.556410836325228031e-02
7.459346083805462602e-02 -1.979684807125961510e-02 -1.119534621281973730e-01 -6.136197823336585200e-02 1.380012119249286184e-01 3.240037213583726317e-01 3.495189104632404620e-01 2.482978264077627673e-01 1.024841860634302382e-01 -5.596664899332007281e-02
1.388867882063113957e-01 6.619916310461623765e-02 -3.605533293835424917e-03 -7.342414138505186372e-02 -2.678548249823954272e-02 1.047242147792593753e-01 2.482978264077627673e-01 3.419107632794610163e-01 3.345830904105590586e-01 6.879874358446905203e-02
1.608362449906726444e-02 7.871154662607854346e-02 1.007588707005607070e-01 -7.807091159364070929e-03 -1.070735934853472016e-01 -7.991853116984079519e-02 1.024841860634302382e-01 3.345830904105590586e-01 5.143209638996941724e-01 2.929877210724994852e-01
-3.547722110253456740e-01 -8.803375542030301981e-02 3.654080142318322233e-02 7.010941362804740118e-02 -5.063574102459304435e-03 -7.556410836325228031e-02 -5.596664899332007281e-02 6.879874358446905203e-02 2.929877210724994852e-01 4.353688571644527272e-01
2.796312768950673378e-01 3.044501838888881151e-01 1.022594548012921989e-01 -7.623078275917991031e-02 -9.044720234059927533e-02 -1.441345701909143998e-03 8.889975410171722936e-02 4.859247341274877674e-02 -8.266214265143986828e-02 -2.511573001468916377e-01
3.044501838888881151e-01 5.294802606136316259e-01 3.190703365642342804e-01 4.925489630850252154e-02 -1.032678967309382384e-01 -9.079072765277379498e-02 6.472685149447251172e-03 9.121456143503858804e-02 1.021689639024010721e-01 -8.957730428918711518e-02
1.022594548012921989e-01 3.190703365642342804e-01 3.465004026533420323e-01 2.834511448758487151e-01 1.022672439891457036e-01 -3.623000020296873042e-02 -8.966127042267743597e-02 -1.274863295720320838e-02 7.713251656358519059e-02 5.328706944124791955e-02
-7.623078275917991031e-02 4.925489630850252154e-02 2.834511448758487151e-01 4.766240634552052491e-01 3.419179105297057708e-01 1.116858876089674990e-01 -7.788962072566489592e-02 -9.961874624350537666e-02 -3.400224484932704017e-02 8.725506327859025579e-02
-9.044720234059927533e-02 -1.032678967309382384e-01 1.022672439891457036e-01 3.419179105297057708e-01 3.584509024287537704e-01 2.411502343601417686e-01 1.021236982408491867e-01 -3.368476507108433132e-02 -8.967217371973289219e-02 -1.629984980688994976e-03
-1.441345701909143998e-03 -9.079072765277379498e-02 -3.623000020296873042e-02 1.116858876089674990e-01 2.411502343601417686e-01 3.146868143665823014e-01 3.242408660421596256e-01 1.241426342390804516e-01 -4.198416566956609391e-02 -9.056722405517175778e-02
8.889975410171722936e-02 6.472685149447251172e-03 -8.966127042267743597e-02 -7.788962072566489592e-02 1.021236982408491867e-01 3.242408660421596256e-01 4.987943470647243638e-01 2.963906999048966373e-01 9.487945217059273739e-02 -9.547413118116235276e-02
4.859247341274877674e-02 9.121456143503858804e-02 -1.274863295720320838e-02 -9.961874624350537666e-02 -3.368476507108433132e-02 1.241426342390804516e-01 2.963906999048966373e-01 2.750165061170404268e-01 2.503656824594246988e-01 8.641398535973662809e-02
-8.266214265143986828e-02 1.021689639024010721e-01 7.713251656358519059e-02 -3.400224484932704017e-02 -8.967217371973289219e-02 -4.198416566956609391e-02 9.487945217059273739e-02 2.503656824594246988e-01 4.571748043876728840e-01 3.674729111882172328e-01
-2.511573001468916377e-01 -8.957730428918711518e-02 5.328706944124791955e-02 8.725506327859025579e-02 -1.629984980688994976e-03 -9.056722405517175778e-02 -9.547413118116235276e-02 8.641398535973662809e-02 3.674729111882172328e-01 4.636406220179882798e-01
4.371237411905295467e-01 3.021997023605257349e-01 8.541402056216991501e-02 -9.937250352162275979e-02 -1.480911951602367251e-02 7.093581269918948495e-02 6.790575159549669393e-02 -1.365469926710527471e-02 -1.256746410790721413e-01 -3.245814633170180930e-01
3.021997023605257349e-01 3.734122681570730684e-01 2.953778855619203503e-01 3.690236045577048596e-02 -1.233418803690488896e-01 -6.273271570019189891e-02 5.432679580358444615e-02 1.076492553780039885e-01 2.264544667858273130e-02 -1.174625362596916772e-01
8.541402056216991501e-02 2.953778855619203503e-01 4.379573992361747159e-01 3.189605260940087672e-01 -5.688061928007906443e-02 -1.355943539644282603e-01 -3.265259333831208727e-02 8.622955995184733435e-02 9.053934142290298581e-02 6.934919245871877524e-02
-9.937250352162275979e-02 3.690236045577048596e-02 3.189605260940087672e-01 6.233261934451228559e-01 3.064446403032063948e-01 3.507918860900133967e-02 -8.366873687976736362e-02 -8.520184125645254014e-02 -2.557579022293630846e-03 8.024943380111225488e-02
-1.480911951602367251e-02 -1.233418803690488896e-01 -5.688061928007906443e-02 3.064446403032063948e-01 4.454455417083446056e-01 3.116181328586706822e-01 1.029335337438483933e-01 -6.241694237905436038e-02 -8.979518295798710747e-02 -9.045321203498081497e-02
7.093581269918948495e-02 -6.273271570019189891e-02 -1.355943539644282603e-01 3.507918860900133967e-02 3.116181328586706822e-01 3.707003035059611706e-01 2.740485222053826719e-01 1.243888368274977674e-01 -1.642202195129372280e-02 -1.023180290661071523e-01
6.790575159549669393e-02 5.432679580358444615e-02 -3.265259333831208727e-02 -8.366873687976736362e-02 1.029335337438483933e-01 2.740485222053826719e-01 3.619019515403655851e-01 3.266951697616858330e-01 1.300500931257266568e-01 1.713463129286965300e-02
-1.365469926710527471e-02 1.076492553780039885e-01 8.622955995184733435e-02 -8.520184125645254014e-02 -6.241694237905436038e-02 1.243888368274977674e-01 3.266951697616858330e-01 4.189844496086626568e-01 2.392427198296123714e-01 1.620357048626732965e-01
-1.256746410790721413e-01 2.264544667858273130e-02 9.053934142290298581e-02 -2.557579022293630846e-03 -8.979518295798710747e-02 -1.642202195129372280e-02 1.300500931257266568e-01 2.392427198296123714e-01 1.886068932608106485e-01 2.075425181470501312e-01
-3.245814633170180930e-01 -1.174625362596916772e-01 6.934919245871877524e-02 8.024943380111225488e-02 -9.045321203498081497e-02 -1.023180290661071523e-01 1.713463129286965300e-02 1.620357048626732965e-01 2.075425181470501312e-01 3.425412583469560346e-01
4.921898296217881441e-01 3.187377759101496788e-01 7.178779012410269056e-02 -8.501263085238637551e-02 -9.978620210034325200e-02 -8.001705625047893233e-03 9.439988358274598035e-02 4.986499755671493228e-02 -8.546116319134158812e-02 -3.170518471878847611e-01
3.187377759101496788e-01 4.264073761750400982e-01 3.055253996386034787e-01 9.198436648048566311e-02 -6.621196749197486020e-02 -9.490067994027767684e-02 -2.674081227728761223e-03 9.276835047046164129e-02 1.089301795623465741e-01 -2.861666646601038894e-02
7.178779012410269056e-02 3.055253996386034787e-01 3.957792904332403383e-01 2.973507272968196613e-01 1.193184581032135511e-01 -4.002497558784663678e-02 -9.758791673228339736e-02 -1.783753692146079284e-03 9.490595082132169402e-02 1.082506015902676283e-01
-8.501263085238637551e-02 9.198436648048566311e-02 2.973507272968196613e-01 3.831383034523734854e-01 3.042087557453528324e-01 1.183931468336482107e-01 -7.245232704859944084e-02 -9.529709842304717737e-02 -3.450121324522456567e-02 6.568093981506710477e-02
-9.978620210034325200e-02 -6.621196749197486020e-02 1.193184581032135511e-01 3.042087557453528324e-01 3.721679149907048956e-01 2.799778499588826963e-01 8.598971501982777266e-02 -7.426760093298695464e-02 -1.168321410691387507e-01 -4.010596965172964767e-02
-8.001705625047893233e-03 -9.490067994027767684e-02 -4.002497558784663678e-02 1.183931468336482107e-01 2.799778499588826963e-01 3.712568081848141577e-01 3.232254087417577582e-01 8.731938662007933394e-02 -5.979127071942896832e-02 -9.467144014558452614e-02
9.439988358274598035e-02 -2.674081227728761223e-03 -9.758791673228339736e-02 -7.245232704859944084e-02 8.598971501982777266e-02 3.232254087417577582e-01 5.021727410640877132e-01 3.022820731934622307e-01 1.249843190719554242e-01 -2.898043263051680932e-02
4.986499755671493228e-02 9.276835047046164129e-02 -1.783753692146079284e-03 -9.529709842304717737e-02 -7.426760093298695464e-02 8.731938662007933394e-02 3.022820731934622307e-01 2.948861343955344605e-01 2.474196129209224604e-01 1.316692668713351222e-01
-8.546116319134158812e-02 1.089301795623465741e-01 9.490595082132169402e-02 -3.450121324522456567e-02 -1.168321410691387507e-01 -5.979127071942896832e-02 1.249843190719554242e-01 2.474196129209224604e-01 3.317413432639482185e-01 3.042502479470742260e-01
-3.170518471878847611e-01 -2.861666646601038894e-02 1.082506015902676283e-01 6.568093981506710477e-02 -4.010596965172964767e-02 -9.467144014558452614e-02 -2.898043263051680932e-02 1.316692668713351222e-01 3.042502479470742260e-01 4.302602584184688217e-01
4.291398286682318597e-01 2.558343563162532308e-01 9.199525359746130171e-02 -4.262644326075567397e-02 -6.008144453245198302e-02 -2.681228553341608728e-02 3.660217389763079088e-02 9.203864332798783465e-02 -1.100657017572105323e-01 -3.688043376047462907e-01
2.558343563162532308e-01 2.889600149375733951e-01 2.674018820336179214e-01 1.330282074143006310e-01 -6.058595970483036941e-02 -1.459107914376682746e-01 -4.604939438601717699e-02 7.690868434212756732e-02 1.942535289821569963e-02 -1.103174388086991253e-01
9.199525359746130171e-02 2.674018820336179214e-01 3.998386521027437746e-01 3.462420302440307185e-01 5.271513633666689846e-02 -1.180688139880555210e-01 -7.695793188181350442e-02 4.419777473658246907e-03 7.349994076718152636e-02 7.234928724508304931e-02
-4.262644326075567397e-02 1.330282074143006310e-01 3.462420302440307185e-01 4.798394113409731876e-01 2.670187729722613423e-01 1.174569056104454445e-01 -1.584322153645234977e-03 -7.285929003499949652e-02 2.712176123330413413e-02 1.084460736874720138e-01
-6.008144453245198302e-02 -6.058595970483036941e-02 5.271513633666689846e-02 2.670187729722613423e-01 3.260899186873448263e-01 3.328789320675283880e-01 1.251925308105804047e-01 -4.339844813455573380e-02 -6.313831047957177423e-02 -2.412363030524699442e-02
-2.681228553341608728e-02 -1.459107914376682746e-01 -1.180688139880555210e-01 1.174569056104454445e-01 3.328789320675283880e-01 4.603123193147915515e-01 2.271054297781330833e-01 5.968211741021996891e-02 -9.109143845921210958e-02 -1.241855633276381377e-01
3.660217389763079088e-02 -4.604939438601717699e-02 -7.695793188181350442e-02 -1.584322153645234977e-03 1.251925308105804047e-01 2.271054297781330833e-01 1.901027037797863861e-01 2.616927796773267367e-01 3.922445211243979352e-02 -7.095144034459355264e-02
9.203864332798783465e-02 7.690868434212756732e-02 4.419777473658246907e-03 -7.285929003499949652e-02 -4.339844813455573380e-02 5.968211741021996891e-02 2.616927796773267367e-01 7.476718061248044389e-01 2.999483485202723565e-01 4.530737270819844287e-02
-1.100657017572105323e-01 1.942535289821569963e-02 7.349994076718152636e-02 2.712176123330413413e-02 -6.313831047957177423e-02 -9.109143845921210958e-02 3.922445211243979352e-02 2.999483485202723565e-01 2.282897842309491443e-01 2.254484380584150238e-01
-3.688043376047462907e-01 -1.103174388086991253e-01 7.234928724508304931e-02 1.084460736874720138e-01 -2.412363030524699442e-02 -1.241855633276381377e-01 -7.095144034459355264e-02 4.530737270819844287e-02 2.254484380584150238e-01 4.497555608128053217e-01
5.517729310810024490e-01 3.776181922332880192e-01 9.806092501588872801e-02 -6.694507611755118326e-02 -6.741023140562452109e-02 -9.992420010516143199e-04 6.485047806869626008e-02 6.078973177953756607e-02 -8.275753893089173030e-02 -2.537758872841883173e-01
3.776181922332880192e-01 3.678377902928191001e-01 1.863959051325628224e-01 1.124134214833453771e-01 -3.899604024679771686e-02 -1.020041378812171634e-01 -5.334659860313729907e-02 7.419455739386834892e-02 8.374949909059020703e-02 -9.030028400219604345e-02
9.806092501588872801e-02 1.863959051325628224e-01 1.882793884089306868e-01 2.790319485651334697e-01 8.953532718383218347e-02 -5.799274521892169854e-02 -8.982204860496099952e-02 9.741814905352640629e-04 8.788815582293812989e-02 2.832348497934034787e-02
-6.694507611755118326e-02 1.124134214833453771e-01 2.790319485651334697e-01 6.096236673948686180e-01 3.323949103291449214e-01 5.963037226606464347e-02 -8.656425152272229084e-02 -7.307486262312901104e-02 5.345735120346090108e-02 8.788496966912956454e-02
-6.741023140562452109e-02 -3.899604024679771686e-02 8.953532718383218347e-02 3.323949103291449214e-01 3.208672440077775523e-01 2.473643822731627639e-01 1.330496358379197885e-01 -2.353199848726686763e-02 -9.270349190642615533e-02 -2.022687561551776009e-02
-9.992420010516143199e-04 -1.020041378812171634e-01 -5.799274521892169854e-02 5.963037226606464347e-02 2.473643822731627639e-01 3.673878487171479135e-01 3.285688675891564881e-01 9.770347089897837844e-02 -1.380092240958641914e-01 -1.037042489361997971e-01
6.485047806869626008e-02 -5.334659860313729907e-02 -8.982204860496099952e-02 -8.656425152272229084e-02 1.330496358379197885e-01 3.285688675891564881e-01 4.106236121708740638e-01 2.855932795630233834e-01 1.312688222319407377e-02 -7.517965671343207479e-02
6.078973177953756607e-02 7.419455739386834892e-02 9.741814905352640629e-04 -7.307486262312901104e-02 -2.353199848726686763e-02 9.770347089897837844e-02 2.855932795630233834e-01 4.735842464297214116e-01 3.552754223708711745e-01 1.002545314250229413e-01
-8.275753893089173030e-02 8.374949909059020703e-02 8.788815582293812989e-02 5.345735120346090108e-02 -9.270349190642615533e-02 -1.380092240958641914e-01 1.312688222319407377e-02 3.552754223708711745e-01 4.844546211013708303e-01 2.522212927077353006e-01
-2.537758872841883173e-01 -9.030028400219604345e-02 2.832348497934034787e-02 8.788496966912956454e-02 -2.022687561551776009e-02 -1.037042489361997971e-01 -7.517965671343207479e-02 1.002545314250229413e-01 2.522212927077353006e-01 2.255686503954906219e-01
4.103577853903830341e-01 2.997321614734196338e-01 1.054898694712552709e-01 -5.438043382507268264e-02 -1.038933264857879735e-01 -6.972561569498550438e-02 2.495754669498230841e-02 1.044441056403810908e-01 -4.044576249666283901e-02 -3.209253609353516778e-01
2.997321614734196338e-01 4.096503763531670894e-01 3.087575599421640282e-01 1.114199182800615917e-01 -4.326522444524030092e-02 -1.064965031733010326e-01 -7.999240498562706914e-02 7.591070122213611215e-02 1.044256776388287483e-01 -3.983587746438574384e-02
1.054898694712552709e-01 3.087575599421640282e-01 3.800547003140052893e-01 2.897992302922860475e-01 1.338697840225576974e-01 8.064984397557739201e-03 -7.400590452929969865e-02 -3.569589372236078861e-02 7.134082171140339323e-02 9.777052283502524199e-02
-5.438043382507268264e-02 1.114199182800615917e-01 2.897992302922860475e-01 3.577923213527383628e-01 2.795339470139621696e-01 1.629089609381264292e-01 2.566427047004155026e-02 -1.046478395183785548e-01 -3.763758925975300984e-02 8.309075972098285690e-02
-1.038933264857879735e-01 -4.326522444524030092e-02 1.338697840225576974e-01 2.795339470139621696e-01 2.999201113832432597e-01 2.469065363790585999e-01 1.440275852984360672e-01 -6.594716286049645548e-02 -1.005869421807000230e-01 -2.257352557802550039e-03
-6.972561569498550438e-02 -1.064965031733010326e-01 8.064984397557739201e-03 1.629089609381264292e-01 2.469065363790585999e-01 2.801855891653172170e-01 2.721025318026413231e-01 7.204811925136168915e-02 -8.402604513256942131e-02 -8.268219347810198960e-02
2.495754669498230841e-02 -7.999240498562706914e-02 -7.400590452929969865e-02 2.566427047004155026e-02 1.440275852984360672e-01 2.721025318026413231e-01 4.337994447449954327e-01 3.397189463147295974e-01 4.538844120962716444e-02 -1.158124833367029927e-01
1.044441056403810908e-01 7.591070122213611215e-02 -3.569589372236078861e-02 -1.046478395183785548e-01 -6.594716286049645548e-02 7.204811925136168915e-02 3.397189463147295974e-01 5.261396757425582660e-01 2.931016301661319989e-01 5.238222869264308468e-02
-4.044576249666283901e-02 1.044256776388287483e-01 7.134082171140339323e-02 -3.763758925975300984e-02 -1.005869421807000230e-01 -8.402604513256942131e-02 4.538844120962716444e-02 2.931016301661319989e-01 3.437950482416622933e-01 3.098919196245301100e-01
-3.209253609353516778e-01 -3.983587746438574384e-02 9.777052283502524199e-02 8.309075972098285690e-02 -2.257352557802550039e-03 -8.268219347810198960e-02 -1.158124833367029927e-01 5.238222869264308468e-02 3.098919196245301100e-01 5.583049473119254813e-01
5.135734412510475355e-01 3.149576315278690419e-01 2.756663288783375854e-02 -1.129129700974142725e-01 -5.194803946579318321e-02 4.398950982930181081e-02 9.042901340797040999e-02 3.750355023766573787e-02 -1.186045355016985825e-01 -3.197525197189993174e-01
3.149576315278690419e-01 4.025268855777770494e-01 3.074787991506472973e-01 5.245190853288426991e-02 -9.510178838204794149e-02 -9.983213673200951044e-02 -4.691496308684529187e-03 9.626361881712511281e-02 5.333351728002716508e-02 -8.194572966233244771e-02
2.756663288783375854e-02 3.074787991506472973e-01 5.027767217389813581e-01 3.287817897294744163e-01 5.066144834373175615e-02 -9.506757628594744713e-02 -9.154846070771699429e-02 1.125579733095938804e-02 9.356595390076960506e-02 1.041629892580485106e-01
-1.129129700974142725e-01 5.245190853288426991e-02 3.287817897294744163e-01 4.367549956675831346e-01 2.912818011751960867e-01 1.282682546151233671e-01 -1.894074513954496775e-02 -9.658036394763311328e-02 -3.066492136294726029e-02 6.235349226096212338e-02
-5.194803946579318321e-02 -9.510178838204794149e-02 5.066144834373175615e-02 2.912818011751960867e-01 3.587554738701063117e-01 2.998550016250517980e-01 1.321375373580253587e-01 -5.678764261300520838e-02 -1.045235135517376124e-01 -6.063044699075691157e-02
4.398950982930181081e-02 -9.983213673200951044e-02 -9.506757628594744713e-02 1.282682546151233671e-01 2.998550016250517980e-01 3.607974945335328809e-01 2.701226450088913822e-01 9.592465601829808231e-02 -5.873635969866636275e-02 -1.086401287679830546e-01
9.042901340797040999e-02 -4.691496308684529187e-03 -9.154846070771699429e-02 -1.894074513954496775e-02 1.321375373580253587e-01 2.701226450088913822e-01 3.447281323332849756e-01 3.166982295333563013e-01 1.087297288313976706e-01 -3.312867946254084012e-02
3.750355023766573787e-02 9.626361881712511281e-02 1.125579733095938804e-02 -9.658036394763311328e-02 -5.678764261300520838e-02 9.592465601829808231e-02 3.166982295333563013e-01 4.923971747756652473e-01 3.057995295788582535e-01 1.305237050886015604e-01
-1.186045355016985825e-01 5.333351728002716508e-02 9.356595390076960506e-02 -3.066492136294726029e-02 -1.045235135517376124e-01 -5.873635969866636275e-02 1.087297288313976706e-01 3.057995295788582535e-01 2.796298366561328352e-01 2.248724059995613200e-01
-3.197525197189993174e-01 -8.194572966233244771e-02 1.041629892580485106e-01 6.235349226096212338e-02 -6.063044699075691157e-02 -1.086401287679830546e-01 -3.312867946254084012e-02 1.305237050886015604e-01 2.248724059995613200e-01 3.080598435958790127e-01
5.962016091260219364e-01 3.252005562839554442e-01 4.516741229521741008e-02 -9.545118115781217605e-02 -6.339080611337508109e-02 1.488883712554054002e-02 6.965518190791911146e-02 1.109395532384409300e-01 -3.173204324809284632e-02 -3.088626517213957090e-01
3.252005562839554442e-01 3.880520542520558003e-01 2.652796694436393432e-01 1.419450625200525673e-01 -3.334531263000829748e-02 -1.276996139636544791e-01 -5.589212872166282597e-02 4.160763180536291433e-02 1.066385618395857687e-01 -3.056463332580708347e-02
4.516741229521741008e-02 2.652796694436393432e-01 3.301074845602908203e-01 3.219415673633623243e-01 9.786964733050373955e-02 -7.486308289472938526e-02 -8.854934480692716603e-02 -6.207874548194720205e-02 6.174895543465751258e-02 9.429761826740798436e-02
-9.545118115781217605e-02 1.419450625200525673e-01 3.219415673633623243e-01 4.573514544600624787e-01 2.778434527715872293e-01 1.085653406137479515e-01 -2.505040766868121133e-02 -9.889027910705774915e-02 -2.836480855840929974e-02 9.001836885593715587e-02
-6.339080611337508109e-02 -3.334531263000829748e-02 9.786964733050373955e-02 2.778434527715872293e-01 3.172878661049195470e-01 3.095049189768154796e-01 1.291198656918018384e-01 9.665408573135626097e-03 -7.884674807636121718e-02 -3.347490294174136627e-02
1.488883712554054002e-02 -1.276996139636544791e-01 -7.486308289472938526e-02 1.085653406137479515e-01 3.095049189768154796e-01 4.530718806749585159e-01 2.639159500920251755e-01 1.518719268287382074e-01 -5.511109025282390911e-02 -1.205810016260685791e-01
6.965518190791911146e-02 -5.589212872166282597e-02 -8.854934480692716603e-02 -2.505040766868121133e-02 1.291198656918018384e-01 2.639159500920251755e-01 2.107266095576530718e-01 2.227271464805815060e-01 9.069513624338584878e-02 -5.001033045336814031e-02
1.109395532384409300e-01 4.160763180536291433e-02 -6.207874548194720205e-02 -9.889027910705774915e-02 9.665408573135626097e-03 1.518719268287382074e-01 2.227271464805815060e-01 4.086905869842383243e-01 3.552346917111389724e-01 8.668826167734433596e-02
-3.173204324809284632e-02 1.066385618395857687e-01 6.174895543465751258e-02 -2.836480855840929974e-02 -7.884674807636121718e-02 -5.511109025282390911e-02 9.069513624338584878e-02 3.552346917111389724e-01 4.903620550248817267e-01 2.868956062993880396e-01
-3.088626517213957090e-01 -3.056463332580708347e-02 9.429761826740798436e-02 9.001836885593715587e-02 -3.347490294174136627e-02 -1.205810016260685791e-01 -5.001033045336814031e-02 8.668826167734433596e-02 2.868956062993880396e-01 3.481483992549206929e-01
3.939164618169250232e-01 2.781461281712409028e-01 9.728200588542181004e-02 -6.472795095581912461e-02 -7.960396041716305549e-02 -3.756577271348884861e-02 5.077182646238265207e-02 9.255031609542055393e-02 -6.680014354364784135e-02 -3.438997469944039542e-01
2.781461281712409028e-01 3.878292096219904672e-01 3.102664276964157142e-01 8.893161019628971486e-02 -8.294631334055194150e-02 -1.419320757683756595e-01 -3.754958912927230941e-02 1.094260532777272393e-01 7.275931548735249665e-02 -5.647803460223467520e-02
9.728200588542181004e-02 3.102664276964157142e-01 4.170384891329088073e-01 3.181468204650179654e-01 7.592553527048201412e-02 -6.180429345891966936e-02 -7.373537896652303247e-02 -3.409254332184589315e-03 6.939394557246406081e-02 1.003199254866110335e-01
-6.472795095581912461e-02 8.893161019628971486e-02 3.181468204650179654e-01 4.575613697249381051e-01 2.857732451361162385e-01 1.597072907596053248e-01 -3.298557323335997871e-03 -1.156007062845384736e-01 -3.098616361793974511e-02 7.831685545420494221e-02
-7.960396041716305549e-02 -8.294631334055194150e-02 7.592553527048201412e-02 2.857732451361162385e-01 2.888550764283921990e-01 2.748090774079556819e-01 1.187870853477667188e-01 -5.448812656375952995e-02 -7.651444564913681412e-02 -3.988326576287064967e-02
-3.756577271348884861e-02 -1.419320757683756595e-01 -6.180429345891966936e-02 1.597072907596053248e-01 2.748090774079556819e-01 3.710488640089484313e-01 2.672776633410052227e-01 9.895068653077372656e-02 -5.651448514540610701e-02 -1.230006822158010854e-01
5.077182646238265207e-02 -3.754958912927230941e-02 -7.373537896652303247e-02 -3.298557323335997871e-03 1.187870853477667188e-01 2.672776633410052227e-01 3.336372705548075190e-01 3.312412424611241857e-01 8.418864350176319400e-02 -7.326518340585448652e-02
9.255031609542055393e-02 1.094260532777272393e-01 -3.409254332184589315e-03 -1.156007062845384736e-01 -5.448812656375952995e-02 9.895068653077372656e-02 3.312412424611241857e-01 5.529516873238015107e-01 2.739544444032716020e-01 9.324835730639689790e-02
-6.680014354364784135e-02 7.275931548735249665e-02 6.939394557246406081e-02 -3.098616361793974511e-02 -7.651444564913681412e-02 -5.651448514540610701e-02 8.418864350176319400e-02 2.739544444032716020e-01 2.370335139158415982e-01 2.661291941302720288e-01
-3.438997469944039542e-01 -5.647803460223467520e-02 1.003199254866110335e-01 7.831685545420494221e-02 -3.988326576287064967e-02 -1.230006822158010854e-01 -7.326518340585448652e-02 9.324835730639689790e-02 2.661291941302720288e-01 5.601280574714451177e-01
4.022383559489460247e-01 2.614209677372505425e-01 6.382578709934455530e-02 -6.758506942046701993e-02 -1.093917145311919109e-01 1.157292363707237634e-02 1.173625028041928309e-01 8.052856525696157342e-02 -8.755276183014193414e-02 -3.414800034510952487e-01
2.614209677372505425e-01 3.531077093951859314e-01 3.406757632704576766e-01 7.565805820482582322e-02 -7.944759328083461636e-02 -6.806243123746456847e-02 3.899725883539982563e-02 9.404357800451573768e-02 5.839027284545476870e-02 -8.986233939844240348e-02
6.382578709934455530e-02 3.406757632704576766e-01 5.767542458718299958e-01 2.773211810920919729e-01 9.640770063052796213e-02 -6.720007332029830083e-02 -9.332062684328545910e-02 -1.785450292356687702e-02 7.776398309980064871e-02 1.088685588345538469e-01
-6.758506942046701993e-02 7.565805820482582322e-02 2.773211810920919729e-01 2.371557758764017421e-01 2.499688029075082252e-01 1.002375867877608462e-01 -5.768482790551109074e-02 -9.315348828898983857e-02 -3.381445574670063903e-02 6.874314624044622346e-02
-1.093917145311919109e-01 -7.944759328083461636e-02 9.640770063052796213e-02 2.499688029075082252e-01 4.671098497056356269e-01 3.502967350791354462e-01 6.673934052664040606e-02 -1.008707360913053963e-01 -1.176153776719731647e-01 -8.541502097760368672e-03
1.157292363707237634e-02 -6.806243123746456847e-02 -6.720007332029830083e-02 1.002375867877608462e-01 3.502967350791354462e-01 4.335884872822786673e-01 2.835735278676190796e-01 1.019952970107325663e-01 -2.317597121612461480e-02 -7.530496517090053132e-02
1.173625028041928309e-01 3.899725883539982563e-02 -9.332062684328545910e-02 -5.768482790551109074e-02 6.673934052664040606e-02 2.835735278676190796e-01 3.785378427240342347e-01 3.023793406444351684e-01 1.560561345682220380e-01 -3.200407981755725578e-02
8.052856525696157342e-02 9.404357800451573768e-02 -1.785450292356687702e-02 -9.315348828898983857e-02 -1.008707360913053963e-01 1.019952970107325663e-01 3.023793406444351684e-01 3.467401575872479103e-01 2.729897371959436048e-01 9.989104513920964157e-02
-8.755276183014193414e-02 5.839027284545476870e-02 7.776398309980064871e-02 -3.381445574670063903e-02 -1.176153776719731647e-01 -2.317597121612461480e-02 1.560561345682220380e-01 2.729897371959436048e-01 3.315152234114664975e-01 2.909075350657056580e-01
-3.414800034510952487e-01 -8.986233939844240348e-02 1.088685588345538469e-01 6.874314624044622346e-02 -8.541502097760368672e-03 -7.530496517090053132e-02 -3.200407981755725578e-02 9.989104513920964157e-02 2.909075350657056580e-01 4.732523521969763114e-01
4.314422318858648908e-01 3.226746047350342872e-01 7.420973862413626776e-02 -7.591273504107781678e-02 -9.518550311293852428e-02 2.049221911934794721e-02 1.040633570384218165e-01 7.023836290138429916e-02 -1.157730736957984508e-01 -2.912213289255518589e-01
3.226746047350342872e-01 4.502424503145305290e-01 3.063981423594079323e-01 1.153578361113244272e-01 -4.582287524839925158e-02 -9.309703167634313103e-02 -1.666973179383986897e-02 8.103936253788587840e-02 6.814626510498469902e-02 -8.698207731419772826e-02
7.420973862413626776e-02 3.063981423594079323e-01 3.622458676088466945e-01 2.773097695008713837e-01 1.196937665370728376e-01 -6.851182260893989850e-02 -1.093671756452958832e-01 -2.172773170170519408e-02 1.022882333894502976e-01 8.375199300573982208e-02
-7.591273504107781678e-02 1.153578361113244272e-01 2.773097695008713837e-01 3.400171270268305124e-01 2.984809079929630071e-01 8.670762812439941625e-02 -7.437769012179586137e-02 -9.622638203310444893e-02 2.349757996505897131e-02 1.054688942021452247e-01
-9.518550311293852428e-02 -4.582287524839925158e-02 1.196937665370728376e-01 2.984809079929630071e-01 4.455447420257913071e-01 3.236904329388601287e-01 9.197249452362979416e-02 -7.430031181189927780e-02 -8.423881630464086223e-02 1.348575947744115253e-02
2.049221911934794721e-02 -9.309703167634313103e-02 -6.851182260893989850e-02 8.670762812439941625e-02 3.236904329388601287e-01 4.162231208055656717e-01 2.897182281377855828e-01 1.020920046063419767e-01 -7.851088795051007485e-02 -1.006048034453903145e-01
1.040633570384218165e-01 -1.666973179383986897e-02 -1.093671756452958832e-01 -7.437769012179586137e-02 9.197249452362979416e-02 2.897182281377855828e-01 3.520824620398866345e-01 2.980765919317123758e-01 8.402212388692362199e-02 -7.512654797704075571e-02
