4.285079092442303228e-01 2.512908407556481150e-01 2.662654392712753351e-02 -6.926849546680433067e-02 -4.592623076751303074e-02 2.187451642231277166e-02 5.227290155779443920e-02 3.109751827153140261e-03 -6.723855326827095358e-02 -3.529753606663763033e-02 1.135563052418998020e-01 2.713200819266238795e-01
2.512908407556481150e-01 5.200135870146089800e-01 2.795651040232605689e-01 5.093961644680197742e-02 -6.590632596999210224e-02 -7.080812012616140294e-02 1.631549772456911736e-03 5.141760116477739340e-02 1.646088478455370527e-02 -5.024039384286935889e-02 -5.408286903891723618e-02 4.051378810005513281e-02
2.662654392712753351e-02 2.795651040232605689e-01 4.161947754944319011e-01 2.389772081365675038e-01 7.726964891657639445e-02 -4.044059981355267730e-02 -5.922181335169272864e-02 4.798587005633444223e-03 5.344748410915349524e-02 1.682268395830398972e-02 -6.740770570714862964e-02 -8.725127719682715388e-02
-6.926849546680433067e-02 5.093961644680197742e-02 2.389772081365675038e-01 3.887351023079085865e-01 2.775752260638987279e-01 1.206091984402657830e-01 -4.066894541882877523e-02 -7.074685950959452851e-02 8.902072461548612287e-03 5.744127143088031962e-02 1.733278198248857510e-02 -5.489087352674799219e-02
-4.592623076751303074e-02 -6.590632596999210224e-02 7.726964891657639445e-02 2.775752260638987279e-01 3.974018204981777380e-01 2.585030810983593996e-01 7.577426017747983245e-02 -6.051807107630291505e-02 -5.454812468917497048e-02 2.289034291038859539e-02 6.235994893742915351e-02 2.973532727555595889e-02
2.187451642231277166e-02 -7.080812012616140294e-02 -4.044059981355267730e-02 1.206091984402657830e-01 2.585030810983593996e-01 3.309506963569938121e-01 2.423558161895120744e-01 7.138147486487973759e-02 -6.136807827863662718e-02 -5.336562176616445330e-02 2.986319047474932792e-02 6.834212466772560113e-02
5.227290155779443920e-02 1.631549772456911736e-03 -5.922181335169272864e-02 -4.066894541882877523e-02 7.577426017747983245e-02 2.423558161895120744e-01 4.535222438937228651e-01 2.828828851748417250e-01 3.746874050717600296e-02 -8.296528130342745166e-02 -5.282967047684294232e-02 2.375523843905659460e-02
3.109751827153140261e-03 5.141760116477739340e-02 4.798587005633444223e-03 -7.074685950959452851e-02 -6.051807107630291505e-02 7.138147486487973759e-02 2.828828851748417250e-01 4.617196822025604330e-01 2.390112086297998262e-01 3.716671790505756551e-02 -6.064695174018381457e-02 -5.970993309939653937e-02
-6.723855326827095358e-02 1.646088478455370527e-02 5.344748410915349524e-02 8.902072461548612287e-03 -5.454812468917497048e-02 -6.136807827863662718e-02 3.746874050717600296e-02 2.390112086297998262e-01 4.371022626529224020e-01 2.844682207138730101e-01 8.098536084304963634e-02 -5.806565890549454656e-02
-3.529753606663763033e-02 -5.024039384286935889e-02 1.682268395830398972e-02 5.744127143088031962e-02 2.289034291038859539e-02 -5.336562176616445330e-02 -8.296528130342745166e-02 3.716671790505756551e-02 2.844682207138730101e-01 4.672862103023088798e-01 2.451397917773847357e-01 7.925435593316561278e-02
1.135563052418998020e-01 -5.408286903891723618e-02 -6.740770570714862964e-02 1.733278198248857510e-02 6.235994893742915351e-02 2.986319047474932792e-02 -5.282967047684294232e-02 -6.064695174018381457e-02 8.098536084304963634e-02 2.451397917773847357e-01 3.057777999035898864e-01 2.487951981805910928e-01
2.713200819266238795e-01 4.051378810005513281e-02 -8.725127719682715388e-02 -5.489087352674799219e-02 2.973532727555595889e-02 6.834212466772560113e-02 2.375523843905659460e-02 -5.970993309939653937e-02 -5.806565890549454656e-02 7.925435593316561278e-02 2.487951981805910928e-01 3.927879101285531305e-01
4.900402002665652512e-01 2.848504164588705478e-01 6.672947330302178570e-02 -6.895748281598310103e-02 -6.611134697205016397e-02 7.931193010432574519e-03 4.870820398751299352e-02 1.215527442547260570e-02 -4.894305357519211641e-02 -5.127992449381559709e-02 4.913835915211729743e-02 2.480827841155282265e-01
2.848504164588705478e-01 4.192022780383068969e-01 2.306559606150292985e-01 5.308147846709927731e-02 -5.721921855062231388e-02 -6.117906701650235868e-02 1.148022835920226893e-02 6.100529506936544499e-02 1.703158533072174352e-02 -7.326805045885384504e-02 -8.633004384970867362e-02 3.868013339969897380e-02
6.672947330302178570e-02 2.306559606150292985e-01 3.680483660022985659e-01 2.867250712907666865e-01 1.020882487881193401e-01 -5.499069067120770926e-02 -6.499061574529874097e-02 2.130591957352813426e-02 5.626729721001270945e-02 7.097407427100641333e-03 -6.295463470460160860e-02 -6.218481935042461523e-02
-6.895748281598310103e-02 5.308147846709927731e-02 2.867250712907666865e-01 4.963002532030965086e-01 2.656198590279482685e-01 6.099210414063363506e-02 -5.892428524936705464e-02 -5.269167707933349737e-02 1.762996211819484876e-02 5.966854207005758970e-02 2.880059927674705200e-02 -4.145049780006476725e-02
-6.611134697205016397e-02 -5.721921855062231388e-02 1.020882487881193401e-01 2.656198590279482685e-01 3.096431539746754558e-01 2.318953665092783889e-01 8.547904069028014473e-02 -5.608271077746042332e-02 -6.238296219077635318e-02 1.797294142951587695e-02 6.565287667556837792e-02 3.100730536630092946e-02
7.931193010432574519e-03 -6.117906701650235868e-02 -5.499069067120770926e-02 6.099210414063363506e-02 2.318953665092783889e-01 4.337146522886872191e-01 2.903952263552975199e-01 4.891469407305520933e-02 -8.271145983638618360e-02 -6.133857028218787227e-02 2.176029894660616928e-02 5.836263892643658857e-02
4.870820398751299352e-02 1.148022835920226893e-02 -6.499061574529874097e-02 -5.892428524936705464e-02 8.547904069028014473e-02 2.903952263552975199e-01 4.600652970189075819e-01 2.383478904684322441e-01 4.283369121179881472e-02 -5.751542449825212261e-02 -5.578903004853159181e-02 2.119072890105506719e-03
1.215527442547260570e-02 6.100529506936544499e-02 2.130591957352813426e-02 -5.269167707933349737e-02 -5.608271077746042332e-02 4.891469407305520933e-02 2.383478904684322441e-01 4.184358378935770229e-01 2.823591479461772247e-01 8.866863984285980327e-02 -5.817442790306292383e-02 -7.521150800872133946e-02
-4.894305357519211641e-02 1.703158533072174352e-02 5.626729721001270945e-02 1.762996211819484876e-02 -6.238296219077635318e-02 -8.271145983638618360e-02 4.283369121179881472e-02 2.823591479461772247e-01 4.601643655703390179e-01 2.531333048485297499e-01 7.354442735241309426e-02 -4.273373055074285165e-02
-5.127992449381559709e-02 -7.326805045885384504e-02 7.097407427100641333e-03 5.966854207005758970e-02 1.797294142951587695e-02 -6.133857028218787227e-02 -5.751542449825212261e-02 8.866863984285980327e-02 2.531333048485297499e-01 3.310724499969515122e-01 2.500406320028460971e-01 1.129874862185339390e-01
4.913835915211729743e-02 -8.633004384970867362e-02 -6.295463470460160860e-02 2.880059927674705200e-02 6.565287667556837792e-02 2.176029894660616928e-02 -5.578903004853159181e-02 -5.817442790306292383e-02 7.354442735241309426e-02 2.500406320028460971e-01 3.857679463937329079e-01 2.736473121299028977e-01
2.480827841155282265e-01 3.868013339969897380e-02 -6.218481935042461523e-02 -4.145049780006476725e-02 3.100730536630092946e-02 5.836263892643658857e-02 2.119072890105506719e-03 -7.521150800872133946e-02 -4.273373055074285165e-02 1.129874862185339390e-01 2.736473121299028977e-01 4.275451993528218142e-01
4.654344064495115063e-01 2.629668243901622793e-01 3.717654225540055479e-02 -7.398328462987796561e-02 -4.331704699127020969e-02 3.748941821793479873e-02 6.136372264080804106e-02 6.500666688311106459e-03 -6.658994222414012232e-02 -5.197826816977690889e-02 7.978632094803889130e-02 2.707218281936410453e-01
2.629668243901622793e-01 4.137720302792018412e-01 2.608762514977351898e-01 5.615485056172021122e-02 -6.963687961030999574e-02 -5.308927661694835126e-02 3.112667864752258901e-02 5.907002754437033765e-02 4.518229282974023028e-03 -6.903827982983881673e-02 -5.958806962161915938e-02 7.362872309378198921e-02
3.717654225540055479e-02 2.608762514977351898e-01 4.846485238543801199e-01 2.677992505467964857e-01 4.034860332732902177e-02 -7.563875292552835194e-02 -5.988167162871958771e-02 1.846058013586067414e-02 5.729403051770856625e-02 1.277209853570906647e-02 -5.962334363933154829e-02 -7.209429590352343931e-02
-7.398328462987796561e-02 5.615485056172021122e-02 2.677992505467964857e-01 4.137451723983956997e-01 2.548500627695075016e-01 6.403200442900894296e-02 -6.368868472040731255e-02 -6.379052125761269787e-02 1.548291006563622466e-02 6.056737327216882294e-02 2.598716291586715063e-02 -5.791350851577756198e-02
-4.331704699127020969e-02 -6.963687961030999574e-02 4.034860332732902177e-02 2.548500627695075016e-01 4.609562210908626501e-01 2.777863225386266732e-01 7.788371667749166560e-02 -5.901639471025953848e-02 -6.478074869927502588e-02 1.343361973359295802e-02 6.180836427711508541e-02 3.439732398656233925e-02
3.748941821793479873e-02 -5.308927661694835126e-02 -7.563875292552835194e-02 6.403200442900894296e-02 2.777863225386266732e-01 4.019213032624651682e-01 2.484090434304932482e-01 8.145187524635573439e-02 -5.204900812760328288e-02 -6.429609368918801082e-02 -6.920314641320388614e-04 5.724545229146631165e-02
6.136372264080804106e-02 3.112667864752258901e-02 -5.988167162871958771e-02 -6.368868472040731255e-02 7.788371667749166560e-02 2.484090434304932482e-01 3.629228850395571637e-01 2.662356224493570012e-01 8.696502227327321255e-02 -6.414348059673449787e-02 -8.042213444049341187e-02 -4.876727653676377755e-03
6.500666688311106459e-03 5.907002754437033765e-02 1.846058013586067414e-02 -6.379052125761269787e-02 -5.901639471025953848e-02 8.145187524635573439e-02 2.662356224493570012e-01 4.328099558940187164e-01 2.672868534015666597e-01 6.011672084153059370e-02 -6.367000217231756631e-02 -6.732691068706524173e-02
-6.658994222414012232e-02 4.518229282974023028e-03 5.729403051770856625e-02 1.548291006563622466e-02 -6.478074869927502588e-02 -5.204900812760328288e-02 8.696502227327321255e-02 2.672868534015666597e-01 4.145465207222871484e-01 2.591986259172835427e-01 9.027663185841230953e-02 -4.287721340832671008e-02
-5.197826816977690889e-02 -6.903827982983881673e-02 1.277209853570906647e-02 6.056737327216882294e-02 1.343361973359295802e-02 -6.429609368918801082e-02 -6.414348059673449787e-02 6.011672084153059370e-02 2.591986259172835427e-01 4.110748211805814734e-01 2.692660176260130989e-01 9.667919095388227690e-02
7.978632094803889130e-02 -5.958806962161915938e-02 -5.962334363933154829e-02 2.598716291586715063e-02 6.180836427711508541e-02 -6.920314641320388614e-04 -8.042213444049341187e-02 -6.367000217231756631e-02 9.027663185841230953e-02 2.692660176260130989e-01 3.676328947388277646e-01 2.481510838610892222e-01
2.707218281936410453e-01 7.362872309378198921e-02 -7.209429590352343931e-02 -5.791350851577756198e-02 3.439732398656233925e-02 5.724545229146631165e-02 -4.876727653676377755e-03 -6.732691068706524173e-02 -4.287721340832671008e-02 9.667919095388227690e-02 2.481510838610892222e-01 3.705352650898937061e-01
4.032483987778620049e-01 2.419215533079521474e-01 5.925228344889808124e-02 -5.627654494308071548e-02 -2.982093405251626597e-02 3.453853218867035391e-02 6.344607743733682303e-02 7.291291772820148245e-03 -8.423190188057105843e-02 -6.224699910866540731e-02 1.038240525353550520e-01 2.751166608009011361e-01
2.419215533079521474e-01 4.183928865088872850e-01 2.759048286580449982e-01 3.052831726310030469e-02 -9.218040893132105340e-02 -5.610207263204194938e-02 1.069709540835721284e-02 4.363107902885395711e-02 9.637111715928809580e-03 -5.205604591247624258e-02 -4.959052326729861820e-02 6.973314550334409889e-02
5.925228344889808124e-02 2.759048286580449982e-01 4.840670471040428025e-01 2.378272326688852245e-01 -4.875031268796130475e-03 -6.598427276134616326e-02 -5.238309477148180016e-02 1.609294474596257435e-02 6.159721557281506304e-02 1.571140868017448580e-02 -6.953060731634143343e-02 -6.420787814432551976e-02
-5.627654494308071548e-02 3.052831726310030469e-02 2.378272326688852245e-01 4.984130906369622083e-01 2.915192478762534956e-01 7.625491563713759913e-02 -3.798547285987576017e-02 -4.776008703456330329e-02 1.064287702187929549e-02 4.255385045665839583e-02 1.506520081075681319e-02 -4.185267063775108265e-02
-2.982093405251626597e-02 -9.218040893132105340e-02 -4.875031268796130475e-03 2.915192478762534956e-01 4.737475546822121908e-01 2.064173734229857726e-01 8.059572550302464278e-02 -2.549861524099257537e-02 -6.337388841778768267e-02 -1.229784136824033092e-02 5.241206549164293543e-02 4.465807213579865709e-02
3.453853218867035391e-02 -5.610207263204194938e-02 -6.598427276134616326e-02 7.625491563713759913e-02 2.064173734229857726e-01 1.974315455981967560e-01 2.133066732099612173e-01 1.033381091901018622e-01 -4.882883284149652781e-02 -6.850300467178527253e-02 2.733039150772286624e-03 5.894181982034601974e-02
6.344607743733682303e-02 1.069709540835721284e-02 -5.238309477148180016e-02 -3.798547285987576017e-02 8.059572550302464278e-02 2.133066732099612173e-01 4.285793198699930362e-01 2.954416505072583465e-01 4.902118529146248793e-02 -7.804643223120863449e-02 -6.035094081087614970e-02 2.608883828049156361e-02
7.291291772820148245e-03 4.363107902885395711e-02 1.609294474596257435e-02 -4.776008703456330329e-02 -2.549861524099257537e-02 1.033381091901018622e-01 2.954416505072583465e-01 4.651849937304676219e-01 2.370119853825941036e-01 4.861872581598729315e-02 -5.021565979622021753e-02 -4.740345685078779792e-02
-8.423190188057105843e-02 9.637111715928809580e-03 6.159721557281506304e-02 1.064287702187929549e-02 -6.337388841778768267e-02 -4.882883284149652781e-02 4.902118529146248793e-02 2.370119853825941036e-01 4.079019754327076197e-01 2.734972816344939384e-01 8.878316176169656626e-02 -6.512383263047862025e-02
-6.224699910866540731e-02 -5.205604591247624258e-02 1.571140868017448580e-02 4.255385045665839583e-02 -1.229784136824033092e-02 -6.850300467178527253e-02 -7.804643223120863449e-02 4.861872581598729315e-02 2.734972816344939384e-01 4.367979012713062992e-01 2.607603359893002071e-01 6.270926696325837546e-02
1.038240525353550520e-01 -4.959052326729861820e-02 -6.953060731634143343e-02 1.506520081075681319e-02 5.241206549164293543e-02 2.733039150772286624e-03 -6.035094081087614970e-02 -5.021565979622021753e-02 8.878316176169656626e-02 2.607603359893002071e-01 3.882609803217698663e-01 2.609811844156941230e-01
2.751166608009011361e-01 6.973314550334409889e-02 -6.420787814432551976e-02 -4.185267063775108265e-02 4.465807213579865709e-02 5.894181982034601974e-02 2.608883828049156361e-02 -4.740345685078779792e-02 -6.512383263047862025e-02 6.270926696325837546e-02 2.609811844156941230e-01 3.979743060655592801e-01
4.551649488628462525e-01 2.872186845229099950e-01 7.491270634987803878e-02 -6.506349682450912608e-02 -6.353482027667206600e-02 2.131338901120105600e-02 5.771893290638614726e-02 1.640390721592823939e-02 -5.037425434198251895e-02 -6.093850051943923429e-02 3.787373706470650858e-02 2.389338184517065811e-01
2.872186845229099950e-01 4.546049884281886944e-01 2.396844316263166408e-01 5.912744153855517548e-02 -5.347598223318098670e-02 -5.313483526129400558e-02 1.273421328038564469e-02 5.764795278646647064e-02 2.849068330880279165e-02 -5.511593991815846166e-02 -8.780353520627043329e-02 3.640417281849078757e-02
7.491270634987803878e-02 2.396844316263166408e-01 3.366443320737758649e-01 2.655767333748217940e-01 9.885309450432422373e-02 -6.384928819815557932e-02 -7.781974700528700162e-02 7.174377890702520431e-03 6.411672446049340723e-02 3.276853892526331025e-02 -5.550886113939801358e-02 -6.319260261277609425e-02
-6.506349682450912608e-02 5.912744153855517548e-02 2.655767333748217940e-01 4.675305230636344622e-01 2.769207641056375402e-01 4.536143774507609555e-02 -7.554220805232007840e-02 -6.115787605058257970e-02 1.556391217206133833e-02 6.286711206187235723e-02 3.015324424080985735e-02 -4.895167043690201725e-02
-6.353482027667206600e-02 -5.347598223318098670e-02 9.885309450432422373e-02 2.769207641056375402e-01 3.916068472847238358e-01 2.478200621847656826e-01 7.985786805726299842e-02 -4.679134867578470247e-02 -6.341162222209145716e-02 -8.910119225521971088e-04 5.477080920022821958e-02 2.366420256791565424e-02
2.131338901120105600e-02 -5.313483526129400558e-02 -6.384928819815557932e-02 4.536143774507609555e-02 2.478200621847656826e-01 4.484229840943141920e-01 2.838994346258670864e-01 8.294660635073099197e-02 -6.209801082113833998e-02 -7.758277034079322232e-02 -8.070576628731889780e-04 5.467530139319082966e-02
5.771893290638614726e-02 1.273421328038564469e-02 -7.781974700528700162e-02 -7.554220805232007840e-02 7.985786805726299842e-02 2.838994346258670864e-01 3.937138603784209878e-01 2.362857449693978595e-01 7.195680965101644566e-02 -4.742695636758545441e-02 -6.072855337810079135e-02 6.510533861359149577e-03
1.640390721592823939e-02 5.764795278646647064e-02 7.174377890702520431e-03 -6.115787605058257970e-02 -4.679134867578470247e-02 8.294660635073099197e-02 2.362857449693978595e-01 3.626906066018829033e-01 2.798894263339173349e-01 1.120581831943307655e-01 -4.943832549835079637e-02 -6.979666490752078900e-02
-5.037425434198251895e-02 2.849068330880279165e-02 6.411672446049340723e-02 1.556391217206133833e-02 -6.341162222209145716e-02 -6.209801082113833998e-02 7.195680965101644566e-02 2.798894263339173349e-01 4.515693087366464131e-01 2.648188749233566508e-01 6.228402887185027770e-02 -6.272933875284092409e-02
-6.093850051943923429e-02 -5.511593991815846166e-02 3.276853892526331025e-02 6.286711206187235723e-02 -8.910119225521971088e-04 -7.758277034079322232e-02 -4.742695636758545441e-02 1.120581831943307655e-01 2.648188749233566508e-01 3.344472181128483323e-01 2.398983878707784123e-01 7.722882964271098050e-02
3.787373706470650858e-02 -8.780353520627043329e-02 -5.550886113939801358e-02 3.015324424080985735e-02 5.477080920022821958e-02 -8.070576628731889780e-04 -6.072855337810079135e-02 -4.943832549835079637e-02 6.228402887185027770e-02 2.398983878707784123e-01 4.532584777125158726e-01 2.862507096883641355e-01
2.389338184517065811e-01 3.640417281849078757e-02 -6.319260261277609425e-02 -4.895167043690201725e-02 2.366420256791565424e-02 5.467530139319082966e-02 6.510533861359149577e-03 -6.979666490752078900e-02 -6.272933875284092409e-02 7.722882964271098050e-02 2.862507096883641355e-01 4.503459046502322205e-01
4.334143607601186332e-01 2.673333231627615936e-01 5.619688966336351676e-02 -7.312382712640509708e-02 -2.683437238544294709e-02 4.948775408960479072e-02 4.772657436714494716e-02 -1.524970784346974494e-02 -6.707677668096446999e-02 -7.584769395773319212e-02 4.751388270028737704e-02 2.647557434955406519e-01
2.673333231627615936e-01 4.105423941250767594e-01 2.495083198286413562e-01 3.692572140552242282e-02 -8.292965488716133593e-02 -5.206168438361797463e-02 4.192514074092074106e-02 6.335178374873853824e-02 5.981683093066562928e-03 -6.958935397151258528e-02 -6.510458683426911808e-02 8.168335864861046847e-02
5.619688966336351676e-02 2.495083198286413562e-01 4.494420076070848591e-01 2.739921813565682762e-01 8.859113085971694881e-04 -9.170403785973929578e-02 -3.551444625501718605e-02 4.447296170673018662e-02 5.669538143930957785e-02 2.463575035806055830e-02 -4.611823278787822999e-02 -5.858058502420150637e-02
-7.312382712640509708e-02 3.692572140552242282e-02 2.739921813565682762e-01 5.303302098372461026e-01 2.573666871895932129e-01 3.643361413921772374e-02 -6.132463357241019208e-02 -4.962006481780465578e-02 8.886155087399792013e-03 5.363055184334322711e-02 2.974097459710110108e-02 -5.204515285217457127e-02
-2.683437238544294709e-02 -8.292965488716133593e-02 8.859113085971694881e-04 2.573666871895932129e-01 4.528388433346349773e-01 2.676943270196819880e-01 6.871725579211221402e-02 -5.962577020557893043e-02 -7.107640055537946255e-02 -2.927004545338967798e-02 3.767952281613014265e-02 5.004999940363496352e-02
4.948775408960479072e-02 -5.206168438361797463e-02 -9.170403785973929578e-02 3.643361413921772374e-02 2.676943270196819880e-01 4.092667038756598319e-01 2.446734859807903617e-01 7.600779669551159523e-02 -3.843441017954844774e-02 -7.408200039665784054e-02 -1.923582006180790324e-02 6.486275970889479603e-02
4.772657436714494716e-02 4.192514074092074106e-02 -3.551444625501718605e-02 -6.132463357241019208e-02 6.871725579211221402e-02 2.446734859807903617e-01 3.928637131080430223e-01 2.814501955895271079e-01 1.160274457074155496e-01 -1.305829914784630875e-02 -6.245219208408338968e-02 -2.012349428105372068e-02
-1.524970784346974494e-02 6.335178374873853824e-02 4.447296170673018662e-02 -4.962006481780465578e-02 -5.962577020557893043e-02 7.600779669551159523e-02 2.814501955895271079e-01 4.222997434595577859e-01 2.381237405528401352e-01 1.051355616394048370e-01 -2.489222848219011658e-02 -7.768056737115297539e-02
-6.707677668096446999e-02 5.981683093066562928e-03 5.669538143930957785e-02 8.886155087399792013e-03 -7.107640055537946255e-02 -3.843441017954844774e-02 1.160274457074155496e-01 2.381237405528401352e-01 2.429445929911629998e-01 2.200932869065156672e-01 9.847143477509703868e-02 -4.534191744019373804e-02
-7.584769395773319212e-02 -6.958935397151258528e-02 2.463575035806055830e-02 5.363055184334322711e-02 -2.927004545338967798e-02 -7.408200039665784054e-02 -1.305829914784630875e-02 1.051355616394048370e-01 2.200932869065156672e-01 3.871521092147525711e-01 2.834114951680962724e-01 7.193391444348226638e-02
4.751388270028737704e-02 -6.510458683426911808e-02 -4.611823278787822999e-02 2.974097459710110108e-02 3.767952281613014265e-02 -1.923582006180790324e-02 -6.245219208408338968e-02 -2.489222848219011658e-02 9.847143477509703868e-02 2.834114951680962724e-01 4.594496152323050975e-01 2.556947930782775824e-01
2.647557434955406519e-01 8.168335864861046847e-02 -5.858058502420150637e-02 -5.204515285217457127e-02 5.004999940363496352e-02 6.486275970889479603e-02 -2.012349428105372068e-02 -7.768056737115297539e-02 -4.534191744019373804e-02 7.193391444348226638e-02 2.556947930782775824e-01 4.094557064543424274e-01
4.120930277902273842e-01 2.582708581966887129e-01 8.798904181873754005e-02 -5.043423929684405504e-02 -6.507190862611567095e-02 1.057823350832222398e-02 6.527149809625543142e-02 3.793533549457276527e-02 -5.646313354694459247e-02 -7.664175485544380551e-02 4.765524884274234541e-02 2.653313136729085198e-01
2.582708581966887129e-01 4.025682509719392677e-01 2.698625638840919660e-01 8.377875723732025603e-02 -6.323549301756506424e-02 -6.999608704055962360e-02 1.568185908716358281e-04 5.501921300410948790e-02 2.744227498007432986e-02 -5.780651600730316031e-02 -7.780057456453047526e-02 5.542427036541737462e-02
8.798904181873754005e-02 2.698625638840919660e-01 3.956867270960651162e-01 2.527907225386236689e-01 6.474255108945158044e-02 -6.497718840470248503e-02 -7.523461067329700880e-02 -3.333900473596861265e-03 6.310213965137573267e-02 2.874338816351358628e-02 -6.241629485537069505e-02 -6.440758997762774385e-02
-5.043423929684405504e-02 8.377875723732025603e-02 2.527907225386236689e-01 4.047183283127909759e-01 2.740100233391999929e-01 7.761783613686759620e-02 -5.768359976425755514e-02 -6.756241049440969704e-02 1.316246549683575476e-02 6.256717029535285857e-02 2.337394524407978430e-02 -5.927875646304504170e-02
-6.507190862611567095e-02 -6.323549301756506424e-02 6.474255108945158044e-02 2.740100233391999929e-01 4.626267405210694461e-01 2.619790200062542818e-01 8.541261583457498974e-02 -4.199150237222638166e-02 -6.154131256214057100e-02 8.132722214782023978e-03 5.861318272335946933e-02 1.652088689805578103e-02
1.057823350832222398e-02 -6.999608704055962360e-02 -6.497718840470248503e-02 7.761783613686759620e-02 2.619790200062542818e-01 3.476168835240779909e-01 2.488646965344249451e-01 9.882041186683074296e-02 -5.592064589906944883e-02 -7.354993052639480222e-02 5.760700666309508111e-03 5.874450554209292852e-02
6.527149809625543142e-02 1.568185908716358281e-04 -7.523461067329700880e-02 -5.768359976425755514e-02 8.541261583457498974e-02 2.488646965344249451e-01 3.718090649199600195e-01 2.669204208586193894e-01 6.584654908262604911e-02 -7.734266023679026159e-02 -6.876391947850156450e-02 3.018281608987508774e-02
3.793533549457276527e-02 5.501921300410948790e-02 -3.333900473596861265e-03 -6.756241049440969704e-02 -4.199150237222638166e-02 9.882041186683074296e-02 2.669204208586193894e-01 4.319148753307062716e-01 2.655912005614211591e-01 5.556233542216287152e-02 -6.539880558135700850e-02 -4.368841056207636853e-02
-5.646313354694459247e-02 2.744227498007432986e-02 6.310213965137573267e-02 1.316246549683575476e-02 -6.154131256214057100e-02 -5.592064589906944883e-02 6.584654908262604911e-02 2.655912005614211591e-01 4.560997245092640595e-01 2.665355067526331556e-01 6.787553148142039250e-02 -6.638515898105450119e-02
-7.664175485544380551e-02 -5.780651600730316031e-02 2.874338816351358628e-02 6.256717029535285857e-02 8.132722214782023978e-03 -7.354993052639480222e-02 -7.734266023679026159e-02 5.556233542216287152e-02 2.665355067526331556e-01 4.007928710812149742e-01 2.529760603960400367e-01 5.004118777888293124e-02
4.765524884274234541e-02 -7.780057456453047526e-02 -6.241629485537069505e-02 2.337394524407978430e-02 5.861318272335946933e-02 5.760700666309508111e-03 -6.876391947850156450e-02 -6.539880558135700850e-02 6.787553148142039250e-02 2.529760603960400367e-01 4.327065475137404915e-01 2.708281965092200760e-01
2.653313136729085198e-01 5.542427036541737462e-02 -6.440758997762774385e-02 -5.927875646304504170e-02 1.652088689805578103e-02 5.874450554209292852e-02 3.018281608987508774e-02 -4.368841056207636853e-02 -6.638515898105450119e-02 5.004118777888293124e-02 2.708281965092200760e-01 4.813669584289606562e-01
3.952896701944350610e-01 2.849544808533691631e-01 9.209199084425803705e-02 -5.741792143024961742e-02 -4.601708723831552522e-02 2.225169098568398340e-02 3.588859831530229194e-02 -1.376277118917128284e-02 -5.738415640836413284e-02 -5.236015450778889330e-02 7.595828184297530317e-02 2.512327016378638200e-01
2.849544808533691631e-01 4.499034113824298964e-01 2.387739086888568674e-01 5.303497264256913646e-02 -7.695990234453792267e-02 -6.649559150999090340e-02 2.923994301620230774e-02 6.867594654325215320e-02 1.003509400402277998e-02 -6.651604183738521470e-02 -4.991855303823582168e-02 8.452756484914139556e-02
9.209199084425803705e-02 2.387739086888568674e-01 3.014415264053612598e-01 2.676077473444880561e-01 5.065295632611886006e-02 -7.257010304878890039e-02 -3.318323929594844957e-02 5.396882311140643873e-02 5.374573044147727685e-02 2.356891928399429230e-03 -6.083144815948737100e-02 -5.047291382135367377e-02
-5.741792143024961742e-02 5.303497264256913646e-02 2.676077473444880561e-01 5.891741680513391533e-01 2.849036473638737466e-01 3.079630543591879710e-02 -6.910474795826554439e-02 -3.142048269199949895e-02 2.682996603372843347e-02 5.225271458352283294e-02 -2.800754087232034013e-03 -6.921402853416232237e-02
-4.601708723831552522e-02 -7.695990234453792267e-02 5.065295632611886006e-02 2.849036473638737466e-01 3.652996214807261444e-01 2.401872383372521402e-01 5.102533941612413804e-02 -7.275942300981654010e-02 -6.537115964690645709e-02 -3.444194256809684010e-03 5.038173838006824307e-02 4.026499575158299510e-02
2.225169098568398340e-02 -6.649559150999090340e-02 -7.257010304878890039e-02 3.079630543591879710e-02 2.401872383372521402e-01 4.712636900088408298e-01 2.672241706434082542e-01 2.565091814439614260e-02 -6.985627192378077166e-02 -6.312692134160799440e-02 2.898228916984142353e-02 8.016299145976477081e-02
3.588859831530229194e-02 2.923994301620230774e-02 -3.318323929594844957e-02 -6.910474795826554439e-02 5.102533941612413804e-02 2.672241706434082542e-01 4.786934927332956446e-01 2.691337982412039809e-01 8.403331430829331927e-02 -3.369542573057535129e-02 -4.960846971715220100e-02 -5.840866948964979627e-03
-1.376277118917128284e-02 6.867594654325215320e-02 5.396882311140643873e-02 -3.142048269199949895e-02 -7.275942300981654010e-02 2.565091814439614260e-02 2.691337982412039809e-01 4.210316792171029943e-01 2.310510247417119634e-01 9.085990805463409203e-02 -5.348858649234895790e-02 -9.302518762977479705e-02
-5.738415640836413284e-02 1.003509400402277998e-02 5.374573044147727685e-02 2.682996603372843347e-02 -6.537115964690645709e-02 -6.985627192378077166e-02 8.403331430829331927e-02 2.310510247417119634e-01 2.602165356364657400e-01 2.461017765628524812e-01 8.327773584770445381e-02 -5.927135576193612310e-02
-5.236015450778889330e-02 -6.651604183738521470e-02 2.356891928399429230e-03 5.225271458352283294e-02 -3.444194256809684010e-03 -6.312692134160799440e-02 -3.369542573057535129e-02 9.085990805463409203e-02 2.461017765628524812e-01 4.951295689084858065e-01 2.874096781573445281e-01 7.244862002431221026e-02
7.595828184297530317e-02 -4.991855303823582168e-02 -6.083144815948737100e-02 -2.800754087232034013e-03 5.038173838006824307e-02 2.898228916984142353e-02 -4.960846971715220100e-02 -5.348858649234895790e-02 8.327773584770445381e-02 2.874096781573445281e-01 3.893933269379075690e-01 2.454366726040212165e-01
2.512327016378638200e-01 8.452756484914139556e-02 -5.047291382135367377e-02 -6.921402853416232237e-02 4.026499575158299510e-02 8.016299145976477081e-02 -5.840866948964979627e-03 -9.302518762977479705e-02 -5.927135576193612310e-02 7.244862002431221026e-02 2.454366726040212165e-01 3.831633090436317168e-01
4.235816088026329584e-01 2.460739044910659756e-01 3.694948162077427156e-02 -6.872522313829348972e-02 -5.919930553792541322e-02 2.395273022992589970e-02 6.232800262353695858e-02 1.207754227571823831e-02 -6.950842148966138168e-02 -8.035137789393281826e-02 3.064312094378076820e-02 2.680358244392087030e-01
2.460739044910659756e-01 4.695987149088858836e-01 2.838839144153317839e-01 7.538456812527219442e-02 -5.655058743555360645e-02 -5.475892153047956512e-02 2.029819608160105329e-02 5.175383285869247091e-02 1.733631084631459540e-02 -4.735808688668764060e-02 -6.820702439495901492e-02 4.066889048853272737e-02
3.694948162077427156e-02 2.838839144153317839e-01 4.521811040225237610e-01 2.405119017342295384e-01 7.539644199089681753e-02 -4.997652951894280410e-02 -6.369524460158408619e-02 3.625522596562541933e-03 5.976027903188281531e-02 4.806112064358199210e-02 -2.773698975758615015e-02 -7.740439227850919035e-02
-6.872522313829348972e-02 7.538456812527219442e-02 2.405119017342295384e-01 3.008284988551915839e-01 2.508262411952453808e-01 9.236103863435062011e-02 -6.308610498019359691e-02 -7.207257025743978029e-02 3.828995376821919556e-03 6.426574177682985167e-02 4.482558265576448708e-02 -5.797078447556967135e-02
-5.919930553792541322e-02 -5.655058743555360645e-02 7.539644199089681753e-02 2.508262411952453808e-01 4.524578661906760169e-01 2.825016971692534407e-01 5.146344117855543299e-02 -7.263340938562218296e-02 -6.699168624021686891e-02 4.203295657248839676e-03 5.498091955406404774e-02 1.528036511422002121e-02
2.395273022992589970e-02 -5.475892153047956512e-02 -4.997652951894280410e-02 9.236103863435062011e-02 2.825016971692534407e-01 4.271273761166225480e-01 2.479190056540968301e-01 6.783253653806992078e-02 -4.792935318446807369e-02 -6.587657738117808082e-02 -1.250162575195002367e-02 4.933023229291756684e-02
6.232800262353695858e-02 2.029819608160105329e-02 -6.369524460158408619e-02 -6.308610498019359691e-02 5.146344117855543299e-02 2.479190056540968301e-01 4.204166009475439614e-01 2.714057230464868575e-01 9.705003306548452835e-02 -4.463125622565600886e-02 -7.422570399559258458e-02 8.564758618067089269e-03
1.207754227571823831e-02 5.175383285869247091e-02 3.625522596562541933e-03 -7.207257025743978029e-02 -7.263340938562218296e-02 6.783253653806992078e-02 2.714057230464868575e-01 4.027498507878052858e-01 2.570083607015056226e-01 9.717274892682570275e-02 -3.482840193183020516e-02 -5.407542399951531520e-02
-6.950842148966138168e-02 1.733631084631459540e-02 5.976027903188281531e-02 3.828995376821919556e-03 -6.699168624021686891e-02 -4.792935318446807369e-02 9.705003306548452835e-02 2.570083607015056226e-01 3.466425214124521648e-01 2.524185079404439036e-01 1.036178503791462813e-01 -5.858645918433291050e-02
-8.035137789393281826e-02 -4.735808688668764060e-02 4.806112064358199210e-02 6.426574177682985167e-02 4.203295657248839676e-03 -6.587657738117808082e-02 -4.463125622565600886e-02 9.717274892682570275e-02 2.524185079404439036e-01 3.555810896660059339e-01 2.604231838577525382e-01 4.547254918192957657e-02
3.064312094378076820e-02 -6.820702439495901492e-02 -2.773698975758615015e-02 4.482558265576448708e-02 5.498091955406404774e-02 -1.250162575195002367e-02 -7.422570399559258458e-02 -3.482840193183020516e-02 1.036178503791462813e-01 2.604231838577525382e-01 4.539647349692866873e-01 2.598841934089489714e-01
2.680358244392087030e-01 4.066889048853272737e-02 -7.740439227850919035e-02 -5.797078447556967135e-02 1.528036511422002121e-02 4.933023229291756684e-02 8.564758618067089269e-03 -5.407542399951531520e-02 -5.858645918433291050e-02 4.547254918192957657e-02 2.598841934089489714e-01 4.948700333203474022e-01
3.894694528056502625e-01 2.574899449375307459e-01 3.740691022259912124e-02 -7.550014752104097782e-02 -3.695850500516324744e-02 4.847106927979245167e-02 4.875330532805231820e-02 -1.834715839852385511e-02 -6.974160796355255432e-02 -3.423980004364472057e-02 1.102580984512800122e-01 2.626605524126616187e-01
2.574899449375307459e-01 4.796614055794723441e-01 2.676172459747278021e-01 3.180131411536413211e-02 -7.326347100322667949e-02 -3.344419782763558696e-02 4.464382784331673293e-02 5.694260157646482967e-02 -2.954214352270482895e-03 -6.484293644852323624e-02 -4.102521944090455064e-02 7.774983201483842699e-02
3.740691022259912124e-02 2.676172459747278021e-01 4.679738654646128926e-01 2.551695683695129890e-01 3.652667174204005107e-02 -7.186662412530825383e-02 -4.528940179479605532e-02 2.877101203314385430e-02 5.410339892607689272e-02 8.770016359272551215e-03 -6.226342381813712579e-02 -7.366279822091860441e-02
-7.550014752104097782e-02 3.180131411536413211e-02 2.551695683695129890e-01 4.443019157038866629e-01 2.611723779464635853e-01 3.889097261978105569e-02 -7.560862857708375295e-02 -6.377349233159360087e-02 1.843492940036363381e-02 5.968761376443722233e-02 1.571985945341879132e-02 -5.997901073118194065e-02
-3.695850500516324744e-02 -7.326347100322667949e-02 3.652667174204005107e-02 2.611723779464635853e-01 4.727490093915542313e-01 2.655661715905945908e-01 5.182335788842246105e-02 -6.632702540287539750e-02 -5.929074761220193279e-02 1.366494138683748208e-02 5.544318597107031343e-02 3.523263473630154630e-02
4.847106927979245167e-02 -3.344419782763558696e-02 -7.186662412530825383e-02 3.889097261978105569e-02 2.655661715905945908e-01 4.444819395317052280e-01 2.590239240006663168e-01 8.889981192609054672e-02 -4.540085088248642375e-02 -6.769624866091972226e-02 -8.177990755273102305e-04 5.919060052074529704e-02
4.875330532805231820e-02 4.464382784331673293e-02 -4.528940179479605532e-02 -7.560862857708375295e-02 5.182335788842246105e-02 2.590239240006663168e-01 3.811618129073434669e-01 2.645374615315764233e-01 9.583315704850606243e-02 -5.202329365486268314e-02 -7.142134541695728533e-02 -1.674769978280719537e-02
-1.834715839852385511e-02 5.694260157646482967e-02 2.877101203314385430e-02 -6.377349233159360087e-02 -6.632702540287539750e-02 8.889981192609054672e-02 2.645374615315764233e-01 3.785183699520872080e-01 2.544922554369029033e-01 7.903715685115189626e-02 -5.465756002834794985e-02 -8.111342985682243323e-02
-6.974160796355255432e-02 -2.954214352270482895e-03 5.410339892607689272e-02 1.843492940036363381e-02 -5.929074761220193279e-02 -4.540085088248642375e-02 9.583315704850606243e-02 2.544922554369029033e-01 3.873167764253167555e-01 2.704016131885895735e-01 8.328630212902012053e-02 -4.919119263946400422e-02
-3.423980004364472057e-02 -6.484293644852323624e-02 8.770016359272551215e-03 5.968761376443722233e-02 1.366494138683748208e-02 -6.769624866091972226e-02 -5.202329365486268314e-02 7.903715685115189626e-02 2.704016131885895735e-01 4.515749992621028719e-01 2.583764078273663722e-01 9.407834306601778329e-02
1.102580984512800122e-01 -4.102521944090455064e-02 -6.226342381813712579e-02 1.571985945341879132e-02 5.544318597107031343e-02 -8.177990755273102305e-04 -7.142134541695728533e-02 -5.465756002834794985e-02 8.328630212902012053e-02 2.583764078273663722e-01 3.377913879136309472e-01 2.517287137732499014e-01
2.626605524126616187e-01 7.774983201483842699e-02 -7.366279822091860441e-02 -5.997901073118194065e-02 3.523263473630154630e-02 5.919060052074529704e-02 -1.674769978280719537e-02 -8.111342985682243323e-02 -4.919119263946400422e-02 9.407834306601778329e-02 2.517287137732499014e-01 3.649990650626527278e-01
5.103724355534905444e-01 2.745360725779416589e-01 4.629547954891514994e-02 -6.761509727559425476e-02 -4.877866379612352810e-02 1.641257568561029639e-02 4.992997565956171918e-02 3.909631550323180993e-02 -3.166721319997358591e-02 -7.310846546844444738e-02 2.361884897070430644e-02 2.614007462560682393e-01
2.745360725779416589e-01 4.254076424881643725e-01 2.433592852876935997e-01 8.775891900953949887e-02 -4.691339068401643997e-02 -7.737145079887799981e-02 -2.070148643663630508e-02 4.821940735806548584e-02 4.117284386075691083e-02 -4.723183564727948675e-02 -8.087274928871610036e-02 3.561010558768807482e-02
4.629547954891514994e-02 2.433592852876935997e-01 3.646782588431177752e-01 2.764779863167164398e-01 8.755318114862099821e-02 -5.962193607417868441e-02 -7.398222306903234902e-02 -2.550141453110337311e-02 4.639661218894788886e-02 4.544713794815588570e-02 -3.981725133923355586e-02 -7.663005909323038212e-02
-6.761509727559425476e-02 8.775891900953949887e-02 2.764779863167164398e-01 4.381433961004376210e-01 2.518747734432391638e-01 7.631752227619781337e-02 -3.388421999833540754e-02 -6.964711187047076257e-02 -7.753985317827728242e-03 6.562916714496688786e-02 3.406814348035699241e-02 -6.183199720589880460e-02
-4.877866379612352810e-02 -4.691339068401643997e-02 8.755318114862099821e-02 2.518747734432391638e-01 3.628921539228106008e-01 2.709829657309036910e-01 1.159224000769428220e-01 -1.813410537281536644e-02 -6.124663788750707438e-02 -1.023723158667878136e-02 4.707337647389871899e-02 2.934845407723902025e-02
1.641257568561029639e-02 -7.737145079887799981e-02 -5.962193607417868441e-02 7.631752227619781337e-02 2.709829657309036910e-01 4.297528186875019252e-01 2.450720304361723167e-01 9.625441472245982455e-02 -4.391647781318868543e-02 -7.655593979506446212e-02 3.387978951388361578e-03 6.870425166354296453e-02
4.992997565956171918e-02 -2.070148643663630508e-02 -7.398222306903234902e-02 -3.388421999833540754e-02 1.159224000769428220e-01 2.450720304361723167e-01 2.580750870948039788e-01 2.272093419261896896e-01 8.535650800000546545e-02 -5.969313752939027495e-02 -5.817076029939352577e-02 2.588979441550705307e-02
3.909631550323180993e-02 4.821940735806548584e-02 -2.550141453110337311e-02 -6.964711187047076257e-02 -1.813410537281536644e-02 9.625441472245982455e-02 2.272093419261896896e-01 4.299189435035056239e-01 2.884312326131707738e-01 5.315202146375039294e-02 -7.804487696828452115e-02 -5.262715000775347596e-02
-3.166721319997358591e-02 4.117284386075691083e-02 4.639661218894788886e-02 -7.753985317827728242e-03 -6.124663788750707438e-02 -4.391647781318868543e-02 8.535650800000546545e-02 2.884312326131707738e-01 4.631827375039573869e-01 2.466425911374351410e-01 3.973974797517362822e-02 -6.181985321464802952e-02
-7.310846546844444738e-02 -4.723183564727948675e-02 4.544713794815588570e-02 6.562916714496688786e-02 -1.023723158667878136e-02 -7.655593979506446212e-02 -5.969313752939027495e-02 5.315202146375039294e-02 2.466425911374351410e-01 4.203431849706934509e-01 2.681367790064885792e-01 6.219872889956106626e-02
2.361884897070430644e-02 -8.087274928871610036e-02 -3.981725133923355586e-02 3.406814348035699241e-02 4.707337647389871899e-02 3.387978951388361578e-03 -5.817076029939352577e-02 -7.804487696828452115e-02 3.973974797517362822e-02 2.681367790064885792e-01 4.649178122779972222e-01 2.582264116949997135e-01
