4.209533208330423770e-01 1.977976070092977712e-01 5.347618919078851729e-02 -4.625610219192026473e-02 -4.421922547782232427e-02 1.319298436214769686e-02 4.014897891204464997e-02 1.239893696895169248e-02 -4.687314225991388861e-02 -4.483260402278174683e-02 6.702830543163162957e-02 2.048969435523567972e-01
1.977976070092977712e-01 4.375337381992402963e-01 1.995699649514673935e-01 5.419767183135558442e-02 -4.449477096220244565e-02 -4.639731544100451216e-02 1.075922748283246119e-02 3.902778150822507064e-02 1.284496801867104215e-02 -4.283191408254986843e-02 -4.572718809041223520e-02 5.361355487040840584e-02
5.347618919078851729e-02 1.995699649514673935e-01 4.206076686283140020e-01 2.013253845716921342e-01 6.142450520890124777e-02 -4.682212229888380733e-02 -4.605408251811740628e-02 1.157959840364186123e-02 4.065139369401678249e-02 1.349358055204232139e-02 -4.743338125801088712e-02 -4.823997471203258364e-02
-4.625610219192026473e-02 5.419767183135558442e-02 2.013253845716921342e-01 4.097616014413568708e-01 2.095360608939068614e-01 6.952892408882600794e-02 -4.623069983402804117e-02 -4.770256459761630652e-02 1.229618475801039397e-02 4.148583837235235439e-02 1.388156343577861759e-02 -4.562875743727941302e-02
-4.421922547782232427e-02 -4.449477096220244565e-02 6.142450520890124777e-02 2.095360608939068614e-01 4.065527615745869738e-01 2.089518245738228586e-01 6.114344221451588346e-02 -4.592922671079084640e-02 -4.471916695920426232e-02 1.269349305627101403e-02 4.294736901006501739e-02 1.412031589727612800e-02
1.319298436214769686e-02 -4.639731544100451216e-02 -4.682212229888380733e-02 6.952892408882600794e-02 2.089518245738228586e-01 4.017571600376439456e-01 2.040904406222567025e-01 6.023054145816286731e-02 -4.625926393017236460e-02 -4.532811770364753717e-02 1.473908964758536243e-02 4.371953262993015510e-02
4.014897891204464997e-02 1.075922748283246119e-02 -4.605408251811740628e-02 -4.623069983402804117e-02 6.114344221451588346e-02 2.040904406222567025e-01 4.227105042579551997e-01 2.017726320453050448e-01 5.263827398433830462e-02 -4.556175622786231422e-02 -4.543834012210445916e-02 1.379280862217660900e-02
1.239893696895169248e-02 3.902778150822507064e-02 1.157959840364186123e-02 -4.770256459761630652e-02 -4.592922671079084640e-02 6.023054145816286731e-02 2.017726320453050448e-01 4.282809014913592782e-01 1.968003811178916929e-01 5.267053393885378493e-02 -4.722116399953140559e-02 -4.594134258918998459e-02
-4.687314225991388861e-02 1.284496801867104215e-02 4.065139369401678249e-02 1.229618475801039397e-02 -4.471916695920426232e-02 -4.625926393017236460e-02 5.263827398433830462e-02 1.968003811178916929e-01 4.242285126183575339e-01 2.032450857446012893e-01 6.291671872248880137e-02 -4.748044344505725906e-02
-4.483260402278174683e-02 -4.283191408254986843e-02 1.349358055204232139e-02 4.148583837235235439e-02 1.269349305627101403e-02 -4.532811770364753717e-02 -4.556175622786231422e-02 5.267053393885378493e-02 2.032450857446012893e-01 4.220910561458877663e-01 2.060606610991265186e-01 6.231790351140931161e-02
6.702830543163162957e-02 -4.572718809041223520e-02 -4.743338125801088712e-02 1.388156343577861759e-02 4.294736901006501739e-02 1.473908964758536243e-02 -4.543834012210445916e-02 -4.722116399953140559e-02 6.291671872248880137e-02 2.060606610991265186e-01 3.976388320854689629e-01 2.090945488684275988e-01
2.048969435523567972e-01 5.361355487040840584e-02 -4.823997471203258364e-02 -4.562875743727941302e-02 1.412031589727612800e-02 4.371953262993015510e-02 1.379280862217660900e-02 -4.594134258918998459e-02 -4.748044344505725906e-02 6.231790351140931161e-02 2.090945488684275988e-01 4.078839426867768569e-01
4.303155138716127093e-01 2.025196288047689253e-01 5.727628036721726240e-02 -4.417552208590498630e-02 -4.682283871125836328e-02 1.245968325647647638e-02 3.947877768915739050e-02 1.191357106753080514e-02 -4.340546179612637945e-02 -4.576593629288325943e-02 5.618641014773671782e-02 1.996755768394413710e-01
2.025196288047689253e-01 4.190142727475699158e-01 2.006323043814443596e-01 5.599778334592452750e-02 -4.855332179152900551e-02 -4.616337626481477330e-02 1.309666451467164650e-02 4.192588831728093213e-02 1.296511860998001212e-02 -4.822981424493014146e-02 -4.871498264358208041e-02 5.596451822334497922e-02
5.727628036721726240e-02 2.006323043814443596e-01 4.108833893912263169e-01 2.062437422073803983e-01 6.689542362870198877e-02 -4.779601163810046072e-02 -4.720704923319699042e-02 1.406001785172833474e-02 4.163893940527322451e-02 1.300908043589335192e-02 -4.683848355684736009e-02 -4.640725337681044643e-02
-4.417552208590498630e-02 5.599778334592452750e-02 2.062437422073803983e-01 4.244154981409119509e-01 2.062809816772274707e-01 5.710261111294126501e-02 -4.480595171267871130e-02 -4.393939501471611636e-02 1.228143225313258965e-02 4.166050412977796713e-02 1.378597524934468965e-02 -4.285568474732504712e-02
-4.682283871125836328e-02 -4.855332179152900551e-02 6.689542362870198877e-02 2.062809816772274707e-01 4.022540690001031871e-01 2.033932571336066197e-01 6.212862408429569577e-02 -4.693005163378598937e-02 -4.648246788145492248e-02 1.368910046322281346e-02 4.377947992955950191e-02 1.492661580910146189e-02
1.245968325647647638e-02 -4.616337626481477330e-02 -4.779601163810046072e-02 5.710261111294126501e-02 2.033932571336066197e-01 4.182376415852287477e-01 2.047036341071717669e-01 5.639127593682142364e-02 -4.649191855050437139e-02 -4.685266356682842026e-02 1.321285843967731979e-02 4.140301690491723918e-02
3.947877768915739050e-02 1.309666451467164650e-02 -4.720704923319699042e-02 -4.480595171267871130e-02 6.212862408429569577e-02 2.047036341071717669e-01 4.251107770770282679e-01 1.986980086487823705e-01 5.392686955537463050e-02 -4.648068442546877260e-02 -4.545673667198047579e-02 1.123730923077264493e-02
1.191357106753080514e-02 4.192588831728093213e-02 1.406001785172833474e-02 -4.393939501471611636e-02 -4.693005163378598937e-02 5.639127593682142364e-02 1.986980086487823705e-01 4.197554363427534185e-01 2.037950561719632514e-01 6.352314945482971653e-02 -4.699439376508501853e-02 -4.798176156064676290e-02
-4.340546179612637945e-02 1.296511860998001212e-02 4.163893940527322451e-02 1.228143225313258965e-02 -4.648246788145492248e-02 -4.649191855050437139e-02 5.392686955537463050e-02 2.037950561719632514e-01 4.210669315216605257e-01 2.056738383094346423e-01 6.116734210020416396e-02 -4.480411381142267169e-02
-4.576593629288325943e-02 -4.822981424493014146e-02 1.300908043589335192e-02 4.166050412977796713e-02 1.368910046322281346e-02 -4.685266356682842026e-02 -4.648068442546877260e-02 6.352314945482971653e-02 2.056738383094346423e-01 4.023135506263655348e-01 2.075840601307663014e-01 6.633537250274411379e-02
5.618641014773671782e-02 -4.871498264358208041e-02 -4.683848355684736009e-02 1.378597524934468965e-02 4.377947992955950191e-02 1.321285843967731979e-02 -4.545673667198047579e-02 -4.699439376508501853e-02 6.116734210020416396e-02 2.075840601307663014e-01 4.078879220253555649e-01 2.058888795839877994e-01
1.996755768394413710e-01 5.596451822334497922e-02 -4.640725337681044643e-02 -4.285568474732504712e-02 1.492661580910146189e-02 4.140301690491723918e-02 1.123730923077264493e-02 -4.798176156064676290e-02 -4.480411381142267169e-02 6.633537250274411379e-02 2.058888795839877994e-01 4.187449976701967946e-01
4.230801379744510982e-01 2.015683932191371652e-01 5.260397824343943096e-02 -4.673309770094473403e-02 -4.275985150047871552e-02 1.609332497858768918e-02 4.216754549581350209e-02 1.044284925218770532e-02 -4.646548718021712571e-02 -4.535904712929905713e-02 6.142128846027879174e-02 2.057713731063212093e-01
2.015683932191371652e-01 4.198440780082895452e-01 2.004534446126186309e-01 5.726192117469190712e-02 -4.663969160177245526e-02 -4.544807675536129826e-02 1.589435371093441546e-02 4.123649731810164615e-02 1.138032856174006971e-02 -4.695999253078414482e-02 -4.735480639572024752e-02 6.093941305956525334e-02
5.260397824343943096e-02 2.004534446126186309e-01 4.292790320267116932e-01 2.011557755422703209e-01 5.316087349375368809e-02 -4.739588981509958859e-02 -4.580822035770702738e-02 1.371854859920829811e-02 4.097915708559810022e-02 1.271420144207235751e-02 -4.557436812412226507e-02 -4.729346687441017549e-02
-4.673309770094473403e-02 5.726192117469190712e-02 2.011557755422703209e-01 4.194400126019989239e-01 2.011501229205814867e-01 5.949373731365686924e-02 -4.811715212321477503e-02 -4.601666719837005370e-02 1.294848493958155287e-02 4.163312733908657720e-02 1.493994892576208829e-02 -4.620603205650916645e-02
-4.275985150047871552e-02 -4.663969160177245526e-02 5.316087349375368809e-02 2.011501229205814867e-01 4.228114746887398079e-01 2.056359268619417369e-01 6.128044408105799701e-02 -4.572562138218152356e-02 -4.627582559138411489e-02 1.157228090342716023e-02 4.215861230305845142e-02 1.586068527150943930e-02
1.609332497858768918e-02 -4.544807675536129826e-02 -4.739588981509958859e-02 5.949373731365686924e-02 2.056359268619417369e-01 4.131053109969619608e-01 2.047214167385949801e-01 6.058654816257187659e-02 -4.553729275868678705e-02 -4.603809969478796227e-02 1.059876056678449134e-02 4.220619761316252161e-02
4.216754549581350209e-02 1.589435371093441546e-02 -4.580822035770702738e-02 -4.811715212321477503e-02 6.128044408105799701e-02 2.047214167385949801e-01 4.081201421202739765e-01 2.055117430597954431e-01 6.235343039953527428e-02 -4.652762336378314656e-02 -4.914195836078899537e-02 1.030135659352402963e-02
1.044284925218770532e-02 4.123649731810164615e-02 1.371854859920829811e-02 -4.601666719837005370e-02 -4.572562138218152356e-02 6.058654816257187659e-02 2.055117430597954431e-01 4.181171830105016030e-01 2.035592472172589595e-01 5.781750263679678870e-02 -4.612735118178395988e-02 -4.654741164682592303e-02
-4.646548718021712571e-02 1.138032856174006971e-02 4.097915708559810022e-02 1.294848493958155287e-02 -4.627582559138411489e-02 -4.553729275868678705e-02 6.235343039953527428e-02 2.035592472172589595e-01 4.169417261685242626e-01 2.033868493441369774e-01 6.293149483533896915e-02 -4.524156602204999766e-02
-4.535904712929905713e-02 -4.695999253078414482e-02 1.271420144207235751e-02 4.163312733908657720e-02 1.157228090342716023e-02 -4.603809969478796227e-02 -4.652762336378314656e-02 5.781750263679678870e-02 2.033868493441369774e-01 4.141072944518643939e-01 2.071022801388304191e-01 6.377391885303790309e-02
6.142128846027879174e-02 -4.735480639572024752e-02 -4.557436812412226507e-02 1.493994892576208829e-02 4.215861230305845142e-02 1.059876056678449134e-02 -4.914195836078899537e-02 -4.612735118178395988e-02 6.293149483533896915e-02 2.071022801388304191e-01 4.067965616559968689e-01 2.058228338521252421e-01
2.057713731063212093e-01 6.093941305956525334e-02 -4.729346687441017549e-02 -4.620603205650916645e-02 1.586068527150943930e-02 4.220619761316252161e-02 1.030135659352402963e-02 -4.654741164682592303e-02 -4.524156602204999766e-02 6.377391885303790309e-02 2.058228338521252421e-01 4.083570462957348823e-01
4.102736456529356701e-01 2.036864989973399265e-01 5.677479410726860715e-02 -4.442435734971864059e-02 -4.213507291468968075e-02 1.804332137033307776e-02 4.224450564273205672e-02 1.020412499889287658e-02 -4.885607036236340461e-02 -4.718373519084961137e-02 6.599795586244083800e-02 2.087239610941346579e-01
2.036864989973399265e-01 4.177358323569617671e-01 1.999241598024011357e-01 5.031805505191148942e-02 -4.787715227589565276e-02 -4.808797759636062458e-02 1.447741876929716301e-02 4.025262779328087764e-02 1.212363664640228947e-02 -4.631449476946186694e-02 -4.757238445727610815e-02 6.233546940574539313e-02
5.677479410726860715e-02 1.999241598024011357e-01 4.336042498418564706e-01 1.941653532262065385e-01 4.699920534634209612e-02 -4.972491399055531391e-02 -4.368023409717992911e-02 1.355374580567481405e-02 4.102813919596048214e-02 1.266608332236732540e-02 -4.670716075528270200e-02 -4.589504425636513341e-02
-4.442435734971864059e-02 5.031805505191148942e-02 1.941653532262065385e-01 4.379493510058097283e-01 2.003742372972792118e-01 6.184787044505496434e-02 -4.352183667509883225e-02 -4.346284562262964224e-02 1.197467612190786235e-02 3.869494155801357638e-02 1.337212847270582636e-02 -4.246193096924615051e-02
-4.213507291468968075e-02 -4.787715227589565276e-02 4.699920534634209612e-02 2.003742372972792118e-01 4.261686549337166952e-01 2.052456767749910871e-01 6.139002619357909057e-02 -4.324801093596908341e-02 -4.630288682891686713e-02 9.712862708182355698e-03 4.089942082379131871e-02 1.643515974254183831e-02
1.804332137033307776e-02 -4.808797759636062458e-02 -4.972491399055531391e-02 6.184787044505496434e-02 2.052456767749910871e-01 3.840530111265708646e-01 2.087005892132181295e-01 6.892296303713227323e-02 -4.942051222991580145e-02 -4.986204393796185574e-02 1.138852154503788849e-02 4.454681779117293516e-02
4.224450564273205672e-02 1.447741876929716301e-02 -4.368023409717992911e-02 -4.352183667509883225e-02 6.139002619357909057e-02 2.087005892132181295e-01 4.114374913872161366e-01 2.076530175986549265e-01 5.862688794300292827e-02 -4.615028300084762780e-02 -4.593618722108749886e-02 1.129003093008736081e-02
1.020412499889287658e-02 4.025262779328087764e-02 1.355374580567481405e-02 -4.346284562262964224e-02 -4.324801093596908341e-02 6.892296303713227323e-02 2.076530175986549265e-01 4.229112741675909448e-01 1.997429965961701193e-01 5.505822833114334958e-02 -4.332735305887995547e-02 -4.424823817866183756e-02
-4.885607036236340461e-02 1.212363664640228947e-02 4.102813919596048214e-02 1.197467612190786235e-02 -4.630288682891686713e-02 -4.942051222991580145e-02 5.862688794300292827e-02 1.997429965961701193e-01 4.177758622910114905e-01 2.024980588824553673e-01 6.121181070653818057e-02 -4.589790792922553153e-02
-4.718373519084961137e-02 -4.631449476946186694e-02 1.266608332236732540e-02 3.869494155801357638e-02 9.712862708182355698e-03 -4.986204393796185574e-02 -4.615028300084762780e-02 5.505822833114334958e-02 2.024980588824553673e-01 4.191965158121204738e-01 2.041040617222980025e-01 6.041527914127073351e-02
6.599795586244083800e-02 -4.757238445727610815e-02 -4.670716075528270200e-02 1.337212847270582636e-02 4.089942082379131871e-02 1.138852154503788849e-02 -4.593618722108749886e-02 -4.332735305887995547e-02 6.121181070653818057e-02 2.041040617222980025e-01 4.107915255231632812e-01 2.068410108231741873e-01
2.087239610941346579e-01 6.233546940574539313e-02 -4.589504425636513341e-02 -4.246193096924615051e-02 1.643515974254183831e-02 4.454681779117293516e-02 1.129003093008736081e-02 -4.424823817866183756e-02 -4.589790792922553153e-02 6.041527914127073351e-02 2.068410108231741873e-01 4.081025859010553591e-01
4.255566227879699626e-01 2.037784220345620623e-01 6.088389140535933192e-02 -4.603849584532254680e-02 -4.654322043851703838e-02 1.367970243649388115e-02 4.136481394014310947e-02 1.328604671681916753e-02 -4.345062799599341136e-02 -4.689874346291909857e-02 5.336736033710698379e-02 1.979790587647677902e-01
2.037784220345620623e-01 4.219790805026616964e-01 2.030243059208258760e-01 5.665832291380686753e-02 -4.652185938999722076e-02 -4.434167141205855311e-02 1.295754112972034161e-02 4.200595326668081497e-02 1.426586286299501641e-02 -4.612898758761273948e-02 -4.764340907903186206e-02 5.394223908839704262e-02
6.088389140535933192e-02 2.030243059208258760e-01 4.059181788435322069e-01 2.054631180515779088e-01 6.484205982042079430e-02 -4.742321091600588956e-02 -4.884793314475942283e-02 1.216144885259201960e-02 4.244728098042375997e-02 1.634071627204467317e-02 -4.596993051926297202e-02 -4.776474488759321207e-02
-4.603849584532254680e-02 5.665832291380686753e-02 2.054631180515779088e-01 4.216183720319067185e-01 2.047211435406232349e-01 5.524223216061262265e-02 -4.655724459028086348e-02 -4.584434112669388828e-02 1.100019254543751351e-02 4.236984489264623843e-02 1.514826848471600290e-02 -4.364077747785094497e-02
-4.654322043851703838e-02 -4.652185938999722076e-02 6.484205982042079430e-02 2.047211435406232349e-01 4.147552506534000205e-01 2.013512446640713383e-01 6.103769243789645971e-02 -4.540541078799714692e-02 -4.595237490663602736e-02 1.078985337499667983e-02 4.137293009878287298e-02 1.486639985421021361e-02
1.367970243649388115e-02 -4.434167141205855311e-02 -4.742321091600588956e-02 5.524223216061262265e-02 2.013512446640713383e-01 4.207554897499992119e-01 2.058424687552834753e-01 6.144038598449653998e-02 -4.497544749961675248e-02 -4.865221260078579635e-02 1.047378882718111130e-02 4.079087550096185955e-02
4.136481394014310947e-02 1.295754112972034161e-02 -4.884793314475942283e-02 -4.655724459028086348e-02 6.103769243789645971e-02 2.058424687552834753e-01 4.122930144682842579e-01 2.034373437275993901e-01 6.029088342110532073e-02 -4.706572871023889659e-02 -4.611378315060364608e-02 1.159793649412143440e-02
1.328604671681916753e-02 4.200595326668081497e-02 1.216144885259201960e-02 -4.584434112669388828e-02 -4.540541078799714692e-02 6.144038598449653998e-02 2.034373437275993901e-01 4.074437474270137249e-01 2.077724777818660273e-01 6.753785643753586199e-02 -4.640165825544841083e-02 -4.771021801116093891e-02
-4.345062799599341136e-02 1.426586286299501641e-02 4.244728098042375997e-02 1.100019254543751351e-02 -4.595237490663602736e-02 -4.497544749961675248e-02 6.029088342110532073e-02 2.077724777818660273e-01 4.171752900758910476e-01 2.061388668029666138e-01 5.735202096441054109e-02 -4.541208975831206168e-02
-4.689874346291909857e-02 -4.612898758761273948e-02 1.634071627204467317e-02 4.236984489264623843e-02 1.078985337499667983e-02 -4.865221260078579635e-02 -4.706572871023889659e-02 6.753785643753586199e-02 2.061388668029666138e-01 4.052473348252672580e-01 2.030381722016100232e-01 6.110391089173428103e-02
5.336736033710698379e-02 -4.764340907903186206e-02 -4.596993051926297202e-02 1.514826848471600290e-02 4.137293009878287298e-02 1.047378882718111130e-02 -4.611378315060364608e-02 -4.640165825544841083e-02 5.735202096441054109e-02 2.030381722016100232e-01 4.222316143491523510e-01 2.032428287281973778e-01
1.979790587647677902e-01 5.394223908839704262e-02 -4.776474488759321207e-02 -4.364077747785094497e-02 1.486639985421021361e-02 4.079087550096185955e-02 1.159793649412143440e-02 -4.771021801116093891e-02 -4.541208975831206168e-02 6.110391089173428103e-02 2.032428287281973778e-01 4.250260042849530739e-01
4.166542991570736931e-01 2.053540411149134548e-01 5.725581765308264404e-02 -4.633911716666825470e-02 -4.263177635775072805e-02 1.990756315070516674e-02 4.154410185925749843e-02 7.257155530944250747e-03 -4.852834316634806189e-02 -4.709258799492430092e-02 5.631522072839796611e-02 2.040705814497577597e-01
2.053540411149134548e-01 4.151929619255135262e-01 2.007294460834601058e-01 5.234571352780038878e-02 -4.943623660492929561e-02 -4.515993193885388390e-02 1.841587684391867569e-02 4.237239470973697825e-02 1.161909054805988425e-02 -4.753264588242862160e-02 -4.668552840413778965e-02 6.192629335525791368e-02
5.725581765308264404e-02 2.007294460834601058e-01 4.261341220910404570e-01 1.985804869625142077e-01 4.986724438032270890e-02 -4.906240146097046867e-02 -4.340029196498815245e-02 1.608725007716842875e-02 4.274273612822742513e-02 1.438499702004977093e-02 -4.363235120407511769e-02 -4.687820016287864988e-02
-4.633911716666825470e-02 5.234571352780038878e-02 1.985804869625142077e-01 4.410734169445379993e-01 1.964925731982768153e-01 5.062778172445259184e-02 -4.427649497726729444e-02 -4.210411559463413805e-02 1.204837844290665080e-02 3.987142953174795806e-02 1.516194722841139944e-02 -4.343280611832649185e-02
-4.263177635775072805e-02 -4.943623660492929561e-02 4.986724438032270890e-02 1.964925731982768153e-01 4.280541622953877301e-01 2.006828963581337444e-01 5.873085607505618838e-02 -4.499079966576288725e-02 -4.933392397078314312e-02 7.252440348775774509e-03 3.951492024656944740e-02 1.915952943042531498e-02
1.990756315070516674e-02 -4.515993193885388390e-02 -4.906240146097046867e-02 5.062778172445259184e-02 2.006828963581337444e-01 4.165589242370274503e-01 2.037576611325443432e-01 6.137230138140596647e-02 -4.772653111773202117e-02 -4.918984527128469897e-02 6.531481044055779429e-03 4.268977695077367379e-02
4.154410185925749843e-02 1.841587684391867569e-02 -4.340029196498815245e-02 -4.427649497726729444e-02 5.873085607505618838e-02 2.037576611325443432e-01 4.097436992617419782e-01 2.085188764172867248e-01 7.103968825622902772e-02 -4.329976024164267079e-02 -4.727828254167237843e-02 6.276060507685242776e-03
7.257155530944250747e-03 4.237239470973697825e-02 1.608725007716842875e-02 -4.210411559463413805e-02 -4.499079966576288725e-02 6.137230138140596647e-02 2.085188764172867248e-01 4.095089311197110393e-01 2.101901803789957834e-01 6.601403692261539891e-02 -4.143227093221357737e-02 -4.768429507693187908e-02
-4.852834316634806189e-02 1.161909054805988425e-02 4.274273612822742513e-02 1.204837844290665080e-02 -4.933392397078314312e-02 -4.772653111773202117e-02 7.103968825622902772e-02 2.101901803789957834e-01 3.883759773258653181e-01 2.068833383918677327e-01 6.543408514190193759e-02 -4.578758018919799888e-02
-4.709258799492430092e-02 -4.753264588242862160e-02 1.438499702004977093e-02 3.987142953174795806e-02 7.252440348775774509e-03 -4.918984527128469897e-02 -4.329976024164267079e-02 6.601403692261539891e-02 2.068833383918677327e-01 4.092485916378698074e-01 2.055044103060109650e-01 6.010597278752161099e-02
5.631522072839796611e-02 -4.668552840413778965e-02 -4.363235120407511769e-02 1.516194722841139944e-02 3.951492024656944740e-02 6.531481044055779429e-03 -4.727828254167237843e-02 -4.143227093221357737e-02 6.543408514190193759e-02 2.055044103060109650e-01 4.227666458661866189e-01 2.015657173964015003e-01
2.040705814497577597e-01 6.192629335525791368e-02 -4.687820016287864988e-02 -4.343280611832649185e-02 1.915952943042531498e-02 4.268977695077367379e-02 6.276060507685242776e-03 -4.768429507693187908e-02 -4.578758018919799888e-02 6.010597278752161099e-02 2.015657173964015003e-01 4.166882681380355002e-01
4.170165681998905249e-01 2.038419210128172843e-01 6.215343889640022323e-02 -4.572911501880705387e-02 -4.578955997989808679e-02 1.217336106432114970e-02 4.281124938664458007e-02 1.562750721733734485e-02 -4.494081213829229787e-02 -4.834427323865888443e-02 5.712694307899267299e-02 2.019938876691793062e-01
2.038419210128172843e-01 4.129308652718468586e-01 2.063890422609152564e-01 6.154138237971727016e-02 -4.574673088681076305e-02 -4.784195016439012765e-02 1.109447949859606111e-02 4.149790032679179230e-02 1.507713325541904306e-02 -4.599380294837857042e-02 -4.840139441738867260e-02 5.655671568596470217e-02
6.215343889640022323e-02 2.063890422609152564e-01 4.122823068626926268e-01 2.034933607777640319e-01 5.834888979757039268e-02 -4.748252602959922991e-02 -4.795374212891899413e-02 1.025109953517475483e-02 4.178925395030994028e-02 1.552028500965077148e-02 -4.650257996914299030e-02 -4.630722864042174924e-02
-4.572911501880705387e-02 6.154138237971727016e-02 2.034933607777640319e-01 4.154686421744555602e-01 2.040050199407911768e-01 6.193720947504696012e-02 -4.632420288893476790e-02 -4.663030230283203570e-02 1.133707816711147787e-02 4.222452440852811351e-02 1.416756814756973959e-02 -4.480907119652321330e-02
-4.578955997989808679e-02 -4.574673088681076305e-02 5.834888979757039268e-02 2.040050199407911768e-01 4.224821321351195369e-01 2.046212263754369487e-01 6.092648977984368996e-02 -4.367220701825851037e-02 -4.484924794362826761e-02 1.188140992804447883e-02 4.098851702138205100e-02 1.212462989799251677e-02
1.217336106432114970e-02 -4.784195016439012765e-02 -4.748252602959922991e-02 6.193720947504696012e-02 2.046212263754369487e-01 4.061156426472004033e-01 2.060759661907539397e-01 6.399749913198747586e-02 -4.641098196682728882e-02 -4.853023306272172960e-02 1.282652831685498693e-02 4.136700550098564022e-02
4.281124938664458007e-02 1.109447949859606111e-02 -4.795374212891899413e-02 -4.632420288893476790e-02 6.092648977984368996e-02 2.060759661907539397e-01 4.079208008256119955e-01 2.058503622533091326e-01 5.962324554680135946e-02 -4.909373194705792670e-02 -4.687720666721879870e-02 1.466802788141325850e-02
1.562750721733734485e-02 4.149790032679179230e-02 1.025109953517475483e-02 -4.663030230283203570e-02 -4.367220701825851037e-02 6.399749913198747586e-02 2.058503622533091326e-01 4.178461809312247199e-01 2.031823872162759614e-01 5.860939857943798376e-02 -4.625395589948672753e-02 -4.309133003495115716e-02
-4.494081213829229787e-02 1.507713325541904306e-02 4.178925395030994028e-02 1.133707816711147787e-02 -4.484924794362826761e-02 -4.641098196682728882e-02 5.962324554680135946e-02 2.031823872162759614e-01 4.227258498573577272e-01 2.031980281501321040e-01 5.714293536119913197e-02 -4.504796254443044906e-02
-4.834427323865888443e-02 -4.599380294837857042e-02 1.552028500965077148e-02 4.222452440852811351e-02 1.188140992804447883e-02 -4.853023306272172960e-02 -4.909373194705792670e-02 5.860939857943798376e-02 2.031980281501321040e-01 4.156675430429108697e-01 2.013878527000412255e-01 5.551209353022838744e-02
5.712694307899267299e-02 -4.840139441738867260e-02 -4.650257996914299030e-02 1.416756814756973959e-02 4.098851702138205100e-02 1.282652831685498693e-02 -4.687720666721879870e-02 -4.625395589948672753e-02 5.714293536119913197e-02 2.013878527000412255e-01 4.213013377989927588e-01 2.018824757345330512e-01
2.019938876691793062e-01 5.655671568596470217e-02 -4.630722864042174924e-02 -4.480907119652321330e-02 1.212462989799251677e-02 4.136700550098564022e-02 1.466802788141325850e-02 -4.309133003495115716e-02 -4.504796254443044906e-02 5.551209353022838744e-02 2.018824757345330512e-01 4.282421302526926432e-01
4.099790262895260384e-01 2.081910327689018847e-01 6.586640608227198324e-02 -4.449167811977905451e-02 -4.575553452282045408e-02 1.514007596720178331e-02 3.876471152237161155e-02 8.038964407305298002e-03 -4.759394872563710299e-02 -4.330017215849875367e-02 6.178921466273064322e-02 2.050175289590805416e-01
2.081910327689018847e-01 4.170822501918379777e-01 2.037896512629129298e-01 5.285531544376979862e-02 -4.845638162075510680e-02 -4.508859080280631926e-02 1.547701931011656595e-02 4.329094429940347905e-02 1.065921845916368779e-02 -4.597574656648878433e-02 -4.500180748636121997e-02 6.261454267285664066e-02
6.586640608227198324e-02 2.037896512629129298e-01 4.038952223060839342e-01 2.015398896617608959e-01 6.062895659598360742e-02 -4.850438365685008635e-02 -4.335391935279400699e-02 1.959594529302862570e-02 4.370185109186057459e-02 9.695029077375370841e-03 -4.834042743483704663e-02 -4.792243588003681359e-02
-4.449167811977905451e-02 5.285531544376979862e-02 2.015398896617608959e-01 4.420979097273003422e-01 2.009292153715404317e-01 4.857511069496854572e-02 -4.361460941761015342e-02 -4.175706825855508841e-02 1.547995421939963798e-02 3.908736831767619518e-02 1.001171731174549384e-02 -4.517872650694479408e-02
-4.575553452282045408e-02 -4.845638162075510680e-02 6.062895659598360742e-02 2.009292153715404317e-01 4.171208361934594100e-01 1.974241764006993138e-01 5.490446879807862196e-02 -4.883201691492974894e-02 -4.838216629946642811e-02 1.265137989311624148e-02 4.093723423269318706e-02 1.551812219708868790e-02
1.514007596720178331e-02 -4.508859080280631926e-02 -4.850438365685008635e-02 4.857511069496854572e-02 1.974241764006993138e-01 4.278849282733824810e-01 2.016588994887889563e-01 5.602630056207330567e-02 -4.956372757047726452e-02 -4.561119429116444746e-02 1.349909825595870493e-02 4.364179276482901826e-02
3.876471152237161155e-02 1.547701931011656595e-02 -4.335391935279400699e-02 -4.361460941761015342e-02 5.490446879807862196e-02 2.016588994887889563e-01 4.274670800673910920e-01 2.035250560855155766e-01 6.272217598495585800e-02 -4.261095651923473698e-02 -4.374743677656962870e-02 9.881888941738050519e-03
8.038964407305298002e-03 4.329094429940347905e-02 1.959594529302862570e-02 -4.175706825855508841e-02 -4.883201691492974894e-02 5.602630056207330567e-02 2.035250560855155766e-01 4.131505591526121179e-01 2.067542019510995588e-01 6.206416725345959701e-02 -4.567747163150281953e-02 -5.044059372675407937e-02
-4.759394872563710299e-02 1.065921845916368779e-02 4.370185109186057459e-02 1.547995421939963798e-02 -4.838216629946642811e-02 -4.956372757047726452e-02 6.272217598495585800e-02 2.067542019510995588e-01 3.938558964694108266e-01 2.059330920691391231e-01 6.430278776830161691e-02 -4.814970037531554614e-02
-4.330017215849875367e-02 -4.597574656648878433e-02 9.695029077375370841e-03 3.908736831767619518e-02 1.265137989311624148e-02 -4.561119429116444746e-02 -4.261095651923473698e-02 6.206416725345959701e-02 2.059330920691391231e-01 4.247758349782227993e-01 2.046879356846875997e-01 5.951149752830966339e-02
6.178921466273064322e-02 -4.500180748636121997e-02 -4.834042743483704663e-02 1.001171731174549384e-02 4.093723423269318706e-02 1.349909825595870493e-02 -4.374743677656962870e-02 -4.567747163150281953e-02 6.430278776830161691e-02 2.046879356846875997e-01 4.128537271906634887e-01 2.039259715303995968e-01
2.050175289590805416e-01 6.261454267285664066e-02 -4.792243588003681359e-02 -4.517872650694479408e-02 1.551812219708868790e-02 4.364179276482901826e-02 9.881888941738050519e-03 -5.044059372675407937e-02 -4.814970037531554614e-02 5.951149752830966339e-02 2.039259715303995968e-01 4.098367291601529017e-01
4.227916057032326536e-01 1.986520009770977868e-01 5.572391107459523374e-02 -4.993964423702507843e-02 -4.589760549536129469e-02 1.503668427725171272e-02 4.207277995679369748e-02 1.292518772506897479e-02 -4.771027565318004815e-02 -4.874891571394353307e-02 5.398095418410907287e-02 1.986906896822184798e-01
1.986520009770977868e-01 4.267688532822008218e-01 2.045860641738493357e-01 6.181424031688856346e-02 -4.614189741344526530e-02 -4.506961240754243925e-02 1.324424096560940407e-02 4.059343848625763390e-02 1.409196155583901724e-02 -4.390988484754177607e-02 -4.548256938331678850e-02 5.065991902253765000e-02
5.572391107459523374e-02 2.045860641738493357e-01 4.199526865671602271e-01 2.050134314872311680e-01 5.942340446021766864e-02 -4.540262606930638156e-02 -4.562065210722385938e-02 1.080550013687937329e-02 4.220929192210323699e-02 1.734624002104953600e-02 -4.241072231250677532e-02 -4.601161250049115581e-02
-4.993964423702507843e-02 6.181424031688856346e-02 2.050134314872311680e-01 4.002550713054643938e-01 2.058651948742514781e-01 6.371432071290934751e-02 -4.737320291797684352e-02 -4.835620377911869355e-02 1.101478044968369485e-02 4.410431127326908812e-02 1.768579739446927285e-02 -4.544026447293227078e-02
-4.589760549536129469e-02 -4.614189741344526530e-02 5.942340446021766864e-02 2.058651948742514781e-01 4.199238198996235183e-01 2.040152111761299458e-01 5.626662591446340150e-02 -4.531970445282988702e-02 -4.641652308069649235e-02 9.845247032919109825e-03 4.061050351661651264e-02 1.429747881996551624e-02
1.503668427725171272e-02 -4.506961240754243925e-02 -4.540262606930638156e-02 6.371432071290934751e-02 2.040152111761299458e-01 4.200292934749995655e-01 2.008751771271973241e-01 5.914684493027037165e-02 -4.506061442816048507e-02 -4.786084800148654450e-02 8.541051864467956445e-03 3.966073151466282393e-02
4.207277995679369748e-02 1.324424096560940407e-02 -4.562065210722385938e-02 -4.737320291797684352e-02 5.626662591446340150e-02 2.008751771271973241e-01 4.176093901384029250e-01 2.049945236333214071e-01 6.407735898835087429e-02 -4.598167985571010447e-02 -4.743720495831451472e-02 1.094981708022088954e-02
1.292518772506897479e-02 4.059343848625763390e-02 1.080550013687937329e-02 -4.835620377911869355e-02 -4.531970445282988702e-02 5.914684493027037165e-02 2.049945236333214071e-01 4.108395404183587396e-01 2.077766569462586865e-01 6.667564215416860174e-02 -4.444631205012757047e-02 -4.481121064975981255e-02
-4.771027565318004815e-02 1.409196155583901724e-02 4.220929192210323699e-02 1.101478044968369485e-02 -4.641652308069649235e-02 -4.506061442816048507e-02 6.407735898835087429e-02 2.077766569462586865e-01 4.015862966261922740e-01 2.092662691931577168e-01 6.447334068686899622e-02 -4.623700814400638626e-02
-4.874891571394353307e-02 -4.390988484754177607e-02 1.734624002104953600e-02 4.410431127326908812e-02 9.845247032919109825e-03 -4.786084800148654450e-02 -4.598167985571010447e-02 6.667564215416860174e-02 2.092662691931577168e-01 4.038559925999039013e-01 2.041824174711322493e-01 5.615425290891233601e-02
5.398095418410907287e-02 -4.548256938331678850e-02 -4.241072231250677532e-02 1.768579739446927285e-02 4.061050351661651264e-02 8.541051864467956445e-03 -4.743720495831451472e-02 -4.444631205012757047e-02 6.447334068686899622e-02 2.041824174711322493e-01 4.232921214431020207e-01 2.001895484480434306e-01
1.986906896822184798e-01 5.065991902253765000e-02 -4.601161250049115581e-02 -4.544026447293227078e-02 1.429747881996551624e-02 3.966073151466282393e-02 1.094981708022088954e-02 -4.481121064975981255e-02 -4.623700814400638626e-02 5.615425290891233601e-02 2.001895484480434306e-01 4.330953285413805531e-01
4.106733490483824300e-01 2.021290981882694904e-01 5.563610173907198447e-02 -4.828748855827647707e-02 -4.301010017000774649e-02 1.832189102572730210e-02 4.210953317534389673e-02 8.062458608842026919e-03 -4.824541460192047909e-02 -4.402373431466148623e-02 6.764290408323453407e-02 2.079084765780945809e-01
2.021290981882694904e-01 4.283200902120009035e-01 2.004430653636233850e-01 5.252643322601471820e-02 -4.578609117326348094e-02 -4.250934639949351113e-02 1.776256859853083889e-02 4.153589506565004419e-02 9.221650402648899972e-03 -4.536992711377999671e-02 -4.525168241112338674e-02 6.022107878630494210e-02
5.563610173907198447e-02 2.004430653636233850e-01 4.292748152483280011e-01 1.980772417933155949e-01 5.133112053808142061e-02 -4.660747983487474599e-02 -4.388239281191706753e-02 1.608645207390810294e-02 4.077204793216623879e-02 1.132479175773988024e-02 -4.662116963682294557e-02 -4.798233259410364382e-02
-4.828748855827647707e-02 5.252643322601471820e-02 1.980772417933155949e-01 4.253032086190183803e-01 1.998015706261003499e-01 5.547213015126847141e-02 -4.895620741130533859e-02 -4.711164844532231277e-02 1.421402861217716494e-02 4.134827783511066390e-02 1.432877746709794106e-02 -4.636637950220677540e-02
-4.301010017000774649e-02 -4.578609117326348094e-02 5.133112053808142061e-02 1.998015706261003499e-01 4.276992333079574493e-01 2.021888636851163212e-01 5.749649767957921986e-02 -4.749189403278148564e-02 -4.551762329641970140e-02 1.159650926444489444e-02 4.138713641912736274e-02 1.645803950964627727e-02
1.832189102572730210e-02 -4.250934639949351113e-02 -4.660747983487474599e-02 5.547213015126847141e-02 2.021888636851163212e-01 4.205230402363297482e-01 2.043281332143871420e-01 6.241997161532310268e-02 -4.515856556282990542e-02 -4.595972468029298902e-02 9.639095692887494210e-03 4.242681311344206896e-02
4.210953317534389673e-02 1.776256859853083889e-02 -4.388239281191706753e-02 -4.895620741130533859e-02 5.749649767957921986e-02 2.043281332143871420e-01 4.092461177304574371e-01 2.073519496575805809e-01 6.387720529853867235e-02 -4.474432193648172906e-02 -4.848759915285402039e-02 8.308455732682242315e-03
8.062458608842026919e-03 4.153589506565004419e-02 1.608645207390810294e-02 -4.711164844532231277e-02 -4.749189403278148564e-02 6.241997161532310268e-02 2.073519496575805809e-01 4.090130795372463046e-01 2.046777078007950834e-01 5.999692986124981198e-02 -4.601739468053187010e-02 -4.869067793193775778e-02
-4.824541460192047909e-02 9.221650402648899972e-03 4.077204793216623879e-02 1.421402861217716494e-02 -4.551762329641970140e-02 -4.515856556282990542e-02 6.387720529853867235e-02 2.046777078007950834e-01 4.121957884062457111e-01 2.044395101785391189e-01 6.335944245895130944e-02 -4.552510258874088722e-02
-4.402373431466148623e-02 -4.536992711377999671e-02 1.132479175773988024e-02 4.134827783511066390e-02 1.159650926444489444e-02 -4.595972468029298902e-02 -4.474432193648172906e-02 5.999692986124981198e-02 2.044395101785391189e-01 4.201454341348515031e-01 2.051571504600617213e-01 6.256885665052017154e-02
6.764290408323453407e-02 -4.525168241112338674e-02 -4.662116963682294557e-02 1.432877746709794106e-02 4.138713641912736274e-02 9.639095692887494210e-03 -4.848759915285402039e-02 -4.601739468053187010e-02 6.335944245895130944e-02 2.051571504600617213e-01 4.030929783277091283e-01 2.079020007486709898e-01
2.079084765780945809e-01 6.022107878630494210e-02 -4.798233259410364382e-02 -4.636637950220677540e-02 1.645803950964627727e-02 4.242681311344206896e-02 8.308455732682242315e-03 -4.869067793193775778e-02 -4.552510258874088722e-02 6.256885665052017154e-02 2.079020007486709898e-01 4.045128651914650098e-01
4.342332846226168996e-01 2.023052857107395242e-01 5.532059456279843357e-02 -4.524678597291674487e-02 -4.435595659213598801e-02 1.142131098409145465e-02 4.136735461369858702e-02 1.639775225156630406e-02 -4.039806807756683021e-02 -4.648407795011554738e-02 4.980873123095149596e-02 1.988392728964441802e-01
2.023052857107395242e-01 4.203475616494202760e-01 2.014059385770020638e-01 5.955307798154473031e-02 -4.516201366326999533e-02 -4.636661362592893465e-02 8.843234565548755560e-03 4.156491823473996983e-02 1.796078003157605685e-02 -4.571358914598848411e-02 -4.902656225737435369e-02 5.584614642734918311e-02
5.532059456279843357e-02 2.014059385770020638e-01 4.090546068953160308e-01 2.070543307697316204e-01 6.499550783596352854e-02 -4.629876246820047864e-02 -5.147212854300719370e-02 7.009433960681571429e-03 4.120948701059272412e-02 1.891765932081034690e-02 -4.411074274749264557e-02 -4.917904345961094520e-02
-4.524678597291674487e-02 5.955307798154473031e-02 2.070543307697316204e-01 4.173870757247774010e-01 2.041093172516414977e-01 5.913169214319655836e-02 -4.561103822626989823e-02 -4.658830828324677514e-02 7.487992737076052709e-03 4.233446012313777512e-02 1.666273174933909085e-02 -4.560689453641807167e-02
-4.435595659213598801e-02 -4.516201366326999533e-02 6.499550783596352854e-02 2.041093172516414977e-01 4.068435965051361292e-01 2.071303910923324998e-01 7.092358767285297794e-02 -4.289393342854620761e-02 -4.747007913871713336e-02 9.051214992126573738e-03 4.130349098095133231e-02 1.487945613656592794e-02
1.142131098409145465e-02 -4.636661362592893465e-02 -4.629876246820047864e-02 5.913169214319655836e-02 2.071303910923324998e-01 4.127056019285080257e-01 2.088481802875428728e-01 6.212320346759366702e-02 -4.372784476143949661e-02 -4.720136286042509594e-02 1.128582617799879333e-02 4.202685892248261140e-02
4.136735461369858702e-02 8.843234565548755560e-03 -5.147212854300719370e-02 -4.561103822626989823e-02 7.092358767285297794e-02 2.088481802875428728e-01 3.927876405054324671e-01 2.050540936404237624e-01 6.421759851970305910e-02 -4.833910580064295498e-02 -4.737971086694714451e-02 1.520671666397863629e-02
1.639775225156630406e-02 4.156491823473996983e-02 7.009433960681571429e-03 -4.658830828324677514e-02 -4.289393342854620761e-02 6.212320346759366702e-02 2.050540936404237624e-01 4.160881617245432151e-01 2.060841935924744850e-01 5.829597959196384377e-02 -4.763569067437933846e-02 -4.553796582039074115e-02
-4.039806807756683021e-02 1.796078003157605685e-02 4.120948701059272412e-02 7.487992737076052709e-03 -4.747007913871713336e-02 -4.372784476143949661e-02 6.421759851970305910e-02 2.060841935924744850e-01 4.236744709716661061e-01 2.001644665470164175e-01 5.377470288473120558e-02 -4.594246019270220582e-02
-4.648407795011554738e-02 -4.571358914598848411e-02 1.891765932081034690e-02 4.233446012313777512e-02 9.051214992126573738e-03 -4.720136286042509594e-02 -4.833910580064295498e-02 5.829597959196384377e-02 2.001644665470164175e-01 4.187084925271005176e-01 2.026651988549617589e-01 5.861808369623661141e-02
4.980873123095149596e-02 -4.902656225737435369e-02 -4.411074274749264557e-02 1.666273174933909085e-02 4.130349098095133231e-02 1.128582617799879333e-02 -4.737971086694714451e-02 -4.763569067437933846e-02 5.377470288473120558e-02 2.026651988549617589e-01 4.249123006493946142e-01 2.004607984594363734e-01
