2.527921145381409884e-01 2.087185410683595199e-01 1.220109281048416955e-01 4.986244817173392935e-02 -1.057930018385621652e-02 -4.152202881257038847e-02 -5.459151780120805042e-02 -3.706320727004755455e-02 7.030414504296478295e-03 6.051437853896472069e-02 1.129409364723691356e-01 1.942767505442956066e-01
2.087185410683595199e-01 3.315188683543159875e-01 2.058788777430737849e-01 1.178703224290154061e-01 5.431049847909130007e-02 2.318719231165923544e-03 -3.508037572150467936e-02 -4.869304341830588828e-02 -3.520989652145056770e-02 1.384495868878969551e-03 5.574742656379869099e-02 1.255040580021529184e-01
1.220109281048416955e-01 2.058788777430737849e-01 2.373726006870919281e-01 1.846510860585536817e-01 1.191739041840305796e-01 6.242877238495872505e-02 1.803011248783096404e-02 -2.990160492974307249e-02 -4.977867024929305551e-02 -4.584002742954059600e-02 -6.473445131113883186e-03 5.424219168902939120e-02
4.986244817173392935e-02 1.178703224290154061e-01 1.846510860585536817e-01 2.291941391448243104e-01 1.873421926702291129e-01 1.182693067693301181e-01 7.236943214385382905e-02 9.858598265682728956e-03 -3.931232990440176878e-02 -6.277502320659608670e-02 -4.872299540530455192e-02 -1.277848911454648045e-02
-1.057930018385621652e-02 5.431049847909130007e-02 1.191739041840305796e-01 1.873421926702291129e-01 2.327765881033206086e-01 1.772665092798811903e-01 1.287580564700219199e-01 6.416824433269507910e-02 -1.982470362268504323e-03 -5.336490619868693164e-02 -6.182421742005984877e-02 -5.303735862712556648e-02
-4.152202881257038847e-02 2.318719231165923544e-03 6.242877238495872505e-02 1.182693067693301181e-01 1.772665092798811903e-01 2.036925507717735062e-01 1.891838061021069439e-01 1.172243979346040965e-01 4.992604624445280692e-02 -1.505738627394070245e-02 -4.670490607067511596e-02 -5.805244455149448368e-02
-5.459151780120805042e-02 -3.508037572150467936e-02 1.803011248783096404e-02 7.236943214385382905e-02 1.287580564700219199e-01 1.891838061021069439e-01 2.717172706581226782e-01 2.031192590095064754e-01 1.190805386724523851e-01 4.903474912890919135e-02 -1.046276046516701752e-02 -4.709431820179084405e-02
-3.706320727004755455e-02 -4.869304341830588828e-02 -2.990160492974307249e-02 9.858598265682728956e-03 6.416824433269507910e-02 1.172243979346040965e-01 2.031192590095064754e-01 2.784967225269812108e-01 2.033330612344357025e-01 1.256908319359204829e-01 5.632658062539949717e-02 2.233782248815767597e-03
7.030414504296478295e-03 -3.520989652145056770e-02 -4.977867024929305551e-02 -3.931232990440176878e-02 -1.982470362268504323e-03 4.992604624445280692e-02 1.190805386724523851e-01 2.033330612344357025e-01 2.565210687309368298e-01 2.045171364021802218e-01 1.169000209972249904e-01 6.184884900684373132e-02
6.051437853896472069e-02 1.384495868878969551e-03 -4.584002742954059600e-02 -6.277502320659608670e-02 -5.336490619868693164e-02 -1.505738627394070245e-02 4.903474912890919135e-02 1.256908319359204829e-01 2.045171364021802218e-01 2.889312250121934822e-01 1.859616509231733772e-01 1.199791796011567963e-01
1.129409364723691356e-01 5.574742656379869099e-02 -6.473445131113883186e-03 -4.872299540530455192e-02 -6.182421742005984877e-02 -4.670490607067511596e-02 -1.046276046516701752e-02 5.632658062539949717e-02 1.169000209972249904e-01 1.859616509231733772e-01 1.872863098396254089e-01 1.672111613495911309e-01
1.942767505442956066e-01 1.255040580021529184e-01 5.424219168902939120e-02 -1.277848911454648045e-02 -5.303735862712556648e-02 -5.805244455149448368e-02 -4.709431820179084405e-02 2.233782248815767597e-03 6.184884900684373132e-02 1.199791796011567963e-01 1.672111613495911309e-01 2.297005416326781957e-01
3.030252338409828994e-01 2.036169816542174882e-01 1.148237451034692103e-01 5.071982396066709170e-02 -4.566318073007305696e-03 -4.258913613859550973e-02 -5.391799220920520663e-02 -3.592422404826607629e-02 5.158317485280113773e-03 6.204086695910357441e-02 1.285706078652654183e-01 2.083950193472366430e-01
2.036169816542174882e-01 2.424022900826096338e-01 1.804138549795619717e-01 1.203299348874518893e-01 5.781553477091998933e-02 9.607417530861833699e-03 -3.753062955750618990e-02 -5.025566392681544287e-02 -4.196264949837755220e-02 -3.417537853248786735e-04 6.100738416531483604e-02 1.250571366210243285e-01
1.148237451034692103e-01 1.804138549795619717e-01 2.152813167062244681e-01 1.980065641432068313e-01 1.144208788577921881e-01 6.559422485859320306e-02 1.478315764234463051e-03 -3.951997827831236348e-02 -5.824683829550204861e-02 -4.379886383141372991e-02 -4.395380307665411324e-03 5.278119666368087659e-02
5.071982396066709170e-02 1.203299348874518893e-01 1.980065641432068313e-01 3.097760719110618233e-01 1.902071995099954838e-01 1.271151281970450131e-01 5.843533706342748935e-02 -4.853164971915997425e-03 -5.169101322640290430e-02 -6.256336062598399916e-02 -5.119250353002997855e-02 -1.142444220382844711e-02
-4.566318073007305696e-03 5.781553477091998933e-02 1.144208788577921881e-01 1.902071995099954838e-01 1.913389205994163733e-01 1.778198007458244856e-01 1.116757177653662086e-01 4.983529856127642127e-02 -6.035834397283891886e-03 -4.245834305273711584e-02 -5.421202378470176692e-02 -4.154301341118918356e-02
-4.258913613859550973e-02 9.607417530861833699e-03 6.559422485859320306e-02 1.271151281970450131e-01 1.778198007458244856e-01 2.574095071165830029e-01 2.014394132370573853e-01 1.201291150876206970e-01 5.798895416824173532e-02 -5.002677935927225122e-03 -4.401539307438897403e-02 -5.567757380699088487e-02
-5.391799220920520663e-02 -3.753062955750618990e-02 1.478315764234463051e-03 5.843533706342748935e-02 1.116757177653662086e-01 2.014394132370573853e-01 2.763420812151637374e-01 2.008119244208230458e-01 1.302243244865390337e-01 6.170118143918296161e-02 5.295661873191836663e-03 -3.781506823478693324e-02
-3.592422404826607629e-02 -5.025566392681544287e-02 -3.951997827831236348e-02 -4.853164971915997425e-03 4.983529856127642127e-02 1.201291150876206970e-01 2.008119244208230458e-01 2.464754397426180688e-01 2.013492722023737524e-01 1.181603103332943272e-01 6.032215825093090178e-02 4.972761311555924310e-03
5.158317485280113773e-03 -4.196264949837755220e-02 -5.824683829550204861e-02 -5.169101322640290430e-02 -6.035834397283891886e-03 5.798895416824173532e-02 1.302243244865390337e-01 2.013492722023737524e-01 2.782324766328236332e-01 1.881291453302235128e-01 1.190158286253124309e-01 5.998281720490154789e-02
6.204086695910357441e-02 -3.417537853248786735e-04 -4.379886383141372991e-02 -6.256336062598399916e-02 -4.245834305273711584e-02 -5.002677935927225122e-03 6.170118143918296161e-02 1.181603103332943272e-01 1.881291453302235128e-01 2.009560942768937042e-01 1.712242881428018004e-01 1.156045785820692118e-01
1.285706078652654183e-01 6.100738416531483604e-02 -4.395380307665411324e-03 -5.119250353002997855e-02 -5.421202378470176692e-02 -4.401539307438897403e-02 5.295661873191836663e-03 6.032215825093090178e-02 1.190158286253124309e-01 1.712242881428018004e-01 2.235196240234241793e-01 1.915430288772270728e-01
2.083950193472366430e-01 1.250571366210243285e-01 5.278119666368087659e-02 -1.142444220382844711e-02 -4.154301341118918356e-02 -5.567757380699088487e-02 -3.781506823478693324e-02 4.972761311555924310e-03 5.998281720490154789e-02 1.156045785820692118e-01 1.915430288772270728e-01 2.552409438521943130e-01
2.861519511844392016e-01 2.011366275454277708e-01 1.244365609907507331e-01 4.695694910983101711e-02 -1.765944558985136498e-02 -5.320115204783190666e-02 -5.662845494594215962e-02 -3.731379614885237117e-02 6.700475212019132293e-03 6.284173759895009259e-02 1.215719453169687436e-01 1.951849743698015338e-01
2.011366275454277708e-01 2.403903486044964288e-01 2.002417756637017709e-01 1.115888652263330172e-01 4.612913703226327600e-02 -1.300739434080450466e-02 -4.525541055378425048e-02 -5.350406379105540622e-02 -3.577805853151622834e-02 5.712643066647170309e-03 6.121560404006824024e-02 1.203560764482717871e-01
1.244365609907507331e-01 2.002417756637017709e-01 2.965063954285388492e-01 1.989606364866673693e-01 1.223557223575900410e-01 5.482764284796590865e-02 -3.809531325865784558e-03 -4.435859612129734036e-02 -5.489000622662640327e-02 -4.151341140467355861e-02 -7.468510110872282311e-04 5.653499864447222856e-02
4.695694910983101711e-02 1.115888652263330172e-01 1.989606364866673693e-01 2.397152423153496303e-01 2.003380781359286045e-01 1.217930136469079910e-01 5.907050684289281289e-02 1.675964082734166796e-03 -3.945599940984929888e-02 -5.417964175054099107e-02 -4.543993397497826658e-02 -1.162916230730185602e-02
-1.765944558985136498e-02 4.612913703226327600e-02 1.223557223575900410e-01 2.003380781359286045e-01 2.829151828046163608e-01 1.994007710078033457e-01 1.205335994205114086e-01 5.982307284659536817e-02 7.000210517405025057e-04 -4.062314983761197706e-02 -5.870277179797149525e-02 -5.233755306819433406e-02
-5.320115204783190666e-02 -1.300739434080450466e-02 5.482764284796590865e-02 1.217930136469079910e-01 1.994007710078033457e-01 2.390620701626771649e-01 1.835612716150514800e-01 1.208724249304837239e-01 6.089242905582404469e-02 6.004755880994807997e-03 -4.029136606014430133e-02 -5.911908704634159795e-02
-5.662845494594215962e-02 -4.525541055378425048e-02 -3.809531325865784558e-03 5.907050684289281289e-02 1.205335994205114086e-01 1.835612716150514800e-01 2.195064001721017122e-01 1.884831077276393207e-01 1.208427652292346360e-01 6.462825157039096824e-02 5.672318846904825761e-03 -3.699538131571164512e-02
-3.731379614885237117e-02 -5.350406379105540622e-02 -4.435859612129734036e-02 1.675964082734166796e-03 5.982307284659536817e-02 1.208724249304837239e-01 1.884831077276393207e-01 2.593259981796962599e-01 1.998673205698570099e-01 1.296235311776813282e-01 6.771079147920558428e-02 1.004670675077307639e-02
6.700475212019132293e-03 -3.577805853151622834e-02 -5.489000622662640327e-02 -3.945599940984929888e-02 7.000210517405025057e-04 6.089242905582404469e-02 1.208427652292346360e-01 1.998673205698570099e-01 2.515291999495323227e-01 1.952645313642690228e-01 1.225666319205358928e-01 6.321230227813781632e-02
6.284173759895009259e-02 5.712643066647170309e-03 -4.151341140467355861e-02 -5.417964175054099107e-02 -4.062314983761197706e-02 6.004755880994807997e-03 6.462825157039096824e-02 1.296235311776813282e-01 1.952645313642690228e-01 2.438195096184996580e-01 1.869745504480907483e-01 1.192446677057656668e-01
1.215719453169687436e-01 6.121560404006824024e-02 -7.468510110872282311e-04 -4.543993397497826658e-02 -5.870277179797149525e-02 -4.029136606014430133e-02 5.672318846904825761e-03 6.771079147920558428e-02 1.225666319205358928e-01 1.869745504480907483e-01 2.215810918903190763e-01 1.783225228105964622e-01
1.951849743698015338e-01 1.203560764482717871e-01 5.653499864447222856e-02 -1.162916230730185602e-02 -5.233755306819433406e-02 -5.911908704634159795e-02 -3.699538131571164512e-02 1.004670675077307639e-02 6.321230227813781632e-02 1.192446677057656668e-01 1.783225228105964622e-01 2.194966096897225383e-01
2.384185145709732945e-01 1.872112757398572969e-01 1.111863399052997470e-01 3.853551018812179096e-02 -2.704310478355114594e-02 -4.930166268789932388e-02 -6.470332210914228610e-02 -4.188796036005520973e-02 6.443618555203350223e-03 7.185949797679885842e-02 1.295680165266990813e-01 1.899421642741248029e-01
1.872112757398572969e-01 2.316192648508397789e-01 1.925759970965316703e-01 1.130744661202331969e-01 4.284006605956343361e-02 -1.721459965101117956e-02 -5.762836455937152963e-02 -5.775447857698829540e-02 -3.200783931069151739e-02 1.926518039059678389e-02 7.419575324296330543e-02 1.233777337676059821e-01
1.111863399052997470e-01 1.925759970965316703e-01 2.899781103881594602e-01 2.176874593387053136e-01 1.358483283397332042e-01 4.662815660606703383e-02 -1.122547513778526448e-02 -4.276293252967425240e-02 -4.626488370019930102e-02 -3.023993098714042316e-02 8.542317335585547858e-03 5.424016293505629083e-02
3.853551018812179096e-02 1.130744661202331969e-01 2.176874593387053136e-01 3.166780093113801819e-01 2.193756954446149376e-01 1.047042148098348835e-01 5.247111427071175782e-02 7.302665725437644919e-04 -3.170057434783823958e-02 -4.968555374971591471e-02 -4.340974476784541236e-02 -1.389619450730468497e-02
-2.704310478355114594e-02 4.284006605956343361e-02 1.358483283397332042e-01 2.193756954446149376e-01 2.978924936518574373e-01 1.642981853465818043e-01 1.155288458672693863e-01 6.082897809030808622e-02 1.186980214159193310e-02 -3.690905216089927776e-02 -6.008487612170394787e-02 -5.592777361113402540e-02
-4.930166268789932388e-02 -1.721459965101117956e-02 4.662815660606703383e-02 1.047042148098348835e-01 1.642981853465818043e-01 1.408999493691200366e-01 1.528451147970182888e-01 1.085100417989448007e-01 6.170667290506835767e-02 1.143787529843212289e-02 -3.370969622399953847e-02 -5.150496605355903146e-02
-6.470332210914228610e-02 -5.762836455937152963e-02 -1.122547513778526448e-02 5.247111427071175782e-02 1.155288458672693863e-01 1.528451147970182888e-01 2.521076449268948583e-01 2.095004412557110451e-01 1.341049511670796557e-01 7.240689465695777927e-02 -3.523574783654650523e-04 -4.546902017462690210e-02
-4.188796036005520973e-02 -5.775447857698829540e-02 -4.276293252967425240e-02 7.302665725437644919e-04 6.082897809030808622e-02 1.085100417989448007e-01 2.095004412557110451e-01 2.801330195669758938e-01 1.990846680087149101e-01 1.270868514854325282e-01 5.491474899797865739e-02 -1.598364145720790590e-03
6.443618555203350223e-03 -3.200783931069151739e-02 -4.626488370019930102e-02 -3.170057434783823958e-02 1.186980214159193310e-02 6.170667290506835767e-02 1.341049511670796557e-01 1.990846680087149101e-01 2.356605018768942184e-01 1.907427811267025652e-01 1.124053165394990755e-01 5.541620830403287679e-02
7.185949797679885842e-02 1.926518039059678389e-02 -3.023993098714042316e-02 -4.968555374971591471e-02 -3.690905216089927776e-02 1.143787529843212289e-02 7.240689465695777927e-02 1.270868514854325282e-01 1.907427811267025652e-01 2.493386191915883954e-01 1.889377743199068538e-01 1.227751124040346586e-01
1.295680165266990813e-01 7.419575324296330543e-02 8.542317335585547858e-03 -4.340974476784541236e-02 -6.008487612170394787e-02 -3.370969622399953847e-02 -3.523574783654650523e-04 5.491474899797865739e-02 1.124053165394990755e-01 1.889377743199068538e-01 2.337671002789961650e-01 1.892645711638722972e-01
1.899421642741248029e-01 1.233777337676059821e-01 5.424016293505629083e-02 -1.389619450730468497e-02 -5.592777361113402540e-02 -5.150496605355903146e-02 -4.546902017462690210e-02 -1.598364145720790590e-03 5.541620830403287679e-02 1.227751124040346586e-01 1.892645711638722972e-01 2.335067720163273575e-01
2.744325029855209097e-01 2.048376031803796349e-01 1.141124432386125681e-01 5.329854217718650589e-02 -4.557234334051377990e-03 -4.236557275701149927e-02 -5.457394709561745605e-02 -4.288488600700700315e-02 -6.878659818785581512e-03 4.988829842110433649e-02 1.231378529564762930e-01 2.062440766746277965e-01
2.048376031803796349e-01 2.754876481344701866e-01 1.853856721563282850e-01 1.209599976830510459e-01 5.722100661964131529e-02 1.470457520561517821e-03 -4.437324056057051491e-02 -5.916077744638399694e-02 -5.311926441567703383e-02 -1.301758082787294116e-02 5.188517243719312916e-02 1.252824750844082069e-01
1.141124432386125681e-01 1.853856721563282850e-01 2.009503454738172379e-01 1.866787267734683065e-01 1.143546234433092390e-01 5.982652881082389795e-02 4.667309825432102571e-06 -3.945189946252013191e-02 -5.798284865246924880e-02 -4.538242004210012170e-02 -1.144661849456082847e-02 5.208736169313801789e-02
5.329854217718650589e-02 1.209599976830510459e-01 1.866787267734683065e-01 2.858053508534857956e-01 2.002125833039159752e-01 1.298711274974891083e-01 6.295770872462219669e-02 2.353144445039517980e-03 -4.356584024721418813e-02 -5.578391413646860419e-02 -5.152661097757732511e-02 -7.950241023596687356e-03
-4.557234334051377990e-03 5.722100661964131529e-02 1.143546234433092390e-01 2.002125833039159752e-01 2.323716034962515775e-01 1.947368963555257959e-01 1.191381667739043609e-01 5.773070500817910344e-02 4.689388973917773748e-03 -3.375497071180269537e-02 -5.459451976859533429e-02 -4.327041849966072051e-02
-4.236557275701149927e-02 1.470457520561517821e-03 5.982652881082389795e-02 1.298711274974891083e-01 1.947368963555257959e-01 2.689093491148095150e-01 1.949505645951117305e-01 1.189751152796446054e-01 6.554347648289006456e-02 8.930062926164081955e-03 -3.559888160078054226e-02 -5.336054350656671552e-02
-5.457394709561745605e-02 -4.437324056057051491e-02 4.667309825432102571e-06 6.295770872462219669e-02 1.191381667739043609e-01 1.949505645951117305e-01 2.283678667441702281e-01 1.784115899943965744e-01 1.257868145432832208e-01 6.545076091452467493e-02 1.449606428377844640e-02 -3.578079906849142289e-02
-4.288488600700700315e-02 -5.916077744638399694e-02 -3.945189946252013191e-02 2.353144445039517980e-03 5.773070500817910344e-02 1.189751152796446054e-01 1.784115899943965744e-01 2.169076146642890390e-01 1.949087187504943142e-01 1.177653296339557093e-01 6.653709321648629271e-02 1.611174724553547308e-03
-6.878659818785581512e-03 -5.311926441567703383e-02 -5.798284865246924880e-02 -4.356584024721418813e-02 4.689388973917773748e-03 6.554347648289006456e-02 1.257868145432832208e-01 1.949087187504943142e-01 2.733986903756895348e-01 1.863410059921859763e-01 1.261504755105322118e-01 5.691552865917776788e-02
4.988829842110433649e-02 -1.301758082787294116e-02 -4.538242004210012170e-02 -5.578391413646860419e-02 -3.375497071180269537e-02 8.930062926164081955e-03 6.545076091452467493e-02 1.177653296339557093e-01 1.863410059921859763e-01 2.019092964322899419e-01 1.858050653094714677e-01 1.129606811446436099e-01
1.231378529564762930e-01 5.188517243719312916e-02 -1.144661849456082847e-02 -5.152661097757732511e-02 -5.459451976859533429e-02 -3.559888160078054226e-02 1.449606428377844640e-02 6.653709321648629271e-02 1.261504755105322118e-01 1.858050653094714677e-01 2.719864438026844411e-01 2.021660592185987870e-01
2.062440766746277965e-01 1.252824750844082069e-01 5.208736169313801789e-02 -7.950241023596687356e-03 -4.327041849966072051e-02 -5.336054350656671552e-02 -3.578079906849142289e-02 1.611174724553547308e-03 5.691552865917776788e-02 1.129606811446436099e-01 2.021660592185987870e-01 2.694732879225282818e-01
2.534532057678427486e-01 1.875479813428800879e-01 1.132994280048987279e-01 4.352653804498402001e-02 -2.162829637441596176e-02 -5.465534876226503525e-02 -5.639986720086631600e-02 -3.708202990012004346e-02 1.065904508450131807e-02 7.105131894326446873e-02 1.313061727957608449e-01 1.978834490076502028e-01
1.875479813428800879e-01 2.394291154712517022e-01 1.972482519528647726e-01 1.193022012761702916e-01 4.163378634298241232e-02 -2.761229923822257001e-02 -5.849431563578909310e-02 -6.265531636997226372e-02 -3.599938212309101992e-02 6.639488178575628490e-04 5.816335923237717781e-02 1.145401544394972354e-01
1.132994280048987279e-01 1.972482519528647726e-01 2.688970387513505700e-01 2.120112465232030230e-01 1.194228912019185823e-01 3.540629628562011466e-02 -2.460357599968016062e-02 -5.405329210518781957e-02 -5.174780252759353383e-02 -4.494961621913546451e-02 -6.203345218340644042e-03 4.731803640351240486e-02
4.352653804498402001e-02 1.193022012761702916e-01 2.120112465232030230e-01 3.451394080027986866e-01 2.099666920853729968e-01 1.117726308754411479e-01 4.240751596908060722e-02 -8.963157298236759316e-03 -3.580265960390224822e-02 -5.432538819298778077e-02 -4.771712093099499119e-02 -1.560990303512954300e-02
-2.162829637441596176e-02 4.163378634298241232e-02 1.194228912019185823e-01 2.099666920853729968e-01 2.652144004178054182e-01 1.955313371040172665e-01 1.184061699889671082e-01 6.802885169964946466e-02 1.759640242061554644e-02 -2.348367325313843387e-02 -4.893255440622587549e-02 -4.781996949494361770e-02
-5.465534876226503525e-02 -2.761229923822257001e-02 3.540629628562011466e-02 1.117726308754411479e-01 1.955313371040172665e-01 2.393145259756860876e-01 1.854333917682930988e-01 1.306842671296951364e-01 7.126993407025838945e-02 2.887936688801115773e-02 -1.953902036333487330e-02 -4.687920131479032804e-02
-5.639986720086631600e-02 -5.849431563578909310e-02 -2.460357599968016062e-02 4.240751596908060722e-02 1.184061699889671082e-01 1.854333917682930988e-01 2.290955831056815384e-01 1.971273969474224286e-01 1.161586452982161510e-01 7.366010391585907369e-02 2.170137070579410132e-02 -2.536816604624276758e-02
-3.708202990012004346e-02 -6.265531636997226372e-02 -5.405329210518781957e-02 -8.963157298236759316e-03 6.802885169964946466e-02 1.306842671296951364e-01 1.971273969474224286e-01 2.544131210886349526e-01 1.660377150551433645e-01 1.207306018850263507e-01 6.827095261544913196e-02 1.387215593015338894e-02
1.065904508450131807e-02 -3.599938212309101992e-02 -5.174780252759353383e-02 -3.580265960390224822e-02 1.759640242061554644e-02 7.126993407025838945e-02 1.161586452982161510e-01 1.660377150551433645e-01 1.543862796427005191e-01 1.529677251938948435e-01 1.117416794686626330e-01 6.125587424708217599e-02
7.105131894326446873e-02 6.639488178575628490e-04 -4.494961621913546451e-02 -5.432538819298778077e-02 -2.348367325313843387e-02 2.887936688801115773e-02 7.366010391585907369e-02 1.207306018850263507e-01 1.529677251938948435e-01 2.240996523195668000e-01 2.009809566572112738e-01 1.284787319103199432e-01
1.313061727957608449e-01 5.816335923237717781e-02 -6.203345218340644042e-03 -4.771712093099499119e-02 -4.893255440622587549e-02 -1.953902036333487330e-02 2.170137070579410132e-02 6.827095261544913196e-02 1.117416794686626330e-01 2.009809566572112738e-01 2.786497291588410641e-01 2.010204339450282485e-01
1.978834490076502028e-01 1.145401544394972354e-01 4.731803640351240486e-02 -1.560990303512954300e-02 -4.781996949494361770e-02 -4.687920131479032804e-02 -2.536816604624276758e-02 1.387215593015338894e-02 6.125587424708217599e-02 1.284787319103199432e-01 2.010204339450282485e-01 2.479079402978447144e-01
2.473292302257278918e-01 1.898886555785921915e-01 1.140301550207823839e-01 5.345229032138337777e-02 1.030160795111529802e-03 -3.822440816649730344e-02 -5.567647644059310619e-02 -4.901275912753419450e-02 -1.419779577792645506e-02 5.278654198808976905e-02 1.268823399550105258e-01 2.060323446106192558e-01
1.898886555785921915e-01 2.356875325413779476e-01 1.858256466598857404e-01 1.185788624657705959e-01 6.565144626103092129e-02 6.866381032548209314e-03 -3.841383798724574278e-02 -5.861639337686728318e-02 -5.082787234183544500e-02 -5.268277153536469158e-03 6.106131919729729240e-02 1.258357506904442813e-01
1.140301550207823839e-01 1.858256466598857404e-01 2.361754015932893969e-01 1.909190812222540945e-01 1.314104565887862786e-01 6.810941349776593323e-02 9.062666474021551649e-03 -3.842618998150537646e-02 -5.685330002129075633e-02 -4.477440041576004337e-02 -5.312977213627073474e-03 5.558836559581725734e-02
5.345229032138337777e-02 1.185788624657705959e-01 1.909190812222540945e-01 2.421508772011766175e-01 2.036012178420126273e-01 1.227408010003954719e-01 6.212396288390718835e-02 3.950399758530455732e-03 -3.783393102402854424e-02 -5.282665324794815626e-02 -4.433698395776493328e-02 -3.002515267694803695e-03
1.030160795111529802e-03 6.565144626103092129e-02 1.314104565887862786e-01 2.036012178420126273e-01 2.868363979644111827e-01 1.915238215686856094e-01 1.179596227100270234e-01 5.838370335307997705e-02 3.856133051219908826e-03 -3.925037956379549831e-02 -5.822505330804411683e-02 -4.432948014793057501e-02
-3.822440816649730344e-02 6.866381032548209314e-03 6.810941349776593323e-02 1.227408010003954719e-01 1.915238215686856094e-01 2.047845138249017316e-01 1.711905448771750271e-01 1.168452620242586976e-01 6.408910852177948647e-02 6.690664022088205209e-03 -4.068921012705879747e-02 -5.542789425795866670e-02
-5.567647644059310619e-02 -3.841383798724574278e-02 9.062666474021551649e-03 6.212396288390718835e-02 1.179596227100270234e-01 1.711905448771750271e-01 2.211212531826233507e-01 1.927915296392742617e-01 1.291506234757728577e-01 6.555154783465005908e-02 -4.178344550665427821e-04 -4.641843737640153483e-02
-4.901275912753419450e-02 -5.861639337686728318e-02 -3.842618998150537646e-02 3.950399758530455732e-03 5.838370335307997705e-02 1.168452620242586976e-01 1.927915296392742617e-01 2.613852276668388597e-01 2.063238137465830402e-01 1.252044687532126999e-01 5.542870104250634256e-02 -1.196607378990181131e-02
-1.419779577792645506e-02 -5.082787234183544500e-02 -5.685330002129075633e-02 -3.783393102402854424e-02 3.856133051219908826e-03 6.408910852177948647e-02 1.291506234757728577e-01 2.063238137465830402e-01 2.800146862499967026e-01 1.957295305078480818e-01 1.158777789227077304e-01 4.553233954465925326e-02
5.278654198808976905e-02 -5.268277153536469158e-03 -4.477440041576004337e-02 -5.282665324794815626e-02 -3.925037956379549831e-02 6.690664022088205209e-03 6.555154783465005908e-02 1.252044687532126999e-01 1.957295305078480818e-01 2.291436542039876068e-01 1.875618474602244179e-01 1.158858621880831385e-01
1.268823399550105258e-01 6.106131919729729240e-02 -5.312977213627073474e-03 -4.433698395776493328e-02 -5.822505330804411683e-02 -4.068921012705879747e-02 -4.178344550665427821e-04 5.542870104250634256e-02 1.158777789227077304e-01 1.875618474602244179e-01 2.570984450927567000e-01 2.065974833880745709e-01
2.060323446106192558e-01 1.258357506904442813e-01 5.558836559581725734e-02 -3.002515267694803695e-03 -4.432948014793057501e-02 -5.542789425795866670e-02 -4.641843737640153483e-02 -1.196607378990181131e-02 4.553233954465925326e-02 1.158858621880831385e-01 2.065974833880745709e-01 2.982727802529064887e-01
2.181477240872674306e-01 1.925575768193376613e-01 1.080889731744641008e-01 5.718005919540553039e-02 -1.075809945076532711e-03 -4.227992792376551734e-02 -5.271907533141242941e-02 -3.052685149186029623e-02 1.552730382044611827e-02 7.231934975776799224e-02 1.224310821941268085e-01 1.820447550327987385e-01
1.925575768193376613e-01 2.818232739866490810e-01 1.788858654312679985e-01 1.209979538433731960e-01 5.078595300014616953e-02 -1.235389678510711783e-02 -5.001643638081049864e-02 -5.294365887862086811e-02 -2.939480055349839860e-02 5.202730956965268341e-03 6.000636548535383252e-02 1.149670596627042352e-01
1.080889731744641008e-01 1.788858654312679985e-01 1.701303807480796793e-01 1.834401403651712004e-01 9.301502086328744534e-02 3.463648508101098422e-02 -1.644859513255463382e-02 -4.037185806205119409e-02 -3.867046854336513018e-02 -3.166168693774730480e-02 8.943984191237121933e-03 5.233152808983866644e-02
5.718005919540553039e-02 1.209979538433731960e-01 1.834401403651712004e-01 3.780891653741580427e-01 1.868384262656418437e-01 1.016231006838396039e-01 3.423662814741534888e-02 -1.761665026281988844e-02 -4.060711309467677360e-02 -5.693117069610290071e-02 -3.558204476010447259e-02 6.385998346211552851e-04
-1.075809945076532711e-03 5.078595300014616953e-02 9.301502086328744534e-02 1.868384262656418437e-01 1.939883656990917804e-01 1.878883200342604531e-01 1.157589699709552361e-01 6.246090258157741687e-02 5.613553217943045848e-03 -4.083166029408612924e-02 -4.390185214257460999e-02 -3.384985275221479017e-02
-4.227992792376551734e-02 -1.235389678510711783e-02 3.463648508101098422e-02 1.016231006838396039e-01 1.878883200342604531e-01 2.923194248914851023e-01 2.098995950612951855e-01 1.377960412567434401e-01 5.925128757647561695e-02 -2.717855282270767881e-03 -3.304487992924834416e-02 -4.680599448117936379e-02
-5.271907533141242941e-02 -5.001643638081049864e-02 -1.644859513255463382e-02 3.423662814741534888e-02 1.157589699709552361e-01 2.098995950612951855e-01 2.897622476997825935e-01 2.142231131625891849e-01 1.096059120676675658e-01 5.247213605985082130e-02 2.619526006982369169e-03 -3.421992068320521552e-02
-3.052685149186029623e-02 -5.294365887862086811e-02 -4.037185806205119409e-02 -1.761665026281988844e-02 6.246090258157741687e-02 1.377960412567434401e-01 2.142231131625891849e-01 2.477368270938181682e-01 1.526115591838642649e-01 1.084119682649546668e-01 5.356658789256299458e-02 9.615343364466549109e-03
1.552730382044611827e-02 -2.939480055349839860e-02 -3.867046854336513018e-02 -4.060711309467677360e-02 5.613553217943045848e-03 5.925128757647561695e-02 1.096059120676675658e-01 1.526115591838642649e-01 1.522482585365141361e-01 1.756959674918772973e-01 1.063114455715717388e-01 6.289671618419678811e-02
7.231934975776799224e-02 5.202730956965268341e-03 -3.166168693774730480e-02 -5.693117069610290071e-02 -4.083166029408612924e-02 -2.717855282270767881e-03 5.247213605985082130e-02 1.084119682649546668e-01 1.756959674918772973e-01 3.192466452682740097e-01 2.009191296549108496e-01 1.313796054370778288e-01
1.224310821941268085e-01 6.000636548535383252e-02 8.943984191237121933e-03 -3.558204476010447259e-02 -4.390185214257460999e-02 -3.304487992924834416e-02 2.619526006982369169e-03 5.356658789256299458e-02 1.063114455715717388e-01 2.009191296549108496e-01 2.202860117750935487e-01 1.875508464958732247e-01
1.820447550327987385e-01 1.149670596627042352e-01 5.233152808983866644e-02 6.385998346211552851e-04 -3.384985275221479017e-02 -4.680599448117936379e-02 -3.421992068320521552e-02 9.615343364466549109e-03 6.289671618419678811e-02 1.313796054370778288e-01 1.875508464958732247e-01 2.362216748397908406e-01
2.395028513302493445e-01 1.980729170394354144e-01 1.214868448137312040e-01 5.428245947390260284e-02 -1.923991342218890274e-04 -3.814449037586922775e-02 -4.891709506387999229e-02 -3.920795719097717319e-02 -3.247152763054947031e-03 5.177080373407262626e-02 1.180971067271980035e-01 1.998524342400379572e-01
1.980729170394354144e-01 2.863355460512904127e-01 2.098319713470492009e-01 1.187298591834979877e-01 6.237647981891500382e-02 -1.108919870477433501e-03 -4.196247962841707924e-02 -6.109124417984378164e-02 -5.346907220983542625e-02 -1.685330148522138499e-02 4.166879587321360712e-02 1.151750499982889392e-01
1.214868448137312040e-01 2.098319713470492009e-01 2.778346842176714349e-01 1.817453014208628981e-01 1.224546227467394194e-01 5.610861181413943910e-02 -7.457985376236657372e-04 -4.675292647981071220e-02 -6.342953808957774164e-02 -5.391840171365042123e-02 -2.351920756785886787e-02 4.506175966387628018e-02
5.428245947390260284e-02 1.187298591834979877e-01 1.817453014208628981e-01 1.868424891872583204e-01 1.791726455377996019e-01 1.110807950273752370e-01 5.606352011313192607e-02 2.010423858730387911e-03 -3.729376740063771595e-02 -5.157822441860999280e-02 -4.792767985460263253e-02 -1.065081739096972874e-02
-1.923991342218890274e-04 6.237647981891500382e-02 1.224546227467394194e-01 1.791726455377996019e-01 2.749687606520317962e-01 2.029109294850063583e-01 1.291165829220309869e-01 6.862060967591669669e-02 7.938936493987932760e-03 -3.547092668999252824e-02 -5.767135519883750949e-02 -4.957552283092753198e-02
-3.814449037586922775e-02 -1.108919870477433501e-03 5.610861181413943910e-02 1.110807950273752370e-01 2.029109294850063583e-01 2.542553322156985152e-01 1.979261742908847987e-01 1.279117566628720226e-01 6.713655769571973131e-02 1.280386414968995995e-02 -3.163402601779452539e-02 -5.175060184371866462e-02
-4.891709506387999229e-02 -4.196247962841707924e-02 -7.457985376236657372e-04 5.606352011313192607e-02 1.291165829220309869e-01 1.979261742908847987e-01 2.493647580370416394e-01 1.923586342372501645e-01 1.203711504926270881e-01 6.292542812664647656e-02 1.274158259916446240e-02 -3.194504967508061954e-02
-3.920795719097717319e-02 -6.109124417984378164e-02 -4.675292647981071220e-02 2.010423858730387911e-03 6.862060967591669669e-02 1.279117566628720226e-01 1.923586342372501645e-01 2.344704047367861255e-01 1.806527069920246809e-01 1.163812375537566501e-01 6.607178811837224885e-02 1.065996559937411846e-02
-3.247152763054947031e-03 -5.346907220983542625e-02 -6.342953808957774164e-02 -3.729376740063771595e-02 7.938936493987932760e-03 6.713655769571973131e-02 1.203711504926270881e-01 1.806527069920246809e-01 2.087032872800452799e-01 1.703044679934968275e-01 1.226103759026194034e-01 6.643176023431600352e-02
5.177080373407262626e-02 -1.685330148522138499e-02 -5.391840171365042123e-02 -5.157822441860999280e-02 -3.547092668999252824e-02 1.280386414968995995e-02 6.292542812664647656e-02 1.163812375537566501e-01 1.703044679934968275e-01 2.069286844611246678e-01 1.915711488691724251e-01 1.258853366851422073e-01
1.180971067271980035e-01 4.166879587321360712e-02 -2.351920756785886787e-02 -4.792767985460263253e-02 -5.767135519883750949e-02 -3.163402601779452539e-02 1.274158259916446240e-02 6.607178811837224885e-02 1.226103759026194034e-01 1.915711488691724251e-01 2.760463365389892454e-01 2.116693466126820522e-01
1.998524342400379572e-01 1.151750499982889392e-01 4.506175966387628018e-02 -1.065081739096972874e-02 -4.957552283092753198e-02 -5.175060184371866462e-02 -3.194504967508061954e-02 1.065996559937411846e-02 6.643176023431600352e-02 1.258853366851422073e-01 2.116693466126820522e-01 3.047468652918173260e-01
2.268566862739830048e-01 2.000879856143129853e-01 1.256586908628012367e-01 4.934602897572082369e-02 -2.103632591197795304e-02 -5.466736541416761241e-02 -5.460012579567062596e-02 -2.953772792711133535e-02 1.468430796752650397e-02 6.405121627867615963e-02 1.133460711328563852e-01 1.813556884028606486e-01
2.000879856143129853e-01 2.985238457588311189e-01 2.107479663933299052e-01 1.177433166408066445e-01 3.743771562506528761e-02 -2.568016854864396681e-02 -5.310702537777985122e-02 -5.532466394484118061e-02 -3.285450519419873955e-02 7.931116391983555197e-03 5.997777313122051868e-02 1.235226924119801062e-01
1.256586908628012367e-01 2.107479663933299052e-01 2.791274353372947825e-01 1.996397865593801668e-01 1.126400956269341808e-01 4.354010329833327836e-02 -1.342125857748437123e-02 -4.855714537871844844e-02 -5.310268757241492360e-02 -3.871570143678108172e-02 3.739988341346475037e-03 6.239526652279697716e-02
4.934602897572082369e-02 1.177433166408066445e-01 1.996397865593801668e-01 2.571300384160999375e-01 2.012735003399743761e-01 1.223267371696935141e-01 5.624024620131157920e-02 -3.989212046644789386e-03 -4.132341452869488230e-02 -5.554580950892973323e-02 -4.225400601791260563e-02 -8.436414271491714245e-03
-2.103632591197795304e-02 3.743771562506528761e-02 1.126400956269341808e-01 2.012735003399743761e-01 2.858353690649669820e-01 2.088931923413014369e-01 1.259526263908751775e-01 6.097248963266925503e-02 2.001693641345531939e-03 -4.073405289247762628e-02 -5.517282017503057773e-02 -5.365832114724006230e-02
-5.466736541416761241e-02 -2.568016854864396681e-02 4.354010329833327836e-02 1.223267371696935141e-01 2.088931923413014369e-01 2.706072966418629488e-01 1.930247885548215803e-01 1.189768029870008625e-01 5.719572278265843551e-02 4.701181762364121941e-03 -3.560140817535115132e-02 -5.873118097197541077e-02
-5.460012579567062596e-02 -5.310702537777985122e-02 -1.342125857748437123e-02 5.624024620131157920e-02 1.259526263908751775e-01 1.930247885548215803e-01 2.242041431344488633e-01 1.816310942351475333e-01 1.162904448072753782e-01 6.559738349760274589e-02 1.227608788276388606e-02 -3.250524994333593015e-02
-2.953772792711133535e-02 -5.532466394484118061e-02 -4.855714537871844844e-02 -3.989212046644789386e-03 6.097248963266925503e-02 1.189768029870008625e-01 1.816310942351475333e-01 2.287667298733584431e-01 1.844854492252812894e-01 1.292977100132296497e-01 7.164318097828374643e-02 1.861850776989688178e-02
1.468430796752650397e-02 -3.285450519419873955e-02 -5.310268757241492360e-02 -4.132341452869488230e-02 2.001693641345531939e-03 5.719572278265843551e-02 1.162904448072753782e-01 1.844854492252812894e-01 2.294163312945078914e-01 1.999007107837160735e-01 1.246216993278371626e-01 7.178523553395324552e-02
6.405121627867615963e-02 7.931116391983555197e-03 -3.871570143678108172e-02 -5.554580950892973323e-02 -4.073405289247762628e-02 4.701181762364121941e-03 6.559738349760274589e-02 1.292977100132296497e-01 1.999007107837160735e-01 2.799228267106909085e-01 1.899275075882227992e-01 1.240681414404398719e-01
1.133460711328563852e-01 5.997777313122051868e-02 3.739988341346475037e-03 -4.225400601791260563e-02 -5.517282017503057773e-02 -3.560140817535115132e-02 1.227608788276388606e-02 7.164318097828374643e-02 1.246216993278371626e-01 1.899275075882227992e-01 2.004541760059165012e-01 1.714571354617042964e-01
1.813556884028606486e-01 1.235226924119801062e-01 6.239526652279697716e-02 -8.436414271491714245e-03 -5.365832114724006230e-02 -5.873118097197541077e-02 -3.250524994333593015e-02 1.861850776989688178e-02 7.178523553395324552e-02 1.240681414404398719e-01 1.714571354617042964e-01 2.191551214880296528e-01
3.206367452019314168e-01 2.097902441230352077e-01 1.153425971922456966e-01 4.839705640626908167e-02 -4.117820840662780174e-03 -4.083855811849299022e-02 -5.063436527276576893e-02 -5.411441437702096263e-02 -2.007350852970800348e-02 3.936607130916944253e-02 1.208850220699843325e-01 2.097551082891435659e-01
2.097902441230352077e-01 2.565954651934223008e-01 1.816812408149222069e-01 1.162805223004349797e-01 5.816488116986402723e-02 1.330372846771571069e-02 -2.898641581391622757e-02 -5.968977250082255215e-02 -5.479199140855053884e-02 -2.149376013258807311e-02 5.044882828532201713e-02 1.260938144940967620e-01
1.153425971922456966e-01 1.816812408149222069e-01 2.094949038330925217e-01 1.885090873239106402e-01 1.182840377624459205e-01 7.579419572073897715e-02 1.813190279805181743e-02 -2.860097248285924793e-02 -5.138838392114065262e-02 -4.822416603464334955e-02 -1.211197563267466144e-02 5.076445285083397430e-02
4.839705640626908167e-02 1.162805223004349797e-01 1.885090873239106402e-01 2.701633363631351648e-01 1.916304826948219131e-01 1.376971926616203379e-01 7.106797054392566260e-02 2.101103918667456688e-02 -2.918078642956939417e-02 -5.312810107125551240e-02 -5.285429372335401915e-02 -1.418733738184397436e-02
-4.117820840662780174e-03 5.816488116986402723e-02 1.182840377624459205e-01 1.916304826948219131e-01 2.131042827685705188e-01 1.919989128313498716e-01 1.103324287452521618e-01 6.395928947558005007e-02 1.084249391149279262e-02 -3.122117398221641374e-02 -5.474734769942311147e-02 -4.379281013337631145e-02
-4.083855811849299022e-02 1.330372846771571069e-02 7.579419572073897715e-02 1.376971926616203379e-01 1.919989128313498716e-01 2.599756804618219563e-01 1.686945376565087140e-01 1.199145335152597691e-01 6.330761081593505590e-02 7.750878409718253356e-03 -4.269000420548470925e-02 -5.706740774604107669e-02
-5.063436527276576893e-02 -2.898641581391622757e-02 1.813190279805181743e-02 7.106797054392566260e-02 1.103324287452521618e-01 1.686945376565087140e-01 1.624212895023355308e-01 1.655863532904360003e-01 1.134021490387843445e-01 6.087458590360003002e-02 3.813428432792219380e-03 -3.949087253251767210e-02
-5.411441437702096263e-02 -5.968977250082255215e-02 -2.860097248285924793e-02 2.101103918667456688e-02 6.395928947558005007e-02 1.199145335152597691e-01 1.655863532904360003e-01 2.589530936829141372e-01 2.085344902389859589e-01 1.319671095823501950e-01 6.429557734522058088e-02 -1.126921727621632563e-02
-2.007350852970800348e-02 -5.479199140855053884e-02 -5.138838392114065262e-02 -2.918078642956939417e-02 1.084249391149279262e-02 6.330761081593505590e-02 1.134021490387843445e-01 2.085344902389859589e-01 2.796977921895475450e-01 2.013272138320055249e-01 1.235318255863530612e-01 4.419799437197476089e-02
3.936607130916944253e-02 -2.149376013258807311e-02 -4.822416603464334955e-02 -5.312810107125551240e-02 -3.122117398221641374e-02 7.750878409718253356e-03 6.087458590360003002e-02 1.319671095823501950e-01 2.013272138320055249e-01 2.450656958279026909e-01 1.951064288457030060e-01 1.072600345758576990e-01
1.208850220699843325e-01 5.044882828532201713e-02 -1.211197563267466144e-02 -5.285429372335401915e-02 -5.474734769942311147e-02 -4.269000420548470925e-02 3.813428432792219380e-03 6.429557734522058088e-02 1.235318255863530612e-01 1.951064288457030060e-01 2.691170974960910289e-01 1.967668269841467699e-01
