1.813042295924501279e-01 2.048756721072793885e-01 1.476171395329911040e-01 1.109480360789489028e-01 7.832989430586607960e-02 3.752141530794880775e-02 3.929860640013932774e-03 -2.618207653022781162e-02 -5.173714689919282905e-02 -8.225046741660600735e-02 -9.359354018460688818e-02 -1.351261128071301609e-01
2.048756721072793885e-01 2.761006550845299112e-01 1.986186220710973727e-01 1.481544433834131036e-01 1.106689573923887310e-01 6.678373758114829195e-02 3.727181554413472320e-02 4.721446961093790293e-03 -2.671411075124002776e-02 -6.319672396959004346e-02 -8.700900541198845761e-02 -1.398969638317822950e-01
1.476171395329911040e-01 1.986186220710973727e-01 1.725659194734915636e-01 1.411896337964371750e-01 1.123371184055492050e-01 7.569924439406813810e-02 5.616298096390288930e-02 3.048777107812590537e-02 3.110960887585008383e-03 -2.917678198482808599e-02 -5.704714874251660267e-02 -1.011261229488239766e-01
1.109480360789489028e-01 1.481544433834131036e-01 1.411896337964371750e-01 1.338424110636523556e-01 1.175113722428800661e-01 8.904677829449293702e-02 7.942339246375973438e-02 5.844835858536230611e-02 3.376958920125457120e-02 4.899839069645873721e-03 -3.002454227230672013e-02 -7.208255480160187523e-02
7.832989430586607960e-02 1.106689573923887310e-01 1.123371184055492050e-01 1.175113722428800661e-01 1.178241214416039379e-01 1.026185815755538550e-01 1.068267075029533109e-01 9.037329468732585580e-02 6.680402448261985038e-02 4.188024899125065981e-02 -4.365984858485921077e-05 -4.126409449575116350e-02
3.752141530794880775e-02 6.678373758114829195e-02 7.569924439406813810e-02 8.904677829449293702e-02 1.026185815755538550e-01 1.080212419290395298e-01 1.318865202959460525e-01 1.218971904469546563e-01 9.751700878660535254e-02 7.693343399229471413e-02 3.208130038541784357e-02 -4.007899003939812549e-03
3.929860640013932774e-03 3.727181554413472320e-02 5.616298096390288930e-02 7.942339246375973438e-02 1.068267075029533109e-01 1.318865202959460525e-01 1.879186344013031862e-01 1.857510002921512471e-01 1.515320952525024412e-01 1.272021780459888229e-01 7.005605518353513750e-02 3.239294504445527911e-02
-2.618207653022781162e-02 4.721446961093790293e-03 3.048777107812590537e-02 5.844835858536230611e-02 9.037329468732585580e-02 1.218971904469546563e-01 1.857510002921512471e-01 2.118852787414981509e-01 1.833900311305230457e-01 1.573472086178321905e-01 9.338439270170297013e-02 5.863728693192576946e-02
-5.173714689919282905e-02 -2.671411075124002776e-02 3.110960887585008383e-03 3.376958920125457120e-02 6.680402448261985038e-02 9.751700878660535254e-02 1.515320952525024412e-01 1.833900311305230457e-01 1.941946654589307708e-01 1.813178682360802596e-01 1.116401491225502696e-01 7.912555040619848046e-02
-8.225046741660600735e-02 -6.319672396959004346e-02 -2.917678198482808599e-02 4.899839069645873721e-03 4.188024899125065981e-02 7.693343399229471413e-02 1.272021780459888229e-01 1.573472086178321905e-01 1.813178682360802596e-01 1.969272569776219783e-01 1.301054689902432226e-01 1.035977744081074126e-01
-9.359354018460688818e-02 -8.700900541198845761e-02 -5.704714874251660267e-02 -3.002454227230672013e-02 -4.365984858485921077e-05 3.208130038541784357e-02 7.005605518353513750e-02 9.338439270170297013e-02 1.116401491225502696e-01 1.301054689902432226e-01 1.007780481256331517e-01 9.728981811693943049e-02
-1.351261128071301609e-01 -1.398969638317822950e-01 -1.011261229488239766e-01 -7.208255480160187523e-02 -4.126409449575116350e-02 -4.007899003939812549e-03 3.239294504445527911e-02 5.863728693192576946e-02 7.912555040619848046e-02 1.035977744081074126e-01 9.728981811693943049e-02 1.186375377102459189e-01
2.337578009470372975e-01 1.769419059102609881e-01 1.320158567118145387e-01 1.200266650931833129e-01 6.130789880885709892e-02 2.602702135745316864e-02 -8.679353233032758783e-03 -4.052634564980926030e-02 -7.377973779569498014e-02 -8.958651669462830425e-02 -1.279823753995392721e-01 -1.843652316066914654e-01
1.769419059102609881e-01 1.584205833047953316e-01 1.342305694872325539e-01 1.346930489800394759e-01 7.758159072278755786e-02 5.119564523527865563e-02 2.374372146216907967e-02 -6.820276778121685257e-03 -3.744185304638622536e-02 -5.779014121681964183e-02 -9.076774571504499234e-02 -1.342938705114809228e-01
1.320158567118145387e-01 1.342305694872325539e-01 1.412706823689011681e-01 1.626625708202144027e-01 1.014278085848260014e-01 7.986725106035794108e-02 5.712920841192106747e-02 2.791163500196816583e-02 -9.008092524842668120e-05 -2.776170275293442929e-02 -6.035800857234301098e-02 -9.698589143342993546e-02
1.200266650931833129e-01 1.346930489800394759e-01 1.626625708202144027e-01 2.160819348593938649e-01 1.446583310912722964e-01 1.265585411387485648e-01 1.041434840028385989e-01 7.070270579930623689e-02 4.165395738944713266e-02 1.093125582264019464e-03 -3.936688070085415936e-02 -8.131684542843423125e-02
6.130789880885709892e-02 7.758159072278755786e-02 1.014278085848260014e-01 1.446583310912722964e-01 1.160281409218851673e-01 1.234108228752007208e-01 1.152306442571165157e-01 8.734035737222668738e-02 6.703182369434554366e-02 3.160726346204365683e-02 1.295492709267455616e-03 -3.035163193013395294e-02
2.602702135745316864e-02 5.119564523527865563e-02 7.986725106035794108e-02 1.265585411387485648e-01 1.234108228752007208e-01 1.647296726301355485e-01 1.715528119994546574e-01 1.364023236115987636e-01 1.136494700614779640e-01 7.017294731408831032e-02 3.978366712228741109e-02 8.243861634447345252e-03
-8.679353233032758783e-03 2.374372146216907967e-02 5.712920841192106747e-02 1.041434840028385989e-01 1.152306442571165157e-01 1.715528119994546574e-01 2.047738203484318620e-01 1.729017690328366330e-01 1.491422020365409662e-01 9.849419959664675039e-02 6.913915180294055718e-02 4.122043455139572099e-02
-4.052634564980926030e-02 -6.820276778121685257e-03 2.791163500196816583e-02 7.070270579930623689e-02 8.734035737222668738e-02 1.364023236115987636e-01 1.729017690328366330e-01 1.753406932721299494e-01 1.675220218973547115e-01 1.153428532220188291e-01 8.805525461648384955e-02 6.579394774403435342e-02
-7.377973779569498014e-02 -3.744185304638622536e-02 -9.008092524842668120e-05 4.165395738944713266e-02 6.703182369434554366e-02 1.136494700614779640e-01 1.491422020365409662e-01 1.675220218973547115e-01 1.879237324762390027e-01 1.379123091640784282e-01 1.131071613123804109e-01 9.459876869514602382e-02
-8.958651669462830425e-02 -5.779014121681964183e-02 -2.776170275293442929e-02 1.093125582264019464e-03 3.160726346204365683e-02 7.017294731408831032e-02 9.849419959664675039e-02 1.153428532220188291e-01 1.379123091640784282e-01 1.145941282146415163e-01 1.063647532155335418e-01 1.007386383196814811e-01
-1.279823753995392721e-01 -9.076774571504499234e-02 -6.035800857234301098e-02 -3.936688070085415936e-02 1.295492709267455616e-03 3.978366712228741109e-02 6.913915180294055718e-02 8.805525461648384955e-02 1.131071613123804109e-01 1.063647532155335418e-01 1.179392451928124308e-01 1.295338153078057497e-01
-1.843652316066914654e-01 -1.342938705114809228e-01 -9.698589143342993546e-02 -8.131684542843423125e-02 -3.035163193013395294e-02 8.243861634447345252e-03 4.122043455139572099e-02 6.579394774403435342e-02 9.459876869514602382e-02 1.007386383196814811e-01 1.295338153078057497e-01 1.691395654635974022e-01
1.979648092023865436e-01 1.690121796541026733e-01 1.490524616202680286e-01 1.006783984739354210e-01 6.402717481768629981e-02 1.856497214919962391e-02 -2.002992222849646689e-02 -5.466980442385021427e-02 -7.888342237571759064e-02 -1.005524976652119040e-01 -1.197706177062473898e-01 -1.520992509510842028e-01
1.690121796541026733e-01 1.754705268667103857e-01 1.774171610139483601e-01 1.297605981867204772e-01 9.808395519061266499e-02 5.451373441100409306e-02 1.672120100779518267e-02 -1.465723013964276636e-02 -4.145765460367006883e-02 -6.545474086848503126e-02 -8.700791342987751475e-02 -1.194967452322384521e-01
1.490524616202680286e-01 1.774171610139483601e-01 2.203972268336763518e-01 1.757576571178627312e-01 1.452575933242557793e-01 9.676680091826958541e-02 5.632849712252289975e-02 2.705552374581673275e-02 -4.322229973766008281e-03 -3.449666883168780313e-02 -6.230072224261615221e-02 -9.754421653269468306e-02
1.006783984739354210e-01 1.297605981867204772e-01 1.757576571178627312e-01 1.723912710184871133e-01 1.655611636954225641e-01 1.219826181315719626e-01 8.418734880819439548e-02 6.253113536234779224e-02 3.566360154722949399e-02 7.524164366395636773e-03 -2.218068155699160632e-02 -5.641728934525200301e-02
6.402717481768629981e-02 9.808395519061266499e-02 1.452575933242557793e-01 1.655611636954225641e-01 1.965520145716885825e-01 1.602938115727622070e-01 1.213225622697983175e-01 1.031513880588733334e-01 7.733781290061325642e-02 4.985894732853877326e-02 1.694989848538715899e-02 -1.980817364304415101e-02
1.856497214919962391e-02 5.451373441100409306e-02 9.676680091826958541e-02 1.219826181315719626e-01 1.602938115727622070e-01 1.530607796011203559e-01 1.301147504482311201e-01 1.218447685269383185e-01 9.977683562894626434e-02 7.589443660304179273e-02 4.689994333069939791e-02 1.667600937537019878e-02
-2.002992222849646689e-02 1.672120100779518267e-02 5.632849712252289975e-02 8.418734880819439548e-02 1.213225622697983175e-01 1.301147504482311201e-01 1.316560363130994393e-01 1.394428545062336433e-01 1.216180832447406046e-01 9.782800612902418924e-02 7.007885189332008213e-02 4.568613740245049820e-02
-5.466980442385021427e-02 -1.465723013964276636e-02 2.705552374581673275e-02 6.253113536234779224e-02 1.031513880588733334e-01 1.218447685269383185e-01 1.394428545062336433e-01 1.716308335200677215e-01 1.605304577861601523e-01 1.330090577103934246e-01 9.967279167050192845e-02 7.521827873457985481e-02
-7.888342237571759064e-02 -4.145765460367006883e-02 -4.322229973766008281e-03 3.566360154722949399e-02 7.733781290061325642e-02 9.977683562894626434e-02 1.216180832447406046e-01 1.605304577861601523e-01 1.707077416363863565e-01 1.509581529207750794e-01 1.174531988843894731e-01 9.410377253011939502e-02
-1.005524976652119040e-01 -6.545474086848503126e-02 -3.449666883168780313e-02 7.524164366395636773e-03 4.985894732853877326e-02 7.589443660304179273e-02 9.782800612902418924e-02 1.330090577103934246e-01 1.509581529207750794e-01 1.517302868331741328e-01 1.277865519363265145e-01 1.099442563852621180e-01
-1.197706177062473898e-01 -8.700791342987751475e-02 -6.230072224261615221e-02 -2.218068155699160632e-02 1.694989848538715899e-02 4.689994333069939791e-02 7.007885189332008213e-02 9.967279167050192845e-02 1.174531988843894731e-01 1.277865519363265145e-01 1.235339316012697142e-01 1.191455772591527157e-01
-1.520992509510842028e-01 -1.194967452322384521e-01 -9.754421653269468306e-02 -5.641728934525200301e-02 -1.980817364304415101e-02 1.667600937537019878e-02 4.568613740245049820e-02 7.521827873457985481e-02 9.410377253011939502e-02 1.099442563852621180e-01 1.191455772591527157e-01 1.349045420019337471e-01
1.265426211552762581e-01 1.257502656472030689e-01 1.247322699847612654e-01 1.039981221776366260e-01 6.860006806302940130e-02 1.345130288003722023e-02 -2.876978665744629043e-02 -5.991005571693453630e-02 -7.149614736757134437e-02 -9.033738910393149246e-02 -1.030771251210859663e-01 -1.163036865465184450e-01
1.257502656472030689e-01 1.513803934512160665e-01 1.712257536294631288e-01 1.531087577326858962e-01 1.144695408541352988e-01 4.525709494265197502e-02 1.097436855765805512e-02 -1.950630701577375781e-02 -3.755623508618976397e-02 -5.668808569817852111e-02 -7.414416226073242133e-02 -9.764217055635365794e-02
1.247322699847612654e-01 1.712257536294631288e-01 2.290019990158820573e-01 2.200691001459318119e-01 1.685010847202113582e-01 7.896269200374719799e-02 5.105880869262324762e-02 2.122363244569894919e-02 -4.801151457884718018e-03 -2.702716478327694613e-02 -5.058607728114042357e-02 -8.308392573840273077e-02
1.039981221776366260e-01 1.531087577326858962e-01 2.200691001459318119e-01 2.704533709590871693e-01 2.151174005365983355e-01 1.051329249772332275e-01 8.265204455765973179e-02 5.715176980423278957e-02 2.811289800155460442e-02 5.814711301387364903e-03 -2.172827438133753675e-02 -5.873032465006412794e-02
6.860006806302940130e-02 1.144695408541352988e-01 1.685010847202113582e-01 2.151174005365983355e-01 2.043687196206842860e-01 1.090620031769855280e-01 1.013847259442695187e-01 8.540044474929812945e-02 5.721616826213120344e-02 3.868756835077087619e-02 1.222034775535261499e-02 -2.410787688330431194e-02
1.345130288003722023e-02 4.525709494265197502e-02 7.896269200374719799e-02 1.051329249772332275e-01 1.090620031769855280e-01 7.242517331917033840e-02 8.877956408827583634e-02 9.002892885935723233e-02 6.816509699621003948e-02 5.572048183716400011e-02 3.837747934933845306e-02 1.567280657328441740e-02
-2.876978665744629043e-02 1.097436855765805512e-02 5.105880869262324762e-02 8.265204455765973179e-02 1.013847259442695187e-01 8.877956408827583634e-02 1.417778468499101829e-01 1.622848817074580841e-01 1.283644420271703446e-01 1.096526713911427225e-01 8.740095648039014620e-02 6.222465691002915938e-02
-5.991005571693453630e-02 -1.950630701577375781e-02 2.122363244569894919e-02 5.715176980423278957e-02 8.540044474929812945e-02 9.002892885935723233e-02 1.622848817074580841e-01 2.057317014512018982e-01 1.686681741818304991e-01 1.454411508703649103e-01 1.185523519097197442e-01 9.268343264257536407e-02
-7.149614736757134437e-02 -3.755623508618976397e-02 -4.801151457884718018e-03 2.811289800155460442e-02 5.721616826213120344e-02 6.816509699621003948e-02 1.283644420271703446e-01 1.686681741818304991e-01 1.595415373798427516e-01 1.501734689325536776e-01 1.256861111658066077e-01 1.006155530573993179e-01
-9.033738910393149246e-02 -5.668808569817852111e-02 -2.702716478327694613e-02 5.814711301387364903e-03 3.868756835077087619e-02 5.572048183716400011e-02 1.096526713911427225e-01 1.454411508703649103e-01 1.501734689325536776e-01 1.654819042051987044e-01 1.470736859575622890e-01 1.209851380183077085e-01
-1.030771251210859663e-01 -7.414416226073242133e-02 -5.058607728114042357e-02 -2.172827438133753675e-02 1.222034775535261499e-02 3.837747934933845306e-02 8.740095648039014620e-02 1.185523519097197442e-01 1.256861111658066077e-01 1.470736859575622890e-01 1.454309043826778614e-01 1.281744146155738839e-01
-1.163036865465184450e-01 -9.764217055635365794e-02 -8.308392573840273077e-02 -5.873032465006412794e-02 -2.410787688330431194e-02 1.567280657328441740e-02 6.222465691002915938e-02 9.268343264257536407e-02 1.006155530573993179e-01 1.209851380183077085e-01 1.281744146155738839e-01 1.278638282098555068e-01
2.044010333825231895e-01 1.778739614212468401e-01 1.184313291267417856e-01 9.735783039602793898e-02 5.835344010055799890e-02 2.966913620431350235e-02 -1.451903947434110380e-03 -3.364619835111784529e-02 -7.174007765019244087e-02 -9.465954938017769049e-02 -1.464189727653373296e-01 -1.824385209336331082e-01
1.778739614212468401e-01 1.852623301115042254e-01 1.383164367743272560e-01 1.293824603857109956e-01 9.135261922455745198e-02 6.743050400041530890e-02 3.555621456173424511e-02 3.054711889694587852e-03 -3.229293365497304391e-02 -6.189488451476721914e-02 -1.089350010500378385e-01 -1.439971402029823211e-01
1.184313291267417856e-01 1.383164367743272560e-01 1.271100427490472751e-01 1.416221306125954038e-01 1.112411221782952236e-01 9.284490123456051736e-02 6.415086271957634589e-02 3.811000121732174839e-02 1.341937208905792829e-02 -1.877932905293283605e-02 -5.743367116316639570e-02 -8.825936674220066780e-02
9.735783039602793898e-02 1.293824603857109956e-01 1.416221306125954038e-01 1.899476419561380025e-01 1.625980165568713387e-01 1.439482391002936401e-01 1.076077161451978736e-01 7.932422592032267739e-02 5.862813979209040294e-02 1.732768528214993081e-02 -2.302482891698257733e-02 -6.079153739057630013e-02
5.835344010055799890e-02 9.135261922455745198e-02 1.112411221782952236e-01 1.625980165568713387e-01 1.625427999259475009e-01 1.587188832568636743e-01 1.235917450255996364e-01 9.628425222241493442e-02 8.144895726836182126e-02 4.338948331996773933e-02 1.324789511839230549e-02 -2.195203946493752556e-02
2.966913620431350235e-02 6.743050400041530890e-02 9.284490123456051736e-02 1.439482391002936401e-01 1.587188832568636743e-01 1.810483742357298642e-01 1.503013095851301884e-01 1.220887474936582784e-01 1.094918610810727833e-01 6.918642909743855096e-02 4.506733390482928203e-02 1.019755085163785886e-02
-1.451903947434110380e-03 3.555621456173424511e-02 6.415086271957634589e-02 1.076077161451978736e-01 1.235917450255996364e-01 1.503013095851301884e-01 1.422725012479522100e-01 1.267169231971856935e-01 1.217576509629834242e-01 8.317169581476271945e-02 6.575009208374876790e-02 3.670155225880441380e-02
-3.364619835111784529e-02 3.054711889694587852e-03 3.811000121732174839e-02 7.932422592032267739e-02 9.628425222241493442e-02 1.220887474936582784e-01 1.267169231971856935e-01 1.311039137684299472e-01 1.394162576431224321e-01 1.022417379183103159e-01 9.023657514891844644e-02 6.469341437370429437e-02
-7.174007765019244087e-02 -3.229293365497304391e-02 1.341937208905792829e-02 5.862813979209040294e-02 8.144895726836182126e-02 1.094918610810727833e-01 1.217576509629834242e-01 1.394162576431224321e-01 1.678368618404949275e-01 1.334813837482285437e-01 1.287639635987520015e-01 1.029673580030136537e-01
-9.465954938017769049e-02 -6.189488451476721914e-02 -1.877932905293283605e-02 1.732768528214993081e-02 4.338948331996773933e-02 6.918642909743855096e-02 8.317169581476271945e-02 1.022417379183103159e-01 1.334813837482285437e-01 1.242629051319684985e-01 1.382741116846012974e-01 1.210871960536488157e-01
-1.464189727653373296e-01 -1.089350010500378385e-01 -5.743367116316639570e-02 -2.302482891698257733e-02 1.324789511839230549e-02 4.506733390482928203e-02 6.575009208374876790e-02 9.023657514891844644e-02 1.287639635987520015e-01 1.382741116846012974e-01 1.838976459877810776e-01 1.764550253623942688e-01
-1.824385209336331082e-01 -1.439971402029823211e-01 -8.825936674220066780e-02 -6.079153739057630013e-02 -2.195203946493752556e-02 1.019755085163785886e-02 3.670155225880441380e-02 6.469341437370429437e-02 1.029673580030136537e-01 1.210871960536488157e-01 1.764550253623942688e-01 2.003139496624803395e-01
1.674938761880584992e-01 1.464401755685010853e-01 1.200871708647795466e-01 8.789422109965980279e-02 3.923326442661609348e-02 -4.543753374573890336e-03 -4.053269999664221163e-02 -6.541156152252249056e-02 -6.816734855714086383e-02 -1.040639147191357583e-01 -1.427175928644320302e-01 -1.551829279168437936e-01
1.464401755685010853e-01 1.558181947014250501e-01 1.536144914270938799e-01 1.374259177859334657e-01 8.670659898567237289e-02 4.033396127121680746e-02 1.783010134613738579e-03 -2.686419391427612852e-02 -4.037691905665493491e-02 -7.101898626771951939e-02 -1.022711586388271587e-01 -1.196073233990818524e-01
1.200871708647795466e-01 1.536144914270938799e-01 1.952221215098154938e-01 2.097362437195523788e-01 1.469707141053225308e-01 9.403688489226928737e-02 5.380850512145422815e-02 2.212130341058513722e-02 -5.841522100983985964e-03 -3.333860162568383356e-02 -6.120294518163085784e-02 -8.406745792067618628e-02
8.789422109965980279e-02 1.374259177859334657e-01 2.097362437195523788e-01 2.936620961726009726e-01 2.149471503650492443e-01 1.475959467219616905e-01 1.042222740813710385e-01 7.160296845354759132e-02 3.154534706694706037e-02 1.006025290624583401e-02 -1.369928669290922801e-02 -4.422454762373316528e-02
3.923326442661609348e-02 8.670659898567237289e-02 1.469707141053225308e-01 2.149471503650492443e-01 1.998788597517607846e-01 1.554181608823901883e-01 1.217075845930787603e-01 9.439319266353855820e-02 5.334272195090829921e-02 4.198544151593223972e-02 2.884199017363552053e-02 4.895289025843478983e-04
-4.543753374573890336e-03 4.033396127121680746e-02 9.403688489226928737e-02 1.475959467219616905e-01 1.554181608823901883e-01 1.481333056353519306e-01 1.321474210765680168e-01 1.121810502397195819e-01 6.997007595314345962e-02 6.547213820689477826e-02 6.044518729525406864e-02 3.697131754419970273e-02
-4.053269999664221163e-02 1.783010134613738579e-03 5.380850512145422815e-02 1.042222740813710385e-01 1.217075845930787603e-01 1.321474210765680168e-01 1.363668224100543502e-01 1.260944501944734342e-01 8.416541496729776362e-02 8.570651576098743674e-02 8.657631230348673823e-02 6.632518381934252027e-02
-6.541156152252249056e-02 -2.686419391427612852e-02 2.212130341058513722e-02 7.160296845354759132e-02 9.439319266353855820e-02 1.121810502397195819e-01 1.260944501944734342e-01 1.275044895095474584e-01 9.118225215723817223e-02 9.996935416714466949e-02 1.062337761426925820e-01 8.688249184420543392e-02
-6.816734855714086383e-02 -4.037691905665493491e-02 -5.841522100983985964e-03 3.154534706694706037e-02 5.334272195090829921e-02 6.997007595314345962e-02 8.416541496729776362e-02 9.118225215723817223e-02 7.321198557337166291e-02 9.006953525730496124e-02 1.020892554328647200e-01 8.504370344238058876e-02
-1.040639147191357583e-01 -7.101898626771951939e-02 -3.333860162568383356e-02 1.006025290624583401e-02 4.198544151593223972e-02 6.547213820689477826e-02 8.570651576098743674e-02 9.996935416714466949e-02 9.006953525730496124e-02 1.264599167103931943e-01 1.532102312357443985e-01 1.281813733266637390e-01
-1.427175928644320302e-01 -1.022711586388271587e-01 -6.120294518163085784e-02 -1.369928669290922801e-02 2.884199017363552053e-02 6.044518729525406864e-02 8.657631230348673823e-02 1.062337761426925820e-01 1.020892554328647200e-01 1.532102312357443985e-01 2.031855727817604707e-01 1.746513452539128208e-01
-1.551829279168437936e-01 -1.196073233990818524e-01 -8.406745792067618628e-02 -4.422454762373316528e-02 4.895289025843478983e-04 3.697131754419970273e-02 6.632518381934252027e-02 8.688249184420543392e-02 8.504370344238058876e-02 1.281813733266637390e-01 1.746513452539128208e-01 1.730627590558607154e-01
1.674260166998633725e-01 1.443293602344643822e-01 1.179364555890969335e-01 9.360342610445077094e-02 7.419086378304895479e-02 3.881021667999448588e-02 9.371788977801172316e-03 -2.426346200595934366e-02 -6.157983943621355566e-02 -9.081768603947459884e-02 -1.332974932203494500e-01 -1.764644985847143577e-01
1.443293602344643822e-01 1.484964691709991791e-01 1.358062814582319255e-01 1.181587154839135040e-01 1.035491317941841655e-01 6.637544534631675819e-02 4.132198160369800199e-02 1.474750041602666990e-02 -2.128903292420963531e-02 -5.519401687204807810e-02 -9.434737496012225721e-02 -1.339497412622628891e-01
1.179364555890969335e-01 1.358062814582319255e-01 1.445150494141217434e-01 1.407065201819043265e-01 1.328573352952230890e-01 9.079164368300350618e-02 6.750384820212959602e-02 4.759868503435887160e-02 1.541072013097515361e-02 -2.222921182351135852e-02 -6.113797164847534910e-02 -9.921746508637348250e-02
9.360342610445077094e-02 1.181587154839135040e-01 1.407065201819043265e-01 1.623179334173518451e-01 1.686671946542190881e-01 1.186638704728373850e-01 9.329013285636733599e-02 7.734681192745837541e-02 4.948572691690535097e-02 9.907461422084005986e-03 -2.953304373206995168e-02 -6.915443851583802370e-02
7.419086378304895479e-02 1.035491317941841655e-01 1.328573352952230890e-01 1.686671946542190881e-01 2.007824449919667353e-01 1.478819341089810113e-01 1.212430627721046150e-01 1.076262870406314298e-01 8.193883303574063526e-02 4.049847223121636614e-02 7.410896079724593830e-04 -4.228941811004613416e-02
3.881021667999448588e-02 6.637544534631675819e-02 9.079164368300350618e-02 1.186638704728373850e-01 1.478819341089810113e-01 1.235726378540474291e-01 1.134395545629792029e-01 1.105668497218892377e-01 9.216684630665303302e-02 5.702766876836552756e-02 2.721771658568923613e-02 -6.710881918178693804e-03
9.371788977801172316e-03 4.132198160369800199e-02 6.750384820212959602e-02 9.329013285636733599e-02 1.212430627721046150e-01 1.134395545629792029e-01 1.239004279327977076e-01 1.368992240797606008e-01 1.236417024294298034e-01 8.511862339700226876e-02 5.793187393255468109e-02 2.785070533300557788e-02
-2.426346200595934366e-02 1.474750041602666990e-02 4.759868503435887160e-02 7.734681192745837541e-02 1.076262870406314298e-01 1.105668497218892377e-01 1.368992240797606008e-01 1.757923570871459673e-01 1.727216754438565816e-01 1.259688247145134277e-01 9.697778048143615437e-02 6.824512351783558473e-02
-6.157983943621355566e-02 -2.128903292420963531e-02 1.541072013097515361e-02 4.948572691690535097e-02 8.193883303574063526e-02 9.216684630665303302e-02 1.236417024294298034e-01 1.727216754438565816e-01 1.963885092212609429e-01 1.562868785555274753e-01 1.317876372796425444e-01 1.071008316316729991e-01
-9.081768603947459884e-02 -5.519401687204807810e-02 -2.222921182351135852e-02 9.907461422084005986e-03 4.049847223121636614e-02 5.702766876836552756e-02 8.511862339700226876e-02 1.259688247145134277e-01 1.562868785555274753e-01 1.507022872845161787e-01 1.481865901585900092e-01 1.344665040951160961e-01
-1.332974932203494500e-01 -9.434737496012225721e-02 -6.113797164847534910e-02 -2.953304373206995168e-02 7.410896079724593830e-04 2.721771658568923613e-02 5.793187393255468109e-02 9.697778048143615437e-02 1.317876372796425444e-01 1.481865901585900092e-01 1.800472619699768351e-01 1.841275997908440598e-01
-1.764644985847143577e-01 -1.339497412622628891e-01 -9.921746508637348250e-02 -6.915443851583802370e-02 -4.228941811004613416e-02 -6.710881918178693804e-03 2.785070533300557788e-02 6.824512351783558473e-02 1.071008316316729991e-01 1.344665040951160961e-01 1.841275997908440598e-01 2.260586049559525357e-01
1.409982181398664325e-01 1.461628817105706801e-01 9.861829137169000892e-02 9.957728749182687134e-02 4.922270210479616492e-02 1.502775934670936078e-02 -2.369830362244736144e-02 -4.801876753739762332e-02 -6.160558994534828803e-02 -1.071201264817265020e-01 -1.071589821734937609e-01 -1.219110685988047116e-01
1.461628817105706801e-01 1.650116664777191988e-01 1.218671637086077564e-01 1.396091250358313940e-01 7.853410250163893325e-02 4.642655083472238542e-02 5.722596315772314479e-03 -2.723276685877960152e-02 -4.798523596241461436e-02 -9.116000014587713474e-02 -9.679352581543326783e-02 -1.179964692869024112e-01
9.861829137169000892e-02 1.218671637086077564e-01 1.156039823834554836e-01 1.710594858894240455e-01 1.002833823816663833e-01 7.331116735430757980e-02 4.235745101046509142e-02 9.139573971286804252e-03 -1.646423577068354543e-02 -4.735051464582145514e-02 -5.699360914163702913e-02 -7.498963186775750578e-02
9.957728749182687134e-02 1.396091250358313940e-01 1.710594858894240455e-01 3.225250978611238217e-01 1.896821623233921339e-01 1.471476888209110601e-01 1.080488899125933988e-01 5.717728108979764495e-02 1.259895584210754364e-02 -2.019846214034639459e-02 -4.173802887886780139e-02 -6.768953759712684204e-02
4.922270210479616492e-02 7.853410250163893325e-02 1.002833823816663833e-01 1.896821623233921339e-01 1.404714321825307199e-01 1.395887806168172318e-01 1.204494887763525868e-01 7.589799071134331609e-02 3.659587412691285568e-02 2.298194198025380053e-02 -5.995391176286688027e-05 -2.352005642018020759e-02
1.502775934670936078e-02 4.642655083472238542e-02 7.331116735430757980e-02 1.471476888209110601e-01 1.395887806168172318e-01 1.882539972224900882e-01 1.866967558443557440e-01 1.270623099332176542e-01 7.374648913871598155e-02 7.139223877211250957e-02 4.035174993235991076e-02 1.298717743245444804e-02
-2.369830362244736144e-02 5.722596315772314479e-03 4.235745101046509142e-02 1.080488899125933988e-01 1.204494887763525868e-01 1.866967558443557440e-01 2.163398863540504369e-01 1.575670611257397047e-01 9.930611909052630693e-02 1.078275130096592593e-01 7.356216496672307592e-02 4.790541835878385502e-02
-4.801876753739762332e-02 -2.723276685877960152e-02 9.139573971286804252e-03 5.717728108979764495e-02 7.589799071134331609e-02 1.270623099332176542e-01 1.575670611257397047e-01 1.333139035089079827e-01 9.772012728033409312e-02 1.216859760285339265e-01 8.837326077784388167e-02 6.553508115765238617e-02
-6.160558994534828803e-02 -4.798523596241461436e-02 -1.646423577068354543e-02 1.259895584210754364e-02 3.659587412691285568e-02 7.374648913871598155e-02 9.930611909052630693e-02 9.772012728033409312e-02 9.110742373491589885e-02 1.340008641915449994e-01 1.003157213331532793e-01 7.629835239574908612e-02
-1.071201264817265020e-01 -9.116000014587713474e-02 -4.735051464582145514e-02 -2.019846214034639459e-02 2.298194198025380053e-02 7.139223877211250957e-02 1.078275130096592593e-01 1.216859760285339265e-01 1.340008641915449994e-01 2.229082578835482609e-01 1.699199029002829431e-01 1.295428624701473463e-01
-1.071589821734937609e-01 -9.679352581543326783e-02 -5.699360914163702913e-02 -4.173802887886780139e-02 -5.995391176286688027e-05 4.035174993235991076e-02 7.356216496672307592e-02 8.837326077784388167e-02 1.003157213331532793e-01 1.699199029002829431e-01 1.431235667731955430e-01 1.198617537640755820e-01
-1.219110685988047116e-01 -1.179964692869024112e-01 -7.498963186775750578e-02 -6.768953759712684204e-02 -2.352005642018020759e-02 1.298717743245444804e-02 4.790541835878385502e-02 6.553508115765238617e-02 7.629835239574908612e-02 1.295428624701473463e-01 1.198617537640755820e-01 1.203425674781969101e-01
1.727802281325063749e-01 1.706390993793441835e-01 1.303252631978939757e-01 7.121733561359744336e-02 4.688837887885193706e-02 1.919119133216580508e-02 -6.362440109042038876e-03 -3.032504338437035790e-02 -5.334832830452046482e-02 -8.557363403690650128e-02 -1.402014340976883711e-01 -1.813728419052381413e-01
1.706390993793441835e-01 2.113154698628401662e-01 1.791617731492796128e-01 1.100341369762051907e-01 9.229412110704740546e-02 6.400980483081272765e-02 3.705206540309165242e-02 8.990254093182152573e-03 -2.179079379081035051e-02 -5.861925229035028218e-02 -1.106048388220296774e-01 -1.528075963133562476e-01
1.303252631978939757e-01 1.791617731492796128e-01 1.805398921310488181e-01 1.268260534507372472e-01 1.242751284628709069e-01 9.935179521568610062e-02 7.467088185718130655e-02 4.861326910949697461e-02 1.663184708490729469e-02 -1.938679728974629021e-02 -6.492696186706738148e-02 -1.056061846881371502e-01
7.121733561359744336e-02 1.100341369762051907e-01 1.268260534507372472e-01 1.117055685709015117e-01 1.321854305116600958e-01 1.152673354216506019e-01 9.286020659186318416e-02 7.090143139579435649e-02 4.462077846192305519e-02 1.798428685282447287e-02 -1.208512406254118321e-02 -4.575843572545634785e-02
4.688837887885193706e-02 9.229412110704740546e-02 1.242751284628709069e-01 1.321854305116600958e-01 1.866752975339617260e-01 1.736996308970339409e-01 1.428744930455121409e-01 1.134215377586627049e-01 8.166645354930128498e-02 5.425187580832711853e-02 2.840108164101888197e-02 -9.948964174234612226e-03
1.919119133216580508e-02 6.400980483081272765e-02 9.935179521568610062e-02 1.152673354216506019e-01 1.736996308970339409e-01 1.842710917425726125e-01 1.616695381450214963e-01 1.313755169828503266e-01 9.772434898001081116e-02 7.237091303198009418e-02 5.403046953079436443e-02 2.073219640926495660e-02
-6.362440109042038876e-03 3.705206540309165242e-02 7.467088185718130655e-02 9.286020659186318416e-02 1.428744930455121409e-01 1.616695381450214963e-01 1.656442476626290849e-01 1.443933220522949923e-01 1.113135829379958697e-01 8.722026132565452450e-02 7.435139667781015538e-02 4.647745550764253997e-02
-3.032504338437035790e-02 8.990254093182152573e-03 4.861326910949697461e-02 7.090143139579435649e-02 1.134215377586627049e-01 1.313755169828503266e-01 1.443933220522949923e-01 1.412798012449867913e-01 1.163510487064760290e-01 9.758739964419113622e-02 9.138608004647118255e-02 6.871306835013274439e-02
-5.334832830452046482e-02 -2.179079379081035051e-02 1.663184708490729469e-02 4.462077846192305519e-02 8.166645354930128498e-02 9.772434898001081116e-02 1.113135829379958697e-01 1.163510487064760290e-01 1.065978289908648263e-01 9.961164513748324567e-02 1.046116464862863471e-01 8.894340273183808099e-02
-8.557363403690650128e-02 -5.861925229035028218e-02 -1.938679728974629021e-02 1.798428685282447287e-02 5.425187580832711853e-02 7.237091303198009418e-02 8.722026132565452450e-02 9.758739964419113622e-02 9.961164513748324567e-02 1.095950384154592006e-01 1.330978978425375603e-01 1.251956089573009467e-01
-1.402014340976883711e-01 -1.106048388220296774e-01 -6.492696186706738148e-02 -1.208512406254118321e-02 2.840108164101888197e-02 5.403046953079436443e-02 7.435139667781015538e-02 9.138608004647118255e-02 1.046116464862863471e-01 1.330978978425375603e-01 1.909203795689676242e-01 1.961931788765979012e-01
-1.813728419052381413e-01 -1.528075963133562476e-01 -1.056061846881371502e-01 -4.575843572545634785e-02 -9.948964174234612226e-03 2.073219640926495660e-02 4.647745550764253997e-02 6.871306835013274439e-02 8.894340273183808099e-02 1.251956089573009467e-01 1.961931788765979012e-01 2.386751561432623459e-01
1.416950194490518289e-01 1.647815977677783428e-01 1.330608947551608912e-01 9.104002281863024515e-02 5.197644880950680335e-02 6.998881356367033305e-03 -2.679983924949044111e-02 -5.173548700793553778e-02 -7.334861056048955219e-02 -9.803668508260335313e-02 -9.761891950474153867e-02 -1.165413108905069550e-01
1.647815977677783428e-01 2.245935280038441895e-01 1.959041549175212504e-01 1.443413676107918042e-01 1.026173193553860108e-01 5.111653839848610131e-02 5.749688209459258292e-03 -2.780577596664884216e-02 -5.564449089341165500e-02 -8.422934195508603727e-02 -9.213702287690442305e-02 -1.213068107539723856e-01
1.330608947551608912e-01 1.959041549175212504e-01 2.122424371265000664e-01 1.771383913375968733e-01 1.425933127782622323e-01 9.370862623172333816e-02 4.693281982625724380e-02 1.258890918037121331e-02 -1.694315600939288319e-02 -4.569894126448263011e-02 -6.172480586570543160e-02 -9.138627832075868485e-02
9.104002281863024515e-02 1.443413676107918042e-01 1.771383913375968733e-01 1.880964297779338934e-01 1.774727310726144369e-01 1.331541488519718264e-01 8.525155167225370589e-02 5.308533941336483764e-02 2.651585568375863095e-02 1.780562628786431633e-03 -2.317885202839583061e-02 -5.346934536744171740e-02
5.197644880950680335e-02 1.026173193553860108e-01 1.425933127782622323e-01 1.774727310726144369e-01 2.119274503249700403e-01 1.803416678356382641e-01 1.278465254426949249e-01 9.444534008073723896e-02 7.007627804488583689e-02 5.098320575568806440e-02 1.805937795727493439e-02 -1.382484315008821602e-02
6.998881356367033305e-03 5.111653839848610131e-02 9.370862623172333816e-02 1.331541488519718264e-01 1.803416678356382641e-01 1.884491567648108323e-01 1.491794903279423656e-01 1.205693337390407599e-01 9.957041921812501140e-02 8.666033607771689296e-02 5.257509555440418453e-02 2.571770313950274764e-02
-2.679983924949044111e-02 5.749688209459258292e-03 4.693281982625724380e-02 8.525155167225370589e-02 1.278465254426949249e-01 1.491794903279423656e-01 1.390010706663230566e-01 1.255597435003958928e-01 1.123363299973056117e-01 1.045375287833208156e-01 7.121027544885021043e-02 5.049330652314949763e-02
-5.173548700793553778e-02 -2.780577596664884216e-02 1.258890918037121331e-02 5.308533941336483764e-02 9.444534008073723896e-02 1.205693337390407599e-01 1.255597435003958928e-01 1.316950902367659271e-01 1.303857297176233554e-01 1.284283736996034708e-01 9.047917715858952437e-02 7.059427929251058109e-02
-7.334861056048955219e-02 -5.564449089341165500e-02 -1.694315600939288319e-02 2.651585568375863095e-02 7.007627804488583689e-02 9.957041921812501140e-02 1.123363299973056117e-01 1.303857297176233554e-01 1.487603297743150255e-01 1.580529146681625974e-01 1.132292607515563154e-01 9.082142464330256182e-02
-9.803668508260335313e-02 -8.422934195508603727e-02 -4.569894126448263011e-02 1.780562628786431633e-03 5.098320575568806440e-02 8.666033607771689296e-02 1.045375287833208156e-01 1.284283736996034708e-01 1.580529146681625974e-01 1.869550758090275100e-01 1.390592548122921712e-01 1.152513725286191393e-01
-9.761891950474153867e-02 -9.213702287690442305e-02 -6.172480586570543160e-02 -2.317885202839583061e-02 1.805937795727493439e-02 5.257509555440418453e-02 7.121027544885021043e-02 9.047917715858952437e-02 1.132292607515563154e-01 1.390592548122921712e-01 1.151037969188712096e-01 1.051729263017655569e-01
-1.165413108905069550e-01 -1.213068107539723856e-01 -9.138627832075868485e-02 -5.346934536744171740e-02 -1.382484315008821602e-02 2.571770313950274764e-02 5.049330652314949763e-02 7.059427929251058109e-02 9.082142464330256182e-02 1.152513725286191393e-01 1.051729263017655569e-01 1.114806151475854767e-01
2.583189174783673270e-01 1.945423508321430517e-01 1.332420483380859499e-01 1.094488978838983606e-01 7.178420914154329258e-02 4.779779687940397676e-02 1.485425296436981499e-02 -1.404517855798245382e-02 -5.069574151780975590e-02 -9.120429030000869186e-02 -1.457039506705578580e-01 -1.932343700414564658e-01
1.945423508321430517e-01 1.773053642323933476e-01 1.369769324025631729e-01 1.248935233960291741e-01 9.091792687700338271e-02 7.244212007745320925e-02 4.020107623241941236e-02 2.490075073697761363e-02 -3.649256386486032441e-03 -4.405671017388891608e-02 -9.300787370576023283e-02 -1.359549676293758114e-01
1.332420483380859499e-01 1.369769324025631729e-01 1.295362408024711143e-01 1.360119150115964570e-01 1.068511460583735639e-01 9.149219169120359485e-02 5.820358776298269893e-02 5.245945874165643119e-02 3.271657199505209612e-02 -3.876465712944009764e-03 -4.709897899387040232e-02 -8.671552545776624321e-02
1.094488978838983606e-01 1.248935233960291741e-01 1.360119150115964570e-01 1.658753010440127129e-01 1.397936324118633777e-01 1.254894614744357373e-01 8.387751809143476067e-02 8.348486449679734522e-02 6.753662390543109517e-02 3.019350195983394256e-02 -1.405934618175175288e-02 -6.065067373079403162e-02
7.178420914154329258e-02 9.091792687700338271e-02 1.068511460583735639e-01 1.397936324118633777e-01 1.309098549289039182e-01 1.262603464004870557e-01 8.874823192726444265e-02 9.386551324210021252e-02 8.303286622177420695e-02 5.214161859645318614e-02 1.705960077678364897e-02 -2.682074475639980790e-02
4.779779687940397676e-02 7.244212007745320925e-02 9.149219169120359485e-02 1.254894614744357373e-01 1.262603464004870557e-01 1.343971799825092461e-01 1.013751895183744867e-01 1.150178377712281486e-01 1.072619271913381189e-01 7.617166329384836287e-02 4.451553675813213484e-02 -8.180715281820201152e-04
1.485425296436981499e-02 4.020107623241941236e-02 5.820358776298269893e-02 8.387751809143476067e-02 8.874823192726444265e-02 1.013751895183744867e-01 8.733193074922243615e-02 1.117849313770541420e-01 1.108061569257109552e-01 8.264555650304195034e-02 5.818117846649042968e-02 2.224377545650658289e-02
-1.404517855798245382e-02 2.490075073697761363e-02 5.245945874165643119e-02 8.348486449679734522e-02 9.386551324210021252e-02 1.150178377712281486e-01 1.117849313770541420e-01 1.639868686894947469e-01 1.731765138898496703e-01 1.326298892958532871e-01 1.013317393871034644e-01 5.738785214689270248e-02
-5.069574151780975590e-02 -3.649256386486032441e-03 3.271657199505209612e-02 6.753662390543109517e-02 8.303286622177420695e-02 1.072619271913381189e-01 1.108061569257109552e-01 1.731765138898496703e-01 2.060510897153622623e-01 1.686017825996157793e-01 1.378802893632262716e-01 9.168148800473033266e-02
-9.120429030000869186e-02 -4.405671017388891608e-02 -3.876465712944009764e-03 3.019350195983394256e-02 5.214161859645318614e-02 7.617166329384836287e-02 8.264555650304195034e-02 1.326298892958532871e-01 1.686017825996157793e-01 1.689498775126976882e-01 1.610886555654896801e-01 1.228501908921346003e-01
-1.457039506705578580e-01 -9.300787370576023283e-02 -4.709897899387040232e-02 -1.405934618175175288e-02 1.705960077678364897e-02 4.451553675813213484e-02 5.818117846649042968e-02 1.013317393871034644e-01 1.378802893632262716e-01 1.610886555654896801e-01 1.909046787497172271e-01 1.678204654683737029e-01
-1.932343700414564658e-01 -1.359549676293758114e-01 -8.671552545776624321e-02 -6.065067373079403162e-02 -2.682074475639980790e-02 -8.180715281820201152e-04 2.224377545650658289e-02 5.738785214689270248e-02 9.168148800473033266e-02 1.228501908921346003e-01 1.678204654683737029e-01 1.864326961148479178e-01
