1.725380483035438284e-01 1.983888638593389597e-01 1.308669107199848247e-01 1.033785452786341735e-01 7.815769068934691477e-02 3.630788970986218583e-02 4.231402436465732907e-03 -2.190843788802949305e-02 -3.905234960787920540e-02 -6.681414085320572238e-02 -7.194247340416248804e-02 -1.175386537557412958e-01
1.983888638593389597e-01 3.157411847951669959e-01 1.868526087918250533e-01 1.313289049978510481e-01 9.966007950521194036e-02 5.596443735207488890e-02 3.083941791467334492e-02 3.679809608266420770e-03 -1.677046026060819914e-02 -4.587467900274962151e-02 -6.370916200972590038e-02 -1.192241874290007053e-01
1.308669107199848247e-01 1.868526087918250533e-01 1.616247000323719207e-01 1.323751146438974791e-01 1.055575094322803997e-01 6.390697143323628704e-02 4.528041664466420091e-02 2.195558307316913121e-02 3.421849861802739659e-03 -2.263644232433103393e-02 -4.478552716391423494e-02 -8.757699567963851683e-02
1.033785452786341735e-01 1.313289049978510481e-01 1.323751146438974791e-01 1.298760202217277837e-01 1.124733625066520332e-01 7.528182277763095787e-02 6.479793110181024385e-02 4.286975346633552231e-02 2.483960686234644444e-02 1.891049616007389744e-03 -2.893718885452273640e-02 -7.041880400223848868e-02
7.815769068934691477e-02 9.966007950521194036e-02 1.055575094322803997e-01 1.124733625066520332e-01 1.089028720590622668e-01 8.466825631824939635e-02 9.003728509879396769e-02 7.052205500183185427e-02 5.047845684079668022e-02 3.255046271073351594e-02 -6.948533121435804781e-03 -4.696845109561981896e-02
3.630788970986218583e-02 5.596443735207488890e-02 6.390697143323628704e-02 7.528182277763095787e-02 8.466825631824939635e-02 8.563157917596794788e-02 1.176412463619864318e-01 1.038398336505085423e-01 7.651933407384753361e-02 6.403380435757519140e-02 2.126062327663454793e-02 -1.005676643667655253e-02
4.231402436465732907e-03 3.083941791467334492e-02 4.528041664466420091e-02 6.479793110181024385e-02 9.003728509879396769e-02 1.176412463619864318e-01 2.014496999185547699e-01 1.919524059319379083e-01 1.363714085704892387e-01 1.183632936531595348e-01 5.794865537453239984e-02 2.565899007839393675e-02
-2.190843788802949305e-02 3.679809608266420770e-03 2.195558307316913121e-02 4.286975346633552231e-02 7.052205500183185427e-02 1.038398336505085423e-01 1.919524059319379083e-01 2.240984985100861748e-01 1.697799737744836723e-01 1.444191107674508701e-01 7.542842847096187242e-02 4.737615093408176214e-02
-3.905234960787920540e-02 -1.677046026060819914e-02 3.421849861802739659e-03 2.483960686234644444e-02 5.047845684079668022e-02 7.651933407384753361e-02 1.363714085704892387e-01 1.697799737744836723e-01 1.922289331526212397e-01 1.880219141505822811e-01 9.609153550103817498e-02 6.346162546433886664e-02
-6.681414085320572238e-02 -4.587467900274962151e-02 -2.263644232433103393e-02 1.891049616007389744e-03 3.255046271073351594e-02 6.403380435757519140e-02 1.183632936531595348e-01 1.444191107674508701e-01 1.880219141505822811e-01 2.305097902897481621e-01 1.236563711059401188e-01 9.029188819470791716e-02
-7.194247340416248804e-02 -6.370916200972590038e-02 -4.478552716391423494e-02 -2.893718885452273640e-02 -6.948533121435804781e-03 2.126062327663454793e-02 5.794865537453239984e-02 7.542842847096187242e-02 9.609153550103817498e-02 1.236563711059401188e-01 7.919354054042064550e-02 7.495351369980361722e-02
-1.175386537557412958e-01 -1.192241874290007053e-01 -8.757699567963851683e-02 -7.041880400223848868e-02 -4.696845109561981896e-02 -1.005676643667655253e-02 2.565899007839393675e-02 4.737615093408176214e-02 6.346162546433886664e-02 9.029188819470791716e-02 7.495351369980361722e-02 9.820513300072890306e-02
2.651974995394465462e-01 1.663659280408430474e-01 1.036474658856307018e-01 1.009762874859294335e-01 4.431888181610671440e-02 1.725191883269740212e-02 -8.309158618663867180e-03 -3.105868719499535122e-02 -5.749347531468874950e-02 -6.357744049339998649e-02 -1.034039114082503513e-01 -1.813700001940333761e-01
1.663659280408430474e-01 1.323477421977056756e-01 1.041094127777120182e-01 1.190950838008726642e-01 5.640082490487643985e-02 3.479747807911330593e-02 1.481717430453137647e-02 -8.009906788869258776e-03 -3.104291512173161169e-02 -3.987590466402823886e-02 -6.659965741534040751e-02 -1.130675962562953385e-01
1.036474658856307018e-01 1.041094127777120182e-01 1.207508973864909185e-01 1.691574921233148232e-01 8.182749035398245718e-02 5.579860485455392233e-02 3.626388336259267486e-02 1.426963061348399467e-02 -5.225951087092801234e-03 -2.077824394560713606e-02 -4.335913536519192535e-02 -7.294373053183328404e-02
1.009762874859294335e-01 1.190950838008726642e-01 1.691574921233148232e-01 2.753123106341247017e-01 1.381854285906882751e-01 1.022119255098197232e-01 7.618583658644788315e-02 4.746206120695276032e-02 2.774558936325076039e-02 -3.140847616118360754e-03 -3.483516313462643732e-02 -6.950610081916852590e-02
4.431888181610671440e-02 5.640082490487643985e-02 8.182749035398245718e-02 1.381854285906882751e-01 8.991595670750417157e-02 9.894036703339460781e-02 9.316300750182057722e-02 6.370721721701090579e-02 5.113717842642384603e-02 2.368563349443197560e-02 2.911101568960601862e-03 -2.026332044385423942e-02
1.725191883269740212e-02 3.479747807911330593e-02 5.579860485455392233e-02 1.022119255098197232e-01 9.894036703339460781e-02 1.649618060385742990e-01 1.798561050641973025e-01 1.231420936979381042e-01 1.020460052185686028e-01 6.103874373110450974e-02 3.886751425058060372e-02 1.403047942173580101e-02
-8.309158618663867180e-03 1.481717430453137647e-02 3.626388336259267486e-02 7.618583658644788315e-02 9.316300750182057722e-02 1.798561050641973025e-01 2.290139970270517744e-01 1.644848803706541185e-01 1.354374395970912581e-01 8.308999147963885834e-02 6.065267662594830272e-02 3.858959928367242109e-02
-3.105868719499535122e-02 -8.009906788869258776e-03 1.426963061348399467e-02 4.746206120695276032e-02 6.370721721701090579e-02 1.231420936979381042e-01 1.644848803706541185e-01 1.676537384539625308e-01 1.680226962898125898e-01 1.023081205359328283e-01 7.522587953469382638e-02 5.463181758231468177e-02
-5.749347531468874950e-02 -3.104291512173161169e-02 -5.225951087092801234e-03 2.774558936325076039e-02 5.113717842642384603e-02 1.020460052185686028e-01 1.354374395970912581e-01 1.680226962898125898e-01 2.182619379618485067e-01 1.379740718581531911e-01 1.045302700448667160e-01 8.117295813371268320e-02
-6.357744049339998649e-02 -3.987590466402823886e-02 -2.077824394560713606e-02 -3.140847616118360754e-03 2.368563349443197560e-02 6.103874373110450974e-02 8.308999147963885834e-02 1.023081205359328283e-01 1.379740718581531911e-01 9.686104347009263926e-02 8.285705651049339593e-02 7.498070794147373985e-02
-1.034039114082503513e-01 -6.659965741534040751e-02 -4.335913536519192535e-02 -3.483516313462643732e-02 2.911101568960601862e-03 3.886751425058060372e-02 6.065267662594830272e-02 7.522587953469382638e-02 1.045302700448667160e-01 8.285705651049339593e-02 8.834310991939575697e-02 1.010413286587607540e-01
-1.813700001940333761e-01 -1.130675962562953385e-01 -7.294373053183328404e-02 -6.950610081916852590e-02 -2.026332044385423942e-02 1.403047942173580101e-02 3.858959928367242109e-02 5.463181758231468177e-02 8.117295813371268320e-02 7.498070794147373985e-02 1.010413286587607540e-01 1.513799606638049911e-01
2.275821575471021208e-01 1.648361679933662005e-01 1.330385419370311295e-01 8.108925896876462147e-02 4.688706645771752862e-02 5.954848847502917236e-03 -2.410334164468458384e-02 -5.208943968902074451e-02 -6.933388701813249233e-02 -8.965977280297414420e-02 -1.101062688485056756e-01 -1.544203257950691466e-01
1.648361679933662005e-01 1.663100149027005037e-01 1.731153790040316498e-01 1.098885722310121854e-01 7.704796037953820509e-02 3.877417429668705839e-02 9.015023967500590540e-03 -1.497875222001144625e-02 -3.540921782846377652e-02 -5.481788036436899270e-02 -7.169678068887735956e-02 -1.045076119596306530e-01
1.330385419370311295e-01 1.731153790040316498e-01 2.551899337393398470e-01 1.725253472765761187e-01 1.279473364759063647e-01 7.926831871364375948e-02 4.442260652225116929e-02 2.231929641261396272e-02 -5.407008590001120482e-03 -3.135521367468002696e-02 -5.167301767186582850e-02 -8.056402322323003018e-02
8.108925896876462147e-02 1.098885722310121854e-01 1.725253472765761187e-01 1.626954463659191497e-01 1.585909423461367707e-01 1.076094413654460069e-01 6.818103141419079583e-02 5.170838064958192121e-02 2.948969039285501137e-02 7.521032961984348494e-03 -1.488784496116628622e-02 -4.163742247725096823e-02
4.688706645771752862e-02 7.704796037953820509e-02 1.279473364759063647e-01 1.585909423461367707e-01 2.215937769273814972e-01 1.659149119138214612e-01 1.106304025505448485e-01 9.180993827425625031e-02 6.840260411607813895e-02 4.799220457020093866e-02 2.157458769850497185e-02 -8.038380426622356717e-03
5.954848847502917236e-03 3.877417429668705839e-02 7.926831871364375948e-02 1.076094413654460069e-01 1.659149119138214612e-01 1.484385337640335423e-01 1.130545683332054852e-01 1.050827562124744541e-01 8.354733243805351206e-02 6.491192608348386739e-02 4.199668553784279695e-02 2.040203038547160064e-02
-2.410334164468458384e-02 9.015023967500590540e-03 4.442260652225116929e-02 6.818103141419079583e-02 1.106304025505448485e-01 1.130545683332054852e-01 1.101244640955336973e-01 1.239735516092476952e-01 1.054780679024507339e-01 8.201278578755441528e-02 5.636913281646842300e-02 3.924071963655446915e-02
-5.208943968902074451e-02 -1.497875222001144625e-02 2.231929641261396272e-02 5.170838064958192121e-02 9.180993827425625031e-02 1.050827562124744541e-01 1.239735516092476952e-01 1.731388507745713623e-01 1.597858053920316324e-01 1.241700285541916665e-01 8.414939301048340869e-02 6.259180710845256568e-02
-6.933388701813249233e-02 -3.540921782846377652e-02 -5.407008590001120482e-03 2.948969039285501137e-02 6.840260411607813895e-02 8.354733243805351206e-02 1.054780679024507339e-01 1.597858053920316324e-01 1.723498107456971629e-01 1.437421775379387756e-01 9.972823302317235239e-02 7.628588675417120879e-02
-8.965977280297414420e-02 -5.481788036436899270e-02 -3.135521367468002696e-02 7.521032961984348494e-03 4.799220457020093866e-02 6.491192608348386739e-02 8.201278578755441528e-02 1.241700285541916665e-01 1.437421775379387756e-01 1.403321613440334792e-01 1.079729147202694306e-01 9.081989074070710710e-02
-1.101062688485056756e-01 -7.169678068887735956e-02 -5.167301767186582850e-02 -1.488784496116628622e-02 2.157458769850497185e-02 4.199668553784279695e-02 5.636913281646842300e-02 8.414939301048340869e-02 9.972823302317235239e-02 1.079729147202694306e-01 1.001485264402020015e-01 9.942587708932679180e-02
-1.544203257950691466e-01 -1.045076119596306530e-01 -8.056402322323003018e-02 -4.163742247725096823e-02 -8.038380426622356717e-03 2.040203038547160064e-02 3.924071963655446915e-02 6.259180710845256568e-02 7.628588675417120879e-02 9.081989074070710710e-02 9.942587708932679180e-02 1.220963233534843179e-01
1.091376138739133528e-01 1.082247103715689440e-01 1.100809021388271941e-01 8.479052332506992196e-02 6.088815666479540506e-02 7.552754733704853882e-03 -3.296139875888302873e-02 -5.839309602097546986e-02 -6.175840307647103428e-02 -8.206500763419738442e-02 -9.182463146700885204e-02 -1.011050016704465732e-01
1.082247103715689440e-01 1.405137549623874937e-01 1.697633805933733142e-01 1.340804213209334794e-01 1.076114532106154931e-01 3.344680001016725468e-02 2.326872296993797405e-03 -2.296391334672818335e-02 -3.123754235851484290e-02 -4.490716309669056522e-02 -5.737938730064773979e-02 -7.821724818242749289e-02
1.100809021388271941e-01 1.697633805933733142e-01 2.510641225208558591e-01 2.080055181243458118e-01 1.597329538361002554e-01 5.971397011037822555e-02 3.640764170989087278e-02 1.112474642063167665e-02 -4.836812156420705611e-03 -1.665437186795466068e-02 -3.293671200818992784e-02 -6.320423847375511439e-02
8.479052332506992196e-02 1.340804213209334794e-01 2.080055181243458118e-01 2.925387786171658178e-01 2.201451596652715947e-01 7.963043011345974365e-02 5.704546242175008441e-02 3.530410846944379011e-02 1.703040879528767287e-02 7.484680627636235151e-03 -1.049815334013797126e-02 -4.146759079587201968e-02
6.088815666479540506e-02 1.076114532106154931e-01 1.597329538361002554e-01 2.201451596652715947e-01 2.259922713088558521e-01 8.814088646690705631e-02 7.846003693221620390e-02 6.396348415752484140e-02 4.186900051133216755e-02 3.508482152254253222e-02 1.651952430065967842e-02 -1.597878993758422919e-02
7.552754733704853882e-03 3.344680001016725468e-02 5.971397011037822555e-02 7.963043011345974365e-02 8.814088646690705631e-02 4.558437369527849892e-02 6.431743274503784469e-02 6.962921824911087743e-02 4.792931648694681579e-02 4.093200268522520502e-02 3.043484602638807032e-02 1.496344960949224853e-02
-3.296139875888302873e-02 2.326872296993797405e-03 3.640764170989087278e-02 5.704546242175008441e-02 7.846003693221620390e-02 6.431743274503784469e-02 1.363480529887028947e-01 1.701927773317727377e-01 1.163256405546616579e-01 9.492889083917183113e-02 7.737331282920648090e-02 5.979371982666369101e-02
-5.839309602097546986e-02 -2.296391334672818335e-02 1.112474642063167665e-02 3.530410846944379011e-02 6.396348415752484140e-02 6.962921824911087743e-02 1.701927773317727377e-01 2.347493409627941230e-01 1.625782530622313926e-01 1.277608392038976359e-01 1.023547963528875504e-01 8.399562059826851113e-02
-6.175840307647103428e-02 -3.123754235851484290e-02 -4.836812156420705611e-03 1.703040879528767287e-02 4.186900051133216755e-02 4.792931648694681579e-02 1.163256405546616579e-01 1.625782530622313926e-01 1.416655381348818077e-01 1.320823893778852731e-01 1.084639164048835230e-01 8.710129859669435426e-02
-8.206500763419738442e-02 -4.490716309669056522e-02 -1.665437186795466068e-02 7.484680627636235151e-03 3.508482152254253222e-02 4.093200268522520502e-02 9.492889083917183113e-02 1.277608392038976359e-01 1.320823893778852731e-01 1.626391083910437851e-01 1.439933007058267767e-01 1.159180455256567377e-01
-9.182463146700885204e-02 -5.737938730064773979e-02 -3.293671200818992784e-02 -1.049815334013797126e-02 1.651952430065967842e-02 3.043484602638807032e-02 7.737331282920648090e-02 1.023547963528875504e-01 1.084639164048835230e-01 1.439933007058267767e-01 1.426367583841401387e-01 1.219050994583970871e-01
-1.011050016704465732e-01 -7.821724818242749289e-02 -6.320423847375511439e-02 -4.146759079587201968e-02 -1.597878993758422919e-02 1.496344960949224853e-02 5.979371982666369101e-02 8.399562059826851113e-02 8.710129859669435426e-02 1.159180455256567377e-01 1.219050994583970871e-01 1.171302861599810008e-01
2.136325959301405009e-01 1.808292885810440787e-01 1.013713845166702987e-01 8.283275710235157852e-02 4.505539487962439277e-02 2.372931644505739401e-02 -5.355095635947583043e-04 -2.701672354738415480e-02 -6.219481265443407153e-02 -7.681389603100520491e-02 -1.331202212926498873e-01 -1.744774093477451937e-01
1.808292885810440787e-01 1.971982411921349154e-01 1.252441418712562093e-01 1.185684097125637854e-01 7.543447846117073974e-02 5.791569417236411277e-02 3.119232713984829153e-02 3.611101632088925713e-03 -2.763460046101904807e-02 -5.097885894424037528e-02 -9.827121592346181600e-02 -1.308739580594818208e-01
1.013713845166702987e-01 1.252441418712562093e-01 1.068933697141996736e-01 1.323428631291265756e-01 9.323364924611722560e-02 7.695003990934945470e-02 5.163012395835797630e-02 3.200103673578266750e-02 1.617806574047458978e-02 -1.196612101332297784e-02 -4.689719554868673757e-02 -7.073485359286255103e-02
8.283275710235157852e-02 1.185684097125637854e-01 1.323428631291265756e-01 2.111648706750181570e-01 1.611922547137157602e-01 1.364867950400030505e-01 9.495892202374876800e-02 7.087023447532267428e-02 6.207931459989368683e-02 1.958280193089721039e-02 -1.804760191674633155e-02 -5.001984460929365106e-02
4.505539487962439277e-02 7.543447846117073974e-02 9.323364924611722560e-02 1.611922547137157602e-01 1.530424753165248730e-01 1.502722470154941314e-01 1.064979486415209009e-01 7.946048908870832761e-02 7.413721107175494374e-02 3.683283272710645428e-02 1.379058444748465506e-02 -1.448049634817820050e-02
2.372931644505739401e-02 5.791569417236411277e-02 7.695003990934945470e-02 1.364867950400030505e-01 1.502722470154941314e-01 1.871911261986924924e-01 1.422514385795477232e-01 1.082707465682547082e-01 1.029901504108451521e-01 5.849122133265377554e-02 4.134161586603943284e-02 1.221943022933968254e-02
-5.355095635947583043e-04 3.119232713984829153e-02 5.163012395835797630e-02 9.495892202374876800e-02 1.064979486415209009e-01 1.422514385795477232e-01 1.278563923381400569e-01 1.101806378031631034e-01 1.135332040702679707e-01 6.751535762208449309e-02 5.427879599780238706e-02 3.026318912393387295e-02
-2.701672354738415480e-02 3.611101632088925713e-03 3.200103673578266750e-02 7.087023447532267428e-02 7.946048908870832761e-02 1.082707465682547082e-01 1.101806378031631034e-01 1.163204252495961682e-01 1.360023185068429674e-01 8.587529193467613453e-02 7.532787014269240466e-02 5.192317573615761600e-02
-6.219481265443407153e-02 -2.763460046101904807e-02 1.617806574047458978e-02 6.207931459989368683e-02 7.413721107175494374e-02 1.029901504108451521e-01 1.135332040702679707e-01 1.360023185068429674e-01 1.818057767570954997e-01 1.242306576679300112e-01 1.196167950588221673e-01 8.984438121910837127e-02
-7.681389603100520491e-02 -5.097885894424037528e-02 -1.196612101332297784e-02 1.958280193089721039e-02 3.683283272710645428e-02 5.849122133265377554e-02 6.751535762208449309e-02 8.587529193467613453e-02 1.242306576679300112e-01 1.045374636377050248e-01 1.252111668719678161e-01 1.037075488772924992e-01
-1.331202212926498873e-01 -9.827121592346181600e-02 -4.689719554868673757e-02 -1.804760191674633155e-02 1.379058444748465506e-02 4.134161586603943284e-02 5.427879599780238706e-02 7.532787014269240466e-02 1.196167950588221673e-01 1.252111668719678161e-01 1.939769854467558452e-01 1.775741285479292553e-01
-1.744774093477451937e-01 -1.308739580594818208e-01 -7.073485359286255103e-02 -5.001984460929365106e-02 -1.448049634817820050e-02 1.221943022933968254e-02 3.026318912393387295e-02 5.192317573615761600e-02 8.984438121910837127e-02 1.037075488772924992e-01 1.775741285479292553e-01 2.063802775439981252e-01
1.708690106619668581e-01 1.480620953784783089e-01 1.153397192198444832e-01 6.949523613974670222e-02 2.775670295062552737e-02 -1.198814085865158169e-02 -4.351290041786547158e-02 -6.188898937589486920e-02 -5.122541490871506537e-02 -8.669504227958356457e-02 -1.290690028338303819e-01 -1.436641791309022365e-01
1.480620953784783089e-01 1.593887091423663027e-01 1.494329237939795718e-01 1.132369905153713108e-01 6.900664349174392975e-02 2.635791745897298616e-02 -8.701531364992675169e-03 -3.125372809708408528e-02 -3.251648884205759343e-02 -6.015074455048127766e-02 -8.961945548276679940e-02 -1.071965719466816125e-01
1.153397192198444832e-01 1.494329237939795718e-01 1.938748679123925567e-01 1.959925681372498563e-01 1.249910999169834280e-01 7.503621195080159567e-02 3.927583070643329843e-02 1.357390730913664648e-02 -6.958298252596288418e-03 -3.039310736965820936e-02 -5.420747295786534220e-02 -7.343567624440508479e-02
6.949523613974670222e-02 1.132369905153713108e-01 1.959925681372498563e-01 3.363947800055666071e-01 2.014236124321619192e-01 1.222918884000970957e-01 8.438847166262730681e-02 6.005814796158801677e-02 2.350960627721372306e-02 1.044863399971268300e-02 -4.733559554121359939e-03 -3.015010682641736800e-02
2.775670295062552737e-02 6.900664349174392975e-02 1.249910999169834280e-01 2.014236124321619192e-01 1.954474570960521296e-01 1.456103192268680124e-01 1.126872486051707090e-01 8.805370542012991297e-02 4.156553368678446436e-02 3.590111935590870051e-02 3.042343092888703804e-02 6.351489047187230778e-03
-1.198814085865158169e-02 2.635791745897298616e-02 7.503621195080159567e-02 1.222918884000970957e-01 1.456103192268680124e-01 1.446747969648493615e-01 1.297027738351899384e-01 1.092921188921768677e-01 5.482539993847292126e-02 5.304777315417604638e-02 5.338834969956218063e-02 3.484165192264145061e-02
-4.351290041786547158e-02 -8.701531364992675169e-03 3.927583070643329843e-02 8.438847166262730681e-02 1.126872486051707090e-01 1.297027738351899384e-01 1.343650521687018706e-01 1.218461055672254434e-01 6.475241781213744718e-02 6.822462275101190410e-02 7.368649526149775864e-02 5.745935580689653932e-02
-6.188898937589486920e-02 -3.125372809708408528e-02 1.357390730913664648e-02 6.005814796158801677e-02 8.805370542012991297e-02 1.092921188921768677e-01 1.218461055672254434e-01 1.190171792995010913e-01 6.774900715951108487e-02 7.857959015638112110e-02 9.000999574834946115e-02 7.235081085893803332e-02
-5.122541490871506537e-02 -3.251648884205759343e-02 -6.958298252596288418e-03 2.350960627721372306e-02 4.156553368678446436e-02 5.482539993847292126e-02 6.475241781213744718e-02 6.774900715951108487e-02 4.469827095450348148e-02 6.235692259606907817e-02 7.919252125808884379e-02 6.176067584839335656e-02
-8.669504227958356457e-02 -6.015074455048127766e-02 -3.039310736965820936e-02 1.044863399971268300e-02 3.590111935590870051e-02 5.304777315417604638e-02 6.822462275101190410e-02 7.857959015638112110e-02 6.235692259606907817e-02 1.067537735907125723e-01 1.489785438797592843e-01 1.122202224491790912e-01
-1.290690028338303819e-01 -8.961945548276679940e-02 -5.420747295786534220e-02 -4.733559554121359939e-03 3.042343092888703804e-02 5.338834969956218063e-02 7.368649526149775864e-02 9.000999574834946115e-02 7.919252125808884379e-02 1.489785438797592843e-01 2.291036085215369389e-01 1.743715153230306347e-01
-1.436641791309022365e-01 -1.071965719466816125e-01 -7.343567624440508479e-02 -3.015010682641736800e-02 6.351489047187230778e-03 3.484165192264145061e-02 5.745935580689653932e-02 7.235081085893803332e-02 6.176067584839335656e-02 1.122202224491790912e-01 1.743715153230306347e-01 1.654124936818500979e-01
1.629448182220369357e-01 1.384138162515370085e-01 1.084823026274246427e-01 7.927660487380824850e-02 6.192858974917112014e-02 3.205554886413693183e-02 1.233900143794278148e-02 -1.225660198598500089e-02 -4.671376920367004831e-02 -7.377340255128317370e-02 -1.182309803381526858e-01 -1.720994498820375695e-01
1.384138162515370085e-01 1.479703011081855979e-01 1.299979128227095049e-01 1.035792257585469722e-01 8.837022976319110212e-02 5.327417586303545560e-02 3.690505623881760316e-02 1.945413699340887634e-02 -1.504209182307636276e-02 -4.666161600113576113e-02 -8.161590141620624073e-02 -1.207001586630092327e-01
1.084823026274246427e-01 1.299979128227095049e-01 1.354836209261395807e-01 1.260716325595233611e-01 1.192468095320738941e-01 7.241717731817466641e-02 5.425741221655409202e-02 4.231914934277362927e-02 1.301893409503492374e-02 -2.108367615732106848e-02 -5.345557730780916422e-02 -8.612666552636163986e-02
7.927660487380824850e-02 1.035792257585469722e-01 1.260716325595233611e-01 1.550991465186999929e-01 1.720243876556971085e-01 1.026633814977137571e-01 7.492263068382337687e-02 6.371809167312598998e-02 4.049790398288662802e-02 7.053693174482785627e-03 -2.367682314884030081e-02 -5.632406321132489568e-02
6.192858974917112014e-02 8.837022976319110212e-02 1.192468095320738941e-01 1.720243876556971085e-01 2.322154201511973381e-01 1.425645074649407595e-01 1.049334055668294241e-01 9.210417206820303848e-02 7.011583251377651038e-02 3.544715303731577061e-02 5.152352454538823914e-03 -3.293584124602620677e-02
3.205554886413693183e-02 5.327417586303545560e-02 7.241717731817466641e-02 1.026633814977137571e-01 1.425645074649407595e-01 1.015592405454788516e-01 8.804559760069555208e-02 8.876435267755383718e-02 7.360034613848095986e-02 4.364356254629200155e-02 2.283673676649975240e-02 -4.690762327426356224e-03
1.233900143794278148e-02 3.690505623881760316e-02 5.425741221655409202e-02 7.492263068382337687e-02 1.049334055668294241e-01 8.804559760069555208e-02 9.961925221544995490e-02 1.216315894573360701e-01 1.101405195043218821e-01 6.799210266325206309e-02 4.547907533794409707e-02 2.057254117880877656e-02
-1.225660198598500089e-02 1.945413699340887634e-02 4.231914934277362927e-02 6.371809167312598998e-02 9.210417206820303848e-02 8.876435267755383718e-02 1.216315894573360701e-01 1.807259190189143827e-01 1.796313673612854878e-01 1.121282625033990232e-01 7.922003057112300684e-02 5.284386903618912279e-02
-4.671376920367004831e-02 -1.504209182307636276e-02 1.301893409503492374e-02 4.049790398288662802e-02 7.011583251377651038e-02 7.360034613848095986e-02 1.101405195043218821e-01 1.796313673612854878e-01 2.151493908803686073e-01 1.471859563368842216e-01 1.132472188100682731e-01 8.771746522963423665e-02
-7.377340255128317370e-02 -4.666161600113576113e-02 -2.108367615732106848e-02 7.053693174482785627e-03 3.544715303731577061e-02 4.364356254629200155e-02 6.799210266325206309e-02 1.121282625033990232e-01 1.471859563368842216e-01 1.343817315743159879e-01 1.323135011862535682e-01 1.174703336439045231e-01
-1.182309803381526858e-01 -8.161590141620624073e-02 -5.345557730780916422e-02 -2.367682314884030081e-02 5.152352454538823914e-03 2.283673676649975240e-02 4.547907533794409707e-02 7.922003057112300684e-02 1.132472188100682731e-01 1.323135011862535682e-01 1.793322469336115221e-01 1.862765391091477096e-01
-1.720994498820375695e-01 -1.207001586630092327e-01 -8.612666552636163986e-02 -5.632406321132489568e-02 -3.293584124602620677e-02 -4.690762327426356224e-03 2.057254117880877656e-02 5.284386903618912279e-02 8.771746522963423665e-02 1.174703336439045231e-01 1.862765391091477096e-01 2.555189119056012759e-01
1.473695016435701277e-01 1.676750324703487616e-01 8.249426917541616278e-02 6.310274615128841358e-02 3.080075591234745364e-02 1.245147686782423560e-02 -1.736887671204137562e-02 -3.210098380364434512e-02 -3.717232947480429012e-02 -7.762156975667711123e-02 -7.892833760829415235e-02 -1.083329778371833196e-01
1.676750324703487616e-01 1.991538414070579410e-01 1.035250553995335637e-01 9.331392625586151790e-02 4.832531392338459963e-02 3.027326285526524274e-02 -3.563687654228430823e-03 -2.478152832329398592e-02 -3.296469368719434634e-02 -7.041217710722892653e-02 -7.846088839129597425e-02 -1.173711429194142231e-01
8.249426917541616278e-02 1.035250553995335637e-01 7.913549203024343448e-02 1.378896659401117886e-01 6.122163572336004889e-02 4.000034347757482067e-02 1.957602040892968825e-02 9.651919377019445301e-04 -1.083371583790625550e-02 -3.108008121172981669e-02 -3.711547779426030425e-02 -5.678413599927504413e-02
6.310274615128841358e-02 9.331392625586151790e-02 1.378896659401117886e-01 3.954198610985816820e-01 1.593365511463040451e-01 9.621979813994457897e-02 6.705710417260463130e-02 3.442301643891133855e-02 7.195333831405976988e-03 -1.030887506699075529e-02 -2.267985038349269039e-02 -4.069203227221154795e-02
3.080075591234745364e-02 4.832531392338459963e-02 6.122163572336004889e-02 1.593365511463040451e-01 9.302690687578277218e-02 1.000354432163675505e-01 9.251741836419632992e-02 5.243278071111738547e-02 2.153789082452840786e-02 1.828135548262493915e-02 1.978854016377643542e-03 -1.423496170090356346e-02
1.245147686782423560e-02 3.027326285526524274e-02 4.000034347757482067e-02 9.621979813994457897e-02 1.000354432163675505e-01 1.821402641556150448e-01 1.950948689205914688e-01 1.116146540050893810e-01 4.885478306556560735e-02 5.137250660659351681e-02 2.553167519093562515e-02 5.507874092557672741e-03
-1.736887671204137562e-02 -3.563687654228430823e-03 1.957602040892968825e-02 6.705710417260463130e-02 9.251741836419632992e-02 1.950948689205914688e-01 2.385617813950815513e-01 1.418446563272784955e-01 6.544041556444274432e-02 7.523139220489714896e-02 4.578275036579328855e-02 2.900655759549559259e-02
-3.210098380364434512e-02 -2.478152832329398592e-02 9.651919377019445301e-04 3.442301643891133855e-02 5.243278071111738547e-02 1.116146540050893810e-01 1.418446563272784955e-01 1.000794485190858452e-01 6.107326368182307286e-02 9.426739556538360487e-02 5.898244439129726735e-02 4.023384163801419638e-02
-3.717232947480429012e-02 -3.296469368719434634e-02 -1.083371583790625550e-02 7.195333831405976988e-03 2.153789082452840786e-02 4.885478306556560735e-02 6.544041556444274432e-02 6.107326368182307286e-02 6.040965330155700919e-02 1.240712520886851356e-01 7.655714225169724108e-02 4.825507004862113897e-02
-7.762156975667711123e-02 -7.041217710722892653e-02 -3.108008121172981669e-02 -1.030887506699075529e-02 1.828135548262493915e-02 5.137250660659351681e-02 7.523139220489714896e-02 9.426739556538360487e-02 1.240712520886851356e-01 2.885164790891605602e-01 1.768481243781424017e-01 1.061663199332474189e-01
-7.892833760829415235e-02 -7.846088839129597425e-02 -3.711547779426030425e-02 -2.267985038349269039e-02 1.978854016377643542e-03 2.553167519093562515e-02 4.578275036579328855e-02 5.898244439129726735e-02 7.655714225169724108e-02 1.768481243781424017e-01 1.221880438099403332e-01 8.845358475988396307e-02
-1.083329778371833196e-01 -1.173711429194142231e-01 -5.678413599927504413e-02 -4.069203227221154795e-02 -1.423496170090356346e-02 5.507874092557672741e-03 2.900655759549559259e-02 4.023384163801419638e-02 4.825507004862113897e-02 1.061663199332474189e-01 8.845358475988396307e-02 9.399872667432401796e-02
1.548052667760859147e-01 1.597173433035707080e-01 1.154250839801187895e-01 5.176200374387335268e-02 3.335267120647750910e-02 1.101835889198028370e-02 -9.600458559585059795e-03 -2.646808522772601396e-02 -3.988481949659943016e-02 -6.475680290127126815e-02 -1.205181304001738396e-01 -1.675674583531750195e-01
1.597173433035707080e-01 2.357484487028483344e-01 1.884498677370111119e-01 9.121214844820779710e-02 7.385966071767297025e-02 4.815591995939226544e-02 2.709701075875465756e-02 6.574453268373669709e-03 -1.566369626986362923e-02 -4.450818136195725666e-02 -9.239920670413753756e-02 -1.304495517903173640e-01
1.154250839801187895e-01 1.884498677370111119e-01 1.895563569398511505e-01 1.088913752277463343e-01 1.102070745662156737e-01 8.354673745931544271e-02 6.400499033829729068e-02 4.585402031852989224e-02 2.004104109934125300e-02 -9.157788864237530538e-03 -4.977083092198465036e-02 -8.694501848529981314e-02
5.176200374387335268e-02 9.121214844820779710e-02 1.088913752277463343e-01 8.821749193780810405e-02 1.204040049908360055e-01 9.845913557651085612e-02 7.542188710141586871e-02 5.903865648062388977e-02 3.845544629052829316e-02 1.958415359551756926e-02 -1.593252613078271606e-03 -3.101482897988843898e-02
3.335267120647750910e-02 7.385966071767297025e-02 1.102070745662156737e-01 1.204040049908360055e-01 2.076478766263826492e-01 1.789521989885524411e-01 1.325001051131597940e-01 1.021272957066738374e-01 7.244462433358025977e-02 5.148487918612901226e-02 3.538657458224087060e-02 -2.527406130861996857e-03
1.101835889198028370e-02 4.815591995939226544e-02 8.354673745931544271e-02 9.845913557651085612e-02 1.789521989885524411e-01 1.873786688882237428e-01 1.528764385709169837e-01 1.182914877822869026e-01 8.311332562037600236e-02 6.185435504506343884e-02 5.178044493237019680e-02 2.070815147027943448e-02
-9.600458559585059795e-03 2.709701075875465756e-02 6.400499033829729068e-02 7.542188710141586871e-02 1.325001051131597940e-01 1.528764385709169837e-01 1.642322871988097233e-01 1.405066740602444464e-01 1.007887761594784271e-01 7.666016251351071009e-02 6.893241904977613632e-02 4.138939779754738368e-02
-2.646808522772601396e-02 6.574453268373669709e-03 4.585402031852989224e-02 5.903865648062388977e-02 1.021272957066738374e-01 1.182914877822869026e-01 1.405066740602444464e-01 1.384032845965879055e-01 1.054864859097331131e-01 8.480595032770332775e-02 8.189888576386793184e-02 5.706891800159296507e-02
-3.988481949659943016e-02 -1.566369626986362923e-02 2.004104109934125300e-02 3.845544629052829316e-02 7.244462433358025977e-02 8.311332562037600236e-02 1.007887761594784271e-01 1.054864859097331131e-01 8.828606002758422611e-02 7.894136183589664513e-02 8.663241946412242322e-02 6.875662627066209120e-02
-6.475680290127126815e-02 -4.450818136195725666e-02 -9.157788864237530538e-03 1.958415359551756926e-02 5.148487918612901226e-02 6.185435504506343884e-02 7.666016251351071009e-02 8.480595032770332775e-02 7.894136183589664513e-02 8.542179348066053501e-02 1.144427271723847256e-01 1.041990944526249990e-01
-1.205181304001738396e-01 -9.239920670413753756e-02 -4.977083092198465036e-02 -1.593252613078271606e-03 3.538657458224087060e-02 5.178044493237019680e-02 6.893241904977613632e-02 8.189888576386793184e-02 8.663241946412242322e-02 1.144427271723847256e-01 1.930809082154809619e-01 1.984132908353630209e-01
-1.675674583531750195e-01 -1.304495517903173640e-01 -8.694501848529981314e-02 -3.101482897988843898e-02 -2.527406130861996857e-03 2.070815147027943448e-02 4.138939779754738368e-02 5.706891800159296507e-02 6.875662627066209120e-02 1.041990944526249990e-01 1.984132908353630209e-01 2.672215566096772799e-01
1.269133924409479863e-01 1.630233055776926232e-01 1.171685530570509420e-01 7.538475244477307879e-02 3.805230967541167741e-02 -6.562837924399900560e-03 -2.962635771003197666e-02 -4.384488496045284289e-02 -5.825368626380736381e-02 -8.188269986514601362e-02 -7.429106756455608473e-02 -9.426066871727101226e-02
1.630233055776926232e-01 2.556037558788101793e-01 1.944357894224471028e-01 1.262188134577174048e-01 8.170246050852350561e-02 2.880064175707687177e-02 -7.063677585886758356e-03 -2.911445243311148318e-02 -4.776336641278690343e-02 -7.325436380407439330e-02 -7.398507806633668193e-02 -1.060658774611284855e-01
1.171685530570509420e-01 1.944357894224471028e-01 2.231056858552961653e-01 1.721663064606752669e-01 1.263332790935853267e-01 7.439503529006306903e-02 3.526979303437073610e-02 9.571027906024912393e-03 -1.419012322803300460e-02 -4.045624275545349480e-02 -4.877910217631650780e-02 -7.499655458434831279e-02
7.538475244477307879e-02 1.262188134577174048e-01 1.721663064606752669e-01 1.926453397352603236e-01 1.746082273246163941e-01 1.172646783070375176e-01 7.031800597977119760e-02 4.366343678346183699e-02 2.106242242334067927e-02 -5.622370776933590612e-04 -1.975041001750815761e-02 -4.425216993348762839e-02
3.805230967541167741e-02 8.170246050852350561e-02 1.263332790935853267e-01 1.746082273246163941e-01 2.311801665959391516e-01 1.826587987817929193e-01 1.157653488565292266e-01 8.051045063818292047e-02 5.776502703442656927e-02 4.439488503085760318e-02 1.532233271720104956e-02 -8.834092722481503429e-03
-6.562837924399900560e-03 2.880064175707687177e-02 7.439503529006306903e-02 1.172646783070375176e-01 1.826587987817929193e-01 2.030947325385397406e-01 1.455169162301365449e-01 1.081622041958211766e-01 8.378836491841104572e-02 7.590207568744278266e-02 4.451876470743101194e-02 2.763972157232998800e-02
-2.962635771003197666e-02 -7.063677585886758356e-03 3.526979303437073610e-02 7.031800597977119760e-02 1.157653488565292266e-01 1.455169162301365449e-01 1.266736512904073908e-01 1.072995966797565259e-01 9.167873349220795332e-02 8.844091691399223742e-02 5.518572341712257856e-02 4.237804143825076031e-02
-4.384488496045284289e-02 -2.911445243311148318e-02 9.571027906024912393e-03 4.366343678346183699e-02 8.051045063818292047e-02 1.081622041958211766e-01 1.072995966797565259e-01 1.110417298780985440e-01 1.112739959615201696e-01 1.167669969644643674e-01 7.160953349285266445e-02 5.492168193778159541e-02
-5.825368626380736381e-02 -4.776336641278690343e-02 -1.419012322803300460e-02 2.106242242334067927e-02 5.776502703442656927e-02 8.378836491841104572e-02 9.167873349220795332e-02 1.112739959615201696e-01 1.386204397064828286e-01 1.620327623585989807e-01 9.793934783979765801e-02 7.230119012086089203e-02
-8.188269986514601362e-02 -7.325436380407439330e-02 -4.045624275545349480e-02 -5.622370776933590612e-04 4.439488503085760318e-02 7.590207568744278266e-02 8.844091691399223742e-02 1.167669969644643674e-01 1.620327623585989807e-01 2.141781822213855158e-01 1.326981718443996927e-01 9.936625209430700878e-02
-7.429106756455608473e-02 -7.398507806633668193e-02 -4.877910217631650780e-02 -1.975041001750815761e-02 1.532233271720104956e-02 4.451876470743101194e-02 5.518572341712257856e-02 7.160953349285266445e-02 9.793934783979765801e-02 1.326981718443996927e-01 9.233162742276834756e-02 7.927893587797679720e-02
-9.426066871727101226e-02 -1.060658774611284855e-01 -7.499655458434831279e-02 -4.425216993348762839e-02 -8.834092722481503429e-03 2.763972157232998800e-02 4.237804143825076031e-02 5.492168193778159541e-02 7.230119012086089203e-02 9.936625209430700878e-02 7.927893587797679720e-02 8.461129643606560280e-02
2.998207234128431042e-01 1.924625099821984930e-01 1.091800801605747884e-01 8.872086063138581724e-02 5.515764755406207115e-02 4.045168830182123421e-02 1.421752142908434824e-02 -2.465674074664939326e-03 -3.114282472751014538e-02 -7.069838943911080364e-02 -1.260473959073276362e-01 -1.816388273629291616e-01
1.924625099821984930e-01 1.651250629369735989e-01 1.131209524251448884e-01 1.077398482371618726e-01 7.332215554977547511e-02 6.100520601110205610e-02 3.138783281127952018e-02 2.755957333437295681e-02 6.966231314986390082e-03 -3.226229523187409270e-02 -7.826714466297127193e-02 -1.154853204847558490e-01
1.091800801605747884e-01 1.131209524251448884e-01 1.080345064980593461e-01 1.281435697886703362e-01 9.356829599836413713e-02 8.047591155716429800e-02 4.308400100105697073e-02 4.394004686944819743e-02 3.125046073465249930e-02 -3.077943561002699458e-04 -3.653335947087079510e-02 -6.586424427248352420e-02
8.872086063138581724e-02 1.077398482371618726e-01 1.281435697886703362e-01 1.814056967954084387e-01 1.403336477180722741e-01 1.242024193387665232e-01 6.699059508963126075e-02 7.031812619573662992e-02 5.957389977833523614e-02 2.821936417790889273e-02 -7.643395671659383370e-03 -4.620482850762106658e-02
5.515764755406207115e-02 7.332215554977547511e-02 9.356829599836413713e-02 1.403336477180722741e-01 1.190322143317820297e-01 1.129329210110036896e-01 6.445734519419794861e-02 7.289153944378508332e-02 6.611079478950285249e-02 4.214233141146003780e-02 1.852732427869292764e-02 -1.712338831901229902e-02
4.045168830182123421e-02 6.100520601110205610e-02 8.047591155716429800e-02 1.242024193387665232e-01 1.129329210110036896e-01 1.187011125708416215e-01 7.445316193590525988e-02 9.417940739147950824e-02 8.992391795617274419e-02 6.220195432317392886e-02 4.167519992410016749e-02 2.547562261572921486e-03
1.421752142908434824e-02 3.138783281127952018e-02 4.308400100105697073e-02 6.699059508963126075e-02 6.445734519419794861e-02 7.445316193590525988e-02 5.711672551792942171e-02 8.831779594583487325e-02 9.109497301640484546e-02 6.144443897023524337e-02 4.458380100175329819e-02 1.670724005905043982e-02
-2.465674074664939326e-03 2.755957333437295681e-02 4.394004686944819743e-02 7.031812619573662992e-02 7.289153944378508332e-02 9.417940739147950824e-02 8.831779594583487325e-02 1.645928050092097805e-01 1.815396871656514977e-01 1.187036916364996308e-01 8.605651349653437032e-02 4.541187274732103041e-02
-3.114282472751014538e-02 6.966231314986390082e-03 3.125046073465249930e-02 5.957389977833523614e-02 6.611079478950285249e-02 8.992391795617274419e-02 9.109497301640484546e-02 1.815396871656514977e-01 2.296841104783875487e-01 1.599708881308258002e-01 1.210809585173065472e-01 7.335048358813700542e-02
-7.069838943911080364e-02 -3.226229523187409270e-02 -3.077943561002699458e-04 2.821936417790889273e-02 4.214233141146003780e-02 6.220195432317392886e-02 6.144443897023524337e-02 1.187036916364996308e-01 1.599708881308258002e-01 1.602046977584843379e-01 1.588374077543773244e-01 1.095805585074749594e-01
-1.260473959073276362e-01 -7.826714466297127193e-02 -3.653335947087079510e-02 -7.643395671659383370e-03 1.852732427869292764e-02 4.167519992410016749e-02 4.458380100175329819e-02 8.605651349653437032e-02 1.210809585173065472e-01 1.588374077543773244e-01 2.155925201695882143e-01 1.688092066722538531e-01
-1.816388273629291616e-01 -1.154853204847558490e-01 -6.586424427248352420e-02 -4.620482850762106658e-02 -1.712338831901229902e-02 2.547562261572921486e-03 1.670724005905043982e-02 4.541187274732103041e-02 7.335048358813700542e-02 1.095805585074749594e-01 1.688092066722538531e-01 1.806898245204946740e-01
