4.813426649944822500e-01 2.488209352231905425e-01 -2.370080305017178285e-02 -6.530159460703510721e-02 6.273821074518643598e-03 4.693263332760389678e-02 6.086520259502813113e-03 -6.627738150470141587e-02 -6.975441472304305668e-04 2.554964135761906285e-01
2.488209352231905425e-01 5.588175099651405686e-01 2.618590520778507069e-01 -1.440164524642981256e-03 -7.167998771523040324e-02 -6.354393974169397774e-03 4.551301845781311611e-02 3.628382122101370556e-03 -6.358260770032236886e-02 -5.507661779470768813e-03
-2.370080305017178285e-02 2.618590520778507069e-01 4.816368046306971906e-01 2.493843856627586120e-01 1.561577536290828516e-02 -6.237858881713034820e-02 -1.963758147016286121e-02 4.475391986056857091e-02 1.482590105641998571e-02 -6.740917846276242575e-02
-6.530159460703510721e-02 -1.440164524642981256e-03 2.493843856627586120e-01 4.841331310330782012e-01 2.564420112734463464e-01 1.266475592084903221e-02 -6.583830603363310940e-02 -3.531929042537707356e-03 4.522078506349858085e-02 2.117834972432698897e-03
6.273821074518643598e-03 -7.167998771523040324e-02 1.561577536290828516e-02 2.564420112734463464e-01 4.944906713552179589e-01 2.462784061832072879e-01 1.913608333901651096e-02 -6.513049537906345776e-02 -6.786036053249639571e-03 4.719512807159952084e-02
4.693263332760389678e-02 -6.354393974169397774e-03 -6.237858881713034820e-02 1.266475592084903221e-02 2.462784061832072879e-01 4.609055160310496779e-01 2.610219391077153728e-01 -4.112019207844980553e-03 -6.852228287695753817e-02 4.043433814588909270e-03
6.086520259502813113e-03 4.551301845781311611e-02 -1.963758147016286121e-02 -6.583830603363310940e-02 1.913608333901651096e-02 2.610219391077153728e-01 5.176430955499492503e-01 2.475347684811926574e-01 -9.817385848104862034e-03 -6.295496220302355950e-02
-6.627738150470141587e-02 3.628382122101370556e-03 4.475391986056857091e-02 -3.531929042537707356e-03 -6.513049537906345776e-02 -4.112019207844980553e-03 2.475347684811926574e-01 5.136672155432255860e-01 2.551642247398141494e-01 -2.577928899383978914e-03
-6.975441472304305668e-04 -6.358260770032236886e-02 1.482590105641998571e-02 4.522078506349858085e-02 -6.786036053249639571e-03 -6.852228287695753817e-02 -9.817385848104862034e-03 2.551642247398141494e-01 4.933170117111132513e-01 2.481679064734178541e-01
2.554964135761906285e-01 -5.507661779470768813e-03 -6.740917846276242575e-02 2.117834972432698897e-03 4.719512807159952084e-02 4.043433814588909270e-03 -6.295496220302355950e-02 -2.577928899383978914e-03 2.481679064734178541e-01 5.140463791860461207e-01
4.428727392401811125e-01 2.403817966124852101e-01 1.488991579887313094e-02 -6.812545302572137196e-02 -9.256430960306184785e-03 5.095084738821806930e-02 -6.390724026748284547e-04 -7.303033184637057473e-02 1.063917601604133858e-03 2.667756479532813474e-01
2.403817966124852101e-01 4.673548064086062714e-01 2.723710242831622330e-01 -2.650130898659287110e-02 -7.167299981203602288e-02 1.290270260406642389e-02 4.559188259442972097e-02 -6.062213529247776136e-03 -6.364558023218840066e-02 3.347010355692782435e-02
1.488991579887313094e-02 2.723710242831622330e-01 5.577868769756328948e-01 2.424465346217409834e-01 -2.075035229225441827e-03 -6.193287654418121180e-02 9.300665414201160844e-03 4.697483021765162109e-02 -9.516315680403182597e-03 -6.893606447687011807e-02
-6.812545302572137196e-02 -2.650130898659287110e-02 2.424465346217409834e-01 4.980966541415630666e-01 2.599157761518030574e-01 2.520994662785786249e-03 -7.100186238971264996e-02 -9.911990039748373726e-03 4.841179258578413858e-02 -3.384510749023665003e-03
-9.256430960306184785e-03 -7.167299981203602288e-02 -2.075035229225441827e-03 2.599157761518030574e-01 4.741435167907123160e-01 2.469439710610174532e-01 -1.482572359418147905e-02 -6.532308096705821687e-02 9.585357054234758256e-03 4.436700478630941497e-02
5.095084738821806930e-02 1.290270260406642389e-02 -6.193287654418121180e-02 2.520994662785786249e-03 2.469439710610174532e-01 5.574366683215403739e-01 2.647618564587728707e-01 1.219033903370106420e-02 -6.996872399182467450e-02 6.124214139895235373e-03
-6.390724026748284547e-04 4.559188259442972097e-02 9.300665414201160844e-03 -7.100186238971264996e-02 -1.482572359418147905e-02 2.647618564587728707e-01 4.486672926374590809e-01 2.463660857479740285e-01 1.042161875447118443e-03 -6.272430858846581025e-02
-7.303033184637057473e-02 -6.062213529247776136e-03 4.697483021765162109e-02 -9.911990039748373726e-03 -6.532308096705821687e-02 1.219033903370106420e-02 2.463660857479740285e-01 5.123897619541377679e-01 2.584887455127038436e-01 -2.390924453902829733e-02
1.063917601604133858e-03 -6.364558023218840066e-02 -9.516315680403182597e-03 4.841179258578413858e-02 9.585357054234758256e-03 -6.996872399182467450e-02 1.042161875447118443e-03 2.584887455127038436e-01 5.253516720213037283e-01 2.465956648870216705e-01
2.667756479532813474e-01 3.347010355692782435e-02 -6.893606447687011807e-02 -3.384510749023665003e-03 4.436700478630941497e-02 6.124214139895235373e-03 -6.272430858846581025e-02 -2.390924453902829733e-02 2.465956648870216705e-01 5.159000115088672178e-01
5.321719233249233572e-01 2.578973054876526061e-01 1.119130410026249363e-02 -6.420620357677933598e-02 -2.034880245185954634e-03 4.292143146318071201e-02 1.008596883940462551e-03 -6.212440777491411853e-02 -1.310388179559569474e-03 2.480751099697239836e-01
2.578973054876526061e-01 4.677393897290739733e-01 2.462915517477098915e-01 1.360868739303389488e-02 -6.375898658132189700e-02 -5.448349621281847049e-03 4.510927994968803867e-02 2.707885339061323875e-03 -6.647332428504232338e-02 -4.946493709329577437e-03
1.119130410026249363e-02 2.462915517477098915e-01 4.886569775675893013e-01 2.560251605073881054e-01 -7.467732385171932906e-03 -6.486490708926058446e-02 4.497413654894769075e-03 4.347012582639885742e-02 -5.887738209423118603e-03 -6.271728241338313248e-02
-6.420620357677933598e-02 1.360868739303389488e-02 2.560251605073881054e-01 5.071371528578768606e-01 2.478336711641257462e-01 -4.440674983984911270e-03 -6.236015787126710647e-02 5.630367713169618683e-03 4.294697881680152596e-02 -4.777346426243831053e-03
-2.034880245185954634e-03 -6.375898658132189700e-02 -7.467732385171932906e-03 2.478336711641257462e-01 5.162131793477466868e-01 2.535637017399492432e-01 -2.563413915337045372e-04 -6.478086269673820341e-02 8.943533916255302571e-04 4.409956680434021226e-02
4.292143146318071201e-02 -5.448349621281847049e-03 -6.486490708926058446e-02 -4.440674983984911270e-03 2.535637017399492432e-01 4.810283454938244496e-01 2.493367498250312064e-01 -5.983666243717168307e-03 -6.229398186333269527e-02 3.483928265197185244e-03
1.008596883940462551e-03 4.510927994968803867e-02 4.497413654894769075e-03 -6.236015787126710647e-02 -2.563413915337045372e-04 2.493367498250312064e-01 5.287376593542756353e-01 2.542448760556411669e-01 -1.576531573099302329e-03 -6.539875188829134822e-02
-6.212440777491411853e-02 2.707885339061323875e-03 4.347012582639885742e-02 5.630367713169618683e-03 -6.478086269673820341e-02 -5.983666243717168307e-03 2.542448760556411669e-01 4.804297856931454280e-01 2.485207950220732764e-01 7.794906049072847232e-04
-1.310388179559569474e-03 -6.647332428504232338e-02 -5.887738209423118603e-03 4.294697881680152596e-02 8.943533916255302571e-04 -6.229398186333269527e-02 -1.576531573099302329e-03 2.485207950220732764e-01 5.190992383777638386e-01 2.545643917109201571e-01
2.480751099697239836e-01 -4.946493709329577437e-03 -6.271728241338313248e-02 -4.777346426243831053e-03 4.409956680434021226e-02 3.483928265197185244e-03 -6.539875188829134822e-02 7.794906049072847232e-04 2.545643917109201571e-01 4.787863482537807469e-01
4.579406592986140501e-01 2.433589135693325356e-01 5.913492170066368334e-03 -6.136685166371677602e-02 -4.928946769233931782e-03 4.395445760570676486e-02 1.080472107792789481e-02 -6.625078006980042455e-02 -2.398726472239291058e-02 2.691069278662252540e-01
2.433589135693325356e-01 5.088479535333361170e-01 2.581793511351154757e-01 -4.796669085637436311e-03 -6.812532393939677022e-02 -2.629390699409984468e-03 4.576031190558280809e-02 6.171144018965559093e-03 -6.376111881727358766e-02 7.752642593083341679e-03
5.913492170066368334e-03 2.581793511351154757e-01 4.995268386174886999e-01 2.458045965512565267e-01 3.719099973386140370e-03 -6.126927625892883422e-02 -8.098144671713566542e-03 4.283087399535201456e-02 1.182192643709692806e-02 -7.096701016688872210e-02
-6.136685166371677602e-02 -4.796669085637436311e-03 2.458045965512565267e-01 5.022454656136003948e-01 2.572086464034760156e-01 8.939285081777759850e-03 -6.606310506902711432e-02 -8.935909256320678784e-03 4.563090502035781898e-02 -2.037718474296779797e-03
-4.928946769233931782e-03 -6.812532393939677022e-02 3.719099973386140370e-03 2.572086464034760156e-01 4.849177376552120666e-01 2.451541361149852105e-01 1.022381292410196388e-02 -6.109100702233304786e-02 -9.665244627415510090e-03 4.864456130372751819e-02
4.395445760570676486e-02 -2.629390699409984468e-03 -6.126927625892883422e-02 8.939285081777759850e-03 2.451541361149852105e-01 4.893127374754390746e-01 2.578393377402538045e-01 8.597776131682522208e-03 -7.074688678554347243e-02 7.215055411877281145e-03
1.080472107792789481e-02 4.576031190558280809e-02 -8.098144671713566542e-03 -6.606310506902711432e-02 1.022381292410196388e-02 2.578393377402538045e-01 4.941601090699950793e-01 2.449451248003012283e-01 5.504068951011093641e-03 -6.473976478065109064e-02
-6.625078006980042455e-02 6.171144018965559093e-03 4.283087399535201456e-02 -8.935909256320678784e-03 -6.109100702233304786e-02 8.597776131682522208e-03 2.449451248003012283e-01 4.838639718054724703e-01 2.650325567137489235e-01 -2.033277528941757409e-02
-2.398726472239291058e-02 -6.376111881727358766e-02 1.182192643709692806e-02 4.563090502035781898e-02 -9.665244627415510090e-03 -7.074688678554347243e-02 5.504068951011093641e-03 2.650325567137489235e-01 5.236324082208760888e-01 2.399590794055970200e-01
2.691069278662252540e-01 7.752642593083341679e-03 -7.096701016688872210e-02 -2.037718474296779797e-03 4.864456130372751819e-02 7.215055411877281145e-03 -6.473976478065109064e-02 -2.033277528941757409e-02 2.399590794055970200e-01 5.555521187099548008e-01
5.572482972516178412e-01 2.767928444464872739e-01 4.125701429500651385e-02 -7.087620099248408134e-02 -1.303564457417556721e-02 4.501435454830641364e-02 1.212180152133452392e-02 -6.068227503590867267e-02 -2.995809355481570541e-02 2.447946462876476326e-01
2.767928444464872739e-01 3.941393695792471119e-01 2.444577068663111030e-01 8.566165885899638954e-03 -6.484833628527808536e-02 -6.078503273245026289e-03 4.786594936836721659e-02 1.217028487335350406e-02 -7.435808370559110481e-02 -5.007362103760080833e-03
4.125701429500651385e-02 2.444577068663111030e-01 5.134649765113038500e-01 2.601686478425822568e-01 -1.841323299882321324e-02 -6.878246755809251656e-02 1.158554033188958360e-02 4.925119452875617587e-02 -9.933784746901389018e-03 -6.925975675069365178e-02
-7.087620099248408134e-02 8.566165885899638954e-03 2.601686478425822568e-01 5.263036398613794020e-01 2.477353364460896656e-01 2.683193560702807050e-03 -6.334647961341224875e-02 -7.585220602600739430e-03 4.587482811320094112e-02 1.341909569474773831e-03
-1.303564457417556721e-02 -6.484833628527808536e-02 -1.841323299882321324e-02 2.477353364460896656e-01 4.875410454647959302e-01 2.555010680094392250e-01 -7.822700182818689146e-04 -6.675483280612515280e-02 -1.566430025529161850e-03 4.802324212744722709e-02
4.501435454830641364e-02 -6.078503273245026289e-03 -6.878246755809251656e-02 2.683193560702807050e-03 2.555010680094392250e-01 5.066640951470908760e-01 2.480368561411299133e-01 8.704128654920425395e-03 -6.333995768591221820e-02 1.156646315386851073e-03
1.212180152133452392e-02 4.786594936836721659e-02 1.158554033188958360e-02 -6.334647961341224875e-02 -7.822700182818689146e-04 2.480368561411299133e-01 4.907953120890885534e-01 2.547803810372866185e-01 5.579412340702914405e-03 -6.919203750666397257e-02
-6.068227503590867267e-02 1.217028487335350406e-02 4.925119452875617587e-02 -7.585220602600739430e-03 -6.675483280612515280e-02 8.704128654920425395e-03 2.547803810372866185e-01 4.818886095483491117e-01 2.503818187824256025e-01 -1.176585717021799704e-02
-2.995809355481570541e-02 -7.435808370559110481e-02 -9.933784746901389018e-03 4.587482811320094112e-02 -1.566430025529161850e-03 -6.333995768591221820e-02 5.579412340702914405e-03 2.503818187824256025e-01 5.275186937380679231e-01 2.580231249149274042e-01
2.447946462876476326e-01 -5.007362103760080833e-03 -6.925975675069365178e-02 1.341909569474773831e-03 4.802324212744722709e-02 1.156646315386851073e-03 -6.919203750666397257e-02 -1.176585717021799704e-02 2.580231249149274042e-01 5.144359608090645075e-01
4.600291969448330742e-01 2.514869815325624369e-01 -5.790816565916644121e-03 -6.294788317648258857e-02 7.147682889071470778e-03 4.356861070334279440e-02 -2.298884993555078225e-03 -6.437975359119607610e-02 -8.268240218264123406e-03 2.555222362282765225e-01
2.514869815325624369e-01 5.320509059504631155e-01 2.530965667963915866e-01 -3.360094487137507517e-03 -6.474232414002611957e-02 -1.677978378584422817e-03 4.358042681858914635e-02 -1.430152544274779832e-03 -6.358072544121506908e-02 1.120577044948286791e-02
-5.790816565916644121e-03 2.530965667963915866e-01 4.850779878581591431e-01 2.490223850043342402e-01 -4.879930041053893996e-03 -6.258974871644455706e-02 -1.630325986852539750e-03 4.350058001017546860e-02 8.770386492874026121e-03 -6.607360195941944236e-02
-6.294788317648258857e-02 -3.360094487137507517e-03 2.490223850043342402e-01 5.189223471164614576e-01 2.540021959013862851e-01 5.281811361488863987e-03 -6.410001727202684074e-02 1.696180023834424708e-04 4.372393505801661084e-02 -5.464812610620894441e-03
7.147682889071470778e-03 -6.474232414002611957e-02 -4.879930041053893996e-03 2.540021959013862851e-01 4.905152394985577979e-01 2.478724201853465814e-01 7.484909735013971221e-03 -6.269994904846579176e-02 -1.176440699408758984e-02 4.513235346690221139e-02
4.356861070334279440e-02 -1.677978378584422817e-03 -6.258974871644455706e-02 5.281811361488863987e-03 2.478724201853465814e-01 4.795662266654823203e-01 2.545968721059730377e-01 -3.766696214053033044e-03 -6.660267527635486962e-02 8.107640927738293465e-03
-2.298884993555078225e-03 4.358042681858914635e-02 -1.630325986852539750e-03 -6.410001727202684074e-02 7.484909735013971221e-03 2.545968721059730377e-01 5.272949014744430229e-01 2.493585997993210956e-01 1.149632100519075439e-02 -6.350604156225975183e-02
-6.437975359119607610e-02 -1.430152544274779832e-03 4.350058001017546860e-02 1.696180023834424708e-04 -6.269994904846579176e-02 -3.766696214053033044e-03 2.493585997993210956e-01 4.626242048408478746e-01 2.568365070244870152e-01 -8.861661771285113745e-03
-8.268240218264123406e-03 -6.358072544121506908e-02 8.770386492874026121e-03 4.372393505801661084e-02 -1.176440699408758984e-02 -6.660267527635486962e-02 1.149632100519075439e-02 2.568365070244870152e-01 5.213367353668805215e-01 2.468922334481493674e-01
2.555222362282765225e-01 1.120577044948286791e-02 -6.607360195941944236e-02 -5.464812610620894441e-03 4.513235346690221139e-02 8.107640927738293465e-03 -6.350604156225975183e-02 -8.861661771285113745e-03 2.468922334481493674e-01 5.225822542838742812e-01
5.097129424195803171e-01 2.505663585246745706e-01 7.239324538513662588e-03 -7.328335719737365250e-02 1.902273853093645190e-02 4.613296161795314015e-02 -1.230158598853248186e-02 -6.685467859603216878e-02 1.597563304936624323e-02 2.611169056261094523e-01
2.505663585246745706e-01 4.891969003852406073e-01 2.610346538266616889e-01 -1.624666519894748043e-02 -6.606170197207431038e-02 1.691365398010787752e-02 4.858068856796871754e-02 -1.664251846482037514e-02 -7.258603979856884103e-02 -6.674942552121842718e-03
7.239324538513662588e-03 2.610346538266616889e-01 5.022602023070670274e-01 2.525809764088415843e-01 -3.808375800183301518e-02 -6.429006314730459359e-02 1.702344690168856173e-02 4.718387761351240661e-02 -1.499493952437666935e-02 -7.523396037544587134e-02
-7.328335719737365250e-02 -1.624666519894748043e-02 2.525809764088415843e-01 5.757958681261946543e-01 2.564652052280972372e-01 -1.875522848366189058e-02 -7.830147049514604718e-02 1.129924507670242856e-02 6.576569174519050764e-02 1.499757727299088142e-02
1.902273853093645190e-02 -6.606170197207431038e-02 -3.808375800183301518e-02 2.564652052280972372e-01 5.030123693365196047e-01 2.590388071604580178e-01 1.367066530736024514e-02 -7.193902070333500764e-02 -1.419336148356566130e-02 4.665772916957391936e-02
4.613296161795314015e-02 1.691365398010787752e-02 -6.429006314730459359e-02 -1.875522848366189058e-02 2.590388071604580178e-01 4.891952491950948279e-01 2.551346769829739847e-01 2.420970522538878856e-04 -7.363981520831046346e-02 -2.119592376917346643e-02
-1.230158598853248186e-02 4.858068856796871754e-02 1.702344690168856173e-02 -7.830147049514604718e-02 1.367066530736024514e-02 2.551346769829739847e-01 4.871708258871437214e-01 2.538577938820654745e-01 1.110497479439009200e-02 -6.552204462101074434e-02
-6.685467859603216878e-02 -1.664251846482037514e-02 4.718387761351240661e-02 1.129924507670242856e-02 -7.193902070333500764e-02 2.420970522538878856e-04 2.538577938820654745e-01 5.191197844467895228e-01 2.597001446093075705e-01 3.290142742325972286e-02
1.597563304936624323e-02 -7.258603979856884103e-02 -1.499493952437666935e-02 6.576569174519050764e-02 -1.419336148356566130e-02 -7.363981520831046346e-02 1.110497479439009200e-02 2.597001446093075705e-01 4.259329748996595333e-01 2.510320031625115078e-01
2.611169056261094523e-01 -6.674942552121842718e-03 -7.523396037544587134e-02 1.499757727299088142e-02 4.665772916957391936e-02 -2.119592376917346643e-02 -6.552204462101074434e-02 3.290142742325972286e-02 2.510320031625115078e-01 4.986028829967094067e-01
5.268843769041193781e-01 2.528040787891856489e-01 -6.696376323724529366e-03 -6.499949488319736735e-02 1.842654364925718543e-03 4.471137640234430083e-02 -3.842180165348229627e-03 -6.474958148096703059e-02 -6.107984052832297894e-03 2.490970258932488635e-01
2.528040787891856489e-01 5.016697625262629412e-01 2.496271009045291367e-01 2.953289959223022627e-03 -6.247925787620091376e-02 -5.771792268425003994e-03 4.316416240455932946e-02 2.624412293150552022e-04 -6.479258301201878956e-02 -1.591178441046986816e-02
-6.696376323724529366e-03 2.496271009045291367e-01 4.984201966299636188e-01 2.525164762124965101e-01 3.840250655710157092e-03 -6.380466362256079216e-02 -4.989494643287304635e-04 4.396339418382461117e-02 7.186580589162831073e-03 -6.147840037181220851e-02
-6.499949488319736735e-02 2.953289959223022627e-03 2.525164762124965101e-01 4.938310123773183569e-01 2.485790397230435711e-01 7.501602213837832434e-03 -6.215769143667677910e-02 1.746347281036052159e-03 4.342808709687936974e-02 6.982199605350934875e-03
1.842654364925718543e-03 -6.247925787620091376e-02 3.840250655710157092e-03 2.485790397230435711e-01 4.934009619110260036e-01 2.530228714121074418e-01 -3.147509824747557732e-03 -6.495158144634710640e-02 -5.410498285338835589e-03 4.259357492838131143e-02
4.471137640234430083e-02 -5.771792268425003994e-03 -6.380466362256079216e-02 7.501602213837832434e-03 2.530228714121074418e-01 4.943114541910105797e-01 2.478921442056253865e-01 -1.088950787740184181e-02 -6.341196400250695420e-02 -2.579762047346938203e-03
-3.842180165348229627e-03 4.316416240455932946e-02 -4.989494643287304635e-04 -6.215769143667677910e-02 -3.147509824747557732e-03 2.478921442056253865e-01 5.333754442084952530e-01 2.578443912562642382e-01 1.228542153073810747e-02 -6.393147119727536631e-02
-6.474958148096703059e-02 2.624412293150552022e-04 4.396339418382461117e-02 1.746347281036052159e-03 -6.495158144634710640e-02 -1.088950787740184181e-02 2.578443912562642382e-01 4.697254581401597573e-01 2.461934070906466321e-01 1.592697440781787321e-02
-6.107984052832297894e-03 -6.479258301201878956e-02 7.186580589162831073e-03 4.342808709687936974e-02 -5.410498285338835589e-03 -6.341196400250695420e-02 1.228542153073810747e-02 2.461934070906466321e-01 4.824190273534042506e-01 2.567794727203349114e-01
2.490970258932488635e-01 -1.591178441046986816e-02 -6.147840037181220851e-02 6.982199605350934875e-03 4.259357492838131143e-02 -2.579762047346938203e-03 -6.393147119727536631e-02 1.592697440781787321e-02 2.567794727203349114e-01 5.059623057582487426e-01
5.104575834456412942e-01 2.598882717062860337e-01 1.672911269476250185e-02 -7.002789711444082354e-02 -6.641545070071981638e-03 4.986578306783238934e-02 1.854287138803096396e-02 -6.411150576285916391e-02 5.180625255735022902e-03 2.454288367590471698e-01
2.598882717062860337e-01 4.770764835066381160e-01 2.466774923478092796e-01 -4.330596270162787899e-03 -6.325293411346302741e-02 2.145989028662034608e-03 4.741745744885219466e-02 6.488833322615533521e-03 -7.064848404066921550e-02 -1.068660061328794743e-02
1.672911269476250185e-02 2.466774923478092796e-01 4.950596006155280060e-01 2.580527709788796309e-01 -7.157666473937325177e-03 -7.073533934263380452e-02 -7.933935416202023833e-03 4.927997773680632687e-02 -1.400732802232027355e-02 -6.540655533735076355e-02
-7.002789711444082354e-02 -4.330596270162787899e-03 2.580527709788796309e-01 5.340901690511564714e-01 2.485552700110246482e-01 1.754678457828928815e-03 -6.385906202906076190e-02 -1.044525714166280247e-02 5.121063260592928490e-02 1.063483514040660174e-02
-6.641545070071981638e-03 -6.325293411346302741e-02 -7.157666473937325177e-03 2.485552700110246482e-01 4.660999358739702503e-01 2.627160910476998290e-01 2.512215484992840614e-02 -7.508792093023780589e-02 1.132304256910797446e-02 4.868123663072964485e-02
4.986578306783238934e-02 2.145989028662034608e-03 -7.073533934263380452e-02 1.754678457828928815e-03 2.627160910476998290e-01 5.180158953998077465e-01 2.433174069207250656e-01 9.853580954249922808e-03 -7.200993189045404308e-02 -1.037040130480785909e-02
1.854287138803096396e-02 4.741745744885219466e-02 -7.933935416202023833e-03 -6.385906202906076190e-02 2.512215484992840614e-02 2.433174069207250656e-01 4.039097295043034275e-01 2.813100366378725736e-01 -3.413636552786293576e-02 -7.817864807415857153e-02
-6.411150576285916391e-02 6.488833322615533521e-03 4.927997773680632687e-02 -1.044525714166280247e-02 -7.508792093023780589e-02 9.853580954249922808e-03 2.813100366378725736e-01 6.316558218912722289e-01 2.483390478668699441e-01 -4.958080875192847140e-03
5.180625255735022902e-03 -7.064848404066921550e-02 -1.400732802232027355e-02 5.121063260592928490e-02 1.132304256910797446e-02 -7.200993189045404308e-02 -3.413636552786293576e-02 2.483390478668699441e-01 4.423455173232490045e-01 2.629515196577350000e-01
2.454288367590471698e-01 -1.068660061328794743e-02 -6.540655533735076355e-02 1.063483514040660174e-02 4.868123663072964485e-02 -1.037040130480785909e-02 -7.817864807415857153e-02 -4.958080875192847140e-03 2.629515196577350000e-01 5.212892633884333993e-01
5.499064494183922847e-01 2.560339253672788695e-01 1.869328108170751398e-03 -6.918154306136005405e-02 1.001850503850225046e-02 4.676464795224334614e-02 -2.037060097175579041e-03 -6.612689173571698054e-02 1.993965893614391832e-02 2.549643136747725136e-01
2.560339253672788695e-01 5.059227816252767074e-01 2.482123505976674138e-01 2.761064228277493662e-02 -6.995278609832397687e-02 -1.579899992125825825e-02 4.668344468103295675e-02 1.518979018069636401e-02 -7.266024241616184098e-02 -1.879819553117363651e-02
1.869328108170751398e-03 2.482123505976674138e-01 4.226517371970279768e-01 2.686346536421008180e-01 -1.674442359395007796e-02 -6.977190125229236484e-02 2.327020789792190805e-03 4.846972520590009381e-02 -1.270164993743586913e-02 -6.480757530896960605e-02
-6.918154306136005405e-02 2.761064228277493662e-02 2.686346536421008180e-01 5.674119682575429202e-01 2.476676714200774232e-01 -3.667376754354374074e-03 -6.350860826296593487e-02 1.528397422945932966e-03 4.553311312013912787e-02 -4.499111680591714145e-03
1.001850503850225046e-02 -6.995278609832397687e-02 -1.674442359395007796e-02 2.476676714200774232e-01 4.829777331975900756e-01 2.557930115956978390e-01 1.470785025253483654e-02 -6.810967644631615858e-02 2.493382264647609533e-03 4.655040991220071867e-02
4.676464795224334614e-02 -1.579899992125825825e-02 -6.977190125229236484e-02 -3.667376754354374074e-03 2.557930115956978390e-01 4.871389219677212945e-01 2.487893481113531147e-01 -9.998055051805342184e-04 -6.376821116315348204e-02 3.881023926937528408e-03
-2.037060097175579041e-03 4.668344468103295675e-02 2.327020789792190805e-03 -6.350860826296593487e-02 1.470785025253483654e-02 2.487893481113531147e-01 4.950097656379624511e-01 2.567711219987631743e-01 -1.892575172894969335e-02 -6.661360755860280813e-02
-6.612689173571698054e-02 1.518979018069636401e-02 4.846972520590009381e-02 1.528397422945932966e-03 -6.810967644631615858e-02 -9.998055051805342184e-04 2.567711219987631743e-01 5.260800958143903028e-01 2.474873664890397396e-01 -4.206437974193719120e-03
1.993965893614391832e-02 -7.266024241616184098e-02 -1.270164993743586913e-02 4.553311312013912787e-02 2.493382264647609533e-03 -6.376821116315348204e-02 -1.892575172894969335e-02 2.474873664890397396e-01 5.224095950627937190e-01 2.584798891612063998e-01
2.549643136747725136e-01 -1.879819553117363651e-02 -6.480757530896960605e-02 -4.499111680591714145e-03 4.655040991220071867e-02 3.881023926937528408e-03 -6.661360755860280813e-02 -4.206437974193719120e-03 2.584798891612063998e-01 4.404909518213075414e-01
4.993778999098094085e-01 2.519638806282732402e-01 3.540150788147221686e-03 -6.587465695536717791e-02 -7.172563848279281742e-03 4.517372427256638456e-02 1.837628177689751632e-02 -6.662610976194593970e-02 -1.501103151310603789e-02 2.533348185675533548e-01
2.519638806282732402e-01 4.989930860793501677e-01 2.537444541799694364e-01 9.341781777833717097e-04 -6.741672930365530392e-02 -1.061225324581097779e-02 4.314608704354683938e-02 5.148010711821757526e-03 -6.349146679043508879e-02 -9.812932667016931176e-03
3.540150788147221686e-03 2.537444541799694364e-01 4.971878794667199397e-01 2.504904854480810017e-01 8.291656576037757104e-03 -6.262013118836182168e-02 -1.633382807277772297e-02 4.730739468435886386e-02 7.463425979220891099e-03 -6.823223597385513761e-02
-6.587465695536717791e-02 9.341781777833717097e-04 2.504904854480810017e-01 4.958094732221011158e-01 2.551651998666448762e-01 1.894422611471477391e-02 -6.514991727124502807e-02 -4.900465642914283992e-03 4.527200430415304067e-02 4.972570261889026899e-03
-7.172563848279281742e-03 -6.741672930365530392e-02 8.291656576037757104e-03 2.551651998666448762e-01 4.767319720623927615e-01 2.469781958223894736e-01 2.054704693694751894e-02 -7.029231018629643335e-02 -2.563096961169889724e-03 5.073249356767585427e-02
4.517372427256638456e-02 -1.061225324581097779e-02 -6.262013118836182168e-02 1.894422611471477391e-02 2.469781958223894736e-01 4.672331084340101692e-01 2.630484167317323485e-01 -1.032538629626316568e-02 -6.821231738219341034e-02 5.521458067933715866e-03
1.837628177689751632e-02 4.314608704354683938e-02 -1.633382807277772297e-02 -6.514991727124502807e-02 2.054704693694751894e-02 2.630484167317323485e-01 5.157209163286434750e-01 2.493211938004198103e-01 -1.595130411483110938e-02 -6.555783270736967316e-02
-6.662610976194593970e-02 5.148010711821757526e-03 4.730739468435886386e-02 -4.900465642914283992e-03 -7.029231018629643335e-02 -1.032538629626316568e-02 2.493211938004198103e-01 5.359332937522680584e-01 2.554967663222709184e-01 -1.071658105554991469e-03
-1.501103151310603789e-02 -6.349146679043508879e-02 7.463425979220891099e-03 4.527200430415304067e-02 -2.563096961169889724e-03 -6.821231738219341034e-02 -1.595130411483110938e-02 2.554967663222709184e-01 4.724736860349583178e-01 2.525057026565655227e-01
2.533348185675533548e-01 -9.812932667016931176e-03 -6.823223597385513761e-02 4.972570261889026899e-03 5.073249356767585427e-02 5.521458067933715866e-03 -6.555783270736967316e-02 -1.071658105554991469e-03 2.525057026565655227e-01 5.405386847097579661e-01
5.298561328650419622e-01 2.453600258549057112e-01 -9.371411496438823707e-03 -6.042520592495437964e-02 8.272122225164463272e-03 4.395466463920447847e-02 -2.149755835247734413e-03 -6.607952599994387777e-02 1.278190215538317978e-02 2.626915442027558667e-01
2.453600258549057112e-01 4.976785946261970128e-01 2.564828568796592156e-01 -1.403911426596799600e-02 -6.614284951094691334e-02 3.650106833354068228e-03 4.532265950103624153e-02 -2.757734283502552564e-03 -6.459135817924493983e-02 -1.072968131111237330e-02
-9.371411496438823707e-03 2.564828568796592156e-01 5.221335910106281730e-01 2.464650403188526351e-01 -7.162734710489616387e-03 -6.389381806608342151e-02 -2.096233735399765253e-03 4.443132683131377492e-02 -2.758921261231400777e-03 -6.809433482493985890e-02
-6.042520592495437964e-02 -1.403911426596799600e-02 2.464650403188526351e-01 5.122311318062767738e-01 2.583351649586084764e-01 7.800484411444863313e-03 -6.616153692657425478e-02 -5.286055222529601090e-03 4.584970087926107385e-02 1.458018080016177873e-02
8.272122225164463272e-03 -6.614284951094691334e-02 -7.162734710489616387e-03 2.583351649586084764e-01 4.831591201937762148e-01 2.465538334137023779e-01 1.157007809770048065e-02 -6.143333929096350676e-02 -1.427778456266349779e-03 4.316202242636678343e-02
4.395466463920447847e-02 3.650106833354068228e-03 -6.389381806608342151e-02 7.800484411444863313e-03 2.465538334137023779e-01 4.912690586584175789e-01 2.551867108769989567e-01 6.472237649824058104e-04 -6.686472735117697519e-02 -1.025360443721056586e-02
-2.149755835247734413e-03 4.532265950103624153e-02 -2.096233735399765253e-03 -6.616153692657425478e-02 1.157007809770048065e-02 2.551867108769989567e-01 4.895785503675853523e-01 2.467711786917105299e-01 -8.491234993368160580e-03 -6.283445366780593400e-02
-6.607952599994387777e-02 -2.757734283502552564e-03 4.443132683131377492e-02 -5.286055222529601090e-03 -6.143333929096350676e-02 6.472237649824058104e-04 2.467711786917105299e-01 5.305340245717018455e-01 2.595163120209378338e-01 1.633253048905932911e-02
1.278190215538317978e-02 -6.459135817924493983e-02 -2.758921261231400777e-03 4.584970087926107385e-02 -1.427778456266349779e-03 -6.686472735117697519e-02 -8.491234993368160580e-03 2.595163120209378338e-01 4.674601861128968028e-01 2.438839896953490516e-01
2.626915442027558667e-01 -1.072968131111237330e-02 -6.809433482493985890e-02 1.458018080016177873e-02 4.316202242636678343e-02 -1.025360443721056586e-02 -6.283445366780593400e-02 1.633253048905932911e-02 2.438839896953490516e-01 4.760996097874854449e-01
5.550413090727545073e-01 2.529753829123314590e-01 -4.165885675519455725e-03 -6.793531950292874821e-02 2.531485982707395478e-03 4.948478526644320419e-02 6.681458490715179357e-04 -6.872587831900253685e-02 -4.203884677673232380e-03 2.558728760687242754e-01
2.529753829123314590e-01 5.008326696539644463e-01 2.560895751282942778e-01 1.121117010878450691e-02 -6.828828777197482047e-02 -8.288863593372875621e-03 4.906930576781192571e-02 2.513960098762020590e-02 -6.582479628059625942e-02 -2.783378290897275953e-02
-4.165885675519455725e-03 2.560895751282942778e-01 4.698922063635241897e-01 2.513161879484859806e-01 4.718876042392886397e-04 -6.582434495188002610e-02 -3.069859532537438061e-03 4.563704288177054813e-02 2.856363508156212639e-03 -6.691204417905328994e-02
-6.793531950292874821e-02 1.121117010878450691e-02 2.513161879484859806e-01 5.229317455130146897e-01 2.547017664245366797e-01 1.182553073654152255e-03 -6.801363531639401105e-02 -1.875280410401594308e-02 4.677722781950049286e-02 1.056445910023244561e-02
2.531485982707395478e-03 -6.828828777197482047e-02 4.718876042392886397e-04 2.547017664245366797e-01 4.746153306806912830e-01 2.524773020045649186e-01 8.434937685327190821e-03 -6.601311860980542401e-02 -3.143325039173609867e-03 4.706721504323948396e-02
4.948478526644320419e-02 -8.288863593372875621e-03 -6.582434495188002610e-02 1.182553073654152255e-03 2.524773020045649186e-01 5.236694256308642714e-01 2.542132125357507988e-01 2.797547277067102128e-02 -6.853689567568713170e-02 -9.219276837010889625e-03
6.681458490715179357e-04 4.906930576781192571e-02 -3.069859532537438061e-03 -6.801363531639401105e-02 8.434937685327190821e-03 2.542132125357507988e-01 4.316413081697568765e-01 2.586319128639161247e-01 1.159041326433225263e-03 -7.021333003222399172e-02
-6.872587831900253685e-02 2.513960098762020590e-02 4.563704288177054813e-02 -1.875280410401594308e-02 -6.601311860980542401e-02 2.797547277067102128e-02 2.586319128639161247e-01 5.174029888910567365e-01 2.542093638872053307e-01 -1.343722544241205720e-02
-4.203884677673232380e-03 -6.582479628059625942e-02 2.856363508156212639e-03 4.677722781950049286e-02 -3.143325039173609867e-03 -6.853689567568713170e-02 1.159041326433225263e-03 2.542093638872053307e-01 5.224486308550458924e-01 2.524028884543567108e-01
2.558728760687242754e-01 -2.783378290897275953e-02 -6.691204417905328994e-02 1.056445910023244561e-02 4.706721504323948396e-02 -9.219276837010889625e-03 -7.021333003222399172e-02 -1.343722544241205720e-02 2.524028884543567108e-01 4.815243851693172261e-01
4.975959730537942161e-01 2.540830511500900002e-01 7.269259770528691336e-03 -6.567389670190187934e-02 -2.254354507278674875e-03 4.600816981909847114e-02 1.105970853752482122e-02 -6.680003500548688244e-02 -1.039243419529774400e-02 2.481706683655275358e-01
2.540830511500900002e-01 4.952270136899347142e-01 2.504556813045303310e-01 -9.063393478435849415e-03 -6.518983987886642351e-02 -1.552051994487067170e-03 4.491253887406230355e-02 -1.322083790167190298e-03 -6.599691886261978280e-02 -1.201290961818341635e-02
7.269259770528691336e-03 2.504556813045303310e-01 5.021580965549139464e-01 2.511758183723412086e-01 -4.542269842136369140e-03 -6.593963858901888409e-02 -5.719469941663385751e-03 4.611089077283804516e-02 2.160170361077800791e-03 -6.472900618336119294e-02
-6.567389670190187934e-02 -9.063393478435849415e-03 2.511758183723412086e-01 5.263724390516159035e-01 2.556546057082776380e-01 1.272234121210438773e-02 -6.370729338260591734e-02 -5.373290491165649135e-03 4.455247875303428029e-02 1.232043634926986708e-02
-2.254354507278674875e-03 -6.518983987886642351e-02 -4.542269842136369140e-03 2.556546057082776380e-01 4.607493597367963156e-01 2.514746941260500579e-01 1.487489574270134916e-02 -6.741590662740422346e-02 -3.748158503857515304e-03 4.723680809321030571e-02
4.600816981909847114e-02 -1.552051994487067170e-03 -6.593963858901888409e-02 1.272234121210438773e-02 2.514746941260500579e-01 5.031909136116364811e-01 2.514657998410461115e-01 -4.905312409115262715e-03 -6.480616805862625396e-02 -5.859928169679982229e-03
1.105970853752482122e-02 4.491253887406230355e-02 -5.719469941663385751e-03 -6.370729338260591734e-02 1.487489574270134916e-02 2.514657998410461115e-01 4.797392788892546056e-01 2.555644933799120500e-01 -5.790783795835009740e-03 -7.041332030933895869e-02
-6.680003500548688244e-02 -1.322083790167190298e-03 4.611089077283804516e-02 -5.373290491165649135e-03 -6.741590662740422346e-02 -4.905312409115262715e-03 2.555644933799120500e-01 5.494639699903323127e-01 2.532978610922937968e-01 1.286563397466932400e-02
-1.039243419529774400e-02 -6.599691886261978280e-02 2.160170361077800791e-03 4.455247875303428029e-02 -3.748158503857515304e-03 -6.480616805862625396e-02 -5.790783795835009740e-03 2.532978610922937968e-01 4.340670093135878260e-01 2.620970251379312055e-01
2.481706683655275358e-01 -1.201290961818341635e-02 -6.472900618336119294e-02 1.232043634926986708e-02 4.723680809321030571e-02 -5.859928169679982229e-03 -7.041332030933895869e-02 1.286563397466932400e-02 2.620970251379312055e-01 5.514359461081298486e-01
5.005574301805414406e-01 2.549968739121466488e-01 -5.071449327010956083e-03 -6.699959104810265798e-02 -7.725333275024906521e-03 4.440480122560539616e-02 2.089579758186496921e-05 -6.358351737676651294e-02 -1.084933949219610977e-02 2.471203434932242871e-01
2.549968739121466488e-01 4.863320551938236092e-01 2.473054521672612416e-01 -1.299951927975356511e-02 -6.592871707181963137e-02 8.734433385875981989e-03 4.399165336699790291e-02 -5.477365581251005325e-03 -6.587976538022380368e-02 4.922455038840877622e-04
-5.071449327010956083e-03 2.473054521672612416e-01 5.540964277581890141e-01 2.632123013468335992e-01 1.684304647308193861e-02 -6.745283280005492932e-02 -2.477828042449213477e-03 4.567648951728235651e-02 8.531962186616783364e-03 -6.200414579960183969e-02
-6.699959104810265798e-02 -1.299951927975356511e-02 2.632123013468335992e-01 4.395250066115742871e-01 2.494020026859021244e-01 1.024471371347862505e-04 -6.259635658542428427e-02 -2.197219743647638515e-03 4.331375259635585062e-02 7.379098152394281823e-03
-7.725333275024906521e-03 -6.592871707181963137e-02 1.684304647308193861e-02 2.494020026859021244e-01 5.213226523260021672e-01 2.533993870213496757e-01 -1.313128767611525596e-02 -6.624109947424929035e-02 4.363171417445242976e-04 4.506975866338296111e-02
4.440480122560539616e-02 8.734433385875981989e-03 -6.745283280005492932e-02 1.024471371347862505e-04 2.533993870213496757e-01 5.114993828424689859e-01 2.497121541011179113e-01 4.590260716604004955e-03 -6.215884308388570922e-02 -7.715207329905867349e-03
2.089579758186496921e-05 4.399165336699790291e-02 -2.477828042449213477e-03 -6.259635658542428427e-02 -1.313128767611525596e-02 2.497121541011179113e-01 4.971767159395169555e-01 2.538608007525178789e-01 1.264823542144983409e-02 -6.463514156281316425e-02
-6.358351737676651294e-02 -5.477365581251005325e-03 4.567648951728235651e-02 -2.197219743647638515e-03 -6.624109947424929035e-02 4.590260716604004955e-03 2.538608007525178789e-01 4.823644931846979844e-01 2.474504666832267885e-01 7.766157708663821296e-03
-1.084933949219610977e-02 -6.587976538022380368e-02 8.531962186616783364e-03 4.331375259635585062e-02 4.363171417445242976e-04 -6.215884308388570922e-02 1.264823542144983409e-02 2.474504666832267885e-01 4.854414175376461360e-01 2.566203786524906549e-01
2.471203434932242871e-01 4.922455038840877622e-04 -6.200414579960183969e-02 7.379098152394281823e-03 4.506975866338296111e-02 -7.715207329905867349e-03 -6.463514156281316425e-02 7.766157708663821296e-03 2.566203786524906549e-01 5.216844184255422512e-01
5.098756608764001275e-01 2.485067667488869703e-01 -9.585524670666286176e-03 -6.252675212828884277e-02 6.462323864466976153e-05 4.259368008432126013e-02 -1.642582708996687818e-03 -6.323260059146469658e-02 9.862734301399535275e-03 2.522649144902328056e-01
2.485067667488869703e-01 5.158604189422942854e-01 2.532017208897723304e-01 6.858043490778453766e-03 -6.290874584330327646e-02 -3.850249343669189927e-04 4.218011245666400399e-02 3.568531342969597821e-03 -6.238373183434374469e-02 -3.855243423965626012e-03
-9.585524670666286176e-03 2.532017208897723304e-01 4.892213321050004060e-01 2.481965124720021953e-01 9.083121318436089553e-03 -6.237239536999679423e-02 -3.325269722864217323e-03 4.241016575401971439e-02 -2.571747940297375648e-04 -6.297999608025978135e-02
-6.252675212828884277e-02 6.858043490778453766e-03 2.481965124720021953e-01 4.825119486388270151e-01 2.531107967141555948e-01 -6.339117867956513969e-03 -6.297914105267821139e-02 4.984438529621458992e-05 4.256103032863844948e-02 -1.403717750042986776e-03
6.462323864466976153e-05 -6.290874584330327646e-02 9.083121318436089553e-03 2.531107967141555948e-01 5.150515558963344454e-01 2.487700916805411777e-01 -2.647701168654282514e-03 -6.210931165017462285e-02 5.007251563974792971e-03 4.219401644851564909e-02
4.259368008432126013e-02 -3.850249343669189927e-04 -6.237239536999679423e-02 -6.339117867956513969e-03 2.487700916805411777e-01 5.047787892096968765e-01 2.513187521660290580e-01 5.968638515425995356e-03 -6.315446225563148275e-02 -1.695517901170966527e-03
-1.642582708996687818e-03 4.218011245666400399e-02 -3.325269722864217323e-03 -6.297914105267821139e-02 -2.647701168654282514e-03 2.513187521660290580e-01 4.843412365612229653e-01 2.502934800856799202e-01 -6.517759455878131825e-03 -6.197796234314635611e-02
