4.135185649943572406e-01 1.982210506775110015e-01 6.564792859308231365e-02 -5.335933190296136830e-02 -6.045435759741564496e-02 -1.743296876863485723e-02 5.094288418192682161e-02 4.756430692841617097e-02 -6.761722685531987298e-02 -1.969205042642558912e-01
1.982210506775110015e-01 4.672339727469468906e-01 2.036254401612318521e-01 5.502449585391118447e-02 -3.370793970855132798e-02 -5.353322238500275720e-02 -1.702285753673870444e-02 3.613264283914219277e-02 4.621906733997437067e-02 -3.589196393552469139e-02
6.564792859308231365e-02 2.036254401612318521e-01 3.900283490988277757e-01 2.051836222547852306e-01 8.725097873051759767e-02 -1.703437487235027331e-02 -5.454417025874154501e-02 -2.589066996130593573e-02 5.597394660199558891e-02 5.580066030924321629e-02
-5.335933190296136830e-02 5.502449585391118447e-02 2.051836222547852306e-01 3.587278200276432516e-01 2.238933334275032827e-01 1.091053751479728329e-01 -1.703630814820772388e-02 -5.751869879207172076e-02 -2.183584951531863244e-02 4.919626777093802361e-02
-6.045435759741564496e-02 -3.370793970855132798e-02 8.725097873051759767e-02 2.238933334275032827e-01 3.626382598589061868e-01 2.166830411872719964e-01 7.600278090801101949e-02 -2.844638256759121978e-02 -5.922595697529151743e-02 -5.441785213898669808e-03
-1.743296876863485723e-02 -5.353322238500275720e-02 -1.703437487235027331e-02 1.091053751479728329e-01 2.166830411872719964e-01 3.108540598240302488e-01 2.054492413050651445e-01 8.165856255769604610e-02 -5.047704812188810730e-02 -5.715668149821437338e-02
5.094288418192682161e-02 -1.702285753673870444e-02 -5.454417025874154501e-02 -1.703630814820772388e-02 7.600278090801101949e-02 2.054492413050651445e-01 4.166059112158085331e-01 2.131567271612120895e-01 5.735405258853837340e-02 -5.009059765530355507e-02
4.756430692841617097e-02 3.613264283914219277e-02 -2.589066996130593573e-02 -5.751869879207172076e-02 -2.844638256759121978e-02 8.165856255769604610e-02 2.131567271612120895e-01 4.304764477093917519e-01 1.935863482339089670e-01 4.858524036816231489e-02
-6.761722685531987298e-02 4.621906733997437067e-02 5.597394660199558891e-02 -2.183584951531863244e-02 -5.922595697529151743e-02 -5.047704812188810730e-02 5.735405258853837340e-02 1.935863482339089670e-01 4.146706032525964147e-01 2.080983749840594754e-01
-1.969205042642558912e-01 -3.589196393552469139e-02 5.580066030924321629e-02 4.919626777093802361e-02 -5.441785213898669808e-03 -5.715668149821437338e-02 -5.009059765530355507e-02 4.858524036816231489e-02 2.080983749840594754e-01 4.352460112714988116e-01
2.730508944682912276e-01 2.219415614387847679e-01 7.246743159945175095e-02 -4.214164900136471714e-02 -5.276215410618699531e-02 1.944147025798154105e-04 6.059704555960207517e-02 4.447941437073258536e-02 -6.772128293149844158e-02 -2.065880001650358955e-01
2.219415614387847679e-01 3.538665719705761381e-01 1.927651529180513246e-01 5.862002277530606320e-02 -4.503125753476443227e-02 -4.285890257719716934e-02 2.031628809521954585e-02 5.715737906632756271e-02 2.287421826308705733e-02 -9.593151424617987755e-02
7.246743159945175095e-02 1.927651529180513246e-01 4.668731060565105562e-01 1.993637890064027807e-01 4.352538173342029859e-02 -3.786572431041844433e-02 -4.668667126100043557e-02 8.122781899079268425e-03 3.543829626364650848e-02 1.816329019109903797e-02
-4.214164900136471714e-02 5.862002277530606320e-02 1.993637890064027807e-01 4.307914193120436219e-01 1.845992719027490236e-01 4.621590685630382056e-02 -5.499593540047561374e-02 -5.371003911329436803e-02 8.293992859254658775e-03 5.326053036880440406e-02
-5.276215410618699531e-02 -4.503125753476443227e-02 4.352538173342029859e-02 1.845992719027490236e-01 3.935218963489892086e-01 2.201292961075980714e-01 9.859424278602774150e-02 -4.976144497300866165e-02 -4.602438473141740732e-02 1.465048150632248386e-02
1.944147025798154105e-04 -4.285890257719716934e-02 -3.786572431041844433e-02 4.621590685630382056e-02 2.201292961075980714e-01 4.520564346850565185e-01 2.122944715814802930e-01 5.194471202890304368e-02 -3.434525612622516683e-02 -3.909950794346570002e-02
6.059704555960207517e-02 2.031628809521954585e-02 -4.668667126100043557e-02 -5.499593540047561374e-02 9.859424278602774150e-02 2.122944715814802930e-01 3.262061004623835747e-01 2.001379088790481431e-01 6.821487298232450924e-02 -4.603259058171929596e-02
4.447941437073258536e-02 5.715737906632756271e-02 8.122781899079268425e-03 -5.371003911329436803e-02 -4.976144497300866165e-02 5.194471202890304368e-02 2.001379088790481431e-01 4.273856347834089076e-01 1.987792782132007385e-01 4.160252667315836317e-02
-6.772128293149844158e-02 2.287421826308705733e-02 3.543829626364650848e-02 8.293992859254658775e-03 -4.602438473141740732e-02 -3.434525612622516683e-02 6.821487298232450924e-02 1.987792782132007385e-01 4.537764363189341621e-01 1.903413415790976837e-01
-2.065880001650358955e-01 -9.593151424617987755e-02 1.816329019109903797e-02 5.326053036880440406e-02 1.465048150632248386e-02 -3.909950794346570002e-02 -4.603259058171929596e-02 4.160252667315836317e-02 1.903413415790976837e-01 4.224715055937978692e-01
4.277867414927252199e-01 2.133252323903612746e-01 8.367426361598968854e-02 -2.852736367921550678e-02 -5.588551425051292709e-02 -8.106223812196989426e-03 4.922120758969254078e-02 4.164485743784747396e-02 -5.730416759373925528e-02 -2.055635753053447756e-01
2.133252323903612746e-01 3.356696464672779823e-01 2.175983975157916861e-01 8.030092103146649340e-02 -3.953446451510188309e-02 -5.669512671758704381e-02 -1.927255072021351453e-03 5.805370116503341671e-02 4.296461201047629269e-02 -8.287692918767906869e-02
8.367426361598968854e-02 2.175983975157916861e-01 3.621797765970953265e-01 2.109053600401661066e-01 7.261210115114330454e-02 -4.950989013703449571e-02 -5.696329320297748022e-02 1.199108257515700722e-02 6.263536142428868803e-02 3.547459649306015234e-02
-2.852736367921550678e-02 8.030092103146649340e-02 2.109053600401661066e-01 4.158918813778001988e-01 2.067759851944401817e-01 5.842460874880761601e-02 -4.490916478428164799e-02 -4.839671552547628736e-02 1.236484629314714770e-02 5.235080080617528220e-02
-5.588551425051292709e-02 -3.953446451510188309e-02 7.261210115114330454e-02 2.067759851944401817e-01 4.296389191998906121e-01 1.979395193737388814e-01 5.501375477141069725e-02 -4.874802130255289495e-02 -5.320590128949735653e-02 1.094334178059184169e-02
-8.106223812196989426e-03 -5.669512671758704381e-02 -4.950989013703449571e-02 5.842460874880761601e-02 1.979395193737388814e-01 3.973299946060304122e-01 2.100590476539440088e-01 7.359166953821691393e-02 -5.271688609429987793e-02 -5.717469261158306809e-02
4.922120758969254078e-02 -1.927255072021351453e-03 -5.696329320297748022e-02 -4.490916478428164799e-02 5.501375477141069725e-02 2.100590476539440088e-01 4.363094144957097020e-01 2.058579939306310891e-01 5.584388065284650454e-02 -4.698695773498173800e-02
4.164485743784747396e-02 5.805370116503341671e-02 1.199108257515700722e-02 -4.839671552547628736e-02 -4.874802130255289495e-02 7.359166953821691393e-02 2.058579939306310891e-01 3.876752472467271948e-01 2.102093017912465001e-01 7.887071283528356014e-02
-5.730416759373925528e-02 4.296461201047629269e-02 6.263536142428868803e-02 1.236484629314714770e-02 -5.320590128949735653e-02 -5.271688609429987793e-02 5.584388065284650454e-02 2.102093017912465001e-01 4.220595300831739838e-01 2.079372055569548294e-01
-2.055635753053447756e-01 -8.287692918767906869e-02 3.547459649306015234e-02 5.235080080617528220e-02 1.094334178059184169e-02 -5.717469261158306809e-02 -4.698695773498173800e-02 7.887071283528356014e-02 2.079372055569548294e-01 3.854588484335694787e-01
3.680751170789644533e-01 2.128614932001211824e-01 8.605854338523794000e-02 -5.087870111887683039e-02 -6.621549204832513635e-02 -1.469889730005930276e-02 5.687647500982916104e-02 6.274149080183918925e-02 -5.014410742429017964e-02 -1.898169818212844251e-01
2.128614932001211824e-01 4.068741056350583252e-01 2.163721348728700478e-01 6.642885622289923520e-02 -4.375881823565389711e-02 -5.980619985094429159e-02 -1.563496194442431236e-02 5.200872112118246765e-02 4.704036545270499220e-02 -5.068527984263530850e-02
8.605854338523794000e-02 2.163721348728700478e-01 4.008566917097117210e-01 2.063562996335588928e-01 7.643273249520271539e-02 -2.861367790820819670e-02 -5.555125821375822559e-02 -2.017310758453575575e-02 4.300353058930084238e-02 3.636543362678704844e-02
-5.087870111887683039e-02 6.642885622289923520e-02 2.063562996335588928e-01 3.967866291071345808e-01 2.136619865300256327e-01 8.700835372768009335e-02 -2.949323516370489992e-02 -6.246797703829137793e-02 -1.369668939919699117e-02 4.662763377455875213e-02
-6.621549204832513635e-02 -4.375881823565389711e-02 7.643273249520271539e-02 2.136619865300256327e-01 3.642776864798130121e-01 2.158400618905250423e-01 8.464598818075678988e-02 -3.589518182003642588e-02 -4.968408584038322418e-02 1.535808665945805496e-03
-1.469889730005930276e-02 -5.980619985094429159e-02 -2.861367790820819670e-02 8.700835372768009335e-02 2.158400618905250423e-01 3.591999190903517603e-01 2.203579315101135971e-01 8.998363296147512957e-02 -3.459093677387593824e-02 -4.589055665084825625e-02
5.687647500982916104e-02 -1.563496194442431236e-02 -5.555125821375822559e-02 -2.949323516370489992e-02 8.464598818075678988e-02 2.203579315101135971e-01 3.795537094619927942e-01 2.138447934866403721e-01 5.710528547077984435e-02 -4.610283392412851955e-02
6.274149080183918925e-02 5.200872112118246765e-02 -2.017310758453575575e-02 -6.246797703829137793e-02 -3.589518182003642588e-02 8.998363296147512957e-02 2.138447934866403721e-01 3.998291658771150336e-01 1.880299060742707806e-01 3.844510247285758825e-02
-5.014410742429017964e-02 4.704036545270499220e-02 4.300353058930084238e-02 -1.369668939919699117e-02 -4.968408584038322418e-02 -3.459093677387593824e-02 5.710528547077984435e-02 1.880299060742707806e-01 4.551357349594853940e-01 1.983717445927343503e-01
-1.898169818212844251e-01 -5.068527984263530850e-02 3.636543362678704844e-02 4.662763377455875213e-02 1.535808665945805496e-03 -4.589055665084825625e-02 -4.610283392412851955e-02 3.844510247285758825e-02 1.983717445927343503e-01 4.694112406003755344e-01
4.537948981923663472e-01 1.765014350771051677e-01 5.145220951661842040e-02 -1.607408869087734865e-02 -4.295339524997496272e-02 -1.253886117376228765e-02 4.051351452202113512e-02 4.296734489454281936e-02 -2.422039115150517730e-02 -2.067573332416898224e-01
1.765014350771051677e-01 1.826162568731862501e-01 1.935559443767126964e-01 9.389521725808502861e-02 -3.039015473203704118e-02 -4.942503729050884420e-02 -1.186607957860183991e-02 4.902550494101537426e-02 3.779564394145693007e-02 -8.220848542919337310e-02
5.145220951661842040e-02 1.935559443767126964e-01 4.179566223979062078e-01 2.125552893254089581e-01 4.942527636746801151e-02 -4.104478223829717554e-02 -5.324649172082802223e-02 9.760290440313360016e-03 4.044070437352133285e-02 1.923109486539630042e-02
-1.607408869087734865e-02 9.389521725808502861e-02 2.125552893254089581e-01 4.535603187410814918e-01 1.738627424567422974e-01 3.820206481564542011e-02 -3.745577519606489020e-02 -3.417416996554680647e-02 5.937409859909626407e-03 3.288669366637859276e-02
-4.295339524997496272e-02 -3.039015473203704118e-02 4.942527636746801151e-02 1.738627424567422974e-01 4.053616648636774178e-01 2.160974797500610500e-01 1.003181147952370844e-01 -5.362591502920524555e-02 -6.085196341014587063e-02 1.074439476922809181e-02
-1.253886117376228765e-02 -4.942503729050884420e-02 -4.104478223829717554e-02 3.820206481564542011e-02 2.160974797500610500e-01 4.056158435919816618e-01 2.221801377650771681e-01 6.013397223163258198e-02 -4.294351448937128862e-02 -2.921659070087379712e-02
4.051351452202113512e-02 -1.186607957860183991e-02 -5.324649172082802223e-02 -3.745577519606489020e-02 1.003181147952370844e-01 2.221801377650771681e-01 3.650549190910304942e-01 2.091097515425460740e-01 7.429439190743833410e-02 -3.645583519468423295e-02
4.296734489454281936e-02 4.902550494101537426e-02 9.760290440313360016e-03 -3.417416996554680647e-02 -5.362591502920524555e-02 6.013397223163258198e-02 2.091097515425460740e-01 3.935037319103661391e-01 2.034301522468879853e-01 3.458579356947544259e-02
-2.422039115150517730e-02 3.779564394145693007e-02 4.044070437352133285e-02 5.937409859909626407e-03 -6.085196341014587063e-02 -4.294351448937128862e-02 7.429439190743833410e-02 2.034301522468879853e-01 4.596889247298826531e-01 1.634850406129531863e-01
-2.067573332416898224e-01 -8.220848542919337310e-02 1.923109486539630042e-02 3.288669366637859276e-02 1.074439476922809181e-02 -2.921659070087379712e-02 -3.645583519468423295e-02 3.458579356947544259e-02 1.634850406129531863e-01 4.628468196085281927e-01
3.462952352613531959e-01 2.127504000314128785e-01 9.319043030813749240e-02 -5.032719105153989070e-02 -6.745706758435388029e-02 3.152800167011420192e-03 5.902611961669380902e-02 5.618015278629485965e-02 -7.232631610537729183e-02 -1.972912961887859085e-01
2.127504000314128785e-01 4.363623669489766765e-01 2.117084460399981105e-01 4.467482230339855920e-02 -4.843111644467608390e-02 -5.148755107980831913e-02 1.746248993749878768e-03 5.627146885637285267e-02 4.210395210370655034e-02 -5.121819140324179731e-02
9.319043030813749240e-02 2.117084460399981105e-01 4.010133526683128391e-01 1.958946748990404718e-01 7.251412780159945115e-02 -4.214880294917103254e-02 -5.198411354035260834e-02 -7.296416037623307260e-03 5.200809004086646981e-02 4.002337745702267552e-02
-5.032719105153989070e-02 4.467482230339855920e-02 1.958946748990404718e-01 4.300376525058238197e-01 2.160914818852606167e-01 7.451331467788016583e-02 -3.855174175917518153e-02 -6.336034997995396156e-02 -7.911070928733216281e-03 4.449890051513376993e-02
-6.745706758435388029e-02 -4.843111644467608390e-02 7.251412780159945115e-02 2.160914818852606167e-01 3.879067002864923785e-01 2.048130228523976082e-01 6.430716268576575079e-02 -4.304133615248149913e-02 -5.060316905853686625e-02 -3.251538575060685700e-03
3.152800167011420192e-03 -5.148755107980831913e-02 -4.214880294917103254e-02 7.451331467788016583e-02 2.048130228523976082e-01 3.630493005973693399e-01 2.194519231380833435e-01 1.039538549849283733e-01 -3.492249147223286387e-02 -5.543978101897988064e-02
5.902611961669380902e-02 1.746248993749878768e-03 -5.198411354035260834e-02 -3.855174175917518153e-02 6.430716268576575079e-02 2.194519231380833435e-01 4.224580037517732811e-01 2.159334454732661224e-01 5.406658791861329583e-02 -3.985551949671281569e-02
5.618015278629485965e-02 5.627146885637285267e-02 -7.296416037623307260e-03 -6.336034997995396156e-02 -4.304133615248149913e-02 1.039538549849283733e-01 2.159334454732661224e-01 3.490236221539262385e-01 1.945333076685002438e-01 6.890496369698620449e-02
-7.232631610537729183e-02 4.210395210370655034e-02 5.200809004086646981e-02 -7.911070928733216281e-03 -5.060316905853686625e-02 -3.492249147223286387e-02 5.406658791861329583e-02 1.945333076685002438e-01 4.317706144938074919e-01 2.170632047698205502e-01
-1.972912961887859085e-01 -5.121819140324179731e-02 4.002337745702267552e-02 4.449890051513376993e-02 -3.251538575060685700e-03 -5.543978101897988064e-02 -3.985551949671281569e-02 6.890496369698620449e-02 2.170632047698205502e-01 4.320831513321709005e-01
4.181307916140010184e-01 1.995235178527705600e-01 4.415523383917695915e-02 -3.810836706774405058e-02 -3.107279633622693146e-02 3.485569537178120902e-02 5.105421267605356889e-02 7.847539885607986848e-03 -9.499456924085779297e-02 -2.177678873692074357e-01
1.995235178527705600e-01 4.156737345780046611e-01 1.897530610083567604e-01 3.746622036098413988e-02 -5.665157442102326801e-02 -5.842949698494091793e-02 3.519018889811993678e-02 6.379111897201214521e-02 3.492966692919845934e-02 -7.414891207915672022e-02
4.415523383917695915e-02 1.897530610083567604e-01 4.521267121850576221e-01 1.860990122521500312e-01 2.405315870051150801e-02 -5.926622274407195023e-02 -3.719209883079603596e-02 2.127954825165533428e-02 5.151979218198782240e-02 4.132787700153341126e-02
-3.810836706774405058e-02 3.746622036098413988e-02 1.860990122521500312e-01 4.869377309855117408e-01 1.855255153204616592e-01 4.307716826243580821e-02 -4.029996462066166157e-02 -4.149695725609635344e-02 -2.859607687785362638e-03 3.947430973487942724e-02
-3.107279633622693146e-02 -5.665157442102326801e-02 2.405315870051150801e-02 1.855255153204616592e-01 4.445012860250975861e-01 1.983263415660961593e-01 6.093172255374210838e-02 -3.676203811530380505e-02 -5.215100104431861366e-02 -2.824387047761271752e-02
3.485569537178120902e-02 -5.842949698494091793e-02 -5.926622274407195023e-02 4.307716826243580821e-02 1.983263415660961593e-01 3.896078458587692861e-01 2.091961683755384216e-01 8.098835148081572066e-02 -2.645081231231729418e-02 -6.535495944628968989e-02
5.105421267605356889e-02 3.519018889811993678e-02 -3.719209883079603596e-02 -4.029996462066166157e-02 6.093172255374210838e-02 2.091961683755384216e-01 3.751448255097196149e-01 2.196242051018691410e-01 9.970087454550166650e-02 -1.997362466702643901e-03
7.847539885607986848e-03 6.379111897201214521e-02 2.127954825165533428e-02 -4.149695725609635344e-02 -3.676203811530380505e-02 8.098835148081572066e-02 2.196242051018691410e-01 3.970148987481947334e-01 2.019354251314876558e-01 8.900412115030598148e-02
-9.499456924085779297e-02 3.492966692919845934e-02 5.151979218198782240e-02 -2.859607687785362638e-03 -5.215100104431861366e-02 -2.645081231231729418e-02 9.970087454550166650e-02 2.019354251314876558e-01 2.452116460635552220e-01 2.082789617098698698e-01
-2.177678873692074357e-01 -7.414891207915672022e-02 4.132787700153341126e-02 3.947430973487942724e-02 -2.824387047761271752e-02 -6.535495944628968989e-02 -1.997362466702643901e-03 8.900412115030598148e-02 2.082789617098698698e-01 3.756505284320881266e-01
4.554116055981640709e-01 1.929085549581500136e-01 4.987422953893784483e-02 -4.418840478248611814e-02 -5.159048892723401558e-02 3.711189641794128413e-03 4.621152418691180930e-02 3.940866714596300002e-02 -6.084801465784465263e-02 -1.938021521675977188e-01
1.929085549581500136e-01 4.330125324489412231e-01 2.001448859296432736e-01 6.502456859068873884e-02 -4.656363577891459160e-02 -5.204181577017230609e-02 8.787687039851856162e-04 5.395736830712918874e-02 5.097173520078421283e-02 -4.280127971894499839e-02
4.987422953893784483e-02 2.001448859296432736e-01 4.031413813370841037e-01 2.153426503118203161e-01 8.457136032982008611e-02 -4.238642217777859045e-02 -5.293934947159105453e-02 -5.796652292466675238e-03 5.486464732608430789e-02 4.839301883548920158e-02
-4.418840478248611814e-02 6.502456859068873884e-02 2.153426503118203161e-01 3.788575224822630094e-01 2.213580138777795359e-01 7.671302282592282196e-02 -3.819215055907562717e-02 -5.801530767527064703e-02 -1.461973334444873276e-02 4.503962407771598675e-02
-5.159048892723401558e-02 -4.656363577891459160e-02 8.457136032982008611e-02 2.213580138777795359e-01 3.787118351584053411e-01 2.055396127548149710e-01 6.208391171542172737e-02 -4.155324853421286241e-02 -6.197042191147202062e-02 -1.284220433953539228e-02
3.711189641794128413e-03 -5.204181577017230609e-02 -4.238642217777859045e-02 7.671302282592282196e-02 2.055396127548149710e-01 4.035387639277909777e-01 2.049839183083508876e-01 7.511912982212767820e-02 -3.863769596270839879e-02 -5.179530702817994325e-02
4.621152418691180930e-02 8.787687039851856162e-04 -5.293934947159105453e-02 -3.819215055907562717e-02 6.208391171542172737e-02 2.049839183083508876e-01 4.357167451355592469e-01 2.055951612998439815e-01 7.792834563712855434e-02 -2.886767605697022551e-02
3.940866714596300002e-02 5.395736830712918874e-02 -5.796652292466675238e-03 -5.801530767527064703e-02 -4.155324853421286241e-02 7.511912982212767820e-02 2.055951612998439815e-01 3.364622404455041571e-01 2.228858596872556608e-01 8.821250523696980150e-02
-6.084801465784465263e-02 5.097173520078421283e-02 5.486464732608430789e-02 -1.461973334444873276e-02 -6.197042191147202062e-02 -3.863769596270839879e-02 7.792834563712855434e-02 2.228858596872556608e-01 3.523999375536793766e-01 2.111567164279656295e-01
-1.938021521675977188e-01 -4.280127971894499839e-02 4.839301883548920158e-02 4.503962407771598675e-02 -1.284220433953539228e-02 -5.179530702817994325e-02 -2.886767605697022551e-02 8.821250523696980150e-02 2.111567164279656295e-01 4.227474359125997783e-01
4.234166387590190261e-01 2.057580839949632590e-01 5.248013807976228962e-02 -3.963046230005352194e-02 -4.021638521844760061e-02 1.828012426632201525e-03 4.939716504559213406e-02 3.899705979089621022e-02 -5.768553967172599523e-02 -2.181069697920953454e-01
2.057580839949632590e-01 3.588473025779346792e-01 2.084735070478140329e-01 8.033014474764577084e-02 -5.287086842451357155e-02 -6.981669216729230465e-02 -1.181338689152510932e-02 5.505584391106117109e-02 5.487461382693166467e-02 -8.136302883477665449e-02
5.248013807976228962e-02 2.084735070478140329e-01 4.084750200485580685e-01 2.125584726627350318e-01 5.393639327714425113e-02 -4.606244031112998599e-02 -5.424554448997308265e-02 -4.575697262490633493e-03 4.646754643160632553e-02 4.600466618793430662e-02
-3.963046230005352194e-02 8.033014474764577084e-02 2.125584726627350318e-01 4.439722773935971256e-01 1.882427866401592265e-01 5.937256284899571079e-02 -2.989938490547155991e-02 -4.415511985910434978e-02 -9.258845090428935096e-03 5.413936073323656617e-02
-4.021638521844760061e-02 -5.287086842451357155e-02 5.393639327714425113e-02 1.882427866401592265e-01 3.818221663412829647e-01 2.232189078395374060e-01 1.103606241813850641e-01 -2.419396037331778687e-02 -5.594417165671330266e-02 -1.242709158328034538e-02
1.828012426632201525e-03 -6.981669216729230465e-02 -4.606244031112998599e-02 5.937256284899571079e-02 2.232189078395374060e-01 4.083879918347514959e-01 2.105927641632974467e-01 5.003713350447740876e-02 -3.976633109811222866e-02 -5.423134215470718639e-02
4.939716504559213406e-02 -1.181338689152510932e-02 -5.424554448997308265e-02 -2.989938490547155991e-02 1.103606241813850641e-01 2.105927641632974467e-01 2.811722639900040566e-01 1.939593805148656924e-01 9.783308545862667849e-02 -4.234548671887722326e-02
3.899705979089621022e-02 5.505584391106117109e-02 -4.575697262490633493e-03 -4.415511985910434978e-02 -2.419396037331778687e-02 5.003713350447740876e-02 1.939593805148656924e-01 4.874207103443835010e-01 2.190537170298959002e-01 4.147314209099120519e-02
-5.768553967172599523e-02 5.487461382693166467e-02 4.646754643160632553e-02 -9.258845090428935096e-03 -5.594417165671330266e-02 -3.976633109811222866e-02 9.783308545862667849e-02 2.190537170298959002e-01 3.737601790647467337e-01 1.832415305326596799e-01
-2.181069697920953454e-01 -8.136302883477665449e-02 4.600466618793430662e-02 5.413936073323656617e-02 -1.242709158328034538e-02 -5.423134215470718639e-02 -4.234548671887722326e-02 4.147314209099120519e-02 1.832415305326596799e-01 4.327254496457229038e-01
4.528966822860306940e-01 2.212656245412829570e-01 7.782513590364861789e-02 -2.727569488211844390e-02 -4.677836856381088759e-02 -3.809930489487383352e-03 3.871937030987011863e-02 3.008672797705990234e-02 -4.279210258912322096e-02 -1.921216299939469130e-01
2.212656245412829570e-01 4.109599392779383353e-01 1.940172660010510697e-01 5.481678316497237691e-02 -2.608986178860100980e-02 -5.287355977679700225e-02 -1.402676283882510824e-02 4.426072524595638102e-02 3.786362199065429479e-02 -8.175476518303290141e-02
7.782513590364861789e-02 1.940172660010510697e-01 2.661286215082648843e-01 2.031135973573501841e-01 1.043149685257563214e-01 -5.180943920806748565e-02 -6.761459446328732525e-02 1.045291287673145129e-03 5.694633275598461053e-02 5.029058259169402745e-02
-2.727569488211844390e-02 5.481678316497237691e-02 2.031135973573501841e-01 4.563471499764484296e-01 2.180403936644902396e-01 4.820817913887175121e-02 -4.027686955387942830e-02 -3.855842145583654457e-02 1.303727595786794563e-02 6.272800981222793892e-02
-4.677836856381088759e-02 -2.608986178860100980e-02 1.043149685257563214e-01 2.180403936644902396e-01 3.967587487866945928e-01 1.939199075312182385e-01 6.834128536610559190e-02 -3.498720954591701821e-02 -4.119998107017479316e-02 1.590279144854507554e-02
-3.809930489487383352e-03 -5.287355977679700225e-02 -5.180943920806748565e-02 4.820817913887175121e-02 1.939199075312182385e-01 3.923706645377681990e-01 2.151318023608746743e-01 6.097656218770061698e-02 -5.794375235461869666e-02 -8.058342315759385588e-02
3.871937030987011863e-02 -1.402676283882510824e-02 -6.761459446328732525e-02 -4.027686955387942830e-02 6.834128536610559190e-02 2.151318023608746743e-01 4.203899259555059498e-01 1.881429298936924122e-01 3.705321874308863117e-02 -6.463136827516297034e-02
3.008672797705990234e-02 4.426072524595638102e-02 1.045291287673145129e-03 -3.855842145583654457e-02 -3.498720954591701821e-02 6.097656218770061698e-02 1.881429298936924122e-01 4.498882971578769818e-01 2.093921008803129591e-01 8.257940781535393071e-02
-4.279210258912322096e-02 3.786362199065429479e-02 5.694633275598461053e-02 1.303727595786794563e-02 -4.119998107017479316e-02 -5.794375235461869666e-02 3.705321874308863117e-02 2.093921008803129591e-01 4.367193202882844183e-01 2.030673049251899287e-01
-1.921216299939469130e-01 -8.175476518303290141e-02 5.029058259169402745e-02 6.272800981222793892e-02 1.590279144854507554e-02 -8.058342315759385588e-02 -6.463136827516297034e-02 8.257940781535393071e-02 2.030673049251899287e-01 3.175406502251889029e-01
4.252596263150545397e-01 2.031024374493826667e-01 7.205483283336425182e-02 -4.167613601582521865e-02 -5.879349636601766821e-02 -2.931388485197760144e-02 3.896345266387590822e-02 4.480362725745217628e-02 -5.343093710726790069e-02 -1.971214250212305064e-01
2.031024374493826667e-01 4.001613114366022739e-01 2.155151733859915764e-01 7.830200779090143448e-02 -3.117251445857071451e-02 -6.459017245623657755e-02 -2.896883075272364827e-02 4.257160849095208144e-02 5.881324129148108454e-02 -4.588947921788290307e-02
7.205483283336425182e-02 2.155151733859915764e-01 3.834671794846729598e-01 2.121553985937491837e-01 8.833586170450347108e-02 -1.185221471142629095e-02 -5.198923101988452145e-02 -1.929590484392632727e-02 5.650902949443050577e-02 4.803661363872828438e-02
-4.167613601582521865e-02 7.830200779090143448e-02 2.121553985937491837e-01 3.719247713179091863e-01 2.153154987335373916e-01 1.047274250213093560e-01 -1.353357427995742837e-02 -5.227678951360797965e-02 -1.723733277180782356e-02 4.658030078814515140e-02
-5.879349636601766821e-02 -3.117251445857071451e-02 8.833586170450347108e-02 2.153154987335373916e-01 3.299226092044740266e-01 2.217338312382904908e-01 8.325774321892331908e-02 -3.413816084212462770e-02 -6.060148316305252747e-02 1.028832290711117212e-03
-2.931388485197760144e-02 -6.459017245623657755e-02 -1.185221471142629095e-02 1.047274250213093560e-01 2.217338312382904908e-01 3.216190269232107601e-01 2.035223268301911137e-01 6.474072311202103136e-02 -5.624844784303566214e-02 -4.842761919347585153e-02
3.896345266387590822e-02 -2.896883075272364827e-02 -5.198923101988452145e-02 -1.353357427995742837e-02 8.325774321892331908e-02 2.035223268301911137e-01 4.263955154723748642e-01 2.030956476060442606e-01 4.907208980909812807e-02 -4.423000715049424381e-02
4.480362725745217628e-02 4.257160849095208144e-02 -1.929590484392632727e-02 -5.227678951360797965e-02 -3.413816084212462770e-02 6.474072311202103136e-02 2.030956476060442606e-01 4.588924401065087033e-01 1.880029579936802753e-01 3.514600638107585884e-02
-5.343093710726790069e-02 5.881324129148108454e-02 5.650902949443050577e-02 -1.723733277180782356e-02 -6.060148316305252747e-02 -5.624844784303566214e-02 4.907208980909812807e-02 1.880029579936802753e-01 4.186237419068059573e-01 1.951088986038842510e-01
-1.971214250212305064e-01 -4.588947921788290307e-02 4.803661363872828438e-02 4.658030078814515140e-02 1.028832290711117212e-03 -4.842761919347585153e-02 -4.423000715049424381e-02 3.514600638107585884e-02 1.951088986038842510e-01 4.637337778323901705e-01
4.459339243816493603e-01 1.944616034523554693e-01 3.233381001608481159e-02 -4.440351330212027187e-02 -3.970244525941118985e-02 1.576595496694231310e-02 4.855046670764190386e-02 2.753629633584217182e-02 -7.936302953930614301e-02 -2.067917874204498185e-01
1.944616034523554693e-01 4.443874714379248969e-01 1.839492408239913890e-01 4.071617836331128254e-02 -4.992124109812476340e-02 -5.222953868260399313e-02 6.006602350035289591e-03 4.970805758053604972e-02 4.515038812343205588e-02 -6.430627082770541680e-02
3.233381001608481159e-02 1.839492408239913890e-01 4.601738108543991235e-01 1.949014461178931179e-01 5.295326054883499334e-02 -4.566524954644916867e-02 -4.801267819821450344e-02 7.050536258663535078e-04 4.884728507218774607e-02 4.687777197295379256e-02
-4.440351330212027187e-02 4.071617836331128254e-02 1.949014461178931179e-01 4.342714916723845464e-01 2.029168937501133474e-01 7.718880935070376870e-02 -3.652707145406418332e-02 -4.949013223724012256e-02 -1.355911276491695433e-02 4.654360851604920357e-02
-3.970244525941118985e-02 -4.992124109812476340e-02 5.295326054883499334e-02 2.029168937501133474e-01 3.671488993059182082e-01 2.252752113001381951e-01 9.035234264750328925e-02 -3.363639902463572834e-02 -6.157514140831972516e-02 -2.692485537498756978e-02
1.576595496694231310e-02 -5.222953868260399313e-02 -4.566524954644916867e-02 7.718880935070376870e-02 2.252752113001381951e-01 3.611079855355124879e-01 2.128668839752779485e-01 6.882234568715006606e-02 -3.367504483728853137e-02 -6.243229565545194149e-02
4.855046670764190386e-02 6.006602350035289591e-03 -4.801267819821450344e-02 -3.652707145406418332e-02 9.035234264750328925e-02 2.128668839752779485e-01 3.851046417949343659e-01 2.046457216507714394e-01 8.157596689213103547e-02 -3.114723208283107919e-02
2.753629633584217182e-02 4.970805758053604972e-02 7.050536258663535078e-04 -4.949013223724012256e-02 -3.363639902463572834e-02 6.882234568715006606e-02 2.046457216507714394e-01 4.274263775850074554e-01 2.086501554916858070e-01 8.337525771691055299e-02
-7.936302953930614301e-02 4.515038812343205588e-02 4.884728507218774607e-02 -1.355911276491695433e-02 -6.157514140831972516e-02 -3.367504483728853137e-02 8.157596689213103547e-02 2.086501554916858070e-01 3.249332081343736522e-01 2.215524749201418231e-01
-2.067917874204498185e-01 -6.430627082770541680e-02 4.687777197295379256e-02 4.654360851604920357e-02 -2.692485537498756978e-02 -6.243229565545194149e-02 -3.114723208283107919e-02 8.337525771691055299e-02 2.215524749201418231e-01 3.495121892978941824e-01
4.780246142411511134e-01 1.923953315052883417e-01 4.689197513425023833e-02 -4.004573881420411124e-02 -3.806608097726810191e-02 3.050526257589022613e-03 4.147639512901354214e-02 4.011531687681473002e-02 -2.566312779608342573e-02 -1.899314456158617270e-01
1.923953315052883417e-01 4.218773668826265588e-01 2.030287829968148716e-01 7.701726052394883282e-02 -4.319355607557698318e-02 -6.029988288914536754e-02 -2.611627631711115755e-02 3.937808650653587539e-02 4.368272290676702280e-02 -4.490602831389246818e-02
4.689197513425023833e-02 2.030287829968148716e-01 3.515847996278660959e-01 2.233128054883749825e-01 8.555362190878124107e-02 -3.686937294898032236e-02 -5.989242870171999217e-02 -2.851834376432769644e-02 3.730461396339927044e-02 5.770436548308225527e-02
-4.004573881420411124e-02 7.701726052394883282e-02 2.233128054883749825e-01 4.085843001395993435e-01 2.076568713088277340e-01 6.900495775649656549e-02 -1.807905998374342849e-02 -5.231981920050506052e-02 -1.570782047532508913e-02 5.388990468367384212e-02
-3.806608097726810191e-02 -4.319355607557698318e-02 8.555362190878124107e-02 2.076568713088277340e-01 3.710960567156497136e-01 2.104437380736243202e-01 1.009353559657314575e-01 -1.488138266321509771e-02 -4.418498512957692859e-02 -1.766089924039027786e-02
3.050526257589022613e-03 -6.029988288914536754e-02 -3.686937294898032236e-02 6.900495775649656549e-02 2.104437380736243202e-01 4.065492591206277262e-01 2.082767917163134141e-01 7.481966650802135410e-02 -2.564453119081265553e-02 -5.633605442984765399e-02
4.147639512901354214e-02 -2.611627631711115755e-02 -5.989242870171999217e-02 -1.807905998374342849e-02 1.009353559657314575e-01 2.082767917163134141e-01 2.486712174795412400e-01 2.025814949460869041e-01 8.045181471781595595e-02 -4.817488889135454477e-02
4.011531687681473002e-02 3.937808650653587539e-02 -2.851834376432769644e-02 -5.231981920050506052e-02 -1.488138266321509771e-02 7.481966650802135410e-02 2.025814949460869041e-01 4.177812174762276509e-01 2.081200733181288454e-01 4.606314015819638896e-02
-2.566312779608342573e-02 4.368272290676702280e-02 3.730461396339927044e-02 -1.570782047532508913e-02 -4.418498512957692859e-02 -2.564453119081265553e-02 8.045181471781595595e-02 2.081200733181288454e-01 4.555995638774500422e-01 1.784938357411068877e-01
-1.899314456158617270e-01 -4.490602831389246818e-02 5.770436548308225527e-02 5.388990468367384212e-02 -1.766089924039027786e-02 -5.633605442984765399e-02 -4.817488889135454477e-02 4.606314015819638896e-02 1.784938357411068877e-01 4.402316044392562411e-01
4.274848675729874814e-01 1.902212021576513146e-01 4.958612039054106913e-02 -4.076097249387120730e-02 -4.688560555175122491e-02 -5.072140145465392925e-04 4.607740428960854090e-02 3.882758258178287125e-02 -8.174267380087718582e-02 -2.135159947506717060e-01
1.902212021576513146e-01 4.197462890035107419e-01 2.008957528509824897e-01 5.860346978718394828e-02 -5.385632798462436366e-02 -6.770112066123848416e-02 -8.237817905991024967e-03 5.541717235302516531e-02 6.152459458887379884e-02 -4.698085640484967601e-02
4.958612039054106913e-02 2.008957528509824897e-01 4.279423391064542948e-01 2.048074926283455222e-01 6.859218469251524009e-02 -4.100362840768150691e-02 -4.611855212214284461e-02 -4.178016131667195918e-03 5.539196366420605366e-02 4.446028295766511762e-02
-4.076097249387120730e-02 5.860346978718394828e-02 2.048074926283455222e-01 4.269187108062174052e-01 2.092524492600087160e-01 8.440211652079389337e-02 -2.697013322761757786e-02 -5.405160371213046933e-02 -1.956908819448049605e-02 4.190242010105067055e-02
-4.688560555175122491e-02 -5.385632798462436366e-02 6.859218469251524009e-02 2.092524492600087160e-01 3.261450451648440496e-01 2.213837028731122092e-01 8.495844091703977363e-02 -3.475614664573945661e-02 -6.297521695626850935e-02 -1.446366923607554471e-02
-5.072140145465392925e-04 -6.770112066123848416e-02 -4.100362840768150691e-02 8.440211652079389337e-02 2.213837028731122092e-01 3.828301214896778770e-01 2.044199502803777380e-01 6.235842120936570948e-02 -4.169848772153020300e-02 -5.419514322763666070e-02
4.607740428960854090e-02 -8.237817905991024967e-03 -4.611855212214284461e-02 -2.697013322761757786e-02 8.495844091703977363e-02 2.044199502803777380e-01 3.896747378054420952e-01 2.122229292873479833e-01 9.086446094578612409e-02 -3.482274977053944481e-02
3.882758258178287125e-02 5.541717235302516531e-02 -4.178016131667195918e-03 -5.405160371213046933e-02 -3.475614664573945661e-02 6.235842120936570948e-02 2.122229292873479833e-01 4.432650168611133035e-01 2.049835047283423139e-01 5.306848644919794078e-02
-8.174267380087718582e-02 6.152459458887379884e-02 5.539196366420605366e-02 -1.956908819448049605e-02 -6.297521695626850935e-02 -4.169848772153020300e-02 9.086446094578612409e-02 2.049835047283423139e-01 3.053103985051635605e-01 2.004537156799935382e-01
-2.135159947506717060e-01 -4.698085640484967601e-02 4.446028295766511762e-02 4.190242010105067055e-02 -1.446366923607554471e-02 -5.419514322763666070e-02 -3.482274977053944481e-02 5.306848644919794078e-02 2.004537156799935382e-01 4.506824736845950752e-01
4.275950011723631539e-01 1.834348096652908544e-01 4.301135395411043866e-02 -5.300535968410319265e-02 -5.077982510350757817e-02 2.872383899308417719e-03 6.186712557661050438e-02 4.873354188970120682e-02 -7.077175896689522072e-02 -2.083086755421315328e-01
1.834348096652908544e-01 4.145270876914157743e-01 2.173643570047134044e-01 9.540336133435883825e-02 -3.998104022081962194e-02 -4.875582910729803210e-02 2.478729189785983198e-03 4.933951179009837817e-02 4.443739583722788877e-02 -4.885193369466067637e-02
4.301135395411043866e-02 2.173643570047134044e-01 4.508615950747768553e-01 2.048097165416251642e-01 5.276809641855904898e-02 -3.236108781123044065e-02 -4.783628863638035578e-02 -6.815795253782432062e-03 4.654585441991349049e-02 4.254124156530523365e-02
-5.300535968410319265e-02 9.540336133435883825e-02 2.048097165416251642e-01 2.952107006206858841e-01 2.038125079828509156e-01 8.665553180894601526e-02 -4.589421911162829687e-02 -6.373600788491801117e-02 -1.457219474506455878e-02 5.581302282316920327e-02
-5.077982510350757817e-02 -3.998104022081962194e-02 5.276809641855904898e-02 2.038125079828509156e-01 4.236544104572912417e-01 2.129568501302406824e-01 5.515628475054591695e-02 -4.427809689760023315e-02 -5.865647590587808047e-02 -2.246890462151954378e-03
2.872383899308417719e-03 -4.875582910729803210e-02 -3.236108781123044065e-02 8.665553180894601526e-02 2.129568501302406824e-01 4.312798511870272189e-01 1.912782088194090457e-01 6.349949034690095806e-02 -3.270382179776416126e-02 -4.174129977150954629e-02
6.186712557661050438e-02 2.478729189785983198e-03 -4.783628863638035578e-02 -4.589421911162829687e-02 5.515628475054591695e-02 1.912782088194090457e-01 3.965441382771187628e-01 2.197945123706365189e-01 1.000815560916537283e-01 -3.599443737971833035e-02
4.873354188970120682e-02 4.933951179009837817e-02 -6.815795253782432062e-03 -6.373600788491801117e-02 -4.427809689760023315e-02 6.349949034690095806e-02 2.197945123706365189e-01 3.547700486924934005e-01 2.217475456971254866e-01 6.437756104071025443e-02
-7.077175896689522072e-02 4.443739583722788877e-02 4.654585441991349049e-02 -1.457219474506455878e-02 -5.865647590587808047e-02 -3.270382179776416126e-02 1.000815560916537283e-01 2.217475456971254866e-01 3.680871512567012727e-01 2.018422773536752424e-01
-2.083086755421315328e-01 -4.885193369466067637e-02 4.254124156530523365e-02 5.581302282316920327e-02 -2.246890462151954378e-03 -4.174129977150954629e-02 -3.599443737971833035e-02 6.437756104071025443e-02 2.018422773536752424e-01 4.374700155701160553e-01
4.168130978039389922e-01 2.069108367478937338e-01 6.488164443049593277e-02 -4.529789182346162513e-02 -5.207914545039775411e-02 6.245087612904852599e-04 5.904660036202231954e-02 4.138049077232602846e-02 -6.789540194739045187e-02 -2.084787223964915670e-01
2.069108367478937338e-01 4.254823984068213383e-01 2.070159836575282686e-01 7.534069031935808347e-02 -3.434477339144539898e-02 -5.162335684460010732e-02 -3.995469517177676309e-03 4.863584790178594047e-02 3.956575441834095375e-02 -6.983562486626546106e-02
6.488164443049593277e-02 2.070159836575282686e-01 3.798155689500906651e-01 2.160424698828265211e-01 7.648973696341160311e-02 -4.451357528754473769e-02 -6.404688582633617788e-02 -3.433827629868031403e-03 5.671286026677262865e-02 5.175474439610339150e-02
-4.529789182346162513e-02 7.534069031935808347e-02 2.160424698828265211e-01 3.647372934297514191e-01 2.110926957289250838e-01 7.254909296929594464e-02 -5.108952406357081255e-02 -5.548115785847475279e-02 4.559342857848315902e-03 6.506090378928736095e-02
-5.207914545039775411e-02 -3.434477339144539898e-02 7.648973696341160311e-02 2.110926957289250838e-01 4.178651397163264392e-01 2.100563315924283692e-01 6.823490887712060915e-02 -4.031470135816340311e-02 -5.053365491368005252e-02 4.465284782607485681e-03
6.245087612904852599e-04 -5.162335684460010732e-02 -4.451357528754473769e-02 7.254909296929594464e-02 2.100563315924283692e-01 4.127769180933312798e-01 2.058305128718584953e-01 6.194265476293248085e-02 -4.434837714398390945e-02 -5.964312241117285945e-02
5.904660036202231954e-02 -3.995469517177676309e-03 -6.404688582633617788e-02 -5.108952406357081255e-02 6.823490887712060915e-02 2.058305128718584953e-01 3.867079670895593457e-01 2.064033141505333124e-01 6.993118098844877673e-02 -5.518191954466229038e-02
