5.296644173016940016e-01 1.877399951456987237e-01 -1.037372452636430020e-01 -5.042359506699723576e-02 4.947485913435718113e-02 5.252156527311523104e-02 7.838600330576111011e-03 -6.172253538412818263e-02 3.750895401898001608e-02 7.773182573030877618e-02 -1.213552110970123887e-01 -4.006214689735142498e-01
1.877399951456987237e-01 8.456811855129625632e-01 2.443705504989951427e-01 -5.216822465970093192e-02 -1.100975437213853603e-01 -1.984036977470670510e-02 6.229323615064540076e-02 -2.102885494228720967e-03 -5.836964439192914716e-02 1.544988981918120341e-02 6.936977104973446329e-02 7.622060434415231511e-02
-1.037372452636430020e-01 2.443705504989951427e-01 4.035554906793229479e-01 3.172012071232741537e-01 1.438737790001433092e-01 -3.694700803328201943e-02 -1.264221503488053844e-01 6.701841027057631184e-02 7.085062116900509022e-02 -8.664760778269994801e-02 -1.855685034183030338e-02 8.398228080897594816e-02
-5.042359506699723576e-02 -5.216822465970093192e-02 3.172012071232741537e-01 4.249190558383851846e-01 3.312924775282627965e-01 7.776309109424739408e-02 -8.837725093122272835e-02 -4.469329347057288473e-03 6.505669968960520189e-02 -2.306479606593870441e-02 -4.665473955633153702e-02 -3.440399957767700800e-02
4.947485913435718113e-02 -1.100975437213853603e-01 1.438737790001433092e-01 3.312924775282627965e-01 4.035463519963050638e-01 2.330048124051074532e-01 1.104763446663152016e-01 -9.430578112359831733e-02 -3.839160867519422760e-02 7.579345431042461279e-02 -2.237621706581455205e-03 -7.824894520388070429e-02
5.252156527311523104e-02 -1.984036977470670510e-02 -3.694700803328201943e-02 7.776309109424739408e-02 2.330048124051074532e-01 2.698296974641321011e-01 3.262896686055696271e-01 -3.070103595602523966e-02 -1.161488853647472258e-01 6.719685884308210233e-02 4.736556517231794300e-02 -7.253446262693435780e-03
7.838600330576111011e-03 6.229323615064540076e-02 -1.264221503488053844e-01 -8.837725093122272835e-02 1.104763446663152016e-01 3.262896686055696271e-01 6.447046046817946907e-01 2.436297949054137546e-01 -9.820698539570138497e-02 -2.133085299175212224e-02 5.184330817716244905e-02 6.612326556315098469e-02
-6.172253538412818263e-02 -2.102885494228720967e-03 6.701841027057631184e-02 -4.469329347057288473e-03 -9.430578112359831733e-02 -3.070103595602523966e-02 2.436297949054137546e-01 6.390264038609019259e-01 3.505402794980266301e-01 -1.204478890820601666e-01 -9.672599354980909725e-02 -1.574765899481193887e-02
3.750895401898001608e-02 -5.836964439192914716e-02 7.085062116900509022e-02 6.505669968960520189e-02 -3.839160867519422760e-02 -1.161488853647472258e-01 -9.820698539570138497e-02 3.505402794980266301e-01 4.958405159036364251e-01 2.745007107440792238e-01 9.802623341038535845e-03 -7.730331963974365617e-02
7.773182573030877618e-02 1.544988981918120341e-02 -8.664760778269994801e-02 -2.306479606593870441e-02 7.579345431042461279e-02 6.719685884308210233e-02 -2.133085299175212224e-02 -1.204478890820601666e-01 2.745007107440792238e-01 7.218068958179877370e-01 2.804482356973776458e-01 5.864074851772993480e-02
-1.213552110970123887e-01 6.936977104973446329e-02 -1.855685034183030338e-02 -4.665473955633153702e-02 -2.237621706581455205e-03 4.736556517231794300e-02 5.184330817716244905e-02 -9.672599354980909725e-02 9.802623341038535845e-03 2.804482356973776458e-01 1.975038097837165108e-01 2.022858476457699006e-01
-4.006214689735142498e-01 7.622060434415231511e-02 8.398228080897594816e-02 -3.440399957767700800e-02 -7.824894520388070429e-02 -7.253446262693435780e-03 6.612326556315098469e-02 -1.574765899481193887e-02 -7.730331963974365617e-02 5.864074851772993480e-02 2.022858476457699006e-01 4.239215711591229896e-01
7.321149230000374430e-01 2.914012373765559327e-01 1.700100999742372443e-02 -7.883540079766093722e-02 3.700976012384500635e-02 1.063185889193078992e-01 -4.061896521000513821e-02 -8.294666834688892154e-02 4.172826898074288859e-02 8.982502850832607688e-02 3.796080306946280486e-02 -2.589258199988304643e-01
2.914012373765559327e-01 4.671778686899110689e-01 2.853906535319012394e-01 1.078153190717698849e-02 -1.025599820646670435e-01 -1.207221204143408277e-01 9.141088792817428366e-02 6.138180183454038791e-02 -9.520942443592399218e-02 -1.953896769771407832e-02 1.066250752386101314e-01 1.253373980142475086e-01
1.700100999742372443e-02 2.853906535319012394e-01 3.141169629841907840e-01 2.785814296342522534e-01 -2.506173961501170777e-02 -1.426176316475684658e-01 5.227301136915658841e-02 8.720568195740099893e-02 -5.921252254871665205e-02 -5.988428474433408338e-02 1.143903254198470193e-02 1.064515864131276024e-01
-7.883540079766093722e-02 1.078153190717698849e-02 2.785814296342522534e-01 7.824149625517388129e-01 2.565306050061923471e-01 4.636967072866040457e-02 -7.906491214362082465e-02 -1.312609914108443798e-02 5.514670542418521199e-02 -1.751752383971743590e-03 -5.888487953042508688e-02 -5.042807658835070372e-02
3.700976012384500635e-02 -1.025599820646670435e-01 -2.506173961501170777e-02 2.565306050061923471e-01 2.164730130284035492e-01 2.670444063188235351e-01 2.215327346558264993e-02 -9.590927778858637787e-02 7.350027066672971260e-03 6.071033574607578170e-02 4.419709059488297065e-02 -3.464167636713932907e-02
1.063185889193078992e-01 -1.207221204143408277e-01 -1.426176316475684658e-01 4.636967072866040457e-02 2.670444063188235351e-01 5.705412513273173669e-01 2.924218066053793086e-01 -8.360388882366281971e-02 -7.674429600991795886e-02 6.758859475562942198e-02 1.129466820241687985e-01 8.625650001667144184e-03
-4.061896521000513821e-02 9.141088792817428366e-02 5.227301136915658841e-02 -7.906491214362082465e-02 2.215327346558264993e-02 2.924218066053793086e-01 6.289017749043048777e-01 3.209791104299748454e-01 -5.690425423526689064e-02 -1.049868741658509935e-01 -5.247063591144709299e-02 4.370330744522372968e-02
-8.294666834688892154e-02 6.138180183454038791e-02 8.720568195740099893e-02 -1.312609914108443798e-02 -9.590927778858637787e-02 -8.360388882366281971e-02 3.209791104299748454e-01 4.504011485067662690e-01 3.002414049386545880e-01 2.760026950198057015e-03 -1.033337919854818016e-01 -4.365878094243655361e-02
4.172826898074288859e-02 -9.520942443592399218e-02 -5.921252254871665205e-02 5.514670542418521199e-02 7.350027066672971260e-03 -7.674429600991795886e-02 -5.690425423526689064e-02 3.002414049386545880e-01 6.604704295975681871e-01 3.010003174251079661e-01 8.071053727419974511e-02 -7.049220666256454659e-02
8.982502850832607688e-02 -1.953896769771407832e-02 -5.988428474433408338e-02 -1.751752383971743590e-03 6.071033574607578170e-02 6.758859475562942198e-02 -1.049868741658509935e-01 2.760026950198057015e-03 3.010003174251079661e-01 2.639872285070855584e-01 2.367501352323158892e-01 1.102623183241663862e-01
3.796080306946280486e-02 1.066250752386101314e-01 1.143903254198470193e-02 -5.888487953042508688e-02 4.419709059488297065e-02 1.129466820241687985e-01 -5.247063591144709299e-02 -1.033337919854818016e-01 8.071053727419974511e-02 2.367501352323158892e-01 3.918349412075697868e-01 3.514054356950271352e-01
-2.589258199988304643e-01 1.253373980142475086e-01 1.064515864131276024e-01 -5.042807658835070372e-02 -3.464167636713932907e-02 8.625650001667144184e-03 4.370330744522372968e-02 -4.365878094243655361e-02 -7.049220666256454659e-02 1.102623183241663862e-01 3.514054356950271352e-01 5.215654956951183419e-01
6.770391553933006179e-01 3.143915675088580497e-01 -7.866671848333341155e-02 -7.635124422890622597e-02 4.452558099189652535e-02 3.504574287324764559e-02 -2.626514915192538005e-02 -5.619878009962416682e-02 3.423065532017816048e-02 8.314221539133806460e-02 -3.369038672169998028e-02 -2.945324992814952747e-01
3.143915675088580497e-01 4.118307657748920825e-01 2.945952996884881325e-01 -5.623411425597447250e-02 -9.511494402265034676e-02 8.957817809464191372e-02 8.442425623065176465e-02 -3.230120770257906282e-02 -7.926142307712753798e-02 4.458588277271718914e-02 1.146795691142898921e-01 1.515518393219309964e-02
-7.866671848333341155e-02 2.945952996884881325e-01 7.278467279475984153e-01 2.774216169479586380e-01 -6.929238420323877157e-02 -7.060286045281105594e-02 1.577335250219966123e-02 5.770208900322251061e-02 -1.677780986353453324e-02 -5.890315592397156463e-02 8.258356981000853584e-04 8.454836519137781670e-02
-7.635124422890622597e-02 -5.623411425597447250e-02 2.774216169479586380e-01 4.251025752432454063e-01 3.296805612683799680e-01 -5.304345823671876431e-02 -1.260509158785978467e-01 -1.973958133345216082e-02 9.660203034089848151e-02 1.222462592465221355e-02 -9.175433606207981929e-02 -7.513387218620470875e-02
4.452558099189652535e-02 -9.511494402265034676e-02 -6.929238420323877157e-02 3.296805612683799680e-01 6.564536783978225376e-01 2.847136226845554674e-01 7.045785210717688679e-03 -8.885108050018887538e-02 6.651048455849612948e-03 6.021411565418768874e-02 6.886376491628308852e-03 -5.224814836939738194e-02
3.504574287324764559e-02 8.957817809464191372e-02 -7.060286045281105594e-02 -5.304345823671876431e-02 2.847136226845554674e-01 4.635280968540335111e-01 3.127632597900164013e-01 7.850875095183823538e-02 -1.307665979847000837e-01 -5.034116784368136699e-02 9.113414228250962812e-02 1.042684204720959462e-01
-2.626514915192538005e-02 8.442425623065176465e-02 1.577335250219966123e-02 -1.260509158785978467e-01 7.045785210717688679e-03 3.127632597900164013e-01 3.710097148795509225e-01 3.003729609760779629e-01 -5.696860562056407264e-03 -1.007133457612146288e-01 -2.293808512948619389e-03 6.779984888078668948e-02
-5.619878009962416682e-02 -3.230120770257906282e-02 5.770208900322251061e-02 -1.973958133345216082e-02 -8.885108050018887538e-02 7.850875095183823538e-02 3.003729609760779629e-01 5.580334179639419023e-01 3.267086593168543884e-01 -1.252347626927529864e-02 -1.249426334161645308e-01 -7.062632270123117562e-02
3.423065532017816048e-02 -7.926142307712753798e-02 -1.677780986353453324e-02 9.660203034089848151e-02 6.651048455849612948e-03 -1.307665979847000837e-01 -5.696860562056407264e-03 3.267086593168543884e-01 4.951195544547762895e-01 3.058268553289288927e-01 3.296870347950818514e-02 -8.155655162139584247e-02
8.314221539133806460e-02 4.458588277271718914e-02 -5.890315592397156463e-02 1.222462592465221355e-02 6.021411565418768874e-02 -5.034116784368136699e-02 -1.007133457612146288e-01 -1.252347626927529864e-02 3.058268553289288927e-01 4.846045055246240851e-01 3.263114650779637138e-01 1.181666887861260035e-01
-3.369038672169998028e-02 1.146795691142898921e-01 8.258356981000853584e-04 -9.175433606207981929e-02 6.886376491628308852e-03 9.113414228250962812e-02 -2.293808512948619389e-03 -1.249426334161645308e-01 3.296870347950818514e-02 3.263114650779637138e-01 3.871919717403786154e-01 2.753443655017924208e-01
-2.945324992814952747e-01 1.515518393219309964e-02 8.454836519137781670e-02 -7.513387218620470875e-02 -5.224814836939738194e-02 1.042684204720959462e-01 6.779984888078668948e-02 -7.062632270123117562e-02 -8.155655162139584247e-02 1.181666887861260035e-01 2.753443655017924208e-01 3.422398358258798567e-01
4.228778180428493516e-01 2.791771663701243522e-01 2.454616986770093851e-02 -9.679283876096550499e-02 9.890347408638372473e-02 1.410670504940405440e-02 -5.878996728961456697e-02 -2.848898570150190310e-02 8.615557804758125493e-02 8.860559192140074480e-02 -1.108537385826708771e-01 -3.277300245253251809e-01
2.791771663701243522e-01 4.053176921076761530e-01 3.403400811126644498e-01 -1.414522134316517910e-01 5.063399722154234006e-02 4.079637840363001255e-02 5.108841202976532880e-02 -4.427814353868710084e-02 -2.681716677673528365e-02 5.212809022679951859e-02 5.396222576504240698e-02 -7.555643955678581491e-02
2.454616986770093851e-02 3.403400811126644498e-01 6.868165407136088696e-01 1.986303819354407751e-01 -1.377262988872116067e-01 -1.753631658805047261e-02 6.947248288572815955e-02 1.277179920179605938e-02 -7.560648059597971371e-02 -4.933497939024927142e-02 7.911045172412040083e-02 1.192093341825421898e-01
-9.679283876096550499e-02 -1.414522134316517910e-01 1.986303819354407751e-01 8.363621336702525833e-01 1.491249206551935325e-01 -4.207800524737445591e-02 -1.267624361487448281e-01 3.528705585102988318e-02 9.402364218522683836e-02 3.637798641644654322e-03 -1.007445798181867969e-01 -5.586863396544933941e-02
9.890347408638372473e-02 5.063399722154234006e-02 -1.377262988872116067e-01 1.491249206551935325e-01 8.041550948405802313e-01 2.357038513808343005e-01 1.428087511358835937e-01 -8.677349429444917994e-02 -8.122015888123650107e-02 3.677075876423929052e-02 8.723154501862917520e-02 5.724100253214547615e-03
1.410670504940405440e-02 4.079637840363001255e-02 -1.753631658805047261e-02 -4.207800524737445591e-02 2.357038513808343005e-01 1.005432166571137709e-01 1.484073005491224617e-01 5.007437706610563810e-02 -4.387875109581601540e-02 -3.320707773457187706e-02 2.907024591018827694e-02 3.483933119068224893e-02
-5.878996728961456697e-02 5.108841202976532880e-02 6.947248288572815955e-02 -1.267624361487448281e-01 1.428087511358835937e-01 1.484073005491224617e-01 4.407572521804610233e-01 3.686351885340695134e-01 -1.338179862855724475e-02 -1.454162949592759380e-01 -1.476939398013526333e-02 9.038520053485635253e-02
-2.848898570150190310e-02 -4.427814353868710084e-02 1.277179920179605938e-02 3.528705585102988318e-02 -8.677349429444917994e-02 5.007437706610563810e-02 3.686351885340695134e-01 6.093370184203219520e-01 2.702987327786801064e-01 1.615514044145858683e-02 -7.718241445328791195e-02 -4.038576774440776757e-02
8.615557804758125493e-02 -2.681716677673528365e-02 -7.560648059597971371e-02 9.402364218522683836e-02 -8.122015888123650107e-02 -4.387875109581601540e-02 -1.338179862855724475e-02 2.702987327786801064e-01 3.730943916341278310e-01 3.296999703184365083e-01 7.292736659850987402e-02 -9.277415283941248259e-02
8.860559192140074480e-02 5.212809022679951859e-02 -4.933497939024927142e-02 3.637798641644654322e-03 3.677075876423929052e-02 -3.320707773457187706e-02 -1.454162949592759380e-01 1.615514044145858683e-02 3.296999703184365083e-01 5.243874289883627693e-01 3.069044562457237113e-01 4.480484511273211817e-02
-1.108537385826708771e-01 5.396222576504240698e-02 7.911045172412040083e-02 -1.007445798181867969e-01 8.723154501862917520e-02 2.907024591018827694e-02 -1.476939398013526333e-02 -7.718241445328791195e-02 7.292736659850987402e-02 3.069044562457237113e-01 3.803489382093708793e-01 2.892782934340455414e-01
-3.277300245253251809e-01 -7.555643955678581491e-02 1.192093341825421898e-01 -5.586863396544933941e-02 5.724100253214547615e-03 3.483933119068224893e-02 9.038520053485635253e-02 -4.038576774440776757e-02 -9.277415283941248259e-02 4.480484511273211817e-02 2.892782934340455414e-01 4.160024745352760567e-01
6.072507899402188603e-01 2.564423216025112917e-01 -8.754582993038266536e-03 -7.654189127259249104e-02 3.657057154433305396e-02 5.933096297199925290e-02 -4.946144915848971202e-02 -8.045054627338391051e-02 -7.291456058442913682e-03 1.108007451912741692e-01 1.267323643777775177e-01 -3.435348164968781148e-01
2.564423216025112917e-01 6.779520982207274393e-01 3.043128228393415791e-01 8.680084449732698368e-03 -1.201825469702990090e-01 -2.639495691454768825e-02 1.012347276951739566e-01 6.894469185605232864e-02 -5.217468945605421848e-02 -6.794477592386624631e-02 7.488960016616197368e-03 1.309574413697688899e-01
-8.754582993038266536e-03 3.043128228393415791e-01 2.569885071415933808e-01 2.609727723294705815e-01 2.406202150191193503e-02 -7.374121930914606660e-02 6.149648725710294556e-03 4.765378419740626259e-02 1.564071223797673660e-02 -5.291525773796146997e-02 -6.393960012483697330e-02 1.064708172654456331e-01
-7.654189127259249104e-02 8.680084449732698368e-03 2.609727723294705815e-01 6.965842480511451607e-01 3.270025984489841608e-01 -3.998695445614514066e-02 -1.250102027235819313e-01 -3.419168806167042357e-02 6.840652209568420794e-02 2.303527328764568699e-02 -4.244814914122513327e-02 -2.179651372438733484e-02
3.657057154433305396e-02 -1.201825469702990090e-01 2.406202150191193503e-02 3.270025984489841608e-01 3.563885248032026554e-01 2.849336770840367183e-01 4.693496710199140248e-02 -5.599050962373144230e-02 -4.776674032863671704e-02 3.935579297130896437e-02 7.476553666640077533e-02 -6.911463916859772461e-02
5.933096297199925290e-02 -2.639495691454768825e-02 -7.374121930914606660e-02 -3.998695445614514066e-02 2.849336770840367183e-01 6.016262709765192174e-01 3.474553309827154157e-01 6.101635231984783858e-02 -1.116935888207936933e-01 -2.911426718966626803e-02 5.786809546024927059e-02 6.544382566549455417e-03
-4.946144915848971202e-02 1.012347276951739566e-01 6.149648725710294556e-03 -1.250102027235819313e-01 4.693496710199140248e-02 3.474553309827154157e-01 3.607131494692698004e-01 2.238675782759866895e-01 8.102334397432267576e-02 -5.196347929562171453e-02 -9.321944000416862441e-02 6.740423627905170467e-02
-8.045054627338391051e-02 6.894469185605232864e-02 4.765378419740626259e-02 -3.419168806167042357e-02 -5.599050962373144230e-02 6.101635231984783858e-02 2.238675782759866895e-01 3.095206457187744675e-01 3.464917524031253526e-01 5.154244736486109091e-02 -1.174495386520292284e-01 1.486893759366419293e-02
-7.291456058442913682e-03 -5.217468945605421848e-02 1.564071223797673660e-02 6.840652209568420794e-02 -4.776674032863671704e-02 -1.116935888207936933e-01 8.102334397432267576e-02 3.464917524031253526e-01 6.386578226858528051e-01 2.616441255348128658e-01 2.953746312880920280e-02 -8.268999243414060230e-02
1.108007451912741692e-01 -6.794477592386624631e-02 -5.291525773796146997e-02 2.303527328764568699e-02 3.935579297130896437e-02 -2.911426718966626803e-02 -5.196347929562171453e-02 5.154244736486109091e-02 2.616441255348128658e-01 2.553135769506342800e-01 3.003648103546462944e-01 1.707301301312237575e-03
1.267323643777775177e-01 7.488960016616197368e-03 -6.393960012483697330e-02 -4.244814914122513327e-02 7.476553666640077533e-02 5.786809546024927059e-02 -9.321944000416862441e-02 -1.174495386520292284e-01 2.953746312880920280e-02 3.003648103546462944e-01 6.621891526207929202e-01 2.718408963939617506e-01
-3.435348164968781148e-01 1.309574413697688899e-01 1.064708172654456331e-01 -2.179651372438733484e-02 -6.911463916859772461e-02 6.544382566549455417e-03 6.740423627905170467e-02 1.486893759366419293e-02 -8.268999243414060230e-02 1.707301301312237575e-03 2.718408963939617506e-01 5.768152134213093696e-01
5.498167784839274042e-01 2.589291441075088351e-01 -2.636085665620593876e-02 -2.849857264752434644e-02 5.346826275080730773e-02 -4.317361579496502462e-03 -4.734106978874885047e-02 -2.003436908294189273e-02 4.868377037683658398e-02 1.541481606715541797e-01 3.940613320668819725e-02 -3.706669602976812028e-01
2.589291441075088351e-01 4.381728863836486521e-01 3.868077871328886030e-01 -1.031642121662968981e-01 -6.012381744817001279e-03 6.167936550341084762e-02 1.381222516867429070e-02 -4.832882915417126279e-02 -2.420330014641867630e-02 2.250132524483743068e-05 5.975810170953337747e-02 -2.539877156070883407e-02
-2.636085665620593876e-02 3.868077871328886030e-01 6.266466279612872281e-01 1.413909362266912439e-01 -9.424669466427788855e-02 2.729519413656485496e-03 5.308515069607785269e-02 1.426079709376996268e-02 -4.101671239169310534e-02 -1.146889501996175009e-01 -2.106188342062775137e-02 1.630704593808419145e-01
-2.849857264752434644e-02 -1.031642121662968981e-01 1.413909362266912439e-01 9.101020689819316889e-01 1.474970202357454296e-01 -1.106314384178097854e-01 -5.160915494476219639e-02 5.342492184243441411e-02 4.573959618926110027e-02 5.615654939475098889e-02 -1.578404365089499523e-02 -6.050097333308842446e-02
5.346826275080730773e-02 -6.012381744817001279e-03 -9.424669466427788855e-02 1.474970202357454296e-01 6.111286219871501224e-01 3.972186078331127468e-01 4.301094333518483415e-02 -1.646882197323958352e-01 -7.122370908207881213e-02 -2.122620546454927204e-02 4.750377021187145166e-02 -2.479979728033207716e-04
-4.317361579496502462e-03 6.167936550341084762e-02 2.729519413656485496e-03 -1.106314384178097854e-01 3.972186078331127468e-01 4.236218190113293369e-01 2.317904174169944098e-01 5.176910921482270889e-02 -1.865013767613827450e-02 -5.299764910819858982e-02 -6.017892198208316459e-03 5.077066314696723759e-02
-4.734106978874885047e-02 1.381222516867429070e-02 5.308515069607785269e-02 -5.160915494476219639e-02 4.301094333518483415e-02 2.317904174169944098e-01 3.865983285923590973e-01 3.875589772134085953e-01 1.123982842582174346e-01 8.126220539357183886e-03 -5.775444437164220512e-02 1.216523149572221706e-02
-2.003436908294189273e-02 -4.832882915417126279e-02 1.426079709376996268e-02 5.342492184243441411e-02 -1.646882197323958352e-01 5.176910921482270889e-02 3.875589772134085953e-01 5.432102365039530589e-01 1.965816346314440966e-01 1.026460795196291464e-01 -3.403524842486432833e-02 -5.249215648195783290e-02
4.868377037683658398e-02 -2.420330014641867630e-02 -4.101671239169310534e-02 4.573959618926110027e-02 -7.122370908207881213e-02 -1.865013767613827450e-02 1.123982842582174346e-01 1.965816346314440966e-01 9.899454957711123493e-02 1.253460524241673812e-01 8.452295972844095506e-02 -3.699850577989523270e-02
1.541481606715541797e-01 2.250132524483743068e-05 -1.146889501996175009e-01 5.615654939475098889e-02 -2.122620546454927204e-02 -5.299764910819858982e-02 8.126220539357183886e-03 1.026460795196291464e-01 1.253460524241673812e-01 3.233625496411474121e-01 3.753474490545548048e-01 -1.587302558381001663e-03
3.940613320668819725e-02 5.975810170953337747e-02 -2.106188342062775137e-02 -1.578404365089499523e-02 4.750377021187145166e-02 -6.017892198208316459e-03 -5.775444437164220512e-02 -3.403524842486432833e-02 8.452295972844095506e-02 3.753474490545548048e-01 6.413426773875197107e-01 2.516146459951609238e-01
-3.706669602976812028e-01 -2.539877156070883407e-02 1.630704593808419145e-01 -6.050097333308842446e-02 -2.479979728033207716e-04 5.077066314696723759e-02 1.216523149572221706e-02 -5.249215648195783290e-02 -3.699850577989523270e-02 -1.587302558381001663e-03 2.516146459951609238e-01 4.470028554887091055e-01
4.722317748799834680e-01 3.173756675286104612e-01 4.298945204877081122e-02 -9.808368493963508239e-02 -1.584705850802916802e-02 7.499110466257082053e-02 7.401607324002648647e-02 -2.429014678836896243e-02 -7.594911738981263705e-02 9.250350986425984190e-02 1.288490664006070319e-01 -2.950449372003269288e-01
3.173756675286104612e-01 4.506598841085349694e-01 3.131331027599051353e-01 7.325401537423076315e-02 -1.050012615445450465e-01 -9.788500049716769222e-03 6.835427412775088585e-02 5.273358329377822451e-02 -8.009135955885832159e-02 -1.302407876785724450e-02 1.045625865215918382e-01 1.933388761609493994e-02
4.298945204877081122e-02 3.131331027599051353e-01 4.522244563167291398e-01 3.171788258589250953e-01 -2.134281364666110875e-02 -1.058418462163861068e-01 -6.075241101297490509e-02 4.052239050741877902e-02 4.483567246312765431e-02 -6.706626898522624614e-02 -6.932142179732005138e-02 1.095114429322912308e-01
-9.808368493963508239e-02 7.325401537423076315e-02 3.171788258589250953e-01 4.337065938530498821e-01 2.940294097603314283e-01 -1.352174725608388042e-02 -1.114164596698172666e-01 -4.455552206358152911e-02 9.726428086597971312e-02 -1.298745465044295021e-02 -1.049549427620948411e-01 3.504720806029031077e-02
-1.584705850802916802e-02 -1.050012615445450465e-01 -2.134281364666110875e-02 2.940294097603314283e-01 6.829710998720404103e-01 3.014222545965926647e-01 6.872232086688875863e-02 -7.255055277161492899e-02 -3.148243736691609673e-02 6.239089106975639898e-02 5.377262483362275913e-02 -7.074902117679615632e-02
7.499110466257082053e-02 -9.788500049716769222e-03 -1.058418462163861068e-01 -1.352174725608388042e-02 3.014222545965926647e-01 2.778511289752427782e-01 2.409941200847790510e-01 1.148235915036633081e-01 -1.044572632740660978e-01 -2.880307581548595050e-02 7.277085733964541725e-02 1.156038717816052549e-03
7.401607324002648647e-02 6.835427412775088585e-02 -6.075241101297490509e-02 -1.114164596698172666e-01 6.872232086688875863e-02 2.409941200847790510e-01 3.767262358921635301e-01 3.457550458241538394e-01 -4.328840081440531173e-02 -1.114750032116856165e-01 2.679000137821304240e-03 7.113248977805122775e-02
-2.429014678836896243e-02 5.273358329377822451e-02 4.052239050741877902e-02 -4.455552206358152911e-02 -7.255055277161492899e-02 1.148235915036633081e-01 3.457550458241538394e-01 5.502620986892964305e-01 2.779739525921676169e-01 -5.318203602141735598e-02 -1.093388414580538648e-01 6.008162311768341923e-02
-7.594911738981263705e-02 -8.009135955885832159e-02 4.483567246312765431e-02 9.726428086597971312e-02 -3.148243736691609673e-02 -1.044572632740660978e-01 -4.328840081440531173e-02 2.779739525921676169e-01 6.442012558736924799e-01 3.131756326992201078e-01 4.746278006512179293e-03 -1.017603756307364771e-01
9.250350986425984190e-02 -1.302407876785724450e-02 -6.706626898522624614e-02 -1.298745465044295021e-02 6.239089106975639898e-02 -2.880307581548595050e-02 -1.114750032116856165e-01 -5.318203602141735598e-02 3.131756326992201078e-01 4.016479397949918595e-01 3.183821036520577685e-01 -3.482683031433973092e-02
1.288490664006070319e-01 1.045625865215918382e-01 -6.932142179732005138e-02 -1.049549427620948411e-01 5.377262483362275913e-02 7.277085733964541725e-02 2.679000137821304240e-03 -1.093388414580538648e-01 4.746278006512179293e-03 3.183821036520577685e-01 5.483062134433298596e-01 2.744280806129376082e-01
-2.950449372003269288e-01 1.933388761609493994e-02 1.095114429322912308e-01 3.504720806029031077e-02 -7.074902117679615632e-02 1.156038717816052549e-03 7.113248977805122775e-02 6.008162311768341923e-02 -1.017603756307364771e-01 -3.482683031433973092e-02 2.744280806129376082e-01 7.092113183009614019e-01
3.730355304121041327e-01 3.046057411085552613e-01 7.543126186837800784e-02 -3.037020655809761355e-02 1.310224296355690446e-02 2.542639666971256013e-02 -2.957161025073554161e-02 6.809202794555548402e-03 3.956505467804200676e-02 8.557422719302550107e-02 -1.558777238386523933e-01 -3.078836670585094470e-01
3.046057411085552613e-01 7.171054350870580407e-01 2.723627209410410810e-01 -3.085944830691871033e-02 -4.846868856148729005e-02 -1.452067169881585389e-03 3.917367657852935392e-02 -4.036528589954384294e-02 -4.446470929305006148e-02 -4.454492883414624960e-02 1.344661869576969093e-01 6.366358388274769020e-02
7.543126186837800784e-02 2.723627209410410810e-01 1.428787105779969202e-01 1.596372307529133616e-01 -6.059875072963794018e-03 -3.603299500626474389e-02 2.300892564656158157e-02 -5.762230052404792224e-04 -2.086585032730420286e-02 -3.933543676965184366e-02 7.973928485261018440e-02 7.560398459188129305e-02
-3.037020655809761355e-02 -3.085944830691871033e-02 1.596372307529133616e-01 9.340465834899872588e-01 1.660582363386148563e-01 -5.998186554919768959e-02 -1.517005212996017788e-02 4.288275011003381265e-02 1.784724945563399834e-02 -1.737339954614677958e-03 -1.912357855354129138e-02 -5.570254718637653903e-03
1.310224296355690446e-02 -4.846868856148729005e-02 -6.059875072963794018e-03 1.660582363386148563e-01 2.295216420002370861e-01 3.446308087381679264e-01 -5.545758326443197585e-03 -1.399971381914334179e-01 -3.477790791798170827e-02 4.173124462677896968e-02 -1.428301072411234524e-02 -4.184724394635998268e-02
2.542639666971256013e-02 -1.452067169881585389e-03 -3.603299500626474389e-02 -5.998186554919768959e-02 3.446308087381679264e-01 7.224325824181765388e-01 2.033918009827215267e-01 -1.604620034467681977e-01 -6.201083847430462204e-02 2.677047954182552175e-02 1.648384219534575548e-02 -1.378727297676020196e-02
-2.957161025073554161e-02 3.917367657852935392e-02 2.300892564656158157e-02 -1.517005212996017788e-02 -5.545758326443197585e-03 2.033918009827215267e-01 6.560640155668098217e-01 3.990528084710802670e-01 7.570832628694339206e-02 -7.420237157642434189e-02 7.345580885934266044e-03 5.372660199696704941e-02
6.809202794555548402e-03 -4.036528589954384294e-02 -5.762230052404792224e-04 4.288275011003381265e-02 -1.399971381914334179e-01 -1.604620034467681977e-01 3.990528084710802670e-01 4.220583387260401498e-01 1.373306200971307900e-01 5.179890353622153276e-02 -4.628514744273590220e-02 -5.147526195864331189e-02
3.956505467804200676e-02 -4.446470929305006148e-02 -2.086585032730420286e-02 1.784724945563399834e-02 -3.477790791798170827e-02 -6.201083847430462204e-02 7.570832628694339206e-02 1.373306200971307900e-01 1.055108327381986677e-01 2.330788914933261680e-01 1.399692455958943989e-02 -7.060174526999399292e-02
8.557422719302550107e-02 -4.454492883414624960e-02 -3.933543676965184366e-02 -1.737339954614677958e-03 4.173124462677896968e-02 2.677047954182552175e-02 -7.420237157642434189e-02 5.179890353622153276e-02 2.330788914933261680e-01 8.404537179378220868e-01 2.286405119362040772e-01 -6.820788223075630041e-02
-1.558777238386523933e-01 1.344661869576969093e-01 7.973928485261018440e-02 -1.912357855354129138e-02 -1.428301072411234524e-02 1.648384219534575548e-02 7.345580885934266044e-03 -4.628514744273590220e-02 1.399692455958943989e-02 2.286405119362040772e-01 3.652326027933783248e-01 3.491544423325004809e-01
-3.078836670585094470e-01 6.366358388274769020e-02 7.560398459188129305e-02 -5.570254718637653903e-03 -4.184724394635998268e-02 -1.378727297676020196e-02 5.372660199696704941e-02 -5.147526195864331189e-02 -7.060174526999399292e-02 -6.820788223075630041e-02 3.491544423325004809e-01 4.916600082522167292e-01
4.166428999760111163e-01 3.330749473320118170e-01 -1.064041818337224249e-01 -8.749976488357699700e-02 -1.135132195698276315e-02 6.624345981644907955e-02 -1.227511251542362167e-03 -6.450178943169118662e-02 -2.071239319779310042e-02 6.847939806951147679e-02 1.088754963764637512e-01 -2.852949092469248549e-01
3.330749473320118170e-01 6.808507057135566587e-01 2.388157301825870882e-01 -2.696131582184676731e-02 -1.033690421330479281e-01 5.739054698393641907e-02 7.387419119470622908e-02 -4.266672237349630747e-02 -9.507678496473305485e-02 -5.462612286058284028e-02 6.087510979745301004e-02 7.710717412319123554e-02
-1.064041818337224249e-01 2.388157301825870882e-01 6.687008427105051167e-01 2.887578845877230571e-01 8.529596128698613278e-02 -1.368194029016757962e-01 -5.586201909691543982e-02 9.967718360213845274e-02 9.910375482127928293e-02 2.203808506664860483e-03 -1.083861512396608329e-01 4.898944197633434833e-02
-8.749976488357699700e-02 -2.696131582184676731e-02 2.887578845877230571e-01 2.174298018208968564e-01 2.517128461518701732e-01 1.268191794056874010e-02 -7.746495708306636030e-02 -3.395937354862203772e-03 5.163239455492151658e-02 3.965350540028700355e-02 -1.711318647507161644e-02 -3.588559728858908837e-02
-1.135132195698276315e-02 -1.033690421330479281e-01 8.529596128698613278e-02 2.517128461518701732e-01 6.298145416420729559e-01 3.321797954756803284e-01 -3.971595472045397202e-02 -1.299910213003599713e-01 -3.803490078327114582e-02 4.846403573108604146e-02 7.884817336902764928e-02 -7.861499226490044345e-02
6.624345981644907955e-02 5.739054698393641907e-02 -1.368194029016757962e-01 1.268191794056874010e-02 3.321797954756803284e-01 4.853564983545254341e-01 3.000178026869354531e-01 3.709239893087210027e-02 -7.727172463334958108e-02 -6.980071987977443104e-02 -4.860161896992401358e-03 5.726056570867565920e-02
-1.227511251542362167e-03 7.387419119470622908e-02 -5.586201909691543982e-02 -7.746495708306636030e-02 -3.971595472045397202e-02 3.000178026869354531e-01 4.779888267744534791e-01 3.327416381225865583e-01 9.569944219531842378e-02 -4.527983619282141547e-02 -9.493310153279412023e-02 7.311016164293596131e-02
-6.450178943169118662e-02 -4.266672237349630747e-02 9.967718360213845274e-02 -3.395937354862203772e-03 -1.299910213003599713e-01 3.709239893087210027e-02 3.327416381225865583e-01 4.348787313045850977e-01 2.794565495719849024e-01 1.115215394077394839e-01 -2.950943300762290736e-02 -4.655935128732172079e-02
-2.071239319779310042e-02 -9.507678496473305485e-02 9.910375482127928293e-02 5.163239455492151658e-02 -3.803490078327114582e-02 -7.727172463334958108e-02 9.569944219531842378e-02 2.794565495719849024e-01 2.874528946645755201e-01 2.246715135243129158e-01 1.339462114416993810e-01 -1.196757633179496849e-01
6.847939806951147679e-02 -5.462612286058284028e-02 2.203808506664860483e-03 3.965350540028700355e-02 4.846403573108604146e-02 -6.980071987977443104e-02 -4.527983619282141547e-02 1.115215394077394839e-01 2.246715135243129158e-01 2.971982927793538343e-01 3.419079781922623740e-01 -7.389875082412936114e-02
1.088754963764637512e-01 6.087510979745301004e-02 -1.083861512396608329e-01 -1.711318647507161644e-02 7.884817336902764928e-02 -4.860161896992401358e-03 -9.493310153279412023e-02 -2.950943300762290736e-02 1.339462114416993810e-01 3.419079781922623740e-01 6.350282256884239862e-01 2.151521431229688197e-01
-2.852949092469248549e-01 7.710717412319123554e-02 4.898944197633434833e-02 -3.588559728858908837e-02 -7.861499226490044345e-02 5.726056570867565920e-02 7.311016164293596131e-02 -4.655935128732172079e-02 -1.196757633179496849e-01 -7.389875082412936114e-02 2.151521431229688197e-01 7.686577385710446908e-01
3.851491844522655361e-01 2.978324330259104480e-01 -1.032084752858149490e-01 -4.803344935802549703e-02 8.270489684903731264e-02 -3.679963417192722019e-02 -5.653607246410752296e-02 9.815499994269132403e-03 7.459085175962909542e-02 3.379941062039627103e-02 -1.329720457940063993e-01 -3.057542437478292241e-01
2.978324330259104480e-01 7.230240926299980053e-01 2.414460054768489961e-01 -1.173403311063976467e-01 -4.864668703027602570e-02 1.037528347915430971e-01 6.080051405833576325e-03 -8.978324556868250150e-02 -6.503829806604806418e-02 6.515836814363105967e-02 6.584758704698835674e-02 -2.675853801855018754e-02
-1.032084752858149490e-01 2.414460054768489961e-01 6.434375467544376503e-01 3.287357439247460822e-01 -8.776086652446374314e-02 -7.171753582282908157e-02 6.102809884054220813e-02 8.227412256921161349e-02 5.349863196443295499e-04 -7.621273380430390598e-02 2.554146670978167319e-02 1.273762350455553971e-01
-4.803344935802549703e-02 -1.173403311063976467e-01 3.287357439247460822e-01 5.171933542555701147e-01 2.980270056606864060e-01 -1.019595969706234145e-01 -7.948091320490027756e-02 3.447543182620267654e-02 6.946850470269258504e-02 -9.321705017343692029e-03 -6.438362730596552952e-02 -5.621850988330069632e-02
8.270489684903731264e-02 -4.864668703027602570e-02 -8.776086652446374314e-02 2.980270056606864060e-01 6.674921289100951283e-01 2.795354551167044121e-01 -5.700634564558858253e-02 -1.252792758281729424e-01 -3.036971390107031515e-02 8.123064866706777853e-02 4.142071164299372492e-03 -7.713779188485733740e-02
-3.679963417192722019e-02 1.037528347915430971e-01 -7.171753582282908157e-02 -1.019595969706234145e-01 2.795354551167044121e-01 5.856891174159201130e-01 3.181586616470560847e-01 6.460128738600988407e-02 -7.233554753248229441e-02 -5.466472797086331659e-02 6.041953228963505701e-02 1.122179742952170850e-01
-5.653607246410752296e-02 6.080051405833576325e-03 6.102809884054220813e-02 -7.948091320490027756e-02 -5.700634564558858253e-02 3.181586616470560847e-01 3.874841367196713016e-01 3.024654785433854021e-01 1.046542127288298540e-01 -9.244696408679425881e-02 -4.274140809775879568e-02 2.876647455637666023e-02
9.815499994269132403e-03 -8.978324556868250150e-02 8.227412256921161349e-02 3.447543182620267654e-02 -1.252792758281729424e-01 6.460128738600988407e-02 3.024654785433854021e-01 4.164063306598904113e-01 2.938444900676062677e-01 2.561831329304584820e-02 -1.000300075866074889e-01 -1.063376871922828842e-01
7.459085175962909542e-02 -6.503829806604806418e-02 5.349863196443295499e-04 6.946850470269258504e-02 -3.036971390107031515e-02 -7.233554753248229441e-02 1.046542127288298540e-01 2.938444900676062677e-01 3.807411165995860935e-01 3.145770315519612614e-01 1.649401043891268043e-02 -1.117668799577153649e-01
3.379941062039627103e-02 6.515836814363105967e-02 -7.621273380430390598e-02 -9.321705017343692029e-03 8.123064866706777853e-02 -5.466472797086331659e-02 -9.244696408679425881e-02 2.561831329304584820e-02 3.145770315519612614e-01 6.478939443509790230e-01 2.919284965281249700e-01 9.195368575709181314e-02
-1.329720457940063993e-01 6.584758704698835674e-02 2.554146670978167319e-02 -6.438362730596552952e-02 4.142071164299372492e-03 6.041953228963505701e-02 -4.274140809775879568e-02 -1.000300075866074889e-01 1.649401043891268043e-02 2.919284965281249700e-01 2.650515649240257066e-01 2.507778091433197076e-01
-3.057542437478292241e-01 -2.675853801855018754e-02 1.273762350455553971e-01 -5.621850988330069632e-02 -7.713779188485733740e-02 1.122179742952170850e-01 2.876647455637666023e-02 -1.063376871922828842e-01 -1.117668799577153649e-01 9.195368575709181314e-02 2.507778091433197076e-01 3.804374823275054607e-01
7.924306012913151509e-01 2.407038971135444239e-01 -2.632634003019752866e-02 -9.406834488404286487e-02 7.892727731126114935e-03 7.980320336920249114e-02 1.633046333342775408e-02 -4.564190399889456184e-02 -3.344570061636510661e-02 8.164514331536440461e-02 8.244255947063308665e-02 -2.634681242911939836e-01
2.407038971135444239e-01 5.452175415505702283e-01 2.990275181476006461e-01 5.765393533653034169e-02 -8.480728146228108666e-02 -9.612741578901598527e-02 2.675325032832467226e-02 1.427671088295986435e-01 -3.538202656148965730e-02 -1.320310181775964653e-01 4.073922165712058618e-02 1.652131692951480657e-01
-2.632634003019752866e-02 2.990275181476006461e-01 3.190459035159446399e-01 3.094000014455089431e-01 4.476048564322156198e-02 -1.059472225828945041e-01 -3.480711536483483554e-02 2.613738743679833165e-02 2.630014412273639496e-02 -4.658302544812193552e-02 -3.307858455023784949e-02 8.330436638472463184e-02
-9.406834488404286487e-02 5.765393533653034169e-02 3.094000014455089431e-01 6.164553896204878480e-01 2.857476675534936783e-01 3.471623184306082271e-02 -5.966875279728749842e-02 -1.251363016357699143e-01 5.497526547501081773e-02 8.684349284294734517e-02 -4.908722172550248480e-02 -7.550045968123320073e-02
7.892727731126114935e-03 -8.480728146228108666e-02 4.476048564322156198e-02 2.857476675534936783e-01 3.073846765282001181e-01 3.217968832781377131e-01 8.542952485258632767e-02 -2.508055639693237970e-02 -3.548405029024254836e-02 3.530967929327463034e-02 2.582574263058103406e-02 -4.980813159961791636e-02
7.980320336920249114e-02 -9.612741578901598527e-02 -1.059472225828945041e-01 3.471623184306082271e-02 3.217968832781377131e-01 5.900906326571572214e-01 2.446293755635993439e-01 1.469769631709961222e-01 -1.001021952755054428e-01 -6.559036131993886687e-02 7.059002982179507502e-02 3.380279122027142480e-02
1.633046333342775408e-02 2.675325032832467226e-02 -3.480711536483483554e-02 -5.966875279728749842e-02 8.542952485258632767e-02 2.446293755635993439e-01 1.521368538231659129e-01 2.096211591165579868e-01 3.179546068050271429e-02 -7.293485302053849539e-02 -8.811386969019136678e-03 5.687346830278744436e-02
-4.564190399889456184e-02 1.427671088295986435e-01 2.613738743679833165e-02 -1.251363016357699143e-01 -2.508055639693237970e-02 1.469769631709961222e-01 2.096211591165579868e-01 5.258662222124793617e-01 3.289184781831873683e-01 -6.865075820094640457e-02 -1.107298521728896784e-01 8.303969477254961873e-02
-3.344570061636510661e-02 -3.538202656148965730e-02 2.630014412273639496e-02 5.497526547501081773e-02 -3.548405029024254836e-02 -1.001021952755054428e-01 3.179546068050271429e-02 3.289184781831873683e-01 6.145478253743446029e-01 3.024408474602715557e-01 -2.293450249566000854e-02 -1.072271160906993759e-01
8.164514331536440461e-02 -1.320310181775964653e-01 -4.658302544812193552e-02 8.684349284294734517e-02 3.530967929327463034e-02 -6.559036131993886687e-02 -7.293485302053849539e-02 -6.865075820094640457e-02 3.024408474602715557e-01 4.423549604201798546e-01 3.099129269955488430e-01 -3.314646349842166606e-02
8.244255947063308665e-02 4.073922165712058618e-02 -3.307858455023784949e-02 -4.908722172550248480e-02 2.582574263058103406e-02 7.059002982179507502e-02 -8.811386969019136678e-03 -1.107298521728896784e-01 -2.293450249566000854e-02 3.099129269955488430e-01 6.067771732199240819e-01 3.245967791983255246e-01
