4.896322260817427274e-01 3.018741934941955307e-01 -5.005289068408707437e-02 -1.069602321982437154e-01 2.122973952744068582e-02 8.022352134767518628e-02 3.932739968263776649e-03 -8.188641870443384707e-02 1.462167339187677578e-02 1.116824427071412829e-01 -4.924814651758828432e-02 -3.296805760160377852e-01
3.018741934941955307e-01 6.214938480777670859e-01 3.111953408697839540e-01 -1.922441091835808136e-02 -1.156242799059125637e-01 -6.443225374805544581e-03 8.263936653571837820e-02 -2.905218815635614814e-03 -8.173923503155604287e-02 8.233079336871626866e-03 1.102571747507266053e-01 3.435245795570799482e-02
-5.005289068408707437e-02 3.111953408697839540e-01 4.738149900045537377e-01 3.163060402528891091e-01 3.365109732220430971e-02 -1.069316979461967798e-01 -4.747915181357555137e-02 8.347450016676633000e-02 2.759030724605036206e-02 -8.592028249930409867e-02 -1.287416346645252688e-02 1.114501575144595386e-01
-1.069602321982437154e-01 -1.922441091835808136e-02 3.163060402528891091e-01 4.771767080054315491e-01 3.206871445439078983e-01 2.757913178394956824e-02 -1.135543991696116722e-01 9.518239785533755618e-04 8.256645993181183085e-02 -1.135240513196681365e-02 -7.985901118476042282e-02 -1.693328341502543105e-02
2.122973952744068582e-02 -1.156242799059125637e-01 3.365109732220430971e-02 3.206871445439078983e-01 4.807474437309295356e-01 3.088932402555357171e-01 4.059612763228995225e-02 -1.137620171685776171e-01 -1.525555762216925133e-02 8.419919394942172730e-02 2.066602102565189697e-03 -8.357773291291427376e-02
8.022352134767518628e-02 -6.443225374805544581e-03 -1.069316979461967798e-01 2.757913178394956824e-02 3.088932402555357171e-01 4.319365181209068316e-01 3.210506486219489308e-01 -1.502627366208275118e-02 -1.163184661503822992e-01 2.679705494437945035e-02 8.035242490847582797e-02 1.841434245894879411e-03
3.932739968263776649e-03 8.263936653571837820e-02 -4.747915181357555137e-02 -1.135543991696116722e-01 4.059612763228995225e-02 3.210506486219489308e-01 5.311914952227936304e-01 3.094477329851406111e-01 -2.440649325618732268e-02 -1.051945309812474805e-01 2.250690332011518954e-02 8.337436936400442755e-02
-8.188641870443384707e-02 -2.905218815635614814e-03 8.347450016676633000e-02 9.518239785533755618e-04 -1.137620171685776171e-01 -1.502627366208275118e-02 3.094477329851406111e-01 5.408230499845393391e-01 3.220740110492169017e-01 -3.476014234832615346e-02 -1.147807459914631095e-01 -1.104929074081876204e-02
1.462167339187677578e-02 -8.173923503155604287e-02 2.759030724605036206e-02 8.256645993181183085e-02 -1.525555762216925133e-02 -1.163184661503822992e-01 -2.440649325618732268e-02 3.220740110492169017e-01 4.972891970681390661e-01 3.122378772931846402e-01 -2.402515132900338770e-04 -1.112492467692408615e-01
1.116824427071412829e-01 8.233079336871626866e-03 -8.592028249930409867e-02 -1.135240513196681365e-02 8.419919394942172730e-02 2.679705494437945035e-02 -1.051945309812474805e-01 -3.476014234832615346e-02 3.122378772931846402e-01 5.638141432359448091e-01 3.166258197498238447e-01 2.886533161872992942e-02
-4.924814651758828432e-02 1.102571747507266053e-01 -1.287416346645252688e-02 -7.985901118476042282e-02 2.066602102565189697e-03 8.035242490847582797e-02 2.250690332011518954e-02 -1.147807459914631095e-01 -2.402515132900338770e-04 3.166258197498238447e-01 4.038832851614449493e-01 3.040368839115576982e-01
-3.296805760160377852e-01 3.435245795570799482e-02 1.114501575144595386e-01 -1.693328341502543105e-02 -8.357773291291427376e-02 1.841434245894879411e-03 8.337436936400442755e-02 -1.104929074081876204e-02 -1.112492467692408615e-01 2.886533161872992942e-02 3.040368839115576982e-01 4.881970953058120122e-01
5.728501683149440638e-01 3.153232553364537227e-01 6.277056320969047823e-03 -1.111119955522547748e-01 1.488865773463990232e-02 8.663829603169342919e-02 -1.528213555770563045e-02 -8.413149136524004923e-02 1.531762922728813550e-02 1.128506689287793185e-01 1.467658653547653652e-02 -3.119964059151950631e-01
3.153232553364537227e-01 4.928339248729164401e-01 3.148116905947694888e-01 3.706352079994527492e-03 -1.137221472328572291e-01 -3.580966383378780815e-02 8.452763325938580929e-02 1.909798303006996975e-02 -8.494062261168214278e-02 -8.597132099331069796e-03 1.137260004880547015e-01 4.330178854381495218e-02
6.277056320969047823e-03 3.148116905947694888e-01 4.441125273894583891e-01 3.139070174974181171e-01 -1.002110871146813520e-02 -1.182452033657032803e-01 1.870233962018574836e-02 8.454718385282737614e-02 -2.102958078723349278e-02 -8.178614128377623138e-02 1.284678802964449740e-03 1.142459380621296539e-01
-1.111119955522547748e-01 3.706352079994527492e-03 3.139070174974181171e-01 5.945167128653147115e-01 3.114369164215814445e-01 1.990391124606400233e-02 -1.110094690681892315e-01 -5.743175477629440008e-03 8.056961877754570400e-02 -5.749694472358306621e-04 -8.109225318788210179e-02 -2.167979019858293568e-02
1.488865773463990232e-02 -1.137221472328572291e-01 -1.002110871146813520e-02 3.114369164215814445e-01 4.038218167128299063e-01 3.122229769145734579e-01 1.033686554001289962e-02 -1.130968293630060240e-01 2.458779786547068925e-04 8.180576169221895344e-02 1.990433215358727859e-02 -7.815522751327771966e-02
8.663829603169342919e-02 -3.580966383378780815e-02 -1.182452033657032803e-01 1.990391124606400233e-02 3.122229769145734579e-01 5.201634816569502551e-01 3.158645313926289888e-01 -2.585606857391984856e-02 -1.116783283677815763e-01 2.528488180935022089e-02 8.788674334576429548e-02 -5.665287440332676325e-03
-1.528213555770563045e-02 8.452763325938580929e-02 1.870233962018574836e-02 -1.110094690681892315e-01 1.033686554001289962e-02 3.158645313926289888e-01 5.362382856007792409e-01 3.180601050272203745e-01 -1.445624598246155260e-02 -1.145423740450913774e-01 -2.082589789529219401e-02 7.942832079715370086e-02
-8.413149136524004923e-02 1.909798303006996975e-02 8.454718385282737614e-02 -5.743175477629440008e-03 -1.130968293630060240e-01 -2.585606857391984856e-02 3.180601050272203745e-01 4.858485376909688069e-01 3.157624374608192785e-01 -2.431755767968549285e-03 -1.143169400962408544e-01 -1.178219085369761575e-02
1.531762922728813550e-02 -8.494062261168214278e-02 -2.102958078723349278e-02 8.056961877754570400e-02 2.458779786547068925e-04 -1.116783283677815763e-01 -1.445624598246155260e-02 3.157624374608192785e-01 5.460829545736662904e-01 3.171111924056394527e-01 3.049599785639010852e-02 -1.103437305671929880e-01
1.128506689287793185e-01 -8.597132099331069796e-03 -8.178614128377623138e-02 -5.749694472358306621e-04 8.180576169221895344e-02 2.528488180935022089e-02 -1.145423740450913774e-01 -2.431755767968549285e-03 3.171111924056394527e-01 4.303292991742904139e-01 3.096483474143646442e-01 3.868306392994651233e-02
1.467658653547653652e-02 1.137260004880547015e-01 1.284678802964449740e-03 -8.109225318788210179e-02 1.990433215358727859e-02 8.788674334576429548e-02 -2.082589789529219401e-02 -1.143169400962408544e-01 3.049599785639010852e-02 3.096483474143646442e-01 4.734523915799134786e-01 3.217111221365450691e-01
-3.119964059151950631e-01 4.330178854381495218e-02 1.142459380621296539e-01 -2.167979019858293568e-02 -7.815522751327771966e-02 -5.665287440332676325e-03 7.942832079715370086e-02 -1.178219085369761575e-02 -1.103437305671929880e-01 3.868306392994651233e-02 3.217111221365450691e-01 4.997498995679556244e-01
5.578793731053144356e-01 3.175669088907968618e-01 -3.029995397591139783e-02 -1.107436683813774053e-01 1.870783650843894225e-02 7.838191982745029707e-02 -9.163127931371226748e-03 -8.071332322415034066e-02 1.215123537370876167e-02 1.116434608624098934e-01 -1.075384951519566500e-02 -3.153900315529752918e-01
3.175669088907968618e-01 4.727180297524469221e-01 3.155393051033648089e-01 -1.671584255579395759e-02 -1.130385390875701113e-01 2.768632293113486298e-02 8.372224822520213383e-02 -1.033413168626574202e-02 -8.326233044814734807e-02 1.369078542042609370e-02 1.148325409690513221e-01 4.169733713764456513e-03
-3.029995397591139783e-02 3.155393051033648089e-01 5.759714418265233782e-01 3.132757900045334276e-01 -2.705401356197342788e-02 -1.097790382961419814e-01 6.422473140574447639e-03 8.079809952904412618e-02 -6.942619731324206622e-03 -8.105714493155714850e-02 5.251021752215442526e-04 1.117744674565145091e-01
-1.107436683813774053e-01 -1.671584255579395759e-02 3.132757900045334276e-01 4.734692944006705373e-01 3.196334346251764047e-01 -9.658673104095310061e-03 -1.161258580146826147e-01 -9.729122252903427137e-03 8.524819060649255209e-02 7.882384014462345476e-03 -8.459477719581559585e-02 -2.606839265541115169e-02
1.870783650843894225e-02 -1.130385390875701113e-01 -2.705401356197342788e-02 3.196334346251764047e-01 5.507044747792302353e-01 3.136589761819802424e-01 7.613173030779744627e-04 -1.118946611318462625e-01 4.053882319909390616e-03 8.106470261261923549e-02 1.249583218939608054e-03 -8.048457823687771295e-02
7.838191982745029707e-02 2.768632293113486298e-02 -1.097790382961419814e-01 -9.658673104095310061e-03 3.136589761819802424e-01 4.824919001499826665e-01 3.176878265991396333e-01 3.001604704857398220e-02 -1.170268738321642021e-01 -2.205867599371326773e-02 8.482648071148540803e-02 3.804379495684959839e-02
-9.163127931371226748e-03 8.372224822520213383e-02 6.422473140574447639e-03 -1.161258580146826147e-01 7.613173030779744627e-04 3.176878265991396333e-01 4.605243294247790553e-01 3.157190837277372708e-01 -2.666134776616377669e-03 -1.132572128918980653e-01 4.087362272316486835e-04 8.216365872620537414e-02
-8.071332322415034066e-02 -1.033413168626574202e-02 8.079809952904412618e-02 -9.729122252903427137e-03 -1.118946611318462625e-01 3.001604704857398220e-02 3.157190837277372708e-01 5.140138550404158568e-01 3.190044736592190233e-01 7.112333115851846542e-04 -1.160542230633170024e-01 -2.493074599739378977e-02
1.215123537370876167e-02 -8.326233044814734807e-02 -6.942619731324206622e-03 8.524819060649255209e-02 4.053882319909390616e-03 -1.170268738321642021e-01 -2.666134776616377669e-03 3.190044736592190233e-01 4.994953900547014491e-01 3.159902481303111799e-01 7.684288612949966013e-03 -1.115923470959619690e-01
1.116434608624098934e-01 1.369078542042609370e-02 -8.105714493155714850e-02 7.882384014462345476e-03 8.106470261261923549e-02 -2.205867599371326773e-02 -1.132572128918980653e-01 7.112333115851846542e-04 3.159902481303111799e-01 4.912374805591526172e-01 3.189472784993974130e-01 4.007453110845397848e-02
-1.075384951519566500e-02 1.148325409690513221e-01 5.251021752215442526e-04 -8.459477719581559585e-02 1.249583218939608054e-03 8.482648071148540803e-02 4.087362272316486835e-04 -1.160542230633170024e-01 7.684288612949966013e-03 3.189472784993974130e-01 4.683635384341002239e-01 3.136649882016692703e-01
-3.153900315529752918e-01 4.169733713764456513e-03 1.117744674565145091e-01 -2.606839265541115169e-02 -8.048457823687771295e-02 3.804379495684959839e-02 8.216365872620537414e-02 -2.493074599739378977e-02 -1.115923470959619690e-01 4.007453110845397848e-02 3.136649882016692703e-01 4.531308924726381027e-01
4.869401310018095508e-01 3.204737831873488707e-01 -1.921151509308187053e-04 -1.178098833724966071e-01 5.199323401297255981e-02 7.574893432216854572e-02 5.253241133441053853e-03 -7.728246565085389319e-02 1.227914072637379186e-02 1.098856427924986001e-01 -1.980502936489603530e-02 -3.141535619188773887e-01
3.204737831873488707e-01 4.754880951869462358e-01 3.129897638909255875e-01 -3.888202133143899009e-02 -9.317998561084171738e-02 3.222962156859027205e-02 8.868666100019056975e-02 -2.841212043665772291e-02 -8.358369763438150413e-02 2.452605631582799317e-02 1.146457819141105811e-01 -2.438072551784360720e-02
-1.921151509308187053e-04 3.129897638909255875e-01 5.589392975447371459e-01 3.132586523999992822e-01 -9.268458327586304168e-02 -1.034375663468895812e-01 2.626801752076565744e-03 7.478744942734660839e-02 -1.381735580965838886e-02 -7.733781933957226129e-02 1.394493762378324307e-02 1.104525528716731875e-01
-1.178098833724966071e-01 -3.888202133143899009e-02 3.132586523999992822e-01 5.795929314650074549e-01 3.057008209078921901e-01 -9.932672612371688109e-03 -1.175988152612680582e-01 9.356944561861466059e-03 8.671624503213981594e-02 -4.038912332501639474e-04 -8.779263203015576222e-02 -1.166213968246044598e-02
5.199323401297255981e-02 -9.317998561084171738e-02 -9.268458327586304168e-02 3.057008209078921901e-01 5.820658444140212051e-01 3.059464251427171932e-01 6.492972955284519176e-02 -1.093858993608553404e-01 -3.398241796668216574e-02 7.676614133672537976e-02 3.368314943230902442e-02 -7.248696523959713423e-02
7.574893432216854572e-02 3.222962156859027205e-02 -1.034375663468895812e-01 -9.932672612371688109e-03 3.059464251427171932e-01 3.311697650463888420e-01 2.924735172051194376e-01 2.987389801135157882e-02 -1.056443862926678690e-01 -2.165652006205462735e-02 7.782190217209572491e-02 2.448296894029152598e-02
5.253241133441053853e-03 8.868666100019056975e-02 2.626801752076565744e-03 -1.175988152612680582e-01 6.492972955284519176e-02 2.924735172051194376e-01 5.180540914279152531e-01 3.260940439988567752e-01 -2.890948496051889277e-02 -1.217114555512222307e-01 1.933664701221498097e-02 9.035415750693492898e-02
-7.728246565085389319e-02 -2.841212043665772291e-02 7.478744942734660839e-02 9.356944561861466059e-03 -1.093858993608553404e-01 2.987389801135157882e-02 3.260940439988567752e-01 5.335444029001790156e-01 3.115711890484472724e-01 9.088898446363725264e-03 -1.106678216634335299e-01 -2.088151051448189355e-02
1.227914072637379186e-02 -8.358369763438150413e-02 -1.381735580965838886e-02 8.671624503213981594e-02 -3.398241796668216574e-02 -1.056443862926678690e-01 -2.890948496051889277e-02 3.115711890484472724e-01 4.756608460913947511e-01 3.211288490132380158e-01 5.610729778853101868e-03 -1.166956902320590295e-01
1.098856427924986001e-01 2.452605631582799317e-02 -7.733781933957226129e-02 -4.038912332501639474e-04 7.676614133672537976e-02 -2.165652006205462735e-02 -1.217114555512222307e-01 9.088898446363725264e-03 3.211288490132380158e-01 5.057064640495541052e-01 3.145937604987376623e-01 1.890869567758110548e-02
-1.980502936489603530e-02 1.146457819141105811e-01 1.394493762378324307e-02 -8.779263203015576222e-02 3.368314943230902442e-02 7.782190217209572491e-02 1.933664701221498097e-02 -1.106678216634335299e-01 5.610729778853101868e-03 3.145937604987376623e-01 4.783444798170061740e-01 3.189275249049265404e-01
-3.141535619188773887e-01 -2.438072551784360720e-02 1.104525528716731875e-01 -1.166213968246044598e-02 -7.248696523959713423e-02 2.448296894029152598e-02 9.035415750693492898e-02 -2.088151051448189355e-02 -1.166956902320590295e-01 1.890869567758110548e-02 3.189275249049265404e-01 4.744936510550240016e-01
5.279441150283363804e-01 3.115305110481817463e-01 -3.760092568895396972e-03 -1.112193274672935994e-01 1.624326648851349975e-02 8.188447914919318171e-02 -2.183780982150208133e-02 -8.507163228324612914e-02 4.034804623044731600e-03 1.157407240245876823e-01 3.123243634411513453e-02 -3.211356878993313346e-01
3.115305110481817463e-01 5.438029246019844276e-01 3.176535585371377257e-01 1.094686645271599965e-02 -1.177506279502027464e-01 -1.574319150531348563e-02 8.838346046576192605e-02 2.829962106134698702e-02 -8.216797085549792934e-02 -2.626487189982062986e-02 1.049029137124230376e-01 3.672313582439303697e-02
-3.760092568895396972e-03 3.176535585371377257e-01 4.219447322877465378e-01 3.112296069329436032e-01 3.355927278796741638e-03 -1.102078873729777364e-01 1.012730409254640127e-02 8.051193864626460250e-02 1.854154779864440822e-03 -8.075903272564949331e-02 -2.240827379517488366e-02 1.149327038517210520e-01
-1.112193274672935994e-01 1.094686645271599965e-02 3.112296069329436032e-01 5.611578409197086614e-01 3.197043400581747186e-01 -1.250364340816496542e-02 -1.168844523837184596e-01 -1.118544838418568388e-02 8.291192035318160902e-02 7.395178206493678574e-03 -8.030874877199872808e-02 -3.792208985358662757e-03
1.624326648851349975e-02 -1.177506279502027464e-01 3.355927278796741638e-03 3.197043400581747186e-01 4.634525251596818274e-01 3.136910298762522475e-01 2.910229138828568287e-03 -1.094872352175170482e-01 -1.271196299631776119e-02 7.943154852518005682e-02 3.034537069625218089e-02 -8.363932472356183645e-02
8.188447914919318171e-02 -1.574319150531348563e-02 -1.102078873729777364e-01 -1.250364340816496542e-02 3.136910298762522475e-01 5.322437579932350893e-01 3.213097707350432430e-01 1.787554985459102047e-02 -1.154148770926959888e-01 -8.473131384341128433e-03 8.239237966656082213e-02 -1.585487974835918376e-03
-2.183780982150208133e-02 8.838346046576192605e-02 1.012730409254640127e-02 -1.168844523837184596e-01 2.910229138828568287e-03 3.213097707350432430e-01 4.724415087083153053e-01 3.090696300430769705e-01 2.227424836295497160e-02 -1.087491327323382856e-01 -3.804008941906339425e-02 8.375910769714962900e-02
-8.507163228324612914e-02 2.829962106134698702e-02 8.051193864626460250e-02 -1.118544838418568388e-02 -1.094872352175170482e-01 1.787554985459102047e-02 3.090696300430769705e-01 4.505157699483004485e-01 3.216329124876324830e-01 1.103493747166074332e-02 -1.179009915385861029e-01 1.058335062132542172e-02
4.034804623044731600e-03 -8.216797085549792934e-02 1.854154779864440822e-03 8.291192035318160902e-02 -1.271196299631776119e-02 -1.154148770926959888e-01 2.227424836295497160e-02 3.216329124876324830e-01 5.413425855840847678e-01 3.111305337291958573e-01 1.936467366586795691e-02 -1.120320089319945672e-01
1.157407240245876823e-01 -2.626487189982062986e-02 -8.075903272564949331e-02 7.395178206493678574e-03 7.943154852518005682e-02 -8.473131384341128433e-03 -1.087491327323382856e-01 1.103493747166074332e-02 3.111305337291958573e-01 4.236165150247959699e-01 3.180694065846789709e-01 -3.296219298621455226e-03
3.123243634411513453e-02 1.049029137124230376e-01 -2.240827379517488366e-02 -8.030874877199872808e-02 3.034537069625218089e-02 8.239237966656082213e-02 -3.804008941906339425e-02 -1.179009915385861029e-01 1.936467366586795691e-02 3.180694065846789709e-01 5.389810287173463221e-01 3.122299362105942500e-01
-3.211356878993313346e-01 3.672313582439303697e-02 1.149327038517210520e-01 -3.792208985358662757e-03 -8.363932472356183645e-02 -1.585487974835918376e-03 8.375910769714962900e-02 1.058335062132542172e-02 -1.120320089319945672e-01 -3.296219298621455226e-03 3.122299362105942500e-01 5.225566960264629301e-01
5.069267654747287022e-01 3.094659961075335586e-01 8.181938244180834985e-03 -1.062240735722864149e-01 4.407457111598930138e-02 7.079472146894394413e-02 -3.050865685599874616e-02 -7.530997125823904459e-02 2.703008791054774956e-02 1.232606689138796840e-01 1.762067088657118079e-03 -3.253571007488820221e-01
3.094659961075335586e-01 4.907081438749760771e-01 3.282367961720780158e-01 -4.641088657885575341e-02 -1.010631324684693605e-01 4.198250292461910838e-02 7.715260889209557549e-02 -2.900301781896196321e-02 -7.929306470177832633e-02 -1.889442550654733474e-02 1.073370112374550794e-01 2.792548354993199498e-03
8.181938244180834985e-03 3.282367961720780158e-01 5.155588098107007911e-01 2.977045736750291716e-01 -7.364606822077848780e-02 -9.684327741574431936e-02 3.745279385261095217e-02 7.394891147631321715e-02 -2.595201180003189542e-02 -9.177592781983243131e-02 7.809218273142545623e-03 1.225602451679376759e-01
-1.062240735722864149e-01 -4.641088657885575341e-02 2.977045736750291716e-01 6.406832689853918517e-01 3.017486076452555732e-01 -5.021257989324920401e-02 -1.129635465229835295e-01 2.154155164942590794e-02 8.497556206022434389e-02 3.530066407180793009e-02 -7.750393710714179041e-02 -2.835239981590017069e-02
4.407457111598930138e-02 -1.010631324684693605e-01 -7.364606822077848780e-02 3.017486076452555732e-01 5.119991690140552887e-01 3.265582156703959460e-01 2.728848784633584879e-02 -1.189388062392006673e-01 -3.314646824126561003e-02 6.715520893657191126e-02 3.851769354978190618e-02 -7.302485870137778723e-02
7.079472146894394413e-02 4.198250292461910838e-02 -9.684327741574431936e-02 -5.021257989324920401e-02 3.265582156703959460e-01 4.921804965142590471e-01 3.105399117270449816e-01 4.724416756373184950e-03 -1.072725413017661528e-01 -5.474300001947898786e-02 7.084787660990163327e-02 3.798800387790467192e-02
-3.050865685599874616e-02 7.715260889209557549e-02 3.745279385261095217e-02 -1.129635465229835295e-01 2.728848784633584879e-02 3.105399117270449816e-01 4.597322921238895521e-01 3.230119491198697457e-01 4.424832193829145166e-02 -9.848976911612229712e-02 -3.483274109901969562e-02 7.624836245636838761e-02
-7.530997125823904459e-02 -2.900301781896196321e-02 7.394891147631321715e-02 2.154155164942590794e-02 -1.189388062392006673e-01 4.724416756373184950e-03 3.230119491198697457e-01 5.200451669377794683e-01 3.076670465966290235e-01 6.870801350167984878e-02 -1.044247956318179182e-01 -3.330450666075873006e-02
2.703008791054774956e-02 -7.929306470177832633e-02 -2.595201180003189542e-02 8.497556206022434389e-02 -3.314646824126561003e-02 -1.072725413017661528e-01 4.424832193829145166e-02 3.076670465966290235e-01 3.575241543357197682e-01 2.934708156708820681e-01 4.342998258821513524e-02 -1.073139081322780630e-01
1.232606689138796840e-01 -1.889442550654733474e-02 -9.177592781983243131e-02 3.530066407180793009e-02 6.715520893657191126e-02 -5.474300001947898786e-02 -9.848976911612229712e-02 6.870801350167984878e-02 2.934708156708820681e-01 4.783341031454707570e-01 3.291690436519771890e-01 -2.102802549225951320e-02
1.762067088657118079e-03 1.073370112374550794e-01 7.809218273142545623e-03 -7.750393710714179041e-02 3.851769354978190618e-02 7.084787660990163327e-02 -3.483274109901969562e-02 -1.044247956318179182e-01 4.342998258821513524e-02 3.291690436519771890e-01 5.346296010930571274e-01 3.083889586674233851e-01
-3.253571007488820221e-01 2.792548354993199498e-03 1.225602451679376759e-01 -2.835239981590017069e-02 -7.302485870137778723e-02 3.798800387790467192e-02 7.624836245636838761e-02 -3.330450666075873006e-02 -1.073139081322780630e-01 -2.102802549225951320e-02 3.083889586674233851e-01 4.916780286899693486e-01
4.912703631491700529e-01 3.179449202837051347e-01 1.304503221410287760e-02 -1.137176706185215186e-01 -6.014003393298442829e-03 8.361799912447734351e-02 2.561696331073583244e-02 -7.815672947922358560e-02 -2.226687892961604423e-02 1.125000964954237792e-01 4.078838980983050255e-02 -3.154531055233399384e-01
3.179449202837051347e-01 4.856171105794365173e-01 3.169338440052669181e-01 2.150854459003982352e-02 -1.136225219805834241e-01 -1.081941541672196356e-03 8.245309084616266049e-02 1.693199973303052136e-02 -8.369728994312637671e-02 -4.557715309492350528e-03 1.141715837392587585e-01 6.104923537129445035e-03
1.304503221410287760e-02 3.169338440052669181e-01 4.857476924300573318e-01 3.180397634041209898e-01 -6.009090184764007830e-03 -1.147255913347331735e-01 -2.110163300412341153e-02 7.977044640426156352e-02 1.247260151737759545e-02 -8.195387725444305826e-02 -2.125028384934803463e-02 1.142276372275319307e-01
-1.137176706185215186e-01 2.150854459003982352e-02 3.180397634041209898e-01 4.807567863005545172e-01 3.150454704552386742e-01 -7.465803234251360519e-03 -1.148465061019674771e-01 -1.037651494176354550e-02 8.513796343123664068e-02 -4.783901161071781039e-03 -8.595183403776507358e-02 1.074842087713239261e-02
-6.014003393298442829e-03 -1.136225219805834241e-01 -6.009090184764007830e-03 3.150454704552386742e-01 5.559100032057198160e-01 3.170467676947156255e-01 2.453368657097652200e-02 -1.109021875133633650e-01 -9.061735976271538887e-03 8.149933988349897240e-02 1.774732524695737945e-02 -8.234400825131032997e-02
8.361799912447734351e-02 -1.081941541672196356e-03 -1.147255913347331735e-01 -7.465803234251360519e-03 3.170467676947156255e-01 4.358087536609716039e-01 3.100794732240147455e-01 3.947201815818219411e-02 -1.142791775310573882e-01 -1.132782930909205163e-02 8.291331953540981292e-02 1.786907030691025147e-03
2.561696331073583244e-02 8.245309084616266049e-02 -2.110163300412341153e-02 -1.148465061019674771e-01 2.453368657097652200e-02 3.100794732240147455e-01 4.685716032166263867e-01 3.212790341020515528e-01 -1.513831348651274548e-02 -1.149988829098531340e-01 1.356594332040050865e-03 8.282990785314936488e-02
-7.815672947922358560e-02 1.693199973303052136e-02 7.977044640426156352e-02 -1.037651494176354550e-02 -1.109021875133633650e-01 3.947201815818219411e-02 3.212790341020515528e-01 5.093966432848977544e-01 3.139974722592768774e-01 -1.579450216786159461e-02 -1.145413767648870568e-01 2.015394820634798523e-02
-2.226687892961604423e-02 -8.369728994312637671e-02 1.247260151737759545e-02 8.513796343123664068e-02 -9.061735976271538887e-03 -1.142791775310573882e-01 -1.513831348651274548e-02 3.139974722592768774e-01 5.415821462740155745e-01 3.175065076247478579e-01 4.041380028730705981e-03 -1.139663608419071439e-01
1.125000964954237792e-01 -4.557715309492350528e-03 -8.195387725444305826e-02 -4.783901161071781039e-03 8.149933988349897240e-02 -1.132782930909205163e-02 -1.149988829098531340e-01 -1.579450216786159461e-02 3.175065076247478579e-01 4.699586703668773291e-01 3.176180322140507717e-01 -1.169929881207349559e-02
4.078838980983050255e-02 1.141715837392587585e-01 -2.125028384934803463e-02 -8.595183403776507358e-02 1.774732524695737945e-02 8.291331953540981292e-02 1.356594332040050865e-03 -1.145413767648870568e-01 4.041380028730705981e-03 3.176180322140507717e-01 5.104780797695114281e-01 3.138043999436134213e-01
-3.154531055233399384e-01 6.104923537129445035e-03 1.142276372275319307e-01 1.074842087713239261e-02 -8.234400825131032997e-02 1.786907030691025147e-03 8.282990785314936488e-02 2.015394820634798523e-02 -1.139663608419071439e-01 -1.169929881207349559e-02 3.138043999436134213e-01 5.649021477621865017e-01
4.419252556029538148e-01 3.166546835146062944e-01 5.214547945082994435e-02 -9.736113627494084877e-02 2.000067853620628167e-02 7.252775716901754821e-02 -3.079587984373062179e-02 -6.229511981302830737e-02 3.241970218866588316e-02 1.091671259970975610e-01 -7.010766254272807196e-02 -3.149998569224612410e-01
3.166546835146062944e-01 5.708688842398175201e-01 3.150611483367043997e-01 -2.659900014385147005e-02 -1.029212554147699160e-01 3.844638799804584589e-03 7.530431940962981074e-02 -2.536643295780532936e-02 -7.978901461116361116e-02 -1.826937327119872168e-02 1.179519140166398750e-01 2.364088827031223666e-02
5.214547945082994435e-02 3.150611483367043997e-01 3.501764281771007625e-01 2.882423130006990797e-01 -2.257751791782511286e-02 -1.002659568034795640e-01 3.272752265515244813e-02 6.172210302798923631e-02 -2.661184410281111634e-02 -7.620137700195131480e-02 5.546008091268962020e-02 1.097931042029662713e-01
-9.736113627494084877e-02 -2.659900014385147005e-02 2.882423130006990797e-01 7.207340208657548875e-01 2.846245370272657005e-01 -5.076787728629043872e-02 -8.888713239316997639e-02 5.194303156604083982e-02 7.036361040639846354e-02 -6.705059958885594383e-03 -6.963454553287962145e-02 -3.879098700974312544e-03
2.000067853620628167e-02 -1.029212554147699160e-01 -2.257751791782511286e-02 2.846245370272657005e-01 3.977091008466559496e-01 3.315240685079020588e-01 1.437998503645569227e-02 -1.298698717082858445e-01 -2.965459240940394869e-02 8.079307869849688961e-02 2.579979252910357193e-03 -7.810198002094452530e-02
7.252775716901754821e-02 3.844638799804584589e-03 -1.002659568034795640e-01 -5.076787728629043872e-02 3.315240685079020588e-01 5.757389239268759784e-01 2.956646699284244950e-01 -7.771138995929889604e-02 -1.055351376507424888e-01 1.725650053815823773e-02 7.139001450898602164e-02 -6.187963575114386987e-03
-3.079587984373062179e-02 7.530431940962981074e-02 3.272752265515244813e-02 -8.888713239316997639e-02 1.437998503645569227e-02 2.956646699284244950e-01 5.320123636828357760e-01 3.415250807562456581e-01 4.986470641156184186e-02 -1.131741468223147196e-01 -1.294186409339884158e-02 8.017468937545199625e-02
-6.229511981302830737e-02 -2.536643295780532936e-02 6.172210302798923631e-02 5.194303156604083982e-02 -1.298698717082858445e-01 -7.771138995929889604e-02 3.415250807562456581e-01 5.173175577884152609e-01 2.852320768661462669e-01 2.384766099543898787e-02 -9.698206727328186061e-02 -2.399290547902612619e-02
3.241970218866588316e-02 -7.978901461116361116e-02 -2.661184410281111634e-02 7.036361040639846354e-02 -2.965459240940394869e-02 -1.055351376507424888e-01 4.986470641156184186e-02 2.852320768661462669e-01 3.413879927451440865e-01 3.124711955892787718e-01 1.810802114769051105e-02 -1.117985466076371615e-01
1.091671259970975610e-01 -1.826937327119872168e-02 -7.620137700195131480e-02 -6.705059958885594383e-03 8.079307869849688961e-02 1.725650053815823773e-02 -1.131741468223147196e-01 2.384766099543898787e-02 3.124711955892787718e-01 6.195373217309079195e-01 3.047574129508745511e-01 -2.768419895171506107e-02
-7.010766254272807196e-02 1.179519140166398750e-01 5.546008091268962020e-02 -6.963454553287962145e-02 2.579979252910357193e-03 7.139001450898602164e-02 -1.294186409339884158e-02 -9.698206727328186061e-02 1.810802114769051105e-02 3.047574129508745511e-01 4.350700239114950740e-01 3.232710955149818433e-01
-3.149998569224612410e-01 2.364088827031223666e-02 1.097931042029662713e-01 -3.879098700974312544e-03 -7.810198002094452530e-02 -6.187963575114386987e-03 8.017468937545199625e-02 -2.399290547902612619e-02 -1.117985466076371615e-01 -2.768419895171506107e-02 3.232710955149818433e-01 4.975221264820306466e-01
4.799259396651676668e-01 3.183845730303692667e-01 -3.638096892691103368e-02 -1.109442260630652405e-01 -4.858826293935235643e-03 8.105010910728445428e-02 -5.037298943659131037e-04 -8.105412174083279075e-02 -6.888304763554392932e-03 1.095991155271113238e-01 4.741139465561558519e-02 -3.158220484269864681e-01
3.183845730303692667e-01 5.475191302994351084e-01 3.124973365498138200e-01 -6.662709779454600856e-03 -1.151970355515551381e-01 1.624661674771490233e-02 8.428713307774997332e-02 -1.126454441360252509e-02 -8.604846154943343595e-02 -1.569110396809633712e-02 1.117668581867354988e-01 1.594941304082215724e-02
-3.638096892691103368e-02 3.124973365498138200e-01 5.428368162388800267e-01 3.132100027753904059e-01 3.050875527430941744e-02 -1.155490994786383258e-01 -1.980705893720779293e-02 8.379098326517406270e-02 2.883769718873635188e-02 -7.467300432154250212e-02 -5.698346544945044612e-02 1.112466970934966604e-01
-1.109442260630652405e-01 -6.662709779454600856e-03 3.132100027753904059e-01 4.019055182283768901e-01 3.118833893930205159e-01 5.259199525029319491e-03 -1.122524090309141021e-01 -2.182206078431823439e-03 8.187483585795948815e-02 2.177426563491527758e-02 -7.646708844942218253e-02 -9.929769740324589575e-03
-4.858826293935235643e-03 -1.151970355515551381e-01 3.050875527430941744e-02 3.118833893930205159e-01 5.467841244122365607e-01 3.174916267235683431e-01 -1.938207919639464705e-02 -1.148225805577061664e-01 -5.061929822976581799e-04 8.223122114920324022e-02 2.394239665395038463e-02 -8.482590765998070104e-02
8.105010910728445428e-02 1.624661674771490233e-02 -1.155490994786383258e-01 5.259199525029319491e-03 3.174916267235683431e-01 4.978096243948794131e-01 3.180816414446870910e-01 1.041701355786710248e-02 -1.142453200253521622e-01 -3.400413120502483733e-02 7.504300210465481014e-02 1.615602427538039010e-02
-5.037298943659131037e-04 8.428713307774997332e-02 -1.980705893720779293e-02 -1.122524090309141021e-01 -1.938207919639464705e-02 3.180816414446870910e-01 4.996767560895316596e-01 3.168448698221796311e-01 1.797983332229186743e-02 -1.089170323825846415e-01 -3.294453706562334994e-02 8.429124413062678844e-02
-8.105412174083279075e-02 -1.126454441360252509e-02 8.379098326517406270e-02 -2.182206078431823439e-03 -1.148225805577061664e-01 1.041701355786710248e-02 3.168448698221796311e-01 4.810434661646033616e-01 3.174117615750324251e-01 4.874257849272875531e-02 -1.069030499507173382e-01 -1.248866278662272289e-02
-6.888304763554392932e-03 -8.604846154943343595e-02 2.883769718873635188e-02 8.187483585795948815e-02 -5.061929822976581799e-04 -1.142453200253521622e-01 1.797983332229186743e-02 3.174117615750324251e-01 4.523983014832383409e-01 3.100111852364918485e-01 3.822148336574598959e-02 -1.165664100120072377e-01
1.095991155271113238e-01 -1.569110396809633712e-02 -7.467300432154250212e-02 2.177426563491527758e-02 8.223122114920324022e-02 -3.400413120502483733e-02 -1.089170323825846415e-01 4.874257849272875531e-02 3.100111852364918485e-01 4.407900196492278155e-01 3.195451367781239060e-01 -2.383206756220444811e-02
4.741139465561558519e-02 1.117668581867354988e-01 -5.698346544945044612e-02 -7.646708844942218253e-02 2.394239665395038463e-02 7.504300210465481014e-02 -3.294453706562334994e-02 -1.069030499507173382e-01 3.822148336574598959e-02 3.195451367781239060e-01 5.325347940497959787e-01 3.090293016413381832e-01
-3.158220484269864681e-01 1.594941304082215724e-02 1.112466970934966604e-01 -9.929769740324589575e-03 -8.482590765998070104e-02 1.615602427538039010e-02 8.429124413062678844e-02 -1.248866278662272289e-02 -1.165664100120072377e-01 -2.383206756220444811e-02 3.090293016413381832e-01 5.767755093246167419e-01
4.607729766311511876e-01 3.147267023975205968e-01 -3.171155755974800622e-02 -1.076588940580910925e-01 2.966951949427393959e-02 7.032734029118678509e-02 -3.415437597508772655e-02 -7.489860785846830238e-02 2.587306098161660031e-02 1.069240768223164162e-01 -5.514682086300278646e-02 -3.191165007898918438e-01
3.147267023975205968e-01 5.689064681646567312e-01 3.106508038805247951e-01 -4.476012426453342130e-02 -1.085974749565059294e-01 5.059622870125295852e-02 7.517199981500599648e-02 -3.306156011415817275e-02 -8.199541122058824627e-02 2.508727681488100505e-02 1.100656974067478200e-01 -3.320400401398353619e-03
-3.171155755974800622e-02 3.106508038805247951e-01 5.346966271379612889e-01 3.199491741890825858e-01 -1.868129897881421961e-02 -1.133715497486264961e-01 1.587843970679469335e-02 8.496718300119260325e-02 2.217895661447069969e-03 -8.401076264595150334e-02 6.578606084417166697e-03 1.164761028258289866e-01
-1.076588940580910925e-01 -4.476012426453342130e-02 3.199491741890825858e-01 5.106663262648648560e-01 3.145501067690741337e-01 -3.975632347270618289e-02 -1.100453951886142534e-01 1.416930038906403719e-02 8.190484535641756603e-02 -5.552086641957671397e-03 -8.132623133569837071e-02 -1.808197461934339667e-02
2.966951949427393959e-02 -1.085974749565059294e-01 -1.868129897881421961e-02 3.145501067690741337e-01 5.450031125224383821e-01 3.166523096094645551e-01 -1.349576771517498920e-02 -1.172785200253056992e-01 -1.146651276056783082e-02 8.460958393891859775e-02 3.595602225179381911e-03 -8.355400148606602351e-02
7.032734029118678509e-02 5.059622870125295852e-02 -1.133715497486264961e-01 -3.975632347270618289e-02 3.166523096094645551e-01 5.272001636624780163e-01 3.152920755746314030e-01 1.410302028129306259e-02 -1.098058491667184694e-01 -1.468725034116781861e-02 8.019976802239318914e-02 3.639071934615459303e-02
-3.415437597508772655e-02 7.517199981500599648e-02 1.587843970679469335e-02 -1.100453951886142534e-01 -1.349576771517498920e-02 3.152920755746314030e-01 4.628525678635250773e-01 3.183012452801609049e-01 3.886769642099485722e-02 -1.141936670602682058e-01 -1.815179310599201318e-02 7.890331033434778985e-02
-7.489860785846830238e-02 -3.306156011415817275e-02 8.496718300119260325e-02 1.416930038906403719e-02 -1.172785200253056992e-01 1.410302028129306259e-02 3.183012452801609049e-01 4.810964236904147207e-01 3.149730285082828485e-01 2.816786580700750883e-03 -1.124668811991371975e-01 -2.837824702784107894e-02
2.587306098161660031e-02 -8.199541122058824627e-02 2.217895661447069969e-03 8.190484535641756603e-02 -1.146651276056783082e-02 -1.098058491667184694e-01 3.886769642099485722e-02 3.149730285082828485e-01 4.622259307363935088e-01 3.178503196154627841e-01 8.161237277314846439e-03 -1.141817475543269178e-01
1.069240768223164162e-01 2.508727681488100505e-02 -8.401076264595150334e-02 -5.552086641957671397e-03 8.460958393891859775e-02 -1.468725034116781861e-02 -1.141936670602682058e-01 2.816786580700750883e-03 3.178503196154627841e-01 5.485823956855712114e-01 3.145825170395470938e-01 2.638031062706928942e-02
-5.514682086300278646e-02 1.100656974067478200e-01 6.578606084417166697e-03 -8.132623133569837071e-02 3.595602225179381911e-03 8.019976802239318914e-02 -1.815179310599201318e-02 -1.124668811991371975e-01 8.161237277314846439e-03 3.145825170395470938e-01 4.242527612311111085e-01 3.113506877383563354e-01
-3.191165007898918438e-01 -3.320400401398353619e-03 1.164761028258289866e-01 -1.808197461934339667e-02 -8.355400148606602351e-02 3.639071934615459303e-02 7.890331033434778985e-02 -2.837824702784107894e-02 -1.141817475543269178e-01 2.638031062706928942e-02 3.113506877383563354e-01 4.737442464094051009e-01
5.986177728097951123e-01 3.093680993537926693e-01 -1.036137856225674732e-02 -1.128656151330693636e-01 2.287033123082469078e-03 8.354962133572374494e-02 6.517921997705355269e-03 -7.998242691724963271e-02 -1.321212152327873313e-02 1.118362176329009694e-01 3.138851862632655032e-02 -3.124894329706467966e-01
3.093680993537926693e-01 5.103575554677772796e-01 3.156808959793363512e-01 1.611916775179051547e-02 -1.107452172895469072e-01 -2.674862787644915335e-02 7.669109009811966859e-02 6.441150861473614320e-02 -7.768107579624050629e-02 -5.364544670217773897e-02 1.061890370285589746e-01 6.108770886857482069e-02
-1.036137856225674732e-02 3.156808959793363512e-01 4.414834523714805670e-01 3.175631496514786378e-01 2.012105051594520813e-02 -1.146370794473031279e-01 -1.962027014148939180e-02 7.586446030678054009e-02 1.242932267137041719e-02 -7.909417014227373977e-02 -1.420080518335197980e-02 1.112671174077720648e-01
-1.128656151330693636e-01 1.611916775179051547e-02 3.175631496514786378e-01 5.382640391543200842e-01 3.134831828674625731e-01 5.514752015129915051e-03 -1.083066999016434051e-01 -5.168616296258251447e-02 8.009410582114551147e-02 3.389113401904040451e-02 -7.973110921707214638e-02 -2.781792068495260797e-02
2.287033123082469078e-03 -1.107452172895469072e-01 2.012105051594520813e-02 3.134831828674625731e-01 4.317105920368775607e-01 3.195839304028167405e-01 4.374311513256315398e-02 -1.024526012654388141e-01 -1.715398647444117686e-02 7.746344773657604099e-02 1.181826335791807785e-02 -7.967564608165553230e-02
8.354962133572374494e-02 -2.674862787644915335e-02 -1.146370794473031279e-01 5.514752015129915051e-03 3.195839304028167405e-01 5.330051835534974636e-01 3.095600439881902588e-01 5.141362119589130975e-02 -1.129162958991164062e-01 -2.176715906735944561e-02 8.230294006196253731e-02 1.102695522618995540e-02
6.517921997705355269e-03 7.669109009811966859e-02 -1.962027014148939180e-02 -1.083066999016434051e-01 4.374311513256315398e-02 3.095600439881902588e-01 3.671174237805003848e-01 3.026251547221854854e-01 1.749912374960312794e-02 -1.090779101363603953e-01 -5.884191567179254505e-03 8.034167711304462944e-02
-7.998242691724963271e-02 6.441150861473614320e-02 7.586446030678054009e-02 -5.168616296258251447e-02 -1.024526012654388141e-01 5.141362119589130975e-02 3.026251547221854854e-01 5.240246884568011687e-01 3.209594544612216493e-01 -3.080420906688214125e-02 -1.156463082446130691e-01 3.220714238935414031e-02
-1.321212152327873313e-02 -7.768107579624050629e-02 1.242932267137041719e-02 8.009410582114551147e-02 -1.715398647444117686e-02 -1.129162958991164062e-01 1.749912374960312794e-02 3.209594544612216493e-01 5.348977563126352530e-01 3.149903960267557146e-01 -7.767780187918154298e-03 -1.134439883190420939e-01
1.118362176329009694e-01 -5.364544670217773897e-02 -7.909417014227373977e-02 3.389113401904040451e-02 7.746344773657604099e-02 -2.176715906735944561e-02 -1.090779101363603953e-01 -3.080420906688214125e-02 3.149903960267557146e-01 4.877520821948345686e-01 3.177409535893630510e-01 -1.356603044332471870e-02
3.138851862632655032e-02 1.061890370285589746e-01 -1.420080518335197980e-02 -7.973110921707214638e-02 1.181826335791807785e-02 8.230294006196253731e-02 -5.884191567179254505e-03 -1.156463082446130691e-01 -7.767780187918154298e-03 3.177409535893630510e-01 5.354724172794635972e-01 3.179421607890327572e-01
