4.730792665278131803e-01 3.095710529908054509e-01 -4.246188111701826307e-02 -1.173803046437460751e-01 1.260103679532838424e-02 9.709398389763451709e-02 2.121900680173608583e-02 -1.234029523414010843e-01 -5.712828459504464516e-03 3.244536802685144550e-01
3.095710529908054509e-01 6.115865287291735175e-01 3.133834998468247868e-01 -8.560639510773522531e-03 -1.201405929286105123e-01 -2.030527979440032577e-02 8.919833174315169866e-02 1.887019651674342810e-02 -1.130770347812918436e-01 -3.150819239538757421e-02
-4.246188111701826307e-02 3.133834998468247868e-01 4.655879638511710716e-01 3.165667347748250537e-01 4.228502413743975841e-02 -1.091965925154267242e-01 -5.972114496631517749e-02 9.255270360337361502e-02 4.509407207884650465e-02 -1.167031861080086719e-01
-1.173803046437460751e-01 -8.560639510773522531e-03 3.165667347748250537e-01 4.675455566625275061e-01 3.221210586235011553e-01 3.827561974169649966e-02 -1.151028771701659986e-01 -1.313165684291101205e-02 9.414718805666086321e-02 8.272086586883333273e-03
1.260103679532838424e-02 -1.201405929286105123e-01 4.228502413743975841e-02 3.221210586235011553e-01 4.726850277431314251e-01 3.091768214775069135e-01 4.919235049876799493e-02 -1.182207133594455617e-01 -2.481491136942438197e-02 9.640008879301539824e-02
9.709398389763451709e-02 -2.030527979440032577e-02 -1.091965925154267242e-01 3.827561974169649966e-02 3.091768214775069135e-01 4.222433446121166556e-01 3.208073857300264287e-01 -3.870984593567253565e-03 -1.225042874216166200e-01 1.335838833427076440e-02
2.121900680173608583e-02 8.919833174315169866e-02 -5.972114496631517749e-02 -1.151028771701659986e-01 4.919235049876799493e-02 3.208073857300264287e-01 5.233258000385424547e-01 3.136901011243945492e-01 -1.889459273676079298e-02 -1.138417135627619731e-01
-1.234029523414010843e-01 1.887019651674342810e-02 9.255270360337361502e-02 -1.313165684291101205e-02 -1.182207133594455617e-01 -3.870984593567253565e-03 3.136901011243945492e-01 5.288461778775367383e-01 3.235671906794639341e-01 -1.886514305782203624e-02
-5.712828459504464516e-03 -1.130770347812918436e-01 4.509407207884650465e-02 9.414718805666086321e-02 -2.481491136942438197e-02 -1.225042874216166200e-01 -1.889459273676079298e-02 3.235671906794639341e-01 4.924795939356170216e-01 3.133916960396233575e-01
3.244536802685144550e-01 -3.150819239538757421e-02 -1.167031861080086719e-01 8.272086586883333273e-03 9.640008879301539824e-02 1.335838833427076440e-02 -1.138417135627619731e-01 -1.886514305782203624e-02 3.133916960396233575e-01 5.426207400223762578e-01
3.933838585520853526e-01 2.970265809188463169e-01 4.074033390180832603e-02 -1.222641385319366558e-01 -3.103169806219859342e-02 9.742847421654909912e-02 -5.525449347452544152e-03 -1.231578025357529527e-01 1.298306909171307796e-02 3.182848620810997953e-01
2.970265809188463169e-01 4.434072703430908535e-01 3.266088202634001014e-01 -5.069148188074161510e-02 -1.268341574760364354e-01 3.668111369710885111e-02 8.980929719235547504e-02 -1.618604849783275568e-02 -1.113865179514705317e-01 6.431698190713218410e-02
4.074033390180832603e-02 3.266088202634001014e-01 5.879376041861461566e-01 3.046608372725670977e-01 -4.379904520392807407e-03 -1.083489049445412189e-01 2.516737234386356992e-02 9.461280484573811322e-02 -2.812347294004701251e-02 -1.106163847053700799e-01
-1.222641385319366558e-01 -5.069148188074161510e-02 3.046608372725670977e-01 5.080252110952655498e-01 3.264384252354360916e-01 -1.156867716827894924e-02 -1.225557962377343824e-01 -1.966881184047420544e-02 1.003454242453601652e-01 -7.796213383375045006e-03
-3.103169806219859342e-02 -1.268341574760364354e-01 -4.379904520392807407e-03 3.264384252354360916e-01 4.545760017630957606e-01 3.073624628871603481e-01 -1.778122314317643129e-02 -1.176104283183039834e-01 2.663046660298844931e-02 8.815283834748724456e-02
9.742847421654909912e-02 3.668111369710885111e-02 -1.083489049445412189e-01 -1.156867716827894924e-02 3.073624628871603481e-01 6.081634360640137960e-01 3.162728211744517681e-01 4.839217018918350217e-03 -1.196865989299083222e-01 1.702331708705642765e-02
-5.525449347452544152e-03 8.980929719235547504e-02 2.516737234386356992e-02 -1.225557962377343824e-01 -1.778122314317643129e-02 3.162728211744517681e-01 4.095895935409800681e-01 3.120450895151137827e-01 8.824546671291745234e-03 -1.164152717279384741e-01
-1.231578025357529527e-01 -1.618604849783275568e-02 9.461280484573811322e-02 -1.966881184047420544e-02 -1.176104283183039834e-01 4.839217018918350217e-03 3.120450895151137827e-01 5.359383060634685947e-01 3.205670655295461691e-01 -5.279819931803528266e-02
1.298306909171307796e-02 -1.113865179514705317e-01 -2.812347294004701251e-02 1.003454242453601652e-01 2.663046660298844931e-02 -1.196865989299083222e-01 8.824546671291745234e-03 3.205670655295461691e-01 5.342881789606981346e-01 3.165617718233597611e-01
3.182848620810997953e-01 6.431698190713218410e-02 -1.106163847053700799e-01 -7.796213383375045006e-03 8.815283834748724456e-02 1.702331708705642765e-02 -1.164152717279384741e-01 -5.279819931803528266e-02 3.165617718233597611e-01 5.246905394311567328e-01
5.624885624928624983e-01 3.175914366544923539e-01 1.542822873446798339e-02 -1.175252668514518706e-01 -2.237611825164325784e-03 9.439196746402500615e-02 8.195913687053617974e-03 -1.185710872550951450e-01 -1.716565492138357601e-02 3.174270589637174234e-01
3.175914366544923539e-01 4.255013196613076643e-01 3.108748633764670810e-01 4.468645277871240162e-02 -1.190438434046303812e-01 -2.222691884125147302e-02 9.548121615460759826e-02 1.580082194579872194e-03 -1.187243946531245098e-01 1.102165082122118570e-02
1.542822873446798339e-02 3.108748633764670810e-01 4.843076571443130085e-01 3.259257486385588320e-01 -2.394135118692412162e-02 -1.233370395378914908e-01 1.844545785747497141e-02 9.581960133214857678e-02 -1.554102977244655945e-02 -1.168055545406407741e-01
-1.175252668514518706e-01 4.468645277871240162e-02 3.259257486385588320e-01 5.005207324041522909e-01 3.132739072272386904e-01 -1.772530659144592666e-05 -1.149607688602786310e-01 1.426764126741586827e-02 9.273025904355923499e-02 -2.150592486778990162e-02
-2.237611825164325784e-03 -1.190438434046303812e-01 -2.394135118692412162e-02 3.132739072272386904e-01 5.426608159733418146e-01 3.221431766754521142e-01 -2.067519204954879064e-02 -1.201662328602070562e-01 1.090706569437353661e-02 9.614730890895542559e-02
9.439196746402500615e-02 -2.222691884125147302e-02 -1.233370395378914908e-01 -1.772530659144592666e-05 3.221431766754521142e-01 4.613911320520895365e-01 3.147656088969039700e-01 -1.987581862428395608e-03 -1.168374798453746394e-01 8.241891438817846097e-03
8.195913687053617974e-03 9.548121615460759826e-02 1.844545785747497141e-02 -1.149607688602786310e-01 -2.067519204954879064e-02 3.147656088969039700e-01 5.683622555081755401e-01 3.183117725737351633e-01 -2.311179675529678040e-02 -1.192197258095085977e-01
-1.185710872550951450e-01 1.580082194579872194e-03 9.581960133214857678e-02 1.426764126741586827e-02 -1.201662328602070562e-01 -1.987581862428395608e-03 3.183117725737351633e-01 4.570155179971184256e-01 3.185011739392689667e-01 1.502932507973920619e-02
-1.716565492138357601e-02 -1.187243946531245098e-01 -1.554102977244655945e-02 9.273025904355923499e-02 1.090706569437353661e-02 -1.168374798453746394e-01 -2.311179675529678040e-02 3.185011739392689667e-01 5.492437698848723349e-01 3.184924487895514078e-01
3.174270589637174234e-01 1.102165082122118570e-02 -1.168055545406407741e-01 -2.150592486778990162e-02 9.614730890895542559e-02 8.241891438817846097e-03 -1.192197258095085977e-01 1.502932507973920619e-02 3.184924487895514078e-01 4.485082368817688847e-01
4.341036868077478572e-01 3.147547759352138930e-01 1.580882583647821166e-02 -1.171520109580020674e-01 -1.539201594139723815e-02 9.116733009530895993e-02 2.945724215197056614e-02 -1.103823459984158706e-01 -5.023165917295163707e-02 3.187325214842896548e-01
3.147547759352138930e-01 5.267792787898064599e-01 3.220962236829648107e-01 -1.261867218003415864e-02 -1.234617099182313826e-01 -1.199910318280702527e-02 9.708253537681242606e-02 2.483638621114794831e-02 -1.161400656348266502e-01 -4.094666996860163270e-03
1.580882583647821166e-02 3.220962236829648107e-01 4.892435960069730361e-01 3.167557735820603071e-01 2.086146856125947052e-02 -1.141931087836672298e-01 -3.139745947840649754e-02 8.761805561391058927e-02 3.779717466951205279e-02 -1.211973467716030012e-01
-1.171520109580020674e-01 -1.261867218003415864e-02 3.167557735820603071e-01 5.006196888141887236e-01 3.217327386105712228e-01 2.525028426035608523e-02 -1.199556585710977175e-01 -2.733339944037319058e-02 9.520017034912731102e-02 -1.941538135749168881e-03
-1.539201594139723815e-02 -1.234617099182313826e-01 2.086146856125947052e-02 3.217327386105712228e-01 4.572011644401934305e-01 3.119942523656524247e-01 3.603477706876809239e-02 -1.112889239829424615e-01 -3.080140637525592695e-02 9.760749778521418674e-02
9.116733009530895993e-02 -1.199910318280702527e-02 -1.141931087836672298e-01 2.525028426035608523e-02 3.119942523656524247e-01 4.719682290061318342e-01 3.246492830443979960e-01 1.939501079939649764e-02 -1.262753818652682936e-01 2.531913531287628694e-02
2.945724215197056614e-02 9.708253537681242606e-02 -3.139745947840649754e-02 -1.199556585710977175e-01 3.603477706876809239e-02 3.246492830443979960e-01 4.808595064981505685e-01 3.111782185926688094e-01 1.037413040884472420e-02 -1.139385618619955381e-01
-1.103823459984158706e-01 2.483638621114794831e-02 8.761805561391058927e-02 -2.733339944037319058e-02 -1.112889239829424615e-01 1.939501079939649764e-02 3.111782185926688094e-01 4.804270699424319502e-01 3.292412706464985517e-01 -5.663286411933490805e-02
-5.023165917295163707e-02 -1.161400656348266502e-01 3.779717466951205279e-02 9.520017034912731102e-02 -3.080140637525592695e-02 -1.262753818652682936e-01 1.037413040884472420e-02 3.292412706464985517e-01 5.478390125860459481e-01 2.975108249111691472e-01
3.187325214842896548e-01 -4.094666996860163270e-03 -1.211973467716030012e-01 -1.941538135749168881e-03 9.760749778521418674e-02 2.531913531287628694e-02 -1.139385618619955381e-01 -5.663286411933490805e-02 2.975108249111691472e-01 6.109587671083236415e-01
5.940380779233762620e-01 3.054333560317555318e-01 5.775960087839870222e-02 -1.134556752688241216e-01 -2.893442910217828776e-02 8.948902845184525390e-02 3.245571642927518041e-02 -1.082544537131744922e-01 -6.840804318203697054e-02 3.145795540198279561e-01
3.054333560317555318e-01 3.303457358865463656e-01 2.948048564323149656e-01 3.079161404764899079e-02 -1.117619587506636647e-01 -2.250882184578454487e-02 9.146426232382628974e-02 2.653785623756677384e-02 -1.121589549167775063e-01 6.102633363732033744e-04
5.775960087839870222e-02 2.948048564323149656e-01 5.243762965237963591e-01 3.272376300926103099e-01 -3.673479446782628582e-02 -1.276541818221889057e-01 2.903631569505799037e-02 1.052026582273890842e-01 -1.704830701559431616e-02 -1.216328928500296502e-01
-1.134556752688241216e-01 3.079161404764899079e-02 3.272376300926103099e-01 5.335698844047691569e-01 3.134980656001348231e-01 1.058016601463456288e-02 -1.164388362897159496e-01 -2.474189539083156489e-02 9.030421607509052373e-02 5.059034332667521582e-03
-2.893442910217828776e-02 -1.117619587506636647e-01 -3.673479446782628582e-02 3.134980656001348231e-01 4.819975879379615469e-01 3.229479701225496657e-01 -2.977514863930904795e-03 -1.233375060024014536e-01 -2.152554613677323467e-04 9.914015744311412137e-02
8.948902845184525390e-02 -2.250882184578454487e-02 -1.276541818221889057e-01 1.058016601463456288e-02 3.229479701225496657e-01 5.047360638554247991e-01 3.157272676006719347e-01 2.425684077621261675e-02 -1.142511833666236404e-01 1.962241630199305920e-03
3.245571642927518041e-02 9.146426232382628974e-02 2.903631569505799037e-02 -1.164388362897159496e-01 -2.977514863930904795e-03 3.157272676006719347e-01 4.873645218681597058e-01 3.219516185692928301e-01 -7.969922333938899914e-05 -1.237283595944284331e-01
-1.082544537131744922e-01 2.653785623756677384e-02 1.052026582273890842e-01 -2.474189539083156489e-02 -1.233375060024014536e-01 2.425684077621261675e-02 3.219516185692928301e-01 4.647020888183815424e-01 3.122291739693902057e-01 -1.841246650872621973e-02
-6.840804318203697054e-02 -1.121589549167775063e-01 -1.704830701559431616e-02 9.030421607509052373e-02 -2.152554613677323467e-04 -1.142511833666236404e-01 -7.969922333938899914e-05 3.122291739693902057e-01 5.623428647269986813e-01 3.209492491586509733e-01
3.145795540198279561e-01 6.102633363732033744e-04 -1.216328928500296502e-01 5.059034332667521582e-03 9.914015744311412137e-02 1.962241630199305920e-03 -1.237283595944284331e-01 -1.841246650872621973e-02 3.209492491586509733e-01 5.165268780545925198e-01
4.298150790004154342e-01 3.144114060692548840e-01 -4.988442612490637251e-03 -1.172010241241040890e-01 2.006588199063254196e-02 9.566520631212611925e-02 -7.584600844187090393e-03 -1.175866826982381874e-01 -1.484445384646111005e-02 3.189814064203437827e-01
3.144114060692548840e-01 5.651088838093014655e-01 3.191740121911387784e-01 -1.695075512635355053e-02 -1.200864871542452472e-01 -5.336570405798771871e-03 9.528370924327420055e-02 -1.414091964757650637e-03 -1.182508328732541497e-01 9.145327940344789852e-03
-4.988442612490637251e-03 3.191740121911387784e-01 4.702333783932053368e-01 3.175909412561570555e-01 -4.204512072670255757e-03 -1.180142957516076285e-01 -7.245502631145723377e-03 9.513980331254062728e-02 2.794350469285049321e-02 -1.230059071876846016e-01
-1.172010241241040890e-01 -1.695075512635355053e-02 3.175909412561570555e-01 5.374818517219785985e-01 3.200887135784672988e-01 1.174864334722761430e-02 -1.195602151663354845e-01 -5.852128785622618887e-04 9.642714314607017667e-02 -1.260948250331374657e-02
2.006588199063254196e-02 -1.200864871542452472e-01 -4.204512072670255757e-03 3.200887135784672988e-01 4.786136241824232029e-01 3.144455341433298190e-01 1.824122971500739820e-02 -1.179069710995968301e-01 -3.734166910688075519e-02 1.014249608483382414e-01
9.566520631212611925e-02 -5.336570405798771871e-03 -1.180142957516076285e-01 1.174864334722761430e-02 3.144455341433298190e-01 4.579495144913471316e-01 3.208186057822444703e-01 1.729486013559800332e-03 -1.234302470186874473e-01 2.395296989562026302e-02
-7.584600844187090393e-03 9.528370924327420055e-02 -7.245502631145723377e-03 -1.195602151663354845e-01 1.824122971500739820e-02 3.208186057822444703e-01 5.447981118783508103e-01 3.149540892562360250e-01 1.933206922167820391e-02 -1.199396452854425005e-01
-1.175866826982381874e-01 -1.414091964757650637e-03 9.513980331254062728e-02 -5.852128785622618887e-04 -1.179069710995968301e-01 1.729486013559800332e-03 3.149540892562360250e-01 4.329327615093360726e-01 3.194542241620865752e-01 -1.834464980075746834e-02
-1.484445384646111005e-02 -1.182508328732541497e-01 2.794350469285049321e-02 9.642714314607017667e-02 -3.734166910688075519e-02 -1.234302470186874473e-01 1.933206922167820391e-02 3.194542241620865752e-01 5.378807956332349871e-01 3.128560453564530053e-01
3.189814064203437827e-01 9.145327940344789852e-03 -1.230059071876846016e-01 -1.260948250331374657e-02 1.014249608483382414e-01 2.395296989562026302e-02 -1.199396452854425005e-01 -1.834464980075746834e-02 3.128560453564530053e-01 5.451859993804015758e-01
5.040385614887359367e-01 3.088134147671866003e-01 1.053124063892421289e-02 -1.114599546655341417e-01 4.772781832167238836e-02 8.174677484699519048e-02 -3.976931498148780775e-02 -1.081415746639022846e-01 5.021695523614428530e-02 3.320411116881106794e-01
3.088134147671866003e-01 4.960783761954737359e-01 3.313838882571719102e-01 -5.211270946899235201e-02 -1.038043448171302452e-01 5.035486490338418608e-02 8.708415793582031939e-02 -4.137265497067715847e-02 -1.108250225318409832e-01 -1.189168799653937680e-02
1.053124063892421289e-02 3.313838882571719102e-01 5.156061579545220264e-01 2.987580315480098947e-01 -7.551592595916498118e-02 -1.008379366155644358e-01 4.216925229555863741e-02 8.537414069585742837e-02 -3.538388288139019539e-02 -1.311145790295567271e-01
-1.114599546655341417e-01 -5.211270946899235201e-02 2.987580315480098947e-01 6.439771721591767140e-01 3.015526994187248677e-01 -5.420642170809138183e-02 -1.170660381991468629e-01 2.590614997407902562e-02 9.698428364563999038e-02 3.773268195164493355e-02
4.772781832167238836e-02 -1.038043448171302452e-01 -7.551592595916498118e-02 3.015526994187248677e-01 5.136266501229951320e-01 3.296069916708578296e-01 2.615512901558998335e-02 -1.260210744421362827e-01 -3.302272050877694959e-02 8.194921201882694739e-02
8.174677484699519048e-02 5.035486490338418608e-02 -1.008379366155644358e-01 -5.420642170809138183e-02 3.296069916708578296e-01 4.951407280772814890e-01 3.108170075845505531e-01 1.654534024433309582e-03 -1.115248077009751010e-01 -5.428606401180974955e-02
-3.976931498148780775e-02 8.708415793582031939e-02 4.216925229555863741e-02 -1.170660381991468629e-01 2.615512901558998335e-02 3.108170075845505531e-01 4.612272417641077871e-01 3.261987350404478847e-01 4.357622686867507200e-02 -1.062856083551179387e-01
-1.081415746639022846e-01 -4.137265497067715847e-02 8.537414069585742837e-02 2.590614997407902562e-02 -1.260210744421362827e-01 1.654534024433309582e-03 3.261987350404478847e-01 5.233896769522348169e-01 3.075590754455456155e-01 6.415884812463645837e-02
5.021695523614428530e-02 -1.108250225318409832e-01 -3.538388288139019539e-02 9.698428364563999038e-02 -3.302272050877694959e-02 -1.115248077009751010e-01 4.357622686867507200e-02 3.075590754455456155e-01 3.580519825207181261e-01 2.975946334817234362e-01
3.320411116881106794e-01 -1.189168799653937680e-02 -1.311145790295567271e-01 3.773268195164493355e-02 8.194921201882694739e-02 -5.428606401180974955e-02 -1.062856083551179387e-01 6.415884812463645837e-02 2.975946334817234362e-01 4.888634527647566785e-01
5.594617791461612422e-01 3.175010816631543831e-01 -2.595534753216723750e-02 -1.206220595084744329e-01 1.020123957890876031e-02 9.839139227356602513e-02 -6.792764481462578753e-03 -1.200512032933779283e-01 -2.034145188972205295e-02 3.138886553536414104e-01
3.175010816631543831e-01 5.073314933686519090e-01 3.198795059282601994e-01 7.028772994833594814e-03 -1.201310903414766484e-01 -1.716271238193027571e-02 9.602563486485124478e-02 -2.670901428348179674e-04 -1.191902333803727121e-01 -3.388437762957174221e-02
-2.595534753216723750e-02 3.198795059282601994e-01 5.041627824494308019e-01 3.190593927847731881e-01 5.062711897765158342e-03 -1.201512635968920301e-01 -9.044249748691051728e-04 9.705182610654775055e-02 2.432098956049898175e-02 -1.150979935705492285e-01
-1.206220595084744329e-01 7.028772994833594814e-03 3.190593927847731881e-01 4.827676820032189009e-01 3.184838136222833960e-01 2.351907411394655451e-02 -1.192919232456950557e-01 -1.067067462791172240e-03 9.586239872450277866e-02 2.080082507400228542e-02
1.020123957890876031e-02 -1.201310903414766484e-01 5.062711897765158342e-03 3.184838136222833960e-01 4.901010436369880319e-01 3.204087924675201871e-01 -9.770298690315051826e-03 -1.204263427624502614e-01 -1.859391974601283179e-02 9.387801566818804178e-02
9.839139227356602513e-02 -1.716271238193027571e-02 -1.201512635968920301e-01 2.351907411394655451e-02 3.204087924675201871e-01 4.809619485615997947e-01 3.161235291435218753e-01 -8.292028824448178029e-03 -1.201180487765277916e-01 -1.078976563398707962e-02
-6.792764481462578753e-03 9.602563486485124478e-02 -9.044249748691051728e-04 -1.192919232456950557e-01 -9.770298690315051826e-03 3.161235291435218753e-01 5.584198065078473938e-01 3.187847870809048523e-01 2.224446681877458032e-02 -1.172052712236963251e-01
-1.200512032933779283e-01 -2.670901428348179674e-04 9.705182610654775055e-02 -1.067067462791172240e-03 -1.204263427624502614e-01 -8.292028824448178029e-03 3.187847870809048523e-01 4.366099185830164542e-01 3.117254946573225771e-01 4.024035072059595902e-02
-2.034145188972205295e-02 -1.191902333803727121e-01 2.432098956049898175e-02 9.586239872450277866e-02 -1.859391974601283179e-02 -1.201180487765277916e-01 2.224446681877458032e-02 3.117254946573225771e-01 4.716256505658040776e-01 3.239145450149145677e-01
3.138886553536414104e-01 -3.388437762957174221e-02 -1.150979935705492285e-01 2.080082507400228542e-02 9.387801566818804178e-02 -1.078976563398707962e-02 -1.172052712236963251e-01 4.024035072059595902e-02 3.239145450149145677e-01 5.085578951772671275e-01
5.018998916512258379e-01 3.258766405186955817e-01 4.694677808515186623e-02 -1.261258803359393277e-01 -2.367897931152862512e-02 9.713624340250610889e-02 3.160485909958578310e-02 -1.024566035505497935e-01 2.476173624527030354e-02 3.104904993230719334e-01
3.258766405186955817e-01 4.757778405539450084e-01 3.144044747450622790e-01 -2.371124702926485917e-02 -1.102274735321910476e-01 1.070821396726264613e-02 8.541102021809499067e-02 2.188124136126263011e-02 -1.232497708624513133e-01 -3.768396707510906357e-02
4.694677808515186623e-02 3.144044747450622790e-01 4.756177738198859029e-01 3.203920963476856176e-01 7.207265724844320876e-03 -1.205419010419608028e-01 -2.107318628412796838e-02 8.689585652555058271e-02 -3.818118304695545390e-02 -1.206756632493114489e-01
-1.261258803359393277e-01 -2.371124702926485917e-02 3.203920963476856176e-01 5.751699329625226120e-01 3.083157710616312164e-01 -1.854335311793152419e-02 -1.087890583706195013e-01 -1.447697450123618633e-02 9.852429302910854780e-02 3.539668785662800077e-02
-2.367897931152862512e-02 -1.102274735321910476e-01 7.207265724844320876e-03 3.083157710616312164e-01 4.211057438884919790e-01 3.255731781302286798e-01 6.414299281154776933e-02 -1.058054698244476621e-01 1.457762874792578947e-02 8.933860133102572432e-02
9.713624340250610889e-02 1.070821396726264613e-02 -1.205419010419608028e-01 -1.854335311793152419e-02 3.255731781302286798e-01 5.563595609172746759e-01 3.096658567394916517e-01 -9.145264626984731665e-03 -1.149354901297399562e-01 -1.905089201960877970e-02
3.160485909958578310e-02 8.541102021809499067e-02 -2.107318628412796838e-02 -1.087890583706195013e-01 6.414299281154776933e-02 3.096658567394916517e-01 3.411408759030094551e-01 2.940222543468433702e-01 -1.998547139990807658e-02 -1.102703248836812422e-01
-1.024566035505497935e-01 2.188124136126263011e-02 8.689585652555058271e-02 -1.447697450123618633e-02 -1.058054698244476621e-01 -9.145264626984731665e-03 2.940222543468433702e-01 7.054630252485668551e-01 2.931321475677374777e-01 -3.279949692805932820e-02
2.476173624527030354e-02 -1.232497708624513133e-01 -3.818118304695545390e-02 9.852429302910854780e-02 1.457762874792578947e-02 -1.149354901297399562e-01 -1.998547139990807658e-02 2.931321475677374777e-01 3.882280414094502197e-01 3.233252739578135748e-01
3.104904993230719334e-01 -3.768396707510906357e-02 -1.206756632493114489e-01 3.539668785662800077e-02 8.933860133102572432e-02 -1.905089201960877970e-02 -1.102703248836812422e-01 -3.279949692805932820e-02 3.233252739578135748e-01 5.592373136456411098e-01
5.798809920837484366e-01 3.188785467340343738e-01 1.086864774089368532e-02 -1.163700231666474072e-01 2.325587524330315764e-02 9.664278532313702597e-02 -3.810923835206277751e-03 -1.190283816068703204e-01 2.859628333888185325e-02 3.106399665050633141e-01
3.188785467340343738e-01 5.088475271046463133e-01 3.033979501619982200e-01 4.196312577969308483e-02 -1.249042638007173134e-01 -4.425417139870722188e-02 9.591408323452396689e-02 4.481673673011324355e-02 -1.315844787708531083e-01 -3.016703185772608500e-02
1.086864774089368532e-02 3.033979501619982200e-01 3.691521205844223164e-01 3.121269389563586794e-01 -1.381439492054218655e-02 -1.185295659154553399e-01 3.698220996157937281e-03 9.633588174107338142e-02 -3.512018225310748615e-02 -1.111661490095390281e-01
-1.163700231666474072e-01 4.196312577969308483e-02 3.121269389563586794e-01 6.096354299892782214e-01 3.113407160500983872e-01 -1.146334900555026452e-02 -1.157849084576195453e-01 3.960200792788190656e-03 9.077508087147362348e-02 -1.154747512474667281e-02
2.325587524330315764e-02 -1.249042638007173134e-01 -1.381439492054218655e-02 3.113407160500983872e-01 4.587026669007686630e-01 3.203952559953313073e-01 3.436855001737242066e-02 -1.219206701723691694e-01 7.407072799694795415e-03 9.489919093007714856e-02
9.664278532313702597e-02 -4.425417139870722188e-02 -1.185295659154553399e-01 -1.146334900555026452e-02 3.203952559953313073e-01 4.834135985251412082e-01 3.173238668110013316e-01 -7.908322572069696049e-03 -1.154322021505523599e-01 1.340100566286098714e-02
-3.810923835206277751e-03 9.591408323452396689e-02 3.698220996157937281e-03 -1.157849084576195453e-01 3.436855001737242066e-02 3.173238668110013316e-01 4.916762163261765295e-01 3.205401332561700345e-01 -4.050169936547614452e-02 -1.170979119088651627e-01
-1.190283816068703204e-01 4.481673673011324355e-02 9.633588174107338142e-02 3.960200792788190656e-03 -1.219206701723691694e-01 -7.908322572069696049e-03 3.205401332561700345e-01 5.501649545826756693e-01 3.113978595632554969e-01 -1.151052092373172110e-02
2.859628333888185325e-02 -1.315844787708531083e-01 -3.512018225310748615e-02 9.077508087147362348e-02 7.407072799694795415e-03 -1.154322021505523599e-01 -4.050169936547614452e-02 3.113978595632554969e-01 5.447900602575772577e-01 3.180444536877513606e-01
3.106399665050633141e-01 -3.016703185772608500e-02 -1.111661490095390281e-01 -1.154747512474667281e-02 9.489919093007714856e-02 1.340100566286098714e-02 -1.170979119088651627e-01 -1.151052092373172110e-02 3.180444536877513606e-01 4.037364336455605551e-01
5.030058672113970619e-01 3.233696429703984965e-01 9.878861494987855457e-03 -1.218409333530641458e-01 -2.572205670427231416e-02 8.890103771833658686e-02 5.494238413836725898e-02 -1.165687131939016491e-01 -3.332603946284144747e-02 3.112723185437161755e-01
3.233696429703984965e-01 5.058117980001263225e-01 3.170647237564639953e-01 5.249158227503472954e-03 -1.186147012385861399e-01 -3.435630430620398301e-02 8.522737593726115168e-02 2.357623277656213309e-02 -1.148507944620128091e-01 -3.585314188931571638e-02
9.878861494987855457e-03 3.170647237564639953e-01 4.827446614943141090e-01 3.195881510626711330e-01 3.576867851506648766e-02 -1.099130170163533787e-01 -5.328299815359133218e-02 9.519561941972792818e-02 2.358862668093452547e-02 -1.178127527194834101e-01
-1.218409333530641458e-01 5.249158227503472954e-03 3.195881510626711330e-01 4.808182812891416691e-01 3.184935474504292374e-01 4.871981200733580680e-02 -1.112122406465438779e-01 -1.462113605748845482e-02 9.325622309553405209e-02 1.489939182298088798e-02
-2.572205670427231416e-02 -1.186147012385861399e-01 3.576867851506648766e-02 3.184935474504292374e-01 4.389806169227005728e-01 3.076949618173587808e-01 5.350902876582996903e-02 -1.206365466526553298e-01 -1.046718971244388167e-02 9.795386552864776553e-02
8.890103771833658686e-02 -3.435630430620398301e-02 -1.099130170163533787e-01 4.871981200733580680e-02 3.076949618173587808e-01 4.387902851805346449e-01 3.250541096927134221e-01 -2.447746676934562521e-02 -1.195830024366022898e-01 2.079958579125545590e-02
5.494238413836725898e-02 8.522737593726115168e-02 -5.328299815359133218e-02 -1.112122406465438779e-01 5.350902876582996903e-02 3.250541096927134221e-01 5.209730061034318904e-01 3.078752882374236610e-01 -3.197481959388047412e-02 -1.123918345333121266e-01
-1.165687131939016491e-01 2.357623277656213309e-02 9.519561941972792818e-02 -1.462113605748845482e-02 -1.206365466526553298e-01 -2.447746676934562521e-02 3.078752882374236610e-01 5.768817180039131909e-01 3.210400267070261937e-01 -2.686174711945667551e-02
-3.332603946284144747e-02 -1.148507944620128091e-01 2.358862668093452547e-02 9.325622309553405209e-02 -1.046718971244388167e-02 -1.195830024366022898e-01 -3.197481959388047412e-02 3.210400267070261937e-01 4.608607871452047311e-01 3.151189445020817770e-01
3.112723185437161755e-01 -3.585314188931571638e-02 -1.178127527194834101e-01 1.489939182298088798e-02 9.795386552864776553e-02 2.079958579125545590e-02 -1.123918345333121266e-01 -2.686174711945667551e-02 3.151189445020817770e-01 5.911329786492344196e-01
5.557094750829205676e-01 3.133361498870342876e-01 -3.168449765686486008e-02 -1.107850544277835664e-01 2.774132631947116151e-02 9.316000745182474729e-02 -1.037685895245518686e-02 -1.172169961549351658e-01 2.890066354815764432e-02 3.227627792574820909e-01
3.133361498870342876e-01 5.069717249455305552e-01 3.221169637515374773e-01 -3.929280741131629950e-02 -1.194317984144998013e-01 1.463241028777115781e-02 9.801559796558934057e-02 -5.920636269705274561e-03 -1.198672440135764988e-01 -2.402267016523466567e-02
-3.168449765686486008e-02 3.221169637515374773e-01 5.518864677987233014e-01 3.119007370324057282e-01 -2.050991949539372750e-02 -1.185409956960673528e-01 -3.878460142027902700e-03 9.493746779943429415e-02 -6.267032668958994607e-03 -1.202593432954698061e-01
-1.107850544277835664e-01 -3.929280741131629950e-02 3.119007370324057282e-01 5.289676581573716785e-01 3.222493732351596196e-01 1.390148896525557690e-02 -1.203520526809710722e-01 -1.698960071306290787e-02 9.883507556495982338e-02 4.643643740497382932e-02
2.774132631947116151e-02 -1.194317984144998013e-01 -2.050991949539372750e-02 3.222493732351596196e-01 4.680964400001816905e-01 3.155455288431098237e-01 3.234541680813619868e-02 -1.160705482249882875e-01 -1.030223023038371981e-02 9.037977064916086212e-02
9.316000745182474729e-02 1.463241028777115781e-02 -1.185409956960673528e-01 1.390148896525557690e-02 3.155455288431098237e-01 4.817581089391222426e-01 3.210591805351280525e-01 4.812336334521455199e-03 -1.231253612258891850e-01 -3.573756293571918319e-02
-1.037685895245518686e-02 9.801559796558934057e-02 -3.878460142027902700e-03 -1.203520526809710722e-01 3.234541680813619868e-02 3.210591805351280525e-01 4.693583494900890329e-01 3.153244189175695711e-01 -1.984976558491040148e-03 -1.178784144762936859e-01
-1.172169961549351658e-01 -5.920636269705274561e-03 9.493746779943429415e-02 -1.698960071306290787e-02 -1.160705482249882875e-01 4.812336334521455199e-03 3.153244189175695711e-01 5.463079318923995675e-01 3.214700334948281113e-01 3.627793856445325066e-02
2.890066354815764432e-02 -1.198672440135764988e-01 -6.267032668958994607e-03 9.883507556495982338e-02 -1.030223023038371981e-02 -1.231253612258891850e-01 -1.984976558491040148e-03 3.214700334948281113e-01 4.343761102141624475e-01 3.079958406084098432e-01
3.227627792574820909e-01 -2.402267016523466567e-02 -1.202593432954698061e-01 4.643643740497382932e-02 9.037977064916086212e-02 -3.573756293571918319e-02 -1.178784144762936859e-01 3.627793856445325066e-02 3.079958406084098432e-01 4.565677334794879805e-01
6.025953147779534724e-01 3.092445008860305045e-01 -1.383767957778313934e-02 -1.175756112756500271e-01 6.667302673883804612e-03 9.661472796896677928e-02 2.245727307804288014e-03 -1.178734194421405812e-01 -2.061595891811192002e-02 3.152060724842274397e-01
3.092445008860305045e-01 5.149058085312233635e-01 3.185254957898276951e-01 1.235168236373070452e-02 -1.173917702071291258e-01 -2.459685915925372002e-02 9.127109544163145016e-02 7.206326437685114938e-02 -1.148055253303166545e-01 -6.553093279902666435e-02
-1.383767957778313934e-02 3.185254957898276951e-01 4.451585708040823874e-01 3.184500003591653194e-01 1.605778599383664990e-02 -1.200053769242073742e-01 -1.525751425867616709e-02 9.097004384313477077e-02 1.043298892280607182e-02 -1.161945200177420257e-01
-1.175756112756500271e-01 1.235168236373070452e-02 3.184500003591653194e-01 5.418771173297582955e-01 3.157074878478957070e-01 2.606184042128276666e-03 -1.147519733035497758e-01 -5.298580966492973110e-02 9.433655215625734447e-02 3.475098654141857424e-02
6.667302673883804612e-03 -1.173917702071291258e-01 1.605778599383664990e-02 3.157074878478957070e-01 4.357257775028077762e-01 3.209785441643738801e-01 3.942666759740494353e-02 -1.097966289688746266e-01 -1.353706522044552732e-02 9.127897600864520733e-02
9.661472796896677928e-02 -2.459685915925372002e-02 -1.200053769242073742e-01 2.606184042128276666e-03 3.209785441643738801e-01 5.361784979742565405e-01 3.116107026901268062e-01 5.010723794447160401e-02 -1.190180080845090332e-01 -2.036191018571499589e-02
2.245727307804288014e-03 9.127109544163145016e-02 -1.525751425867616709e-02 -1.147519733035497758e-01 3.942666759740494353e-02 3.116107026901268062e-01 3.717446406801847569e-01 3.059079895013799288e-01 1.272717385057415759e-02 -1.149047889586099214e-01
-1.178734194421405812e-01 7.206326437685114938e-02 9.097004384313477077e-02 -5.298580966492973110e-02 -1.097966289688746266e-01 5.010723794447160401e-02 3.059079895013799288e-01 5.274409149001153541e-01 3.205151904207959590e-01 -3.317005923556668595e-02
-2.061595891811192002e-02 -1.148055253303166545e-01 1.043298892280607182e-02 9.433655215625734447e-02 -1.353706522044552732e-02 -1.190180080845090332e-01 1.272717385057415759e-02 3.205151904207959590e-01 5.399574790606200825e-01 3.182414688144390436e-01
3.152060724842274397e-01 -6.553093279902666435e-02 -1.161945200177420257e-01 3.475098654141857424e-02 9.127897600864520733e-02 -2.036191018571499589e-02 -1.149047889586099214e-01 -3.317005923556668595e-02 3.182414688144390436e-01 4.844158784390079076e-01
4.862807812465470003e-01 3.250248730683084064e-01 2.327258778187192567e-02 -1.258129557451503899e-01 -1.174878693828849963e-02 9.755476049255755455e-02 2.502374607499856934e-02 -1.165142565872730185e-01 -3.581441493307892243e-03 3.107616844844408588e-01
3.250248730683084064e-01 5.117154728500278305e-01 3.158069072412015288e-01 -3.356151908040541643e-02 -1.137213094645797978e-01 1.667025403143543652e-04 9.035275301800270442e-02 6.575860309387623372e-03 -1.138158189532280651e-01 -4.598628969241601999e-02
2.327258778187192567e-02 3.158069072412015288e-01 4.914356177974110729e-01 3.225512899909028786e-01 1.093036618175894162e-02 -1.210004987667385318e-01 -2.441305004195349487e-02 9.530952854544888497e-02 2.631116999563417463e-03 -1.175786505701451184e-01
-1.258129557451503899e-01 -3.356151908040541643e-02 3.225512899909028786e-01 5.547394519294732707e-01 3.105732548978950014e-01 1.310776576180120237e-02 -1.112889297736396749e-01 -1.075328182101042279e-02 9.017183356327564125e-02 4.104002984457084252e-02
-1.174878693828849963e-02 -1.137213094645797978e-01 1.093036618175894162e-02 3.105732548978950014e-01 4.114634180743832470e-01 3.168278244848184988e-01 5.403787804554097129e-02 -1.182608342552140535e-01 -1.834826911358664742e-02 9.094626344424344699e-02
9.755476049255755455e-02 1.667025403143543652e-04 -1.210004987667385318e-01 1.310776576180120237e-02 3.168278244848184988e-01 5.150069776723261716e-01 3.217120486941208446e-01 -2.411561192308047871e-02 -1.164924876041221330e-01 -1.048482292470546973e-02
2.502374607499856934e-02 9.035275301800270442e-02 -2.441305004195349487e-02 -1.112889297736396749e-01 5.403787804554097129e-02 3.217120486941208446e-01 4.426721852537595647e-01 3.135820282588728247e-01 1.169763272751598963e-02 -1.149477092740446571e-01
-1.165142565872730185e-01 6.575860309387623372e-03 9.530952854544888497e-02 -1.075328182101042279e-02 -1.182608342552140535e-01 -2.411561192308047871e-02 3.135820282588728247e-01 6.011546231655041650e-01 3.123403394242035835e-01 -4.466908405657780273e-03
-3.581441493307892243e-03 -1.138158189532280651e-01 2.631116999563417463e-03 9.017183356327564125e-02 -1.834826911358664742e-02 -1.164924876041221330e-01 1.169763272751598963e-02 3.123403394242035835e-01 3.785566706654438507e-01 3.105066831266550254e-01
3.107616844844408588e-01 -4.598628969241601999e-02 -1.175786505701451184e-01 4.104002984457084252e-02 9.094626344424344699e-02 -1.048482292470546973e-02 -1.149477092740446571e-01 -4.466908405657780273e-03 3.105066831266550254e-01 6.069748013451176094e-01
5.130979369107865340e-01 3.238309771210788335e-01 -2.589279740797853502e-02 -1.176155187842500977e-01 -1.521836298291397507e-02 9.671007258592315137e-02 2.085191655075464921e-03 -1.199044559911298102e-01 -2.608378393277525215e-02 3.137356384297890211e-01
3.238309771210788335e-01 4.723818878507555219e-01 3.109524544725336126e-01 -1.298962108711655683e-02 -1.208160124447922729e-01 2.470727412658257557e-02 9.562285738168019300e-02 -1.968520668500505291e-02 -1.239634799832717710e-01 3.068712104997125059e-03
-2.589279740797853502e-02 3.109524544725336126e-01 6.031504100295214110e-01 3.133619806358888260e-01 1.293742394326387150e-02 -1.186465736638646074e-01 -3.678356904267089840e-03 9.608477173367414859e-02 2.791074085715597453e-02 -1.138125238064089800e-01
-1.176155187842500977e-01 -1.298962108711655683e-02 3.133619806358888260e-01 3.923645217955422093e-01 3.117475411273366026e-01 1.112356200514537201e-02 -1.164465665944887790e-01 -1.140568959447338902e-02 9.124134708771500235e-02 1.962507179570712607e-02
-1.521836298291397507e-02 -1.208160124447922729e-01 1.293742394326387150e-02 3.117475411273366026e-01 5.479839597456852562e-01 3.196673281255780763e-01 -3.261389676482162603e-02 -1.233532786123046066e-01 8.840185431570114251e-04 9.891159085923104111e-02
9.671007258592315137e-02 2.470727412658257557e-02 -1.186465736638646074e-01 1.112356200514537201e-02 3.196673281255780763e-01 5.101221941018716510e-01 3.188855860583901247e-01 2.004361452280455785e-02 -1.155478357742735496e-01 -2.689438701716782842e-02
2.085191655075464921e-03 9.562285738168019300e-02 -3.678356904267089840e-03 -1.164465665944887790e-01 -3.261389676482162603e-02 3.188855860583901247e-01 4.964582795029987006e-01 3.197028674528366032e-01 2.617466137482056532e-02 -1.192283915347305545e-01
-1.199044559911298102e-01 -1.968520668500505291e-02 9.608477173367414859e-02 -1.140568959447338902e-02 -1.233532786123046066e-01 2.004361452280455785e-02 3.197028674528366032e-01 4.575387810506554298e-01 3.135352468015232263e-01 2.450160899564757591e-02
-2.608378393277525215e-02 -1.239634799832717710e-01 2.791074085715597453e-02 9.124134708771500235e-02 8.840185431570114251e-04 -1.155478357742735496e-01 2.617466137482056532e-02 3.135352468015232263e-01 4.740779210797332333e-01 3.231972959420877922e-01
3.137356384297890211e-01 3.068712104997125059e-03 -1.138125238064089800e-01 1.962507179570712607e-02 9.891159085923104111e-02 -2.689438701716782842e-02 -1.192283915347305545e-01 2.450160899564757591e-02 3.231972959420877922e-01 5.328241079324504970e-01
5.194852738367428113e-01 3.172786250105416039e-01 -1.970980384182440329e-02 -1.210010595600453098e-01 2.585622058064234938e-04 9.768869157636383971e-02 -3.574465769169823080e-03 -1.213428784637994307e-01 1.592698857303051149e-02 3.191589432030464968e-01
3.172786250105416039e-01 5.261877783504049777e-01 3.204111785137688240e-01 1.642637822471632383e-02 -1.195098937579867765e-01 -1.586320479446220576e-03 9.616046961673056781e-02 1.177231929861814394e-02 -1.204512553640381955e-01 -6.381667658823557063e-03
-1.970980384182440329e-02 3.204111785137688240e-01 4.805693264171200796e-01 3.165831440602759894e-01 1.867808982896738967e-02 -1.207789740425639913e-01 -1.058724731061664107e-02 9.672150239001582606e-02 -6.849668190954498470e-04 -1.201195014048888621e-01
-1.210010595600453098e-01 1.642637822471632383e-02 3.165831440602759894e-01 4.658722667064261191e-01 3.196758195426497862e-01 -9.547549250832737186e-03 -1.203516572359664832e-01 -5.789162213465407717e-04 9.703059262245652961e-02 -6.095804372447994127e-03
2.585622058064234938e-04 -1.195098937579867765e-01 1.867808982896738967e-02 3.196758195426497862e-01 5.256555549126047389e-01 3.179035903072974234e-01 -6.120270161203564090e-03 -1.201420934190043227e-01 1.613957098992954697e-02 9.613004548408229932e-02
9.768869157636383971e-02 -1.586320479446220576e-03 -1.207789740425639913e-01 -9.547549250832737186e-03 3.179035903072974234e-01 5.085169349069649236e-01 3.195453294154068091e-01 9.467152603729735855e-03 -1.218253995548675278e-01 -5.057463498838624810e-03
-3.574465769169823080e-03 9.616046961673056781e-02 -1.058724731061664107e-02 -1.203516572359664832e-01 -6.120270161203564090e-03 3.195453294154068091e-01 4.744341068688434637e-01 3.185536299431991347e-01 -1.411890717404890028e-02 -1.190802354703042742e-01
