1.266494767417940814e-01 1.960254265746722568e-01 9.276237535512710242e-02 4.656053829647480158e-02 3.512974260827973760e-02 3.996018225811943242e-02 9.141089765359011743e-02 1.284236432263310135e-01 1.195686020821292994e-01 1.235091152034820811e-01
3.785024945881604319e-02 5.876026593500609935e-02 1.501294609688631765e-01 1.150852318287651360e-01 9.445352499528851531e-02 1.346446367223547158e-01 7.744553355596275890e-02 1.128950349224616956e-01 1.353714421458800665e-01 8.336461946660189692e-02
1.020555214234215580e-01 6.084597941182889186e-02 6.635958695065920232e-02 1.002632998890626570e-01 1.220537818162394927e-01 1.075432465965118212e-01 1.322555891586173760e-01 1.027497901639528588e-01 1.130283810469330380e-01 9.284482354277298621e-02
9.783561258558931550e-02 1.023316817198866024e-01 9.676617120921324200e-02 7.779952793283424761e-02 5.453271736345809834e-02 4.998652295966075215e-02 6.085594942315225575e-02 8.976478332320549092e-02 1.689185975968168774e-01 2.012084358861832289e-01
1.256639219716401135e-01 4.237428615202157300e-02 7.812040368577791161e-02 1.216432667490286446e-01 9.632171721681356824e-02 8.577175472003942258e-02 6.899157089874533022e-02 7.946415213918912868e-02 1.428097162115172791e-01 1.588392102552273755e-01
8.557496617472103162e-02 1.241315024465479006e-01 1.074971424981569917e-01 1.128597329111326597e-01 8.056597036350247876e-02 6.961209437340334927e-02 9.117256561157029149e-02 7.723803869682017986e-02 1.243285544466903730e-01 1.270194324774550076e-01
8.265062227136746320e-02 1.057210938887594848e-01 1.566543112124896830e-01 2.489914309799846903e-01 1.526634296230340582e-01 8.688144649554573051e-02 5.666084381560576588e-02 4.143195149517797660e-02 2.350271082130959283e-02 4.484215939672566570e-02
1.597043244924292449e-01 1.270081424293552641e-01 9.376922354534755755e-02 7.817243542013506408e-02 8.106983936382937406e-02 9.927725716737416384e-02 1.181182369571826818e-01 6.620377670514041024e-02 6.589690244464829760e-02 1.107798614745579557e-01
8.918254423186336433e-02 7.218969133307537311e-02 9.287770059184247140e-02 1.140409046482520755e-01 6.532756865800566637e-02 6.222598490493320977e-02 6.848682757007232280e-02 2.449066824903725625e-01 9.611527348586844377e-02 9.464682208571456590e-02
1.279580226794051478e-01 8.938013837190816879e-02 5.868672436129054870e-02 1.309634275754257560e-01 8.504679127040547237e-02 7.222489705945053795e-02 9.693553732471710260e-02 1.445307084676645815e-01 1.212560131805944241e-01 7.301773970913852385e-02
1.364352379798460524e-01 9.500572254309970488e-02 6.183362924920745435e-02 3.966511400153423239e-02 3.083993274495713463e-02 4.649788902928531087e-02 1.160617055763488448e-01 1.708405804788177829e-01 1.262065806196239204e-01 1.766136077772797186e-01
1.327495944710902487e-01 1.407906192940845957e-01 1.602080228793959504e-01 1.265120069909697609e-01 7.800782223855734498e-02 6.665792567163422722e-02 7.365218831958872392e-02 9.107308866808129511e-02 5.911266028752633350e-02 7.123607117907179709e-02
2.043015972244202894e-01 1.276933050144507253e-01 7.707434847561243918e-02 7.948856148366888197e-02 5.431581372775241834e-02 5.297302127504299740e-02 4.008403259147494402e-02 9.134164151057708181e-02 1.378562123226325931e-01 1.348714663743675324e-01
1.240024523389106903e-01 1.056333072743713686e-01 1.106856528234697185e-01 1.039270219172587495e-01 5.679129931156676886e-02 6.211627130516436668e-02 7.822426657956690899e-02 1.237432067396747187e-01 8.175361036570893969e-02 1.531229113443079159e-01
1.121072027966761031e-01 1.138883819198530239e-01 1.469871560795071586e-01 7.588735036629612463e-02 1.106777882775485111e-01 1.143622410557088298e-01 8.147068562489981347e-02 6.038205197399012375e-02 7.123043434049519673e-02 1.130067075650252051e-01
1.110997599452649698e-01 1.178307242380607078e-01 8.476450222010377400e-02 7.774510956412855611e-02 1.059112447054244011e-01 1.055356607630217880e-01 9.424318385477313542e-02 1.136668806394895703e-01 1.045246000247709584e-01 8.467833404496234728e-02
7.182008289882496621e-02 9.053957477967952694e-02 1.271699308198646627e-01 1.188894689174501695e-01 9.171985920966174710e-02 8.530163636507355485e-02 1.545647847403374409e-01 1.222732899659134120e-01 7.780695339192052196e-02 5.991441891127394226e-02
1.065324367363559566e-01 1.001969458736736429e-01 6.869071953312415324e-02 7.025274499891445701e-02 7.830974044373427423e-02 1.086338097267479375e-01 9.503458729292135754e-02 1.040466812801993657e-01 1.221725157358364566e-01 1.461298183784923710e-01
1.512440787059393388e-01 1.341412513305790533e-01 5.718202870908811741e-02 5.962219742712885490e-02 5.184700053413415777e-02 1.293842026490284181e-01 9.300975447231513149e-02 6.357992299178533147e-02 1.161498742543372598e-01 1.438396889256643996e-01
9.056429887495905107e-02 8.388513506680173037e-02 1.140070031565367514e-01 1.473220132890037670e-01 9.764231477871254672e-02 4.214311075511417704e-02 4.832943448734992875e-02 9.374813730234454745e-02 1.508764255428443890e-01 1.314821267463329724e-01
3.331116412162554719e-02 7.143662145309399858e-02 1.891132118429558751e-01 1.585281336316244349e-01 8.496284941362931831e-02 7.604138174824065510e-02 1.819574939157755922e-01 1.186429555230641836e-01 5.295817532785317139e-02 3.304801302213745962e-02
1.428895396513995553e-01 1.305499389310228464e-01 8.974013213329756766e-02 8.793977918360899870e-02 6.377940649025859443e-02 6.813347211635603640e-02 7.433286542196024249e-02 1.548494923326373118e-01 1.121623732306726434e-01 7.562300050878641156e-02
1.349478489325434127e-01 1.039510325596607609e-01 1.311562122668413766e-01 1.065200692539129967e-01 5.389858784790337032e-02 4.859750691840261649e-02 6.948908217594808312e-02 1.407204195704101768e-01 1.074910915170041448e-01 1.032281489573732974e-01
4.550251333464887943e-02 7.066785306927245158e-02 1.943690784768351554e-01 1.307295727845984579e-01 8.560658686978203646e-02 7.916927159544599746e-02 1.175192582549821063e-01 1.272585644482863154e-01 9.095024454673908409e-02 5.822705661940939803e-02
7.152804832303841232e-02 9.920836868876753423e-02 9.731763127736978158e-02 1.089069520787854378e-01 6.520684767996011433e-02 9.935748977326663844e-02 8.186676588112100361e-02 7.481243787467034556e-02 1.498163843849358579e-01 1.519790740380849159e-01
4.921100575921305564e-02 6.086117744432687632e-02 5.186099752340930097e-02 1.069376145591454386e-01 1.427427652853010542e-01 1.365404623033846798e-01 1.182503935804913309e-01 1.783283328318633620e-01 9.542417533219874071e-02 5.984307538066629961e-02
1.856515811884754119e-01 1.260073246294884930e-01 9.215915974130606259e-02 5.584870898345541818e-02 7.356266455929297288e-02 8.913266845009633343e-02 9.181322530684878080e-02 5.901880247373037652e-02 7.150701826349674384e-02 1.552988464038093652e-01
7.661593599085830819e-02 5.188697324024713065e-02 5.247724220574589982e-02 5.274957368322560902e-02 8.406772292093933618e-02 1.738803954718462774e-01 1.441413336523866551e-01 1.073833027542018675e-01 1.216842222486389513e-01 1.351132978319100897e-01
1.196574566978078485e-01 1.286925927777410328e-01 1.374198631836360263e-01 7.665249412729605027e-02 6.375292234250809487e-02 7.210917346829713581e-02 5.566371405917431431e-02 9.158587064895754026e-02 1.300530292936450394e-01 1.244128834009372714e-01
1.174643916338577038e-01 9.171367760697424210e-02 9.911898392188868423e-02 6.633508678178173801e-02 5.214339405924317550e-02 3.885269719721658188e-02 6.900652246271883616e-02 1.291035773574674139e-01 2.152791079098498039e-01 1.209825610690018483e-01
6.628038617357277784e-02 9.263525027034380521e-02 1.027945183249547589e-01 9.639036362041844552e-02 9.847557127411503408e-02 9.477727358561782722e-02 1.361189248195985024e-01 1.281640926928900026e-01 1.145296197581000541e-01 6.983399948038886140e-02
5.468628813917494891e-02 4.628460793206252977e-02 8.427341121978888794e-02 9.165901335929695082e-02 8.904999588101709940e-02 1.185672804238529776e-01 1.490723400480010730e-01 1.160499243474029940e-01 1.247136631175616295e-01 1.256434755318410756e-01
1.023392629906335893e-01 1.313937155641620169e-01 1.765070049243654959e-01 1.173457298214835715e-01 6.006892377896701218e-02 4.867680207652608226e-02 6.278670581067263834e-02 9.083443637802027237e-02 1.002810073273083524e-01 1.097664113278609271e-01
9.062985985993921023e-02 1.194231652989547754e-01 7.970136242333902832e-02 9.448131384541944011e-02 8.214329928685885907e-02 1.894763598562163587e-01 1.381711839541428788e-01 8.770004730532331150e-02 5.804989155021322150e-02 6.022351661959286784e-02
1.039908645544413701e-01 7.299845762522833015e-02 6.608817265820465803e-02 8.534418691379744293e-02 9.570750575901969259e-02 1.703244059310926040e-01 1.334566631713257900e-01 8.574153394896853742e-02 9.323007265655910980e-02 9.311813678136271477e-02
1.038727627355737204e-01 8.863678041859515688e-02 1.256416886070027550e-01 1.489951982613152981e-01 1.123937515067097992e-01 5.346211294580002771e-02 6.103914630499152755e-02 6.803151229865725402e-02 1.247605429399929466e-01 1.131665039813617157e-01
5.179845633505331115e-02 7.325312422634744358e-02 1.107605099371404278e-01 1.810937958031050010e-01 5.464870178334744338e-02 7.377416114341464604e-02 1.440838312130758858e-01 1.271101090046316551e-01 1.166336851227498944e-01 6.684362543113429866e-02
1.311288060643570896e-01 9.222293789555549570e-02 8.292303331559547352e-02 9.524937965286711661e-02 7.844212320868954036e-02 9.460491490598275932e-02 1.157051816191194682e-01 1.023034361896802968e-01 9.770598134706502680e-02 1.097142058010876914e-01
1.320537566581697353e-01 1.258359348609550399e-01 8.458003632742690237e-02 8.464430080192454631e-02 6.546273026125695726e-02 6.336827963416140352e-02 8.931323449626182853e-02 9.056862689945269218e-02 1.225750681233299388e-01 1.415980319370611085e-01
7.527360006377994961e-02 6.900675332937229733e-02 9.453655772363062093e-02 1.218567159743316614e-01 9.139521037658190905e-02 7.967778809140296792e-02 9.476661424750110196e-02 9.846315334737598679e-02 1.143389863271365298e-01 1.606846205188870447e-01
4.624239007258185846e-02 8.129376328182214007e-02 1.659302266176701512e-01 7.751792667651921653e-02 7.171008991657890075e-02 1.193467026345140236e-01 1.483173999434330703e-01 1.170586192506194168e-01 1.071563156675761491e-01 6.542656593868508008e-02
9.215712504780590453e-02 1.646653530835918700e-01 1.030743451192220328e-01 4.379759630645051888e-02 3.352993481963344180e-02 6.387198645965189159e-02 1.077730880768249105e-01 1.062003506514311024e-01 1.477719467981543910e-01 1.371582736372341793e-01
5.912423687832567276e-02 6.508825569955617452e-02 7.959356528119221341e-02 1.319594157711455051e-01 1.259626601262497370e-01 1.258102767191191240e-01 1.280738362341616865e-01 9.030975660546855521e-02 9.131744373170641582e-02 1.027605529530749295e-01
8.370839361720010252e-02 1.097859498365468256e-01 1.487996790480612119e-01 1.224323219672698027e-01 8.865941632721396903e-02 8.024757310487058704e-02 7.918482522476739949e-02 6.450309425612332781e-02 8.475399591782747932e-02 1.379247507001193918e-01
9.857018974215853158e-02 3.893312606822632582e-02 5.732101611060828883e-02 1.377141481797798939e-01 7.849041635273941442e-02 1.351924583724800621e-01 1.495652788679322498e-01 1.359047522029888655e-01 9.842770119900456915e-02 6.988091290408197931e-02
3.957356526823845033e-02 3.672431936339667219e-02 6.103991346873759855e-02 9.704715195577698350e-02 1.374101302040396932e-01 1.365446300318164941e-01 7.168552420942628234e-02 1.422898747050662938e-01 1.987110047395078682e-01 7.897388605399383033e-02
1.067327125909557084e-01 8.149464655147670156e-02 9.299261702851280287e-02 1.492627389871089005e-01 1.059293754823197042e-01 8.839313796477604734e-02 1.176083516321975858e-01 7.975803356056460069e-02 8.434478700059044876e-02 9.348359920149747204e-02
5.836445554897465304e-02 8.271304911830953954e-02 1.414905522937432991e-01 1.422318465297611745e-01 8.587097101812279920e-02 9.943897264391500512e-02 1.100782175173839472e-01 1.177930790394333682e-01 8.417027969707914503e-02 7.784857659327740209e-02
1.405605308139290521e-01 1.014489568027547028e-01 6.866180175555709753e-02 4.886725003845965309e-02 1.145352839188351624e-01 9.623662508029308393e-02 1.322129751969273737e-01 1.077188451913630718e-01 8.400796894280726512e-02 1.057497622590734820e-01
4.209832868602499806e-02 6.810917928013648925e-02 1.045201844830558058e-01 1.368886847308468102e-01 2.648502920852032760e-01 1.592540117299732494e-01 8.289097202636247497e-02 5.287342842836526002e-02 4.580160729306251982e-02 4.271331125696910258e-02
8.028317620698106893e-02 5.338301269287280826e-02 1.542539532070701935e-01 1.072168611653694370e-01 1.120969076498328221e-01 6.172343815959752122e-02 5.166880396254738828e-02 9.689084962886826413e-02 1.472628270087440738e-01 1.352201703181163950e-01
1.443552741217227486e-01 1.734373702299059072e-01 7.282666025749229277e-02 7.245879602735333380e-02 5.692733799953243745e-02 8.951581289681845299e-02 7.796663181693365419e-02 8.829719580159975378e-02 9.873003131361787754e-02 1.254848895350235138e-01
4.747539466007666409e-02 5.829488536126956055e-02 5.719560260654221739e-02 6.521004606163507966e-02 9.682934636845805243e-02 1.411825811116643181e-01 1.823184527647575826e-01 1.241172102704765079e-01 1.360372683885396061e-01 9.133921240658068874e-02
8.570482677917226622e-02 7.736898158587154906e-02 1.054803862810864273e-01 1.158939302724786846e-01 8.869408252891597400e-02 7.794432647953912496e-02 7.692992482489967310e-02 1.365096478887637410e-01 1.106499230043010568e-01 1.248239703549716001e-01
7.648946999399221236e-02 1.508699325599547336e-01 1.763075524456617083e-01 9.223944136829857754e-02 6.814543665371980419e-02 8.647645405765470861e-02 1.349778543669275244e-01 9.312557162684753642e-02 5.847186648641800738e-02 6.289642044052522196e-02
8.967900984277546450e-02 5.878847527041359405e-02 3.933049383677601762e-02 3.332845930388288191e-02 5.426240781396493573e-02 1.285860688929482132e-01 1.937536968624483658e-01 1.100210991887464601e-01 1.607902740252518392e-01 1.314600149627921377e-01
9.797315269682850547e-02 7.825965911200724601e-02 1.309593767666576425e-01 1.092574450491585469e-01 6.527875007690925324e-02 7.595068961576219302e-02 1.608196711798805245e-01 1.608613131126409579e-01 6.945415045916883412e-02 5.118579193098639346e-02
7.854178057861513351e-02 7.901649325821967496e-02 1.043298335289388756e-01 6.631598043927902641e-02 1.105330693658527208e-01 7.833586897330059584e-02 1.150894279554741106e-01 1.329808359733198886e-01 1.180881834513873019e-01 1.167685264756129354e-01
9.499090192799847232e-02 6.806300695508554766e-02 7.344530426685390301e-02 9.216498591985761157e-02 1.064019119400319846e-01 8.661191456760714003e-02 7.701263574686288693e-02 1.754947979704444549e-01 1.155199734098992792e-01 1.102945672953587336e-01
8.533413347034060625e-02 1.912288344963739284e-01 1.058735046103651545e-01 9.691627730469441759e-02 1.380234099844771800e-01 9.438732783268544146e-02 7.948533492011986001e-02 6.167181622676905922e-02 5.929751894687219915e-02 8.778184220730225751e-02
1.265648882995755731e-01 8.163802018475366240e-02 4.114924567094629948e-02 6.305631756782648090e-02 1.148731025892260893e-01 8.135669696088654312e-02 1.137871467209136400e-01 1.337847085225267740e-01 1.261375267813445444e-01 1.176523467020006430e-01
1.075177687560461837e-01 1.776834490197844452e-01 1.015229874938875509e-01 6.401489131230168883e-02 7.569412188624928539e-02 6.723785989469131807e-02 9.833972701393368931e-02 1.267782292494866181e-01 7.744761728599516837e-02 1.037633480876243713e-01
1.174262867194520166e-01 7.622646892272136321e-02 5.887057528888090668e-02 4.951910363040948337e-02 4.711611128431444917e-02 9.309776393271007588e-02 1.550168841793477803e-01 1.308435797002666656e-01 1.280677492215802626e-01 1.438154771203171700e-01
1.518133408258540151e-01 1.381717134273688918e-01 9.754085035198049869e-02 2.028439491967999053e-01 1.789955236408189987e-01 7.102368116692825417e-02 2.865046681623192176e-02 2.499693187031379327e-02 3.643305512547322100e-02 6.953048757823063197e-02
4.204981584315174020e-02 6.482421686248755754e-02 9.368690527864767525e-02 1.425409089214193514e-01 1.301123751319919197e-01 9.956311893772831767e-02 1.075927394845373475e-01 1.266829462496695535e-01 1.365638937370288741e-01 5.638307955333773935e-02
9.630278024148583582e-02 5.496244207878927396e-02 6.509791817223938015e-02 4.604951259625938986e-02 8.572190544202724916e-02 2.297496298566087947e-01 1.503367480842527359e-01 1.198320845952459135e-01 6.968167025513893886e-02 8.226530867795281421e-02
7.010634531603646136e-02 7.187860568941212280e-02 9.446824191665849357e-02 9.622907762879066851e-02 1.355655660919517502e-01 1.072723003008931586e-01 6.565894619298245916e-02 1.113567639691846328e-01 1.632085371108541461e-01 8.425561578323617629e-02
6.894355052452048882e-02 1.318037546364294044e-01 1.066439899897769633e-01 1.009498675004828899e-01 1.540467387019623102e-01 1.103218069281568098e-01 1.555357777991024648e-01 8.084230595936282848e-02 4.992146391693771945e-02 4.099074404326827348e-02
1.002978600874765425e-01 7.703883651560436419e-02 9.574499021296696555e-02 1.051744795992868436e-01 1.049853311233244352e-01 9.229206174191537104e-02 7.574747640489318257e-02 9.529957540632735813e-02 1.245152401615599175e-01 1.289041487466454639e-01
1.526937971856423548e-01 1.132007519976453574e-01 9.276279360593567280e-02 1.834440772931422159e-01 1.045026506401778715e-01 1.151462270013396405e-01 1.063600178406760161e-01 5.555219936128620584e-02 2.381667298328179333e-02 5.252081209087299668e-02
1.042210187980993075e-01 1.134043336959783266e-01 2.233900340647725913e-01 1.002034927994396307e-01 5.756654113512106596e-02 9.685319518974563890e-02 5.218712192011310674e-02 4.265136350030847984e-02 6.038363571906064931e-02 1.491392631773612309e-01
5.908154908513622849e-02 6.368459525696544554e-02 7.601403109435826699e-02 9.427835282067528744e-02 8.056645399928050177e-02 5.881161594872050258e-02 9.929942286366595650e-02 1.705699987904451542e-01 1.440139614409187696e-01 1.536800186998339979e-01
5.776804588240472965e-02 7.027796698031989198e-02 1.472195800781637698e-01 1.272783826200489798e-01 7.118187801364042611e-02 4.978697756235776761e-02 6.757417058528325526e-02 1.538013586511173258e-01 1.686991996066185551e-01 8.641244002004516700e-02
8.703743028686662664e-02 1.741446832025284608e-01 1.587505181360462370e-01 1.512072601333115940e-01 1.177115978337763130e-01 1.050736283345510003e-01 6.737751884597084628e-02 4.648609069981508163e-02 3.737402842257672719e-02 5.483724410455736997e-02
9.305765052797078385e-02 7.991436732147499944e-02 1.016221188719488022e-01 1.028827167961802180e-01 9.966863625300800833e-02 1.331069395112836617e-01 6.781968688542371060e-02 7.258831349237493402e-02 1.463692575844282862e-01 1.029703127559064985e-01
9.372307947848315668e-02 1.060337120978384895e-01 1.235048665914794119e-01 1.450804123248022326e-01 6.203540369491428175e-02 4.200835512611122979e-02 7.211573152973474454e-02 1.212400508924012243e-01 1.359968069942725788e-01 9.826158126996296927e-02
5.072457140874667841e-02 9.575069908964892185e-02 9.478236387477712022e-02 1.285065796709961294e-01 1.086974337502332466e-01 1.463999077917831904e-01 1.957579845724123635e-01 1.066278809840026931e-01 3.857244921417629646e-02 3.418012964322331149e-02
8.815979500543572045e-02 8.655332360178963347e-02 1.002171919599348232e-01 1.488734496752393555e-01 1.036751119626294071e-01 1.318818085530805984e-01 6.718268763183260495e-02 4.884895450369319825e-02 8.157239396467817760e-02 1.430352831416865367e-01
8.955313334995312902e-02 8.558677173809690897e-02 4.916319698032557001e-02 5.970532265960229457e-02 9.011438214864066210e-02 1.107626113481948171e-01 1.175269172433824616e-01 1.083174290879999196e-01 1.278091799473561330e-01 1.614610554964483191e-01
1.743254729500929856e-01 4.930742116181623114e-02 2.535860720331155338e-02 3.404674593377775282e-02 7.509685812113038594e-02 2.162697219431257700e-01 1.347598586755160976e-01 7.009084720489608400e-02 9.544143596459284118e-02 1.253030308417405758e-01
3.755389185982816597e-02 5.658224666354179366e-02 8.845005195022906386e-02 1.020233852285418463e-01 1.268264493178572205e-01 1.294875237791753009e-01 1.389908605771001671e-01 1.543807788007720005e-01 1.118374136962052429e-01 5.386739812674919831e-02
6.923294708172035572e-02 4.820486561405348813e-02 4.151065314410798401e-02 8.842355615263790269e-02 2.345629734649210818e-01 1.522900895366084417e-01 9.079773957984925425e-02 8.415172327232584015e-02 1.323886213323663963e-01 5.843683082140955359e-02
1.083590159214659343e-01 6.419728422373402466e-02 7.123602781822283014e-02 8.195154804782572855e-02 1.128939728717839180e-01 1.366374428529976981e-01 1.220741431041377778e-01 8.843853707361315486e-02 1.126820299652262491e-01 1.015299981209926150e-01
1.234811814610816405e-01 7.011081417798026294e-02 6.581808707724862151e-02 4.197380734914198802e-02 8.895463222735337794e-02 2.013966624107842440e-01 1.253673091422080332e-01 8.853116483331334441e-02 8.358379778117991377e-02 1.107825435397085528e-01
6.192202311486513788e-02 6.340530822502078723e-02 6.635372716792876935e-02 1.015869322539207364e-01 1.237201042115990690e-01 1.243852318251813388e-01 1.243887263264191745e-01 1.168836077624764713e-01 1.060388942727420597e-01 1.113154448398466501e-01
6.429820119135250256e-02 3.745306436669178229e-02 4.859710565664245724e-02 1.179360466546573449e-01 2.042056111322639311e-01 1.034991554350828957e-01 7.548450529804894005e-02 8.622007712191712137e-02 1.405780773601746358e-01 1.217281557831686734e-01
7.888227641264858314e-02 1.357538526538967782e-01 1.443720511368477566e-01 1.189338702602402431e-01 9.213841468073774577e-02 7.277946534442439330e-02 6.614715587535635599e-02 9.707475645928891061e-02 1.084249735710573204e-01 8.549318360550196838e-02
1.008424801657311215e-01 1.333665332232620848e-01 1.211755968580415649e-01 1.588210666912816260e-01 1.112670609334575345e-01 9.099367027557103693e-02 9.427114555062365842e-02 7.572742004854118858e-02 6.300423108453326315e-02 5.053079516895721962e-02
7.901663854483668981e-02 1.298189197921594817e-01 1.053838061289443240e-01 8.851583333980697632e-02 6.270783209097215150e-02 9.526419963414606285e-02 1.311944078034675831e-01 9.147838004699961056e-02 1.180904901896984438e-01 9.852949242896896775e-02
8.619335850034592905e-02 6.746434804616813219e-02 8.209034977229365260e-02 9.025951438635071433e-02 6.487647501984009080e-02 7.848893197748700590e-02 9.590182082566348076e-02 1.494950294844265559e-01 1.711104487962839815e-01 1.141197231911403875e-01
2.737044110124385241e-02 4.481772536697143511e-02 1.218847224057255513e-01 1.833094439446745216e-01 1.095014002157965738e-01 1.146227101428282935e-01 1.619188070487822539e-01 1.202359421263787392e-01 7.745665407711076200e-02 3.888215357048794424e-02
9.105530371382772326e-02 5.623620609998411513e-02 7.535378769339157179e-02 8.563112421144827846e-02 1.565732758125707169e-01 1.306688639403752461e-01 6.704880725123774088e-02 5.872465326498605559e-02 1.168848611616107591e-01 1.618231168505678275e-01
7.716584730938524928e-02 1.341756549786887465e-01 1.411579586418030274e-01 9.968108595137553651e-02 5.438833569445655075e-02 7.145345308712958143e-02 7.700660368346158580e-02 1.127281741091642475e-01 1.450353515444050556e-01 8.720753500013048165e-02
9.818345039938863872e-02 1.051953242914532571e-01 9.823929230126438039e-02 5.371195007316427461e-02 6.648667824502160761e-02 7.748056806956843401e-02 1.075356411783524591e-01 1.318159389050982955e-01 1.568026971285931548e-01 1.045484594080958451e-01
5.207227991958951474e-02 6.363718751140186314e-02 8.296428482650478053e-02 1.768075148078499248e-01 8.172110842814929443e-02 8.499481146772273898e-02 1.076936145750725937e-01 1.279599539974579092e-01 1.346322867475241436e-01 8.751695771872726459e-02
8.072732715738795140e-02 9.930445039075330715e-02 8.875625266376503675e-02 1.034769289945682014e-01 1.378904429039159996e-01 9.832197541886272818e-02 7.060256023808118842e-02 8.304242634928452049e-02 1.459328850458415927e-01 9.194475083753980704e-02
1.086863972309824178e-01 1.224769549083468828e-01 1.149161281836289517e-01 8.453775230450295830e-02 1.322177490797313837e-01 1.255561620137314871e-01 6.573354847942827761e-02 9.132828362825551327e-02 7.968946290809181265e-02 7.485756126330042615e-02
1.108133285561161974e-01 8.683496144915794912e-02 9.258724340315604984e-02 7.499545324373477206e-02 8.174436681752900169e-02 9.097617396808503620e-02 1.177804363995029191e-01 1.281842327107443336e-01 1.079055581987677231e-01 1.081782452532062538e-01
7.184142132065338138e-02 9.085276799549585336e-02 1.373868331094011130e-01 1.491103640479422843e-01 1.215037065808310113e-01 1.038412836005117162e-01 1.131176396055452865e-01 9.126801942815451762e-02 6.530214639006164112e-02 5.577581792140336864e-02
5.266792225851535392e-02 3.653952558918074911e-02 6.775164410057094022e-02 1.778921884337028025e-01 1.369474720689152492e-01 7.633167441789470709e-02 5.386354297067845465e-02 1.116490916672619182e-01 1.760644776894610131e-01 1.102924608038190341e-01
