1.266494767417940814e-01 1.518978894226885867e-01 1.033388998019541261e-01 7.206030232801177715e-02 5.977576816603392268e-02 5.922187858061248034e-02 8.438564467006424985e-02 9.927903388912066862e-02 1.027032996221424743e-01 1.169398610331341404e-01
1.518978894226885867e-01 1.960254265746722568e-01 1.328829624641804374e-01 9.044063051421949440e-02 7.225987561189553543e-02 6.856971457651506174e-02 9.453707917627104940e-02 1.089569170278208710e-01 1.123991074586178363e-01 1.315222142923051230e-01
1.033388998019541261e-01 1.328829624641804374e-01 9.276237535512710242e-02 6.440741499937867320e-02 5.237738425970216161e-02 5.041845138819663757e-02 7.003008094376936277e-02 8.036928280193299245e-02 8.108225229667315181e-02 9.172357033941672122e-02
7.206030232801177715e-02 9.044063051421949440e-02 6.440741499937867320e-02 4.656053829647480158e-02 3.938754450938106166e-02 3.926396457244556160e-02 5.572024637102679367e-02 6.409798027742433235e-02 6.299649347183258752e-02 6.757231798750917839e-02
5.977576816603392268e-02 7.225987561189553543e-02 5.237738425970216161e-02 3.938754450938106166e-02 3.512974260827973760e-02 3.662312213978867470e-02 5.339393803306349828e-02 6.180111101090855763e-02 5.933906344228527530e-02 6.012670338272525089e-02
5.922187858061248034e-02 6.856971457651506174e-02 5.041845138819663757e-02 3.926396457244556160e-02 3.662312213978867470e-02 3.996018225811943242e-02 5.982806599496379857e-02 6.981638803618779587e-02 6.598664558625964849e-02 6.379736862094864680e-02
8.438564467006424985e-02 9.453707917627104940e-02 7.003008094376936277e-02 5.572024637102679367e-02 5.339393803306349828e-02 5.982806599496379857e-02 9.141089765359011743e-02 1.075145524057500163e-01 1.009781489244062080e-01 9.510960626053020783e-02
9.927903388912066862e-02 1.089569170278208710e-01 8.036928280193299245e-02 6.409798027742433235e-02 6.180111101090855763e-02 6.981638803618779587e-02 1.075145524057500163e-01 1.284236432263310135e-01 1.215467256184460665e-01 1.141059796542653604e-01
1.027032996221424743e-01 1.123991074586178363e-01 8.108225229667315181e-02 6.299649347183258752e-02 5.933906344228527530e-02 6.598664558625964849e-02 1.009781489244062080e-01 1.215467256184460665e-01 1.195686020821292994e-01 1.161081653358037868e-01
1.169398610331341404e-01 1.315222142923051230e-01 9.172357033941672122e-02 6.757231798750917839e-02 6.012670338272525089e-02 6.379736862094864680e-02 9.510960626053020783e-02 1.141059796542653604e-01 1.161081653358037868e-01 1.235091152034820811e-01
3.785024945881604319e-02 4.503334563889164338e-02 6.783121796678899529e-02 5.856770043220736743e-02 5.280824262867792745e-02 6.218013583698950297e-02 4.944323477098064301e-02 6.043721062663932192e-02 6.704802099294940310e-02 5.444746151432380832e-02
4.503334563889164338e-02 5.876026593500609935e-02 9.253004418916033202e-02 7.957492896466918098e-02 6.886734240360753434e-02 7.655372655702200047e-02 5.692533042029867402e-02 6.565777534624413214e-02 7.195440522385052051e-02 6.015413137902420743e-02
6.783121796678899529e-02 9.253004418916033202e-02 1.501294609688631765e-01 1.294698206920266992e-01 1.104003173156910128e-01 1.195456185308722552e-01 8.547371663844467726e-02 9.477556797361880170e-02 1.026541226640375754e-01 8.710682324199565951e-02
5.856770043220736743e-02 7.957492896466918098e-02 1.294698206920266992e-01 1.150852318287651360e-01 1.006790983702945952e-01 1.105591078660606574e-01 7.804651665110852454e-02 8.469219115224176087e-02 9.018810656716894081e-02 7.574565570519722901e-02
5.280824262867792745e-02 6.886734240360753434e-02 1.104003173156910128e-01 1.006790983702945952e-01 9.445352499528851531e-02 1.090075913427506482e-01 7.757024706147058746e-02 8.368343932847528699e-02 8.740886770396887051e-02 7.129975863130982860e-02
6.218013583698950297e-02 7.655372655702200047e-02 1.195456185308722552e-01 1.105591078660606574e-01 1.090075913427506482e-01 1.346446367223547158e-01 9.835073155779183729e-02 1.076977048845991630e-01 1.115949658740798406e-01 8.849254316010135568e-02
4.944323477098064301e-02 5.692533042029867402e-02 8.547371663844467726e-02 7.804651665110852454e-02 7.757024706147058746e-02 9.835073155779183729e-02 7.744553355596275890e-02 9.014867930279647779e-02 9.507773924842316537e-02 7.409457030648192166e-02
6.043721062663932192e-02 6.565777534624413214e-02 9.477556797361880170e-02 8.469219115224176087e-02 8.368343932847528699e-02 1.076977048845991630e-01 9.014867930279647779e-02 1.128950349224616956e-01 1.219593369736954452e-01 9.418366446285754423e-02
6.704802099294940310e-02 7.195440522385052051e-02 1.026541226640375754e-01 9.018810656716894081e-02 8.740886770396887051e-02 1.115949658740798406e-01 9.507773924842316537e-02 1.219593369736954452e-01 1.353714421458800665e-01 1.050970899420744786e-01
5.444746151432380832e-02 6.015413137902420743e-02 8.710682324199565951e-02 7.574565570519722901e-02 7.129975863130982860e-02 8.849254316010135568e-02 7.409457030648192166e-02 9.418366446285754423e-02 1.050970899420744786e-01 8.336461946660189692e-02
1.020555214234215580e-01 7.747099676945583269e-02 7.620639005143604872e-02 8.676900349690881697e-02 9.085965069503748603e-02 8.476131158803305865e-02 9.572388806914289283e-02 9.086863312758897138e-02 1.013007966865309001e-01 9.585320495504082161e-02
7.747099676945583269e-02 6.084597941182889186e-02 6.190187326113115451e-02 7.201570093341924661e-02 7.561920216956442842e-02 6.903586207403120123e-02 7.533124154553164087e-02 6.921508430346894059e-02 7.569098477238662970e-02 7.174559376876135652e-02
7.620639005143604872e-02 6.190187326113115451e-02 6.635958695065920232e-02 7.994172668179222452e-02 8.495139626562978052e-02 7.627674972601147796e-02 8.024217428143710917e-02 7.042617055171393470e-02 7.438776042564923530e-02 6.992542575286476991e-02
8.676900349690881697e-02 7.201570093341924661e-02 7.994172668179222452e-02 1.002632998890626570e-01 1.086408541415203599e-01 9.727404408778088374e-02 1.001767343900069190e-01 8.459210956630988654e-02 8.613880642277521593e-02 7.962948879513374878e-02
9.085965069503748603e-02 7.561920216956442842e-02 8.495139626562978052e-02 1.086408541415203599e-01 1.220537818162394927e-01 1.113561685212764996e-01 1.149827413955633038e-01 9.496836210812345525e-02 9.373738728351885263e-02 8.451458371468312247e-02
8.476131158803305865e-02 6.903586207403120123e-02 7.627674972601147796e-02 9.727404408778088374e-02 1.113561685212764996e-01 1.075432465965118212e-01 1.153220905269223273e-01 9.553535632324249016e-02 9.269672797034748946e-02 8.110872673891585116e-02
9.572388806914289283e-02 7.533124154553164087e-02 8.024217428143710917e-02 1.001767343900069190e-01 1.149827413955633038e-01 1.153220905269223273e-01 1.322555891586173760e-01 1.126144226141059801e-01 1.097868284774225489e-01 9.421625581258721849e-02
9.086863312758897138e-02 6.921508430346894059e-02 7.042617055171393470e-02 8.459210956630988654e-02 9.496836210812345525e-02 9.553535632324249016e-02 1.126144226141059801e-01 1.027497901639528588e-01 1.044615101962324544e-01 9.039472824413515017e-02
1.013007966865309001e-01 7.569098477238662970e-02 7.438776042564923530e-02 8.613880642277521593e-02 9.373738728351885263e-02 9.269672797034748946e-02 1.097868284774225489e-01 1.044615101962324544e-01 1.130283810469330380e-01 1.002920348903293124e-01
9.585320495504082161e-02 7.174559376876135652e-02 6.992542575286476991e-02 7.962948879513374878e-02 8.451458371468312247e-02 8.110872673891585116e-02 9.421625581258721849e-02 9.039472824413515017e-02 1.002920348903293124e-01 9.284482354277298621e-02
9.783561258558931550e-02 9.498426300544721146e-02 8.749920231380295399e-02 7.668898572688220838e-02 6.419841891801222888e-02 6.216155090006635076e-02 6.952904652314592648e-02 8.504718802853548920e-02 1.168711215359830025e-01 1.330169314621512666e-01
9.498426300544721146e-02 1.023316817198866024e-01 9.784997455716562542e-02 8.622454154993045017e-02 7.127728426996286781e-02 6.703686447050988262e-02 7.152100263512749245e-02 8.202124099000493440e-02 1.059341475114858877e-01 1.189975905118824395e-01
8.749920231380295399e-02 9.784997455716562542e-02 9.676617120921324200e-02 8.618634514412690240e-02 7.125813088650397031e-02 6.650844413108490671e-02 6.973407251018028108e-02 7.762509806075576502e-02 9.670419090633861070e-02 1.065849491747304228e-01
7.668898572688220838e-02 8.622454154993045017e-02 8.618634514412690240e-02 7.779952793283424761e-02 6.474801329854915077e-02 6.064986825092512357e-02 6.357523504726522723e-02 7.030538909332698094e-02 8.638434960287597053e-02 9.362538529087288675e-02
6.419841891801222888e-02 7.127728426996286781e-02 7.125813088650397031e-02 6.474801329854915077e-02 5.453271736345809834e-02 5.166935398953874381e-02 5.474662294183380018e-02 6.101523089508409381e-02 7.497873681245996458e-02 8.002333363637351149e-02
6.216155090006635076e-02 6.703686447050988262e-02 6.650844413108490671e-02 6.064986825092512357e-02 5.166935398953874381e-02 4.998652295966075215e-02 5.414732016466096420e-02 6.161021660859333782e-02 7.656840473106063527e-02 8.046374806567807569e-02
6.952904652314592648e-02 7.152100263512749245e-02 6.973407251018028108e-02 6.357523504726522723e-02 5.474662294183380018e-02 5.414732016466096420e-02 6.085594942315225575e-02 7.178567754890656516e-02 9.139250148239344562e-02 9.485081242307445704e-02
8.504718802853548920e-02 8.202124099000493440e-02 7.762509806075576502e-02 7.030538909332698094e-02 6.101523089508409381e-02 6.161021660859333782e-02 7.178567754890656516e-02 8.976478332320549092e-02 1.191524671847897510e-01 1.232597460616353113e-01
1.168711215359830025e-01 1.059341475114858877e-01 9.670419090633861070e-02 8.638434960287597053e-02 7.497873681245996458e-02 7.656840473106063527e-02 9.139250148239344562e-02 1.191524671847897510e-01 1.689185975968168774e-01 1.776167131967424928e-01
1.330169314621512666e-01 1.189975905118824395e-01 1.065849491747304228e-01 9.362538529087288675e-02 8.002333363637351149e-02 8.046374806567807569e-02 9.485081242307445704e-02 1.232597460616353113e-01 1.776167131967424928e-01 2.012084358861832289e-01
1.256639219716401135e-01 6.972533389204590981e-02 8.117276631918549090e-02 9.256200497620258039e-02 8.140686936738611434e-02 7.971580490580619516e-02 7.802003134630279557e-02 9.101851529867618917e-02 1.265627433294151671e-01 1.382296062356771493e-01
6.972533389204590981e-02 4.237428615202157300e-02 5.450829329611621421e-02 6.468007119104088321e-02 5.679489189876009425e-02 5.396517958021619654e-02 4.956451535259687180e-02 5.324372278845291434e-02 6.959643665518487621e-02 7.464976575702639283e-02
8.117276631918549090e-02 5.450829329611621421e-02 7.812040368577791161e-02 9.631867654337636364e-02 8.463586412913892687e-02 7.849489441067587780e-02 6.800044402507154917e-02 6.682734946041296586e-02 8.072438310460736122e-02 8.419507758173014333e-02
9.256200497620258039e-02 6.468007119104088321e-02 9.631867654337636364e-02 1.216432667490286446e-01 1.074684891699082268e-01 9.922203998073358955e-02 8.433028323000538173e-02 7.996811299492065372e-02 9.296732128634635495e-02 9.509427788155783157e-02
8.140686936738611434e-02 5.679489189876009425e-02 8.463586412913892687e-02 1.074684891699082268e-01 9.632171721681356824e-02 8.981456345086542836e-02 7.668832131001895869e-02 7.260823338613753286e-02 8.371711558583631863e-02 8.446683834593454732e-02
7.971580490580619516e-02 5.396517958021619654e-02 7.849489441067587780e-02 9.922203998073358955e-02 8.981456345086542836e-02 8.577175472003942258e-02 7.493534609403905422e-02 7.257196309761407282e-02 8.475714571753525939e-02 8.470555667031802460e-02
7.802003134630279557e-02 4.956451535259687180e-02 6.800044402507154917e-02 8.433028323000538173e-02 7.668832131001895869e-02 7.493534609403905422e-02 6.899157089874533022e-02 7.071481623432779307e-02 8.599792252113189206e-02 8.590535082398592648e-02
9.101851529867618917e-02 5.324372278845291434e-02 6.682734946041296586e-02 7.996811299492065372e-02 7.260823338613753286e-02 7.257196309761407282e-02 7.071481623432779307e-02 7.946415213918912868e-02 1.029031848668927329e-01 1.038617055073937090e-01
1.265627433294151671e-01 6.959643665518487621e-02 8.072438310460736122e-02 9.296732128634635495e-02 8.371711558583631863e-02 8.475714571753525939e-02 8.599792252113189206e-02 1.029031848668927329e-01 1.428097162115172791e-01 1.470994451915687562e-01
1.382296062356771493e-01 7.464976575702639283e-02 8.419507758173014333e-02 9.509427788155783157e-02 8.446683834593454732e-02 8.470555667031802460e-02 8.590535082398592648e-02 1.038617055073937090e-01 1.470994451915687562e-01 1.588392102552273755e-01
8.557496617472103162e-02 9.909617967654854587e-02 8.746378395825948893e-02 8.556726406031850418e-02 7.169417257369681273e-02 6.688452003961040115e-02 7.694928952675075817e-02 7.319613664097374128e-02 9.526229700982571935e-02 1.004233619162263058e-01
9.909617967654854587e-02 1.241315024465479006e-01 1.126332333323108031e-01 1.102883743214344153e-01 8.999511688246596142e-02 8.030192828985238673e-02 8.830495192191940845e-02 8.083383388005942194e-02 1.026831016785914735e-01 1.095659156828259068e-01
8.746378395825948893e-02 1.126332333323108031e-01 1.074971424981569917e-01 1.079340432364488678e-01 8.807230199820836880e-02 7.733297816818368586e-02 8.293215204322565426e-02 7.337176728854050145e-02 9.031636190808817188e-02 9.527046596596785988e-02
8.556726406031850418e-02 1.102883743214344153e-01 1.079340432364488678e-01 1.128597329111326597e-01 9.362371856952772520e-02 8.258807401992113162e-02 8.803617494940939314e-02 7.625492758473442767e-02 9.140583733808409217e-02 9.429629193129526743e-02
7.169417257369681273e-02 8.999511688246596142e-02 8.807230199820836880e-02 9.362371856952772520e-02 8.056597036350247876e-02 7.310653904222386146e-02 7.926069896453297181e-02 6.863316110877319687e-02 8.137147620363008316e-02 8.187235871958528644e-02
6.688452003961040115e-02 8.030192828985238673e-02 7.733297816818368586e-02 8.258807401992113162e-02 7.310653904222386146e-02 6.961209437340334927e-02 7.803500288072895419e-02 6.856310088329711783e-02 8.143273546415394359e-02 8.011353554443347014e-02
7.694928952675075817e-02 8.830495192191940845e-02 8.293215204322565426e-02 8.803617494940939314e-02 7.926069896453297181e-02 7.803500288072895419e-02 9.117256561157029149e-02 8.205982522068598628e-02 9.871449086513747750e-02 9.597398043645366528e-02
7.319613664097374128e-02 8.083383388005942194e-02 7.337176728854050145e-02 7.625492758473442767e-02 6.863316110877319687e-02 6.856310088329711783e-02 8.205982522068598628e-02 7.723803869682017986e-02 9.593011968562820124e-02 9.369020405678336882e-02
9.526229700982571935e-02 1.026831016785914735e-01 9.031636190808817188e-02 9.140583733808409217e-02 8.137147620363008316e-02 8.143273546415394359e-02 9.871449086513747750e-02 9.593011968562820124e-02 1.243285544466903730e-01 1.232492834422669603e-01
1.004233619162263058e-01 1.095659156828259068e-01 9.527046596596785988e-02 9.429629193129526743e-02 8.187235871958528644e-02 8.011353554443347014e-02 9.597398043645366528e-02 9.369020405678336882e-02 1.232492834422669603e-01 1.270194324774550076e-01
8.265062227136746320e-02 9.204336989611681952e-02 1.039402300502085819e-01 1.154919449264893982e-01 9.483684547418823330e-02 7.649611582051976666e-02 6.438913313489770529e-02 5.640725302556134219e-02 4.333774810156922758e-02 6.057854891072653875e-02
9.204336989611681952e-02 1.057210938887594848e-01 1.231195646741476274e-01 1.379129599767764114e-01 1.091682593645579707e-01 8.557946179527364805e-02 7.107157667997204831e-02 6.199942368912080004e-02 4.768077987938523776e-02 6.687103842150218802e-02
1.039402300502085819e-01 1.231195646741476274e-01 1.566543112124896830e-01 1.845452562351856396e-01 1.389671449385581903e-01 1.029995103617913077e-01 8.258243435845581681e-02 7.077044000292007087e-02 5.391650223222965721e-02 7.521598093630130211e-02
1.154919449264893982e-01 1.379129599767764114e-01 1.845452562351856396e-01 2.489914309799846903e-01 1.842283965308279536e-01 1.296344609410277071e-01 9.947650209223146689e-02 8.283120536326986361e-02 6.169231677376511847e-02 8.442194817055448386e-02
9.483684547418823330e-02 1.091682593645579707e-01 1.389671449385581903e-01 1.842283965308279536e-01 1.526634296230340582e-01 1.113188128049249909e-01 8.596760688831929509e-02 7.123980982605562784e-02 5.242733165091310182e-02 7.066818789912682197e-02
7.649611582051976666e-02 8.557946179527364805e-02 1.029995103617913077e-01 1.296344609410277071e-01 1.113188128049249909e-01 8.688144649554573051e-02 6.908351043729740737e-02 5.787951174452103664e-02 4.269492547812253624e-02 5.747658846406233923e-02
6.438913313489770529e-02 7.107157667997204831e-02 8.258243435845581681e-02 9.947650209223146689e-02 8.596760688831929509e-02 6.908351043729740737e-02 5.666084381560576588e-02 4.814291220354478124e-02 3.577781622628402325e-02 4.840455305139694520e-02
5.640725302556134219e-02 6.199942368912080004e-02 7.077044000292007087e-02 8.283120536326986361e-02 7.123980982605562784e-02 5.787951174452103664e-02 4.814291220354478124e-02 4.143195149517797660e-02 3.104483112875528264e-02 4.228212109814225017e-02
4.333774810156922758e-02 4.768077987938523776e-02 5.391650223222965721e-02 6.169231677376511847e-02 5.242733165091310182e-02 4.269492547812253624e-02 3.577781622628402325e-02 3.104483112875528264e-02 2.350271082130959283e-02 3.230148041145793764e-02
6.057854891072653875e-02 6.687103842150218802e-02 7.521598093630130211e-02 8.442194817055448386e-02 7.066818789912682197e-02 5.747658846406233923e-02 4.840455305139694520e-02 4.228212109814225017e-02 3.230148041145793764e-02 4.484215939672566570e-02
1.597043244924292449e-01 1.388885452359575612e-01 1.121508675248004683e-01 9.321603439248607459e-02 8.627437821862493639e-02 9.037673570028127712e-02 9.935654870938155636e-02 8.250361960110909332e-02 9.367830653719974587e-02 1.299271481002370887e-01
1.388885452359575612e-01 1.270081424293552641e-01 1.054573013000955073e-01 8.858331248347466047e-02 8.170406335560531641e-02 8.452303764769839023e-02 9.137293094141685224e-02 7.407771151913970786e-02 8.185479518102289909e-02 1.119535127681677844e-01
1.121508675248004683e-01 1.054573013000955073e-01 9.376922354534755755e-02 8.257966542847572367e-02 7.824794512703828198e-02 8.144330078811597151e-02 8.691946336664105321e-02 6.765731616816345051e-02 7.039223712964264024e-02 9.187753210728727415e-02
9.321603439248607459e-02 8.858331248347466047e-02 8.257966542847572367e-02 7.817243542013506408e-02 7.753464509360223633e-02 8.234897142524910674e-02 8.761087306348890047e-02 6.579503009205019126e-02 6.422685789969878600e-02 7.893596015106092711e-02
8.627437821862493639e-02 8.170406335560531641e-02 7.824794512703828198e-02 7.753464509360223633e-02 8.106983936382937406e-02 8.843074162626873846e-02 9.458460144148596316e-02 6.955772986092788324e-02 6.489360704337304719e-02 7.578270938539227730e-02
9.037673570028127712e-02 8.452303764769839023e-02 8.144330078811597151e-02 8.234897142524910674e-02 8.843074162626873846e-02 9.927725716737416384e-02 1.073700087038357287e-01 7.849508768850818607e-02 7.179720627635900743e-02 8.153776500686224504e-02
9.935654870938155636e-02 9.137293094141685224e-02 8.691946336664105321e-02 8.761087306348890047e-02 9.458460144148596316e-02 1.073700087038357287e-01 1.181182369571826818e-01 8.699416117394763448e-02 7.992263867285587242e-02 9.059544330791349798e-02
8.250361960110909332e-02 7.407771151913970786e-02 6.765731616816345051e-02 6.579503009205019126e-02 6.955772986092788324e-02 7.849508768850818607e-02 8.699416117394763448e-02 6.620377670514041024e-02 6.343310347864772325e-02 7.444027905381214727e-02
9.367830653719974587e-02 8.185479518102289909e-02 7.039223712964264024e-02 6.422685789969878600e-02 6.489360704337304719e-02 7.179720627635900743e-02 7.992263867285587242e-02 6.343310347864772325e-02 6.589690244464829760e-02 8.242746318141905282e-02
1.299271481002370887e-01 1.119535127681677844e-01 9.187753210728727415e-02 7.893596015106092711e-02 7.578270938539227730e-02 8.153776500686224504e-02 9.059544330791349798e-02 7.444027905381214727e-02 8.242746318141905282e-02 1.107798614745579557e-01
8.918254423186336433e-02 7.855792524210349070e-02 8.591084971875391496e-02 9.313633286805655942e-02 7.046920106880659451e-02 6.720921666171433828e-02 6.435200510852798206e-02 1.102662629159862351e-01 7.898071256565261655e-02 8.877947374776973266e-02
7.855792524210349070e-02 7.218969133307537311e-02 8.087432273132026672e-02 8.821972408133604837e-02 6.582689925585380464e-02 6.062674043597869600e-02 5.473316222062111353e-02 8.978139446695386494e-02 6.519855830982190792e-02 7.546257949158048650e-02
8.591084971875391496e-02 8.087432273132026672e-02 9.287770059184247140e-02 1.022745970335208754e-01 7.601443688645935504e-02 6.889540599535119714e-02 6.015046229927690363e-02 9.590845152053600886e-02 6.955388358316634545e-02 8.111311733055044659e-02
9.313633286805655942e-02 8.821972408133604837e-02 1.022745970335208754e-01 1.140409046482520755e-01 8.525006241172752852e-02 7.755921250965962244e-02 6.760932065448557737e-02 1.073818660703813738e-01 7.670154878087157013e-02 8.813757090116167148e-02
7.046920106880659451e-02 6.582689925585380464e-02 7.601443688645935504e-02 8.525006241172752852e-02 6.532756865800566637e-02 6.151422830976974176e-02 5.590606701328391936e-02 9.134905252129479902e-02 6.287766375650818973e-02 6.871408012600227488e-02
6.720921666171433828e-02 6.062674043597869600e-02 6.889540599535119714e-02 7.755921250965962244e-02 6.151422830976974176e-02 6.222598490493320977e-02 6.140493462730415436e-02 1.057700092280284832e-01 6.910280314169608973e-02 6.954114117368613568e-02
6.435200510852798206e-02 5.473316222062111353e-02 6.015046229927690363e-02 6.760932065448557737e-02 5.590606701328391936e-02 6.140493462730415436e-02 6.848682757007232280e-02 1.264041523020785485e-01 7.867773053693938312e-02 7.224284489646769225e-02
1.102662629159862351e-01 8.978139446695386494e-02 9.590845152053600886e-02 1.073818660703813738e-01 9.134905252129479902e-02 1.057700092280284832e-01 1.264041523020785485e-01 2.449066824903725625e-01 1.490478998288854162e-01 1.303399449347631411e-01
7.898071256565261655e-02 6.519855830982190792e-02 6.955388358316634545e-02 7.670154878087157013e-02 6.287766375650818973e-02 6.910280314169608973e-02 7.867773053693938312e-02 1.490478998288854162e-01 9.611527348586844377e-02 8.986055264161048328e-02
8.877947374776973266e-02 7.546257949158048650e-02 8.111311733055044659e-02 8.813757090116167148e-02 6.871408012600227488e-02 6.954114117368613568e-02 7.224284489646769225e-02 1.303399449347631411e-01 8.986055264161048328e-02 9.464682208571456590e-02
1.279580226794051478e-01 1.051378822130605850e-01 8.055074818539643966e-02 1.116169774225590633e-01 8.861363017300569189e-02 8.073178190874741311e-02 9.115240758555108458e-02 1.110418739088105122e-01 1.089645221345403592e-01 9.357896422300708561e-02
1.051378822130605850e-01 8.938013837190816879e-02 7.040139997969299679e-02 9.934178215786962363e-02 7.822929887265808735e-02 6.942469860407565752e-02 7.571004601642272736e-02 8.974935749193568846e-02 8.725807189730805380e-02 7.569235402900073573e-02
8.055074818539643966e-02 7.040139997969299679e-02 5.868672436129054870e-02 8.610151979331027994e-02 6.798433648704126087e-02 5.935520248457010206e-02 6.273265458028226549e-02 7.185264287994942711e-02 6.796018275011089793e-02 5.810398744304764995e-02
1.116169774225590633e-01 9.934178215786962363e-02 8.610151979331027994e-02 1.309634275754257560e-01 1.040862574456486722e-01 9.039932238299355771e-02 9.395743589476168722e-02 1.051138504425166431e-01 9.693918409740383269e-02 8.121688063094217869e-02
8.861363017300569189e-02 7.822929887265808735e-02 6.798433648704126087e-02 1.040862574456486722e-01 8.504679127040547237e-02 7.598466532291985043e-02 8.073693646868793095e-02 9.083815476163442648e-02 8.225723173062086946e-02 6.642433287680697684e-02
8.073178190874741311e-02 6.942469860407565752e-02 5.935520248457010206e-02 9.039932238299355771e-02 7.598466532291985043e-02 7.222489705945053795e-02 8.082665116680795570e-02 9.315200653763061611e-02 8.300690567896348848e-02 6.361777404532524549e-02
9.115240758555108458e-02 7.571004601642272736e-02 6.273265458028226549e-02 9.395743589476168722e-02 8.073693646868793095e-02 8.082665116680795570e-02 9.693553732471710260e-02 1.157312527861964480e-01 1.025906149143739760e-01 7.535612065640870383e-02
1.110418739088105122e-01 8.974935749193568846e-02 7.185264287994942711e-02 1.051138504425166431e-01 9.083815476163442648e-02 9.315200653763061611e-02 1.157312527861964480e-01 1.445307084676645815e-01 1.295719726312339337e-01 9.385647956116804913e-02
1.089645221345403592e-01 8.725807189730805380e-02 6.796018275011089793e-02 9.693918409740383269e-02 8.225723173062086946e-02 8.300690567896348848e-02 1.025906149143739760e-01 1.295719726312339337e-01 1.212560131805944241e-01 9.037235613497743292e-02
9.357896422300708561e-02 7.569235402900073573e-02 5.810398744304764995e-02 8.121688063094217869e-02 6.642433287680697684e-02 6.361777404532524549e-02 7.535612065640870383e-02 9.385647956116804913e-02 9.037235613497743292e-02 7.301773970913852385e-02
1.364352379798460524e-01 1.116197838044781232e-01 8.758028233698804399e-02 6.797886200936836820e-02 5.701632003682383792e-02 6.498949924046723559e-02 9.646413348154850298e-02 1.172045323312679160e-01 1.155185674596952705e-01 1.499731190230675637e-01
1.116197838044781232e-01 9.500572254309970488e-02 7.574414548567097449e-02 5.913350119780785841e-02 4.962197574897479757e-02 5.636189847176430179e-02 8.306289062781314902e-02 9.908440362884186892e-02 9.445545917166239813e-02 1.201904553187589375e-01
8.758028233698804399e-02 7.574414548567097449e-02 6.183362924920745435e-02 4.900106001146325996e-02 4.166217595375287797e-02 4.786012047278072334e-02 7.090343566778510576e-02 8.378231675079284013e-02 7.689660342401498372e-02 9.445773961043776867e-02
6.797886200936836820e-02 5.913350119780785841e-02 4.900106001146325996e-02 3.966511400153423239e-02 3.444046423582212274e-02 4.036376769062425401e-02 6.053858285794157246e-02 7.130247360323237193e-02 6.307019136646251078e-02 7.427255514271466352e-02
5.701632003682383792e-02 4.962197574897479757e-02 4.166217595375287797e-02 3.444046423582212274e-02 3.083993274495713463e-02 3.722225132369341022e-02 5.689359655864319187e-02 6.708119714622035046e-02 5.705426389001139187e-02 6.375050416114143303e-02
6.498949924046723559e-02 5.636189847176430179e-02 4.786012047278072334e-02 4.036376769062425401e-02 3.722225132369341022e-02 4.649788902928531087e-02 7.266236528804122241e-02 8.606109244118252677e-02 7.067670444848486722e-02 7.481545068895886774e-02
9.646413348154850298e-02 8.306289062781314902e-02 7.090343566778510576e-02 6.053858285794157246e-02 5.689359655864319187e-02 7.266236528804122241e-02 1.160617055763488448e-01 1.386302603031056846e-01 1.116430057404204645e-01 1.139164923994569339e-01
1.172045323312679160e-01 9.908440362884186892e-02 8.378231675079284013e-02 7.130247360323237193e-02 6.708119714622035046e-02 8.606109244118252677e-02 1.386302603031056846e-01 1.708405804788177829e-01 1.391935251885908498e-01 1.414392890172083139e-01
1.155185674596952705e-01 9.445545917166239813e-02 7.689660342401498372e-02 6.307019136646251078e-02 5.705426389001139187e-02 7.067670444848486722e-02 1.116430057404204645e-01 1.391935251885908498e-01 1.262065806196239204e-01 1.393998585751924923e-01
1.499731190230675637e-01 1.201904553187589375e-01 9.445773961043776867e-02 7.427255514271466352e-02 6.375050416114143303e-02 7.481545068895886774e-02 1.139164923994569339e-01 1.414392890172083139e-01 1.393998585751924923e-01 1.766136077772797186e-01
1.327495944710902487e-01 1.319453943785761640e-01 1.298939533113593614e-01 1.102401742937186568e-01 8.608160655825627949e-02 7.935808507036284931e-02 8.369885264381510259e-02 9.494124422978757194e-02 8.112489600735682538e-02 9.485184367901196290e-02
1.319453943785761640e-01 1.407906192940845957e-01 1.437550843912666909e-01 1.206336158964426836e-01 9.078779637359250809e-02 8.033534458957793112e-02 8.222688197061470139e-02 9.182628004342821559e-02 7.830324039004471492e-02 9.228258005380307605e-02
1.298939533113593614e-01 1.437550843912666909e-01 1.602080228793959504e-01 1.375727517655825627e-01 1.021060623536375334e-01 8.784650628928641902e-02 8.737516924839458521e-02 9.535231843946399832e-02 7.948544292236303654e-02 9.154197333501484790e-02
1.102401742937186568e-01 1.206336158964426836e-01 1.375727517655825627e-01 1.265120069909697609e-01 9.652741664159855683e-02 8.392618583847656633e-02 8.327376044369175223e-02 8.981747407859208554e-02 7.281142187854305892e-02 8.044379164313719688e-02
8.608160655825627949e-02 9.078779637359250809e-02 1.021060623536375334e-01 9.652741664159855683e-02 7.800782223855734498e-02 7.041108360539746758e-02 7.116229239461202560e-02 7.692959922716639809e-02 6.125101892997814046e-02 6.532454542863452840e-02
7.935808507036284931e-02 8.033534458957793112e-02 8.784650628928641902e-02 8.392618583847656633e-02 7.041108360539746758e-02 6.665792567163422722e-02 6.914957967524497373e-02 7.544132051028173969e-02 5.957395991901690002e-02 6.212119657990046451e-02
8.369885264381510259e-02 8.222688197061470139e-02 8.737516924839458521e-02 8.327376044369175223e-02 7.116229239461202560e-02 6.914957967524497373e-02 7.365218831958872392e-02 8.132491560596383229e-02 6.426107121228959163e-02 6.653075740970107455e-02
9.494124422978757194e-02 9.182628004342821559e-02 9.535231843946399832e-02 8.981747407859208554e-02 7.692959922716639809e-02 7.544132051028173969e-02 8.132491560596383229e-02 9.107308866808129511e-02 7.252012487530999640e-02 7.551253599653229287e-02
8.112489600735682538e-02 7.830324039004471492e-02 7.948544292236303654e-02 7.281142187854305892e-02 6.125101892997814046e-02 5.957395991901690002e-02 6.426107121228959163e-02 7.252012487530999640e-02 5.911266028752633350e-02 6.326723748086060528e-02
9.485184367901196290e-02 9.228258005380307605e-02 9.154197333501484790e-02 8.044379164313719688e-02 6.532454542863452840e-02 6.212119657990046451e-02 6.653075740970107455e-02 7.551253599653229287e-02 6.326723748086060528e-02 7.123607117907179709e-02
2.043015972244202894e-01 1.555284823251630588e-01 1.129046678126990055e-01 1.069326794869010777e-01 8.591658723819228793e-02 8.385997787764709610e-02 7.341460062713697776e-02 1.110546360732896642e-01 1.421580440775934706e-01 1.568828670327794550e-01
1.555284823251630588e-01 1.276933050144507253e-01 9.594749113621768577e-02 9.215298890347858873e-02 7.372444640912512170e-02 7.104388036456092681e-02 6.065598286585532906e-02 8.918267856957974582e-02 1.107851448939191075e-01 1.191829208669715201e-01
1.129046678126990055e-01 9.594749113621768577e-02 7.707434847561243918e-02 7.681057070902888584e-02 6.210365523825640832e-02 5.986008270543698162e-02 5.048833103011025197e-02 7.288765369727077947e-02 8.771650473173106533e-02 8.955064908377505239e-02
1.069326794869010777e-01 9.215298890347858873e-02 7.681057070902888584e-02 7.948856148366888197e-02 6.517389272011214763e-02 6.320450669814195455e-02 5.321447402164346252e-02 7.633312596236790926e-02 9.009615134662619929e-02 8.806094166308590931e-02
8.591658723819228793e-02 7.372444640912512170e-02 6.210365523825640832e-02 6.517389272011214763e-02 5.431581372775241834e-02 5.325280110506033088e-02 4.517968868395630389e-02 6.513566467794390524e-02 7.649898662982947128e-02 7.290291294867032312e-02
8.385997787764709610e-02 7.104388036456092681e-02 5.986008270543698162e-02 6.320450669814195455e-02 5.325280110506033088e-02 5.297302127504299740e-02 4.553171347903554184e-02 6.637128737677094881e-02 7.808420263409830697e-02 7.312310104554678447e-02
7.341460062713697776e-02 6.065598286585532906e-02 5.048833103011025197e-02 5.321447402164346252e-02 4.517968868395630389e-02 4.553171347903554184e-02 4.008403259147494402e-02 5.971399002658424326e-02 7.101259620860733701e-02 6.579829971497391794e-02
1.110546360732896642e-01 8.918267856957974582e-02 7.288765369727077947e-02 7.633312596236790926e-02 6.513566467794390524e-02 6.637128737677094881e-02 5.971399002658424326e-02 9.134164151057708181e-02 1.102881002786573889e-01 1.017668545775865657e-01
1.421580440775934706e-01 1.107851448939191075e-01 8.771650473173106533e-02 9.009615134662619929e-02 7.649898662982947128e-02 7.808420263409830697e-02 7.101259620860733701e-02 1.102881002786573889e-01 1.378562123226325931e-01 1.299829884317922069e-01
1.568828670327794550e-01 1.191829208669715201e-01 8.955064908377505239e-02 8.806094166308590931e-02 7.290291294867032312e-02 7.312310104554678447e-02 6.579829971497391794e-02 1.017668545775865657e-01 1.299829884317922069e-01 1.348714663743675324e-01
1.240024523389106903e-01 1.099482363587254707e-01 1.047026724666690195e-01 9.704307337151452106e-02 7.127723001160057859e-02 7.365246421429449963e-02 8.219844636401563154e-02 1.048947084053889062e-01 9.272604159218206243e-02 1.335221388792086628e-01
1.099482363587254707e-01 1.056333072743713686e-01 1.050046672177964574e-01 9.807018180530790996e-02 7.059572141128343803e-02 7.047152956538171864e-02 7.569423064775741838e-02 9.340165039834194549e-02 8.035949017761478963e-02 1.140550976627932728e-01
1.047026724666690195e-01 1.050046672177964574e-01 1.106856528234697185e-01 1.056079246994895693e-01 7.582890443505890810e-02 7.467826830649740288e-02 7.843170016601852534e-02 9.420714963883923543e-02 7.805961957875501289e-02 1.073726057309368209e-01
9.704307337151452106e-02 9.807018180530790996e-02 1.056079246994895693e-01 1.039270219172587495e-01 7.562145610775328208e-02 7.510914344206313931e-02 7.885049973081222074e-02 9.382835841167337654e-02 7.552011022588051015e-02 1.006479811928130824e-01
7.127723001160057859e-02 7.059572141128343803e-02 7.582890443505890810e-02 7.562145610775328208e-02 5.679129931156676886e-02 5.811860469710185273e-02 6.220448881543039210e-02 7.450675474459780845e-02 5.882134484488173165e-02 7.616287850340339172e-02
7.365246421429449963e-02 7.047152956538171864e-02 7.467826830649740288e-02 7.510914344206313931e-02 5.811860469710185273e-02 6.211627130516436668e-02 6.848033509855887269e-02 8.320293051826480046e-02 6.481406235922870795e-02 8.177773358749608479e-02
8.219844636401563154e-02 7.569423064775741838e-02 7.843170016601852534e-02 7.885049973081222074e-02 6.220448881543039210e-02 6.848033509855887269e-02 7.822426657956690899e-02 9.701786382531057962e-02 7.553446454310089320e-02 9.425901619028406730e-02
1.048947084053889062e-01 9.340165039834194549e-02 9.420714963883923543e-02 9.382835841167337654e-02 7.450675474459780845e-02 8.320293051826480046e-02 9.701786382531057962e-02 1.237432067396747187e-01 9.765417810207416283e-02 1.226570735056573547e-01
9.272604159218206243e-02 8.035949017761478963e-02 7.805961957875501289e-02 7.552011022588051015e-02 5.882134484488173165e-02 6.481406235922870795e-02 7.553446454310089320e-02 9.765417810207416283e-02 8.175361036570893969e-02 1.080454168859799058e-01
1.335221388792086628e-01 1.140550976627932728e-01 1.073726057309368209e-01 1.006479811928130824e-01 7.616287850340339172e-02 8.177773358749608479e-02 9.425901619028406730e-02 1.226570735056573547e-01 1.080454168859799058e-01 1.531229113443079159e-01
1.121072027966761031e-01 1.094272228114403084e-01 1.166847025252072956e-01 8.012597845217286907e-02 8.876631542342640346e-02 8.836821344315597127e-02 7.798270221003585079e-02 7.264807285840384210e-02 8.433445947194778691e-02 1.101634423185544054e-01
1.094272228114403084e-01 1.138883819198530239e-01 1.257340352347515178e-01 8.557354416629589511e-02 9.270785531961020509e-02 8.989189417132789628e-02 7.725026826165867777e-02 7.017788805322323908e-02 8.009962431485959100e-02 1.045352560768962880e-01
1.166847025252072956e-01 1.257340352347515178e-01 1.469871560795071586e-01 1.017736260097277523e-01 1.110738751972402683e-01 1.064437050595668371e-01 8.918855996099751826e-02 7.824540961122683491e-02 8.636287217056265453e-02 1.106765633126704507e-01
8.012597845217286907e-02 8.557354416629589511e-02 1.017736260097277523e-01 7.588735036629612463e-02 8.819011725281802883e-02 8.606896997260783666e-02 7.123161204656174028e-02 6.032680490360083775e-02 6.352732199852728634e-02 7.816289973865130081e-02
8.876631542342640346e-02 9.270785531961020509e-02 1.110738751972402683e-01 8.819011725281802883e-02 1.106777882775485111e-01 1.107786245320828977e-01 9.129497995436272606e-02 7.534994415052445604e-02 7.617342102190427511e-02 8.988805774366835644e-02
8.836821344315597127e-02 8.989189417132789628e-02 1.064437050595668371e-01 8.606896997260783666e-02 1.107786245320828977e-01 1.143622410557088298e-01 9.527387662277247982e-02 7.866638872718410835e-02 7.887642447287517011e-02 9.167859253084982563e-02
7.798270221003585079e-02 7.725026826165867777e-02 8.918855996099751826e-02 7.123161204656174028e-02 9.129497995436272606e-02 9.527387662277247982e-02 8.147068562489981347e-02 6.869080146824771416e-02 7.001084702784532432e-02 8.185747928367004267e-02
7.264807285840384210e-02 7.017788805322323908e-02 7.824540961122683491e-02 6.032680490360083775e-02 7.534994415052445604e-02 7.866638872718410835e-02 6.869080146824771416e-02 6.038205197399012375e-02 6.389041408524211152e-02 7.638891452796373049e-02
8.433445947194778691e-02 8.009962431485959100e-02 8.636287217056265453e-02 6.352732199852728634e-02 7.617342102190427511e-02 7.887642447287517011e-02 7.001084702784532432e-02 6.389041408524211152e-02 7.123043434049519673e-02 8.800935137465740188e-02
1.101634423185544054e-01 1.045352560768962880e-01 1.106765633126704507e-01 7.816289973865130081e-02 8.988805774366835644e-02 9.167859253084982563e-02 8.185747928367004267e-02 7.638891452796373049e-02 8.800935137465740188e-02 1.130067075650252051e-01
1.110997599452649698e-01 1.124011930100224377e-01 9.196647989561258785e-02 8.230345867796456938e-02 8.901131943911347322e-02 8.628026647491524037e-02 8.291107001321235126e-02 9.459546800397802824e-02 9.726074335315984531e-02 9.431737605627338317e-02
1.124011930100224377e-01 1.178307242380607078e-01 9.789010173380330304e-02 8.794627272002492058e-02 9.442878897167550356e-02 8.972252025984482626e-02 8.379603282754331806e-02 9.333222713425687322e-02 9.525577604116988728e-02 9.336870198890585837e-02
9.196647989561258785e-02 9.789010173380330304e-02 8.476450222010377400e-02 7.878211287226524751e-02 8.626602090972912418e-02 8.174329631443000288e-02 7.461086766862561059e-02 8.050236096876342562e-02 7.982429175566836677e-02 7.676631929642487029e-02
8.230345867796456938e-02 8.794627272002492058e-02 7.878211287226524751e-02 7.774510956412855611e-02 8.856362353928973197e-02 8.487090577527607593e-02 7.641090169189898584e-02 7.994155113590079020e-02 7.613465866542261373e-02 7.036636262741266523e-02
8.901131943911347322e-02 9.442878897167550356e-02 8.626602090972912418e-02 8.856362353928973197e-02 1.059112447054244011e-01 1.036849510124707580e-01 9.344430625446381589e-02 9.622785712080753062e-02 8.872583680898690761e-02 7.863693989485046054e-02
8.628026647491524037e-02 8.972252025984482626e-02 8.174329631443000288e-02 8.487090577527607593e-02 1.036849510124707580e-01 1.055356607630217880e-01 9.730278592230595658e-02 1.009729793183782309e-01 9.185213611024201086e-02 7.885763487496280644e-02
8.291107001321235126e-02 8.379603282754331806e-02 7.461086766862561059e-02 7.641090169189898584e-02 9.344430625446381589e-02 9.730278592230595658e-02 9.424318385477313542e-02 1.009449623792313122e-01 9.238454754573607874e-02 7.797160157725521734e-02
9.459546800397802824e-02 9.333222713425687322e-02 8.050236096876342562e-02 7.994155113590079020e-02 9.622785712080753062e-02 1.009729793183782309e-01 1.009449623792313122e-01 1.136668806394895703e-01 1.064399138330359013e-01 9.003955252210898985e-02
9.726074335315984531e-02 9.525577604116988728e-02 7.982429175566836677e-02 7.613465866542261373e-02 8.872583680898690761e-02 9.185213611024201086e-02 9.238454754573607874e-02 1.064399138330359013e-01 1.045246000247709584e-01 9.115217453503336731e-02
9.431737605627338317e-02 9.336870198890585837e-02 7.676631929642487029e-02 7.036636262741266523e-02 7.863693989485046054e-02 7.885763487496280644e-02 7.797160157725521734e-02 9.003955252210898985e-02 9.115217453503336731e-02 8.467833404496234728e-02
