3.478305780629002975e-01 2.764733201490972014e-01 9.221257722866468831e-02 -4.154466405003306995e-02 -8.246197732760643384e-02 -5.294930430982006109e-02 4.820134591698041482e-03 5.359743303400792136e-02 4.396687659241295398e-02 -2.443529416820865163e-02 -1.113482996049017237e-01 -2.352024005861537148e-01
2.764733201490972014e-01 4.590088195963688555e-01 2.562134154543278530e-01 9.994404415874748315e-02 6.352153721601951672e-05 -4.743496107907838044e-02 -5.632033878470271704e-02 -1.225431425886982020e-02 5.184295139118404172e-02 6.172699315891974625e-02 -9.595572979334593584e-04 -1.155808887032037241e-01
9.221257722866468831e-02 2.562134154543278530e-01 3.191293485804608809e-01 2.360808923902052436e-01 1.440283121554009615e-01 4.231237024954274950e-02 -4.283821206182601010e-02 -6.290245258097837411e-02 -9.900012154012578433e-03 5.334157572193852503e-02 6.410152962560169976e-02 3.280567933694510802e-02
-4.154466405003306995e-02 9.994404415874748315e-02 2.360808923902052436e-01 2.996552195947560504e-01 2.454037312211436450e-01 1.339611125899882738e-01 2.760591653646739252e-02 -5.370772683833949235e-02 -6.034770667544746281e-02 -3.436501453902843055e-03 5.550407713606549109e-02 9.060772234127914548e-02
-8.246197732760643384e-02 6.352153721601951672e-05 1.440283121554009615e-01 2.454037312211436450e-01 3.098948998663783039e-01 2.146984541693942594e-01 1.223877836559099375e-01 9.353925389845666946e-03 -6.907183258949893545e-02 -5.819538724049209272e-02 8.826018503694665548e-03 7.307496004284205759e-02
-5.294930430982006109e-02 -4.743496107907838044e-02 4.231237024954274950e-02 1.339611125899882738e-01 2.146984541693942594e-01 2.396879355712490667e-01 2.289834659117041538e-01 1.240247967312247540e-01 -1.340982028666420564e-02 -7.638209826644171141e-02 -4.917199109191169176e-02 1.378204525003434017e-03
4.820134591698041482e-03 -5.632033878470271704e-02 -4.283821206182601010e-02 2.760591653646739252e-02 1.223877836559099375e-01 2.289834659117041538e-01 3.775915708955945860e-01 2.769216847118899372e-01 1.033578132424173707e-01 -4.158120779420041574e-02 -7.873361260001075779e-02 -6.940882623565723664e-02
5.359743303400792136e-02 -1.225431425886982020e-02 -6.290245258097837411e-02 -5.370772683833949235e-02 9.353925389845666946e-03 1.240247967312247540e-01 2.769216847118899372e-01 3.857734713769214174e-01 2.439148066593713471e-01 9.280050217907422072e-02 -1.860298607570641874e-02 -7.057002523839052410e-02
4.396687659241295398e-02 5.184295139118404172e-02 -9.900012154012578433e-03 -6.034770667544746281e-02 -6.907183258949893545e-02 -1.340982028666420564e-02 1.033578132424173707e-01 2.439148066593713471e-01 3.490898830772918293e-01 2.684144987895700218e-01 1.281449804989715779e-01 2.988081795995188583e-02
-2.443529416820865163e-02 6.172699315891974625e-02 5.334157572193852503e-02 -3.436501453902843055e-03 -5.819538724049209272e-02 -7.638209826644171141e-02 -4.158120779420041574e-02 9.280050217907422072e-02 2.684144987895700218e-01 3.972950679966674725e-01 2.380148530996357703e-01 1.405532563030553739e-01
-1.113482996049017237e-01 -9.595572979334593584e-04 6.410152962560169976e-02 5.550407713606549109e-02 8.826018503694665548e-03 -4.917199109191169176e-02 -7.873361260001075779e-02 -1.860298607570641874e-02 1.281449804989715779e-01 2.380148530996357703e-01 2.308891607838703675e-01 2.039761955910603941e-01
-2.352024005861537148e-01 -1.155808887032037241e-01 3.280567933694510802e-02 9.060772234127914548e-02 7.307496004284205759e-02 1.378204525003434017e-03 -6.940882623565723664e-02 -7.057002523839052410e-02 2.988081795995188583e-02 1.405532563030553739e-01 2.039761955910603941e-01 2.841540445975524465e-01
4.254085193485636074e-01 2.564829501641686660e-01 9.568379889685083017e-02 -1.372035321071947075e-02 -5.415349923996984338e-02 -5.556454768748725348e-02 -8.857151114991027724e-03 5.409463284221221330e-02 6.502356093886459132e-02 1.920499401191997149e-03 -1.174467483527836947e-01 -2.751849027453208696e-01
2.564829501641686660e-01 3.103641124945707430e-01 2.218076212226911259e-01 1.339592847963208544e-01 1.847185526536990544e-02 -6.199074470064151743e-02 -6.328159642424713294e-02 3.854956313886364477e-03 6.746539554291972052e-02 6.475872837809444615e-02 1.053531773869671208e-02 -1.177361283569028083e-01
9.568379889685083017e-02 2.218076212226911259e-01 2.861550773782077783e-01 2.666801523080838399e-01 1.242030580918221105e-01 8.176346820093011863e-03 -5.719872684451449835e-02 -5.085706306543469335e-02 5.009765337500545965e-03 4.972493330992205918e-02 6.937016500164830402e-02 2.300950075638526562e-02
-1.372035321071947075e-02 1.339592847963208544e-01 2.666801523080838399e-01 4.287086460344566863e-01 2.307539088782494530e-01 1.108128455945746604e-01 -2.401851611764193976e-04 -6.579164333193668335e-02 -5.620632954335157833e-02 1.621946195651306332e-03 6.230223942793223363e-02 8.316593269826651202e-02
-5.415349923996984338e-02 1.847185526536990544e-02 1.242030580918221105e-01 2.307539088782494530e-01 2.222355726857654368e-01 2.110013282492732012e-01 1.207964129488122706e-01 4.241532071441149118e-03 -6.536097153196125664e-02 -5.386633385081459474e-02 -1.043625716975439197e-02 4.742032101059760751e-02
-5.556454768748725348e-02 -6.199074470064151743e-02 8.176346820093011863e-03 1.108128455945746604e-01 2.110013282492732012e-01 3.527297608548951580e-01 2.771312972852592038e-01 1.233075811730152543e-01 -2.663906395958041268e-02 -7.924430978588282992e-02 -7.606716697311935449e-02 -1.274895322385598273e-02
-8.857151114991027724e-03 -6.328159642424713294e-02 -5.719872684451449835e-02 -2.401851611764193976e-04 1.207964129488122706e-01 2.771312972852592038e-01 3.899921044688099969e-01 2.461617246833113781e-01 9.389430425870545771e-02 -1.723706352040888651e-02 -6.839394700110065783e-02 -5.446118375950284585e-02
5.409463284221221330e-02 3.854956313886364477e-03 -5.085706306543469335e-02 -6.579164333193668335e-02 4.241532071441149118e-03 1.233075811730152543e-01 2.461617246833113781e-01 3.213377123491105158e-01 2.537085412003852181e-01 1.293744235285599897e-01 3.419250597916002887e-02 -4.203836767613658432e-02
6.502356093886459132e-02 6.746539554291972052e-02 5.009765337500545965e-03 -5.620632954335157833e-02 -6.536097153196125664e-02 -2.663906395958041268e-02 9.389430425870545771e-02 2.537085412003852181e-01 3.837238771801068093e-01 2.492989667692721012e-01 1.484558502517575040e-01 2.583199032386090943e-02
1.920499401191997149e-03 6.475872837809444615e-02 4.972493330992205918e-02 1.621946195651306332e-03 -5.386633385081459474e-02 -7.924430978588282992e-02 -1.723706352040888651e-02 1.293744235285599897e-01 2.492989667692721012e-01 2.594929609102600288e-01 2.132602583269520569e-01 1.109839250048433312e-01
-1.174467483527836947e-01 1.053531773869671208e-02 6.937016500164830402e-02 6.230223942793223363e-02 -1.043625716975439197e-02 -7.606716697311935449e-02 -6.839394700110065783e-02 3.419250597916002887e-02 1.484558502517575040e-01 2.132602583269520569e-01 2.751298246322791408e-01 2.291349907185765145e-01
-2.751849027453208696e-01 -1.177361283569028083e-01 2.300950075638526562e-02 8.316593269826651202e-02 4.742032101059760751e-02 -1.274895322385598273e-02 -5.446118375950284585e-02 -4.203836767613658432e-02 2.583199032386090943e-02 1.109839250048433312e-01 2.291349907185765145e-01 3.447218316629903079e-01
3.883222632404638164e-01 2.516813726934141182e-01 1.046812196718237553e-01 -2.566743397999562970e-02 -7.906194127159558993e-02 -4.208624842261640686e-02 2.454583137278130989e-02 7.196407221979678193e-02 5.295816479527590270e-02 -2.827395572155726525e-02 -1.373634207719564571e-01 -2.543963604469364759e-01
2.516813726934141182e-01 3.271980639878179220e-01 2.583951427275519297e-01 1.096469925552775448e-01 -2.638131783834635549e-02 -7.125895296982853733e-02 -4.974704981730369152e-02 5.741119191500467650e-03 5.355236616674607930e-02 5.534204063158390530e-02 -7.057885642310911777e-03 -1.158734909221543624e-01
1.046812196718237553e-01 2.583951427275519297e-01 4.086998800971192725e-01 2.580695500027117006e-01 1.034290238424352970e-01 -2.349562159565508207e-02 -7.672586948980825161e-02 -6.480945528648851539e-02 3.950126575349964704e-03 6.978063095678134486e-02 7.826837031574619685e-02 2.088961985763232096e-02
-2.566743397999562970e-02 1.096469925552775448e-01 2.580695500027117006e-01 3.228083872228404427e-01 2.487744918830738228e-01 1.159245065707556338e-01 5.427918861130834501e-04 -6.267110463601048564e-02 -5.151133439527498525e-02 4.303543740358471530e-03 5.635299491215188528e-02 6.987801988653077889e-02
-7.906194127159558993e-02 -2.638131783834635549e-02 1.034290238424352970e-01 2.487744918830738228e-01 3.854860539567660505e-01 2.630871667236436839e-01 1.306423983406018730e-01 1.332037642358131768e-02 -5.993055430184666271e-02 -6.775753480859193767e-02 -1.979826836145801017e-02 4.223733489107471539e-02
-4.208624842261640686e-02 -7.125895296982853733e-02 -2.349562159565508207e-02 1.159245065707556338e-01 2.630871667236436839e-01 3.213191850865966814e-01 2.288855269978943840e-01 1.244813344106539821e-01 9.424627447439954536e-03 -6.694709225532374797e-02 -6.982277983281572065e-02 -2.450865104857737412e-02
2.454583137278130989e-02 -4.974704981730369152e-02 -7.672586948980825161e-02 5.427918861130834501e-04 1.306423983406018730e-01 2.288855269978943840e-01 2.730016626500106347e-01 2.357141708451418183e-01 1.242511162069663833e-01 7.626717847535879891e-03 -6.034444721706663795e-02 -6.679371831750743893e-02
7.196407221979678193e-02 5.741119191500467650e-03 -6.480945528648851539e-02 -6.267110463601048564e-02 1.332037642358131768e-02 1.244813344106539821e-01 2.357141708451418183e-01 3.502118320015877861e-01 2.576803865899912616e-01 1.324417838396729497e-01 1.033060340191335226e-02 -6.081511517754951968e-02
5.295816479527590270e-02 5.355236616674607930e-02 3.950126575349964704e-03 -5.151133439527498525e-02 -5.993055430184666271e-02 9.424627447439954536e-03 1.242511162069663833e-01 2.576803865899912616e-01 3.362269214637624848e-01 2.494835163415498047e-01 1.267580826663547433e-01 2.035741834001520562e-02
-2.827395572155726525e-02 5.534204063158390530e-02 6.978063095678134486e-02 4.303543740358471530e-03 -6.775753480859193767e-02 -6.694709225532374797e-02 7.626717847535879891e-03 1.324417838396729497e-01 2.494835163415498047e-01 3.208327028010592996e-01 2.324735889005415668e-01 1.295733966305112062e-01
-1.373634207719564571e-01 -7.057885642310911777e-03 7.826837031574619685e-02 5.635299491215188528e-02 -1.979826836145801017e-02 -6.982277983281572065e-02 -6.034444721706663795e-02 1.033060340191335226e-02 1.267580826663547433e-01 2.324735889005415668e-01 2.781594623121005916e-01 2.238949400818467661e-01
-2.543963604469364759e-01 -1.158734909221543624e-01 2.088961985763232096e-02 6.987801988653077889e-02 4.223733489107471539e-02 -2.450865104857737412e-02 -6.679371831750743893e-02 -6.081511517754951968e-02 2.035741834001520562e-02 1.295733966305112062e-01 2.238949400818467661e-01 2.877335851798615840e-01
3.054795589451875792e-01 2.453269380934225974e-01 1.425832537296691238e-01 -3.025172436486240485e-02 -9.215347977147220204e-02 -3.669803343102183424e-02 1.448225681037597530e-02 5.163871048125266705e-02 3.898083643542726157e-02 -2.502571183400396915e-02 -1.190277549135580204e-01 -2.239815018666526103e-01
2.453269380934225974e-01 3.139703358926732024e-01 2.577930408000271290e-01 6.691017356045422804e-02 -6.668310312558452246e-02 -6.001686860846522364e-02 -4.849851050241169026e-02 6.565899364439567107e-03 5.876954895622562430e-02 5.982290313472937021e-02 -1.156553491559882477e-02 -1.242572291146719354e-01
1.425832537296691238e-01 2.577930408000271290e-01 3.997886994040730224e-01 2.443378160796855214e-01 6.700159534125466054e-02 -2.619608393670794233e-02 -7.318314830448480190e-02 -4.419400731451974401e-02 3.098224850769344674e-02 7.855668869469130400e-02 5.800170471355114293e-02 -2.322370676134427950e-02
-3.025172436486240485e-02 6.691017356045422804e-02 2.443378160796855214e-01 4.546450864748159404e-01 2.936097146198322627e-01 9.829814806460542009e-02 6.512101292915095999e-03 -4.017651876770723246e-02 -4.099975392484356967e-02 -7.955948174747718912e-03 3.107127228139271169e-02 5.295589426913992204e-02
-9.215347977147220204e-02 -6.668310312558452246e-02 6.700159534125466054e-02 2.936097146198322627e-01 4.187827566553448122e-01 1.790368976518978694e-01 1.036460054158274136e-01 2.286580365490388858e-02 -5.050913716965754752e-02 -6.960804511073750978e-02 -2.911446650473161271e-02 4.233193501015150573e-02
-3.669803343102183424e-02 -6.001686860846522364e-02 -2.619608393670794233e-02 9.829814806460542009e-02 1.790368976518978694e-01 1.323767793116299718e-01 1.682654976727443741e-01 1.149051907899289737e-01 2.638913819376888237e-02 -4.582228806807869120e-02 -5.284526271823501709e-02 -1.784829439405442864e-02
1.448225681037597530e-02 -4.849851050241169026e-02 -7.318314830448480190e-02 6.512101292915095999e-03 1.036460054158274136e-01 1.682654976727443741e-01 3.485060277811794505e-01 2.861037531629432307e-01 1.457198985368538535e-01 -9.087280900780569590e-03 -7.600521309815611026e-02 -7.547402100795561064e-02
5.163871048125266705e-02 6.565899364439567107e-03 -4.419400731451974401e-02 -4.017651876770723246e-02 2.286580365490388858e-02 1.149051907899289737e-01 2.861037531629432307e-01 3.956670177307506364e-01 2.485568278550972787e-01 9.635237043942154744e-02 -1.116223864820921167e-02 -6.273453352443938980e-02
3.898083643542726157e-02 5.876954895622562430e-02 3.098224850769344674e-02 -4.099975392484356967e-02 -5.050913716965754752e-02 2.638913819376888237e-02 1.457198985368538535e-01 2.485568278550972787e-01 2.885021857559169067e-01 2.284566334449178449e-01 1.259286477222003320e-01 3.362939719702966179e-02
-2.502571183400396915e-02 5.982290313472937021e-02 7.855668869469130400e-02 -7.955948174747718912e-03 -6.960804511073750978e-02 -4.582228806807869120e-02 -9.087280900780569590e-03 9.635237043942154744e-02 2.284566334449178449e-01 3.405835139206203621e-01 2.550582577822086416e-01 1.510127441851447649e-01
-1.190277549135580204e-01 -1.156553491559882477e-02 5.800170471355114293e-02 3.107127228139271169e-02 -2.911446650473161271e-02 -5.284526271823501709e-02 -7.600521309815611026e-02 -1.116223864820921167e-02 1.259286477222003320e-01 2.550582577822086416e-01 3.096052271735519890e-01 2.382657446705743753e-01
-2.239815018666526103e-01 -1.242572291146719354e-01 -2.322370676134427950e-02 5.295589426913992204e-02 4.233193501015150573e-02 -1.784829439405442864e-02 -7.547402100795561064e-02 -6.273453352443938980e-02 3.362939719702966179e-02 1.510127441851447649e-01 2.382657446705743753e-01 2.920928109542413331e-01
3.792467037085749393e-01 2.695055052561005082e-01 1.170389581806565160e-01 1.829228705641509217e-03 -5.683738379141477920e-02 -5.771508536176964133e-02 -4.601110959253890999e-03 5.151751896778343498e-02 7.445620034911941409e-02 1.759538189620989818e-02 -1.016590858229830946e-01 -2.515625205261650121e-01
2.695055052561005082e-01 3.752919969180600890e-01 2.319948078247434653e-01 1.260035486141649341e-01 4.591150445064928060e-03 -7.504313019895150760e-02 -6.559664254340838441e-02 -7.472985329306904359e-03 5.750878075060054939e-02 7.410038572880506269e-02 3.792589597915027588e-02 -9.935369731689953909e-02
1.170389581806565160e-01 2.319948078247434653e-01 2.500272847046814961e-01 2.339717509859779165e-01 1.149676553853028194e-01 -8.389011766538006067e-04 -5.921940143766395159e-02 -5.576681711956656129e-02 -1.433616268209551674e-02 4.387544870669203567e-02 7.661798562111635236e-02 2.168968510656539908e-02
1.829228705641509217e-03 1.260035486141649341e-01 2.339717509859779165e-01 3.859580958605800527e-01 2.554851381931487753e-01 1.258903904791089934e-01 -1.774037198728050952e-03 -6.968225306451046597e-02 -7.694763240181901054e-02 -1.281067560595493607e-02 5.874006210405232492e-02 7.613850227993948505e-02
-5.683738379141477920e-02 4.591150445064928060e-03 1.149676553853028194e-01 2.554851381931487753e-01 3.099564763347115726e-01 2.480796437303403879e-01 1.203874983470608478e-01 7.994153098451502529e-03 -6.064139471369934392e-02 -5.372659147671998703e-02 -1.517168456290606503e-02 4.275101711454525055e-02
-5.771508536176964133e-02 -7.504313019895150760e-02 -8.389011766538006067e-04 1.258903904791089934e-01 2.480796437303403879e-01 3.618261775775365452e-01 2.487317197231651844e-01 1.271870875508398224e-01 2.185912496641157637e-02 -4.851815185476920922e-02 -7.458210500724336833e-02 -2.498720747023504274e-02
-4.601110959253890999e-03 -6.559664254340838441e-02 -5.921940143766395159e-02 -1.774037198728050952e-03 1.203874983470608478e-01 2.487317197231651844e-01 2.992578655708833524e-01 2.261253869468086708e-01 1.387884217531937803e-01 2.458284302127422896e-02 -5.948622773041566808e-02 -6.359305902875828087e-02
5.151751896778343498e-02 -7.472985329306904359e-03 -5.576681711956656129e-02 -6.968225306451046597e-02 7.994153098451502529e-03 1.271870875508398224e-01 2.261253869468086708e-01 2.781355200259932325e-01 2.485706989885264895e-01 1.241558911928737352e-01 1.765957384060121843e-02 -5.413807816691586922e-02
7.445620034911941409e-02 5.750878075060054939e-02 -1.433616268209551674e-02 -7.694763240181901054e-02 -6.064139471369934392e-02 2.185912496641157637e-02 1.387884217531937803e-01 2.485706989885264895e-01 3.696223159130805902e-01 2.315765736639570638e-01 1.284767558533769782e-01 4.988594043245277859e-03
1.759538189620989818e-02 7.410038572880506269e-02 4.387544870669203567e-02 -1.281067560595493607e-02 -5.372659147671998703e-02 -4.851815185476920922e-02 2.458284302127422896e-02 1.241558911928737352e-01 2.315765736639570638e-01 2.468842691654194732e-01 2.306304837111582684e-01 1.179078706136179183e-01
-1.016590858229830946e-01 3.792589597915027588e-02 7.661798562111635236e-02 5.874006210405232492e-02 -1.517168456290606503e-02 -7.458210500724336833e-02 -5.948622773041566808e-02 1.765957384060121843e-02 1.284767558533769782e-01 2.306304837111582684e-01 3.715651423796679786e-01 2.675461838573381934e-01
-2.515625205261650121e-01 -9.935369731689953909e-02 2.168968510656539908e-02 7.613850227993948505e-02 4.275101711454525055e-02 -2.498720747023504274e-02 -6.359305902875828087e-02 -5.413807816691586922e-02 4.988594043245277859e-03 1.179078706136179183e-01 2.675461838573381934e-01 3.722281518407868917e-01
3.443017233171715152e-01 2.573372772725252555e-01 1.332445025666918470e-01 -3.044876973060835212e-02 -8.680270526435027167e-02 -3.614370702743040231e-02 3.380844860775864685e-02 7.579122153171914678e-02 5.199742513367831137e-02 7.104106712784621046e-03 -1.023121672252061826e-01 -2.364213342527136108e-01
2.573372772725252555e-01 3.224437633927115243e-01 2.452895902734924805e-01 7.523504513323589493e-02 -6.221334507371208133e-02 -7.555365292419879975e-02 -2.363378233727495698e-02 3.624732529906452005e-02 6.175958613821271731e-02 7.864738013631353275e-02 1.728671497286065825e-02 -1.196463905753623602e-01
1.332445025666918470e-01 2.452895902734924805e-01 3.643673111418699317e-01 2.610840794932082765e-01 7.511594635501517292e-02 -4.830469181566220821e-02 -7.027759318710316561e-02 -4.346959342240255125e-02 1.522502893241883641e-02 6.921824409791664523e-02 6.978918173800470470e-02 -8.832375330201720082e-03
-3.044876973060835212e-02 7.523504513323589493e-02 2.610840794932082765e-01 4.811587413787358214e-01 2.787725828964781605e-01 8.883880366803864614e-02 -3.053939860804485290e-02 -7.598983502576388271e-02 -5.083357546543148392e-02 -2.148253300294223483e-02 2.660375091641005094e-02 5.714593179039503118e-02
-8.680270526435027167e-02 -6.221334507371208133e-02 7.511594635501517292e-02 2.787725828964781605e-01 3.732008617601043077e-01 2.314106439394923720e-01 1.062831159145997406e-01 1.445512373172811241e-02 -3.730226005297408026e-02 -6.877520337257100880e-02 -4.511583951297238465e-02 3.091844177834311008e-02
-3.614370702743040231e-02 -7.555365292419879975e-02 -4.830469181566220821e-02 8.883880366803864614e-02 2.314106439394923720e-01 3.014740172704702958e-01 2.417322727747736599e-01 1.597204863922851992e-01 4.788838531376803792e-02 -2.930714891437644076e-02 -6.329471698648812816e-02 -3.154413434295388202e-02
3.380844860775864685e-02 -2.363378233727495698e-02 -7.027759318710316561e-02 -3.053939860804485290e-02 1.062831159145997406e-01 2.417322727747736599e-01 3.101839408488984429e-01 2.592017753189882479e-01 1.258196598545134048e-01 4.791249469068907529e-02 -2.593822390516896392e-02 -5.851930320402733837e-02
7.579122153171914678e-02 3.624732529906452005e-02 -4.346959342240255125e-02 -7.598983502576388271e-02 1.445512373172811241e-02 1.597204863922851992e-01 2.592017753189882479e-01 3.374657522653514707e-01 1.898744270679706136e-01 1.268637824623925492e-01 4.197550371581142137e-02 -4.549125344218730993e-02
5.199742513367831137e-02 6.175958613821271731e-02 1.522502893241883641e-02 -5.083357546543148392e-02 -3.730226005297408026e-02 4.788838531376803792e-02 1.258196598545134048e-01 1.898744270679706136e-01 1.600749783564172080e-01 1.748337126111810802e-01 1.227473376795746307e-01 2.922367179631658873e-02
7.104106712784621046e-03 7.864738013631353275e-02 6.921824409791664523e-02 -2.148253300294223483e-02 -6.877520337257100880e-02 -2.930714891437644076e-02 4.791249469068907529e-02 1.268637824623925492e-01 1.748337126111810802e-01 2.952020776627722332e-01 2.674093979368533658e-01 1.441474148136751010e-01
-1.023121672252061826e-01 1.728671497286065825e-02 6.978918173800470470e-02 2.660375091641005094e-02 -4.511583951297238465e-02 -6.329471698648812816e-02 -2.593822390516896392e-02 4.197550371581142137e-02 1.227473376795746307e-01 2.674093979368533658e-01 3.888393825038466978e-01 2.599586771441241839e-01
-2.364213342527136108e-01 -1.196463905753623602e-01 -8.832375330201720082e-03 5.714593179039503118e-02 3.091844177834311008e-02 -3.154413434295388202e-02 -5.851930320402733837e-02 -4.549125344218730993e-02 2.922367179631658873e-02 1.441474148136751010e-01 2.599586771441241839e-01 3.212874501016520501e-01
3.253591925662222550e-01 2.430095760668762872e-01 1.363682980629096209e-01 2.187982310879552778e-02 -6.204551302221106290e-02 -6.659733538211400072e-02 -2.840800069966622349e-02 3.748121264481567988e-02 6.909779635849842838e-02 1.978335827783823941e-02 -1.063600887017478874e-01 -2.535472548621037769e-01
2.430095760668762872e-01 3.182537295027851876e-01 2.451972728276662905e-01 1.262440819281630822e-01 -7.496934931314814567e-04 -6.977586079865141788e-02 -7.878127186041480878e-02 -2.713068196695255646e-02 5.020671259417762433e-02 8.094395319133528000e-02 2.945736412625741749e-02 -1.057889678914122056e-01
1.363682980629096209e-01 2.451972728276662905e-01 3.086121210728823838e-01 2.337562781294423853e-01 1.169032062754677692e-01 -6.394513875322068190e-04 -6.513522284390932393e-02 -6.377625612391513155e-02 -2.549776198325323737e-03 6.533956626029009673e-02 7.768984360648113763e-02 1.439501757444728615e-03
2.187982310879552778e-02 1.262440819281630822e-01 2.337562781294423853e-01 3.191485799211163932e-01 2.622768898233311941e-01 1.304596366854541278e-01 2.280127321634878995e-02 -5.095382509329482446e-02 -5.655089408344061291e-02 -3.382667532822098300e-03 5.273540551653929653e-02 5.615186033974660373e-02
-6.204551302221106290e-02 -7.496934931314814567e-04 1.169032062754677692e-01 2.622768898233311941e-01 3.945971861601956232e-01 2.483529752042030747e-01 1.346626514944601338e-01 1.879848038758374917e-02 -6.096819132232394328e-02 -6.631522104873795176e-02 -1.492149136008732654e-02 4.996033437606276634e-02
-6.659733538211400072e-02 -6.977586079865141788e-02 -6.394513875322068190e-04 1.304596366854541278e-01 2.483529752042030747e-01 2.613463540528904172e-01 2.101926566214293024e-01 1.166797006893158239e-01 1.013303457090262809e-02 -6.213676097705481127e-02 -6.276290390181446521e-02 -2.355613559372163497e-03
-2.840800069966622349e-02 -7.878127186041480878e-02 -6.513522284390932393e-02 2.280127321634878995e-02 1.346626514944601338e-01 2.101926566214293024e-01 2.723226714533661386e-01 2.371065794434709106e-01 1.298395648540473790e-01 -4.572930712560990579e-04 -7.195852894689350188e-02 -5.440679371037199230e-02
3.748121264481567988e-02 -2.713068196695255646e-02 -6.377625612391513155e-02 -5.095382509329482446e-02 1.879848038758374917e-02 1.166797006893158239e-01 2.371065794434709106e-01 3.579993121411559898e-01 2.730336383795590738e-01 1.211761482048134414e-01 -1.479317437107768515e-02 -7.204479529096424750e-02
6.909779635849842838e-02 5.020671259417762433e-02 -2.549776198325323737e-03 -5.655089408344061291e-02 -6.096819132232394328e-02 1.013303457090262809e-02 1.298395648540473790e-01 2.730336383795590738e-01 3.830071584447954369e-01 2.434699814631453296e-01 1.056668403791471145e-01 -1.522313027987788614e-02
1.978335827783823941e-02 8.094395319133528000e-02 6.533956626029009673e-02 -3.382667532822098300e-03 -6.631522104873795176e-02 -6.213676097705481127e-02 -4.572930712560990579e-04 1.211761482048134414e-01 2.434699814631453296e-01 2.919779935359153034e-01 2.354317835007416204e-01 1.172648594348982415e-01
-1.063600887017478874e-01 2.945736412625741749e-02 7.768984360648113763e-02 5.273540551653929653e-02 -1.492149136008732654e-02 -6.276290390181446521e-02 -7.195852894689350188e-02 -1.479317437107768515e-02 1.056668403791471145e-01 2.354317835007416204e-01 3.524723120015760824e-01 2.728693762713504389e-01
-2.535472548621037769e-01 -1.057889678914122056e-01 1.439501757444728615e-03 5.615186033974660373e-02 4.996033437606276634e-02 -2.355613559372163497e-03 -5.440679371037199230e-02 -7.204479529096424750e-02 -1.522313027987788614e-02 1.172648594348982415e-01 2.728693762713504389e-01 4.149033891470954027e-01
3.200558383100464699e-01 2.745569851100018721e-01 1.212783927827708330e-01 -6.425717733871291054e-03 -5.888340002290495812e-02 -5.623636814864740180e-02 1.383448910485334665e-02 6.736268491057607888e-02 4.995524904577482161e-02 6.004984462763902388e-03 -9.722714125287928999e-02 -2.302166221683628333e-01
2.745569851100018721e-01 3.764542938271249195e-01 2.024458900289896612e-01 8.951114045328444069e-02 -1.626162286788394168e-02 -7.318074252209749719e-02 -2.615647347104861631e-02 4.633637540936298704e-02 6.961555951536550768e-02 7.334618755108648913e-02 -1.722618240549619872e-02 -1.610349197792591835e-01
1.212783927827708330e-01 2.024458900289896612e-01 2.057563634121638285e-01 2.369916085591993737e-01 1.103887038407712351e-01 -9.423928339952078459e-03 -5.312474427334196864e-02 -3.334283049174541214e-02 1.744727488483469036e-02 5.841266731234151521e-02 3.612823727298238030e-02 -3.894726320823491128e-02
-6.425717733871291054e-03 8.951114045328444069e-02 2.369916085591993737e-01 5.312644659549413673e-01 2.851289932706015939e-01 1.027593408601767677e-01 -4.945734530796239842e-02 -1.010097853564680404e-01 -4.525464763418856479e-02 1.327443989127682911e-02 5.429351966286394271e-02 5.617937504040479424e-02
-5.888340002290495812e-02 -1.626162286788394168e-02 1.103887038407712351e-01 2.851289932706015939e-01 2.756640896083990544e-01 2.099510424511790430e-01 7.784617205254082406e-02 -2.714107509438743598e-02 -4.573685520729171144e-02 -4.231229296350474955e-02 2.532398682034334766e-03 5.143851169489112307e-02
-5.623636814864740180e-02 -7.318074252209749719e-02 -9.423928339952078459e-03 1.027593408601767677e-01 2.099510424511790430e-01 3.708667659135500561e-01 2.814641068081937259e-01 1.413203885632863810e-01 7.863483065170933858e-03 -7.173217291595850031e-02 -6.098466444535623893e-02 1.127017168987108907e-04
1.383448910485334665e-02 -2.615647347104861631e-02 -5.312474427334196864e-02 -4.945734530796239842e-02 7.784617205254082406e-02 2.814641068081937259e-01 4.171093700321441555e-01 2.701164296989132518e-01 9.850338866235289204e-02 -1.515957971368589582e-03 -4.492359786864357635e-02 -4.633157903486588569e-02
6.736268491057607888e-02 4.633637540936298704e-02 -3.334283049174541214e-02 -1.010097853564680404e-01 -2.714107509438743598e-02 1.413203885632863810e-01 2.701164296989132518e-01 3.175209088135424462e-01 1.761318441846134730e-01 1.170312594413273205e-01 3.580556553812751230e-02 -4.178020638526978858e-02
4.995524904577482161e-02 6.961555951536550768e-02 1.744727488483469036e-02 -4.525464763418856479e-02 -4.573685520729171144e-02 7.863483065170933858e-03 9.850338866235289204e-02 1.761318441846134730e-01 1.701034511042555930e-01 2.151345975526556265e-01 1.315064140103321955e-01 2.688462022815108279e-02
6.004984462763902388e-03 7.334618755108648913e-02 5.841266731234151521e-02 1.327443989127682911e-02 -4.231229296350474955e-02 -7.173217291595850031e-02 -1.515957971368589582e-03 1.170312594413273205e-01 2.151345975526556265e-01 4.387667894163935212e-01 2.803858759285962621e-01 1.323721897669910275e-01
-9.722714125287928999e-02 -1.722618240549619872e-02 3.612823727298238030e-02 5.429351966286394271e-02 2.532398682034334766e-03 -6.098466444535623893e-02 -4.492359786864357635e-02 3.580556553812751230e-02 1.315064140103321955e-01 2.803858759285962621e-01 3.059508150528806869e-01 2.122501776061345158e-01
-2.302166221683628333e-01 -1.610349197792591835e-01 -3.894726320823491128e-02 5.617937504040479424e-02 5.143851169489112307e-02 1.127017168987108907e-04 -4.633157903486588569e-02 -4.178020638526978858e-02 2.688462022815108279e-02 1.323721897669910275e-01 2.122501776061345158e-01 2.704868485545481871e-01
3.020069868528419965e-01 2.423114134674900222e-01 1.253080647261027303e-01 -9.984793722335435009e-04 -7.208407438600006323e-02 -5.594215479840032590e-02 1.702827522087772133e-02 6.895952441740192673e-02 7.110821171150227826e-02 1.609998797884844637e-02 -1.122072152232767434e-01 -2.439772267337008138e-01
2.423114134674900222e-01 4.041403223118164578e-01 2.893152930496589725e-01 1.151549247653090857e-01 -5.963921324232906648e-03 -5.847357416040525890e-02 -4.738191419883103217e-02 1.648005150480284179e-03 4.622601415147294113e-02 6.891000632592633734e-02 4.281425470102771108e-02 -7.408322035770750769e-02
1.253080647261027303e-01 2.893152930496589725e-01 3.818286784030820447e-01 2.076563112399547051e-01 1.053370149745124912e-01 9.894481523852430294e-03 -5.717381919202099705e-02 -5.938026057183254380e-02 -2.121638291734120538e-02 3.604653142521292014e-02 8.150529986831028806e-02 3.552876434504029929e-02
-9.984793722335435009e-04 1.151549247653090857e-01 2.076563112399547051e-01 2.086876040435446944e-01 2.180597755110409985e-01 1.284224645616220961e-01 1.130443732695268939e-02 -6.211486134527845204e-02 -6.996900092658461801e-02 -3.406122532882949194e-02 3.291239325962783124e-02 6.114029470187603427e-02
-7.208407438600006323e-02 -5.963921324232906648e-03 1.053370149745124912e-01 2.180597755110409985e-01 3.848005344936812344e-01 2.763833264821829450e-01 1.238901120664755995e-01 -1.719459903815581323e-02 -7.898480039038595357e-02 -8.029535416926449065e-02 -2.494049294546283810e-02 4.945758237885889558e-02
-5.594215479840032590e-02 -5.847357416040525890e-02 9.894481523852430294e-03 1.284224645616220961e-01 2.763833264821829450e-01 3.551149638964170574e-01 2.394046745056929992e-01 1.045812429221915363e-01 6.835613974595275942e-03 -4.596717089857535465e-02 -5.130919410184633239e-02 -4.520223016477480267e-03
1.702827522087772133e-02 -4.738191419883103217e-02 -5.717381919202099705e-02 1.130443732695268939e-02 1.238901120664755995e-01 2.394046745056929992e-01 3.204795354500209470e-01 2.464004148801013649e-01 1.485416410239387142e-01 5.890100612587217260e-02 -2.971211748475285908e-02 -6.069089820337013330e-02
6.895952441740192673e-02 1.648005150480284179e-03 -5.938026057183254380e-02 -6.211486134527845204e-02 -1.719459903815581323e-02 1.045812429221915363e-01 2.464004148801013649e-01 3.195667697912555338e-01 2.406232259922055083e-01 1.466209262648755229e-01 3.124609160704376262e-02 -6.149103835072450980e-02
7.110821171150227826e-02 4.622601415147294113e-02 -2.121638291734120538e-02 -6.996900092658461801e-02 -7.898480039038595357e-02 6.835613974595275942e-03 1.485416410239387142e-01 2.406232259922055083e-01 2.712040465067839801e-01 2.088893641319289340e-01 1.106399893974902848e-01 -4.940789901721140583e-03
1.609998797884844637e-02 6.891000632592633734e-02 3.604653142521292014e-02 -3.406122532882949194e-02 -8.029535416926449065e-02 -4.596717089857535465e-02 5.890100612587217260e-02 1.466209262648755229e-01 2.088893641319289340e-01 2.441645082270677558e-01 2.219641364398298178e-01 1.131522047958650745e-01
-1.122072152232767434e-01 4.281425470102771108e-02 8.150529986831028806e-02 3.291239325962783124e-02 -2.494049294546283810e-02 -5.130919410184633239e-02 -2.971211748475285908e-02 3.124609160704376262e-02 1.106399893974902848e-01 2.219641364398298178e-01 3.801349575377068746e-01 2.889760427555279065e-01
-2.439772267337008138e-01 -7.408322035770750769e-02 3.552876434504029929e-02 6.114029470187603427e-02 4.945758237885889558e-02 -4.520223016477480267e-03 -6.069089820337013330e-02 -6.149103835072450980e-02 -4.940789901721140583e-03 1.131522047958650745e-01 2.889760427555279065e-01 4.278710924857865305e-01
2.959040157318309494e-01 2.537121281983238386e-01 1.046102824435510004e-01 -3.998474804559035145e-02 -7.791645089810830815e-02 -2.125607959995378521e-02 5.030670256183712719e-02 7.588965259547048037e-02 4.344290995437864733e-02 -3.900577625030002965e-02 -1.270307829050797144e-01 -2.264464344659730399e-01
2.537121281983238386e-01 4.114372693040807549e-01 2.711491145975127859e-01 9.281753266127290569e-02 -4.103105056134858514e-02 -7.071079544878200451e-02 -2.672169970587433968e-02 2.743438850885963204e-02 5.839545869868813244e-02 4.463727713202768344e-02 -2.602860857956941151e-02 -1.280240769602318807e-01
1.046102824435510004e-01 2.711491145975127859e-01 3.884480257622345833e-01 2.512164354376969500e-01 9.686009446707348480e-02 -3.636814021683966447e-02 -7.839764894994999400e-02 -5.623437533620428974e-02 5.061907591888134030e-03 6.037830449787220249e-02 6.068489121264550312e-02 1.290590455478977938e-02
-3.998474804559035145e-02 9.281753266127290569e-02 2.512164354376969500e-01 3.499667130757604938e-01 2.586686531339900119e-01 1.033104118801413673e-01 -2.886111870530018442e-02 -7.812224377144781629e-02 -5.736206676303003127e-02 4.930521405297710533e-03 6.098397876942014684e-02 8.388098397907627068e-02
-7.791645089810830815e-02 -4.103105056134858514e-02 9.686009446707348480e-02 2.586686531339900119e-01 3.964174802260851949e-01 2.670845834731593316e-01 1.125843395400568658e-01 -7.511203000972810958e-04 -5.805484468884756361e-02 -5.696854192128991690e-02 -5.032278681348661790e-03 5.048567121505631583e-02
-2.125607959995378521e-02 -7.071079544878200451e-02 -3.636814021683966447e-02 1.033104118801413673e-01 2.670845834731593316e-01 3.680879543084020766e-01 2.449822547196399691e-01 1.300642992665435038e-01 2.194640016254674822e-02 -5.467379488758352529e-02 -6.374662459325448893e-02 -3.659442014516858105e-02
5.030670256183712719e-02 -2.672169970587433968e-02 -7.839764894994999400e-02 -2.886111870530018442e-02 1.125843395400568658e-01 2.449822547196399691e-01 2.928846196481625919e-01 2.300982303086668290e-01 1.267772906301364855e-01 2.021100110296435506e-02 -5.544007046489602547e-02 -8.161819914776723139e-02
7.588965259547048037e-02 2.743438850885963204e-02 -5.623437533620428974e-02 -7.812224377144781629e-02 -7.511203000972810958e-04 1.300642992665435038e-01 2.300982303086668290e-01 2.917669798199145070e-01 2.306847206953680507e-01 1.339965822495820802e-01 1.619405060121791376e-02 -6.034657093463751537e-02
4.344290995437864733e-02 5.839545869868813244e-02 5.061907591888134030e-03 -5.736206676303003127e-02 -5.805484468884756361e-02 2.194640016254674822e-02 1.267772906301364855e-01 2.306847206953680507e-01 3.032107845654309353e-01 2.575077472491545394e-01 1.298000438555823033e-01 2.724062973006827204e-02
-3.900577625030002965e-02 4.463727713202768344e-02 6.037830449787220249e-02 4.930521405297710533e-03 -5.696854192128991690e-02 -5.467379488758352529e-02 2.021100110296435506e-02 1.339965822495820802e-01 2.575077472491545394e-01 3.785100608377721665e-01 2.404609481495161294e-01 1.392672791289745748e-01
-1.270307829050797144e-01 -2.602860857956941151e-02 6.068489121264550312e-02 6.098397876942014684e-02 -5.032278681348661790e-03 -6.374662459325448893e-02 -5.544007046489602547e-02 1.619405060121791376e-02 1.298000438555823033e-01 2.404609481495161294e-01 2.492650040311473469e-01 2.102695051355281397e-01
-2.264464344659730399e-01 -1.280240769602318807e-01 1.290590455478977938e-02 8.388098397907627068e-02 5.048567121505631583e-02 -3.659442014516858105e-02 -8.161819914776723139e-02 -6.034657093463751537e-02 2.724062973006827204e-02 1.392672791289745748e-01 2.102695051355281397e-01 2.741010926891646049e-01
4.494199425107006096e-01 2.774425474530587410e-01 1.154601949710025166e-01 -3.860263402453145958e-03 -5.836050878988327528e-02 -6.908113366422397039e-02 -2.190557811908488972e-02 3.035102159530812804e-02 6.246697003031487921e-02 2.576113808280932477e-02 -8.483221934625122251e-02 -2.528527830556985823e-01
2.774425474530587410e-01 3.508932012725660687e-01 2.280526140426545889e-01 1.185424824956727574e-01 1.183558882675203941e-02 -6.058671522742412746e-02 -5.837601848386560210e-02 -4.192090868429138029e-02 2.004791565844948886e-02 7.479670874708380102e-02 5.212748280010526952e-02 -8.778253118730176829e-02
1.154601949710025166e-01 2.280526140426545889e-01 2.601819087187668411e-01 2.308615333983987106e-01 1.224077044056795516e-01 3.242529821704015491e-02 -3.176347438124670075e-02 -6.968725718289323079e-02 -3.877463641527600230e-02 4.490672916168150092e-02 8.677012585540917755e-02 3.292468640191104079e-02
-3.860263402453145958e-03 1.185424824956727574e-01 2.308615333983987106e-01 3.568649836064212710e-01 2.450008165121208559e-01 1.579040649215950332e-01 3.748828812453629256e-02 -4.507504047818262916e-02 -6.607442193852870738e-02 -1.328651540839034285e-02 5.220634090379384223e-02 7.136627142659304757e-02
-5.836050878988327528e-02 1.183558882675203941e-02 1.224077044056795516e-01 2.450008165121208559e-01 2.704719336278454400e-01 2.408535734416028251e-01 1.113873262530166997e-01 3.469647390924751607e-02 -3.401255064817707008e-02 -5.301118303432391515e-02 -2.120462030503026882e-02 3.762595647492284617e-02
-6.908113366422397039e-02 -6.058671522742412746e-02 3.242529821704015491e-02 1.579040649215950332e-01 2.408535734416028251e-01 3.355180241658953233e-01 1.919402543399350569e-01 1.312825940208673381e-01 3.404813484496495291e-02 -6.054611137216853872e-02 -8.066547785371414037e-02 -1.732175402413197243e-02
-2.190557811908488972e-02 -5.837601848386560210e-02 -3.176347438124670075e-02 3.748828812453629256e-02 1.113873262530166997e-01 1.919402543399350569e-01 1.755738138659380665e-01 2.013772108157148577e-01 1.248649077052075562e-01 5.720247326207779891e-03 -6.869718175194526599e-02 -5.305985617450244274e-02
3.035102159530812804e-02 -4.192090868429138029e-02 -6.968725718289323079e-02 -4.507504047818262916e-02 3.469647390924751607e-02 1.312825940208673381e-01 2.013772108157148577e-01 3.584830688783722796e-01 2.785551467951583593e-01 1.180250483484241580e-01 -2.914304360637868727e-02 -7.653833901397416595e-02
6.246697003031487921e-02 2.004791565844948886e-02 -3.877463641527600230e-02 -6.607442193852870738e-02 -3.401255064817707008e-02 3.404813484496495291e-02 1.248649077052075562e-01 2.785551467951583593e-01 3.926405474090894909e-01 2.447795782296501854e-01 9.691139998479475492e-02 -2.107587004334306527e-02
2.576113808280932477e-02 7.479670874708380102e-02 4.490672916168150092e-02 -1.328651540839034285e-02 -5.301118303432391515e-02 -6.054611137216853872e-02 5.720247326207779891e-03 1.180250483484241580e-01 2.447795782296501854e-01 3.200382031950979589e-01 2.549162519000903737e-01 1.218332340768532862e-01
-8.483221934625122251e-02 5.212748280010526952e-02 8.677012585540917755e-02 5.220634090379384223e-02 -2.120462030503026882e-02 -8.066547785371414037e-02 -6.869718175194526599e-02 -2.914304360637868727e-02 9.691139998479475492e-02 2.549162519000903737e-01 3.792643101281998330e-01 2.589499171609441763e-01
