3.300337558215327705e-01 3.326221109516757646e-01 7.014518397204207167e-02 -7.751329244291887965e-02 -1.124752016216206962e-01 -5.789025634205993004e-02 1.515584965498126616e-02 6.969826327775896502e-02 3.628410434084020086e-02 -5.114273315695871264e-02 -1.197215274034344190e-01 -2.328856231917736386e-01
3.326221109516757646e-01 5.443788903467641216e-01 2.955211470185109546e-01 1.073354663984144586e-01 2.548918470730834364e-03 -4.497114213227730584e-02 -6.544076082375344106e-02 -1.653783966368249647e-02 5.338059091021343794e-02 7.331823216703353685e-02 -3.286506549511726289e-03 -1.309469050355484276e-01
7.014518397204207167e-02 2.955211470185109546e-01 2.955836104358949834e-01 2.441694015047313204e-01 1.728085787697829223e-01 6.342815040670313209e-02 -3.082644736033507415e-02 -7.338915054995014120e-02 -2.050589982951251874e-02 5.787909536240298802e-02 6.869594611371256099e-02 5.123060725049725928e-02
-7.751329244291887965e-02 1.073354663984144586e-01 2.441694015047313204e-01 2.961889556957958969e-01 2.695403793883482946e-01 1.521818398543868245e-01 4.646153244335271548e-02 -6.224046140008583639e-02 -7.214432738748804974e-02 -4.106882972216310129e-03 6.564740516558269234e-02 1.201336191826104377e-01
-1.124752016216206962e-01 2.548918470730834364e-03 1.728085787697829223e-01 2.695403793883482946e-01 2.925248540598630598e-01 2.094702225336845247e-01 1.438540734341918759e-01 8.762048526971839141e-03 -7.843391253543069430e-02 -6.697562477858079455e-02 1.982723684640878836e-02 9.958043988543688330e-02
-5.789025634205993004e-02 -4.497114213227730584e-02 6.342815040670313209e-02 1.521818398543868245e-01 2.094702225336845247e-01 2.102334187890971817e-01 2.383531816627264821e-01 1.351575730429286082e-01 -1.713605201673668380e-02 -9.318627776641107141e-02 -4.352438076512747667e-02 1.198811606095188942e-02
1.515584965498126616e-02 -6.544076082375344106e-02 -3.082644736033507415e-02 4.646153244335271548e-02 1.438540734341918759e-01 2.383531816627264821e-01 3.968546751154709562e-01 3.376733189779114186e-01 1.069134992440613080e-01 -7.859295327304720302e-02 -9.552510735868349756e-02 -8.105867477932511556e-02
6.969826327775896502e-02 -1.653783966368249647e-02 -7.338915054995014120e-02 -6.224046140008583639e-02 8.762048526971839141e-03 1.351575730429286082e-01 3.376733189779114186e-01 4.074465081739669925e-01 2.666675947203607233e-01 9.514870987748987041e-02 -2.661467077897177597e-02 -8.479818550894421825e-02
3.628410434084020086e-02 5.338059091021343794e-02 -2.050589982951251874e-02 -7.214432738748804974e-02 -7.843391253543069430e-02 -1.713605201673668380e-02 1.069134992440613080e-01 2.666675947203607233e-01 3.449998461427448704e-01 3.195020249310427385e-01 1.359261702341247324e-01 3.454296349947158506e-02
-5.114273315695871264e-02 7.331823216703353685e-02 5.787909536240298802e-02 -4.106882972216310129e-03 -6.697562477858079455e-02 -9.318627776641107141e-02 -7.859295327304720302e-02 9.514870987748987041e-02 3.195020249310427385e-01 4.441876340393885458e-01 2.625458297935411300e-01 1.696599630429442840e-01
-1.197215274034344190e-01 -3.286506549511726289e-03 6.869594611371256099e-02 6.564740516558269234e-02 1.982723684640878836e-02 -4.352438076512747667e-02 -9.552510735868349756e-02 -2.661467077897177597e-02 1.359261702341247324e-01 2.625458297935411300e-01 1.995741215007564573e-01 1.830543323205326423e-01
-2.328856231917736386e-01 -1.309469050355484276e-01 5.123060725049725928e-02 1.201336191826104377e-01 9.958043988543688330e-02 1.198811606095188942e-02 -8.105867477932511556e-02 -8.479818550894421825e-02 3.454296349947158506e-02 1.696599630429442840e-01 1.830543323205326423e-01 2.379937298787283273e-01
4.843425785458785882e-01 2.972940931621985694e-01 1.015122946454013741e-01 -2.696282552724925743e-02 -5.779256267512120765e-02 -6.461915371091617177e-02 -1.218248347119466925e-02 5.670181678533249559e-02 7.890947896583991317e-02 2.743043102536257502e-04 -1.332219247527615114e-01 -3.300465393396271874e-01
2.972940931621985694e-01 2.705751016292725630e-01 1.970033139880369710e-01 1.532915900136725962e-01 1.856450419202886407e-02 -7.173409571289710018e-02 -7.595820178798948219e-02 1.086278977596307448e-02 8.952563944611277580e-02 6.739731111699918953e-02 3.531087695724588211e-03 -1.334350216251666832e-01
1.015122946454013741e-01 1.970033139880369710e-01 2.579130579633608367e-01 3.251673257095851755e-01 1.282815854162638880e-01 1.992911021463058857e-04 -7.220325437735164442e-02 -4.309882473558448307e-02 2.182932971448089260e-02 5.585376683944739268e-02 6.766152127797674110e-02 2.155279227823659466e-02
-2.696282552724925743e-02 1.532915900136725962e-01 3.251673257095851755e-01 5.174912804978448744e-01 2.640983098474416479e-01 1.246183829029369056e-01 -1.260231639978095890e-02 -7.530205168852195652e-02 -6.224923176805589875e-02 9.556963167345857574e-03 7.742956693852819094e-02 1.065449463977062305e-01
-5.779256267512120765e-02 1.856450419202886407e-02 1.282815854162638880e-01 2.640983098474416479e-01 1.937608628905937713e-01 1.951329776655154891e-01 1.270728706198600844e-01 7.431846865916118955e-03 -7.002625904401962864e-02 -5.258745678600815904e-02 -1.472338279072421888e-02 3.731109216476897333e-02
-6.461915371091617177e-02 -7.173409571289710018e-02 1.992911021463058857e-04 1.246183829029369056e-01 1.951329776655154891e-01 3.443434935408083430e-01 3.376164700434785004e-01 1.375347277933310908e-01 -4.679817607743468055e-02 -1.000364573282506997e-01 -9.926726021900512953e-02 -3.474458803780696575e-02
-1.218248347119466925e-02 -7.595820178798948219e-02 -7.220325437735164442e-02 -1.260231639978095890e-02 1.270728706198600844e-01 3.376164700434785004e-01 4.274326117019064952e-01 2.723771719190428153e-01 9.732111878888996537e-02 -2.902901012378744650e-02 -8.438329717297825272e-02 -7.032423078839897257e-02
5.670181678533249559e-02 1.086278977596307448e-02 -4.309882473558448307e-02 -7.530205168852195652e-02 7.431846865916118955e-03 1.375347277933310908e-01 2.723771719190428153e-01 3.068042277747561886e-01 2.853394048465717203e-01 1.401052729046184941e-01 4.942789428032171029e-02 -2.287629036191617463e-02
7.890947896583991317e-02 8.952563944611277580e-02 2.182932971448089260e-02 -6.224923176805589875e-02 -7.002625904401962864e-02 -4.679817607743468055e-02 9.732111878888996537e-02 2.853394048465717203e-01 4.202146138652427254e-01 2.843668425667821853e-01 1.876111495900477100e-01 5.994340450868988757e-02
2.743043102536257502e-04 6.739731111699918953e-02 5.585376683944739268e-02 9.556963167345857574e-03 -5.258745678600815904e-02 -1.000364573282506997e-01 -2.902901012378744650e-02 1.401052729046184941e-01 2.843668425667821853e-01 2.345732533448454948e-01 1.974828488717238206e-01 1.206063559730024271e-01
-1.332219247527615114e-01 3.531087695724588211e-03 6.766152127797674110e-02 7.742956693852819094e-02 -1.472338279072421888e-02 -9.926726021900512953e-02 -8.438329717297825272e-02 4.942789428032171029e-02 1.876111495900477100e-01 1.974828488717238206e-01 2.241045946097712516e-01 2.158971322998258224e-01
-3.300465393396271874e-01 -1.334350216251666832e-01 2.155279227823659466e-02 1.065449463977062305e-01 3.731109216476897333e-02 -3.474458803780696575e-02 -7.032423078839897257e-02 -2.287629036191617463e-02 5.994340450868988757e-02 1.206063559730024271e-01 2.158971322998258224e-01 3.184443236357130114e-01
4.250542376838139513e-01 2.816464572171538672e-01 1.103373905838066910e-01 -4.473463164476371851e-02 -1.000242526048904790e-01 -3.467628999138004653e-02 4.476199380659898891e-02 9.617358758222660509e-02 5.361091704735152647e-02 -5.191667376793156208e-02 -1.692635901679588328e-01 -2.949873386513561790e-01
2.816464572171538672e-01 3.140264818520801526e-01 2.964314136741697525e-01 1.075329723670531562e-01 -4.240359855868108818e-02 -8.139699559362750803e-02 -4.705615299395982110e-02 1.028255999758590986e-02 5.673520603781812693e-02 5.293564933865656241e-02 -1.136335993718155107e-02 -1.224581894441475333e-01
1.103373905838066910e-01 2.964314136741697525e-01 4.628528864523563935e-01 2.976968306886438320e-01 1.107654966047651457e-01 -4.571460676213191798e-02 -9.918441101577418761e-02 -8.494302920776469756e-02 8.492579324485442088e-03 9.336343237595465250e-02 1.035617498587502183e-01 4.136546563028799250e-02
-4.473463164476371851e-02 1.075329723670531562e-01 2.976968306886438320e-01 3.104204819344042465e-01 2.743459309433266546e-01 1.225693551295043565e-01 1.745020692583199680e-03 -6.575060177407159034e-02 -5.304081263861146200e-02 4.530372594946880348e-03 5.753745798413920087e-02 7.975055707252327875e-02
-1.000242526048904790e-01 -4.240359855868108818e-02 1.107654966047651457e-01 2.743459309433266546e-01 4.171284751500252130e-01 3.105123406590633572e-01 1.556009101655806692e-01 2.668678217995185467e-02 -6.945908633985420355e-02 -8.970881545286490955e-02 -3.867657462918257932e-02 3.556526436792138701e-02
-3.467628999138004653e-02 -8.139699559362750803e-02 -4.571460676213191798e-02 1.225693551295043565e-01 3.105123406590633572e-01 3.126987019552798230e-01 2.292561474841474378e-01 1.440999560349948694e-01 1.405675856694830507e-02 -7.592517279157871835e-02 -8.460831809396018865e-02 -4.088748651213390539e-02
4.476199380659898891e-02 -4.705615299395982110e-02 -9.918441101577418761e-02 1.745020692583199680e-03 1.556009101655806692e-01 2.292561474841474378e-01 2.440899449328808313e-01 2.454919007268637765e-01 1.399718034441849168e-01 1.731663173547001722e-02 -5.791880694828029086e-02 -7.661918106138705664e-02
9.617358758222660509e-02 1.028255999758590986e-02 -8.494302920776469756e-02 -6.575060177407159034e-02 2.668678217995185467e-02 1.440999560349948694e-01 2.454919007268637765e-01 3.515962634002857690e-01 2.960904880045980292e-01 1.630444019465158156e-01 2.474533725990433683e-02 -6.388543028670717883e-02
5.361091704735152647e-02 5.673520603781812693e-02 8.492579324485442088e-03 -5.304081263861146200e-02 -6.945908633985420355e-02 1.405675856694830507e-02 1.399718034441849168e-01 2.960904880045980292e-01 3.412343999443938070e-01 2.755248808763842705e-01 1.453752049386591028e-01 3.158984156160981466e-02
-5.191667376793156208e-02 5.293564933865656241e-02 9.336343237595465250e-02 4.530372594946880348e-03 -8.970881545286490955e-02 -7.592517279157871835e-02 1.731663173547001722e-02 1.630444019465158156e-01 2.755248808763842705e-01 3.066548357697652105e-01 2.341717426763477439e-01 1.455979266419021312e-01
-1.692635901679588328e-01 -1.136335993718155107e-02 1.035617498587502183e-01 5.753745798413920087e-02 -3.867657462918257932e-02 -8.460831809396018865e-02 -5.791880694828029086e-02 2.474533725990433683e-02 1.453752049386591028e-01 2.341717426763477439e-01 2.430688512942811297e-01 2.186170496773814087e-01
-2.949873386513561790e-01 -1.224581894441475333e-01 4.136546563028799250e-02 7.975055707252327875e-02 3.556526436792138701e-02 -4.088748651213390539e-02 -7.661918106138705664e-02 -6.388543028670717883e-02 3.158984156160981466e-02 1.455979266419021312e-01 2.186170496773814087e-01 2.711744396304420768e-01
2.795428509094724512e-01 2.543757914028826894e-01 1.713244451442758887e-01 -3.825369814195278551e-02 -1.242162810711425064e-01 -3.607084013557284446e-02 2.979507786427659788e-02 7.076830119846408418e-02 3.029569344526244351e-02 -5.255108869969249419e-02 -1.445345083440398026e-01 -2.299564384864718203e-01
2.543757914028826894e-01 3.155731982011463765e-01 3.031694671219219428e-01 6.550328227989116181e-02 -1.199521746089256824e-01 -7.127075611145265721e-02 -4.904254009516138824e-02 1.656641874664249031e-02 6.314538373818141814e-02 5.888372140886784928e-02 -2.090859659776484608e-02 -1.383679763715883471e-01
1.713244451442758887e-01 3.031694671219219428e-01 4.243500413175874120e-01 2.880322607823357361e-01 3.549429083791742073e-02 -4.414583955597523035e-02 -9.216605019432122514e-02 -4.942880717925319384e-02 4.483688944913649665e-02 1.036115546796306519e-01 6.652663011754569866e-02 -3.442324216368972123e-02
-3.825369814195278551e-02 6.550328227989116181e-02 2.880322607823357361e-01 4.968940573487320433e-01 3.659692750464736966e-01 1.014447329229955924e-01 3.543746986702377318e-03 -5.229324163272139336e-02 -4.104496699209114058e-02 -3.337418532051192582e-03 3.844650372079383427e-02 6.119518618639221974e-02
-1.242162810711425064e-01 -1.199521746089256824e-01 3.549429083791742073e-02 3.659692750464736966e-01 4.296571928459851364e-01 1.798118192326166875e-01 1.349859031954676047e-01 4.313282942498834760e-02 -5.654029466904102880e-02 -1.010902948062701312e-01 -5.132072984791985482e-02 4.160232596616249279e-02
-3.607084013557284446e-02 -7.127075611145265721e-02 -4.414583955597523035e-02 1.014447329229955924e-01 1.798118192326166875e-01 1.099661276522312658e-01 1.505552895314948847e-01 1.232927214539867727e-01 2.368494724167349158e-02 -5.133278366823913752e-02 -5.957981588657803446e-02 -2.164064831112381265e-02
2.979507786427659788e-02 -4.904254009516138824e-02 -9.216605019432122514e-02 3.543746986702377318e-03 1.349859031954676047e-01 1.505552895314948847e-01 3.151266969531525408e-01 3.386859731556823849e-01 1.582071139676136662e-01 -7.819020516575094643e-03 -9.088866540923493109e-02 -9.083147672382146931e-02
7.076830119846408418e-02 1.656641874664249031e-02 -4.942880717925319384e-02 -5.229324163272139336e-02 4.313282942498834760e-02 1.232927214539867727e-01 3.386859731556823849e-01 4.401574684922813230e-01 2.793005307616178712e-01 1.158458957707727416e-01 -1.548592175393527504e-02 -7.627905834839590615e-02
3.029569344526244351e-02 6.314538373818141814e-02 4.483688944913649665e-02 -4.104496699209114058e-02 -5.654029466904102880e-02 2.368494724167349158e-02 1.582071139676136662e-01 2.793005307616178712e-01 2.718379756926048718e-01 2.379896979941382162e-01 1.399419829340515786e-01 4.485190838836011773e-02
-5.255108869969249419e-02 5.888372140886784928e-02 1.036115546796306519e-01 -3.337418532051192582e-03 -1.010902948062701312e-01 -5.133278366823913752e-02 -7.819020516575094643e-03 1.158458957707727416e-01 2.379896979941382162e-01 3.363017422911189769e-01 2.875165511275085128e-01 1.835421204501713477e-01
-1.445345083440398026e-01 -2.090859659776484608e-02 6.652663011754569866e-02 3.844650372079383427e-02 -5.132072984791985482e-02 -5.957981588657803446e-02 -9.088866540923493109e-02 -1.548592175393527504e-02 1.399419829340515786e-01 2.875165511275085128e-01 3.087965427731060308e-01 2.526411322614641186e-01
-2.299564384864718203e-01 -1.383679763715883471e-01 -3.442324216368972123e-02 6.119518618639221974e-02 4.160232596616249279e-02 -2.164064831112381265e-02 -9.083147672382146931e-02 -7.627905834839590615e-02 4.485190838836011773e-02 1.835421204501713477e-01 2.526411322614641186e-01 2.717961055225823763e-01
3.905868189677427771e-01 3.183894591184531775e-01 1.244880315941673393e-01 1.145720064023309252e-03 -6.261887847592606526e-02 -6.838094968774854898e-02 -6.976157831661349354e-03 5.699785236738466598e-02 9.538932653626536196e-02 2.331369287805985097e-02 -1.119044740956517126e-01 -2.843465347595070525e-01
3.183894591184531775e-01 3.883817005007238476e-01 2.421079083507179375e-01 1.576590385477020240e-01 2.910764276170539275e-03 -1.004473180380292402e-01 -8.291987064623448922e-02 -1.019609503813011936e-02 7.251205511186437080e-02 8.832277525239676241e-02 6.290148158507626042e-02 -1.065691113550849556e-01
1.244880315941673393e-01 2.421079083507179375e-01 2.280891212162644011e-01 2.546465076933991933e-01 1.197833289951593799e-01 -3.042321167440783635e-03 -6.306940400402541447e-02 -6.062037548712345680e-02 -2.409628383483518321e-02 3.997976190625217308e-02 9.184865434724281963e-02 2.871497951489099601e-02
1.145720064023309252e-03 1.576590385477020240e-01 2.546465076933991933e-01 4.122505800640664519e-01 2.926264934870848045e-01 1.543903299171065502e-01 3.024234473312893213e-04 -8.492356326370482933e-02 -1.102853058243280227e-01 -2.183735610119380902e-02 7.508616361876048473e-02 9.743642815358065368e-02
-6.261887847592606526e-02 2.910764276170539275e-03 1.197833289951593799e-01 2.926264934870848045e-01 3.004594623712407708e-01 2.722443001624517134e-01 1.329085179916438264e-01 1.250739490042502601e-02 -6.524139999021050240e-02 -5.555936852562733119e-02 -2.348941870146606381e-02 3.975950391494890296e-02
-6.838094968774854898e-02 -1.004473180380292402e-01 -3.042321167440783635e-03 1.543903299171065502e-01 2.722443001624517134e-01 3.719464254251440005e-01 2.752610091185076491e-01 1.495214398442936132e-01 4.537244909432069928e-02 -4.481481733363926884e-02 -1.002523285941359643e-01 -4.150615739535282178e-02
-6.976157831661349354e-03 -8.291987064623448922e-02 -6.306940400402541447e-02 3.024234473312893213e-04 1.329085179916438264e-01 2.752610091185076491e-01 2.760253275252902982e-01 2.233256255446087746e-01 1.698855652112708225e-01 3.396277342916648179e-02 -6.820962869082217161e-02 -7.586459202118853162e-02
5.699785236738466598e-02 -1.019609503813011936e-02 -6.062037548712345680e-02 -8.492356326370482933e-02 1.250739490042502601e-02 1.495214398442936132e-01 2.233256255446087746e-01 2.584014379997121580e-01 2.793375787425713686e-01 1.354421037497255120e-01 2.666784314944389139e-02 -5.771417648913405862e-02
9.538932653626536196e-02 7.251205511186437080e-02 -2.409628383483518321e-02 -1.102853058243280227e-01 -6.524139999021050240e-02 4.537244909432069928e-02 1.698855652112708225e-01 2.793375787425713686e-01 3.859746531356240129e-01 2.501008934716346666e-01 1.615595788562946278e-01 7.227207512227596525e-03
2.331369287805985097e-02 8.832277525239676241e-02 3.997976190625217308e-02 -2.183735610119380902e-02 -5.555936852562733119e-02 -4.481481733363926884e-02 3.396277342916648179e-02 1.354421037497255120e-01 2.501008934716346666e-01 2.257279903421932354e-01 2.401988468554241973e-01 1.261074250361837734e-01
-1.119044740956517126e-01 6.290148158507626042e-02 9.184865434724281963e-02 7.508616361876048473e-02 -2.348941870146606381e-02 -1.002523285941359643e-01 -6.820962869082217161e-02 2.666784314944389139e-02 1.615595788562946278e-01 2.401988468554241973e-01 3.822383695609046783e-01 3.139575127561187728e-01
-2.843465347595070525e-01 -1.065691113550849556e-01 2.871497951489099601e-02 9.743642815358065368e-02 3.975950391494890296e-02 -4.150615739535282178e-02 -7.586459202118853162e-02 -5.771417648913405862e-02 7.227207512227596525e-03 1.261074250361837734e-01 3.139575127561187728e-01 3.799181128911020000e-01
3.481492006283196106e-01 2.951844834444709575e-01 1.638316081342738317e-01 -5.285494167701861729e-02 -1.049677288417028009e-01 -3.015605583020327177e-02 5.375705054750728323e-02 9.861870766171984548e-02 5.566860599877766769e-02 8.989970242432266875e-03 -1.133004272918386041e-01 -2.514661109506480807e-01
2.951844834444709575e-01 3.319370473044689906e-01 2.684143757574343203e-01 6.406312623233725856e-02 -9.777334046253913225e-02 -8.476751036143556628e-02 -1.004386046430380715e-02 5.839378408248845076e-02 6.966149262032800271e-02 9.450314322808001100e-02 3.524935578794979874e-02 -1.322424622639547798e-01
1.638316081342738317e-01 2.684143757574343203e-01 3.504207646958045208e-01 3.047162391187677732e-01 4.174737260802285910e-02 -7.419238944806846869e-02 -7.851250943769753909e-02 -3.747914641663708385e-02 2.097088081934600501e-02 8.090903157196170647e-02 8.896019643889994943e-02 -1.896497252362695091e-02
-5.285494167701861729e-02 6.406312623233725856e-02 3.047162391187677732e-01 5.807593208258007289e-01 3.294311645193266358e-01 8.226968004992973871e-02 -5.275801335865651365e-02 -1.015763362694389604e-01 -5.836210725188667459e-02 -3.273129660592462992e-02 1.962168413693745131e-02 6.454687528924234197e-02
-1.049677288417028009e-01 -9.777334046253913225e-02 4.174737260802285910e-02 3.294311645193266358e-01 3.505391108454786742e-01 2.421790257704015681e-01 1.349343958282941958e-01 5.011525348646583833e-02 -1.783202770905354881e-02 -7.225418228684565847e-02 -7.447692764363952889e-02 1.562553473553388375e-02
-3.015605583020327177e-02 -8.476751036143556628e-02 -7.419238944806846869e-02 8.226968004992973871e-02 2.421790257704015681e-01 2.871905474142975034e-01 2.622543129699931308e-01 2.006608916952361543e-01 6.458862595612843704e-02 -1.568970938173963603e-02 -7.035024104634871045e-02 -4.088113246954742236e-02
5.375705054750728323e-02 -1.004386046430380715e-02 -7.851250943769753909e-02 -5.275801335865651365e-02 1.349343958282941958e-01 2.622543129699931308e-01 3.131978953831916490e-01 2.909593666290603009e-01 1.336352826557631879e-01 6.683039485537350943e-02 -1.036944097160996496e-02 -6.058367069884155326e-02
9.861870766171984548e-02 5.839378408248845076e-02 -3.747914641663708385e-02 -1.015763362694389604e-01 5.011525348646583833e-02 2.006608916952361543e-01 2.909593666290603009e-01 3.136785391145536783e-01 1.716497636619119527e-01 1.398075610724898166e-01 7.074350404896050104e-02 -3.951489592987122296e-02
5.566860599877766769e-02 6.966149262032800271e-02 2.097088081934600501e-02 -5.836210725188667459e-02 -1.783202770905354881e-02 6.458862595612843704e-02 1.336352826557631879e-01 1.716497636619119527e-01 1.211998099941314772e-01 1.472003343277888399e-01 1.343551026878668231e-01 3.251884047187046656e-02
8.989970242432266875e-03 9.450314322808001100e-02 8.090903157196170647e-02 -3.273129660592462992e-02 -7.225418228684565847e-02 -1.568970938173963603e-02 6.683039485537350943e-02 1.398075610724898166e-01 1.472003343277888399e-01 2.548568587632163984e-01 3.040444080411797700e-01 1.571780436090180477e-01
-1.133004272918386041e-01 3.524935578794979874e-02 8.896019643889994943e-02 1.962168413693745131e-02 -7.447692764363952889e-02 -7.035024104634871045e-02 -1.036944097160996496e-02 7.074350404896050104e-02 1.343551026878668231e-01 3.040444080411797700e-01 4.378155870898522983e-01 3.017388346641475261e-01
-2.514661109506480807e-01 -1.322424622639547798e-01 -1.896497252362695091e-02 6.454687528924234197e-02 1.562553473553388375e-02 -4.088113246954742236e-02 -6.058367069884155326e-02 -3.951489592987122296e-02 3.251884047187046656e-02 1.571780436090180477e-01 3.017388346641475261e-01 3.102553179408830131e-01
3.149667259046484702e-01 2.620094074531640338e-01 1.615806419610864575e-01 3.536978665330056670e-02 -7.283576343560949073e-02 -7.509735026079086828e-02 -4.086604327139813087e-02 2.565452096982148017e-02 7.848477314929742932e-02 3.086638435502255667e-02 -1.022395347106065250e-01 -2.895062532424994006e-01
2.620094074531640338e-01 3.199549990058688786e-01 2.704048488681901619e-01 1.439960714069262182e-01 -6.069679314486477358e-03 -8.228027518791555805e-02 -9.944515361104333540e-02 -5.040837613029421765e-02 5.640506100661933642e-02 1.018012651096018711e-01 5.547115495347916536e-02 -1.164855204105630648e-01
1.615806419610864575e-01 2.704048488681901619e-01 2.967925109872268097e-01 2.400526838794169171e-01 1.317013777271394959e-01 -3.311474234558310289e-03 -7.532443538643164571e-02 -8.131229194069192201e-02 -1.708935704667187633e-03 8.042458432837132354e-02 1.017574194795777265e-01 1.020382972815360402e-03
3.536978665330056670e-02 1.439960714069262182e-01 2.400526838794169171e-01 3.082350294567146598e-01 3.087977926857857769e-01 1.411672521648765777e-01 2.643363468768398020e-02 -5.006141727788573914e-02 -5.946460937318125139e-02 -9.299100803618210852e-04 5.671388241162787086e-02 5.856074956703501144e-02
-7.283576343560949073e-02 -6.069679314486477358e-03 1.317013777271394959e-01 3.087977926857857769e-01 4.424855226096665595e-01 2.809631971752512003e-01 1.587857333173194330e-01 3.750190764167909974e-02 -7.183216249129066588e-02 -8.254606575126482992e-02 -3.168739425079736272e-02 5.723216924918353432e-02
-7.509735026079086828e-02 -8.228027518791555805e-02 -3.311474234558310289e-03 1.411672521648765777e-01 2.809631971752512003e-01 2.309314027021684701e-01 1.900347814465977447e-01 1.282246784078375224e-01 1.630984210489282507e-02 -6.291162912634866433e-02 -7.506388312967729459e-02 -4.600913971429664885e-03
-4.086604327139813087e-02 -9.944515361104333540e-02 -7.532443538643164571e-02 2.643363468768398020e-02 1.587857333173194330e-01 1.900347814465977447e-01 2.308777923661143872e-01 2.453107789945633277e-01 1.516487122436474266e-01 3.897131058036296114e-03 -8.151718040508790231e-02 -6.304869202601312561e-02
2.565452096982148017e-02 -5.040837613029421765e-02 -8.131229194069192201e-02 -5.006141727788573914e-02 3.750190764167909974e-02 1.282246784078375224e-01 2.453107789945633277e-01 3.640689499825083830e-01 3.289769169473196753e-01 1.338515217898861298e-01 -2.138885519671947580e-02 -9.184163716259492738e-02
7.848477314929742932e-02 5.640506100661933642e-02 -1.708935704667187633e-03 -5.946460937318125139e-02 -7.183216249129066588e-02 1.630984210489282507e-02 1.516487122436474266e-01 3.289769169473196753e-01 4.089331685434807184e-01 2.655486190097971488e-01 1.208598700791944508e-01 -2.400150205739660578e-02
3.086638435502255667e-02 1.018012651096018711e-01 8.042458432837132354e-02 -9.299100803618210852e-04 -8.254606575126482992e-02 -6.291162912634866433e-02 3.897131058036296114e-03 1.338515217898861298e-01 2.655486190097971488e-01 2.694477330180845565e-01 2.415767479336206613e-01 1.301820805060627251e-01
-1.022395347106065250e-01 5.547115495347916536e-02 1.017574194795777265e-01 5.671388241162787086e-02 -3.168739425079736272e-02 -7.506388312967729459e-02 -8.151718040508790231e-02 -2.138885519671947580e-02 1.208598700791944508e-01 2.415767479336206613e-01 3.506408120660883254e-01 3.284530129767739837e-01
-2.895062532424994006e-01 -1.164855204105630648e-01 1.020382972815360402e-03 5.856074956703501144e-02 5.723216924918353432e-02 -4.600913971429664885e-03 -6.304869202601312561e-02 -9.184163716259492738e-02 -2.400150205739660578e-02 1.301820805060627251e-01 3.284530129767739837e-01 4.626653533574150989e-01
3.267309442917445961e-01 3.419904338862937432e-01 1.289901350531255098e-01 -3.280525770778323913e-02 -6.617462732559797889e-02 -5.260731532853042680e-02 2.555698480152869892e-02 6.821642326022619995e-02 4.492909755645443232e-02 1.199601079250777087e-02 -1.010988949868635439e-01 -2.330262105847785148e-01
3.419904338862937432e-01 3.996321674325787887e-01 1.847138458440986952e-01 6.308480916884462442e-02 -4.582472679196804288e-02 -8.050982816344048887e-02 -7.708038699801213894e-03 6.753657919241462526e-02 7.705459621834510886e-02 9.640333789872668202e-02 -4.527129516466845555e-02 -2.132581639299423459e-01
1.289901350531255098e-01 1.847138458440986952e-01 1.584273780554911193e-01 2.549123787458630885e-01 7.301834142851396092e-02 -2.381028790258217856e-02 -4.397004253290223014e-02 -7.246312686453694647e-03 2.467809273107344700e-02 5.712135771368347104e-02 6.127186842134907559e-03 -6.338440372699240266e-02
-3.280525770778323913e-02 6.308480916884462442e-02 2.549123787458630885e-01 7.291089738079998828e-01 3.107884023679415852e-01 7.883446274858699199e-02 -7.961638733508755172e-02 -9.267090322639928712e-02 -3.453620559757227676e-02 8.394902397532773286e-03 4.312155029099500742e-02 5.866371751983879418e-02
-6.617462732559797889e-02 -4.582472679196804288e-02 7.301834142851396092e-02 3.107884023679415852e-01 1.953886694699683568e-01 1.734837960830619696e-01 1.035567803777689699e-01 2.022977068569020709e-02 -2.237701478311488260e-02 -5.507757150993129736e-02 -1.169068882231715477e-02 3.869703213248914392e-02
-5.260731532853042680e-02 -8.050982816344048887e-02 -2.381028790258217856e-02 7.883446274858699199e-02 1.734837960830619696e-01 3.538280261811319605e-01 3.607398058972624000e-01 1.824322083431223762e-01 1.694581416907774835e-02 -8.900037729738800862e-02 -6.147644423503106220e-02 -2.974946771010778673e-03
2.555698480152869892e-02 -7.708038699801213894e-03 -4.397004253290223014e-02 -7.961638733508755172e-02 1.035567803777689699e-01 3.607398058972624000e-01 4.574950442252134208e-01 2.837387124467540267e-01 8.843086967749201610e-02 1.336079594185999881e-03 -3.764491675801217435e-02 -4.346132826461578808e-02
6.821642326022619995e-02 6.753657919241462526e-02 -7.246312686453694647e-03 -9.267090322639928712e-02 2.022977068569020709e-02 1.824322083431223762e-01 2.837387124467540267e-01 2.270629525548666927e-01 1.273305662943476912e-01 1.403928352775500599e-01 5.004895978880170848e-02 -2.572528305832983211e-02
4.492909755645443232e-02 7.705459621834510886e-02 2.467809273107344700e-02 -3.453620559757227676e-02 -2.237701478311488260e-02 1.694581416907774835e-02 8.843086967749201610e-02 1.273305662943476912e-01 1.352071771451653082e-01 2.449104864967217854e-01 1.392651544029697153e-01 3.313215526337803807e-02
1.199601079250777087e-02 9.640333789872668202e-02 5.712135771368347104e-02 8.394902397532773286e-03 -5.507757150993129736e-02 -8.900037729738800862e-02 1.336079594185999881e-03 1.403928352775500599e-01 2.449104864967217854e-01 5.348253082334791797e-01 3.422185544297023929e-01 1.449917065569623631e-01
-1.010988949868635439e-01 -4.527129516466845555e-02 6.127186842134907559e-03 4.312155029099500742e-02 -1.169068882231715477e-02 -6.147644423503106220e-02 -3.764491675801217435e-02 5.004895978880170848e-02 1.392651544029697153e-01 3.422185544297023929e-01 2.650032146384993514e-01 1.779878965427445503e-01
-2.330262105847785148e-01 -2.132581639299423459e-01 -6.338440372699240266e-02 5.866371751983879418e-02 3.869703213248914392e-02 -2.974946771010778673e-03 -4.346132826461578808e-02 -2.572528305832983211e-02 3.313215526337803807e-02 1.449917065569623631e-01 1.779878965427445503e-01 2.172901439638425802e-01
2.801471163336919368e-01 2.654611678478570047e-01 1.320414920648473323e-01 -5.588419970220265959e-03 -8.682014543982681520e-02 -5.537331752056331297e-02 2.771859151587113129e-02 8.253275459468598085e-02 7.698608777421023230e-02 2.162617660038779546e-02 -1.064847015789915780e-01 -2.711251906878566764e-01
2.654611678478570047e-01 4.429639432313113301e-01 3.550309714262931404e-01 1.187301960786348171e-01 -1.700630951386787604e-02 -7.250843853803869143e-02 -4.766042537812039542e-02 1.005296414759801471e-02 5.622050324723225356e-02 8.230580179116488149e-02 6.920366405184162628e-02 -8.121026577831673421e-02
1.320414920648473323e-01 3.550309714262931404e-01 3.841582560542762814e-01 2.061759758147772847e-01 1.330036856516926269e-01 1.610458396936535405e-02 -6.707830306585164937e-02 -7.887692893275112527e-02 -3.604245532452277773e-02 2.834712755104315182e-02 9.721075433332110327e-02 5.638337005108121774e-02
-5.588419970220265959e-03 1.187301960786348171e-01 2.061759758147772847e-01 1.845535836270355556e-01 2.304212669974752548e-01 1.379205430314260072e-01 7.451719417812162349e-03 -7.295700372243718590e-02 -7.967221590972659029e-02 -4.500858633457109625e-02 1.755450725432228243e-02 6.946899075016006730e-02
-8.682014543982681520e-02 -1.700630951386787604e-02 1.330036856516926269e-01 2.304212669974752548e-01 4.125010322539625629e-01 3.313783094162812137e-01 1.362763617075234412e-01 -3.045526925617650024e-02 -9.962436425632049952e-02 -1.011896536612645753e-01 -5.327566346521715734e-02 6.243835269860269904e-02
-5.537331752056331297e-02 -7.250843853803869143e-02 1.610458396936535405e-02 1.379205430314260072e-01 3.313783094162812137e-01 3.574090563886981875e-01 2.571511059936374410e-01 1.222173470862890077e-01 2.039070646204770368e-02 -3.592855689791200208e-02 -5.931512433966394660e-02 -9.742858034981439694e-03
2.771859151587113129e-02 -4.766042537812039542e-02 -6.707830306585164937e-02 7.451719417812162349e-03 1.362763617075234412e-01 2.571511059936374410e-01 3.160963927652186700e-01 2.737252002609192325e-01 1.760464027528676201e-01 8.355216173026695781e-02 -6.611145459908975182e-03 -7.392306655683782146e-02
8.253275459468598085e-02 1.005296414759801471e-02 -7.887692893275112527e-02 -7.295700372243718590e-02 -3.045526925617650024e-02 1.222173470862890077e-01 2.737252002609192325e-01 3.198987058566672426e-01 2.546023605508658250e-01 1.671098705658017880e-01 6.469798515880532952e-02 -7.507338907191286881e-02
7.698608777421023230e-02 5.622050324723225356e-02 -3.604245532452277773e-02 -7.967221590972659029e-02 -9.962436425632049952e-02 2.039070646204770368e-02 1.760464027528676201e-01 2.546023605508658250e-01 2.381163313967083750e-01 1.909422508508560878e-01 1.315293980192060452e-01 -8.380489321487039761e-03
2.162617660038779546e-02 8.230580179116488149e-02 2.834712755104315182e-02 -4.500858633457109625e-02 -1.011896536612645753e-01 -3.592855689791200208e-02 8.355216173026695781e-02 1.671098705658017880e-01 1.909422508508560878e-01 2.038571591793497950e-01 2.245123343358698953e-01 1.222664400693641157e-01
-1.064847015789915780e-01 6.920366405184162628e-02 9.721075433332110327e-02 1.755450725432228243e-02 -5.327566346521715734e-02 -5.931512433966394660e-02 -6.611145459908975182e-03 6.469798515880532952e-02 1.315293980192060452e-01 2.245123343358698953e-01 3.785747897960665687e-01 3.527083819657374497e-01
-2.711251906878566764e-01 -8.121026577831673421e-02 5.638337005108121774e-02 6.946899075016006730e-02 6.243835269860269904e-02 -9.742858034981439694e-03 -7.392306655683782146e-02 -7.507338907191286881e-02 -8.380489321487039761e-03 1.222664400693641157e-01 3.527083819657374497e-01 4.817236331170202113e-01
2.787788044924135455e-01 2.949485373184222436e-01 1.016299125859928265e-01 -6.451006168902546911e-02 -9.479769551327610344e-02 3.697752124407716230e-03 7.872185434218484379e-02 9.178183723603539068e-02 3.635010878849463667e-02 -6.258747034837873480e-02 -1.342609030551353000e-01 -2.183876739190545313e-01
2.949485373184222436e-01 4.567358605598312860e-01 3.202210913367640188e-01 8.387880989345421201e-02 -6.914748845668119981e-02 -7.517093739633187721e-02 -7.532553799803871561e-03 4.784677855427661719e-02 6.657904234687639367e-02 4.049774648317269049e-02 -4.282692166346982465e-02 -1.554666255810568665e-01
1.016299125859928265e-01 3.202210913367640188e-01 4.027032008843468569e-01 2.840157941598086544e-01 1.092908368065991231e-01 -5.724578544152789106e-02 -9.985728985740141561e-02 -7.120861573689341029e-02 6.723615052792964938e-04 7.343748867621531506e-02 6.722835168517349302e-02 2.201875519733907313e-02
-6.451006168902546911e-02 8.387880989345421201e-02 2.840157941598086544e-01 3.550828332729085712e-01 2.990523381502181444e-01 9.670211824124147482e-02 -5.048986498424676284e-02 -9.810935987337585096e-02 -6.454839256900919697e-02 1.154060599182172263e-02 7.139498325027092418e-02 1.043998066084560472e-01
-9.479769551327610344e-02 -6.914748845668119981e-02 1.092908368065991231e-01 2.990523381502181444e-01 4.265699351140118667e-01 3.116119420509064208e-01 1.211347879298480812e-01 -7.417401363523190398e-04 -6.044186115916271029e-02 -6.608061123642236523e-02 -4.659639952488364364e-03 5.684325667626855677e-02
3.697752124407716230e-03 -7.517093739633187721e-02 -5.724578544152789106e-02 9.670211824124147482e-02 3.116119420509064208e-01 3.817903716062897024e-01 2.728282248963711520e-01 1.589047966978302528e-01 3.887956369644670479e-02 -6.091763855607317674e-02 -7.605578349363673052e-02 -6.106499964043222289e-02
7.872185434218484379e-02 -7.532553799803871561e-03 -9.985728985740141561e-02 -5.048986498424676284e-02 1.211347879298480812e-01 2.728282248963711520e-01 2.794508226300533305e-01 2.340632963954787371e-01 1.398732476885326814e-01 2.982273629328902401e-02 -5.645847926618718232e-02 -1.000791915777189955e-01
9.178183723603539068e-02 4.784677855427661719e-02 -7.120861573689341029e-02 -9.810935987337585096e-02 -7.417401363523190398e-04 1.589047966978302528e-01 2.340632963954787371e-01 2.638078446572654223e-01 2.309071534639682288e-01 1.597564901418249972e-01 2.307363416302602929e-02 -6.466709771963265185e-02
3.635010878849463667e-02 6.657904234687639367e-02 6.723615052792964938e-04 -6.454839256900919697e-02 -6.044186115916271029e-02 3.887956369644670479e-02 1.398732476885326814e-01 2.309071534639682288e-01 2.902056800613533882e-01 3.010581081766370848e-01 1.452732387741419995e-01 3.840837371702376934e-02
-6.258747034837873480e-02 4.049774648317269049e-02 7.343748867621531506e-02 1.154060599182172263e-02 -6.608061123642236523e-02 -6.091763855607317674e-02 2.982273629328902401e-02 1.597564901418249972e-01 3.010581081766370848e-01 4.144307963295457697e-01 2.673050545680096812e-01 1.673102565648861562e-01
-1.342609030551353000e-01 -4.282692166346982465e-02 6.722835168517349302e-02 7.139498325027092418e-02 -4.659639952488364364e-03 -7.605578349363673052e-02 -5.645847926618718232e-02 2.307363416302602929e-02 1.452732387741419995e-01 2.673050545680096812e-01 2.219117593452532566e-01 1.932851210742267123e-01
-2.183876739190545313e-01 -1.554666255810568665e-01 2.201875519733907313e-02 1.043998066084560472e-01 5.684325667626855677e-02 -6.106499964043222289e-02 -1.000791915777189955e-01 -6.466709771963265185e-02 3.840837371702376934e-02 1.673102565648861562e-01 1.932851210742267123e-01 2.285320910467196487e-01
5.247494879385599109e-01 3.382992947759418390e-01 1.227700357995646779e-01 -1.073626529619098498e-02 -7.182256036773715380e-02 -9.227784548172486556e-02 -3.329223047204431934e-02 2.244713101668803501e-02 7.310667409972533559e-02 4.200010446114851165e-02 -8.031231986303345727e-02 -2.897390613978127472e-01
3.382992947759418390e-01 3.337445261177493516e-01 2.184921516358892535e-01 1.395363411401033260e-01 2.219497689876670163e-02 -5.747138414065680601e-02 -6.214819004426958005e-02 -6.964447592546565979e-02 1.860139468241632336e-03 8.840106588132874699e-02 9.333976130221686984e-02 -7.435633265073335330e-02
1.227700357995646779e-01 2.184921516358892535e-01 2.308756019654091274e-01 2.491843362248692961e-01 1.424290503301506305e-01 5.994194643564910996e-02 -1.835433345983763370e-02 -7.886620299715044191e-02 -5.592910706607859966e-02 4.041844295832976858e-02 1.068138170945893139e-01 4.422359781266231582e-02
-1.073626529619098498e-02 1.395363411401033260e-01 2.491843362248692961e-01 3.681384671571394929e-01 2.784932077219481883e-01 2.070459303574624377e-01 5.539565395101990475e-02 -4.236936357641059303e-02 -8.193908416643490289e-02 -2.130825987651740680e-02 6.081125555853290898e-02 8.338739190231375664e-02
-7.182256036773715380e-02 2.219497689876670163e-02 1.424290503301506305e-01 2.784932077219481883e-01 2.658104463920343274e-01 2.537531427327131550e-01 1.159684017562275654e-01 5.244218324472574994e-02 -2.550527785143386766e-02 -5.770600226115250170e-02 -3.582215890674917552e-02 3.159704298055304034e-02
-9.227784548172486556e-02 -5.747138414065680601e-02 5.994194643564910996e-02 2.070459303574624377e-01 2.537531427327131550e-01 3.022181684639360655e-01 1.799522649872645208e-01 1.608730881718035688e-01 5.746394129058093186e-02 -6.641967820532652944e-02 -1.132248907379340697e-01 -2.788883463931191020e-02
-3.329223047204431934e-02 -6.214819004426958005e-02 -1.835433345983763370e-02 5.539565395101990475e-02 1.159684017562275654e-01 1.799522649872645208e-01 1.454155038532909394e-01 1.935437656090879255e-01 1.400661266771077718e-01 4.585215870997618771e-03 -8.431834658618762857e-02 -5.693652505991182722e-02
2.244713101668803501e-02 -6.964447592546565979e-02 -7.886620299715044191e-02 -4.236936357641059303e-02 5.244218324472574994e-02 1.608730881718035688e-01 1.935437656090879255e-01 3.507285280219282209e-01 3.371936229004615648e-01 1.266102564183051449e-01 -5.142933078208055536e-02 -9.371355641706821671e-02
7.310667409972533559e-02 1.860139468241632336e-03 -5.592910706607859966e-02 -8.193908416643490289e-02 -2.550527785143386766e-02 5.746394129058093186e-02 1.400661266771077718e-01 3.371936229004615648e-01 4.224049427344160335e-01 2.697830943581013829e-01 1.064013188365565965e-01 -2.557159455551576144e-02
4.200010446114851165e-02 8.840106588132874699e-02 4.041844295832976858e-02 -2.130825987651740680e-02 -5.770600226115250170e-02 -6.641967820532652944e-02 4.585215870997618771e-03 1.266102564183051449e-01 2.697830943581013829e-01 3.095933058381640235e-01 2.880845168410457457e-01 1.327689699213673025e-01
-8.031231986303345727e-02 9.333976130221686984e-02 1.068138170945893139e-01 6.081125555853290898e-02 -3.582215890674917552e-02 -1.132248907379340697e-01 -8.431834658618762857e-02 -5.142933078208055536e-02 1.064013188365565965e-01 2.880845168410457457e-01 4.126865912727138430e-01 2.943452705347248122e-01
