2.487505535811540547e-01 3.180207079989634811e-01 1.502871297803638762e-01 3.345184559826955284e-02 -3.003591632891706303e-02 -5.452051485207452808e-02 -7.579530360144418055e-02 -3.929140161217323929e-02 3.345338329402845756e-02 9.561594005416504394e-02 9.984635686182237457e-02 1.605718242467099044e-01
3.180207079989634811e-01 4.969488933075509873e-01 2.926646761702565991e-01 1.474117419359180781e-01 6.346911622013232113e-02 8.934340539601202946e-03 -2.854560259935948197e-02 -4.559698465257497335e-02 -3.075187590384258554e-02 3.058324399621128141e-03 5.271560522120597586e-02 1.552909951402829669e-01
1.502871297803638762e-01 2.926646761702565991e-01 2.174454586392291500e-01 1.558732490387684522e-01 1.168374629838931783e-01 7.594896459651311049e-02 5.893402909170632198e-02 5.309326161351318220e-03 -5.220401123742929306e-02 -7.672084029072867573e-02 -2.761757267363561946e-02 3.694607816874959094e-02
3.345184559826955284e-02 1.474117419359180781e-01 1.558732490387684522e-01 1.557099214680618404e-01 1.506863204665579437e-01 1.229788754647816174e-01 1.263312488089569363e-01 5.504763075650718346e-02 -4.881892075127308023e-02 -1.134509256401299432e-01 -7.399082142258747719e-02 -4.052519629530429435e-02
-3.003591632891706303e-02 6.346911622013232113e-02 1.168374629838931783e-01 1.506863204665579437e-01 1.687775826414943947e-01 1.536652783637807995e-01 1.776467305964122279e-01 1.043129416273203408e-01 -2.360082323581928765e-02 -1.125256674121641459e-01 -8.917273357471849904e-02 -7.749059863049188868e-02
-5.452051485207452808e-02 8.934340539601202946e-03 7.594896459651311049e-02 1.229788754647816174e-01 1.536652783637807995e-01 1.575868230434173123e-01 2.069543161394244990e-01 1.545829352759155451e-01 3.275536456835523302e-02 -6.110340954808614333e-02 -6.751790916744881965e-02 -7.566720698546476609e-02
-7.579530360144418055e-02 -2.854560259935948197e-02 5.893402909170632198e-02 1.263312488089569363e-01 1.776467305964122279e-01 2.069543161394244990e-01 3.129431426263292737e-01 2.828344329236980315e-01 1.406242750657456242e-01 1.722324301455584183e-02 -3.987171596495510395e-02 -7.444595041872463514e-02
-3.929140161217323929e-02 -4.559698465257497335e-02 5.309326161351318220e-03 5.504763075650718346e-02 1.043129416273203408e-01 1.545829352759155451e-01 2.828344329236980315e-01 3.285893745947688349e-01 2.522113651644493082e-01 1.637908120012052104e-01 4.968951546270226893e-02 -5.651612657476660223e-03
3.345338329402845756e-02 -3.075187590384258554e-02 -5.220401123742929306e-02 -4.881892075127308023e-02 -2.360082323581928765e-02 3.275536456835523302e-02 1.406242750657456242e-01 2.522113651644493082e-01 2.953127916003889242e-01 2.863002314688665173e-01 1.449382414095812810e-01 8.837341066246706678e-02
9.561594005416504394e-02 3.058324399621128141e-03 -7.672084029072867573e-02 -1.134509256401299432e-01 -1.125256674121641459e-01 -6.110340954808614333e-02 1.722324301455584183e-02 1.637908120012052104e-01 2.863002314688665173e-01 3.476800971144724528e-01 2.017191126349385244e-01 1.537029615521602333e-01
9.984635686182237457e-02 5.271560522120597586e-02 -2.761757267363561946e-02 -7.399082142258747719e-02 -8.917273357471849904e-02 -6.751790916744881965e-02 -3.987171596495510395e-02 4.968951546270226893e-02 1.449382414095812810e-01 2.017191126349385244e-01 1.316388397358933815e-01 1.190818308277830084e-01
1.605718242467099044e-01 1.552909951402829669e-01 3.694607816874959094e-02 -4.052519629530429435e-02 -7.749059863049188868e-02 -7.566720698546476609e-02 -7.444595041872463514e-02 -5.651612657476660223e-03 8.837341066246706678e-02 1.537029615521602333e-01 1.190818308277830084e-01 1.386165216472324824e-01
4.213462360870271484e-01 2.643626233476419340e-01 1.240389122441298286e-01 4.808614834026966878e-02 -1.464246468880591942e-02 -6.145562634564859933e-02 -6.985535663779794679e-02 -2.685460576960678469e-02 3.034996544827717191e-02 8.407335400610832510e-02 1.794639065709959236e-01 3.151745845502706977e-01
2.643626233476419340e-01 2.096282320540309163e-01 1.570308374078007718e-01 1.548728028283739566e-01 6.085419110484166505e-02 9.616289721945231114e-03 -3.469963245837252852e-02 -4.710860285987350515e-02 -3.873785340362517066e-02 7.645449464833919961e-03 7.355254150160693560e-02 1.702835649274987428e-01
1.240389122441298286e-01 1.570308374078007718e-01 1.894330083972488032e-01 2.609507803843380547e-01 1.379766193119799089e-01 8.990935856688044014e-02 1.877360499901106414e-02 -4.626600883432437084e-02 -8.451551946856354636e-02 -5.363911082823191734e-02 -1.922522080369878233e-02 3.977445160639465904e-02
4.808614834026966878e-02 1.548728028283739566e-01 2.609507803843380547e-01 4.180334243464859934e-01 2.402615332249730395e-01 1.908439139800472972e-01 8.968564163495626462e-02 -3.297455042909335637e-02 -1.179516292364906072e-01 -1.018343943681114250e-01 -8.831431542635533039e-02 -4.733239628302930019e-02
-1.464246468880591942e-02 6.085419110484166505e-02 1.379766193119799089e-01 2.402615332249730395e-01 1.580943724046875443e-01 1.593082238440841902e-01 1.192097623114455329e-01 3.849798739565147426e-02 -2.249147546727498642e-02 -4.261393069876936307e-02 -5.621123617389849059e-02 -5.387338704348673679e-02
-6.145562634564859933e-02 9.616289721945231114e-03 8.990935856688044014e-02 1.908439139800472972e-01 1.593082238440841902e-01 2.218987713144890406e-01 2.334354027992744385e-01 1.561592385488975721e-01 9.119615468866010266e-02 1.535359633742114371e-02 -3.301893977232191191e-02 -6.525931728502720741e-02
-6.985535663779794679e-02 -3.469963245837252852e-02 1.877360499901106414e-02 8.968564163495626462e-02 1.192097623114455329e-01 2.334354027992744385e-01 3.108451151504340038e-01 2.612224537343248443e-01 2.124799617829499221e-01 9.119198219910237824e-02 1.977430183450869586e-02 -3.649537119917523054e-02
-2.685460576960678469e-02 -4.710860285987350515e-02 -4.626600883432437084e-02 -3.297455042909335637e-02 3.849798739565147426e-02 1.561592385488975721e-01 2.612224537343248443e-01 2.662247436097440745e-01 2.559468589748906120e-01 1.364049047137509130e-01 7.400059288387556000e-02 2.342627428295528808e-02
3.034996544827717191e-02 -3.873785340362517066e-02 -8.451551946856354636e-02 -1.179516292364906072e-01 -2.249147546727498642e-02 9.119615468866010266e-02 2.124799617829499221e-01 2.559468589748906120e-01 2.837403669243827586e-01 1.712889358208843915e-01 1.225159184877348678e-01 8.553075694379083660e-02
8.407335400610832510e-02 7.645449464833919961e-03 -5.363911082823191734e-02 -1.018343943681114250e-01 -4.261393069876936307e-02 1.535359633742114371e-02 9.119198219910237824e-02 1.364049047137509130e-01 1.712889358208843915e-01 1.200322609644190047e-01 1.094289831551780029e-01 1.082409481591746075e-01
1.794639065709959236e-01 7.355254150160693560e-02 -1.922522080369878233e-02 -8.831431542635533039e-02 -5.621123617389849059e-02 -3.301893977232191191e-02 1.977430183450869586e-02 7.400059288387556000e-02 1.225159184877348678e-01 1.094289831551780029e-01 1.343650130411762622e-01 1.733371685312738997e-01
3.151745845502706977e-01 1.702835649274987428e-01 3.977445160639465904e-02 -4.733239628302930019e-02 -5.387338704348673679e-02 -6.525931728502720741e-02 -3.649537119917523054e-02 2.342627428295528808e-02 8.553075694379083660e-02 1.082409481591746075e-01 1.733371685312738997e-01 2.663584557058772395e-01
3.344043499279680254e-01 2.654915470070690620e-01 1.879050526777913399e-01 2.539235482074525194e-02 -8.818604665470759774e-02 -1.018090621144273067e-01 -6.870621827271081172e-02 -2.578910954811228229e-02 3.693958126649547757e-02 9.932788242177517657e-02 1.511111480401850504e-01 2.256580650973961100e-01
2.654915470070690620e-01 2.620539402789432981e-01 2.553653021158808767e-01 1.196982449926340952e-01 2.037023465787118556e-02 -3.731835675169280220e-02 -5.570531593679694388e-02 -6.078599699909455201e-02 -3.028852018272513297e-02 1.833977516570290192e-02 7.524737828854177746e-02 1.527528476596185791e-01
1.879050526777913399e-01 2.553653021158808767e-01 3.461755574733528795e-01 2.494642135822007778e-01 1.782443428085355719e-01 6.890663171079183802e-02 -1.109374338181990521e-02 -6.789619260079646224e-02 -7.976829218390328602e-02 -5.603943659133235611e-02 -3.236440632809245693e-03 7.184255275122354567e-02
2.539235482074525194e-02 1.196982449926340952e-01 2.494642135822007778e-01 2.543862581812895152e-01 2.590782825572417458e-01 1.602889117436594735e-01 6.707040963970628544e-02 4.594641152986494569e-04 -4.706830362634178977e-02 -6.682406377665867092e-02 -5.668094291889261976e-02 -3.049145320166224415e-02
-8.818604665470759774e-02 2.037023465787118556e-02 1.782443428085355719e-01 2.590782825572417458e-01 3.354058343619217841e-01 2.483389358064196917e-01 1.500701091055683944e-01 8.674911197179610567e-02 1.286345975243496573e-02 -4.532383464739990486e-02 -7.698778324716062937e-02 -9.441093422810312163e-02
-1.018090621144273067e-01 -3.731835675169280220e-02 6.890663171079183802e-02 1.602889117436594735e-01 2.483389358064196917e-01 2.164489773449538579e-01 1.641550473869242410e-01 1.420526302554833697e-01 8.452166534471405868e-02 2.218147442309293532e-02 -3.150005633315411391e-02 -7.390024673909316444e-02
-6.870621827271081172e-02 -5.570531593679694388e-02 -1.109374338181990521e-02 6.707040963970628544e-02 1.500701091055683944e-01 1.641550473869242410e-01 1.642888636891292886e-01 1.894458616322149402e-01 1.567710173385353511e-01 9.988961100178612995e-02 3.328685341328593839e-02 -2.244185289762005986e-02
-2.578910954811228229e-02 -6.078599699909455201e-02 -6.789619260079646224e-02 4.594641152986494569e-04 8.674911197179610567e-02 1.420526302554833697e-01 1.894458616322149402e-01 2.678464836252942849e-01 2.558276704401746260e-01 1.966980543752158694e-01 1.096095197326277249e-01 3.723946851488747767e-02
3.693958126649547757e-02 -3.028852018272513297e-02 -7.976829218390328602e-02 -4.706830362634178977e-02 1.286345975243496573e-02 8.452166534471405868e-02 1.567710173385353511e-01 2.558276704401746260e-01 2.735190814621626387e-01 2.320275016581476724e-01 1.527888418433449025e-01 8.993369343258164617e-02
9.932788242177517657e-02 1.833977516570290192e-02 -5.603943659133235611e-02 -6.682406377665867092e-02 -4.532383464739990486e-02 2.218147442309293532e-02 9.988961100178612995e-02 1.966980543752158694e-01 2.320275016581476724e-01 2.201705392082181634e-01 1.659549035414121243e-01 1.270831849856301765e-01
1.511111480401850504e-01 7.524737828854177746e-02 -3.236440632809245693e-03 -5.668094291889261976e-02 -7.698778324716062937e-02 -3.150005633315411391e-02 3.328685341328593839e-02 1.096095197326277249e-01 1.527888418433449025e-01 1.659549035414121243e-01 1.490044882387236980e-01 1.439765189008351542e-01
2.256580650973961100e-01 1.527528476596185791e-01 7.184255275122354567e-02 -3.049145320166224415e-02 -9.441093422810312163e-02 -7.390024673909316444e-02 -2.244185289762005986e-02 3.723946851488747767e-02 8.993369343258164617e-02 1.270831849856301765e-01 1.439765189008351542e-01 1.762956262080432601e-01
2.123685017440609391e-01 1.948045202848635860e-01 1.515199995051483284e-01 9.331714576156988072e-03 -8.796860978100515260e-02 -5.992080985032263718e-02 -8.088058732959300945e-02 -5.326656051924984897e-02 2.582410082132208934e-02 1.137776168734736248e-01 1.657369829084905932e-01 1.980261260187413108e-01
1.948045202848635860e-01 2.096884291261875699e-01 2.164808782366071660e-01 1.116305388971107065e-01 -1.178980791991510527e-02 -4.086972597482793623e-02 -8.760330778522895656e-02 -8.225053911137775176e-02 -1.187087211711182824e-02 6.757928650971153917e-02 1.239682039404865072e-01 1.646327206522832376e-01
1.515199995051483284e-01 2.164808782366071660e-01 3.231294752958445704e-01 3.069191642344879511e-01 1.515639560582749956e-01 1.482025887009629471e-02 -5.685920246473583767e-02 -8.063484141034249486e-02 -4.076314310697105869e-02 9.617878522580182096e-03 5.797149706221969845e-02 1.021761378808355714e-01
9.331714576156988072e-03 1.116305388971107065e-01 3.069191642344879511e-01 4.534869688507343621e-01 3.347472532400341816e-01 1.055518633786047544e-01 5.170712310885297591e-02 7.395660637443780133e-03 -2.822704987044937636e-02 -5.539663833441890034e-02 -5.621962377330537441e-02 -3.809796822432648389e-02
-8.796860978100515260e-02 -1.178980791991510527e-02 1.515639560582749956e-01 3.347472532400341816e-01 3.140778345116624348e-01 1.284021001072035428e-01 1.263058334650565273e-01 9.879241173896843864e-02 2.289819925410082127e-02 -4.859796140974610712e-02 -9.126180390912239093e-02 -1.064910547709073119e-01
-5.992080985032263718e-02 -4.086972597482793623e-02 1.482025887009629471e-02 1.055518633786047544e-01 1.284021001072035428e-01 7.097462268715704070e-02 1.059493367197267277e-01 1.127470655789742232e-01 6.210041583100132240e-02 1.413498641906935430e-02 -2.720126381492892972e-02 -5.253530843671208594e-02
-8.088058732959300945e-02 -8.760330778522895656e-02 -5.685920246473583767e-02 5.170712310885297591e-02 1.263058334650565273e-01 1.059493367197267277e-01 2.161325534480708910e-01 2.658042566523334260e-01 1.816988837009246571e-01 1.047326677382277582e-01 1.853566126710941286e-02 -4.384245839503783659e-02
-5.326656051924984897e-02 -8.225053911137775176e-02 -8.063484141034249486e-02 7.395660637443780133e-03 9.879241173896843864e-02 1.127470655789742232e-01 2.658042566523334260e-01 3.562176285713014590e-01 2.656034260452728724e-01 1.872650750428451194e-01 8.252728045496313114e-02 1.846365831452534845e-03
2.582410082132208934e-02 -1.187087211711182824e-02 -4.076314310697105869e-02 -2.822704987044937636e-02 2.289819925410082127e-02 6.210041583100132240e-02 1.816988837009246571e-01 2.656034260452728724e-01 2.288024593883122293e-01 1.980836822448552859e-01 1.290968319542185050e-01 7.120769753090491760e-02
1.137776168734736248e-01 6.757928650971153917e-02 9.617878522580182096e-03 -5.539663833441890034e-02 -4.859796140974610712e-02 1.413498641906935430e-02 1.047326677382277582e-01 1.872650750428451194e-01 1.980836822448552859e-01 2.193692855695018873e-01 1.860461989256143034e-01 1.499240743828162969e-01
1.657369829084905932e-01 1.239682039404865072e-01 5.797149706221969845e-02 -5.621962377330537441e-02 -9.126180390912239093e-02 -2.720126381492892972e-02 1.853566126710941286e-02 8.252728045496313114e-02 1.290968319542185050e-01 1.860461989256143034e-01 1.937815089265413626e-01 1.855118890028131518e-01
1.980261260187413108e-01 1.646327206522832376e-01 1.021761378808355714e-01 -3.809796822432648389e-02 -1.064910547709073119e-01 -5.253530843671208594e-02 -4.384245839503783659e-02 1.846365831452534845e-03 7.120769753090491760e-02 1.499240743828162969e-01 1.855118890028131518e-01 2.019707318806190921e-01
3.273616662326949145e-01 2.730612348085436070e-01 1.349279664830871361e-01 7.100706513713783696e-02 -5.566394321953830465e-03 -6.112067348214944573e-02 -7.013689551292588698e-02 -5.913351370560205461e-02 -3.547955864160830253e-02 3.817668110572840223e-02 1.633033626762140644e-01 2.738881689675205511e-01
2.730612348085436070e-01 2.864530527397995963e-01 1.856644885275808288e-01 1.670171070542591230e-01 7.335186476209124007e-02 -4.198645145110722898e-03 -5.757288014742770188e-02 -8.714292419024601000e-02 -1.052234292877397281e-01 -4.004142380218322916e-02 4.832407083993783825e-02 1.713065743257037032e-01
1.349279664830871361e-01 1.856644885275808288e-01 1.610406307316940011e-01 1.994463357485294908e-01 1.338955729141460271e-01 7.844816834714404830e-02 8.272408015248040869e-03 -4.342655778805377953e-02 -8.280327916954988154e-02 -5.978302069239944949e-02 -3.394277503065769308e-02 4.363625963838661803e-02
7.100706513713783696e-02 1.670171070542591230e-01 1.994463357485294908e-01 3.123849197752150975e-01 2.526711634048786070e-01 2.047542263392403139e-01 9.506594795335830683e-02 6.334985693274843357e-03 -6.035729916610037271e-02 -7.432555606954416305e-02 -9.250536787891161516e-02 -3.463720050631038938e-02
-5.566394321953830465e-03 7.335186476209124007e-02 1.338955729141460271e-01 2.526711634048786070e-01 2.416852524929949120e-01 2.355469118949254370e-01 1.471556383360033693e-01 7.278967862601200267e-02 2.295860408724772345e-02 -2.323732648612693991e-02 -6.634114680020884725e-02 -6.043455688927897029e-02
-6.112067348214944573e-02 -4.198645145110722898e-03 7.844816834714404830e-02 2.047542263392403139e-01 2.355469118949254370e-01 2.764293384915971208e-01 2.082349226706942114e-01 1.481430272769733714e-01 1.184447769121295402e-01 4.022539659487354285e-02 -2.068507130475826308e-02 -6.402074811391714193e-02
-7.013689551292588698e-02 -5.757288014742770188e-02 8.272408015248040869e-03 9.506594795335830683e-02 1.471556383360033693e-01 2.082349226706942114e-01 1.878521628633379736e-01 1.651360716967014974e-01 1.672747277770226249e-01 9.020725050204038420e-02 4.217476531733663214e-02 -2.570707742306620192e-02
-5.913351370560205461e-02 -8.714292419024601000e-02 -4.342655778805377953e-02 6.334985693274843357e-03 7.278967862601200267e-02 1.481430272769733714e-01 1.651360716967014974e-01 1.776686482269297651e-01 2.101843505591619587e-01 1.364534716827552063e-01 1.057348051500014152e-01 2.299463130814797737e-02
-3.547955864160830253e-02 -1.052234292877397281e-01 -8.280327916954988154e-02 -6.035729916610037271e-02 2.295860408724772345e-02 1.184447769121295402e-01 1.672747277770226249e-01 2.101843505591619587e-01 2.783148514767547210e-01 2.001076151835866068e-01 1.874431412321027612e-01 8.719799341655727620e-02
3.817668110572840223e-02 -4.004142380218322916e-02 -5.978302069239944949e-02 -7.432555606954416305e-02 -2.323732648612693991e-02 4.022539659487354285e-02 9.020725050204038420e-02 1.364534716827552063e-01 2.001076151835866068e-01 1.667840602382506254e-01 1.915193128243402876e-01 1.335298298919138094e-01
1.633033626762140644e-01 4.832407083993783825e-02 -3.394277503065769308e-02 -9.250536787891161516e-02 -6.634114680020884725e-02 -2.068507130475826308e-02 4.217476531733663214e-02 1.057348051500014152e-01 1.874431412321027612e-01 1.915193128243402876e-01 2.773074891738746550e-01 2.552822612779831468e-01
2.738881689675205511e-01 1.713065743257037032e-01 4.363625963838661803e-02 -3.463720050631038938e-02 -6.043455688927897029e-02 -6.402074811391714193e-02 -2.570707742306620192e-02 2.299463130814797737e-02 8.719799341655727620e-02 1.335298298919138094e-01 2.552822612779831468e-01 3.067179275568666652e-01
2.428723642764657464e-01 1.948643292733541199e-01 1.327121565624383992e-01 2.892464440053569771e-02 -6.541190282079815954e-02 -8.580426255264082813e-02 -7.379558301881997129e-02 -4.440291224675898402e-02 1.300074516926009310e-02 9.604727020522978165e-02 2.007842772409136611e-01 2.297037793163590746e-01
1.948643292733541199e-01 2.049665001267288456e-01 2.014674309079091397e-01 1.389358383689989207e-01 -1.897613313412971348e-02 -9.290957452987434750e-02 -1.102091079691863706e-01 -9.618792169802249659e-02 -3.222339599879785188e-02 1.689336752535711139e-02 8.883120252055673460e-02 1.426516944526804442e-01
1.327121565624383992e-01 2.014674309079091397e-01 2.874310700261271112e-01 3.203099519276327856e-01 1.051957094975899260e-01 -3.410034989137698813e-02 -9.077466459690824996e-02 -1.009490163244085581e-01 -5.390630009769946385e-02 -4.219912757550616650e-02 -9.850239122510779516e-03 5.383595931376802812e-02
2.892464440053569771e-02 1.389358383689989207e-01 3.203099519276327856e-01 5.200880111769419223e-01 3.052640124404537580e-01 1.218612347023197012e-01 2.829176130822754279e-02 -1.441044941634720029e-02 -2.699098610306413862e-02 -5.582175010030711315e-02 -7.526051302168063062e-02 -3.937697951505578220e-02
-6.541190282079815954e-02 -1.897613313412971348e-02 1.051957094975899260e-01 3.052640124404537580e-01 2.845435321232838710e-01 2.097908912428236017e-01 1.580540886422575619e-01 1.193059787700094798e-01 4.818442605688623426e-02 1.801329807271625019e-02 -2.092211203859397836e-02 -5.334470008028208143e-02
-8.580426255264082813e-02 -9.290957452987434750e-02 -3.410034989137698813e-02 1.218612347023197012e-01 2.097908912428236017e-01 2.196167354928919013e-01 2.060951811914553122e-01 1.794746631232174428e-01 8.923728119020352123e-02 7.266899171454303807e-02 4.025072217378215800e-02 -2.647616947502936385e-02
-7.379558301881997129e-02 -1.102091079691863706e-01 -9.077466459690824996e-02 2.829176130822754279e-02 1.580540886422575619e-01 2.060951811914553122e-01 2.173825503520281921e-01 2.010216980480592497e-01 1.076955493346051507e-01 1.042240304507007637e-01 8.412708068430616026e-02 5.456541992298735017e-03
-4.440291224675898402e-02 -9.618792169802249659e-02 -1.009490163244085581e-01 -1.441044941634720029e-02 1.193059787700094798e-01 1.794746631232174428e-01 2.010216980480592497e-01 1.958722642400341774e-01 1.113501762110189336e-01 1.211791125713452266e-01 1.165538410641144967e-01 3.888176634624374017e-02
1.300074516926009310e-02 -3.222339599879785188e-02 -5.390630009769946385e-02 -2.699098610306413862e-02 4.818442605688623426e-02 8.923728119020352123e-02 1.076955493346051507e-01 1.113501762110189336e-01 7.185110012356664411e-02 9.500772223752343426e-02 1.119339293127938340e-01 6.616637086033697046e-02
9.604727020522978165e-02 1.689336752535711139e-02 -4.219912757550616650e-02 -5.582175010030711315e-02 1.801329807271625019e-02 7.266899171454303807e-02 1.042240304507007637e-01 1.211791125713452266e-01 9.500772223752343426e-02 1.567283734310864762e-01 2.164556910496872599e-01 1.639895335924963782e-01
2.007842772409136611e-01 8.883120252055673460e-02 -9.850239122510779516e-03 -7.526051302168063062e-02 -2.092211203859397836e-02 4.025072217378215800e-02 8.412708068430616026e-02 1.165538410641144967e-01 1.119339293127938340e-01 2.164556910496872599e-01 3.310398092213884258e-01 2.777481714259911749e-01
2.297037793163590746e-01 1.426516944526804442e-01 5.383595931376802812e-02 -3.937697951505578220e-02 -5.334470008028208143e-02 -2.647616947502936385e-02 5.456541992298735017e-03 3.888176634624374017e-02 6.616637086033697046e-02 1.639895335924963782e-01 2.777481714259911749e-01 2.676076894094625014e-01
2.431038258833052024e-01 1.791002620447215699e-01 1.160745266143318466e-01 6.242535568657794909e-02 1.713250334513542750e-02 -2.348653825788765692e-02 -5.791381675807254215e-02 -8.116220950864302952e-02 -5.011811916297765485e-02 4.443882454319638547e-02 1.755446627109779889e-01 2.900523243820855024e-01
1.791002620447215699e-01 1.727361028558119793e-01 1.565599390572245120e-01 1.382177539269986710e-01 1.142407793632004842e-01 3.562021987324714978e-02 -2.543755800683140250e-02 -7.641267900823478509e-02 -8.122686097063411270e-02 -1.746088160918337490e-02 7.493116611952420347e-02 1.723203421665369661e-01
1.160745266143318466e-01 1.565599390572245120e-01 1.862159164596937089e-01 2.046666038481328997e-01 2.056974207721094516e-01 9.855042505924531404e-02 2.308663531108512065e-02 -4.045250765562413003e-02 -7.398976548108723850e-02 -4.970742168450999199e-02 -2.523357668784999546e-03 6.944105748913097231e-02
6.242535568657794909e-02 1.382177539269986710e-01 2.046666038481328997e-01 2.603435315276236839e-01 2.882831894065270850e-01 1.592838585257610462e-01 7.819887400457521676e-02 1.365225908573941549e-02 -4.069458019206373400e-02 -5.733491447938798835e-02 -5.426976037526255736e-02 -1.088928612789729841e-02
1.713250334513542750e-02 1.142407793632004842e-01 2.056974207721094516e-01 2.882831894065270850e-01 3.488202306650061701e-01 2.091939513968458231e-01 1.327808327350608608e-01 7.934361325717753655e-02 1.420761301811064581e-02 -4.171093154864209673e-02 -7.940712946093300695e-02 -6.730965656593873581e-02
-2.348653825788765692e-02 3.562021987324714978e-02 9.855042505924531404e-02 1.592838585257610462e-01 2.091939513968458231e-01 1.445885006565566233e-01 1.211645074499872465e-01 1.152552793503460876e-01 7.982888914930910684e-02 1.493545676222917534e-02 -3.982631626069595143e-02 -6.445094658261649179e-02
-5.791381675807254215e-02 -2.543755800683140250e-02 2.308663531108512065e-02 7.819887400457521676e-02 1.327808327350608608e-01 1.211645074499872465e-01 1.464588186195209807e-01 1.902963208363402936e-01 1.774758369393932278e-01 8.703264489084122646e-02 4.442491527333685200e-03 -6.098461706502147917e-02
-8.116220950864302952e-02 -7.641267900823478509e-02 -4.045250765562413003e-02 1.365225908573941549e-02 7.934361325717753655e-02 1.152552793503460876e-01 1.902963208363402936e-01 2.934057479073357566e-01 3.047464488694621165e-01 1.802016099778046554e-01 6.692029602740648397e-02 -4.129545262780642823e-02
-5.011811916297765485e-02 -8.122686097063411270e-02 -7.398976548108723850e-02 -4.069458019206373400e-02 1.420761301811064581e-02 7.982888914930910684e-02 1.774758369393932278e-01 3.047464488694621165e-01 3.504720972845711824e-01 2.342261368485005213e-01 1.356978809918366613e-01 2.803367559617124874e-02
4.443882454319638547e-02 -1.746088160918337490e-02 -4.970742168450999199e-02 -5.733491447938798835e-02 -4.171093154864209673e-02 1.493545676222917534e-02 8.703264489084122646e-02 1.802016099778046554e-01 2.342261368485005213e-01 1.961231036063914024e-01 1.767004666740044361e-01 1.343332241261576132e-01
1.755446627109779889e-01 7.493116611952420347e-02 -2.523357668784999546e-03 -5.426976037526255736e-02 -7.940712946093300695e-02 -3.982631626069595143e-02 4.442491527333685200e-03 6.692029602740648397e-02 1.356978809918366613e-01 1.767004666740044361e-01 2.524186948088931182e-01 2.875671180123580695e-01
2.900523243820855024e-01 1.723203421665369661e-01 6.944105748913097231e-02 -1.088928612789729841e-02 -6.730965656593873581e-02 -6.445094658261649179e-02 -6.098461706502147917e-02 -4.129545262780642823e-02 2.803367559617124874e-02 1.343332241261576132e-01 2.875671180123580695e-01 4.053134297252934393e-01
1.406243218758240765e-01 1.421966215059009830e-01 7.613926165796158774e-02 7.299435790398220436e-02 -7.889605867352308954e-03 -7.011156371410605381e-02 -7.279814792241477706e-02 -1.443997661206603000e-02 5.246243536685213371e-02 1.686500215694965721e-01 1.455696969893738868e-01 1.371620666173505310e-01
1.421966215059009830e-01 1.662330838648493903e-01 1.197773245478320342e-01 1.797841496293285657e-01 3.282460283116568622e-02 -6.949486509488476960e-02 -9.919237330236485572e-02 -4.404789450891947317e-02 2.746424995002157143e-02 1.253153151394955089e-01 1.181706182184820708e-01 1.233038859193929526e-01
7.613926165796158774e-02 1.197773245478320342e-01 1.315795063874964643e-01 2.729113908737997862e-01 9.678885350459302817e-02 -3.162433537315469979e-03 -5.572989929698805855e-02 -4.343752611897672145e-02 -1.093300823713475728e-02 1.462163581241377776e-02 2.819916811091362219e-02 4.668904185375336024e-02
7.299435790398220436e-02 1.797841496293285657e-01 2.729113908737997862e-01 6.610991203202898348e-01 2.809287044778613351e-01 1.042776097772944860e-01 -1.987744124323102823e-02 -5.808703537596013322e-02 -5.271861262800264791e-02 -8.515461863000897691e-02 -4.155422369600038357e-02 5.871628201236551124e-03
-7.889605867352308954e-03 3.282460283116568622e-02 9.678885350459302817e-02 2.809287044778613351e-01 1.661283728547498506e-01 1.587901057742061584e-01 1.220782137734701955e-01 5.360963149172157799e-02 2.692744211864380594e-04 -4.184366562063218664e-02 -3.692299379106916968e-02 -2.701563590773639612e-02
-7.011156371410605381e-02 -6.949486509488476960e-02 -3.162433537315469979e-03 1.042776097772944860e-01 1.587901057742061584e-01 3.093970639317591975e-01 3.359753154283171561e-01 2.009737253362273712e-01 6.460557306172082237e-02 6.527163950954362019e-03 -2.957407774776175252e-02 -5.332481434913058371e-02
-7.279814792241477706e-02 -9.919237330236485572e-02 -5.572989929698805855e-02 -1.987744124323102823e-02 1.220782137734701955e-01 3.359753154283171561e-01 4.127435767798059985e-01 2.648297547436425647e-01 1.080697076239202636e-01 7.316659243415735148e-02 1.000993366746190036e-02 -3.485527415546028907e-02
-1.443997661206603000e-02 -4.404789450891947317e-02 -4.343752611897672145e-02 -5.808703537596013322e-02 5.360963149172157799e-02 2.009737253362273712e-01 2.648297547436425647e-01 1.891276040002337622e-01 1.005314244011933922e-01 1.200531771303104955e-01 6.080466609125544097e-02 1.946749710373687006e-02
5.246243536685213371e-02 2.746424995002157143e-02 -1.093300823713475728e-02 -5.271861262800264791e-02 2.692744211864380594e-04 6.460557306172082237e-02 1.080697076239202636e-01 1.005314244011933922e-01 8.779751917774222814e-02 1.649991417499624136e-01 1.117773384194582220e-01 7.709357086774024093e-02
1.686500215694965721e-01 1.253153151394955089e-01 1.462163581241377776e-02 -8.515461863000897691e-02 -4.184366562063218664e-02 6.527163950954362019e-03 7.316659243415735148e-02 1.200531771303104955e-01 1.649991417499624136e-01 3.777527196328885339e-01 2.730672756349664665e-01 2.085809070617717920e-01
1.455696969893738868e-01 1.181706182184820708e-01 2.819916811091362219e-02 -4.155422369600038357e-02 -3.692299379106916968e-02 -2.957407774776175252e-02 1.000993366746190036e-02 6.080466609125544097e-02 1.117773384194582220e-01 2.730672756349664665e-01 2.098931290290831919e-01 1.693961847549963484e-01
1.371620666173505310e-01 1.233038859193929526e-01 4.668904185375336024e-02 5.871628201236551124e-03 -2.701563590773639612e-02 -5.332481434913058371e-02 -3.485527415546028907e-02 1.946749710373687006e-02 7.709357086774024093e-02 2.085809070617717920e-01 1.693961847549963484e-01 1.476239821452772771e-01
2.242788464817673799e-01 2.351075443086863004e-01 1.627877493432978717e-01 5.420936402350036432e-02 -4.902132852003549326e-03 -4.146932344889545097e-02 -5.098246941762922535e-02 -3.731494698651735553e-02 -4.857071018108207773e-03 4.621232087202263583e-02 1.440960059532377935e-01 2.391205511639735160e-01
2.351075443086863004e-01 3.808635266139264175e-01 3.303972207752865486e-01 1.535304639448891173e-01 7.824744543366896066e-02 -1.038735065528142293e-02 -6.881352620836880818e-02 -9.029039345237424574e-02 -7.887952270946037292e-02 -5.825221836150372423e-02 -1.438116779267180692e-02 1.092224236172755214e-01
1.627877493432978717e-01 3.303972207752865486e-01 3.268702528264902374e-01 1.764705793723136684e-01 1.373810522342460705e-01 5.330259458017699847e-02 -1.756315964625760825e-02 -6.096943169903076831e-02 -7.591503771360033626e-02 -8.521966063391783752e-02 -8.794094734673926772e-02 6.162626629743467484e-03
5.420936402350036432e-02 1.535304639448891173e-01 1.764705793723136684e-01 1.261180237671090942e-01 1.540947724745322100e-01 1.183164125006905820e-01 6.926653474114430331e-02 2.324074643301078658e-02 -1.233693646077390835e-02 -3.989835288376784167e-02 -6.532896776069768707e-02 -3.547477879808664386e-02
-4.902132852003549326e-03 7.824744543366896066e-02 1.373810522342460705e-01 1.540947724745322100e-01 2.719118199231231880e-01 2.648827912028384746e-01 2.086600787011570202e-01 1.327840352140445823e-01 5.560689725714437065e-02 -2.717632315168290978e-03 -5.528287283484997761e-02 -6.825774640058436538e-02
-4.146932344889545097e-02 -1.038735065528142293e-02 5.330259458017699847e-02 1.183164125006905820e-01 2.648827912028384746e-01 2.942158916463434304e-01 2.556971455821159811e-01 1.831452731416452484e-01 1.002076995515590735e-01 4.112266806600575753e-02 -6.443586613207904004e-03 -4.850295597369903844e-02
-5.098246941762922535e-02 -6.881352620836880818e-02 -1.756315964625760825e-02 6.926653474114430331e-02 2.086600787011570202e-01 2.556971455821159811e-01 2.451799297646583553e-01 1.906388250887648128e-01 1.195038490703711487e-01 7.344039890953674155e-02 4.474984073780002847e-02 -8.370472909769430259e-03
-3.731494698651735553e-02 -9.029039345237424574e-02 -6.096943169903076831e-02 2.324074643301078658e-02 1.327840352140445823e-01 1.831452731416452484e-01 1.906388250887648128e-01 1.627826030064745133e-01 1.152483634907419813e-01 9.009781996904243917e-02 8.670259549117981246e-02 3.872231320995585258e-02
-4.857071018108207773e-03 -7.887952270946037292e-02 -7.591503771360033626e-02 -1.233693646077390835e-02 5.560689725714437065e-02 1.002076995515590735e-01 1.195038490703711487e-01 1.152483634907419813e-01 9.643349851998292421e-02 9.587477327739504784e-02 1.210489097776369649e-01 8.987101625965630836e-02
4.621232087202263583e-02 -5.825221836150372423e-02 -8.521966063391783752e-02 -3.989835288376784167e-02 -2.717632315168290978e-03 4.112266806600575753e-02 7.344039890953674155e-02 9.009781996904243917e-02 9.587477327739504784e-02 1.229236279118676028e-01 1.886772979264285666e-01 1.757409737037093911e-01
1.440960059532377935e-01 -1.438116779267180692e-02 -8.794094734673926772e-02 -6.532896776069768707e-02 -5.528287283484997761e-02 -6.443586613207904004e-03 4.474984073780002847e-02 8.670259549117981246e-02 1.210489097776369649e-01 1.886772979264285666e-01 3.288010294259233746e-01 3.441135229291200082e-01
2.391205511639735160e-01 1.092224236172755214e-01 6.162626629743467484e-03 -3.547477879808664386e-02 -6.825774640058436538e-02 -4.850295597369903844e-02 -8.370472909769430259e-03 3.872231320995585258e-02 8.987101625965630836e-02 1.757409737037093911e-01 3.441135229291200082e-01 4.196209501123390195e-01
1.769422291948727910e-01 2.464256595092141067e-01 1.746590566984778103e-01 4.128541732615443466e-02 -6.280328882395913581e-02 -8.534782577792922320e-02 -4.521776073453534495e-02 3.031199942061820959e-03 5.068409812867327030e-02 9.558551372920889855e-02 9.369415916613463291e-02 1.245858681072755519e-01
2.464256595092141067e-01 3.983389515394820668e-01 3.286213513984633239e-01 1.447598579952253384e-01 -1.577012709504790888e-02 -9.228607715455097726e-02 -8.133150327230417864e-02 -4.999953337806462700e-02 -1.018843020008174463e-02 3.377989167389201103e-02 6.937410623349428429e-02 1.390486761741630550e-01
1.746590566984778103e-01 3.286213513984633239e-01 3.346172808621553640e-01 2.239708129617261068e-01 1.145532458267943809e-01 1.520594308720419133e-02 -3.510312965655870698e-02 -5.549159125532204112e-02 -5.753932072009913801e-02 -4.645217289942602662e-02 3.068536261852146049e-03 7.091777981823084442e-02
4.128541732615443466e-02 1.447598579952253384e-01 2.239708129617261068e-01 2.527713264115246661e-01 2.565774885538413264e-01 1.716362608807688594e-01 6.576378478056420229e-02 -5.752333259232586017e-03 -5.284705362379147481e-02 -8.044316676000098920e-02 -4.953752208452867623e-02 -1.668870820685482842e-02
-6.280328882395913581e-02 -1.577012709504790888e-02 1.145532458267943809e-01 2.565774885538413264e-01 3.713209138416735389e-01 3.123888227789696215e-01 1.718620058151286156e-01 6.986255672398004879e-02 -4.930464164610869060e-03 -5.727186993852290131e-02 -6.161973862410317221e-02 -6.994179212869619522e-02
-8.534782577792922320e-02 -9.228607715455097726e-02 1.520594308720419133e-02 1.716362608807688594e-01 3.123888227789696215e-01 3.084430359641832098e-01 2.014317202536924090e-01 1.245582884995986572e-01 6.732106099931514653e-02 2.567196359699206593e-02 -1.573082155096962309e-02 -5.385880487681775353e-02
-4.521776073453534495e-02 -8.133150327230417864e-02 -3.510312965655870698e-02 6.576378478056420229e-02 1.718620058151286156e-01 2.014317202536924090e-01 1.639116196312626617e-01 1.400300380922871457e-01 1.227954797463204628e-01 1.103732568360305394e-01 4.752727326194111646e-02 2.469017047876527178e-04
3.031199942061820959e-03 -4.999953337806462700e-02 -5.549159125532204112e-02 -5.752333259232586017e-03 6.986255672398004879e-02 1.245582884995986572e-01 1.400300380922871457e-01 1.624968029907430389e-01 1.811327050191671173e-01 1.953810838104909908e-01 1.107375045558646048e-01 5.648963596685391275e-02
5.068409812867327030e-02 -1.018843020008174463e-02 -5.753932072009913801e-02 -5.284705362379147481e-02 -4.930464164610869060e-03 6.732106099931514653e-02 1.227954797463204628e-01 1.811327050191671173e-01 2.324121640587848148e-01 2.710836254228053965e-01 1.664654068772509488e-01 1.073494040327599708e-01
9.558551372920889855e-02 3.377989167389201103e-02 -4.645217289942602662e-02 -8.044316676000098920e-02 -5.727186993852290131e-02 2.567196359699206593e-02 1.103732568360305394e-01 1.953810838104909908e-01 2.710836254228053965e-01 3.371206317594163671e-01 2.145949754312392876e-01 1.520393569062024053e-01
9.369415916613463291e-02 6.937410623349428429e-02 3.068536261852146049e-03 -4.953752208452867623e-02 -6.161973862410317221e-02 -1.573082155096962309e-02 4.752727326194111646e-02 1.107375045558646048e-01 1.664654068772509488e-01 2.145949754312392876e-01 1.462611901374291090e-01 1.167591776299926470e-01
1.245858681072755519e-01 1.390486761741630550e-01 7.091777981823084442e-02 -1.668870820685482842e-02 -6.994179212869619522e-02 -5.385880487681775353e-02 2.469017047876527178e-04 5.648963596685391275e-02 1.073494040327599708e-01 1.520393569062024053e-01 1.167591776299926470e-01 1.153638536084834743e-01
4.632753555234633280e-01 2.958873879517574523e-01 1.322015214729569121e-01 5.308589976845794201e-02 -3.236190176558824752e-03 -3.862987902019845293e-02 -4.770870866072614985e-02 -8.730592695343164511e-02 -7.535819550532429911e-02 1.410837860855742275e-02 1.561508215853551207e-01 3.035282946387493075e-01
2.958873879517574523e-01 2.449461763391197477e-01 1.655547142717003761e-01 1.475399281171879684e-01 8.936332010250126745e-02 5.586430138118579636e-02 3.244917848599288869e-03 -4.732755288150655715e-02 -7.666003579065025497e-02 -4.740101343668928768e-02 2.517899484646865527e-02 1.467739333706914173e-01
1.322015214729569121e-01 1.655547142717003761e-01 1.654744941442526651e-01 2.002748756481663173e-01 1.507557187238153795e-01 1.272437046227463675e-01 5.250989533520464270e-02 1.530403790886740618e-02 -3.242874003632854191e-02 -5.787656140319132753e-02 -5.373609936988166247e-02 1.891906519427238517e-02
5.308589976845794201e-02 1.475399281171879684e-01 2.002748756481663173e-01 2.832436297456533136e-01 2.290770832722265893e-01 2.085972242930243803e-01 1.036392984833803266e-01 7.499378174789378404e-02 9.243886801329367214e-03 -6.131848034730815605e-02 -1.050475484702421691e-01 -5.617060852297058732e-02
-3.236190176558824752e-03 8.936332010250126745e-02 1.507557187238153795e-01 2.290770832722265893e-01 1.977580578990199012e-01 1.901224667305695115e-01 1.036605462351269519e-01 9.589793162643017732e-02 4.650094191247451658e-02 -2.747382922550920675e-02 -8.472814795923257203e-02 -7.004066522401250494e-02
-3.862987902019845293e-02 5.586430138118579636e-02 1.272437046227463675e-01 2.085972242930243803e-01 1.901224667305695115e-01 1.956927302364876997e-01 1.178725902847693324e-01 1.326476105224989877e-01 9.618890377282920956e-02 1.181064106061300960e-02 -6.157196996796177046e-02 -7.596450620956791966e-02
-4.770870866072614985e-02 3.244917848599288869e-03 5.250989533520464270e-02 1.036392984833803266e-01 1.036605462351269519e-01 1.178725902847693324e-01 8.619250718784576826e-02 1.259494351295414594e-01 1.232200393495383461e-01 6.286016387684356665e-02 4.304577159786546377e-03 -3.725367752133515453e-02
-8.730592695343164511e-02 -4.732755288150655715e-02 1.530403790886740618e-02 7.499378174789378404e-02 9.589793162643017732e-02 1.326476105224989877e-01 1.259494351295414594e-01 2.322056619437745661e-01 2.682700844394624307e-01 1.833065726981163712e-01 9.336621902594527400e-02 -1.446193282284027187e-02
-7.535819550532429911e-02 -7.666003579065025497e-02 -3.242874003632854191e-02 9.243886801329367214e-03 4.650094191247451658e-02 9.618890377282920956e-02 1.232200393495383461e-01 2.682700844394624307e-01 3.490315000061322559e-01 2.710335935962971954e-01 1.843960123449191468e-01 4.161790164980098961e-02
1.410837860855742275e-02 -4.740101343668928768e-02 -5.787656140319132753e-02 -6.131848034730815605e-02 -2.747382922550920675e-02 1.181064106061300960e-02 6.286016387684356665e-02 1.833065726981163712e-01 2.710335935962971954e-01 2.518835989481391646e-01 2.215801723917960597e-01 1.149496109509373226e-01
1.561508215853551207e-01 2.517899484646865527e-02 -5.373609936988166247e-02 -1.050475484702421691e-01 -8.472814795923257203e-02 -6.157196996796177046e-02 4.304577159786546377e-03 9.336621902594527400e-02 1.843960123449191468e-01 2.215801723917960597e-01 2.643476087298235466e-01 2.150676277054507923e-01
