1.152188815474431832e-01 2.626662979583044844e-01 7.962012906928732370e-02 2.434722558034834242e-02 1.521027508290926505e-02 2.259035627486833883e-02 8.992147082766577260e-02 1.491012681971695675e-01 1.247692348063975665e-01 1.165548606556064126e-01
2.064075192372079662e-02 4.548010807494491659e-02 1.976053124420738549e-01 1.121695223955817000e-01 7.708211100752569711e-02 1.487869766760868129e-01 6.013263502651604309e-02 1.115222253731693869e-01 1.532956059726177100e-01 7.328475110776312695e-02
1.099802157134515401e-01 4.655270044872246438e-02 5.183515402333071370e-02 1.003490276545289522e-01 1.337821352249529694e-01 1.043130883052505731e-01 1.474038686579312030e-01 9.731508685323810026e-02 1.189990364211457735e-01 8.946968669744771729e-02
8.303126904258845142e-02 1.107584751561201813e-01 1.104883162452527379e-01 7.865963761070504656e-02 4.222410994267469797e-02 3.337540895873189473e-02 4.162174336663793800e-02 7.132567981632290111e-02 1.837323114507212751e-01 2.447830484102448967e-01
1.362301475140185181e-01 2.618481220988912173e-02 7.741399512826097062e-02 1.544204668428554028e-01 9.813354380974656510e-02 7.554659686081249825e-02 4.790054015916188346e-02 5.725643543112356182e-02 1.487619982979395128e-01 1.781514637461920625e-01
7.253793494782713458e-02 1.382202930233264737e-01 1.098951246695913098e-01 1.211288079395757417e-01 6.856503312910057490e-02 5.275878075212063478e-02 8.336331832799730168e-02 6.488886879541171104e-02 1.436977418627760072e-01 1.449440965522731939e-01
8.769874764500298903e-02 1.089096875200485093e-01 1.592247409390907253e-01 3.020640447721755217e-01 1.519528340116363674e-01 7.261072964495718374e-02 4.116748062650500001e-02 2.782437557095896602e-02 1.244520747921502510e-02 3.610215179040968114e-02
1.924868436625978840e-01 1.285954495507252160e-01 7.746213846307878348e-02 6.069351444116422023e-02 7.148991303785270923e-02 1.081335429171183110e-01 1.515622558216514204e-01 5.516818146630220882e-02 4.715033975511641329e-02 1.072578208843927849e-01
7.665381997123096869e-02 6.050902194489174435e-02 9.611900958822743035e-02 1.376058673379410013e-01 5.074266168963843110e-02 3.689750051192860342e-02 4.536772596244771638e-02 3.585220690964015522e-01 6.837865716777689895e-02 6.920366672951558384e-02
1.443245300567936040e-01 8.104240417901617533e-02 4.484524192745532878e-02 1.709435591930856257e-01 7.542438456020150728e-02 5.128873951805450193e-02 8.429546453795050409e-02 1.670429294581427526e-01 1.256902220461920405e-01 5.510252452310803600e-02
1.445295470431056106e-01 7.723666803312645435e-02 3.652959751999736854e-02 1.738867367956235810e-02 1.282944429003066156e-02 3.018490818510367879e-02 1.300160416409729403e-01 2.201958793005958093e-01 1.148868539534608074e-01 2.162023863540442903e-01
1.538848097058830577e-01 1.467773514473889596e-01 1.828922924223291280e-01 1.358828173197119404e-01 6.526660995976291124e-02 5.171878086729371493e-02 6.328037064535098344e-02 9.362119598803433917e-02 4.600993220522725524e-02 6.066583943901768944e-02
2.597565199852055473e-01 1.262180996131828103e-01 5.605031088420107249e-02 6.021839397857886578e-02 3.360617467506579747e-02 3.548637694621353117e-02 2.660400353339290730e-02 1.021109440083972641e-01 1.704873225331067776e-01 1.294618538426555165e-01
1.252175079102137989e-01 9.737995160491866309e-02 1.129887434221790166e-01 1.091440777367757853e-01 4.072841293029733079e-02 4.542420663578732032e-02 6.762882765721553446e-02 1.446837139563747487e-01 6.906493158849624781e-02 1.877396265577415957e-01
1.089291012301492334e-01 1.123471773606396218e-01 1.840732773831895153e-01 6.214288219438646177e-02 1.181022877446570862e-01 1.263674645825318965e-01 7.241618161189011804e-02 4.304949777364124042e-02 5.599062561350505451e-02 1.165815045054100774e-01
1.193009546811436422e-01 1.335732278666248440e-01 7.631665957196184791e-02 6.521259519428798668e-02 1.098034696105367469e-01 1.079980452232871674e-01 8.869251817449666508e-02 1.210219362329311155e-01 1.043476488948959641e-01 7.373294454983406188e-02
5.301611456922673826e-02 8.357871731592508846e-02 1.502255445134459966e-01 1.312491447887660367e-01 7.925909225469346397e-02 7.108834657554707892e-02 2.010639174116814198e-01 1.330607365909355633e-01 6.021963636680130461e-02 3.723874961297736486e-02
1.036057815541028271e-01 9.734185276899801065e-02 5.387195420650561783e-02 5.785984734993645379e-02 7.209785325314832516e-02 1.241299569765038080e-01 9.332653692670740686e-02 9.968409737400764359e-02 1.255597028856319519e-01 1.725224167044579204e-01
1.598508766641790757e-01 1.413777395637407508e-01 3.645993391050148663e-02 4.103404095227759091e-02 4.032970706780908410e-02 1.849936340306090887e-01 9.742393205623732511e-02 4.488818638271878381e-02 1.081248746877556399e-01 1.455170746841710494e-01
7.150977707791315863e-02 6.334733882846346753e-02 1.157319640441905606e-01 1.869300460497595184e-01 1.008690612957423849e-01 2.444240084993365425e-02 2.835434814946601045e-02 8.591924629656390311e-02 1.822230367105320825e-01 1.406727806974356620e-01
1.221102018218052365e-02 5.034668637600441671e-02 2.341063711810894565e-01 1.663358298978392658e-01 5.681745055127297717e-02 5.697593127372475863e-02 2.573247359387315636e-01 1.229921760881271947e-01 3.123030787823651705e-02 1.165949063279357947e-02
1.753396653110721459e-01 1.473393013861658274e-01 7.402811108749293711e-02 6.613363891524418059e-02 3.784824887954393174e-02 4.543376422880883447e-02 6.245684621304538331e-02 2.169668653717398143e-01 1.172789984146754422e-01 5.717456019221175967e-02
1.458368097405577934e-01 9.591802131172243173e-02 1.461005215710498573e-01 1.078479067137331771e-01 3.540179978606923517e-02 2.967033169413080609e-02 5.851163442450096897e-02 1.832401375430176560e-01 1.058051439947641503e-01 9.166769322045406621e-02
2.281958066252721268e-02 5.308868466394593005e-02 2.676201060037004531e-01 1.253529525019829172e-01 5.964406271824244932e-02 6.192028693360646097e-02 1.328863492631259802e-01 1.520836651950634721e-01 8.633286436840043043e-02 3.825144768940492296e-02
5.275610637980794604e-02 9.341180305450005883e-02 9.545966732485931805e-02 1.220981844014639717e-01 5.269617488686639123e-02 9.894383579497612047e-02 6.558377446435950664e-02 5.556348542077495234e-02 1.786052118562409530e-01 1.848817564161507887e-01
2.420318139410360114e-02 3.585880033833473146e-02 3.242667556813331325e-02 1.129085028640456623e-01 1.720510701844736312e-01 1.434511674848841511e-01 1.088988733923687974e-01 2.457090662464273545e-01 8.791493229945324117e-02 3.657773022777585648e-02
2.153920888724064620e-01 1.199383844117233866e-01 8.395915005531670583e-02 4.183512467378910221e-02 6.931558796023930269e-02 9.549119224657903748e-02 1.010827070143479472e-01 4.561756740548126438e-02 5.452864203261206799e-02 1.728395553275048901e-01
6.762742599082839645e-02 3.115179781234186235e-02 2.791578756069410666e-02 2.874262271789957898e-02 6.871379543115033184e-02 2.240139981714392436e-01 1.512664343028483349e-01 9.307212445169696369e-02 1.338370865487726047e-01 1.736589270123288231e-01
1.158942068062538688e-01 1.385927958617542421e-01 1.689493965693655841e-01 6.491784524475482931e-02 4.493123848465448850e-02 5.496935646964458411e-02 3.785413897101207181e-02 8.905306688732023135e-02 1.534106388561837508e-01 1.314273158490563698e-01
1.271116268590631038e-01 9.512458417116227694e-02 1.125217533173678980e-01 5.726644897259038774e-02 3.629997070916923807e-02 2.015663119812404272e-02 4.681952382346296626e-02 1.218617719996881177e-01 2.754719865415650726e-01 1.073657024078068373e-01
5.203790111351962872e-02 9.391774385437401396e-02 1.107897863295571050e-01 9.684616590354154508e-02 9.509644304663564252e-02 8.457478595461093152e-02 1.534752275450750880e-01 1.388402705016400507e-01 1.199608821128518993e-01 5.446079363819431723e-02
4.241852516410287571e-02 2.972680690726540315e-02 7.432597304539262373e-02 8.055266723083352731e-02 7.615147471098936138e-02 1.226489973287043511e-01 1.737525442420945199e-01 1.090006135105787699e-01 1.341820737272505504e-01 1.572403241327879342e-01
9.386904502676812756e-02 1.297056421687837746e-01 2.188539722267413001e-01 1.173248769181886864e-01 4.022090741048947593e-02 2.951616238773070028e-02 4.892073655557829803e-02 9.253461460197899557e-02 1.082679031854196089e-01 1.207861395183211783e-01
9.497515775106915581e-02 1.526206811890168658e-01 7.421298124503852844e-02 8.650831581306450691e-02 6.273394521770508936e-02 2.469540536873159886e-01 1.379056486751883415e-01 6.461374902867891845e-02 3.526427333852591439e-02 4.421119405439671857e-02
1.203755867852340788e-01 6.510910292802103705e-02 5.010608815083834877e-02 6.997113462260856620e-02 8.267697933113912767e-02 2.150296620409607451e-01 1.402669180909884572e-01 6.953879266666412873e-02 8.996954308666135769e-02 9.695619229688419438e-02
9.939379261347036643e-02 7.098683107781544877e-02 1.295449815347065603e-01 1.774092081423007949e-01 1.167420426184990201e-01 3.416092018485161752e-02 4.191682382844171689e-02 5.507440204643200554e-02 1.521482935362412636e-01 1.226227044172411990e-01
2.286993488397462415e-02 4.502694503522752800e-02 1.065905968189565789e-01 2.792114018454938118e-01 3.840106549713091094e-02 5.545104066954976291e-02 1.716838715953578898e-01 1.314515318977409752e-01 1.094218857582633930e-01 3.989172599830474730e-02
1.564708388089230684e-01 8.675545176586760276e-02 7.164203562219116639e-02 9.171402106237329377e-02 6.743974892540448296e-02 9.353143493841838130e-02 1.295952030284175105e-01 1.010137321802395266e-01 9.004298225113145648e-02 1.117945514170337329e-01
1.398667667277522231e-01 1.405409450390406878e-01 7.706943548397263144e-02 7.943759562040982047e-02 5.238741631037216462e-02 4.995241943054010841e-02 8.717152416422524475e-02 8.499666565714798783e-02 1.317331393464722944e-01 1.568440922200670662e-01
6.155785257165129198e-02 5.119362481745329263e-02 9.298356287119957653e-02 1.457292429356559782e-01 8.855146005868927417e-02 6.552350306593338058e-02 8.069510974178877027e-02 8.283929598330602717e-02 1.130576955976965309e-01 2.178686523566258360e-01
2.507382937152370997e-02 7.806071038688870700e-02 2.606993589817834245e-01 6.678031558991302796e-02 4.776938333221261712e-02 1.150563765262419130e-01 1.679333967429033625e-01 1.093053456989167282e-01 9.015880850038635042e-02 3.916247486923039173e-02
7.600383315054191902e-02 2.259902832228648517e-01 1.100236088525209793e-01 2.693859058933621708e-02 1.520717085663312630e-02 4.202226109133211374e-02 9.640201335733436516e-02 9.546104126650364896e-02 1.685258480544944981e-01 1.434253495584382476e-01
4.491906279556134168e-02 4.964204693388186290e-02 6.866747870525000130e-02 1.529405782377813161e-01 1.309911209973431689e-01 1.284745239606665534e-01 1.405415432887042182e-01 8.259295436189555140e-02 8.822767546487353396e-02 1.130030152540425770e-01
7.342916089221385167e-02 1.043681432388670893e-01 1.773217401925595293e-01 1.288072929292162772e-01 7.317864666860661449e-02 6.023867779832506320e-02 6.063065533296312787e-02 4.735224706695092406e-02 8.339074625633165205e-02 1.912826896239661068e-01
9.998410414761087217e-02 2.438519943892423353e-02 4.921633751516588107e-02 1.982720176510825993e-01 6.444445874806140062e-02 1.362974104430892952e-01 1.588293571731161924e-01 1.376895360893770626e-01 8.146373267748187319e-02 4.941784611609052746e-02
1.693068964369713603e-02 1.453453705091758974e-02 3.788107317493896731e-02 8.667984228148115089e-02 1.612790912211537475e-01 1.664471264139006368e-01 4.899350105783998460e-02 1.445623244468656199e-01 2.624199978242084397e-01 6.027181688499669288e-02
1.095114860627341147e-01 6.763986907913141500e-02 8.527754623026484460e-02 1.900365464187237508e-01 1.030539657985238278e-01 7.686405122273781698e-02 1.329031488113445736e-01 7.031450846100156804e-02 7.565278832059307845e-02 8.874608959494517668e-02
3.786910245208491288e-02 6.946913336761628699e-02 1.687228726003929258e-01 1.675346574334722893e-01 7.000348982916973495e-02 9.325795005141512828e-02 1.179017458297106774e-01 1.356108130983644522e-01 7.606595761634574182e-02 6.356427772142772548e-02
1.716282024177835930e-01 1.005131510935189654e-01 5.276479185889978996e-02 3.252078086127781209e-02 1.331177021727387166e-01 9.132753555527529932e-02 1.477566180090327252e-01 1.012322590712723958e-01 6.597420132249851021e-02 1.031647576377024145e-01
3.063079953021418528e-02 6.637080540802284268e-02 1.157697340090251964e-01 1.314588193797306126e-01 3.248314705586516360e-01 1.607714433241677066e-01 7.020518867412585406e-02 3.824555416069869151e-02 3.193356402114523596e-02 2.978262093421806672e-02
6.353199703980857982e-02 3.700840759727235668e-02 2.196602503736391210e-01 1.035858787172077994e-01 1.013704238915560107e-01 3.633095899319426642e-02 2.823053847136030789e-02 8.715423232326915959e-02 1.725825718562130628e-01 1.505447407364796097e-01
1.489691474995591125e-01 2.251003575997981843e-01 5.740105801287743309e-02 5.762077990209103773e-02 4.164914957795622791e-02 9.100368824094712261e-02 7.132119896464061970e-02 8.567967024707626167e-02 9.582382654011160905e-02 1.254311234149426135e-01
3.261824749785566246e-02 4.030690165129093006e-02 3.649439276843820940e-02 4.486043315873654291e-02 8.555218437374428886e-02 1.520772877610702678e-01 2.211313431836142429e-01 1.198030006519602564e-01 1.693863725399603892e-01 9.776983641332934183e-02
7.248820312508141850e-02 6.408394346158738375e-02 1.128299688031247361e-01 1.325026555100787540e-01 8.273364493945049858e-02 6.351245474877513508e-02 6.298805331983921285e-02 1.642206589117575777e-01 1.102601773655750711e-01 1.343802398147305732e-01
5.251790924587382281e-02 1.639359416378608492e-01 2.143453188368616424e-01 7.321767753418251257e-02 4.723967731547638882e-02 8.437576784879685654e-02 1.860373874145395123e-01 9.883747604224091265e-02 4.085902770031409753e-02 3.863381642385366188e-02
7.381345939614329665e-02 3.378989095443285517e-02 1.605496733325586373e-02 1.275937057585195891e-02 3.318288041295047730e-02 1.357289056034051700e-01 2.553845797316232069e-01 9.250242968000188526e-02 2.007041223465308166e-01 1.460793939658043272e-01
9.753466904984242625e-02 6.822654961802419871e-02 1.586350089239103311e-01 1.144719070621771362e-01 4.379103127694490560e-02 5.425136074413722254e-02 1.903833828180107324e-01 1.931473163318661590e-01 4.919610252109327120e-02 3.036267165399353374e-02
6.406724364126321902e-02 6.818849388068312645e-02 1.156215390890851652e-01 5.656203905035166873e-02 1.289602348223492789e-01 6.617930977573113771e-02 1.165247175442699068e-01 1.444213059992542625e-01 1.187776430155902258e-01 1.206974731814219187e-01
8.603954905487193328e-02 5.315906023977622075e-02 6.269146938824063375e-02 9.189066271429152666e-02 1.144760716740946954e-01 7.680389261380764221e-02 6.230147951535978945e-02 2.419529592652460148e-01 1.095735365027827452e-01 1.011113190315288957e-01
6.912704853219583945e-02 2.744821256926721631e-01 9.346152563852203055e-02 8.676653334429812459e-02 1.813025592971777844e-01 9.489444858668116822e-02 6.518391259403986948e-02 3.820909489690455657e-02 3.294458259611143108e-02 6.362816882139712971e-02
1.418706407153046412e-01 7.462320969190276709e-02 2.546183539002714463e-02 5.264832628600715769e-02 1.370598853652764126e-01 7.069868658092939850e-02 1.135729841483843761e-01 1.419313288651066762e-01 1.259629258428552057e-01 1.161701771142065048e-01
9.676927555065434339e-02 2.372020964411698518e-01 9.290312599849961939e-02 4.077922575107370551e-02 5.563618876685497150e-02 5.087338161699256345e-02 1.040042943576308387e-01 1.630230750707124532e-01 6.626691493331043903e-02 9.254242151310129727e-02
1.264216916856187034e-01 6.033247883733575123e-02 3.695981620413170410e-02 2.758536817472595146e-02 2.836332544259058397e-02 9.106183888432214935e-02 1.985489800003528704e-01 1.334672975413961349e-01 1.269528654527695977e-01 1.703063377767564113e-01
1.992207092523580747e-01 1.568910273644150699e-01 7.272407323401657020e-02 2.366036170116093407e-01 1.940787318213812451e-01 4.578715148220049991e-02 9.994082952159828032e-03 8.179297199796937978e-03 1.843488176171943077e-02 5.808642792034323515e-02
2.255709166817754241e-02 4.449900607597326307e-02 8.354856242193445248e-02 1.681255325798284850e-01 1.403441149077493399e-01 8.391999742869406254e-02 9.728470673252481715e-02 1.399698087079217501e-01 1.770059428719227834e-01 4.274523660527342062e-02
1.097051882860075600e-01 4.237040903949069320e-02 5.142996689126649867e-02 2.567184486790553832e-02 6.610893357292765837e-02 3.002150931624363306e-01 1.399243004045817307e-01 1.220205340991665499e-01 5.967987164888951396e-02 8.287385802732774587e-02
4.642038252153506822e-02 4.795667184448705600e-02 8.090790866942954018e-02 9.003452174936182884e-02 1.659937815714090936e-01 1.106405172784514085e-01 4.551216597999220570e-02 1.151126092008717960e-01 2.251118301116659115e-01 7.230961107279598732e-02
5.678456898836561906e-02 1.599562228937441155e-01 1.040101961824563548e-01 8.870492550048986180e-02 1.766000160883182402e-01 1.005977104686031076e-01 1.935236920530793991e-01 6.782180730676491687e-02 2.965374029703905442e-02 2.234712022113938615e-02
9.596273187520004688e-02 6.254291012943175021e-02 9.436082279128267525e-02 1.127757952809569642e-01 1.125320461332899175e-01 8.883906412517310336e-02 6.093475470568580910e-02 8.813937897003647215e-02 1.378570136775570665e-01 1.460554823113863199e-01
2.231050229729477363e-01 1.107745961239550020e-01 7.221379507186358182e-02 2.464760197229389771e-01 8.881720157417058448e-02 9.115726980406085866e-02 8.044784989471816250e-02 3.171548438182072993e-02 1.048230406927420574e-02 4.481045638425017186e-02
9.749601544828238875e-02 9.188319345992237985e-02 3.076102719459268831e-01 8.032729867695014014e-02 2.874582286857502861e-02 6.865019837646785250e-02 2.655061309571471809e-02 2.301912570045618056e-02 5.182247899139305614e-02 2.238949814363113133e-01
4.585489184822758718e-02 4.823471493500257334e-02 6.174756000195774641e-02 8.726326469286950493e-02 6.905443248224790720e-02 4.215391178661390126e-02 9.573958262691140142e-02 2.067565773654810590e-01 1.452312153012514373e-01 1.979638489594368611e-01
3.297894496451405505e-02 5.583091172259919965e-02 1.945088494682145064e-01 1.482522753024094198e-01 5.443450749168907143e-02 2.581248094405851068e-02 4.510234672705665249e-02 1.756435958901584327e-01 2.014973621645570201e-01 6.593872532474338855e-02
7.579480240899284793e-02 2.196096533695734987e-01 1.668453293241078661e-01 1.679286206382544222e-01 1.254093345078478028e-01 1.101381144417523938e-01 5.305335424730247412e-02 2.749217062709252007e-02 1.851266981038364456e-02 3.521595062469250192e-02
7.892318868416650646e-02 5.935430383782060171e-02 9.041339908482157184e-02 9.557184446807483191e-02 9.691184059812321672e-02 1.675153374005837748e-01 5.298331841084482491e-02 6.005760730658166874e-02 1.966864588074596909e-01 1.015827014015235064e-01
7.505653658881510093e-02 9.343777826864599345e-02 1.302172777651552371e-01 1.891748051081859616e-01 4.872823374460685808e-02 2.330373407835679284e-02 5.821294711636111618e-02 1.346949923504540680e-01 1.591938127604174413e-01 8.797988221900168715e-02
3.433021912813159771e-02 9.731545399385750639e-02 9.399734986386309998e-02 1.524702151818053131e-01 9.848859928014630505e-02 1.428897771567598507e-01 2.447493441711952877e-01 9.947139418677798661e-02 1.997378808576232012e-02 1.631385895170059386e-02
8.019755941136130772e-02 6.804173201269546334e-02 8.609876866040253041e-02 1.722246796083920506e-01 9.450145632844529631e-02 1.470585118203265873e-01 4.936920479507705961e-02 3.015226533097767336e-02 7.737022175585048234e-02 1.949856002764718821e-01
7.858554798017415577e-02 7.368165543971506859e-02 3.049318173208930005e-02 4.382290353805045474e-02 8.817522112219579322e-02 1.218063941860333677e-01 1.277874235821626625e-01 1.004957238093695804e-01 1.298928905206744866e-01 2.052590580895354289e-01
2.507056863792647139e-01 3.676374726658762637e-02 9.228419571974495403e-03 1.317797872908291375e-02 5.434997173220072059e-02 2.860162102698839970e-01 1.224157807795595160e-01 3.711183658972068422e-02 6.758423591405653130e-02 1.226461327676686974e-01
2.015460748000711538e-02 3.991251608437480086e-02 8.213581400505370889e-02 1.021349463165861643e-01 1.415719570673220629e-01 1.329050918800356584e-01 1.428038167481286147e-01 1.830448359592539431e-01 1.179210476779713468e-01 3.741536678126660548e-02
5.516244786424023827e-02 2.588459746187612986e-02 1.749984883937557092e-02 6.317681260905047558e-02 2.979412567332192507e-01 1.366117228465776323e-01 6.725455417543357850e-02 8.222456946612272111e-02 2.034375923511877460e-01 5.080659765291672958e-02
1.231915334420091296e-01 5.031679440029714762e-02 5.492868980740634594e-02 6.767283595220995041e-02 1.152608300891518889e-01 1.569953261894809493e-01 1.285843536165873491e-01 7.564921147208972241e-02 1.211749626065185270e-01 1.062254624242489898e-01
1.541707961557441109e-01 5.971588851672346432e-02 4.931831169519590441e-02 2.127079626935652820e-02 7.412487450836645342e-02 2.701565306808489941e-01 1.139084493326025377e-01 6.403438740936287510e-02 6.953797083597004769e-02 1.237619945958290807e-01
4.865507921792332907e-02 4.745172564481617283e-02 5.072576860624071482e-02 1.018295529895759249e-01 1.357653687564255029e-01 1.304660793907861382e-01 1.279090377702593040e-01 1.197355157148521920e-01 1.094140567372184208e-01 1.280478151719022240e-01
5.032836115397103238e-02 1.744734246686646326e-02 2.536871175027315128e-02 1.102286388962055996e-01 2.686438952568427352e-01 8.410184881672265467e-02 4.919843100759173360e-02 7.431766387088606374e-02 1.776340980417395743e-01 1.427310087389010995e-01
6.416498460462938258e-02 1.521475549731651777e-01 1.625715348473489863e-01 1.182913989449570075e-01 8.043008504153831284e-02 5.800296980978912609e-02 5.394157151160468289e-02 1.056726308784215612e-01 1.251142579320950743e-01 7.966301145645054982e-02
1.083975965577730627e-01 1.531969169271605868e-01 1.178822424216569437e-01 1.922142201883517698e-01 1.107863395005752039e-01 8.158925940449122949e-02 8.871662819839500058e-02 6.304664646772734082e-02 4.831771685305721181e-02 3.585243348081192105e-02
6.627114653070266537e-02 1.574899818072822977e-01 1.081346913913018848e-01 7.902616704688453231e-02 4.438176608315062832e-02 9.156004113197752092e-02 1.563483537856809324e-01 8.296818090205913820e-02 1.232192436831732463e-01 9.060042763778732022e-02
7.632744263728347134e-02 5.673228944622769193e-02 8.345861885062019758e-02 9.945867846423121772e-02 5.556947978327472087e-02 6.894193189765480956e-02 8.536682762285757731e-02 1.635181754909379725e-01 2.018141918715116445e-01 1.088123639354008909e-01
1.006553953167711561e-02 2.638127800404891157e-02 1.295753064680429112e-01 2.381298227700192616e-01 9.248919073117767287e-02 1.037428421260810502e-01 2.014578985185161153e-01 1.215608914828835707e-01 5.836597722234755647e-02 1.823125314520582241e-02
8.157715149600187898e-02 3.207946811169729018e-02 5.024691534169382912e-02 6.924464857761644665e-02 1.963195543042507984e-01 1.464117602602577062e-01 4.640961251493271739e-02 3.721297988265147294e-02 1.254690652375161641e-01 2.150288442733819805e-01
5.860977082777073244e-02 1.534351236757098558e-01 1.666371762809895352e-01 9.467058940794750854e-02 3.295438523570272393e-02 4.968577701996772233e-02 5.972385725691996272e-02 1.199466272873749573e-01 1.879059507172519683e-01 7.643074229036525558e-02
9.391471545290812351e-02 1.162058393669756912e-01 1.114034756450669739e-01 4.064458061627149177e-02 5.192942814960489761e-02 6.212026714887196321e-02 1.019016609373455395e-01 1.388977097871757216e-01 1.870178895931033369e-01 9.596443330267630245e-02
2.780216856183006721e-02 3.902540089373583709e-02 7.293743256361540084e-02 2.706236665404083697e-01 6.819108436249940453e-02 6.145306053336267726e-02 9.716850547983907349e-02 1.371732484757490489e-01 1.523447721295564938e-01 7.328066045940395679e-02
6.334864248930341390e-02 8.689839516675344766e-02 7.375374798693846989e-02 1.010244581914226947e-01 1.677299389982778721e-01 9.332249258772536138e-02 5.173764874445618833e-02 7.468723780694112857e-02 2.000808216634623604e-01 8.741661636471922958e-02
1.133091104061194065e-01 1.359976131250017484e-01 1.185878642662540339e-01 6.999194422030750873e-02 1.559948044154908231e-01 1.493443405461365447e-01 5.082400353097710211e-02 8.229860991709414542e-02 6.412668788491343586e-02 5.952502168770541779e-02
1.206751085585373445e-01 8.233886273046786552e-02 9.182558472733373667e-02 6.340345862013795075e-02 7.141077362094484793e-02 8.436539887146282668e-02 1.278387313924231883e-01 1.433462905124565923e-01 1.052576629630044697e-01 1.095381280032312332e-01
5.593278821433531056e-02 8.055864197080289668e-02 1.545561071879359150e-01 1.697193972406715323e-01 1.212205077554340260e-01 1.026697384906086752e-01 1.300931010692556455e-01 9.393418709902723318e-02 5.289674224506744904e-02 3.841878872686142060e-02
3.020573530836201392e-02 1.576340278061442654e-02 5.181334223898365066e-02 2.368388769688683781e-01 1.433220953961491517e-01 5.164020657979317974e-02 2.923336359504535853e-02 1.086032424469780822e-01 2.267459094491415805e-01 1.058338252360641468e-01
