1.152188815474431832e-01 1.634532905091692356e-01 9.042397763684073553e-02 4.983986314599175155e-02 3.607473943026089785e-02 3.723517398752496099e-02 6.736305174791878958e-02 8.420366815685703665e-02 8.360109186157940742e-02 9.932302681568316860e-02
1.634532905091692356e-01 2.626662979583044844e-01 1.427093486401564415e-01 7.477101320747260582e-02 4.939969236723330825e-02 4.571301581138315778e-02 7.751822508135228218e-02 9.350726665526676307e-02 9.334097477959661660e-02 1.205793118792612556e-01
9.042397763684073553e-02 1.427093486401564415e-01 7.962012906928732370e-02 4.282964771156144018e-02 2.946874771694996814e-02 2.860332587016629555e-02 4.987970524486615154e-02 6.070176342154219584e-02 5.894739935060020614e-02 7.108610438900114792e-02
4.983986314599175155e-02 7.477101320747260582e-02 4.282964771156144018e-02 2.434722558034834242e-02 1.815107070995046132e-02 1.917400786295114096e-02 3.499198749446515155e-02 4.330726487558807236e-02 4.076571123643546457e-02 4.439992402955750261e-02
3.607473943026089785e-02 4.939969236723330825e-02 2.946874771694996814e-02 1.815107070995046132e-02 1.521027508290926505e-02 1.780225530556592967e-02 3.409199298651373333e-02 4.294196560028071263e-02 3.930759292654149861e-02 3.835545580899826779e-02
3.723517398752496099e-02 4.571301581138315778e-02 2.860332587016629555e-02 1.917400786295114096e-02 1.780225530556592967e-02 2.259035627486833883e-02 4.473691172955727990e-02 5.704049469425953589e-02 5.137523140556109202e-02 4.647417181910802608e-02
6.736305174791878958e-02 7.751822508135228218e-02 4.987970524486615154e-02 3.499198749446515155e-02 3.409199298651373333e-02 4.473691172955727990e-02 8.992147082766577260e-02 1.153042567633073556e-01 1.033248292905535187e-01 9.074977163471678598e-02
8.420366815685703665e-02 9.350726665526676307e-02 6.070176342154219584e-02 4.330726487558807236e-02 4.294196560028071263e-02 5.704049469425953589e-02 1.153042567633073556e-01 1.491012681971695675e-01 1.341795431284283358e-01 1.171568282519607207e-01
8.360109186157940742e-02 9.334097477959661660e-02 5.894739935060020614e-02 4.076571123643546457e-02 3.930759292654149861e-02 5.137523140556109202e-02 1.033248292905535187e-01 1.341795431284283358e-01 1.247692348063975665e-01 1.130529182882899220e-01
9.932302681568316860e-02 1.205793118792612556e-01 7.108610438900114792e-02 4.439992402955750261e-02 3.835545580899826779e-02 4.647417181910802608e-02 9.074977163471678598e-02 1.171568282519607207e-01 1.130529182882899220e-01 1.165548606556064126e-01
2.064075192372079662e-02 2.793838013640580903e-02 5.382825063845540076e-02 4.056340034651933352e-02 3.393225791549892012e-02 4.548549245204033808e-02 3.127144107313589022e-02 4.326549442187743733e-02 5.130831167050937947e-02 3.692272026761231341e-02
2.793838013640580903e-02 4.548010807494491659e-02 9.356080556262354186e-02 6.940113961805759180e-02 5.277391599450639154e-02 6.296009195979945794e-02 3.856691359925597251e-02 4.814095337759083382e-02 5.643972934461757851e-02 4.286789904261694567e-02
5.382825063845540076e-02 9.356080556262354186e-02 1.976053124420738549e-01 1.463000796666565906e-01 1.082964778302725334e-01 1.241033059518939913e-01 7.213866670894744648e-02 8.509541841454437705e-02 9.885005471801829036e-02 7.713379501183099951e-02
4.056340034651933352e-02 6.940113961805759180e-02 1.463000796666565906e-01 1.121695223955817000e-01 8.681933872972862065e-02 1.029492553155187812e-01 5.909363322339358099e-02 6.783562308412163788e-02 7.718251342963766692e-02 5.931148796384610317e-02
3.393225791549892012e-02 5.277391599450639154e-02 1.082964778302725334e-01 8.681933872972862065e-02 7.708211100752569711e-02 1.014451280037343417e-01 5.925431776270875112e-02 6.786465223175114359e-02 7.505929767701084721e-02 5.484082241170061545e-02
4.548549245204033808e-02 6.296009195979945794e-02 1.241033059518939913e-01 1.029492553155187812e-01 1.014451280037343417e-01 1.487869766760868129e-01 8.987386837124899941e-02 1.054348905764863897e-01 1.154730844274276802e-01 8.111760624314970358e-02
3.127144107313589022e-02 3.856691359925597251e-02 7.213866670894744648e-02 5.909363322339358099e-02 5.925431776270875112e-02 8.987386837124899941e-02 6.013263502651604309e-02 7.764897772585487024e-02 8.734565491072769639e-02 6.022919738365718756e-02
4.326549442187743733e-02 4.814095337759083382e-02 8.509541841454437705e-02 6.783562308412163788e-02 6.786465223175114359e-02 1.054348905764863897e-01 7.764897772585487024e-02 1.115222253731693869e-01 1.292048472670451198e-01 8.820375386940779161e-02
5.130831167050937947e-02 5.643972934461757851e-02 9.885005471801829036e-02 7.718251342963766692e-02 7.505929767701084721e-02 1.154730844274276802e-01 8.734565491072769639e-02 1.292048472670451198e-01 1.532956059726177100e-01 1.050771130851624185e-01
3.692272026761231341e-02 4.286789904261694567e-02 7.713379501183099951e-02 5.931148796384610317e-02 5.484082241170061545e-02 8.111760624314970358e-02 6.022919738365718756e-02 8.820375386940779161e-02 1.050771130851624185e-01 7.328475110776312695e-02
1.099802157134515401e-01 7.017780542471790950e-02 6.756735156085838523e-02 8.347623058911285421e-02 8.865014509916105401e-02 7.728296040157894842e-02 9.386267340989630503e-02 8.745852987237440201e-02 1.064257640924515247e-01 9.753894374394969646e-02
7.017780542471790950e-02 4.655270044872246438e-02 4.713192481509462239e-02 6.039278916383086782e-02 6.495322264903029275e-02 5.508631135062420914e-02 6.352037717807035300e-02 5.627040008706176571e-02 6.661082113125996185e-02 6.127359443408030015e-02
6.756735156085838523e-02 4.713192481509462239e-02 5.183515402333071370e-02 7.026611498715207293e-02 7.741031451568379518e-02 6.410914249674930232e-02 6.948890724223615034e-02 5.674769239392969677e-02 6.346921684790733653e-02 5.804366078606238571e-02
8.347623058911285421e-02 6.039278916383086782e-02 7.026611498715207293e-02 1.003490276545289522e-01 1.134254784628018764e-01 9.349562330602198545e-02 9.799016551359783500e-02 7.497671193729887884e-02 7.913228978608993769e-02 7.123217009274700195e-02
8.865014509916105401e-02 6.495322264903029275e-02 7.741031451568379518e-02 1.134254784628018764e-01 1.337821352249529694e-01 1.129947106151284048e-01 1.189266038009216819e-01 8.753284361957669457e-02 8.772286215986774272e-02 7.652816610879203951e-02
7.728296040157894842e-02 5.508631135062420914e-02 6.410914249674930232e-02 9.349562330602198545e-02 1.129947106151284048e-01 1.043130883052505731e-01 1.173330709967840141e-01 8.651415016390281987e-02 8.387163482721145258e-02 6.954001188181460624e-02
9.386267340989630503e-02 6.352037717807035300e-02 6.948890724223615034e-02 9.799016551359783500e-02 1.189266038009216819e-01 1.173330709967840141e-01 1.474038686579312030e-01 1.131211713875358432e-01 1.102506245261951900e-01 8.825035428279322247e-02
8.745852987237440201e-02 5.627040008706176571e-02 5.674769239392969677e-02 7.497671193729887884e-02 8.753284361957669457e-02 8.651415016390281987e-02 1.131211713875358432e-01 9.731508685323810026e-02 1.023237693511227786e-01 8.323453137555650305e-02
1.064257640924515247e-01 6.661082113125996185e-02 6.346921684790733653e-02 7.913228978608993769e-02 8.772286215986774272e-02 8.387163482721145258e-02 1.102506245261951900e-01 1.023237693511227786e-01 1.189990364211457735e-01 1.004091572846581293e-01
9.753894374394969646e-02 6.127359443408030015e-02 5.804366078606238571e-02 7.123217009274700195e-02 7.652816610879203951e-02 6.954001188181460624e-02 8.825035428279322247e-02 8.323453137555650305e-02 1.004091572846581293e-01 8.946968669744771729e-02
8.303126904258845142e-02 8.689838911310743264e-02 8.158129316061558944e-02 6.795427110836478601e-02 5.021076415736429321e-02 4.565096602774462720e-02 5.216882633729296587e-02 6.790085312343709101e-02 1.049123778795352513e-01 1.274308513932529419e-01
8.689838911310743264e-02 1.107584751561201813e-01 1.090583355594944570e-01 9.112391944454037440e-02 6.635320927798321611e-02 5.813122172027314349e-02 6.185785913156090221e-02 7.147191896941135214e-02 9.550116382899681566e-02 1.094526697102871926e-01
8.158129316061558944e-02 1.090583355594944570e-01 1.104883162452527379e-01 9.291632976666355792e-02 6.765201482505123209e-02 5.897554407867657000e-02 6.191955301656085209e-02 6.945914341266759551e-02 8.836213780398619044e-02 9.736640083880196417e-02
6.795427110836478601e-02 9.112391944454037440e-02 9.291632976666355792e-02 7.865963761070504656e-02 5.746560277004042483e-02 5.026854591949824619e-02 5.295669492707533177e-02 5.949002428253288149e-02 7.530796751978441339e-02 8.143775431353138250e-02
5.021076415736429321e-02 6.635320927798321611e-02 6.765201482505123209e-02 5.746560277004042483e-02 4.222410994267469797e-02 3.723031967564459366e-02 3.966932390999019370e-02 4.523283675297068429e-02 5.802993215037895169e-02 6.200878714665765401e-02
4.565096602774462720e-02 5.813122172027314349e-02 5.897554407867657000e-02 5.026854591949824619e-02 3.723031967564459366e-02 3.337540895873189473e-02 3.644152985501972197e-02 4.295209598812743668e-02 5.693386611352774240e-02 6.009191218422070546e-02
5.216882633729296587e-02 6.185785913156090221e-02 6.191955301656085209e-02 5.295669492707533177e-02 3.966932390999019370e-02 3.644152985501972197e-02 4.162174336663793800e-02 5.199656899427226170e-02 7.284298591151959490e-02 7.611674437866484955e-02
6.790085312343709101e-02 7.147191896941135214e-02 6.945914341266759551e-02 5.949002428253288149e-02 4.523283675297068429e-02 4.295209598812743668e-02 5.199656899427226170e-02 7.132567981632290111e-02 1.083608269063407598e-01 1.133316144445431772e-01
1.049123778795352513e-01 9.550116382899681566e-02 8.836213780398619044e-02 7.530796751978441339e-02 5.802993215037895169e-02 5.693386611352774240e-02 7.284298591151959490e-02 1.083608269063407598e-01 1.837323114507212751e-01 1.975772538991961147e-01
1.274308513932529419e-01 1.094526697102871926e-01 9.736640083880196417e-02 8.143775431353138250e-02 6.200878714665765401e-02 6.009191218422070546e-02 7.611674437866484955e-02 1.133316144445431772e-01 1.975772538991961147e-01 2.447830484102448967e-01
1.362301475140185181e-01 5.478432059793735681e-02 6.702551555205926714e-02 8.290759785812994165e-02 6.624874878321168614e-02 6.277627875254444823e-02 5.997257514522992550e-02 7.806692713145121920e-02 1.322909046161733770e-01 1.513370904740443668e-01
5.478432059793735681e-02 2.618481220988912173e-02 4.030976007185787385e-02 5.354769448501910806e-02 4.253815132572941193e-02 3.822907933103082689e-02 3.215956513653743520e-02 3.511726294887072136e-02 5.281245399271329577e-02 5.827222554380070280e-02
6.702551555205926714e-02 4.030976007185787385e-02 7.741399512826097062e-02 1.083280555047586857e-01 8.582171360565100937e-02 7.445652690576794186e-02 5.661248884581662755e-02 5.119030654467755098e-02 6.435410396142951517e-02 6.626226366474249896e-02
8.290759785812994165e-02 5.354769448501910806e-02 1.083280555047586857e-01 1.544204668428554028e-01 1.226234650394048831e-01 1.058866927544266506e-01 7.889794506544571540e-02 6.797223217711048648e-02 8.041293054043030519e-02 8.010060799820148403e-02
6.624874878321168614e-02 4.253815132572941193e-02 8.582171360565100937e-02 1.226234650394048831e-01 9.813354380974656510e-02 8.532212523457749498e-02 6.399060713552807977e-02 5.549203397473088939e-02 6.578200870277002565e-02 6.482499655988666065e-02
6.277627875254444823e-02 3.822907933103082689e-02 7.445652690576794186e-02 1.058866927544266506e-01 8.532212523457749498e-02 7.554659686081249825e-02 5.813585576945094063e-02 5.252049609219736070e-02 6.471242317326508786e-02 6.375034126762910147e-02
5.997257514522992550e-02 3.215956513653743520e-02 5.661248884581662755e-02 7.889794506544571540e-02 6.399060713552807977e-02 5.813585576945094063e-02 4.790054015916188346e-02 4.800266501424802629e-02 6.487045263207158463e-02 6.497726131369495339e-02
7.806692713145121920e-02 3.511726294887072136e-02 5.119030654467755098e-02 6.797223217711048648e-02 5.549203397473088939e-02 5.252049609219736070e-02 4.800266501424802629e-02 5.725643543112356182e-02 8.766116725362152473e-02 9.034012328656440549e-02
1.322909046161733770e-01 5.281245399271329577e-02 6.435410396142951517e-02 8.041293054043030519e-02 6.578200870277002565e-02 6.471242317326508786e-02 6.487045263207158463e-02 8.766116725362152473e-02 1.487619982979395128e-01 1.578409325252037310e-01
1.513370904740443668e-01 5.827222554380070280e-02 6.626226366474249896e-02 8.010060799820148403e-02 6.482499655988666065e-02 6.375034126762910147e-02 6.497726131369495339e-02 9.034012328656440549e-02 1.578409325252037310e-01 1.781514637461920625e-01
7.253793494782713458e-02 9.278062701180657401e-02 7.676948933155369748e-02 7.637585685192049834e-02 5.802675263307090214e-02 5.197454473139137554e-02 6.556951426108162395e-02 5.970531074632896840e-02 9.002351736885436106e-02 9.543183212714909103e-02
9.278062701180657401e-02 1.382202930233264737e-01 1.192115025345023144e-01 1.183680645543103011e-01 8.574504307620407773e-02 7.051204790138931866e-02 8.169153041997169462e-02 6.880744579969609587e-02 9.835856503188719624e-02 1.067372369448922748e-01
7.676948933155369748e-02 1.192115025345023144e-01 1.098951246695913098e-01 1.126990329831491777e-01 8.159290893612167195e-02 6.571486861146413894e-02 7.370297952166773858e-02 5.899211731926813640e-02 8.021537358131410056e-02 8.560982709028587545e-02
7.637585685192049834e-02 1.183680645543103011e-01 1.126990329831491777e-01 1.211288079395757417e-01 8.930821039065856004e-02 7.260484943972850269e-02 8.136022436887960230e-02 6.371090788966099483e-02 8.399263770525799977e-02 8.691629105315480663e-02
5.802675263307090214e-02 8.574504307620407773e-02 8.159290893612167195e-02 8.930821039065856004e-02 6.856503312910057490e-02 5.805238172772853034e-02 6.713654613861474996e-02 5.332190418556645439e-02 7.043047956290664213e-02 7.064185447745299773e-02
5.197454473139137554e-02 7.051204790138931866e-02 6.571486861146413894e-02 7.260484943972850269e-02 5.805238172772853034e-02 5.275878075212063478e-02 6.443982635225545264e-02 5.298434074848921982e-02 7.140272686112308920e-02 6.960848676269558444e-02
6.556951426108162395e-02 8.169153041997169462e-02 7.370297952166773858e-02 8.136022436887960230e-02 6.713654613861474996e-02 6.443982635225545264e-02 8.336331832799730168e-02 7.125333073986063470e-02 9.856914799012246597e-02 9.476941096135495235e-02
5.970531074632896840e-02 6.880744579969609587e-02 5.899211731926813640e-02 6.371090788966099483e-02 5.332190418556645439e-02 5.298434074848921982e-02 7.125333073986063470e-02 6.488886879541171104e-02 9.407575676789674268e-02 9.097886519502616787e-02
9.002351736885436106e-02 9.835856503188719624e-02 8.021537358131410056e-02 8.399263770525799977e-02 7.043047956290664213e-02 7.140272686112308920e-02 9.856914799012246597e-02 9.407575676789674268e-02 1.436977418627760072e-01 1.410651187245830773e-01
9.543183212714909103e-02 1.067372369448922748e-01 8.560982709028587545e-02 8.691629105315480663e-02 7.064185447745299773e-02 6.960848676269558444e-02 9.476941096135495235e-02 9.097886519502616787e-02 1.410651187245830773e-01 1.449440965522731939e-01
8.769874764500298903e-02 9.633367878840931597e-02 1.040442181848315328e-01 1.066576755523661879e-01 9.152638062335424762e-02 7.252295581911409605e-02 5.766856626034103095e-02 4.839860845767135489e-02 3.275480946509883029e-02 5.612988377408384411e-02
9.633367878840931597e-02 1.089096875200485093e-01 1.223427146153125838e-01 1.272225408964543503e-01 1.024034164456384399e-01 7.916596291972861910e-02 6.260696405426960376e-02 5.255197105813776831e-02 3.565213364822881342e-02 6.128245665193652464e-02
1.040442181848315328e-01 1.223427146153125838e-01 1.592247409390907253e-01 1.858057917982547380e-01 1.297416444625887344e-01 9.116544456223728277e-02 6.919558777106735170e-02 5.717393253379309676e-02 3.851830003023248850e-02 6.595746725869545968e-02
1.066576755523661879e-01 1.272225408964543503e-01 1.858057917982547380e-01 3.020640447721755217e-01 1.897245484357119594e-01 1.153813802314133802e-01 7.990826528034790377e-02 6.297325311903757827e-02 4.110774161237649299e-02 6.862768239385934332e-02
9.152638062335424762e-02 1.024034164456384399e-01 1.297416444625887344e-01 1.897245484357119594e-01 1.519528340116363674e-01 9.957724374570572912e-02 7.041708334027629856e-02 5.563896172030854959e-02 3.613631092506015829e-02 5.985339479191822964e-02
7.252295581911409605e-02 7.916596291972861910e-02 9.116544456223728277e-02 1.153813802314133802e-01 9.957724374570572912e-02 7.261072964495718374e-02 5.371691030553110702e-02 4.326401923363085156e-02 2.839031625769230377e-02 4.737280579195141117e-02
5.766856626034103095e-02 6.260696405426960376e-02 6.919558777106735170e-02 7.990826528034790377e-02 7.041708334027629856e-02 5.371691030553110702e-02 4.116748062650500001e-02 3.367361143658875733e-02 2.230763745971024725e-02 3.750812178257924290e-02
4.839860845767135489e-02 5.255197105813776831e-02 5.717393253379309676e-02 6.297325311903757827e-02 5.563896172030854959e-02 4.326401923363085156e-02 3.367361143658875733e-02 2.782437557095896602e-02 1.855308164971637003e-02 3.136415109161330705e-02
3.275480946509883029e-02 3.565213364822881342e-02 3.851830003023248850e-02 4.110774161237649299e-02 3.613631092506015829e-02 2.839031625769230377e-02 2.230763745971024725e-02 1.855308164971637003e-02 1.244520747921502510e-02 2.114591589097305352e-02
5.612988377408384411e-02 6.128245665193652464e-02 6.595746725869545968e-02 6.862768239385934332e-02 5.985339479191822964e-02 4.737280579195141117e-02 3.750812178257924290e-02 3.136415109161330705e-02 2.114591589097305352e-02 3.610215179040968114e-02
1.924868436625978840e-01 1.523923698381254022e-01 1.071123513514050801e-01 7.834904418689181416e-02 6.902863174232701238e-02 7.568704668520143120e-02 8.947825473721049416e-02 6.555850458091966315e-02 8.178141359116578024e-02 1.394663740647381356e-01
1.523923698381254022e-01 1.285954495507252160e-01 9.438291046593798306e-02 7.108649218166959716e-02 6.347404894107996909e-02 6.938326176631781639e-02 8.077175047797385821e-02 5.667064629681792948e-02 6.649864357180951258e-02 1.099032865884028154e-01
1.071123513514050801e-01 9.438291046593798306e-02 7.746213846307878348e-02 6.424009604756741876e-02 6.157007478835133107e-02 6.940215997246780566e-02 8.022351698891794225e-02 5.219277436900242317e-02 5.334427837188157606e-02 7.992154445916399563e-02
7.834904418689181416e-02 7.108649218166959716e-02 6.424009604756741876e-02 6.069351444116422023e-02 6.340598964283303274e-02 7.436206685864520105e-02 8.619264139162569061e-02 5.294151010971406141e-02 4.729003627842598423e-02 6.236237381983951444e-02
6.902863174232701238e-02 6.347404894107996909e-02 6.157007478835133107e-02 6.340598964283303274e-02 7.148991303785270923e-02 8.676877778401775876e-02 1.013111464169680204e-01 6.042970855854419565e-02 4.958734301223712004e-02 5.892686632664602409e-02
7.568704668520143120e-02 6.938326176631781639e-02 6.940215997246780566e-02 7.436206685864520105e-02 8.676877778401775876e-02 1.081335429171183110e-01 1.273433084608427968e-01 7.528285602797202269e-02 5.975347078761880648e-02 6.752619589156670654e-02
8.947825473721049416e-02 8.077175047797385821e-02 8.022351698891794225e-02 8.619264139162569061e-02 1.013111464169680204e-01 1.273433084608427968e-01 1.515622558216514204e-01 8.994707717952096782e-02 7.157962912252643917e-02 8.070165708159579565e-02
6.555850458091966315e-02 5.667064629681792948e-02 5.219277436900242317e-02 5.294151010971406141e-02 6.042970855854419565e-02 7.528285602797202269e-02 8.994707717952096782e-02 5.516818146630220882e-02 4.695564136477352324e-02 5.701833041773678168e-02
8.178141359116578024e-02 6.649864357180951258e-02 5.334427837188157606e-02 4.729003627842598423e-02 4.958734301223712004e-02 5.975347078761880648e-02 7.157962912252643917e-02 4.695564136477352324e-02 4.715033975511641329e-02 6.645993548214026991e-02
1.394663740647381356e-01 1.099032865884028154e-01 7.992154445916399563e-02 6.236237381983951444e-02 5.892686632664602409e-02 6.752619589156670654e-02 8.070165708159579565e-02 5.701833041773678168e-02 6.645993548214026991e-02 1.072578208843927849e-01
7.665381997123096869e-02 6.728626859498409996e-02 8.350813113005163546e-02 9.925208132771123903e-02 6.034575676498613039e-02 4.868628372028695195e-02 3.691870345636372175e-02 7.487702037477383943e-02 4.861611070625634912e-02 6.963465633140833444e-02
6.728626859498409996e-02 6.050902194489174435e-02 7.595022045163217495e-02 9.050835869938954337e-02 5.459339028699340679e-02 4.266621453872552344e-02 2.940531761814815098e-02 5.460982446040575644e-02 3.826695777772908674e-02 5.902418031489575778e-02
8.350813113005163546e-02 7.595022045163217495e-02 9.611900958822743035e-02 1.148454651301920593e-01 6.912500045896431689e-02 5.341134222066811627e-02 3.534095673583369929e-02 6.283223229222667516e-02 4.543343155417479268e-02 7.215951390263740384e-02
9.925208132771123903e-02 9.050835869938954337e-02 1.148454651301920593e-01 1.376058673379410013e-01 8.298083288894150811e-02 6.432198255516413665e-02 4.276356171727095645e-02 7.633582908742865547e-02 5.444972543229756323e-02 8.573461659708483951e-02
6.034575676498613039e-02 5.459339028699340679e-02 6.912500045896431689e-02 8.298083288894150811e-02 5.074266168963843110e-02 4.080779134364007771e-02 2.978031681818123222e-02 5.810311763823251818e-02 3.725503773762656873e-02 5.352207417588857041e-02
4.868628372028695195e-02 4.266621453872552344e-02 5.341134222066811627e-02 6.432198255516413665e-02 4.080779134364007771e-02 3.689750051192860342e-02 3.410028992565410783e-02 7.878895205564068194e-02 4.146822741219764741e-02 4.712867777887919801e-02
3.691870345636372175e-02 2.940531761814815098e-02 3.534095673583369929e-02 4.276356171727095645e-02 2.978031681818123222e-02 3.410028992565410783e-02 4.536772596244771638e-02 1.236367170989272346e-01 5.437612124532358038e-02 4.377931548614634460e-02
7.487702037477383943e-02 5.460982446040575644e-02 6.283223229222667516e-02 7.633582908742865547e-02 5.810311763823251818e-02 7.878895205564068194e-02 1.236367170989272346e-01 3.585220690964015522e-01 1.489488760040417192e-01 1.023763674250954131e-01
4.861611070625634912e-02 3.826695777772908674e-02 4.543343155417479268e-02 5.444972543229756323e-02 3.725503773762656873e-02 4.146822741219764741e-02 5.437612124532358038e-02 1.489488760040417192e-01 6.837865716777689895e-02 5.743564340518573369e-02
6.963465633140833444e-02 5.902418031489575778e-02 7.215951390263740384e-02 8.573461659708483951e-02 5.352207417588857041e-02 4.712867777887919801e-02 4.377931548614634460e-02 1.023763674250954131e-01 5.743564340518573369e-02 6.920366672951558384e-02
1.443245300567936040e-01 1.059723572407831466e-01 7.182300009782946471e-02 1.256130116151599196e-01 8.307185801635150191e-02 6.773271161715699318e-02 8.063518126368082739e-02 1.095897341423702348e-01 1.050900590250475608e-01 8.445879540072054326e-02
1.059723572407831466e-01 8.104240417901617533e-02 5.746438062069384595e-02 1.035564148932058282e-01 6.776250905655359369e-02 5.301365781946137251e-02 5.965314404486025956e-02 7.799383581779395502e-02 7.409513229889444497e-02 6.073775581354651926e-02
7.182300009782946471e-02 5.746438062069384595e-02 4.484524192745532878e-02 8.576813086631887573e-02 5.607091697150888565e-02 4.247754440981676288e-02 4.509436770510419357e-02 5.581487692686158686e-02 5.100966996990743962e-02 4.113637437069220248e-02
1.256130116151599196e-01 1.035564148932058282e-01 8.576813086631887573e-02 1.709435591930856257e-01 1.120376217004276365e-01 8.381884874403300323e-02 8.649096992830232478e-02 1.036193638812682449e-01 9.181093710455892620e-02 7.241238082328989301e-02
8.307185801635150191e-02 6.776250905655359369e-02 5.607091697150888565e-02 1.120376217004276365e-01 7.542438456020150728e-02 5.886535394690416145e-02 6.361251193018731265e-02 7.798402561036404945e-02 6.769171788951491853e-02 5.013119064272077846e-02
6.773271161715699318e-02 5.301365781946137251e-02 4.247754440981676288e-02 8.381884874403300323e-02 5.886535394690416145e-02 5.128873951805450193e-02 6.183010592828138557e-02 8.018263857469266898e-02 6.804024004184076879e-02 4.511261250626337482e-02
8.063518126368082739e-02 5.965314404486025956e-02 4.509436770510419357e-02 8.649096992830232478e-02 6.361251193018731265e-02 6.183010592828138557e-02 8.429546453795050409e-02 1.157598817391261858e-01 9.734024728989268405e-02 5.917913363817967759e-02
1.095897341423702348e-01 7.799383581779395502e-02 5.581487692686158686e-02 1.036193638812682449e-01 7.798402561036404945e-02 8.018263857469266898e-02 1.157598817391261858e-01 1.670429294581427526e-01 1.416709444761820591e-01 8.374692622579378576e-02
1.050900590250475608e-01 7.409513229889444497e-02 5.100966996990743962e-02 9.181093710455892620e-02 6.769171788951491853e-02 6.804024004184076879e-02 9.734024728989268405e-02 1.416709444761820591e-01 1.256902220461920405e-01 7.743062246372779678e-02
8.445879540072054326e-02 6.073775581354651926e-02 4.113637437069220248e-02 7.241238082328989301e-02 5.013119064272077846e-02 4.511261250626337482e-02 5.917913363817967759e-02 8.374692622579378576e-02 7.743062246372779678e-02 5.510252452310803600e-02
1.445295470431056106e-01 1.036029675819971907e-01 6.899511134815805580e-02 4.513592080437041354e-02 3.442298410358841931e-02 4.479836127987664451e-02 8.267479369005581447e-02 1.039410860879854404e-01 1.045286566590591659e-01 1.698934516068420220e-01
1.036029675819971907e-01 7.723666803312645435e-02 5.246843365315495555e-02 3.489765098002058086e-02 2.722157926451396898e-02 3.628614582215733408e-02 6.795516213185456844e-02 8.467247951372058878e-02 7.791812078758003635e-02 1.193523576946139975e-01
6.899511134815805580e-02 5.246843365315495555e-02 3.652959751999736854e-02 2.484525808410530112e-02 1.998877750490918662e-02 2.751220978579228815e-02 5.257247077544147801e-02 6.557556134396487491e-02 5.569595417684973515e-02 7.943379676602593809e-02
4.513592080437041354e-02 3.489765098002058086e-02 2.484525808410530112e-02 1.738867367956235810e-02 1.453419483240284485e-02 2.076471270030317423e-02 4.058776941646565634e-02 5.087534949058335199e-02 3.996887449908121531e-02 5.234847167491879505e-02
3.442298410358841931e-02 2.722157926451396898e-02 1.998877750490918662e-02 1.453419483240284485e-02 1.282944429003066156e-02 1.925207447182021581e-02 3.870766836412053297e-02 4.889814763823693150e-02 3.504433031623400974e-02 4.056716430009380675e-02
4.479836127987664451e-02 3.628614582215733408e-02 2.751220978579228815e-02 2.076471270030317423e-02 1.925207447182021581e-02 3.018490818510367879e-02 6.214595416277950146e-02 7.908497899148483889e-02 5.263804265594043685e-02 5.386764052095208144e-02
8.267479369005581447e-02 6.795516213185456844e-02 5.257247077544147801e-02 4.058776941646565634e-02 3.870766836412053297e-02 6.214595416277950146e-02 1.300160416409729403e-01 1.665776519312215376e-01 1.067079253293019003e-01 1.011008092917296680e-01
1.039410860879854404e-01 8.467247951372058878e-02 6.557556134396487491e-02 5.087534949058335199e-02 4.889814763823693150e-02 7.908497899148483889e-02 1.665776519312215376e-01 2.201958793005958093e-01 1.414933167733417041e-01 1.307583894495126520e-01
1.045286566590591659e-01 7.791812078758003635e-02 5.569595417684973515e-02 3.996887449908121531e-02 3.504433031623400974e-02 5.263804265594043685e-02 1.067079253293019003e-01 1.414933167733417041e-01 1.148868539534608074e-01 1.347037198923716761e-01
1.698934516068420220e-01 1.193523576946139975e-01 7.943379676602593809e-02 5.234847167491879505e-02 4.056716430009380675e-02 5.386764052095208144e-02 1.011008092917296680e-01 1.307583894495126520e-01 1.347037198923716761e-01 2.162023863540442903e-01
1.538848097058830577e-01 1.406680367074862881e-01 1.316242423370640180e-01 1.070148302026298487e-01 7.716124414700013812e-02 7.105228259022405846e-02 8.013426710220745985e-02 9.979744915187033216e-02 7.507882411446022142e-02 9.377992676323529397e-02
1.406680367074862881e-01 1.467773514473889596e-01 1.488632721147640225e-01 1.173799099663711126e-01 7.862069841496659162e-02 6.728493689744330375e-02 7.250876723375379584e-02 8.852181625237265372e-02 6.639862322237705117e-02 8.360426880477536682e-02
1.316242423370640180e-01 1.488632721147640225e-01 1.828922924223291280e-01 1.491401805801267078e-01 9.586175377402292308e-02 7.699739668498964407e-02 7.865509345434970601e-02 9.273924912057318615e-02 6.688780061694923895e-02 8.003919244260571109e-02
1.070148302026298487e-01 1.173799099663711126e-01 1.491401805801267078e-01 1.358828173197119404e-01 9.069869200775779183e-02 7.412116333901193344e-02 7.582870288900855904e-02 8.858219153837909587e-02 6.166331843276884328e-02 6.907008969937761256e-02
7.716124414700013812e-02 7.862069841496659162e-02 9.586175377402292308e-02 9.069869200775779183e-02 6.526660995976291124e-02 5.630521914692549618e-02 5.934642781576002224e-02 6.999469833972582489e-02 4.812793726689296170e-02 5.209688252023038368e-02
7.105228259022405846e-02 6.728493689744330375e-02 7.699739668498964407e-02 7.412116333901193344e-02 5.630521914692549618e-02 5.171878086729371493e-02 5.642015474291509763e-02 6.745926208970856597e-02 4.628518535995825023e-02 4.934880352190791630e-02
8.013426710220745985e-02 7.250876723375379584e-02 7.865509345434970601e-02 7.582870288900855904e-02 5.934642781576002224e-02 5.642015474291509763e-02 6.328037064535098344e-02 7.657640532752668650e-02 5.273165466754570208e-02 5.618899108453600383e-02
9.979744915187033216e-02 8.852181625237265372e-02 9.273924912057318615e-02 8.858219153837909587e-02 6.999469833972582489e-02 6.745926208970856597e-02 7.657640532752668650e-02 9.362119598803433917e-02 6.491513808722267076e-02 6.975105258034279554e-02
7.507882411446022142e-02 6.639862322237705117e-02 6.688780061694923895e-02 6.166331843276884328e-02 4.812793726689296170e-02 4.628518535995825023e-02 5.273165466754570208e-02 6.491513808722267076e-02 4.600993220522725524e-02 5.110868494198186895e-02
9.377992676323529397e-02 8.360426880477536682e-02 8.003919244260571109e-02 6.907008969937761256e-02 5.209688252023038368e-02 4.934880352190791630e-02 5.618899108453600383e-02 6.975105258034279554e-02 5.110868494198186895e-02 6.066583943901768944e-02
2.597565199852055473e-01 1.712517678894663886e-01 1.030471398319569853e-01 9.501639105543202568e-02 6.703627744011961265e-02 6.577698779280982677e-02 5.450735352197239036e-02 1.023244365269719985e-01 1.373938406629220121e-01 1.594696382792719080e-01
1.712517678894663886e-01 1.262180996131828103e-01 8.012109830390259924e-02 7.613946718037706285e-02 5.399981983450641287e-02 5.287681118699982807e-02 4.326327338551995416e-02 7.987983204499003731e-02 1.029313283519904532e-01 1.091699836120699763e-01
1.030471398319569853e-01 8.012109830390259924e-02 5.605031088420107249e-02 5.659811400049658686e-02 4.109615095165297660e-02 4.086839636882598492e-02 3.376835458683040414e-02 6.265014527980283798e-02 7.859655970467688268e-02 7.324387691439157577e-02
9.501639105543202568e-02 7.613946718037706285e-02 5.659811400049658686e-02 6.021839397857886578e-02 4.463270040566656022e-02 4.503466776868066124e-02 3.766092194254420933e-02 7.047374247115001378e-02 8.743983061109833477e-02 7.459768008081399393e-02
6.703627744011961265e-02 5.399981983450641287e-02 4.109615095165297660e-02 4.463270040566656022e-02 3.360617467506579747e-02 3.431761942492547734e-02 2.904035943157995056e-02 5.487263920166055714e-02 6.811964241459969593e-02 5.584961211342476251e-02
6.577698779280982677e-02 5.287681118699982807e-02 4.086839636882598492e-02 4.503466776868066124e-02 3.431761942492547734e-02 3.548637694621353117e-02 3.042212341199063141e-02 5.811246168893622471e-02 7.241377766359696766e-02 5.770354177737486989e-02
5.450735352197239036e-02 4.326327338551995416e-02 3.376835458683040414e-02 3.766092194254420933e-02 2.904035943157995056e-02 3.042212341199063141e-02 2.660400353339290730e-02 5.168049017290712865e-02 6.500795930629081620e-02 5.058751895114002584e-02
1.023244365269719985e-01 7.987983204499003731e-02 6.265014527980283798e-02 7.047374247115001378e-02 5.487263920166055714e-02 5.811246168893622471e-02 5.168049017290712865e-02 1.021109440083972641e-01 1.298176620425014471e-01 9.946388421365115473e-02
1.373938406629220121e-01 1.029313283519904532e-01 7.859655970467688268e-02 8.743983061109833477e-02 6.811964241459969593e-02 7.241377766359696766e-02 6.500795930629081620e-02 1.298176620425014471e-01 1.704873225331067776e-01 1.336946788138437259e-01
1.594696382792719080e-01 1.091699836120699763e-01 7.324387691439157577e-02 7.459768008081399393e-02 5.584961211342476251e-02 5.770354177737486989e-02 5.058751895114002584e-02 9.946388421365115473e-02 1.336946788138437259e-01 1.294618538426555165e-01
1.252175079102137989e-01 1.026026412891518913e-01 9.763622164065867415e-02 9.054745265914547481e-02 5.540362888441087430e-02 5.780949010380923708e-02 6.940000425533524031e-02 1.022749221069008951e-01 8.230761642568899805e-02 1.460327160178371830e-01
1.026026412891518913e-01 9.737995160491866309e-02 1.004138928783898099e-01 9.463236192826125770e-02 5.636785231080942982e-02 5.580478143628719856e-02 6.314971175993261410e-02 8.822272334559760898e-02 6.615886150970688717e-02 1.118174407735377102e-01
9.763622164065867415e-02 1.004138928783898099e-01 1.129887434221790166e-01 1.094033397440691280e-01 6.500250924514619499e-02 6.342397735271690373e-02 6.998456004861788871e-02 9.466034702262740574e-02 6.574054557354924722e-02 1.034885659781812350e-01
9.054745265914547481e-02 9.463236192826125770e-02 1.094033397440691280e-01 1.091440777367757853e-01 6.568733017918514105e-02 6.493809856977922346e-02 7.208766193538709843e-02 9.718023456656749159e-02 6.478418969574692432e-02 9.706355595966213723e-02
5.540362888441087430e-02 5.636785231080942982e-02 6.500250924514619499e-02 6.568733017918514105e-02 4.072841293029733079e-02 4.178504126347180880e-02 4.774874848993039544e-02 6.540574989889261226e-02 4.276561504742278086e-02 6.190687080957500699e-02
5.780949010380923708e-02 5.580478143628719856e-02 6.342397735271690373e-02 6.493809856977922346e-02 4.178504126347180880e-02 4.542420663578732032e-02 5.421455909889844049e-02 7.614459866600417626e-02 4.908108062927998838e-02 6.869942347691287976e-02
6.940000425533524031e-02 6.314971175993261410e-02 6.998456004861788871e-02 7.208766193538709843e-02 4.774874848993039544e-02 5.421455909889844049e-02 6.762882765721553446e-02 9.750837273872639543e-02 6.287838441834478487e-02 8.690001051296017409e-02
1.022749221069008951e-01 8.822272334559760898e-02 9.466034702262740574e-02 9.718023456656749159e-02 6.540574989889261226e-02 7.614459866600417626e-02 9.750837273872639543e-02 1.446837139563747487e-01 9.479535028608783442e-02 1.323913316164733178e-01
8.230761642568899805e-02 6.615886150970688717e-02 6.574054557354924722e-02 6.478418969574692432e-02 4.276561504742278086e-02 4.908108062927998838e-02 6.287838441834478487e-02 9.479535028608783442e-02 6.906493158849624781e-02 1.070133333876283344e-01
1.460327160178371830e-01 1.118174407735377102e-01 1.034885659781812350e-01 9.706355595966213723e-02 6.190687080957500699e-02 6.869942347691287976e-02 8.690001051296017409e-02 1.323913316164733178e-01 1.070133333876283344e-01 1.877396265577415957e-01
1.089291012301492334e-01 1.045298363566734001e-01 1.204636344250321345e-01 6.719250149260094784e-02 8.045847629025000558e-02 8.156271553097554916e-02 6.623906892308055461e-02 5.774118494664302187e-02 7.266890027938063823e-02 1.094844335867600493e-01
1.045298363566734001e-01 1.123471773606396218e-01 1.377879465349211852e-01 7.425054751843601641e-02 8.333240836187719158e-02 8.060244287121029472e-02 6.333283214752724599e-02 5.361768943332512888e-02 6.626068979199693787e-02 1.000651342253515985e-01
1.204636344250321345e-01 1.377879465349211852e-01 1.840732773831895153e-01 1.003287570298679182e-01 1.124074325047889900e-01 1.062593411403988386e-01 8.062957725693278843e-02 6.500336611265973563e-02 7.665252441674520745e-02 1.132755761080734558e-01
6.719250149260094784e-02 7.425054751843601641e-02 1.003287570298679182e-01 6.214288219438646177e-02 7.947377911860731281e-02 7.782144005519545105e-02 5.804846707094284131e-02 4.423818025262310494e-02 4.823613404568949381e-02 6.685100776698907343e-02
8.045847629025000558e-02 8.333240836187719158e-02 1.124074325047889900e-01 7.947377911860731281e-02 1.181022877446570862e-01 1.201504980785950139e-01 8.898780586185489616e-02 6.518094274278243838e-02 6.652588997393410475e-02 8.633364737863316596e-02
8.156271553097554916e-02 8.060244287121029472e-02 1.062593411403988386e-01 7.782144005519545105e-02 1.201504980785950139e-01 1.263674645825318965e-01 9.455235129944662698e-02 6.940539356624285394e-02 7.048169393417585971e-02 9.033976606718713276e-02
6.623906892308055461e-02 6.333283214752724599e-02 8.062957725693278843e-02 5.804846707094284131e-02 8.898780586185489616e-02 9.455235129944662698e-02 7.241618161189011804e-02 5.445285725274492949e-02 5.673427677610087816e-02 7.384380273198459799e-02
5.774118494664302187e-02 5.361768943332512888e-02 6.500336611265973563e-02 4.423818025262310494e-02 6.518094274278243838e-02 6.940539356624285394e-02 5.445285725274492949e-02 4.304949777364124042e-02 4.734922881955874047e-02 6.388811392898630093e-02
7.266890027938063823e-02 6.626068979199693787e-02 7.665252441674520745e-02 4.823613404568949381e-02 6.652588997393410475e-02 7.048169393417585971e-02 5.673427677610087816e-02 4.734922881955874047e-02 5.599062561350505451e-02 7.908753503979570887e-02
1.094844335867600493e-01 1.000651342253515985e-01 1.132755761080734558e-01 6.685100776698907343e-02 8.633364737863316596e-02 9.033976606718713276e-02 7.384380273198459799e-02 6.388811392898630093e-02 7.908753503979570887e-02 1.165815045054100774e-01
1.193009546811436422e-01 1.237191970633159388e-01 8.962470429726054899e-02 7.407680921769727034e-02 8.378002152830145433e-02 7.861199594335947782e-02 7.270472421171401967e-02 8.959365956617507121e-02 9.337217838271055781e-02 8.974386503222725464e-02
1.237191970633159388e-01 1.335732278666248440e-01 9.835542554994895770e-02 8.176984083080218735e-02 9.185209450875592152e-02 8.406067982434388408e-02 7.464677477030554065e-02 8.894731471972729120e-02 9.215405374347983292e-02 9.039008434241255219e-02
8.962470429726054899e-02 9.835542554994895770e-02 7.631665957196184791e-02 6.705583371684600835e-02 7.832189601004796442e-02 7.199086145998891129e-02 6.203337584137116889e-02 7.052493300853678038e-02 6.983239630123702635e-02 6.624604225504451827e-02
7.407680921769727034e-02 8.176984083080218735e-02 6.705583371684600835e-02 6.521259519428798668e-02 8.169573689035038166e-02 7.685582001033625099e-02 6.508028318545659718e-02 7.052540232238282969e-02 6.513253589992153147e-02 5.727306722755379220e-02
8.378002152830145433e-02 9.185209450875592152e-02 7.832189601004796442e-02 8.169573689035038166e-02 1.098034696105367469e-01 1.063598926521802934e-01 9.028520622685967667e-02 9.574789873710035093e-02 8.403673158674299093e-02 6.857908227757980590e-02
7.861199594335947782e-02 8.406067982434388408e-02 7.199086145998891129e-02 7.685582001033625099e-02 1.063598926521802934e-01 1.079980452232871674e-01 9.455569795701937452e-02 1.016740908588308623e-01 8.767261824481260846e-02 6.796816224393267825e-02
7.270472421171401967e-02 7.464677477030554065e-02 6.203337584137116889e-02 6.508028318545659718e-02 9.028520622685967667e-02 9.455569795701937452e-02 8.869251817449666508e-02 1.000768739401947383e-01 8.721378164818006928e-02 6.581057500579651220e-02
8.959365956617507121e-02 8.894731471972729120e-02 7.052493300853678038e-02 7.052540232238282969e-02 9.574789873710035093e-02 1.016740908588308623e-01 1.000768739401947383e-01 1.210219362329311155e-01 1.088036023971475780e-01 8.241985938484082397e-02
9.337217838271055781e-02 9.215405374347983292e-02 6.983239630123702635e-02 6.513253589992153147e-02 8.403673158674299093e-02 8.767261824481260846e-02 8.721378164818006928e-02 1.088036023971475780e-01 1.043476488948959641e-01 8.308630907423489309e-02
8.974386503222725464e-02 9.039008434241255219e-02 6.624604225504451827e-02 5.727306722755379220e-02 6.857908227757980590e-02 6.796816224393267825e-02 6.581057500579651220e-02 8.241985938484082397e-02 8.308630907423489309e-02 7.373294454983406188e-02
