3.902143128904526082e-01 3.082793408201568441e-01 8.833414401538020044e-02 -7.495026368861668065e-02 -9.648348691667286980e-02 -2.447126287982906174e-03 9.467850380251048581e-02 7.049695494023748565e-02 -9.788993148680698309e-02 -3.012653013852543138e-01
3.082793408201568441e-01 4.410305747966409284e-01 3.131934214765284552e-01 9.488826947717778071e-02 -7.244363137578686829e-02 -1.006749065635443724e-01 -1.261167107659889701e-02 9.331661525181197958e-02 7.970106161677648071e-02 -8.592198673613074544e-02
8.833414401538020044e-02 3.131934214765284552e-01 3.881313979278462889e-01 2.925437358930387255e-01 1.079930964028189000e-01 -5.313587874182227472e-02 -9.993330698493214925e-02 -1.388789928249424890e-02 9.285507986271122893e-02 8.252175911264195141e-02
-7.495026368861668065e-02 9.488826947717778071e-02 2.925437358930387255e-01 3.862959712075911822e-01 3.072639094039382179e-01 1.146019135728558735e-01 -5.914049502211914805e-02 -1.020138208659312207e-01 -7.772701926244057063e-03 9.717552628216868937e-02
-9.648348691667286980e-02 -7.244363137578686829e-02 1.079930964028189000e-01 3.072639094039382179e-01 3.936170727392679924e-01 2.947152238683051761e-01 1.061690152067031045e-01 -6.600200705166277271e-02 -9.791248944446814817e-02 -2.995457544258279484e-03
-2.447126287982906174e-03 -1.006749065635443724e-01 -5.313587874182227472e-02 1.146019135728558735e-01 2.947152238683051761e-01 3.682665237836586503e-01 2.980139249601210794e-01 1.024724719728934558e-01 -6.962074595873218863e-02 -9.934523516637623619e-02
9.467850380251048581e-02 -1.261167107659889701e-02 -9.993330698493214925e-02 -5.914049502211914805e-02 1.061690152067031045e-01 2.980139249601210794e-01 4.106855180095415614e-01 3.132634259878289140e-01 9.100342769001504295e-02 -8.217191674396115419e-02
7.049695494023748565e-02 9.331661525181197958e-02 -1.388789928249424890e-02 -1.020138208659312207e-01 -6.600200705166277271e-02 1.024724719728934558e-01 3.132634259878289140e-01 4.081317090405228720e-01 2.991054762097331565e-01 9.329142175943523629e-02
-9.788993148680698309e-02 7.970106161677648071e-02 9.285507986271122893e-02 -7.772701926244057063e-03 -9.791248944446814817e-02 -6.962074595873218863e-02 9.100342769001504295e-02 2.991054762097331565e-01 3.983167283796547053e-01 3.112102261706042872e-01
-3.012653013852543138e-01 -8.592198673613074544e-02 8.252175911264195141e-02 9.717552628216868937e-02 -2.995457544258279484e-03 -9.934523516637623619e-02 -8.217191674396115419e-02 9.329142175943523629e-02 3.112102261706042872e-01 4.153101912248252647e-01
3.661383381511578161e-01 2.878175278560050621e-01 1.030261008217877999e-01 -7.210612211796976756e-02 -9.987646118897511305e-02 -1.078873879972466147e-03 9.972597635807471661e-02 8.042403216925905762e-02 -9.898722401985704522e-02 -3.025661144151504667e-01
2.878175278560050621e-01 3.757993583495692347e-01 3.070469826936992330e-01 9.212908059824310991e-02 -7.381469872995682913e-02 -9.560042997506398854e-02 1.356184061637987805e-02 1.039625616504129130e-01 5.638761677052045451e-02 -1.200112358573392768e-01
1.030261008217877999e-01 3.070469826936992330e-01 4.361600366025638054e-01 3.152721670408633603e-01 9.208259691939767178e-02 -8.045104130353419869e-02 -9.138567045147948098e-02 2.546396488291632204e-03 9.299868337880359825e-02 5.802726241859579998e-02
-7.210612211796976756e-02 9.212908059824310991e-02 3.152721670408633603e-01 3.968981432090334938e-01 2.914698901641439854e-01 9.679452002373205299e-02 -6.978906874798090909e-02 -1.022077489274341860e-01 -2.997663792900567489e-04 1.027407874837479723e-01
-9.987646118897511305e-02 -7.381469872995682913e-02 9.208259691939767178e-02 2.914698901641439854e-01 3.853667322804646411e-01 3.143095181146652872e-01 9.462560781329204529e-02 -7.441020087811696382e-02 -9.299093307542194431e-02 1.361556669895344802e-02
-1.078873879972466147e-03 -9.560042997506398854e-02 -8.045104130353419869e-02 9.679452002373205299e-02 3.143095181146652872e-01 4.377214987480837483e-01 3.036956083397420736e-01 9.768753389346940263e-02 -7.237902907665476337e-02 -9.470820329155668627e-02
9.972597635807471661e-02 1.356184061637987805e-02 -9.138567045147948098e-02 -6.978906874798090909e-02 9.462560781329204529e-02 3.036956083397420736e-01 3.695214496897595291e-01 2.957086732774233395e-01 9.943175324386183123e-02 -7.397355206432575103e-02
8.042403216925905762e-02 1.039625616504129130e-01 2.546396488291632204e-03 -1.022077489274341860e-01 -7.441020087811696382e-02 9.768753389346940263e-02 2.957086732774233395e-01 4.110303980530811141e-01 3.133576230896216730e-01 8.587570834684027377e-02
-9.898722401985704522e-02 5.638761677052045451e-02 9.299868337880359825e-02 -2.997663792900567489e-04 -9.299093307542194431e-02 -7.237902907665476337e-02 9.943175324386183123e-02 3.133576230896216730e-01 4.154995382600822906e-01 3.051777217413272902e-01
-3.025661144151504667e-01 -1.200112358573392768e-01 5.802726241859579998e-02 1.027407874837479723e-01 1.361556669895344802e-02 -9.470820329155668627e-02 -7.397355206432575103e-02 8.587570834684027377e-02 3.051777217413272902e-01 4.058645066562105441e-01
4.177563030507839836e-01 3.070352475332911446e-01 1.081845788546226816e-01 -6.468907896601516772e-02 -1.019257335258560437e-01 -4.794529815241246537e-03 9.895624051088072748e-02 7.149201747620032021e-02 -9.678649696281699244e-02 -3.035624458949481852e-01
3.070352475332911446e-01 3.788211453107174775e-01 2.942036639224333561e-01 1.040164894332011036e-01 -6.699993246440362482e-02 -9.641893116779923223e-02 -3.225974465713976440e-03 9.512098390324331965e-02 7.361062143898693122e-02 -9.814847039007351670e-02
1.081845788546226816e-01 2.942036639224333561e-01 3.877562854343442611e-01 3.043159101604697714e-01 9.965396096427053818e-02 -7.286908889835669312e-02 -1.011117119208713860e-01 6.055107619165624698e-03 1.044482150468798304e-01 6.446927500627290530e-02
-6.468907896601516772e-02 1.040164894332011036e-01 3.043159101604697714e-01 4.060453417267237408e-01 3.090790843579347968e-01 9.244553798419448409e-02 -7.716604547801322878e-02 -9.144582824399827281e-02 6.995104820786262993e-03 9.518591963113268162e-02
-1.019257335258560437e-01 -6.699993246440362482e-02 9.965396096427053818e-02 3.090790843579347968e-01 4.090471867910051018e-01 3.006838159920564024e-01 9.728492870170385443e-02 -7.240137544627536781e-02 -1.004815225172876053e-01 1.817561581926057778e-03
-4.794529815241246537e-03 -9.641893116779923223e-02 -7.286908889835669312e-02 9.244553798419448409e-02 3.006838159920564024e-01 3.914333782394045502e-01 3.084904725239018264e-01 9.390414544081612802e-02 -7.661059215552784574e-02 -9.405077033698545919e-02
9.895624051088072748e-02 -3.225974465713976440e-03 -1.011117119208713860e-01 -7.716604547801322878e-02 9.728492870170385443e-02 3.084904725239018264e-01 4.198793748061873110e-01 3.040502404499197953e-01 9.519985623780127804e-02 -7.202764262938024520e-02
7.149201747620032021e-02 9.512098390324331965e-02 6.055107619165624698e-03 -9.144582824399827281e-02 -7.240137544627536781e-02 9.390414544081612802e-02 3.040502404499197953e-01 3.895231952688124610e-01 3.050420177875644012e-01 9.904552898332068256e-02
-9.678649696281699244e-02 7.361062143898693122e-02 1.044482150468798304e-01 6.995104820786262993e-03 -1.004815225172876053e-01 -7.661059215552784574e-02 9.519985623780127804e-02 3.050420177875644012e-01 4.133231271693371678e-01 3.040048869326711922e-01
-3.035624458949481852e-01 -9.814847039007351670e-02 6.446927500627290530e-02 9.518591963113268162e-02 1.817561581926057778e-03 -9.405077033698545919e-02 -7.202764262938024520e-02 9.904552898332068256e-02 3.040048869326711922e-01 3.864146622026845002e-01
3.784800771918905848e-01 2.992728987141748398e-01 1.019956473703405586e-01 -6.822089777503675956e-02 -9.949969769223346305e-02 -8.950164888403087243e-03 9.390188829173641560e-02 8.254766249934526734e-02 -8.327235244050387730e-02 -3.037723172257222881e-01
2.992728987141748398e-01 4.080041883703040551e-01 3.089729113064635380e-01 9.709511484557414862e-02 -7.270833869772412583e-02 -1.015165129015634798e-01 -6.560915803501678016e-03 9.684897392487706869e-02 8.157047874867290327e-02 -9.617882441020597639e-02
1.019956473703405586e-01 3.089729113064635380e-01 3.987984863305042982e-01 3.010665371735979923e-01 1.014880418414990382e-01 -6.235240818735646173e-02 -9.801318139696599263e-02 -1.147455368472733231e-02 9.107713073165529805e-02 7.104738238202092104e-02
-6.822089777503675956e-02 9.709511484557414862e-02 3.010665371735979923e-01 3.976090950762111165e-01 3.040515930305473513e-01 1.090099825697303376e-01 -6.302066562681307715e-02 -1.036480110303996394e-01 -1.215562226929201711e-02 9.780417419979925420e-02
-9.949969769223346305e-02 -7.270833869772412583e-02 1.014880418414990382e-01 3.040515930305473513e-01 3.878940837161446997e-01 2.983419584069180175e-01 1.049200649469009122e-01 -6.278750702422909724e-02 -9.810000567567588037e-02 3.405270571449161600e-03
-8.950164888403087243e-03 -1.015165129015634798e-01 -6.235240818735646173e-02 1.090099825697303376e-01 2.983419584069180175e-01 3.870027289554077154e-01 3.019465663044557657e-01 1.076427790089351799e-01 -6.498986626666472532e-02 -9.588523868300218023e-02
9.390188829173641560e-02 -6.560915803501678016e-03 -9.801318139696599263e-02 -6.302066562681307715e-02 1.049200649469009122e-01 3.019465663044557657e-01 3.959415947200618513e-01 3.035671267534375550e-01 9.844451249481636634e-02 -8.200460840070085411e-02
8.254766249934526734e-02 9.684897392487706869e-02 -1.147455368472733231e-02 -1.036480110303996394e-01 -6.278750702422909724e-02 1.076427790089351799e-01 3.035671267534375550e-01 3.915533397379264979e-01 3.010041492778446348e-01 8.303271090488260897e-02
-8.327235244050387730e-02 8.157047874867290327e-02 9.107713073165529805e-02 -1.215562226929201711e-02 -9.810000567567588037e-02 -6.498986626666472532e-02 9.844451249481636634e-02 3.010041492778446348e-01 4.170778783800668243e-01 3.174008593978162596e-01
-3.037723172257222881e-01 -9.617882441020597639e-02 7.104738238202092104e-02 9.780417419979925420e-02 3.405270571449161600e-03 -9.588523868300218023e-02 -8.200460840070085411e-02 8.303271090488260897e-02 3.174008593978162596e-01 4.376385275214776938e-01
4.323381418503149942e-01 2.973350143841904103e-01 1.121819907673921590e-01 -6.325350523337773534e-02 -1.026103496699089651e-01 -1.238501205725655099e-02 9.594280555819775791e-02 8.913612334332932097e-02 -7.851313152259097039e-02 -3.162361362274220822e-01
2.973350143841904103e-01 3.401084839684630490e-01 2.846983087819862646e-01 1.051359897713683711e-01 -6.332559204651309892e-02 -9.828802943056404173e-02 -4.868920571325884711e-03 9.552781740394958310e-02 7.690299503738630416e-02 -9.969261212183405663e-02
1.121819907673921590e-01 2.846983087819862646e-01 4.052855404255559790e-01 3.188629447042158338e-01 9.497526415401161271e-02 -8.034304184163162943e-02 -1.001382791724634153e-01 2.869967713527342423e-03 1.008301031808026271e-01 6.184234716481028932e-02
-6.325350523337773534e-02 1.051359897713683711e-01 3.188629447042158338e-01 4.173708376587508262e-01 2.989431717931099741e-01 9.267383936395445776e-02 -6.920014694824430657e-02 -9.417550249473835566e-02 -3.102909310094441927e-03 9.296508612632863044e-02
-1.026103496699089651e-01 -6.332559204651309892e-02 9.497526415401161271e-02 2.989431717931099741e-01 3.873978300198352986e-01 3.040242575241230982e-01 1.062393121919499861e-01 -6.490300337904922334e-02 -1.026145719942063994e-01 2.019918134726908987e-04
-1.238501205725655099e-02 -9.828802943056404173e-02 -8.034304184163162943e-02 9.267383936395445776e-02 3.040242575241230982e-01 4.078742200015975650e-01 3.073511357816725575e-01 9.874166696486996742e-02 -7.290390725312660691e-02 -9.262199188945782757e-02
9.594280555819775791e-02 -4.868920571325884711e-03 -1.001382791724634153e-01 -6.920014694824430657e-02 1.062393121919499861e-01 3.073511357816725575e-01 3.898446025524524572e-01 2.948341108363885521e-01 1.023052833325791972e-01 -6.886511207933568302e-02
8.913612334332932097e-02 9.552781740394958310e-02 2.869967713527342423e-03 -9.417550249473835566e-02 -6.490300337904922334e-02 9.874166696486996742e-02 2.948341108363885521e-01 3.911786429222567363e-01 3.117047281562604910e-01 9.055925568698452999e-02
-7.851313152259097039e-02 7.690299503738630416e-02 1.008301031808026271e-01 -3.102909310094441927e-03 -1.026145719942063994e-01 -7.290390725312660691e-02 1.023052833325791972e-01 3.117047281562604910e-01 4.202570263022566421e-01 3.026504794929589792e-01
-3.162361362274220822e-01 -9.969261212183405663e-02 6.184234716481028932e-02 9.296508612632863044e-02 2.019918134726908987e-04 -9.262199188945782757e-02 -6.886511207933568302e-02 9.055925568698452999e-02 3.026504794929589792e-01 4.083446742985107347e-01
3.741434481656137345e-01 3.059347233300991342e-01 1.009672053500147854e-01 -7.286961660508738114e-02 -9.812323410860189499e-02 -1.067102745098159932e-03 9.734703902503326345e-02 6.781901438786078207e-02 -9.505233276412580756e-02 -2.942839249026056869e-01
3.059347233300991342e-01 4.251912957827655992e-01 3.084972313344602757e-01 8.991033469129658395e-02 -7.930172462921036836e-02 -9.797980054308563780e-02 1.680421404655601213e-03 9.865566237984157993e-02 7.860576607800778826e-02 -9.719453048349679936e-02
1.009672053500147854e-01 3.084972313344602757e-01 3.887370787317298571e-01 2.992510436495771642e-01 9.873422868796347118e-02 -6.373644688870021280e-02 -9.677928095301768785e-02 -3.071612598171048758e-03 9.486549256277379549e-02 6.822565214471426609e-02
-7.286961660508738114e-02 8.991033469129658395e-02 2.992510436495771642e-01 4.139835884360726914e-01 3.129938646691104442e-01 1.029089468960721065e-01 -7.332844712869246440e-02 -1.006228803216758783e-01 -7.117963180103380715e-03 9.667378671231877107e-02
-9.812323410860189499e-02 -7.930172462921036836e-02 9.873422868796347118e-02 3.129938646691104442e-01 3.934598310724062298e-01 2.922216166614627353e-01 9.921602520249174495e-02 -6.428242298364361673e-02 -9.826151562120033489e-02 -7.239072596915231477e-04
-1.067102745098159932e-03 -9.797980054308563780e-02 -6.373644688870021280e-02 1.029089468960721065e-01 2.922216166614627353e-01 3.824258462912396572e-01 3.091947530117278298e-01 1.054593075298307786e-01 -6.671191256998695862e-02 -9.762410734490126196e-02
9.734703902503326345e-02 1.680421404655601213e-03 -9.677928095301768785e-02 -7.332844712869246440e-02 9.921602520249174495e-02 3.091947530117278298e-01 4.195994146531847324e-01 3.036325113555591315e-01 9.772206262129894128e-02 -7.681551047279150390e-02
6.781901438786078207e-02 9.865566237984157993e-02 -3.071612598171048758e-03 -1.006228803216758783e-01 -6.428242298364361673e-02 1.054593075298307786e-01 3.036325113555591315e-01 3.728762109525661783e-01 2.947195195605885054e-01 9.673901378943999818e-02
-9.505233276412580756e-02 7.860576607800778826e-02 9.486549256277379549e-02 -7.117963180103380715e-03 -9.826151562120033489e-02 -6.671191256998695862e-02 9.772206262129894128e-02 2.947195195605885054e-01 4.145826858770595424e-01 3.189331259949994002e-01
-2.942839249026056869e-01 -9.719453048349679936e-02 6.822565214471426609e-02 9.667378671231877107e-02 -7.239072596915231477e-04 -9.762410734490126196e-02 -7.681551047279150390e-02 9.673901378943999818e-02 3.189331259949994002e-01 4.150006000373711590e-01
4.060826108982127369e-01 3.033116503088432170e-01 9.580372596884853542e-02 -7.886486410351217780e-02 -8.635414643770859822e-02 1.705749210312308001e-02 9.713495758784979062e-02 5.542658319987790738e-02 -1.090596288147453324e-01 -3.091673385883152436e-01
3.033116503088432170e-01 3.944398304467160443e-01 3.017544266777943962e-01 8.692089829627891451e-02 -8.850636230847150343e-02 -9.608706537665634428e-02 1.320446541250587524e-02 1.047067396071513778e-01 6.196720082972393545e-02 -1.008172555335979936e-01
9.580372596884853542e-02 3.017544266777943962e-01 4.085413159265431915e-01 3.139840309634083781e-01 7.067458293622642940e-02 -9.079017691477234142e-02 -8.887927316855939730e-02 1.853938896388750840e-02 9.964869147301994023e-02 7.235452828468161290e-02
-7.886486410351217780e-02 8.692089829627891451e-02 3.139840309634083781e-01 4.471175646668322790e-01 3.116692914966587846e-01 8.603576885729365131e-02 -7.525541480092118318e-02 -9.539863581517832314e-02 -8.863970155609073032e-06 9.533150397593888326e-02
-8.635414643770859822e-02 -8.850636230847150343e-02 7.067458293622642940e-02 3.116692914966587846e-01 4.083244907362899578e-01 3.043280339037397475e-01 1.009621921529143124e-01 -6.915428724392308490e-02 -9.984394338257712720e-02 -2.175780891310246171e-02
1.705749210312308001e-02 -9.608706537665634428e-02 -9.079017691477234142e-02 8.603576885729365131e-02 3.043280339037397475e-01 3.946439063872798636e-01 2.990807671837142911e-01 1.026262530791623717e-01 -6.185209415814708206e-02 -1.060272515657914166e-01
9.713495758784979062e-02 1.320446541250587524e-02 -8.887927316855939730e-02 -7.525541480092118318e-02 1.009621921529143124e-01 2.990807671837142911e-01 3.904375339760719488e-01 3.074733971952702816e-01 1.089900506243856593e-01 -5.369069668833159614e-02
5.542658319987790738e-02 1.047067396071513778e-01 1.853938896388750840e-02 -9.539863581517832314e-02 -6.915428724392308490e-02 1.026262530791623717e-01 3.074733971952702816e-01 4.051967254222650361e-01 2.960139014260707024e-01 1.179712693074924934e-01
-1.090596288147453324e-01 6.196720082972393545e-02 9.964869147301994023e-02 -8.863970155609073032e-06 -9.984394338257712720e-02 -6.185209415814708206e-02 1.089900506243856593e-01 2.960139014260707024e-01 3.525835481748183509e-01 2.895814898335477006e-01
-3.091673385883152436e-01 -1.008172555335979936e-01 7.235452828468161290e-02 9.533150397593888326e-02 -2.175780891310246171e-02 -1.060272515657914166e-01 -5.369069668833159614e-02 1.179712693074924934e-01 2.895814898335477006e-01 3.926324733649683152e-01
4.188418978672278081e-01 3.085825925109442758e-01 9.356845516856884815e-02 -7.458251660914255732e-02 -9.868576605178838723e-02 -1.295973068490544359e-03 9.802907570481086963e-02 6.698975833575071537e-02 -9.546367729701628335e-02 -3.077204486092298685e-01
3.085825925109442758e-01 4.052346020084815481e-01 3.041624673317857575e-01 9.735762467800843090e-02 -7.007678114401427738e-02 -9.771193491307404722e-02 -1.061040132780706208e-03 9.716784441795994764e-02 7.996907044449863555e-02 -8.603518685441449709e-02
9.356845516856884815e-02 3.041624673317857575e-01 3.988915115219880403e-01 3.029703404176995463e-01 1.030670056172208748e-01 -6.544944241739543422e-02 -9.874138211885859218e-02 -2.442093774954396442e-04 9.840050839534481009e-02 7.961703297158045922e-02
-7.458251660914255732e-02 9.735762467800843090e-02 3.029703404176995463e-01 3.964479765630337660e-01 3.042752010661700091e-01 1.027018849015371577e-01 -7.148267410392089571e-02 -9.764102899544692404e-02 -7.376359062089538239e-03 9.294783831049899248e-02
-9.868576605178838723e-02 -7.007678114401427738e-02 1.030670056172208748e-01 3.042752010661700091e-01 3.941317063156507539e-01 2.995371829443443934e-01 9.687254192910760286e-02 -7.237074917110489225e-02 -1.026192396709652149e-01 -7.387324413483464282e-03
-1.295973068490544359e-03 -9.771193491307404722e-02 -6.544944241739543422e-02 1.027018849015371577e-01 2.995371829443443934e-01 3.947928625234563005e-01 3.088420069720853034e-01 9.638652588647586561e-02 -6.864473626466352507e-02 -9.736103477648913596e-02
9.802907570481086963e-02 -1.061040132780706208e-03 -9.874138211885859218e-02 -7.148267410392089571e-02 9.687254192910760286e-02 3.088420069720853034e-01 4.197098744309070151e-01 3.048847136302660354e-01 1.052702681538206786e-01 -6.364132942600418674e-02
6.698975833575071537e-02 9.716784441795994764e-02 -2.442093774954396442e-04 -9.764102899544692404e-02 -7.237074917110489225e-02 9.638652588647586561e-02 3.048847136302660354e-01 3.789558716122597426e-01 2.950938882108035677e-01 1.074067837141104431e-01
-9.546367729701628335e-02 7.996907044449863555e-02 9.840050839534481009e-02 -7.376359062089538239e-03 -1.026192396709652149e-01 -6.864473626466352507e-02 1.052702681538206786e-01 2.950938882108035677e-01 3.876391664289596806e-01 3.045885664592453690e-01
-3.077204486092298685e-01 -8.603518685441449709e-02 7.961703297158045922e-02 9.294783831049899248e-02 -7.387324413483464282e-03 -9.736103477648913596e-02 -6.364132942600418674e-02 1.074067837141104431e-01 3.045885664592453690e-01 4.053545307280360666e-01
4.106061402325500431e-01 2.968006812253104476e-01 9.599369620324538221e-02 -6.861771587131457184e-02 -8.935188206872703154e-02 -3.365688171943397380e-03 8.729467245247543583e-02 8.255847292787082958e-02 -9.723606124780050097e-02 -3.193680587273352578e-01
2.968006812253104476e-01 3.778489519886698567e-01 2.980282445489939036e-01 1.068858042711322981e-01 -6.758348616868463388e-02 -1.083423379531071595e-01 -1.095289615632732971e-02 1.003289052332698716e-01 6.228130411588467252e-02 -1.025794176597058516e-01
9.599369620324538221e-02 2.980282445489939036e-01 4.030180546563313371e-01 3.147535684289471947e-01 8.890189947790051728e-02 -8.101060645785271297e-02 -9.380647977389985903e-02 2.530638608449174709e-05 9.343408807015653184e-02 7.359652446100707623e-02
-6.861771587131457184e-02 1.068858042711322981e-01 3.147535684289471947e-01 4.154743614962543852e-01 2.949593817157277753e-01 1.026681583909596907e-01 -5.531336100839943926e-02 -1.002345926581164892e-01 4.237230010560322398e-03 1.035558738629002717e-01
-8.935188206872703154e-02 -6.758348616868463388e-02 8.890189947790051728e-02 2.949593817157277753e-01 3.817055414243711309e-01 3.122814410619570991e-01 1.104961525113027920e-01 -6.803480856204610627e-02 -9.163481245304719303e-02 -4.789997920978271775e-03
-3.365688171943397380e-03 -1.083423379531071595e-01 -8.101060645785271297e-02 1.026681583909596907e-01 3.122814410619570991e-01 4.119557710510961535e-01 2.887340242283687464e-01 9.595246518814187775e-02 -7.609318685316375508e-02 -1.056221283181835585e-01
8.729467245247543583e-02 -1.095289615632732971e-02 -9.380647977389985903e-02 -5.531336100839943926e-02 1.104961525113027920e-01 2.887340242283687464e-01 3.495741243199774195e-01 3.058918556715899406e-01 8.938354863713543486e-02 -7.309020373330049614e-02
8.255847292787082958e-02 1.003289052332698716e-01 2.530638608449174709e-05 -1.002345926581164892e-01 -6.803480856204610627e-02 9.595246518814187775e-02 3.058918556715899406e-01 4.731582902837779270e-01 3.162854312812526936e-01 9.123343863134061871e-02
-9.723606124780050097e-02 6.228130411588467252e-02 9.343408807015653184e-02 4.237230010560322398e-03 -9.163481245304719303e-02 -7.609318685316375508e-02 8.938354863713543486e-02 3.162854312812526936e-01 3.660950519154984040e-01 2.866807016709889133e-01
-3.193680587273352578e-01 -1.025794176597058516e-01 7.359652446100707623e-02 1.035558738629002717e-01 -4.789997920978271775e-03 -1.056221283181835585e-01 -7.309020373330049614e-02 9.123343863134061871e-02 2.866807016709889133e-01 4.105637126314813923e-01
4.323147399945156399e-01 3.227877065676726387e-01 1.004525690869705057e-01 -7.256879942664917760e-02 -9.337929209648548889e-02 -1.384475481271960681e-04 9.267907305153308406e-02 7.027589696848236811e-02 -9.726827075536459422e-02 -2.963800046125933951e-01
3.227877065676726387e-01 4.008632697962695168e-01 2.829199230408832033e-01 1.051803962229020950e-01 -6.343601274511390109e-02 -1.018285715291761262e-01 -1.381813006898900340e-02 9.487289405132509623e-02 7.643718545539004983e-02 -9.646679191036397483e-02
1.004525690869705057e-01 2.829199230408832033e-01 3.521238996128908672e-01 3.054532048161712754e-01 9.994852842775486801e-02 -7.138379976217612555e-02 -1.003065909037691994e-01 1.088698137189751235e-03 1.003358263092104241e-01 6.346196715813483269e-02
-7.256879942664917760e-02 1.051803962229020950e-01 3.054532048161712754e-01 4.417958095234959526e-01 3.127376930503629748e-01 9.163187771091464706e-02 -7.428013600223919155e-02 -9.393321484817940270e-02 1.159312599611219546e-02 9.959656801283522931e-02
-9.337929209648548889e-02 -6.343601274511390109e-02 9.994852842775486801e-02 3.127376930503629748e-01 3.842710386782731691e-01 2.928298385153295103e-01 1.076733813687213437e-01 -6.110783525943878913e-02 -9.574571988615276918e-02 -4.099854454766893412e-03
-1.384475481271960681e-04 -1.018285715291761262e-01 -7.138379976217612555e-02 9.163187771091464706e-02 2.928298385153295103e-01 3.935459949271691293e-01 3.094824315584926433e-01 9.800389852449983841e-02 -8.503613146478994356e-02 -1.018852121106485209e-01
9.267907305153308406e-02 -1.381813006898900340e-02 -1.003065909037691994e-01 -7.428013600223919155e-02 1.076733813687213437e-01 3.094824315584926433e-01 3.996456457150912023e-01 2.998361360434573797e-01 8.289761124055776420e-02 -7.338027747737752016e-02
7.027589696848236811e-02 9.487289405132509623e-02 1.088698137189751235e-03 -9.393321484817940270e-02 -6.110783525943878913e-02 9.800389852449983841e-02 2.998361360434573797e-01 4.149847329396343376e-01 3.167838822035971003e-01 1.012924956443925495e-01
-9.726827075536459422e-02 7.643718545539004983e-02 1.003358263092104241e-01 1.159312599611219546e-02 -9.574571988615276918e-02 -8.503613146478994356e-02 8.289761124055776420e-02 3.167838822035971003e-01 4.192013572760032725e-01 2.967382968081074823e-01
-2.963800046125933951e-01 -9.646679191036397483e-02 6.346196715813483269e-02 9.959656801283522931e-02 -4.099854454766893412e-03 -1.018852121106485209e-01 -7.338027747737752016e-02 1.012924956443925495e-01 2.967382968081074823e-01 3.612535115366641847e-01
4.024026854035464007e-01 3.007036925556276774e-01 9.897899581351027321e-02 -6.645452165537346634e-02 -9.886888509923766333e-02 -1.533237908278732749e-02 8.851880923216809416e-02 8.033965884757157672e-02 -8.884555871030620777e-02 -3.124177916239198050e-01
3.007036925556276774e-01 4.002600506278590209e-01 3.065141116095160267e-01 1.032757358409859688e-01 -6.670055583014272704e-02 -1.049897638461315119e-01 -1.770816644635844067e-02 9.524832251643336467e-02 7.910521767940054128e-02 -8.839636239339876411e-02
9.897899581351027321e-02 3.065141116095160267e-01 3.966981679742655476e-01 3.006143198307001940e-01 1.050557933514029013e-01 -5.692261650542072837e-02 -9.867123842253555654e-02 -7.932076548114426820e-03 9.469078687679145789e-02 7.862936964402002238e-02
-6.645452165537346634e-02 1.032757358409859688e-01 3.006143198307001940e-01 3.899297148892553189e-01 3.007812021042083339e-01 1.165762315150918882e-01 -5.400941868127266676e-02 -1.006750685232686016e-01 -6.861262736240266585e-03 9.669035946154574956e-02
-9.886888509923766333e-02 -6.670055583014272704e-02 1.050557933514029013e-01 3.007812021042083339e-01 3.817462492020132214e-01 2.964291249453624433e-01 1.089782440404913622e-01 -7.016051357732709659e-02 -9.886671561231280547e-02 -7.898947277523767768e-04
-1.533237908278732749e-02 -1.049897638461315119e-01 -5.692261650542072837e-02 1.165762315150918882e-01 2.964291249453624433e-01 3.750133261705214105e-01 2.978252793781168695e-01 9.453761697715912238e-02 -7.494505422016120577e-02 -9.684629941268035891e-02
8.851880923216809416e-02 -1.770816644635844067e-02 -9.867123842253555654e-02 -5.400941868127266676e-02 1.089782440404913622e-01 2.978252793781168695e-01 4.087357223901922909e-01 3.153385392916697172e-01 8.864263157538472548e-02 -8.294322234592670096e-02
8.033965884757157672e-02 9.524832251643336467e-02 -7.932076548114426820e-03 -1.006750685232686016e-01 -7.016051357732709659e-02 9.453761697715912238e-02 3.153385392916697172e-01 4.257346721040459192e-01 3.019977017548459153e-01 8.913898040997511596e-02
-8.884555871030620777e-02 7.910521767940054128e-02 9.469078687679145789e-02 -6.861262736240266585e-03 -9.886671561231280547e-02 -7.494505422016120577e-02 8.864263157538472548e-02 3.019977017548459153e-01 3.875882127213948758e-01 3.063432816853184359e-01
-3.124177916239198050e-01 -8.839636239339876411e-02 7.862936964402002238e-02 9.669035946154574956e-02 -7.898947277523767768e-04 -9.684629941268035891e-02 -8.294322234592670096e-02 8.913898040997511596e-02 3.063432816853184359e-01 4.318911985169111012e-01
4.219704096662746373e-01 3.071452888929617209e-01 8.529287047784948894e-02 -8.331984946323363339e-02 -9.223558152657328202e-02 8.396277985066797830e-03 9.773997052671939967e-02 6.600193919654324948e-02 -1.046923908508966272e-01 -3.093010435328628072e-01
3.071452888929617209e-01 4.006403985724417138e-01 3.048835621896310299e-01 8.971640872450378779e-02 -7.686607615682547467e-02 -9.809148801444275700e-02 -1.878062051091653265e-04 9.817441568513471384e-02 6.716388645315121697e-02 -9.518982155132391099e-02
8.529287047784948894e-02 3.048835621896310299e-01 4.202976589340194358e-01 3.124086190184040546e-01 9.106512861043883356e-02 -7.573212338831282475e-02 -9.757415767314245314e-02 1.143285317104338191e-03 9.787665033282985649e-02 8.013708867369485900e-02
-8.331984946323363339e-02 8.971640872450378779e-02 3.124086190184040546e-01 4.086483370922722180e-01 3.002647568386612731e-01 1.027548422436733722e-01 -6.148990870901341332e-02 -9.777389165202787780e-02 -5.425595882383792840e-03 9.407279675349064507e-02
-9.223558152657328202e-02 -7.686607615682547467e-02 9.106512861043883356e-02 3.002647568386612731e-01 3.894064548529875269e-01 3.037871246743629738e-01 1.082184340219316948e-01 -6.753478044503494204e-02 -1.011521211778720619e-01 -1.396417239899888987e-02
8.396277985066797830e-03 -9.809148801444275700e-02 -7.573212338831282475e-02 1.027548422436733722e-01 3.037871246743629738e-01 3.933221563417931277e-01 2.987940605803502958e-01 9.815477493978952417e-02 -7.044940456811359109e-02 -1.023254446462757428e-01
9.773997052671939967e-02 -1.878062051091653265e-04 -9.757415767314245314e-02 -6.148990870901341332e-02 1.082184340219316948e-01 2.987940605803502958e-01 3.883493279643228657e-01 3.060231547321915491e-01 1.009339629291941820e-01 -6.303476944180524955e-02
6.600193919654324948e-02 9.817441568513471384e-02 1.143285317104338191e-03 -9.777389165202787780e-02 -6.753478044503494204e-02 9.815477493978952417e-02 3.060231547321915491e-01 4.174712489837668628e-01 3.067171636635904752e-01 1.073018470924747836e-01
-1.046923908508966272e-01 6.716388645315121697e-02 9.787665033282985649e-02 -5.425595882383792840e-03 -1.011521211778720619e-01 -7.044940456811359109e-02 1.009339629291941820e-01 3.067171636635904752e-01 3.763825996093235204e-01 2.905100699424942867e-01
-3.093010435328628072e-01 -9.518982155132391099e-02 8.013708867369485900e-02 9.407279675349064507e-02 -1.396417239899888987e-02 -1.023254446462757428e-01 -6.303476944180524955e-02 1.073018470924747836e-01 2.905100699424942867e-01 3.835114079827965927e-01
4.422953024846640879e-01 3.159145169907568440e-01 8.793467471216048770e-02 -7.878022772948768682e-02 -9.245812179872217595e-02 2.947854850187199473e-03 9.378556729907032430e-02 8.421898404558275653e-02 -8.340238367255745078e-02 -3.084227798822297695e-01
3.159145169907568440e-01 3.996798120458631698e-01 2.928703556058004920e-01 1.048603306887128939e-01 -6.081678017622621502e-02 -1.018532705399246147e-01 -1.328447638934592868e-02 9.215420349898605090e-02 8.332483599404894026e-02 -8.723839283697989999e-02
8.793467471216048770e-02 2.928703556058004920e-01 3.838620607651029859e-01 3.104585232096884750e-01 1.024819625682727997e-01 -7.252474310439900596e-02 -1.009501356011507089e-01 -1.572898037919408243e-02 9.196401969573894664e-02 7.804021635204054508e-02
-7.878022772948768682e-02 1.048603306887128939e-01 3.104585232096884750e-01 4.131268846162710617e-01 2.983773237436324610e-01 9.819799335302532850e-02 -6.291411021461104647e-02 -1.019160142993600360e-01 -7.512327781106387103e-03 9.789486983442685641e-02
-9.245812179872217595e-02 -6.081678017622621502e-02 1.024819625682727997e-01 2.983773237436324610e-01 3.786438864346096667e-01 3.048951464790465860e-01 1.116056997332290357e-01 -5.398483937778329744e-02 -9.686721071391904414e-02 -7.783055768967290546e-03
2.947854850187199473e-03 -1.018532705399246147e-01 -7.252474310439900596e-02 9.819799335302532850e-02 3.048951464790465860e-01 4.123605501464999157e-01 3.005008615553521056e-01 1.109059897742491752e-01 -6.850395169284598240e-02 -1.027373786986561788e-01
9.378556729907032430e-02 -1.328447638934592868e-02 -1.009501356011507089e-01 -6.291411021461104647e-02 1.116056997332290357e-01 3.005008615553521056e-01 3.551658902282845975e-01 2.886357554628955491e-01 9.998109907959129572e-02 -6.618002382017684759e-02
8.421898404558275653e-02 9.215420349898605090e-02 -1.572898037919408243e-02 -1.019160142993600360e-01 -5.398483937778329744e-02 1.109059897742491752e-01 2.886357554628955491e-01 4.065818170856050906e-01 3.182994140494245228e-01 9.508855209715691426e-02
-8.340238367255745078e-02 8.332483599404894026e-02 9.196401969573894664e-02 -7.512327781106387103e-03 -9.686721071391904414e-02 -6.850395169284598240e-02 9.998109907959129572e-02 3.182994140494245228e-01 4.188471062839806969e-01 2.989677493167579025e-01
-3.084227798822297695e-01 -8.723839283697989999e-02 7.804021635204054508e-02 9.789486983442685641e-02 -7.783055768967290546e-03 -1.027373786986561788e-01 -6.618002382017684759e-02 9.508855209715691426e-02 2.989677493167579025e-01 3.894366899091290524e-01
4.019377136587696242e-01 2.983065148792545251e-01 9.531211458611671405e-02 -7.153427828083944173e-02 -9.271528636933354384e-02 -6.075882269255108992e-03 8.937905730973107199e-02 7.635563165341850700e-02 -9.241837690530241289e-02 -3.165137761317379783e-01
2.983065148792545251e-01 3.959795204003387359e-01 3.052572597474227933e-01 9.866684415676432729e-02 -7.320725948328674071e-02 -1.067986815692823638e-01 -6.887938756658862002e-03 1.023697412923273847e-01 7.290851388965086111e-02 -9.259967635962977617e-02
9.531211458611671405e-02 3.052572597474227933e-01 4.055205009327114696e-01 3.092893397076957873e-01 9.311012175737547192e-02 -7.026945729864450541e-02 -9.317310934247731435e-02 -4.052435006479082310e-04 9.247308352187980085e-02 7.903633943301568987e-02
-7.153427828083944173e-02 9.866684415676432729e-02 3.092893397076957873e-01 4.113144962161603968e-01 2.993768024394523053e-01 1.103830558715195032e-01 -5.787040418106314393e-02 -1.031906431059888968e-01 -8.039293200408286627e-03 9.775825029429925650e-02
-9.271528636933354384e-02 -7.320725948328674071e-02 9.311012175737547192e-02 2.993768024394523053e-01 3.763987221909852465e-01 3.019532759406633460e-01 1.061769969235421135e-01 -6.986615686052982666e-02 -9.656867942924030057e-02 -8.916734722588186279e-03
-6.075882269255108992e-03 -1.067986815692823638e-01 -7.026945729864450541e-02 1.103830558715195032e-01 3.019532759406633460e-01 3.972227412372068556e-01 2.974927345277851853e-01 9.771895686899419176e-02 -6.950141507976409505e-02 -1.034300778811279020e-01
8.937905730973107199e-02 -6.887938756658862002e-03 -9.317310934247731435e-02 -5.787040418106314393e-02 1.061769969235421135e-01 2.974927345277851853e-01 3.862448591781575402e-01 3.111740166470117197e-01 9.785428823261282938e-02 -7.074481480728544991e-02
7.635563165341850700e-02 1.023697412923273847e-01 -4.052435006479082310e-04 -1.031906431059888968e-01 -6.986615686052982666e-02 9.771895686899419176e-02 3.111740166470117197e-01 4.306082775279573838e-01 3.011256701028683924e-01 9.945460961540912581e-02
-9.241837690530241289e-02 7.290851388965086111e-02 9.247308352187980085e-02 -8.039293200408286627e-03 -9.656867942924030057e-02 -6.950141507976409505e-02 9.785428823261282938e-02 3.011256701028683924e-01 3.627271517395981304e-01 2.978975905151561854e-01
-3.165137761317379783e-01 -9.259967635962977617e-02 7.903633943301568987e-02 9.775825029429925650e-02 -8.916734722588186279e-03 -1.034300778811279020e-01 -7.074481480728544991e-02 9.945460961540912581e-02 2.978975905151561854e-01 4.320460169181143395e-01
4.005596550429566527e-01 2.947172895766734246e-01 9.209155754040432296e-02 -7.168794633536718086e-02 -1.009485773642505024e-01 2.355090327325884067e-03 1.026988045971203301e-01 7.321021686641995818e-02 -9.779782879137072227e-02 -3.128159488404981814e-01
2.947172895766734246e-01 3.921247006400798152e-01 3.148909247698527536e-01 9.591473892446426841e-02 -7.228856575505343551e-02 -9.312470224661280327e-02 7.260646633838950884e-03 9.698978907731099774e-02 6.940759938631954618e-02 -9.508908246047494128e-02
9.209155754040432296e-02 3.148909247698527536e-01 4.358903742082853583e-01 3.019979902150436990e-01 9.973238196915508447e-02 -7.152371154675681020e-02 -9.850694434209390782e-02 -3.631241156885185728e-03 9.641901402530601850e-02 8.120785304859111375e-02
-7.168794633536718086e-02 9.591473892446426841e-02 3.019979902150436990e-01 3.631281144964784713e-01 2.944619004828372688e-01 1.006716777869071378e-01 -6.854423123021127773e-02 -9.866601753199238933e-02 -8.074562959225940403e-03 9.399446500224986623e-02
-1.009485773642505024e-01 -7.228856575505343551e-02 9.973238196915508447e-02 2.944619004828372688e-01 4.147378914018584606e-01 3.151080346786963027e-01 9.294969118035410760e-02 -7.804890162076677518e-02 -1.018303197152607420e-01 -3.362134568295223184e-04
2.355090327325884067e-03 -9.312470224661280327e-02 -7.152371154675681020e-02 1.006716777869071378e-01 3.151080346786963027e-01 4.071822386674813776e-01 2.994073899690702367e-01 9.889752772400696446e-02 -6.132272810876571167e-02 -9.438428479013932781e-02
1.026988045971203301e-01 7.260646633838950884e-03 -9.850694434209390782e-02 -6.854423123021127773e-02 9.294969118035410760e-02 2.994073899690702367e-01 3.945457394856840549e-01 3.047587256334304828e-01 1.119160913017782089e-01 -6.469243321459269835e-02
7.321021686641995818e-02 9.698978907731099774e-02 -3.631241156885185728e-03 -9.866601753199238933e-02 -7.804890162076677518e-02 9.889752772400696446e-02 3.047587256334304828e-01 3.898471971751649168e-01 2.982596501477639550e-01 9.848642449214189964e-02
-9.779782879137072227e-02 6.940759938631954618e-02 9.641901402530601850e-02 -8.074562959225940403e-03 -1.018303197152607420e-01 -6.132272810876571167e-02 1.119160913017782089e-01 2.982596501477639550e-01 3.856998993453861768e-01 3.028185537436371422e-01
-3.128159488404981814e-01 -9.508908246047494128e-02 8.120785304859111375e-02 9.399446500224986623e-02 -3.362134568295223184e-04 -9.438428479013932781e-02 -6.469243321459269835e-02 9.848642449214189964e-02 3.028185537436371422e-01 4.162841895366217182e-01
4.067193410411331089e-01 3.086209743795416127e-01 9.377728235941562573e-02 -7.207981441616927165e-02 -9.725302451395358150e-02 4.012615317104743264e-03 9.919215528985292352e-02 7.104442975158936635e-02 -1.019739101490748368e-01 -3.019795460965125078e-01
3.086209743795416127e-01 4.098325536875927488e-01 3.046277052566860322e-01 1.024520324893226086e-01 -6.642854263395274461e-02 -9.693802850945035243e-02 -3.168094282339479258e-03 9.512031592980046968e-02 7.037574954142325478e-02 -9.695267759645483097e-02
9.377728235941562573e-02 3.046277052566860322e-01 3.926432117063938243e-01 2.997305665543273934e-01 1.034456737964678935e-01 -7.053075424296145757e-02 -1.007875776009738988e-01 -4.578849109164962947e-03 9.855085978455836726e-02 7.415008112415613639e-02
-7.207981441616927165e-02 1.024520324893226086e-01 2.997305665543273934e-01 3.880247991390379791e-01 3.032737874522217769e-01 9.615700264273369102e-02 -7.216877298952475983e-02 -9.767187955086190088e-02 4.863011132842522989e-03 1.001275117197820697e-01
-9.725302451395358150e-02 -6.642854263395274461e-02 1.034456737964678935e-01 3.032737874522217769e-01 4.089086199373863639e-01 3.084610478781049103e-01 9.771972535851371211e-02 -7.187051526629301135e-02 -9.580437738968874961e-02 2.484611657202398689e-03
4.012615317104743264e-03 -9.693802850945035243e-02 -7.053075424296145757e-02 9.615700264273369102e-02 3.084610478781049103e-01 4.036342213364767506e-01 3.015598950563334046e-01 9.922441035234817741e-02 -7.285764805568986646e-02 -9.881847657797709905e-02
9.919215528985292352e-02 -3.168094282339479258e-03 -1.007875776009738988e-01 -7.216877298952475983e-02 9.771972535851371211e-02 3.015598950563334046e-01 3.900016497151223005e-01 3.030500757391196842e-01 9.593578568357070957e-02 -7.216591990126540457e-02
