2.941936456811565792e-01 2.523044205668905082e-01 1.273026730075828561e-01 1.708385217091776265e-02 -5.559954133141178922e-02 -7.509013666438593693e-02 -5.927170213788979236e-02 1.916598357955838494e-02 1.268028378364605413e-01 2.372074591108254416e-01
2.523044205668905082e-01 3.777868901019606485e-01 2.513064866794511021e-01 1.381764234494294863e-01 4.063141540528247830e-02 -3.321605230386169560e-02 -7.961283947876483802e-02 -6.562308857997903311e-02 1.317281387743710237e-02 1.322036783593867615e-01
1.273026730075828561e-01 2.513064866794511021e-01 2.854336672954724818e-01 2.227797003816662236e-01 1.421679830608751360e-01 5.713808934528587929e-02 -2.165068178294395768e-02 -7.152739421078535553e-02 -6.287508111522077670e-02 7.842895465564188665e-03
1.708385217091776265e-02 1.381764234494294863e-01 2.227797003816662236e-01 2.659989694823395867e-01 2.235833628612791668e-01 1.418651342620075306e-01 6.312817143908208695e-02 -2.818686762382860422e-02 -8.181071584039391331e-02 -7.199491722883297196e-02
-5.559954133141178922e-02 4.063141540528247830e-02 1.421679830608751360e-01 2.235833628612791668e-01 2.743275756526806219e-01 2.133898892575359363e-01 1.480326035308817678e-01 4.695214118620096022e-02 -5.166207722400133207e-02 -9.456090368082202546e-02
-7.509013666438593693e-02 -3.321605230386169560e-02 5.713808934528587929e-02 1.418651342620075306e-01 2.133898892575359363e-01 2.382260924694056259e-01 2.228783439890534290e-01 1.355563606563069401e-01 2.690357350763197125e-02 -5.783750252656889856e-02
-5.927170213788979236e-02 -7.961283947876483802e-02 -2.165068178294395768e-02 6.312817143908208695e-02 1.480326035308817678e-01 2.228783439890534290e-01 3.159635160985032609e-01 2.494989285853440042e-01 1.375143292069291312e-01 2.136153914215528637e-02
1.916598357955838494e-02 -6.562308857997903311e-02 -7.152739421078535553e-02 -2.818686762382860422e-02 4.695214118620096022e-02 1.355563606563069401e-01 2.494989285853440042e-01 3.232437820124028915e-01 2.434332832970796945e-01 1.361896230129753527e-01
1.268028378364605413e-01 1.317281387743710237e-02 -6.287508111522077670e-02 -8.181071584039391331e-02 -5.166207722400133207e-02 2.690357350763197125e-02 1.375143292069291312e-01 2.434332832970796945e-01 3.019896777433286328e-01 2.416358725769162386e-01
2.372074591108254416e-01 1.322036783593867615e-01 7.842895465564188665e-03 -7.199491722883297196e-02 -9.456090368082202546e-02 -5.783750252656889856e-02 2.136153914215528637e-02 1.361896230129753527e-01 2.416358725769162386e-01 3.228361834627511695e-01
2.086546258206725957e-01 1.886787175275813633e-01 1.395406135927368951e-01 4.618671592351987487e-02 -4.777367815485544095e-02 -8.932651846316859434e-02 -4.914973275967637889e-02 3.770757877684008386e-02 1.383401126328868691e-01 2.073410055767003768e-01
1.886787175275813633e-01 2.536666023190622399e-01 2.503567643461735437e-01 1.490162260573625885e-01 2.245486033906519963e-02 -6.747691329233973523e-02 -7.831720602275923926e-02 -4.286160990080433580e-02 4.440447902462489604e-02 1.284299343101200641e-01
1.395406135927368951e-01 2.503567643461735437e-01 3.765926788712536943e-01 2.590511904899538420e-01 1.226784348855678164e-01 6.645611521012531782e-03 -5.864893959870473572e-02 -8.074120247912340564e-02 -3.499504083942347327e-02 4.930066793689837079e-02
4.618671592351987487e-02 1.490162260573625885e-01 2.590511904899538420e-01 2.995900139075187152e-01 2.186411663080855272e-01 1.296513842205234690e-01 2.992773635461794604e-02 -4.775459481423774410e-02 -6.949777377954879931e-02 -3.449564774336952300e-02
-4.777367815485544095e-02 2.245486033906519963e-02 1.226784348855678164e-01 2.186411663080855272e-01 2.743620789249248126e-01 2.510167932385427014e-01 1.408565638367496042e-01 3.910982583120911626e-02 -5.060623626134104491e-02 -8.132323342984619508e-02
-8.932651846316859434e-02 -6.747691329233973523e-02 6.645611521012531782e-03 1.296513842205234690e-01 2.510167932385427014e-01 3.746464579997618172e-01 2.412502550634251786e-01 1.376465437486190380e-01 1.409917292911203393e-02 -7.041563253022128932e-02
-4.914973275967637889e-02 -7.831720602275923926e-02 -5.864893959870473572e-02 2.992773635461794604e-02 1.408565638367496042e-01 2.412502550634251786e-01 2.453722510034659909e-01 2.137635609283990989e-01 1.167550720045137935e-01 2.027562820216990969e-02
3.770757877684008386e-02 -4.286160990080433580e-02 -8.074120247912340564e-02 -4.775459481423774410e-02 3.910982583120911626e-02 1.376465437486190380e-01 2.137635609283990989e-01 3.097819535946109148e-01 2.525070462211957967e-01 1.523333050308571801e-01
1.383401126328868691e-01 4.440447902462489604e-02 -3.499504083942347327e-02 -6.949777377954879931e-02 -5.060623626134104491e-02 1.409917292911203393e-02 1.167550720045137935e-01 2.525070462211957967e-01 3.474232850750600399e-01 2.615569195462812413e-01
2.073410055767003768e-01 1.284299343101200641e-01 4.930066793689837079e-02 -3.449564774336952300e-02 -8.132323342984619508e-02 -7.041563253022128932e-02 2.027562820216990969e-02 1.523333050308571801e-01 2.615569195462812413e-01 3.099100524836664317e-01
3.341767770410067340e-01 2.341278143514659016e-01 1.425345049679049292e-01 4.388290327129684698e-02 -4.326952641531237043e-02 -8.296916511229134039e-02 -6.246833709703417808e-02 2.594627117557772936e-02 1.449996224489891183e-01 2.436940283578399036e-01
2.341278143514659016e-01 2.522786070351945020e-01 2.122688031449719848e-01 1.347906539787862568e-01 4.119984879755546336e-02 -4.714024478569462523e-02 -8.509686419373116428e-02 -4.913309376136679868e-02 3.824372767332215317e-02 1.393528340041067792e-01
1.425345049679049292e-01 2.122688031449719848e-01 2.713703167141661154e-01 2.347506439823437985e-01 1.465802992492862833e-01 3.143137676456492918e-02 -5.933412635654738976e-02 -8.093812147475271113e-02 -4.505799276884572824e-02 4.433302510662843338e-02
4.388290327129684698e-02 1.347906539787862568e-01 2.347506439823437985e-01 3.139784519657629058e-01 2.513049019150217500e-01 1.346245903762212925e-01 1.953406720062162219e-02 -6.006216610012800328e-02 -8.451662889093461417e-02 -3.952929966323283362e-02
-4.326952641531237043e-02 4.119984879755546336e-02 1.465802992492862833e-01 2.513049019150217500e-01 3.230227327554612837e-01 2.344580152823435015e-01 1.320220855116311931e-01 2.112036504162275591e-02 -5.982046787253304798e-02 -7.653480198309842164e-02
-8.296916511229134039e-02 -4.714024478569462523e-02 3.143137676456492918e-02 1.346245903762212925e-01 2.344580152823435015e-01 2.827855196808596316e-01 2.401934233300164201e-01 1.335001697095514195e-01 2.932930022851190643e-02 -5.189885749608008636e-02
-6.246833709703417808e-02 -8.509686419373116428e-02 -5.933412635654738976e-02 1.953406720062162219e-02 1.320220855116311931e-01 2.401934233300164201e-01 3.393484065431335850e-01 2.457499540577074981e-01 1.444131598700385266e-01 2.519275742054859907e-02
2.594627117557772936e-02 -4.913309376136679868e-02 -8.093812147475271113e-02 -6.006216610012800328e-02 2.112036504162275591e-02 1.335001697095514195e-01 2.457499540577074981e-01 2.864529312258815019e-01 2.361861824098279994e-01 1.252958052828284652e-01
1.449996224489891183e-01 3.824372767332215317e-02 -4.505799276884572824e-02 -8.451662889093461417e-02 -5.982046787253304798e-02 2.932930022851190643e-02 1.444131598700385266e-01 2.361861824098279994e-01 3.174377370275434096e-01 2.333050781627916959e-01
2.436940283578399036e-01 1.393528340041067792e-01 4.433302510662843338e-02 -3.952929966323283362e-02 -7.653480198309842164e-02 -5.189885749608008636e-02 2.519275742054859907e-02 1.252958052828284652e-01 2.333050781627916959e-01 2.791485200109893872e-01
2.568881955158097141e-01 2.219618576203687965e-01 1.335262825562429922e-01 4.041878227594355999e-02 -4.193070954443971210e-02 -8.041523693265179018e-02 -6.947418295831947477e-02 3.801226844994961586e-03 1.274161738268731470e-01 2.378533997809734180e-01
2.219618576203687965e-01 3.102852241416970136e-01 2.457876686512244779e-01 1.512558872239235797e-01 4.084534233081181520e-02 -4.607447475998920072e-02 -8.841167378765724116e-02 -7.301422398137322189e-02 9.457626441342792400e-03 1.272574314179582833e-01
1.335262825562429922e-01 2.457876686512244779e-01 3.051065095202218358e-01 2.401833809069688908e-01 1.364678242043500800e-01 4.004635141313108576e-02 -3.851018673474064513e-02 -7.719185668058253791e-02 -6.041296498924569880e-02 2.319614524653638987e-02
4.041878227594355999e-02 1.512558872239235797e-01 2.401833809069688908e-01 2.916834176550961999e-01 2.230844253385387832e-01 1.390769400197324757e-01 5.470447617171655952e-02 -2.581887218670213605e-02 -7.504450487659621027e-02 -5.321510167893113430e-02
-4.193070954443971210e-02 4.084534233081181520e-02 1.364678242043500800e-01 2.230844253385387832e-01 2.667996665313515092e-01 2.238433488253077086e-01 1.508783321516216080e-01 5.951668016461988259e-02 -3.802106895281077981e-02 -8.119559413601402931e-02
-8.041523693265179018e-02 -4.607447475998920072e-02 4.004635141313108576e-02 1.390769400197324757e-01 2.238433488253077086e-01 2.758857828086982433e-01 2.322685895959227809e-01 1.447460981886236342e-01 3.432457036443931075e-02 -6.050497331776406862e-02
-6.947418295831947477e-02 -8.841167378765724116e-02 -3.851018673474064513e-02 5.470447617171655952e-02 1.508783321516216080e-01 2.322685895959227809e-01 2.870063508048969481e-01 2.264539482845574769e-01 1.270197733255070127e-01 9.144416443492821289e-03
3.801226844994961586e-03 -7.301422398137322189e-02 -7.719185668058253791e-02 -2.581887218670213605e-02 5.951668016461988259e-02 1.447460981886236342e-01 2.264539482845574769e-01 2.781215712744014024e-01 2.366407220914529264e-01 1.290840997433901627e-01
1.274161738268731470e-01 9.457626441342792400e-03 -6.041296498924569880e-02 -7.504450487659621027e-02 -3.802106895281077981e-02 3.432457036443931075e-02 1.270197733255070127e-01 2.366407220914529264e-01 3.481467366638510974e-01 2.711205259296287640e-01
2.378533997809734180e-01 1.272574314179582833e-01 2.319614524653638987e-02 -5.321510167893113430e-02 -8.119559413601402931e-02 -6.050497331776406862e-02 9.144416443492821289e-03 1.290840997433901627e-01 2.711205259296287640e-01 3.800765450839732607e-01
3.521330733243206446e-01 2.012544812460579924e-01 1.372323089734988621e-01 5.058700575249934495e-02 -3.956531248458922123e-02 -9.314176821542838325e-02 -7.550685189176251089e-02 4.266280956662457484e-03 1.432328186933371772e-01 2.654868751011634220e-01
2.012544812460579924e-01 1.785115370288108128e-01 1.915658188099299830e-01 1.315219649898148879e-01 4.156569048601883171e-02 -4.358977854129852947e-02 -7.550849889558314265e-02 -5.551155298885201983e-02 2.072627224500787207e-02 1.222669630182177530e-01
1.372323089734988621e-01 1.915658188099299830e-01 3.073518093863651934e-01 2.594743467815942006e-01 1.511471304321969356e-01 2.910779476864960510e-02 -5.745078757527800895e-02 -8.835745386401469559e-02 -5.945841471820343532e-02 3.854929182210529992e-02
5.058700575249934495e-02 1.315219649898148879e-01 2.594743467815942006e-01 3.409069499250609314e-01 2.436712510553372679e-01 1.299837607209171075e-01 2.311421393847042441e-02 -5.203335133755542657e-02 -7.919541559508508355e-02 -3.388350178938084878e-02
-3.956531248458922123e-02 4.156569048601883171e-02 1.511471304321969356e-01 2.436712510553372679e-01 2.803339872616519290e-01 2.260507467873847098e-01 1.326019721487189107e-01 4.349000906490871343e-02 -3.583791908243559587e-02 -6.645959916454896588e-02
-9.314176821542838325e-02 -4.358977854129852947e-02 2.910779476864960510e-02 1.299837607209171075e-01 2.260507467873847098e-01 3.033190232455283963e-01 2.389323868640596538e-01 1.509693406165437124e-01 4.719582491296198112e-02 -5.504199845390551210e-02
-7.550685189176251089e-02 -7.550849889558314265e-02 -5.745078757527800895e-02 2.311421393847042441e-02 1.326019721487189107e-01 2.389323868640596538e-01 2.871252952825101845e-01 2.304492014122607735e-01 1.374294084392543580e-01 1.252989287881425134e-02
4.266280956662457484e-03 -5.551155298885201983e-02 -8.835745386401469559e-02 -5.203335133755542657e-02 4.349000906490871343e-02 1.509693406165437124e-01 2.304492014122607735e-01 2.791450097970190058e-01 2.336094855392538694e-01 1.174120908958239812e-01
1.432328186933371772e-01 2.072627224500787207e-02 -5.945841471820343532e-02 -7.919541559508508355e-02 -3.583791908243559587e-02 4.719582491296198112e-02 1.374294084392543580e-01 2.336094855392538694e-01 3.324627656426659694e-01 2.528368106163795814e-01
2.654868751011634220e-01 1.222669630182177530e-01 3.854929182210529992e-02 -3.388350178938084878e-02 -6.645959916454896588e-02 -5.504199845390551210e-02 1.252989287881425134e-02 1.174120908958239812e-01 2.528368106163795814e-01 3.387105491060693474e-01
2.511096704079906483e-01 2.273858522826512907e-01 1.273832030754879496e-01 2.939302939247841889e-02 -4.924560897186598674e-02 -7.597880473738619078e-02 -5.580583835714787028e-02 2.887159734954965890e-02 1.383701866265349689e-01 2.296432031757882353e-01
2.273858522826512907e-01 3.378755813189026624e-01 2.460599034522389927e-01 1.474026546840835894e-01 2.849966962432974593e-02 -5.743405386055339817e-02 -9.411741631655715090e-02 -5.487554255396492886e-02 2.866184270213835775e-02 1.350389689999570986e-01
1.273832030754879496e-01 2.460599034522389927e-01 2.912644534469381874e-01 2.419927938292598391e-01 1.318168436331145221e-01 2.876073760954891978e-02 -5.022665624795524808e-02 -7.164243782236974500e-02 -5.213566263421116204e-02 2.514646560353973881e-02
2.939302939247841889e-02 1.474026546840835894e-01 2.419927938292598391e-01 3.211308492846319251e-01 2.355460592309112922e-01 1.359354530694659724e-01 4.320484472481841975e-02 -3.765804292852194951e-02 -8.336285494610468083e-02 -6.000004302866103478e-02
-4.924560897186598674e-02 2.849966962432974593e-02 1.318168436331145221e-01 2.355460592309112922e-01 2.830006994620666294e-01 2.255162500782638968e-01 1.499083117389699571e-01 4.503057213691274985e-02 -4.655255071322517146e-02 -8.244561822641890969e-02
-7.597880473738619078e-02 -5.743405386055339817e-02 2.876073760954891978e-02 1.359354530694659724e-01 2.255162500782638968e-01 2.721573566534691846e-01 2.406145377189080614e-01 1.343665851030397262e-01 3.465349947507490036e-02 -4.874854298649271278e-02
-5.580583835714787028e-02 -9.411741631655715090e-02 -5.022665624795524808e-02 4.320484472481841975e-02 1.499083117389699571e-01 2.406145377189080614e-01 3.280223422544030765e-01 2.269135943555418145e-01 1.361527688467826236e-01 2.876180884741896815e-02
2.887159734954965890e-02 -5.487554255396492886e-02 -7.164243782236974500e-02 -3.765804292852194951e-02 4.503057213691274985e-02 1.343665851030397262e-01 2.269135943555418145e-01 2.493883841395663770e-01 2.273405665603993597e-01 1.366358302563814575e-01
1.383701866265349689e-01 2.866184270213835775e-02 -5.213566263421116204e-02 -8.336285494610468083e-02 -4.655255071322517146e-02 3.465349947507490036e-02 1.361527688467826236e-01 2.273405665603993597e-01 3.315409867003102917e-01 2.592089476123959901e-01
2.296432031757882353e-01 1.350389689999570986e-01 2.514646560353973881e-02 -6.000004302866103478e-02 -8.244561822641890969e-02 -4.874854298649271278e-02 2.876180884741896815e-02 1.366358302563814575e-01 2.592089476123959901e-01 3.345096763317201294e-01
3.169995421449405271e-01 2.434100749470828606e-01 1.298497387648184231e-01 -4.016439297241753900e-04 -7.819618644692377663e-02 -7.366227398493965794e-02 -1.909447666273885943e-02 5.973187076219745040e-02 1.360766291751083767e-01 2.444346289316153276e-01
2.434100749470828606e-01 2.899770243971826478e-01 2.286531719781438876e-01 1.136714070136376625e-01 -9.987195985518788899e-03 -7.435452190869984435e-02 -7.184249853172097744e-02 -2.573960695117748221e-02 5.503181630424000548e-02 1.564503222296489138e-01
1.298497387648184231e-01 2.286531719781438876e-01 3.199635845208093632e-01 2.628918817560110810e-01 1.257203991635561513e-01 -6.992870223484229375e-03 -7.403183828057535720e-02 -8.381058803858261463e-02 -3.439166202476340306e-02 3.881015730231135441e-02
-4.016439297241753900e-04 1.136714070136376625e-01 2.628918817560110810e-01 4.055252397269896170e-01 2.657280262898051304e-01 1.187383570119318610e-01 4.742965797595890404e-03 -6.195069612362107125e-02 -7.309883862034166624e-02 -6.351738519311159181e-02
-7.819618644692377663e-02 -9.987195985518788899e-03 1.257203991635561513e-01 2.657280262898051304e-01 3.223797961969452341e-01 2.281449442156276430e-01 1.266629906635524661e-01 4.315504402780381832e-02 -2.962709769365411833e-02 -8.015364716959186286e-02
-7.366227398493965794e-02 -7.435452190869984435e-02 -6.992870223484229375e-03 1.187383570119318610e-01 2.281449442156276430e-01 2.822789239884267998e-01 2.311316810995416859e-01 1.594825399771488961e-01 6.054898325565696848e-02 -2.004350776295466680e-02
-1.909447666273885943e-02 -7.184249853172097744e-02 -7.403183828057535720e-02 4.742965797595890404e-03 1.266629906635524661e-01 2.311316810995416859e-01 2.877350823584784445e-01 2.444149380193806065e-01 1.386158116529737638e-01 6.225023763130041465e-02
5.973187076219745040e-02 -2.573960695117748221e-02 -8.381058803858261463e-02 -6.195069612362107125e-02 4.315504402780381832e-02 1.594825399771488961e-01 2.444149380193806065e-01 3.023724320834425550e-01 2.020806527885040671e-01 1.411139557161346092e-01
1.360766291751083767e-01 5.503181630424000548e-02 -3.439166202476340306e-02 -7.309883862034166624e-02 -2.962709769365411833e-02 6.054898325565696848e-02 1.386158116529737638e-01 2.020806527885040671e-01 1.948638067964857390e-01 1.928623941048367429e-01
2.444346289316153276e-01 1.564503222296489138e-01 3.881015730231135441e-02 -6.351738519311159181e-02 -8.015364716959186286e-02 -2.004350776295466680e-02 6.225023763130041465e-02 1.411139557161346092e-01 1.928623941048367429e-01 2.779045677862990171e-01
3.459579710378204997e-01 2.474745047251835084e-01 1.266445998620438773e-01 1.998698020447826212e-02 -5.276950382074608453e-02 -7.546117717012423842e-02 -4.546967671556486484e-02 3.644384922395144111e-02 1.416641205742885101e-01 2.557876215242537166e-01
2.474745047251835084e-01 3.101184563013819062e-01 2.375396809385368901e-01 1.400043880020862552e-01 4.165313421451430353e-02 -4.323243835088462494e-02 -8.155301796869562914e-02 -5.366224007386536515e-02 2.081986938527206898e-02 1.327829221743958010e-01
1.266445998620438773e-01 2.375396809385368901e-01 3.004033715334103460e-01 2.386746172372286590e-01 1.450959699665771985e-01 3.932221564825028048e-02 -5.068805466461237530e-02 -8.314076175976305161e-02 -6.679599800970356660e-02 8.539501984690145084e-03
1.998698020447826212e-02 1.400043880020862552e-01 2.386746172372286590e-01 2.920213154796584831e-01 2.303217441372200636e-01 1.332399698317782988e-01 3.088213744445761355e-02 -5.106901885320472290e-02 -8.822245915642161485e-02 -6.789381288723994601e-02
-5.276950382074608453e-02 4.165313421451430353e-02 1.450959699665771985e-01 2.303217441372200636e-01 2.822466291854092146e-01 2.281408334880840605e-01 1.407055595945737869e-01 3.472163263198128208e-02 -4.743369647741916412e-02 -8.311312762730554971e-02
-7.546117717012423842e-02 -4.323243835088462494e-02 3.932221564825028048e-02 1.332399698317782988e-01 2.281408334880840605e-01 2.941326158248308009e-01 2.500833033076956258e-01 1.422119097766754159e-01 4.293883482856208911e-02 -4.080326959563297662e-02
-4.546967671556486484e-02 -8.155301796869562914e-02 -5.068805466461237530e-02 3.088213744445761355e-02 1.407055595945737869e-01 2.500833033076956258e-01 3.405362714263722723e-01 2.374885153451875841e-01 1.419447391611985410e-01 4.294990709676613228e-02
3.644384922395144111e-02 -5.366224007386536515e-02 -8.314076175976305161e-02 -5.106901885320472290e-02 3.472163263198128208e-02 1.422119097766754159e-01 2.374885153451875841e-01 2.552703949882032530e-01 2.107218260613176741e-01 1.329466822107337465e-01
1.416641205742885101e-01 2.081986938527206898e-02 -6.679599800970356660e-02 -8.822245915642161485e-02 -4.743369647741916412e-02 4.293883482856208911e-02 1.419447391611985410e-01 2.107218260613176741e-01 2.649916636632062561e-01 2.311422391583954628e-01
2.557876215242537166e-01 1.327829221743958010e-01 8.539501984690145084e-03 -6.789381288723994601e-02 -8.311312762730554971e-02 -4.080326959563297662e-02 4.294990709676613228e-02 1.329466822107337465e-01 2.311422391583954628e-01 3.143213105597096324e-01
3.253916052805866377e-01 2.346870175081763876e-01 1.334067526990321828e-01 2.501298222996082427e-02 -5.613639758913139405e-02 -9.173722867489453314e-02 -5.363527673391071948e-02 1.570432385717911508e-02 1.275575172109881805e-01 2.546749250627522443e-01
2.346870175081763876e-01 2.637620905238186042e-01 2.204165636563259201e-01 1.314187346324058314e-01 3.016944677289639873e-02 -4.922065253606109497e-02 -6.850820397619152013e-02 -5.858146394481648228e-02 3.284284672709323477e-02 1.485144666826194171e-01
1.334067526990321828e-01 2.204165636563259201e-01 2.968881191681537191e-01 2.491221482945342736e-01 1.419813014659937200e-01 4.146452080459805262e-02 -3.907658723976576570e-02 -8.700480008058650294e-02 -4.550532223863758274e-02 3.936537992664308760e-02
2.501298222996082427e-02 1.314187346324058314e-01 2.491221482945342736e-01 3.440256627763551567e-01 2.429073367186339316e-01 1.497196893615922730e-01 3.697721074800128238e-02 -4.870850270381303637e-02 -7.057528878972881003e-02 -4.977022469101693991e-02
-5.613639758913139405e-02 3.016944677289639873e-02 1.419813014659937200e-01 2.429073367186339316e-01 2.633225834883031191e-01 2.241413028490540083e-01 1.155440796756096872e-01 3.838494422942395623e-02 -3.817175001550605906e-02 -8.045357412414752551e-02
-9.173722867489453314e-02 -4.922065253606109497e-02 4.146452080459805262e-02 1.497196893615922730e-01 2.241413028490540083e-01 2.994098953433466104e-01 2.050469149249512235e-01 1.503918394967676819e-01 3.459212430706130881e-02 -6.298285529991590193e-02
-5.363527673391071948e-02 -6.850820397619152013e-02 -3.907658723976576570e-02 3.697721074800128238e-02 1.155440796756096872e-01 2.050469149249512235e-01 2.148851341617110111e-01 2.373163349818562251e-01 1.212114697257903467e-01 1.884928964207912422e-02
1.570432385717911508e-02 -5.858146394481648228e-02 -8.700480008058650294e-02 -4.870850270381303637e-02 3.838494422942395623e-02 1.503918394967676819e-01 2.373163349818562251e-01 4.231837491669401818e-01 2.449389488147870886e-01 1.312068617320137076e-01
1.275575172109881805e-01 3.284284672709323477e-02 -4.550532223863758274e-02 -7.057528878972881003e-02 -3.817175001550605906e-02 3.459212430706130881e-02 1.212114697257903467e-01 2.449389488147870886e-01 2.477445812895572308e-01 2.194750042568549275e-01
2.546749250627522443e-01 1.485144666826194171e-01 3.936537992664308760e-02 -4.977022469101693991e-02 -8.045357412414752551e-02 -6.298285529991590193e-02 1.884928964207912422e-02 1.312068617320137076e-01 2.194750042568549275e-01 3.213865788012233438e-01
3.693246467781143849e-01 2.693807823141305402e-01 1.374411581310957253e-01 3.332430931307311939e-02 -4.481232977415565422e-02 -8.442785622299349424e-02 -6.633207998418359785e-02 1.348313045436634605e-02 1.260390098805121983e-01 2.299693252174212221e-01
2.693807823141305402e-01 3.113351071209269350e-01 2.006058450405733273e-01 1.255350975441379691e-01 3.224193143711249349e-02 -4.802939959687482774e-02 -8.320214818839186122e-02 -5.346399572623326824e-02 3.574657475686314478e-02 1.476388432364670877e-01
1.374411581310957253e-01 2.006058450405733273e-01 2.021403894469038787e-01 2.144477522498536293e-01 1.301809438051701739e-01 4.345483735386219959e-02 -3.585439436395607138e-02 -6.817577835602950387e-02 -4.107610784067074888e-02 4.195966490549797590e-02
3.332430931307311939e-02 1.255350975441379691e-01 2.144477522498536293e-01 3.714161992161927328e-01 2.614170350892049965e-01 1.595075786615451352e-01 3.975501664259088741e-02 -5.667177405938118862e-02 -9.044477290656985358e-02 -4.427435322185403754e-02
-4.481232977415565422e-02 3.224193143711249349e-02 1.301809438051701739e-01 2.614170350892049965e-01 2.880402208029867461e-01 2.249293132798673156e-01 1.216334526419773077e-01 1.930421396643201837e-02 -5.754078645469376529e-02 -6.834434525044108533e-02
-8.442785622299349424e-02 -4.802939959687482774e-02 4.345483735386219959e-02 1.595075786615451352e-01 2.249293132798673156e-01 2.668414923135530303e-01 2.152190640461056903e-01 1.292742964194142086e-01 3.018582143312805235e-02 -4.705086523434823254e-02
-6.633207998418359785e-02 -8.320214818839186122e-02 -3.585439436395607138e-02 3.975501664259088741e-02 1.216334526419773077e-01 2.152190640461056903e-01 2.913796457305704024e-01 2.527060530992872867e-01 1.543184064975193226e-01 2.640363338343704874e-02
1.348313045436634605e-02 -5.346399572623326824e-02 -6.817577835602950387e-02 -5.667177405938118862e-02 1.930421396643201837e-02 1.292742964194142086e-01 2.527060530992872867e-01 3.485901533111547268e-01 2.626136821461211857e-01 1.210252670398462849e-01
1.260390098805121983e-01 3.574657475686314478e-02 -4.107610784067074888e-02 -9.044477290656985358e-02 -5.754078645469376529e-02 3.018582143312805235e-02 1.543184064975193226e-01 2.626136821461211857e-01 3.256883535694766185e-01 2.075594491138880171e-01
2.299693252174212221e-01 1.476388432364670877e-01 4.195966490549797590e-02 -4.427435322185403754e-02 -6.834434525044108533e-02 -4.705086523434823254e-02 2.640363338343704874e-02 1.210252670398462849e-01 2.075594491138880171e-01 2.252437917101195730e-01
3.178749861629321938e-01 2.358368394902310983e-01 1.259165003234679336e-01 3.020190538637716055e-02 -4.197001495478703409e-02 -7.644889955748715438e-02 -6.941157292916266819e-02 3.619354770871711056e-03 1.300946369064956976e-01 2.608104556217968328e-01
2.358368394902310983e-01 2.933569414603509062e-01 2.319235835776587429e-01 1.459211358454363394e-01 5.904758465267518491e-02 -2.016964242515401767e-02 -7.462833073068231293e-02 -6.883192791935319188e-02 1.650060494765009933e-02 1.374393495316011959e-01
1.259165003234679336e-01 2.319235835776587429e-01 2.935744844846570611e-01 2.372578845262285907e-01 1.538431813111852120e-01 6.455529572469387301e-02 -2.354067328868213183e-02 -7.673717976722881084e-02 -6.043759182837822597e-02 1.597588958733752243e-02
3.020190538637716055e-02 1.459211358454363394e-01 2.372578845262285907e-01 2.820016013272264033e-01 2.216928348279748606e-01 1.390080437895114540e-01 5.282448409506681347e-02 -3.528951034211423587e-02 -7.956521456444390350e-02 -6.169127766176722705e-02
-4.197001495478703409e-02 5.904758465267518491e-02 1.538431813111852120e-01 2.216928348279748606e-01 2.472320217166282807e-01 2.001446693962047052e-01 1.351603738747652050e-01 4.307480987981234660e-02 -5.028213393686385702e-02 -8.885711730991732726e-02
-7.644889955748715438e-02 -2.016964242515401767e-02 6.455529572469387301e-02 1.390080437895114540e-01 2.001446693962047052e-01 2.399508144228328088e-01 2.269914592125498731e-01 1.451912192660272938e-01 2.431340804239288944e-02 -6.770502925210702960e-02
-6.941157292916266819e-02 -7.462833073068231293e-02 -2.354067328868213183e-02 5.282448409506681347e-02 1.351603738747652050e-01 2.269914592125498731e-01 3.265969124861959338e-01 2.643786903889416839e-01 1.313226721117576323e-01 2.512662051260152515e-03
3.619354770871711056e-03 -6.883192791935319188e-02 -7.673717976722881084e-02 -3.528951034211423587e-02 4.307480987981234660e-02 1.451912192660272938e-01 2.643786903889416839e-01 3.557435912290743407e-01 2.371522049875085525e-01 1.188300693056198176e-01
1.300946369064956976e-01 1.650060494765009933e-02 -6.043759182837822597e-02 -7.956521456444390350e-02 -5.028213393686385702e-02 2.431340804239288944e-02 1.313226721117576323e-01 2.371522049875085525e-01 2.790642015606680792e-01 2.405632334531402627e-01
2.608104556217968328e-01 1.374393495316011959e-01 1.597588958733752243e-02 -6.169127766176722705e-02 -8.885711730991732726e-02 -6.770502925210702960e-02 2.512662051260152515e-03 1.188300693056198176e-01 2.405632334531402627e-01 3.646044451494322436e-01
3.444027469814889830e-01 2.527376789544849567e-01 1.267685480387810704e-01 -1.719788982890939517e-03 -7.489079057699130071e-02 -8.611150194174410633e-02 -4.016344291345497197e-02 4.307589806065878490e-02 1.381267376847571948e-01 2.413581906503879382e-01
2.527376789544849567e-01 3.120361709153852692e-01 2.421500713047881059e-01 1.225633287961804402e-01 1.321278516904494590e-02 -5.745402153965470382e-02 -7.379029463381872600e-02 -4.364153778492238511e-02 3.832617450873712639e-02 1.406261408793040846e-01
1.267685480387810704e-01 2.421500713047881059e-01 3.398561252129751464e-01 2.548242289786898374e-01 1.418232860223264113e-01 3.553003963230973172e-02 -4.622073398115841836e-02 -8.287118070307067375e-02 -5.552078260744900545e-02 1.621604092123962726e-02
-1.719788982890939517e-03 1.225633287961804402e-01 2.548242289786898374e-01 3.267871659127838946e-01 2.396694875403950487e-01 1.394045590316946304e-01 3.771707261931724064e-02 -4.578199243913516625e-02 -7.970350038720118435e-02 -6.899416541051522911e-02
-7.489079057699130071e-02 1.321278516904494590e-02 1.418232860223264113e-01 2.396694875403950487e-01 2.750736831865160381e-01 2.198413513180642875e-01 1.318801657278091399e-01 4.346378098543145219e-02 -3.855930292809563870e-02 -8.339741862359681401e-02
-8.611150194174410633e-02 -5.745402153965470382e-02 3.553003963230973172e-02 1.394045590316946304e-01 2.198413513180642875e-01 2.735159595342410155e-01 2.255127463260050980e-01 1.505322156690553081e-01 4.667411344116286637e-02 -4.045798345876861629e-02
-4.016344291345497197e-02 -7.379029463381872600e-02 -4.622073398115841836e-02 3.771707261931724064e-02 1.318801657278091399e-01 2.255127463260050980e-01 2.843642715849332703e-01 2.481451442458866841e-01 1.428301101000672424e-01 4.462658035173618087e-02
4.307589806065878490e-02 -4.364153778492238511e-02 -8.287118070307067375e-02 -4.578199243913516625e-02 4.346378098543145219e-02 1.505322156690553081e-01 2.481451442458866841e-01 3.320512712444251835e-01 2.308759817674318759e-01 1.374163488971286151e-01
1.381267376847571948e-01 3.832617450873712639e-02 -5.552078260744900545e-02 -7.970350038720118435e-02 -3.855930292809563870e-02 4.667411344116286637e-02 1.428301101000672424e-01 2.308759817674318759e-01 2.470591622937265974e-01 2.075796632808198372e-01
2.413581906503879382e-01 1.406261408793040846e-01 1.621604092123962726e-02 -6.899416541051522911e-02 -8.339741862359681401e-02 -4.045798345876861629e-02 4.462658035173618087e-02 1.374163488971286151e-01 2.075796632808198372e-01 2.648534431335224371e-01
3.837547256000496398e-01 2.652965975211351024e-01 1.373992686567747090e-01 2.318317464723824994e-02 -5.268001175062911323e-02 -8.843454946363153713e-02 -5.802108889274193437e-02 3.463728198798978267e-03 1.139326252675415957e-01 2.446549303694321997e-01
2.652965975211351024e-01 3.162642145655265580e-01 2.249145507943917099e-01 1.288005132296989319e-01 3.120039357370001445e-02 -4.596186997984068323e-02 -7.324004128430905425e-02 -7.346295435749375380e-02 -4.898781911549602783e-03 1.276048315265186361e-01
1.373992686567747090e-01 2.249145507943917099e-01 2.561582544420911711e-01 2.247885648077028176e-01 1.342232333814326606e-01 5.318535278581184439e-02 -2.648684200518444318e-02 -8.055698383232448578e-02 -7.210308963755726608e-02 1.536506197666930376e-02
2.318317464723824994e-02 1.288005132296989319e-01 2.247885648077028176e-01 3.192300042993894138e-01 2.391766545124067722e-01 1.639043055955638484e-01 5.360848715645001594e-02 -3.491336398397573704e-02 -8.085184659427332998e-02 -5.873192284011798797e-02
-5.268001175062911323e-02 3.120039357370001445e-02 1.342232333814326606e-01 2.391766545124067722e-01 2.676313968539505428e-01 2.349717950202167283e-01 1.260185178200879386e-01 4.711727489759124504e-02 -2.964503874663741712e-02 -6.904788007577236653e-02
-8.843454946363153713e-02 -4.596186997984068323e-02 5.318535278581184439e-02 1.639043055955638484e-01 2.349717950202167283e-01 3.039930966821389191e-01 2.017860374106192067e-01 1.399242751228119142e-01 5.216945243266851023e-02 -4.148815295326314934e-02
-5.802108889274193437e-02 -7.324004128430905425e-02 -2.648684200518444318e-02 5.360848715645001594e-02 1.260185178200879386e-01 2.017860374106192067e-01 2.042411377312232657e-01 2.100463492858121173e-01 1.408723515718147135e-01 3.647366006083507806e-02
3.463728198798978267e-03 -7.346295435749375380e-02 -8.055698383232448578e-02 -3.491336398397573704e-02 4.711727489759124504e-02 1.399242751228119142e-01 2.100463492858121173e-01 3.196123119250628419e-01 2.607091119990634365e-01 1.397543328515862826e-01
1.139326252675415957e-01 -4.898781911549602783e-03 -7.210308963755726608e-02 -8.085184659427332998e-02 -2.964503874663741712e-02 5.216945243266851023e-02 1.408723515718147135e-01 2.607091119990634365e-01 3.403285318790314484e-01 2.384807565783121364e-01
2.446549303694321997e-01 1.276048315265186361e-01 1.536506197666930376e-02 -5.873192284011798797e-02 -6.904788007577236653e-02 -4.148815295326314934e-02 3.647366006083507806e-02 1.397543328515862826e-01 2.384807565783121364e-01 2.887863260215343120e-01
3.169384170127241274e-01 2.338399614401006077e-01 1.192124758867893763e-01 1.565570884102951768e-02 -5.500862420756447158e-02 -8.205334587509796607e-02 -5.195069996876759688e-02 2.279926067125536554e-02 1.308637490914064672e-01 2.638548973160386724e-01
2.338399614401006077e-01 2.875527161436813306e-01 2.318003836268368312e-01 1.407931355145498886e-01 3.773642145292804839e-02 -4.287455816278409881e-02 -7.533081047332337854e-02 -5.964058516564621493e-02 2.736190817813323808e-02 1.442446821343848773e-01
1.192124758867893763e-01 2.318003836268368312e-01 3.135332720466426082e-01 2.558662421447737700e-01 1.454505262891486184e-01 4.458548016354633992e-02 -4.091699531883358221e-02 -8.405135521919339381e-02 -5.436716771811579696e-02 1.591940730934802289e-02
1.565570884102951768e-02 1.407931355145498886e-01 2.558662421447737700e-01 3.328373257146927111e-01 2.303209613593014959e-01 1.381144886514218406e-01 3.819979636760295616e-02 -4.388781144601842238e-02 -7.498425853007950614e-02 -6.740396494123672422e-02
-5.500862420756447158e-02 3.773642145292804839e-02 1.454505262891486184e-01 2.303209613593014959e-01 2.412519908282343417e-01 2.081055074935962423e-01 1.272536733102358764e-01 4.746853370049783361e-02 -3.493112488924353387e-02 -8.458259034048072611e-02
-8.205334587509796607e-02 -4.287455816278409881e-02 4.458548016354633992e-02 1.381144886514218406e-01 2.081055074935962423e-01 2.817159142317406384e-01 2.314273914202952809e-01 1.607910729492821877e-01 4.170958871745918811e-02 -5.539856911817759438e-02
-5.195069996876759688e-02 -7.533081047332337854e-02 -4.091699531883358221e-02 3.819979636760295616e-02 1.272536733102358764e-01 2.314273914202952809e-01 2.834702561827848188e-01 2.527702793838464412e-01 1.272534423989988284e-01 2.436378700295404112e-02
2.279926067125536554e-02 -5.964058516564621493e-02 -8.405135521919339381e-02 -4.388781144601842238e-02 4.746853370049783361e-02 1.607910729492821877e-01 2.527702793838464412e-01 3.529255639936544897e-01 2.192228683396584277e-01 1.294653976701811704e-01
1.308637490914064672e-01 2.736190817813323808e-02 -5.436716771811579696e-02 -7.498425853007950614e-02 -3.493112488924353387e-02 4.170958871745918811e-02 1.272534423989988284e-01 2.192228683396584277e-01 2.254593135651135616e-01 2.238234985344059180e-01
2.638548973160386724e-01 1.442446821343848773e-01 1.591940730934802289e-02 -6.740396494123672422e-02 -8.458259034048072611e-02 -5.539856911817759438e-02 2.436378700295404112e-02 1.294653976701811704e-01 2.238234985344059180e-01 3.643152302807300957e-01
2.993419034108115717e-01 2.303906661376190490e-01 1.392412858706451040e-01 2.817161779903121221e-02 -5.500733331006670002e-02 -7.608797891715468609e-02 -3.853051319819214560e-02 4.321235134085218976e-02 1.421061735276307192e-01 2.444417262973460625e-01
2.303906661376190490e-01 2.954753273769259447e-01 2.562423702238707524e-01 1.334490785244337729e-01 3.303597838421697130e-02 -4.835232372268598311e-02 -7.763214568005818994e-02 -5.252693985746928473e-02 2.191377202902398957e-02 1.247216469778437142e-01
1.392412858706451040e-01 2.562423702238707524e-01 3.668014377617793143e-01 2.292366839755477781e-01 1.359480091007163050e-01 2.622105757452837527e-02 -5.864810899020969637e-02 -9.113060792373654795e-02 -6.511822407218256781e-02 1.461927635294688749e-02
2.817161779903121221e-02 1.334490785244337729e-01 2.292366839755477781e-01 2.292920800267768122e-01 2.141668776948607578e-01 1.267389974227744465e-01 3.199816157603832534e-02 -4.602428185067440614e-02 -7.579618538715972298e-02 -5.553031143876783343e-02
-5.500733331006670002e-02 3.303597838421697130e-02 1.359480091007163050e-01 2.141668776948607578e-01 3.219163885118004331e-01 2.538719430459475124e-01 1.514366278275997568e-01 3.816582002104972060e-02 -4.739390314663492754e-02 -8.562231510311224536e-02
-7.608797891715468609e-02 -4.835232372268598311e-02 2.622105757452837527e-02 1.267389974227744465e-01 2.538719430459475124e-01 3.247623736266397332e-01 2.453312844521869096e-01 1.371831587686586917e-01 3.658619074133830085e-02 -4.475471701784039524e-02
-3.853051319819214560e-02 -7.763214568005818994e-02 -5.864810899020969637e-02 3.199816157603832534e-02 1.514366278275997568e-01 2.453312844521869096e-01 2.879357875411813761e-01 2.193824826190072241e-01 1.323660268334870271e-01 4.490674084946408295e-02
4.321235134085218976e-02 -5.252693985746928473e-02 -9.113060792373654795e-02 -4.602428185067440614e-02 3.816582002104972060e-02 1.371831587686586917e-01 2.193824826190072241e-01 2.628184826257521367e-01 2.201199973076627403e-01 1.474599132354703079e-01
1.421061735276307192e-01 2.191377202902398957e-02 -6.511822407218256781e-02 -7.579618538715972298e-02 -4.739390314663492754e-02 3.658619074133830085e-02 1.323660268334870271e-01 2.201199973076627403e-01 2.781308609759376438e-01 2.451108957644224928e-01
2.444417262973460625e-01 1.247216469778437142e-01 1.461927635294688749e-02 -5.553031143876783343e-02 -8.562231510311224536e-02 -4.475471701784039524e-02 4.490674084946408295e-02 1.474599132354703079e-01 2.451108957644224928e-01 3.335253581423961444e-01
3.142447050200700698e-01 2.535868655394165616e-01 1.472612888782948437e-01 3.496680877471414206e-02 -5.227178189486801629e-02 -8.268049569284481592e-02 -5.015702579577062392e-02 3.107845861600728316e-02 1.307980427204501750e-01 2.266077512400135885e-01
2.535868655394165616e-01 3.268658981903643235e-01 2.404457035535255138e-01 1.330009281976078372e-01 3.158759325661043144e-02 -4.921451347074941307e-02 -7.959961379236929480e-02 -5.496850387436975904e-02 2.663705136910448495e-02 1.369921822076589357e-01
1.472612888782948437e-01 2.404457035535255138e-01 2.790901667913998629e-01 2.180050964613271525e-01 1.356825178904916274e-01 3.960860736738804067e-02 -4.580834123482686870e-02 -8.370392557849025417e-02 -5.494353839981414023e-02 3.390695137096616518e-02
3.496680877471414206e-02 1.330009281976078372e-01 2.180050964613271525e-01 2.706820503515033893e-01 2.373793432697801631e-01 1.471495108050359102e-01 3.636627940393762776e-02 -5.446650556355274453e-02 -8.414699734906559703e-02 -4.851937767665173012e-02
-5.227178189486801629e-02 3.158759325661043144e-02 1.356825178904916274e-01 2.373793432697801631e-01 3.230382787918154586e-01 2.506906385868947762e-01 1.375972241065756829e-01 2.425516131238389730e-02 -5.804331254621114544e-02 -8.200698077482339310e-02
-8.268049569284481592e-02 -4.921451347074941307e-02 3.960860736738804067e-02 1.471495108050359102e-01 2.506906385868947762e-01 3.080053461584912333e-01 2.281824679656677124e-01 1.298022968513384279e-01 2.780722398018011660e-02 -5.142066678162010573e-02
-5.015702579577062392e-02 -7.959961379236929480e-02 -4.580834123482686870e-02 3.636627940393762776e-02 1.375972241065756829e-01 2.281824679656677124e-01 2.762608844279543785e-01 2.350868470573919122e-01 1.428241843765860886e-01 3.645479639545946837e-02
3.107845861600728316e-02 -5.496850387436975904e-02 -8.370392557849025417e-02 -5.446650556355274453e-02 2.425516131238389730e-02 1.298022968513384279e-01 2.350868470573919122e-01 3.229055186501014751e-01 2.528457623276985644e-01 1.419980277729165907e-01
