9.285911677932290331e-02 1.187945113049506396e-01 9.132810795949777849e-02 6.985364019756701293e-02 6.162645895816493136e-02 6.359270035174374724e-02 8.731867105965748777e-02 1.017655375974336890e-01 9.691371094389522600e-02 8.501461243781761878e-02 6.213311865925152944e-02 6.879981375069763039e-02
1.028457535947956691e-01 8.814614499731975028e-02 7.852682572422722829e-02 8.554594144320813720e-02 7.082504074674231265e-02 8.346204403210080724e-02 9.485963030334484958e-02 8.975799182573267199e-02 8.366943501904422487e-02 6.631304470091178849e-02 6.947378491251353372e-02 8.657436270005905432e-02
8.885649382247565176e-02 9.186393842265691556e-02 1.009704372211592399e-01 9.108850123839576374e-02 8.984324719971137352e-02 7.871365667662683085e-02 7.436179792829822333e-02 8.263513267209421365e-02 8.256271180289451173e-02 7.668895251381332989e-02 6.952116555485618465e-02 7.289396494701774754e-02
6.810961949759730683e-02 8.085823980488332507e-02 1.097485632461470406e-01 1.223270076936286838e-01 9.402701305885687033e-02 5.737968048883365646e-02 7.102090446680747737e-02 8.793766349068865562e-02 8.572130140766549833e-02 8.320477062355342845e-02 7.307117732158117940e-02 6.659405889975689163e-02
9.840516768642398882e-02 8.893694903922695627e-02 7.499657996698462503e-02 8.625735598129427584e-02 8.425337925784792681e-02 8.623332448391687888e-02 7.604285588767499549e-02 7.069253396925143096e-02 7.578863916319709959e-02 7.184455758285612781e-02 8.857051778571931044e-02 9.797813919560650897e-02
8.397734739261805692e-02 8.237732583519802310e-02 1.005802607816184968e-01 1.279570556404103499e-01 1.036552097825629987e-01 7.848718623157124874e-02 6.532935901263214884e-02 5.948593245874005814e-02 5.146598138248783399e-02 6.870716160119651195e-02 8.962538141723158658e-02 8.835179846373299173e-02
8.610471847970935233e-02 7.747427683046409497e-02 7.649280212454842576e-02 8.155593369024341510e-02 8.654399066399939833e-02 7.165520940946260020e-02 7.158659663808110418e-02 8.301038793614627653e-02 8.952438827723677162e-02 8.414806317837596195e-02 9.176358406364042153e-02 1.001400487080923440e-01
6.945005990657467099e-02 7.619590324868982800e-02 7.833962120046186750e-02 1.215838028972263951e-01 9.226109923232433951e-02 9.587888580585206266e-02 9.464577700044905784e-02 7.653908456776990776e-02 6.432944266563042635e-02 8.583418845145704412e-02 7.564345169698248605e-02 6.929868332658184471e-02
9.619579527220714632e-02 9.595395380593992052e-02 8.489050669939386673e-02 7.049326108034159599e-02 8.600120653532228321e-02 8.878902655643096387e-02 8.172622992185810120e-02 7.003354123322372282e-02 6.103831991856607797e-02 6.608756973790443079e-02 9.096840212380696844e-02 1.078221871150048528e-01
7.645364676846833074e-02 9.978812627714817030e-02 1.033779695295651418e-01 9.782142589551648393e-02 9.871379251215608996e-02 8.906983639585910884e-02 7.540374747439970715e-02 7.264646307062658237e-02 7.562399378654194315e-02 7.972055984461574873e-02 6.583365761765472279e-02 6.554678082744806733e-02
1.120769321425947318e-01 9.254519645217401669e-02 7.565228720035138688e-02 7.566840027220429754e-02 6.668629102748901971e-02 6.612463943281426948e-02 5.932492309505187772e-02 7.919414706446298302e-02 9.275947646930485235e-02 8.921731768757984460e-02 9.305980168624225501e-02 9.769058746973081908e-02
8.338947408419403184e-02 8.609105272328293479e-02 7.147108143843952655e-02 7.412449522426671489e-02 7.930437338164399164e-02 9.187652920117943267e-02 7.952236449534302865e-02 9.801835017363183522e-02 8.854944898639789674e-02 8.484253680241013451e-02 9.047150247822328961e-02 7.233879101098757147e-02
9.909487861309435042e-02 9.614686731751805049e-02 8.184615596193017817e-02 7.331689578277891806e-02 7.974332178697068896e-02 9.545348167434633546e-02 9.124034555057766727e-02 8.362472043299568059e-02 6.960381580433072646e-02 6.625352692763987472e-02 7.714430626161819515e-02 8.653168388619913998e-02
7.844588494198845297e-02 7.804698795786731147e-02 7.360882851687136630e-02 6.824478498170478968e-02 7.687356018117247336e-02 8.452618352087336306e-02 9.455148084308395706e-02 9.138817025092774160e-02 8.289900531043073451e-02 8.038192771003933867e-02 9.891237597169713625e-02 9.212080981334340446e-02
8.016777374448874616e-02 7.331447786698321034e-02 7.881050808860987078e-02 8.525672829920626083e-02 7.756198377290682289e-02 7.761351443173401810e-02 7.845291889753105985e-02 8.640954198883257775e-02 8.342651988275524844e-02 8.815680372599568604e-02 9.405192856719957195e-02 9.677730073375709341e-02
9.715807369854641273e-02 9.900773889226333058e-02 7.357440529846845378e-02 7.278753239714716439e-02 6.631748139704363165e-02 9.064615756212576758e-02 8.366576142737140731e-02 7.537880912767817854e-02 9.244206132734025805e-02 9.247828780793074244e-02 7.791522475982075313e-02 7.862846630426437167e-02
9.539880415963167271e-02 9.204735894877860702e-02 7.534954474139873848e-02 5.788705707922237736e-02 6.498460281143281225e-02 8.476799686138586365e-02 9.957078214664416560e-02 8.835592616478619987e-02 6.709480266393222370e-02 7.143547072528985686e-02 9.962709069439873444e-02 1.034805630030989354e-01
7.334938848059122107e-02 7.357666588978201139e-02 9.696287741712256159e-02 8.403725150299971858e-02 6.899764820002012022e-02 7.381656053708754439e-02 9.967422909071388393e-02 9.969815315108641884e-02 8.798362519914883217e-02 8.711761861546617192e-02 7.759188107385445177e-02 7.719410084212709189e-02
8.589883263981755446e-02 1.032109843771486096e-01 8.870995376329031401e-02 7.412108237950389145e-02 8.814754475208166906e-02 8.621904486771053699e-02 9.550941166080648137e-02 8.734147823279228562e-02 6.715546384449790074e-02 6.323870176104240404e-02 6.996642777340851549e-02 9.048107394789978164e-02
7.272880035103998497e-02 6.868116019224690394e-02 6.618530780991625784e-02 7.692763390431789361e-02 1.103414967383731515e-01 9.744812989887322030e-02 8.255327088398267676e-02 7.756198302209096895e-02 8.820302464731666348e-02 9.358701918783321472e-02 8.729591716662668532e-02 7.848625619738254511e-02
6.836491765623453620e-02 8.287048525741003147e-02 8.515775542547091015e-02 8.772729097826265088e-02 7.191015915252498003e-02 8.177237372122442283e-02 7.660199100092204838e-02 7.518381203035956473e-02 9.895374141159332670e-02 1.042671370740129166e-01 8.586242484175972411e-02 8.132791145022494339e-02
5.625783957181963724e-02 7.850212733475228633e-02 9.457577323921433077e-02 9.706562030625662252e-02 8.931644324398425872e-02 9.614057525437007257e-02 7.936381696251781914e-02 8.127633610318804602e-02 1.014057292845431252e-01 9.237915094662182969e-02 7.692889309782618978e-02 5.678769465490583757e-02
9.506800429083736570e-02 8.869543524380608945e-02 8.430612273020779424e-02 7.358778578470674681e-02 8.066408212183592830e-02 9.950479136032018557e-02 8.230284244021224271e-02 7.158365264820717999e-02 7.066862751669591991e-02 6.937181080786841703e-02 8.039466083452873058e-02 1.038521842207733720e-01
7.885242893327176761e-02 7.091260995945684875e-02 7.343910884818316553e-02 8.385872752554784926e-02 9.448440590848566911e-02 9.991322472496133589e-02 9.960315879101615255e-02 8.044493571709054880e-02 7.755261121337236885e-02 8.312181379199382047e-02 7.523323108606280729e-02 8.258374350055730506e-02
9.695952236709134975e-02 9.536775087450964639e-02 9.031918493362962874e-02 7.938413164510407793e-02 7.930188800834209184e-02 6.842360328407104397e-02 6.297143122566492557e-02 5.740763253584756781e-02 7.154532328852358791e-02 9.227146374198988421e-02 1.127639950867623253e-01 9.328407300846414119e-02
7.204156896327777726e-02 8.881795707801611039e-02 9.320066016162398270e-02 8.822552171135308874e-02 8.597924268471578146e-02 8.516801617821763426e-02 9.997784958284450241e-02 1.008426877719138803e-01 9.472645492349202057e-02 7.269588784227908052e-02 5.920051981455515255e-02 5.912363328771119697e-02
8.215734400476498722e-02 7.409652558187780624e-02 7.109857545019887537e-02 8.077011422172294952e-02 9.040223250297063640e-02 8.327371464827040826e-02 8.378516729636978355e-02 8.635823045587182056e-02 7.873944762361784200e-02 8.520001626933684791e-02 9.589507979743061572e-02 8.822355214756760766e-02
7.872725633415278423e-02 6.835367229780357767e-02 7.044400756564420107e-02 7.886613756217675242e-02 8.340961580753789018e-02 8.932182799819837760e-02 8.944737550979256491e-02 9.039067522277445532e-02 7.770590302939209271e-02 8.572610407648259545e-02 8.310549337591228991e-02 1.045019312201325573e-01
8.670329532251347393e-02 8.251943854499228792e-02 7.566570536304614847e-02 7.597269122709524036e-02 8.265560152204043387e-02 7.498689354639573312e-02 7.341549115423023908e-02 8.075263775046268022e-02 8.451403216789189765e-02 1.038202217667511668e-01 9.607256540024443348e-02 8.292142623433615412e-02
7.878556032716083068e-02 7.209632279467714788e-02 7.884967530163816685e-02 8.226919745871974499e-02 9.682353820973330083e-02 1.021263074714431340e-01 8.941944827135243912e-02 6.800134654825132352e-02 7.220860439743032044e-02 7.600725006289912877e-02 9.428407449283646158e-02 8.912867466385825110e-02
7.016927044018728132e-02 7.862410013069984216e-02 8.774178349570307955e-02 9.855232755114906595e-02 6.457313677962603360e-02 7.366831322640035595e-02 9.454844915076186795e-02 9.357837325017102914e-02 9.432724958778929136e-02 8.404203774966302609e-02 8.589692725934122697e-02 7.427803137850812198e-02
8.066892518722557082e-02 8.704534205905389843e-02 8.097194474970878519e-02 8.507601206945565597e-02 9.082341745377323083e-02 8.770044819313617401e-02 8.622364720957213791e-02 8.664340759422439753e-02 8.482930427829273035e-02 8.201783586084104849e-02 7.175790772374715520e-02 7.624180762096932629e-02
6.978973750508879470e-02 6.969747493528949400e-02 8.110603861450661756e-02 8.423284975720084222e-02 9.298568822011893387e-02 9.078813938026135399e-02 7.533939075867783497e-02 7.812479236634743696e-02 9.044513293339682958e-02 1.002861876682503012e-01 8.905507033380700987e-02 7.814949752705453723e-02
8.364116744173016871e-02 8.072665990591788854e-02 8.329194390111208102e-02 9.210916141591746209e-02 7.133606023843619415e-02 7.616437977691034589e-02 9.197076313362929911e-02 7.188366079302077605e-02 7.349079503226037258e-02 9.008075930606451731e-02 9.739859203024051060e-02 8.790605702476031458e-02
9.347704604423656694e-02 7.982168092158214989e-02 7.731193858387994111e-02 9.930820598153594636e-02 8.519530506509226386e-02 6.302684049613621609e-02 5.698248514186762120e-02 7.011055401380938967e-02 8.493125462398551373e-02 8.682319812416072757e-02 1.007449234187391685e-01 1.022665675849745576e-01
6.687718256363803238e-02 7.163073058037988661e-02 7.831749537851016851e-02 9.500577296441523045e-02 9.487462590696141285e-02 9.376932759583617161e-02 9.174503667452857392e-02 8.059991123217567777e-02 8.278655393154948916e-02 8.942678239848486643e-02 7.748301707328829335e-02 7.748356370023208595e-02
1.083161670532881149e-01 9.776112477006856927e-02 8.185529504788083277e-02 7.548792177998378539e-02 7.553593820423190608e-02 7.436788359078361221e-02 8.711806109025038714e-02 1.066648513726503184e-01 8.823016624934956753e-02 5.210067631561488694e-02 5.825139252914784266e-02 9.431052199675021841e-02
7.362497852166247081e-02 9.396294155054565889e-02 1.048613484750786778e-01 1.020789811766320831e-01 8.422542536531446578e-02 6.363124760450306061e-02 5.796371919973189457e-02 6.238946821837894341e-02 7.651966589429243237e-02 8.924499814450005675e-02 9.779230298355014173e-02 9.370492286581008634e-02
6.194259276134109204e-02 8.558441209001382832e-02 1.008310935936870684e-01 8.154315827847502529e-02 8.367830279851236341e-02 7.647495476051283103e-02 8.192306757567435760e-02 9.941072559647155804e-02 9.034863135397799838e-02 8.343276458854613498e-02 8.623699480445763677e-02 6.859330179833043883e-02
8.165430810715060272e-02 7.607040577538030923e-02 6.929937247248886545e-02 7.864418193908565002e-02 9.585751768659962757e-02 9.634855715677863308e-02 8.017641910646509940e-02 8.266102635761511663e-02 8.466239475848871820e-02 8.780555183702623556e-02 8.187955192536164328e-02 8.494071287755947108e-02
9.923009535490834310e-02 8.860105486236918848e-02 7.504070964752224127e-02 6.435800120722777462e-02 8.698156174796983775e-02 8.578691357115537930e-02 9.826140851498386952e-02 9.091272012230926236e-02 7.829995758564833874e-02 7.501316443797609312e-02 7.202412194384710808e-02 8.549029100408273019e-02
8.169347394021755915e-02 9.383146617433543724e-02 1.288832315312599675e-01 1.033425130443652307e-01 7.406975703116337739e-02 6.071981465193337230e-02 6.056247749312460710e-02 6.557698273277449974e-02 7.410216978980879721e-02 7.183170127375140823e-02 1.012133520670382425e-01 8.417306027022744552e-02
9.583890144966714097e-02 7.853936953433476864e-02 7.032182755306735922e-02 8.349319983888978114e-02 9.863225387520896392e-02 1.028011271027171741e-01 9.607664180423713951e-02 9.232983721603614524e-02 6.488797906464974230e-02 6.585960794082502956e-02 6.527882284867120299e-02 8.594043177169545522e-02
7.405495563811660686e-02 7.710759285070878377e-02 8.216248762867642275e-02 8.430636195802149180e-02 7.031903837650098354e-02 7.583898553992585168e-02 7.339336102334893808e-02 7.487075772867539392e-02 8.675590880323841292e-02 1.024438625810197567e-01 1.112443452295612256e-01 8.750234264220634051e-02
1.052409085644102488e-01 9.114346642057696846e-02 7.494079210839649230e-02 7.163247351959492470e-02 8.108953267434459988e-02 8.541627097267190383e-02 7.833727094530792967e-02 7.378335233457714026e-02 7.102852863130991456e-02 8.554610962830376530e-02 8.381524953779906362e-02 9.802604466270714578e-02
8.108387262714311650e-02 1.008481835259642245e-01 1.053846953102890588e-01 8.246550800600022102e-02 7.253195154313721305e-02 7.701822040275178860e-02 9.024973946182526796e-02 8.162318963081977019e-02 7.243310516476794692e-02 7.645630359228250406e-02 8.027835169000721582e-02 7.962687904501183911e-02
6.691308803044714038e-02 5.725803654129631853e-02 6.359890050157786245e-02 8.663102913444775677e-02 1.035447427084693894e-01 8.620473679936555000e-02 9.487289940539325728e-02 9.014434950344935027e-02 9.257042843924917497e-02 7.933488523117761260e-02 9.291190895718293152e-02 8.601499474794366273e-02
6.974165065816415043e-02 8.293705002982160179e-02 1.136424662076685327e-01 1.129479908504036206e-01 7.932219540033749738e-02 6.350843216937981928e-02 6.767009052836331362e-02 7.910179778481077340e-02 9.297670674278885050e-02 7.916901049268046386e-02 8.855208857280230661e-02 7.043052056277915307e-02
9.969341098105805044e-02 9.691266043643642636e-02 9.078297383830155609e-02 9.103680737128144740e-02 8.085114790639601201e-02 6.971899462609502940e-02 7.058175062368228503e-02 7.584048252219602326e-02 7.929794336896432705e-02 7.381730571118884365e-02 7.142033563252385420e-02 1.000461869818763394e-01
7.334678310325216943e-02 7.400695505586352141e-02 7.708800535697607481e-02 1.057474294997002850e-01 8.920223512408370636e-02 8.599303137160313470e-02 9.446353400460874572e-02 8.307585542281725743e-02 8.057085799380661606e-02 7.652936423948632216e-02 7.630445878819289152e-02 8.367149003960924758e-02
9.959624592050742020e-02 7.525207428560932998e-02 5.538103338358156547e-02 6.385924113605048746e-02 8.152161853267381186e-02 7.632259859533162272e-02 8.797176353945695970e-02 9.172904910443524518e-02 8.545419888024081978e-02 8.066747615478189748e-02 8.858038362431579216e-02 1.136643168430147705e-01
7.867290000112746318e-02 7.551007124607095333e-02 8.270904104258268441e-02 7.792238822708849599e-02 8.634200303230546436e-02 9.343140195381408053e-02 8.089406913185460957e-02 9.227569890778174189e-02 9.130648508908666139e-02 8.242996710335478983e-02 7.968830673246021790e-02 7.881766753247285151e-02
6.008429361537106356e-02 7.377084382315256261e-02 9.200186830625933787e-02 9.172838659333244771e-02 9.174353478394790817e-02 9.207125199981072705e-02 8.542692419128229686e-02 7.712231476419260934e-02 7.378750653682307481e-02 9.974406652446138333e-02 9.400065095274841298e-02 6.851835790861818265e-02
6.419118056364946090e-02 5.765456763353492275e-02 5.766820149263202772e-02 6.213789148897135017e-02 7.234461916634576939e-02 8.951889662210388288e-02 9.783057615343904168e-02 1.077220810979184207e-01 1.040894566133651888e-01 9.815078422644950285e-02 9.905817615794959563e-02 8.963356878364070468e-02
9.309399164115160497e-02 7.926809861140170221e-02 8.172608864977831677e-02 6.568912966742679327e-02 6.870839784062418576e-02 6.229010657597972012e-02 8.122273503334517808e-02 1.222979263339248335e-01 1.065468762799581803e-01 9.031423093258769685e-02 7.045414678161615596e-02 7.838827165220557669e-02
8.148867182027855205e-02 7.771897912401937170e-02 8.236274818390260100e-02 8.179698170299758153e-02 9.166447973756404466e-02 8.447256002643227513e-02 7.098289428957246794e-02 8.391142065062698330e-02 9.538228062289995368e-02 7.855541326559367654e-02 7.976500113274317960e-02 9.189856944336935451e-02
8.589644754831099460e-02 9.228303876972591968e-02 1.086126130368022524e-01 9.643305713237965149e-02 1.086370579085385590e-01 8.896368663373525887e-02 7.687075534921027076e-02 6.700647780762800099e-02 6.562106417332266850e-02 6.320225966514078642e-02 7.026823409204392690e-02 7.620530788316202953e-02
7.757793469481227833e-02 7.089432705781777144e-02 6.561476428606188849e-02 7.234730419681512092e-02 8.380200522350833570e-02 9.412148341631795812e-02 1.032672247843702817e-01 8.448988601442264379e-02 7.785524728142501072e-02 1.006296109763405444e-01 8.447344590617698878e-02 8.492676616193155226e-02
8.364410125380436489e-02 6.248687172298554582e-02 4.186623362660929493e-02 5.067736093050895230e-02 7.654663145486982623e-02 1.034387629634280353e-01 1.348945269936872859e-01 9.580477581797418318e-02 7.741711671034275100e-02 9.941114243691370755e-02 8.870076890961084426e-02 8.511170717926502816e-02
8.036449695171223040e-02 8.872613036573608059e-02 6.657185294538012221e-02 7.185187928599161278e-02 7.754121902905089514e-02 8.267595035348823673e-02 7.644109270980711801e-02 6.751528615365806618e-02 8.212163490678506261e-02 1.032761644643717391e-01 1.002366533541563659e-01 1.026776394798625813e-01
7.441048708803613132e-02 7.714129855920384693e-02 9.674499962388509455e-02 9.063604448513676304e-02 7.341706312916035371e-02 6.585361695596922416e-02 7.379515329415399505e-02 1.003598637852866210e-01 1.056185456371380865e-01 8.436873946947995306e-02 7.429122662905175700e-02 8.336296134349843734e-02
9.908624787485148522e-02 1.025507763133165773e-01 9.257718615479224034e-02 8.766348893535672038e-02 7.658299073486005137e-02 7.026454146351605867e-02 6.692480083448171246e-02 7.441304557716960089e-02 7.947110293844919515e-02 7.774757337592795581e-02 8.450546906476169573e-02 8.821277673251676221e-02
7.285268254872737104e-02 8.622550968065971488e-02 7.102768054863012326e-02 7.222842809429781685e-02 9.015761836339128421e-02 8.225358954340300510e-02 8.770573213485639841e-02 9.387808381427367732e-02 9.893320326636327600e-02 1.028584108641594497e-01 7.611426516832886513e-02 6.576479597290915691e-02
7.810029146457975191e-02 8.111600335957538932e-02 8.181936458658226052e-02 7.331951708774296639e-02 7.052620627286128319e-02 7.889654964716655283e-02 7.549232401595755426e-02 8.448194275182394075e-02 8.402488486080371410e-02 9.619396871290036843e-02 1.062427969809327938e-01 8.978615025907349390e-02
8.328461869702774578e-02 7.858233387482516097e-02 7.167656455149283568e-02 7.780547397219614303e-02 8.708557631957060396e-02 1.020662544671731009e-01 8.946273935173473801e-02 9.372990487740398557e-02 7.265378184595627786e-02 6.560051715634360181e-02 7.962623794774634223e-02 9.842599693852938092e-02
6.547943033382361278e-02 7.042453822934871543e-02 6.291351283948951045e-02 7.050021064446695962e-02 8.173468633040650855e-02 8.610359134512349244e-02 8.525401521129852278e-02 8.216834613304668800e-02 9.137493061503024205e-02 1.126208895388994546e-01 1.164864839439327671e-01 7.493936483513351232e-02
6.544434707989879585e-02 7.104969081947465348e-02 8.681537888098914135e-02 1.240195819695228130e-01 1.071597092293845171e-01 8.511717464927456844e-02 8.684170803581067744e-02 7.997703734398320385e-02 6.739198084915767883e-02 7.331391984989062138e-02 7.927488568231193244e-02 7.359458561030116086e-02
9.145381278282815884e-02 8.718800768099760345e-02 9.197297308591784182e-02 9.859336879221874961e-02 8.989317023560811082e-02 7.218793976385784461e-02 6.700198576812282925e-02 5.630267429737923629e-02 5.445806481849827657e-02 7.462435612516550576e-02 1.132208209320892667e-01 1.031028257173166457e-01
7.322361939620748716e-02 7.263997910252913137e-02 8.530220781056910284e-02 6.906757109879022027e-02 8.356538388497659897e-02 7.568599468271421105e-02 8.085070385328527176e-02 8.500543461585444160e-02 9.541682143055696397e-02 1.027276865578503340e-01 9.682381269886997099e-02 7.969078486779615500e-02
9.416145882698620517e-02 9.078451995469996594e-02 8.847900836227509669e-02 7.046001697229054006e-02 6.883416834926996131e-02 6.047335634624228379e-02 8.093252015487550910e-02 1.113844775280544153e-01 9.543297973457168237e-02 8.105051313980858596e-02 7.495606080354684508e-02 8.305091982737873579e-02
6.172066002383684580e-02 7.240576583658436816e-02 7.820215607151564940e-02 9.105061728804897392e-02 9.597532526170030054e-02 9.446666837994274757e-02 9.402848463413115976e-02 9.320081894356099794e-02 9.181352504007424253e-02 9.308800574513555193e-02 7.339909212327755395e-02 6.064888065219196933e-02
6.972441420427616388e-02 8.390628742250214045e-02 1.006386138997971136e-01 8.060564014523563525e-02 7.050597373676315005e-02 6.829264214091515517e-02 7.832606471218417354e-02 8.064067424843410214e-02 8.251913510964249687e-02 1.005466284777720293e-01 9.927084765586530191e-02 8.502307824661241298e-02
7.975813392630608234e-02 7.866193136846207079e-02 7.717285292030590105e-02 8.792682598086275225e-02 9.187471688304810202e-02 8.595331800599420591e-02 8.426144010024458342e-02 8.554688173093499826e-02 8.290662171238252776e-02 9.125193644657875192e-02 7.997546393305811352e-02 7.470987699182217445e-02
7.885123033399774051e-02 6.688061237573680873e-02 5.985884798485056890e-02 5.560193010019991167e-02 7.502322464357044640e-02 1.050065720960917104e-01 1.008217701471251504e-01 9.143564543701064584e-02 7.888252616039967413e-02 9.294172339538428473e-02 1.060604829081765177e-01 8.863543441745654061e-02
9.589918229045535369e-02 8.858454960129949485e-02 7.874922228018461923e-02 7.104643080982472880e-02 7.504428988429301395e-02 7.682620452065086480e-02 6.848904567451116754e-02 7.379000873380486825e-02 8.056755761298713125e-02 9.594819388100844781e-02 1.022346159177492941e-01 9.282069879323090467e-02
5.660742304301455419e-02 6.766077060586606073e-02 9.600073988947610548e-02 1.108182267511182428e-01 9.179392533383987085e-02 9.111179325295329368e-02 1.020371505029088466e-01 9.587819254326435114e-02 8.785832209146769711e-02 7.436080362845379210e-02 6.771152870268719315e-02 5.816112365495022807e-02
8.254229466858753472e-02 8.118108507158144915e-02 9.727307946737188959e-02 9.056096087832180008e-02 7.165931998530336577e-02 6.745066051998295509e-02 8.369290922820835088e-02 9.372242501042732377e-02 7.904645480727526263e-02 8.602985110864101725e-02 8.535076661296905898e-02 8.149019264133033902e-02
6.929209490898823043e-02 8.123558010582250521e-02 8.324508252469897673e-02 9.293823319447769293e-02 1.006793522302278920e-01 8.679818025131866288e-02 8.611147517038070243e-02 8.925367876385845167e-02 8.805173023851886605e-02 7.219592221715552538e-02 7.638618104437233658e-02 7.381248935018033808e-02
8.446732895480915659e-02 8.422954231010812420e-02 8.586309393345464835e-02 7.151219250556542506e-02 6.714953020149960761e-02 7.574906963382738168e-02 8.212387797439693604e-02 1.045051786859634568e-01 8.103121489292050561e-02 8.357232837897586586e-02 8.935200849994767713e-02 9.044463402853102074e-02
9.250465468822599568e-02 8.434929232669596821e-02 7.728611291385391324e-02 8.204716351611079928e-02 7.981306589775960525e-02 8.476383066444384551e-02 9.303884845919906110e-02 8.164762618063098332e-02 7.154239958358207807e-02 7.460365073477859266e-02 9.262633852743688834e-02 8.577701650728253302e-02
8.758801026385368282e-02 9.256320980098924067e-02 9.042435543318133595e-02 8.060981636898298386e-02 9.311640586427881450e-02 9.115869894461769984e-02 7.385630989320812745e-02 8.437473799248407236e-02 8.015219756980850041e-02 7.442235336507974086e-02 7.667384571379610991e-02 7.506005878971991341e-02
8.698579912909298884e-02 7.447547103489091103e-02 7.437947939133335296e-02 7.846338204236849578e-02 8.866270097202673395e-02 9.276920791617596085e-02 8.531989348744735413e-02 7.986210745537662692e-02 7.477439551230224968e-02 7.734041504079711138e-02 9.107865895420964863e-02 9.588848906397855199e-02
8.496474496444654523e-02 8.399836255227333126e-02 8.969096715674948483e-02 8.459782913753291500e-02 7.416507805820482524e-02 6.603677572098087811e-02 6.463000161331669546e-02 6.475301061602886654e-02 8.035387947497113492e-02 1.124995805526770726e-01 1.048092509489077367e-01 8.950051920391073612e-02
6.221618072074691641e-02 8.497027221839220656e-02 1.046113593414196991e-01 9.451400512384069974e-02 8.270530632025070716e-02 7.877892584253055885e-02 7.395808025899869298e-02 8.354303912805215171e-02 8.987240754582426217e-02 9.793869941809651980e-02 8.387180766776256013e-02 6.301991641408520584e-02
8.188598637180209694e-02 9.603627949099380334e-02 1.013496235134157403e-01 7.968408606799785854e-02 8.177517589560939770e-02 7.747561744253320115e-02 7.972360069911448022e-02 7.023513373260076298e-02 7.452354629088647764e-02 8.642075431515663930e-02 8.523476698313241229e-02 8.565542919675700473e-02
8.571258875077991668e-02 8.694488630872668211e-02 7.978586412381935555e-02 7.052438040098595040e-02 6.035708310609579075e-02 8.205523090948740883e-02 9.985267135083153445e-02 1.134716533710287412e-01 9.203874426772132300e-02 7.530342015510556319e-02 7.786183084777492658e-02 7.609164640764275178e-02
7.607702601975629975e-02 7.358549030318889406e-02 7.556156206472086634e-02 7.460977552302736071e-02 6.905415553210204893e-02 7.243288282796447874e-02 7.078621050898403766e-02 7.677438818675838550e-02 8.844072342590096614e-02 1.088536616834515497e-01 1.140562864486565631e-01 9.976783747548875758e-02
7.026159804579908130e-02 7.471445505317339530e-02 7.719631155291981073e-02 8.117177273707067153e-02 9.726031280379185406e-02 1.021734566407127009e-01 7.591160143155363527e-02 6.264972303967238088e-02 7.661085047689855654e-02 9.334894385258636629e-02 9.105810461823510282e-02 9.764286974758686066e-02
9.151690836343290281e-02 9.440699877673722207e-02 8.282114561905179473e-02 7.054062856970780282e-02 7.855487192443752487e-02 8.034645432813178334e-02 7.463046656107064081e-02 7.003605693479131311e-02 8.354185202035939450e-02 8.193842075976560946e-02 9.076035727665636432e-02 1.009058388658578137e-01
9.015085123818611379e-02 1.040406557831290435e-01 1.021979053966660944e-01 8.845463997312461024e-02 7.210946971603557354e-02 7.679029950973723095e-02 6.981056369549065721e-02 6.912351942986431907e-02 7.702402859416804248e-02 8.482291567935157373e-02 8.648307819414732811e-02 7.899207279009921867e-02
7.148660723278116302e-02 8.586525338864833823e-02 9.973076891387450127e-02 8.439291059871031897e-02 7.660546291004052821e-02 7.969668478569394421e-02 8.337208130706821874e-02 8.267452872410332998e-02 8.921435550975545525e-02 9.198978225259632491e-02 8.133939756639091412e-02 7.363216681033704636e-02
7.770850597828876660e-02 7.884762905253903109e-02 9.835282644453773038e-02 1.024412981560840902e-01 8.215371999696369221e-02 6.189969132994414813e-02 7.584388172760442304e-02 7.302271638270502185e-02 8.315998380682775026e-02 1.031235669693518486e-01 8.393129241618212111e-02 7.951488773897141815e-02
8.755406142526679647e-02 9.441096126214409967e-02 8.207302312804348743e-02 7.995077394440056051e-02 7.096991785654130358e-02 6.379380530161610219e-02 7.247068212426766021e-02 7.675469032241731548e-02 7.661060248831366715e-02 1.038614259196176531e-01 9.113587372792804342e-02 1.004141824994437132e-01
6.530652309850824844e-02 9.346719806032172118e-02 1.078874335816873697e-01 8.377531619056247103e-02 8.397917000520205288e-02 7.794898503248974542e-02 8.376003286377148305e-02 8.935702614111017128e-02 8.260869234100480518e-02 8.123620535766855333e-02 8.356224362153502616e-02 6.711117370613836619e-02
9.403620363011010175e-02 8.856270739660770941e-02 8.787962777294142103e-02 7.750735914759589174e-02 7.333518220911400265e-02 7.200877966699631427e-02 7.539132843078302781e-02 8.014991111260716394e-02 8.541071545082838667e-02 7.481818606265344673e-02 8.906438720029825895e-02 1.018356119194644416e-01
1.014018002116127415e-01 9.122984995816943443e-02 7.753708534934089514e-02 8.472999776852097042e-02 1.022626309752358853e-01 9.080542158175589074e-02 7.239225760868993331e-02 7.093379239077571285e-02 8.137027236048746670e-02 8.028825086899027408e-02 6.924699621750397827e-02 7.780164470891717809e-02
1.007922693333696273e-01 1.302807040934401694e-01 9.782100608842335399e-02 7.151634923764092766e-02 7.152466263769728660e-02 6.886441440964839733e-02 7.561715533080076712e-02 7.974402198313328138e-02 7.986271242752242261e-02 7.334072162580572429e-02 7.055842964340619528e-02 8.007755318911195797e-02
8.226704458800276898e-02 9.226414176123709510e-02 8.146937271711615636e-02 8.953793281083399780e-02 8.062584868972116903e-02 6.153722618857503796e-02 6.975092028760188079e-02 1.030399873473716033e-01 1.080084330291509742e-01 9.497242672235636785e-02 7.397908465484388796e-02 6.254758120318928971e-02
6.998519379680441521e-02 7.682064228864647626e-02 8.284784691481485164e-02 8.542979992117835653e-02 8.203495022462828357e-02 8.848952264829297587e-02 7.431699375266864749e-02 7.706899894529851969e-02 9.560316849830113872e-02 1.137084947444441524e-01 8.554244182281350861e-02 6.815194644210842423e-02
7.036197907557012465e-02 5.858601839124618488e-02 5.081823114039744904e-02 6.747370913791254921e-02 8.714659759655252191e-02 8.709909553761277512e-02 1.019323876983413563e-01 9.950121010239323938e-02 1.043742483261312914e-01 9.860056929014154870e-02 9.407252689433286130e-02 8.003342680936786913e-02
