9.285911677932290331e-02 1.032974794361118803e-01 8.793600440264456863e-02 7.307491351773984234e-02 6.301591170772889716e-02 5.710251837761193272e-02 6.050589042837834636e-02 6.317526518930405288e-02 6.436541955583997832e-02 6.708430820088055746e-02 6.640634085269465914e-02 7.754921874194009579e-02
1.032974794361118803e-01 1.187945113049506396e-01 1.025625823965538863e-01 8.543758555460585769e-02 7.291071985688551971e-02 6.450513175577703151e-02 6.629428821659998083e-02 6.732560575662854818e-02 6.733500923196081289e-02 6.990479268367971732e-02 7.012713749442237021e-02 8.386508508365644876e-02
8.793600440264456863e-02 1.025625823965538863e-01 9.132810795949777849e-02 7.795349108190050003e-02 6.774229189087078995e-02 6.049513735276595972e-02 6.206398699216944537e-02 6.213618761171951776e-02 6.066560479206250384e-02 6.131843581230306955e-02 6.018710595189465107e-02 7.120395187274400350e-02
7.307491351773984234e-02 8.543758555460585769e-02 7.795349108190050003e-02 6.985364019756701293e-02 6.341473791235677226e-02 5.870538167746350289e-02 6.153043195587959424e-02 6.155709701445515047e-02 5.869652727146093540e-02 5.691485092321885153e-02 5.310954712648565529e-02 6.027657377685254059e-02
6.301591170772889716e-02 7.291071985688551971e-02 6.774229189087078995e-02 6.341473791235677226e-02 6.162645895816493136e-02 6.038116192616325290e-02 6.575358735448809389e-02 6.659503675083677798e-02 6.256857188818225335e-02 5.821868772835327166e-02 5.092397927227948484e-02 5.410766569641598661e-02
5.710251837761193272e-02 6.450513175577703151e-02 6.049513735276595972e-02 5.870538167746350289e-02 6.038116192616325290e-02 6.359270035174374724e-02 7.266172152484523528e-02 7.520524138340867193e-02 7.046270538526150373e-02 6.370769415057050966e-02 5.254287487348202612e-02 5.185859089349210277e-02
6.050589042837834636e-02 6.629428821659998083e-02 6.206398699216944537e-02 6.153043195587959424e-02 6.575358735448809389e-02 7.266172152484523528e-02 8.731867105965748777e-02 9.274415091993008786e-02 8.752994704529917791e-02 7.821125102851322897e-02 6.217126065432598825e-02 5.796529269145159202e-02
6.317526518930405288e-02 6.732560575662854818e-02 6.213618761171951776e-02 6.155709701445515047e-02 6.659503675083677798e-02 7.520524138340867193e-02 9.274415091993008786e-02 1.017655375974336890e-01 9.774872982600182891e-02 8.777091614550362741e-02 6.900002203498009634e-02 6.261991444122241846e-02
6.436541955583997832e-02 6.733500923196081289e-02 6.066560479206250384e-02 5.869652727146093540e-02 6.256857188818225335e-02 7.046270538526150373e-02 8.752994704529917791e-02 9.774872982600182891e-02 9.691371094389522600e-02 8.890190431478642297e-02 7.074712696684670732e-02 6.439764059010065489e-02
6.708430820088055746e-02 6.990479268367971732e-02 6.131843581230306955e-02 5.691485092321885153e-02 5.821868772835327166e-02 6.370769415057050966e-02 7.821125102851322897e-02 8.777091614550362741e-02 8.890190431478642297e-02 8.501461243781761878e-02 7.015448713240693412e-02 6.597436090528037422e-02
6.640634085269465914e-02 7.012713749442237021e-02 6.018710595189465107e-02 5.310954712648565529e-02 5.092397927227948484e-02 5.254287487348202612e-02 6.217126065432598825e-02 6.900002203498009634e-02 7.074712696684670732e-02 7.015448713240693412e-02 6.213311865925152944e-02 6.246477113942558446e-02
7.754921874194009579e-02 8.386508508365644876e-02 7.120395187274400350e-02 6.027657377685254059e-02 5.410766569641598661e-02 5.185859089349210277e-02 5.796529269145159202e-02 6.261991444122241846e-02 6.439764059010065489e-02 6.597436090528037422e-02 6.246477113942558446e-02 6.879981375069763039e-02
1.028457535947956691e-01 9.330548208071573479e-02 8.307770557019714119e-02 7.951128973528404087e-02 6.595169200857831093e-02 6.507751994434143872e-02 6.634814850795769936e-02 6.610980640336577840e-02 6.903885559312546161e-02 6.906939402527031979e-02 7.831974133086347378e-02 9.255194888624379557e-02
9.330548208071573479e-02 8.814614499731975028e-02 8.093664443857954971e-02 7.888231251831945290e-02 6.545802303333357608e-02 6.365739875830603300e-02 6.323740343487858906e-02 6.109653437708845169e-02 6.209007776978331394e-02 6.106974725747181532e-02 6.894138750896725010e-02 8.218961242998776284e-02
8.307770557019714119e-02 8.093664443857954971e-02 7.852682572422722829e-02 7.966124553945781728e-02 6.760336066570993285e-02 6.622564184575047141e-02 6.496562407533545969e-02 6.088524194138160428e-02 5.944676909295605605e-02 5.614748636303518170e-02 6.150241618882154593e-02 7.254087931549038637e-02
7.951128973528404087e-02 7.888231251831945290e-02 7.966124553945781728e-02 8.554594144320813720e-02 7.547899793639360755e-02 7.587315652846302050e-02 7.477040897422734811e-02 6.885624889647232183e-02 6.486629927947565322e-02 5.835118214582264706e-02 6.094489834620608892e-02 6.983040002152282599e-02
6.595169200857831093e-02 6.545802303333357608e-02 6.760336066570993285e-02 7.547899793639360755e-02 7.082504074674231265e-02 7.459251539555408761e-02 7.524395102217559805e-02 6.930501900756873279e-02 6.387817612337876039e-02 5.496038091824881344e-02 5.426006048316357744e-02 5.935146707925021553e-02
6.507751994434143872e-02 6.365739875830603300e-02 6.622564184575047141e-02 7.587315652846302050e-02 7.459251539555408761e-02 8.346204403210080724e-02 8.711449024437134536e-02 8.125572352010586308e-02 7.436034764891619186e-02 6.207741323824243762e-02 5.837315259249245547e-02 6.071551215268070067e-02
6.634814850795769936e-02 6.323740343487858906e-02 6.496562407533545969e-02 7.477040897422734811e-02 7.524395102217559805e-02 8.711449024437134536e-02 9.485963030334484958e-02 9.057779379653180252e-02 8.363434744235159757e-02 6.929617210773081348e-02 6.364938797000790904e-02 6.401500677058749589e-02
6.610980640336577840e-02 6.109653437708845169e-02 6.088524194138160428e-02 6.885624889647232183e-02 6.930501900756873279e-02 8.125572352010586308e-02 9.057779379653180252e-02 8.975799182573267199e-02 8.491501981224480744e-02 7.127520703965101179e-02 6.560226783557152053e-02 6.524508690574645775e-02
6.903885559312546161e-02 6.209007776978331394e-02 5.944676909295605605e-02 6.486629927947565322e-02 6.387817612337876039e-02 7.436034764891619186e-02 8.363434744235159757e-02 8.491501981224480744e-02 8.366943501904422487e-02 7.246112424855635781e-02 6.832316008161461174e-02 6.865231681645518613e-02
6.906939402527031979e-02 6.106974725747181532e-02 5.614748636303518170e-02 5.835118214582264706e-02 5.496038091824881344e-02 6.207741323824243762e-02 6.929617210773081348e-02 7.127520703965101179e-02 7.246112424855635781e-02 6.631304470091178849e-02 6.559840474925085485e-02 6.803693923718343028e-02
7.831974133086347378e-02 6.894138750896725010e-02 6.150241618882154593e-02 6.094489834620608892e-02 5.426006048316357744e-02 5.837315259249245547e-02 6.364938797000790904e-02 6.560226783557152053e-02 6.832316008161461174e-02 6.559840474925085485e-02 6.947378491251353372e-02 7.547817232864915959e-02
9.255194888624379557e-02 8.218961242998776284e-02 7.254087931549038637e-02 6.983040002152282599e-02 5.935146707925021553e-02 6.071551215268070067e-02 6.401500677058749589e-02 6.524508690574645775e-02 6.865231681645518613e-02 6.803693923718343028e-02 7.547817232864915959e-02 8.657436270005905432e-02
8.885649382247565176e-02 8.798161178602853516e-02 8.671500223827890985e-02 7.646907727371472785e-02 7.056111794763918199e-02 6.305972289413291909e-02 6.015278162406453855e-02 6.400972180696390401e-02 6.684791035293420614e-02 6.916182998903548651e-02 7.157232858228954053e-02 7.837420715445364561e-02
8.798161178602853516e-02 9.186393842265691556e-02 9.371247661864107181e-02 8.367519156314121020e-02 7.651430077023806120e-02 6.632891223493311839e-02 6.059902530865500514e-02 6.195756982313416206e-02 6.302387909046371084e-02 6.450137020954122002e-02 6.710916028965810409e-02 7.501995768402168474e-02
8.671500223827890985e-02 9.371247661864107181e-02 1.009704372211592399e-01 9.315973089789393591e-02 8.636157351199215404e-02 7.423186319082164530e-02 6.599365490789112221e-02 6.508058846513267715e-02 6.394450796305614637e-02 6.366281861350604754e-02 6.519463736611097460e-02 7.282322169274176027e-02
7.646907727371472785e-02 8.367519156314121020e-02 9.315973089789393591e-02 9.108850123839576374e-02 8.776661917706599092e-02 7.678920627658043785e-02 6.818526477625028170e-02 6.605898861438641578e-02 6.298680571313058918e-02 6.043736590049893914e-02 5.964630563229673943e-02 6.482729691309541131e-02
7.056111794763918199e-02 7.651430077023806120e-02 8.636157351199215404e-02 8.776661917706599092e-02 8.984324719971137352e-02 8.167501373995834923e-02 7.408219008959732177e-02 7.201308219066752947e-02 6.763261354515960611e-02 6.288887488119701552e-02 5.941155842427642275e-02 6.172303697367645392e-02
6.305972289413291909e-02 6.632891223493311839e-02 7.423186319082164530e-02 7.678920627658043785e-02 8.167501373995834923e-02 7.871365667662683085e-02 7.436378469546164882e-02 7.395275444521873243e-02 6.968277871148938207e-02 6.380515224058598556e-02 5.824613090416324440e-02 5.771431544750526416e-02
6.015278162406453855e-02 6.059902530865500514e-02 6.599365490789112221e-02 6.818526477625028170e-02 7.408219008959732177e-02 7.436378469546164882e-02 7.436179792829822333e-02 7.668122392724795178e-02 7.348503903152328598e-02 6.728253965530957281e-02 6.029854770719447754e-02 5.761484105021152935e-02
6.400972180696390401e-02 6.195756982313416206e-02 6.508058846513267715e-02 6.605898861438641578e-02 7.201308219066752947e-02 7.395275444521873243e-02 7.668122392724795178e-02 8.263513267209421365e-02 8.121435129446988310e-02 7.523763143356387850e-02 6.730746263213216452e-02 6.322558437313924307e-02
6.684791035293420614e-02 6.302387909046371084e-02 6.394450796305614637e-02 6.298680571313058918e-02 6.763261354515960611e-02 6.968277871148938207e-02 7.348503903152328598e-02 8.121435129446988310e-02 8.256271180289451173e-02 7.820177238064771053e-02 7.087692644846860235e-02 6.674710659547128389e-02
6.916182998903548651e-02 6.450137020954122002e-02 6.366281861350604754e-02 6.043736590049893914e-02 6.288887488119701552e-02 6.380515224058598556e-02 6.728253965530957281e-02 7.523763143356387850e-02 7.820177238064771053e-02 7.668895251381332989e-02 7.141131305669751184e-02 6.856758942637788956e-02
7.157232858228954053e-02 6.710916028965810409e-02 6.519463736611097460e-02 5.964630563229673943e-02 5.941155842427642275e-02 5.824613090416324440e-02 6.029854770719447754e-02 6.730746263213216452e-02 7.087692644846860235e-02 7.141131305669751184e-02 6.952116555485618465e-02 6.925765742376990830e-02
7.837420715445364561e-02 7.501995768402168474e-02 7.282322169274176027e-02 6.482729691309541131e-02 6.172303697367645392e-02 5.771431544750526416e-02 5.761484105021152935e-02 6.322558437313924307e-02 6.674710659547128389e-02 6.856758942637788956e-02 6.925765742376990830e-02 7.289396494701774754e-02
6.810961949759730683e-02 7.158181561880963550e-02 7.750781802942693921e-02 7.702158448474205610e-02 6.603740177182734761e-02 5.154696328488372892e-02 5.563643461109500643e-02 6.105353334459664300e-02 6.163235485036673567e-02 6.369476985453223494e-02 6.379729616233562051e-02 6.514027720781079278e-02
7.158181561880963550e-02 8.085823980488332507e-02 9.160548221309322559e-02 9.229422203341400288e-02 7.757607471234458096e-02 5.726755622674696566e-02 5.760626064800226931e-02 6.008080177609434469e-02 5.898489766857906158e-02 6.049579091386607377e-02 6.140525836979962571e-02 6.487205787591103501e-02
7.750781802942693921e-02 9.160548221309322559e-02 1.097485632461470406e-01 1.134727657341633722e-01 9.529601222996740562e-02 6.836654994198131108e-02 6.563906827084953211e-02 6.555343592259105234e-02 6.228804137445721756e-02 6.265896057495701221e-02 6.344098299389805407e-02 6.804601243248198372e-02
7.702158448474205610e-02 9.229422203341400288e-02 1.134727657341633722e-01 1.223270076936286838e-01 1.047887861306023016e-01 7.551326346359574226e-02 7.199466033943566212e-02 7.067703399715224988e-02 6.560524254068716976e-02 6.438087733925246248e-02 6.383255883395536068e-02 6.761250601592594389e-02
6.603740177182734761e-02 7.757607471234458096e-02 9.529601222996740562e-02 1.047887861306023016e-01 9.402701305885687033e-02 7.047007427150558945e-02 6.954943810566832640e-02 6.926906959645287576e-02 6.396168150167430566e-02 6.147189069262636030e-02 5.894840782850779837e-02 6.001798879998667541e-02
5.154696328488372892e-02 5.726755622674696566e-02 6.836654994198131108e-02 7.551326346359574226e-02 7.047007427150558945e-02 5.737968048883365646e-02 6.103816933060832867e-02 6.336695739088391011e-02 5.923756655516840275e-02 5.627889348133285896e-02 5.207090126881087216e-02 5.006679213669744388e-02
5.563643461109500643e-02 5.760626064800226931e-02 6.563906827084953211e-02 7.199466033943566212e-02 6.954943810566832640e-02 6.103816933060832867e-02 7.102090446680747737e-02 7.731875576790690763e-02 7.367868770994163985e-02 6.988789933456240888e-02 6.313812779175888290e-02 5.785227473268818310e-02
6.105353334459664300e-02 6.008080177609434469e-02 6.555343592259105234e-02 7.067703399715224988e-02 6.926906959645287576e-02 6.336695739088391011e-02 7.731875576790690763e-02 8.793766349068865562e-02 8.562974766585519648e-02 8.189688125557431642e-02 7.359728540160506705e-02 6.601893358330625239e-02
6.163235485036673567e-02 5.898489766857906158e-02 6.228804137445721756e-02 6.560524254068716976e-02 6.396168150167430566e-02 5.923756655516840275e-02 7.367868770994163985e-02 8.562974766585519648e-02 8.572130140766549833e-02 8.337191366546473081e-02 7.550934839456624470e-02 6.761313826181494790e-02
6.369476985453223494e-02 6.049579091386607377e-02 6.265896057495701221e-02 6.438087733925246248e-02 6.147189069262636030e-02 5.627889348133285896e-02 6.988789933456240888e-02 8.189688125557431642e-02 8.337191366546473081e-02 8.320477062355342845e-02 7.674831985290478387e-02 6.958048219335789819e-02
6.379729616233562051e-02 6.140525836979962571e-02 6.344098299389805407e-02 6.383255883395536068e-02 5.894840782850779837e-02 5.207090126881087216e-02 6.313812779175888290e-02 7.359728540160506705e-02 7.550934839456624470e-02 7.674831985290478387e-02 7.307117732158117940e-02 6.811206543002165659e-02
6.514027720781079278e-02 6.487205787591103501e-02 6.804601243248198372e-02 6.761250601592594389e-02 6.001798879998667541e-02 5.006679213669744388e-02 5.785227473268818310e-02 6.601893358330625239e-02 6.761313826181494790e-02 6.958048219335789819e-02 6.811206543002165659e-02 6.659405889975689163e-02
9.840516768642398882e-02 9.092682040107746833e-02 7.731778077375606184e-02 7.446332219173977529e-02 6.756388452767678188e-02 6.512517048541310860e-02 6.132003507056887903e-02 6.171346260297089215e-02 6.829982389478285454e-02 7.236630127538030977e-02 8.637206375108696932e-02 9.578646641172972043e-02
9.092682040107746833e-02 8.893694903922695627e-02 7.884519301120895829e-02 7.791573903342685625e-02 7.090984192410323961e-02 6.725183199749520946e-02 6.129200411889686867e-02 5.914306052988924089e-02 6.293747312278477613e-02 6.486142559879773395e-02 7.655167757836614517e-02 8.574591989132623882e-02
7.731778077375606184e-02 7.884519301120895829e-02 7.499657996698462503e-02 7.791799055068696078e-02 7.263601674624992066e-02 6.904158465286636126e-02 6.166881397786197483e-02 5.721519036515805567e-02 5.798570987286805201e-02 5.691003619317031720e-02 6.480811896926977345e-02 7.180380751218647106e-02
7.446332219173977529e-02 7.791573903342685625e-02 7.791799055068696078e-02 8.625735598129427584e-02 8.331035948615059250e-02 8.044142149078760406e-02 7.156172830803367302e-02 6.489680940392580921e-02 6.329824027174668633e-02 5.911022882098585646e-02 6.421781298339208910e-02 6.923432104694285383e-02
6.756388452767678188e-02 7.090984192410323961e-02 7.263601674624992066e-02 8.331035948615059250e-02 8.425337925784792681e-02 8.362878804938964072e-02 7.529463610504312510e-02 6.815490744569126236e-02 6.538823664460913232e-02 5.908339987232917589e-02 6.157980555213019014e-02 6.405046367209005220e-02
6.512517048541310860e-02 6.725183199749520946e-02 6.904158465286636126e-02 8.044142149078760406e-02 8.362878804938964072e-02 8.623332448391687888e-02 7.949792828095648967e-02 7.293084195292687255e-02 7.008629209582027675e-02 6.245531390370036295e-02 6.334196523557070191e-02 6.366469618562359267e-02
6.132003507056887903e-02 6.129200411889686867e-02 6.166881397786197483e-02 7.156172830803367302e-02 7.529463610504312510e-02 7.949792828095648967e-02 7.604285588767499549e-02 7.173749027389941801e-02 7.020730889647090744e-02 6.289847013290564282e-02 6.324796689043200859e-02 6.204662937979509713e-02
6.171346260297089215e-02 5.914306052988924089e-02 5.721519036515805567e-02 6.489680940392580921e-02 6.815490744569126236e-02 7.293084195292687255e-02 7.173749027389941801e-02 7.069253396925143096e-02 7.150874519032890397e-02 6.545781911242871953e-02 6.638488262604827495e-02 6.440044013407895951e-02
6.829982389478285454e-02 6.293747312278477613e-02 5.798570987286805201e-02 6.329824027174668633e-02 6.538823664460913232e-02 7.008629209582027675e-02 7.020730889647090744e-02 7.150874519032890397e-02 7.578863916319709959e-02 7.184591503613065033e-02 7.457982227143877818e-02 7.262392561954789105e-02
7.236630127538030977e-02 6.486142559879773395e-02 5.691003619317031720e-02 5.911022882098585646e-02 5.908339987232917589e-02 6.245531390370036295e-02 6.289847013290564282e-02 6.545781911242871953e-02 7.184591503613065033e-02 7.184455758285612781e-02 7.763099941255924286e-02 7.713793796166019956e-02
8.637206375108696932e-02 7.655167757836614517e-02 6.480811896926977345e-02 6.421781298339208910e-02 6.157980555213019014e-02 6.334196523557070191e-02 6.324796689043200859e-02 6.638488262604827495e-02 7.457982227143877818e-02 7.763099941255924286e-02 8.857051778571931044e-02 9.094334994101271885e-02
9.578646641172972043e-02 8.574591989132623882e-02 7.180380751218647106e-02 6.923432104694285383e-02 6.405046367209005220e-02 6.366469618562359267e-02 6.204662937979509713e-02 6.440044013407895951e-02 7.262392561954789105e-02 7.713793796166019956e-02 9.094334994101271885e-02 9.797813919560650897e-02
8.397734739261805692e-02 7.970775169749447220e-02 7.850459343063038997e-02 7.897972555356319591e-02 6.835867532881176323e-02 6.062928219347717140e-02 5.803716169779343098e-02 5.850948993284006694e-02 5.749283216837110244e-02 6.910903009359845028e-02 8.155000386713726068e-02 8.402842136511046167e-02
7.970775169749447220e-02 8.237732583519802310e-02 8.674148063010794774e-02 8.992020191832318654e-02 7.654445823999439513e-02 6.468933843333099509e-02 5.839300399252890517e-02 5.592669266976741521e-02 5.284361408026787277e-02 6.200448767730216970e-02 7.277950861426864260e-02 7.622711842609627975e-02
7.850459343063038997e-02 8.674148063010794774e-02 1.005802607816184968e-01 1.097070171738409039e-01 9.378809225824963347e-02 7.696660449463665898e-02 6.606589761244074932e-02 5.982918799442962093e-02 5.355227184577638494e-02 6.022567563021652415e-02 6.922166073260568875e-02 7.270082402159550039e-02
7.897972555356319591e-02 8.992020191832318654e-02 1.097070171738409039e-01 1.279570556404103499e-01 1.122196043439517010e-01 9.212281855516220308e-02 7.757703038533805828e-02 6.802934103534680199e-02 5.843271449305173504e-02 6.309345118312555123e-02 7.042296871996525653e-02 7.283112925791121461e-02
6.835867532881176323e-02 7.654445823999439513e-02 9.378809225824963347e-02 1.122196043439517010e-01 1.036552097825629987e-01 8.774441268215071865e-02 7.501308215404581259e-02 6.586344896780993441e-02 5.593228827791597857e-02 5.922933853707427337e-02 6.456105423311228608e-02 6.488398595573241501e-02
6.062928219347717140e-02 6.468933843333099509e-02 7.696660449463665898e-02 9.212281855516220308e-02 8.774441268215071865e-02 7.848718623157124874e-02 6.971666054784816935e-02 6.269631131616418274e-02 5.387724681666750115e-02 5.714046468621931246e-02 6.159197382645768826e-02 6.018847762668447926e-02
5.803716169779343098e-02 5.839300399252890517e-02 6.606589761244074932e-02 7.757703038533805828e-02 7.501308215404581259e-02 6.971666054784816935e-02 6.532935901263214884e-02 6.096618133418044150e-02 5.375917179384051559e-02 5.792884928136335376e-02 6.252859677885756751e-02 6.003625860259589192e-02
5.850948993284006694e-02 5.592669266976741521e-02 5.982918799442962093e-02 6.802934103534680199e-02 6.586344896780993441e-02 6.269631131616418274e-02 6.096618133418044150e-02 5.948593245874005814e-02 5.421234346758986578e-02 5.980713032662918205e-02 6.519975052233381585e-02 6.222130587118371303e-02
5.749283216837110244e-02 5.284361408026787277e-02 5.355227184577638494e-02 5.843271449305173504e-02 5.593228827791597857e-02 5.387724681666750115e-02 5.375917179384051559e-02 5.421234346758986578e-02 5.146598138248783399e-02 5.850597025052343275e-02 6.483093901394412772e-02 6.205326881324420285e-02
6.910903009359845028e-02 6.200448767730216970e-02 6.022567563021652415e-02 6.309345118312555123e-02 5.922933853707427337e-02 5.714046468621931246e-02 5.792884928136335376e-02 5.980713032662918205e-02 5.850597025052343275e-02 6.870716160119651195e-02 7.760208003400920207e-02 7.491236403195498939e-02
8.155000386713726068e-02 7.277950861426864260e-02 6.922166073260568875e-02 7.042296871996525653e-02 6.456105423311228608e-02 6.159197382645768826e-02 6.252859677885756751e-02 6.519975052233381585e-02 6.483093901394412772e-02 7.760208003400920207e-02 8.962538141723158658e-02 8.777441408444822124e-02
8.402842136511046167e-02 7.622711842609627975e-02 7.270082402159550039e-02 7.283112925791121461e-02 6.488398595573241501e-02 6.018847762668447926e-02 6.003625860259589192e-02 6.222130587118371303e-02 6.205326881324420285e-02 7.491236403195498939e-02 8.777441408444822124e-02 8.835179846373299173e-02
8.610471847970935233e-02 7.929206070416555674e-02 7.350413181230280868e-02 6.996250124646276325e-02 6.751702505955102518e-02 5.927033962905829678e-02 5.824607719306792997e-02 6.325955409333922086e-02 6.879579666697616114e-02 7.230578858353021998e-02 8.179050291561687502e-02 9.045019805576900995e-02
7.929206070416555674e-02 7.747427683046409497e-02 7.484560284463684376e-02 7.288876857242333751e-02 7.059726273290409249e-02 6.089976705584324024e-02 5.772979149535649446e-02 5.995882262593917739e-02 6.254505012020059040e-02 6.384326737583592704e-02 7.156344846490622635e-02 8.024677713329717021e-02
7.350413181230280868e-02 7.484560284463684376e-02 7.649280212454842576e-02 7.721408477778067547e-02 7.608214509893376776e-02 6.554092274685766051e-02 6.096746298063453195e-02 6.120889059726428161e-02 6.116820310704390584e-02 5.981283889324461034e-02 6.516066233662418106e-02 7.279934256073428145e-02
6.996250124646276325e-02 7.288876857242333751e-02 7.721408477778067547e-02 8.155593369024341510e-02 8.253589143091918934e-02 7.196533907208546577e-02 6.690905779660741293e-02 6.615487597835664757e-02 6.413266330562539252e-02 6.012908614203466701e-02 6.298746791028675407e-02 6.900039222692791463e-02
6.751702505955102518e-02 7.059726273290409249e-02 7.608214509893376776e-02 8.253589143091918934e-02 8.654399066399939833e-02 7.722697100945735693e-02 7.288681380199842075e-02 7.228679580620028799e-02 6.920559164500295068e-02 6.297939301593988293e-02 6.348736313565409017e-02 6.746882151777239267e-02
5.927033962905829678e-02 6.089976705584324024e-02 6.554092274685766051e-02 7.196533907208546577e-02 7.722697100945735693e-02 7.165520940946260020e-02 6.984893188707955169e-02 7.075507801668429186e-02 6.810918429989598621e-02 6.110105473857741637e-02 5.967128541076852088e-02 6.108965555162785416e-02
5.824607719306792997e-02 5.772979149535649446e-02 6.096746298063453195e-02 6.690905779660741293e-02 7.288681380199842075e-02 6.984893188707955169e-02 7.158659663808110418e-02 7.521288398139007458e-02 7.386773533252952162e-02 6.630940143136579423e-02 6.346368800907133123e-02 6.264896404543965347e-02
6.325955409333922086e-02 5.995882262593917739e-02 6.120889059726428161e-02 6.615487597835664757e-02 7.228679580620028799e-02 7.075507801668429186e-02 7.521288398139007458e-02 8.301038793614627653e-02 8.418757844007833391e-02 7.679375019262447977e-02 7.334211973209073254e-02 7.078948174011037708e-02
6.879579666697616114e-02 6.254505012020059040e-02 6.116820310704390584e-02 6.413266330562539252e-02 6.920559164500295068e-02 6.810918429989598621e-02 7.386773533252952162e-02 8.418757844007833391e-02 8.952438827723677162e-02 8.438458947734839288e-02 8.205272651948332385e-02 7.898278468943184527e-02
7.230578858353021998e-02 6.384326737583592704e-02 5.981283889324461034e-02 6.012908614203466701e-02 6.297939301593988293e-02 6.110105473857741637e-02 6.630940143136579423e-02 7.679375019262447977e-02 8.438458947734839288e-02 8.414806317837596195e-02 8.520893018809276576e-02 8.356609918394580783e-02
8.179050291561687502e-02 7.156344846490622635e-02 6.516066233662418106e-02 6.298746791028675407e-02 6.348736313565409017e-02 5.967128541076852088e-02 6.346368800907133123e-02 7.334211973209073254e-02 8.205272651948332385e-02 8.520893018809276576e-02 9.176358406364042153e-02 9.335262035326233332e-02
9.045019805576900995e-02 8.024677713329717021e-02 7.279934256073428145e-02 6.900039222692791463e-02 6.746882151777239267e-02 6.108965555162785416e-02 6.264896404543965347e-02 7.078948174011037708e-02 7.898278468943184527e-02 8.356609918394580783e-02 9.335262035326233332e-02 1.001400487080923440e-01
6.945005990657467099e-02 7.092521876169036177e-02 6.688624844114676726e-02 7.590861633450049495e-02 6.253918994876275783e-02 6.114258077999029650e-02 6.110069317385390109e-02 5.799998599909649000e-02 5.696222237970166580e-02 6.908926964619471756e-02 6.798437987150619810e-02 6.794010771242020574e-02
7.092521876169036177e-02 7.619590324868982800e-02 7.483081142353176229e-02 8.699765895965601292e-02 7.110587204650495319e-02 6.725983875115792987e-02 6.425782085240350217e-02 5.847689875920319968e-02 5.566285853738352912e-02 6.657154436794507357e-02 6.582455812772006198e-02 6.706822080209373649e-02
6.688624844114676726e-02 7.483081142353176229e-02 7.833962120046186750e-02 9.503305926831079331e-02 7.846456055380350569e-02 7.315468630840489539e-02 6.733296324664922450e-02 5.834151229280463979e-02 5.290177583312100779e-02 6.131716066926544417e-02 6.011632101466466566e-02 6.174200635082932598e-02
7.590861633450049495e-02 8.699765895965601292e-02 9.503305926831079331e-02 1.215838028972263951e-01 1.028735819776618043e-01 9.658026810218664493e-02 8.747746014370541556e-02 7.317033987253689087e-02 6.338444144512618561e-02 7.078181553211568278e-02 6.804705117306455997e-02 6.945837929745016237e-02
6.253918994876275783e-02 7.110587204650495319e-02 7.846456055380350569e-02 1.028735819776618043e-01 9.226109923232433951e-02 9.056945653931482154e-02 8.361948053666505565e-02 6.952591844211056249e-02 5.867564888499779419e-02 6.342795536580836391e-02 5.907060039607859442e-02 5.849806859907989015e-02
6.114258077999029650e-02 6.725983875115792987e-02 7.315468630840489539e-02 9.658026810218664493e-02 9.056945653931482154e-02 9.587888580585206266e-02 9.240167950052335932e-02 7.806746849998701110e-02 6.556224062200745328e-02 6.955733867803332027e-02 6.279782581720891321e-02 5.968297548202282365e-02
6.110069317385390109e-02 6.425782085240350217e-02 6.733296324664922450e-02 8.747746014370541556e-02 8.361948053666505565e-02 9.240167950052335932e-02 9.464577700044905784e-02 8.283094513814334703e-02 7.094317401459290795e-02 7.564304181680442385e-02 6.738579144379557018e-02 6.218554053022598560e-02
5.799998599909649000e-02 5.847689875920319968e-02 5.834151229280463979e-02 7.317033987253689087e-02 6.952591844211056249e-02 7.806746849998701110e-02 8.283094513814334703e-02 7.653908456776990776e-02 6.820520434994550851e-02 7.448251656010135280e-02 6.660924554968306044e-02 6.073713767680522652e-02
5.696222237970166580e-02 5.566285853738352912e-02 5.290177583312100779e-02 6.338444144512618561e-02 5.867564888499779419e-02 6.556224062200745328e-02 7.094317401459290795e-02 6.820520434994550851e-02 6.432944266563042635e-02 7.288005602344541090e-02 6.619683172844478825e-02 6.047678990912490338e-02
6.908926964619471756e-02 6.657154436794507357e-02 6.131716066926544417e-02 7.078181553211568278e-02 6.342795536580836391e-02 6.955733867803332027e-02 7.564304181680442385e-02 7.448251656010135280e-02 7.288005602344541090e-02 8.583418845145704412e-02 7.951079518117303013e-02 7.338501405057362703e-02
6.798437987150619810e-02 6.582455812772006198e-02 6.011632101466466566e-02 6.804705117306455997e-02 5.907060039607859442e-02 6.279782581720891321e-02 6.738579144379557018e-02 6.660924554968306044e-02 6.619683172844478825e-02 7.951079518117303013e-02 7.564345169698248605e-02 7.123005776123834953e-02
6.794010771242020574e-02 6.706822080209373649e-02 6.174200635082932598e-02 6.945837929745016237e-02 5.849806859907989015e-02 5.968297548202282365e-02 6.218554053022598560e-02 6.073713767680522652e-02 6.047678990912490338e-02 7.338501405057362703e-02 7.123005776123834953e-02 6.929868332658184471e-02
9.619579527220714632e-02 9.307829821888671806e-02 8.139480024043431461e-02 6.677212984333036339e-02 6.599841391528817047e-02 6.341939504785623627e-02 6.098056923362610987e-02 5.957639531942519884e-02 6.087123702860874896e-02 6.939195977880305288e-02 8.688500254445150062e-02 9.919882047926276147e-02
9.307829821888671806e-02 9.595395380593992052e-02 8.734260892363945872e-02 7.320472869189638410e-02 7.264090470195258553e-02 6.872748950864383810e-02 6.414012408487149153e-02 6.026052690586172073e-02 5.905625721152307772e-02 6.512298402189638236e-02 8.036552854137164748e-02 9.255156039318930550e-02
8.139480024043431461e-02 8.734260892363945872e-02 8.489050669939386673e-02 7.459336963561641332e-02 7.623122284506853030e-02 7.248179528423456808e-02 6.659390719052636631e-02 6.046482221211448016e-02 5.640103906483025231e-02 5.900293245484691113e-02 7.011940110469297438e-02 7.970505034513770959e-02
6.677212984333036339e-02 7.320472869189638410e-02 7.459336963561641332e-02 7.049326108034159599e-02 7.569580321887778296e-02 7.353409081947856474e-02 6.755744894947952883e-02 6.009040994352953663e-02 5.374238906219655498e-02 5.309436490063733360e-02 5.982984161702363524e-02 6.576760797107893131e-02
6.599841391528817047e-02 7.264090470195258553e-02 7.623122284506853030e-02 7.569580321887778296e-02 8.600120653532228321e-02 8.593117733192415231e-02 7.975922091545081805e-02 7.055068063418987179e-02 6.164433504704473765e-02 5.846987329693559277e-02 6.285165750700304199e-02 6.639147848815031561e-02
6.341939504785623627e-02 6.872748950864383810e-02 7.248179528423456808e-02 7.353409081947856474e-02 8.593117733192415231e-02 8.878902655643096387e-02 8.398085799177930355e-02 7.492432598813193734e-02 6.534512847511868283e-02 6.111733615254923146e-02 6.410336285029297199e-02 6.567508612532499401e-02
6.098056923362610987e-02 6.414012408487149153e-02 6.659390719052636631e-02 6.755744894947952883e-02 7.975922091545081805e-02 8.398085799177930355e-02 8.172622992185810120e-02 7.439095199121939506e-02 6.579862423830332152e-02 6.195055355785823725e-02 6.470185635741940167e-02 6.510528338181184593e-02
5.957639531942519884e-02 6.026052690586172073e-02 6.046482221211448016e-02 6.009040994352953663e-02 7.055068063418987179e-02 7.492432598813193734e-02 7.439095199121939506e-02 7.003354123322372282e-02 6.380009856511828503e-02 6.158166587615936799e-02 6.521663070931903172e-02 6.533597337014387940e-02
6.087123702860874896e-02 5.905625721152307772e-02 5.640103906483025231e-02 5.374238906219655498e-02 6.164433504704473765e-02 6.534512847511868283e-02 6.579862423830332152e-02 6.380009856511828503e-02 6.103831991856607797e-02 6.156375909539727603e-02 6.724886129160903558e-02 6.801139347238861765e-02
6.939195977880305288e-02 6.512298402189638236e-02 5.900293245484691113e-02 5.309436490063733360e-02 5.846987329693559277e-02 6.111733615254923146e-02 6.195055355785823725e-02 6.158166587615936799e-02 6.156375909539727603e-02 6.608756973790443079e-02 7.549313259935207243e-02 7.800955097151626716e-02
8.688500254445150062e-02 8.036552854137164748e-02 7.011940110469297438e-02 5.982984161702363524e-02 6.285165750700304199e-02 6.410336285029297199e-02 6.470185635741940167e-02 6.521663070931903172e-02 6.724886129160903558e-02 7.549313259935207243e-02 9.096840212380696844e-02 9.688415251327142652e-02
9.919882047926276147e-02 9.255156039318930550e-02 7.970505034513770959e-02 6.576760797107893131e-02 6.639147848815031561e-02 6.567508612532499401e-02 6.510528338181184593e-02 6.533597337014387940e-02 6.801139347238861765e-02 7.800955097151626716e-02 9.688415251327142652e-02 1.078221871150048528e-01
7.645364676846833074e-02 8.510961989663562433e-02 8.170480787048352289e-02 7.336974340943540340e-02 6.813984407401307841e-02 6.221125983071606330e-02 5.738634387948206295e-02 5.787381844230346517e-02 6.158068778692561696e-02 6.666607403805666077e-02 6.483734346047817509e-02 6.887293683015574541e-02
8.510961989663562433e-02 9.978812627714817030e-02 9.880659585768133968e-02 8.959892513182700358e-02 8.202067429448087199e-02 7.226056349544714152e-02 6.371881509972301960e-02 6.176678702021656808e-02 6.417835710001347505e-02 6.900990605344090034e-02 6.778680796072780734e-02 7.380769247751389761e-02
8.170480787048352289e-02 9.880659585768133968e-02 1.033779695295651418e-01 9.717151603829335405e-02 9.019158419846308450e-02 7.852907939309264340e-02 6.704734224646971552e-02 6.240020665717956050e-02 6.256874012115540284e-02 6.571571811781004580e-02 6.387873716513788047e-02 6.970436926082632101e-02
7.336974340943540340e-02 8.959892513182700358e-02 9.717151603829335405e-02 9.782142589551648393e-02 9.486605340640523465e-02 8.394346320803761086e-02 7.104040717908650937e-02 6.433816278352368079e-02 6.224120718866485436e-02 6.310684276348109412e-02 5.940406111469519190e-02 6.320842718964900242e-02
6.813984407401307841e-02 8.202067429448087199e-02 9.019158419846308450e-02 9.486605340640523465e-02 9.871379251215608996e-02 9.092370943541723538e-02 7.824988704779561877e-02 7.067575528519851047e-02 6.709441782273578569e-02 6.603573804109186263e-02 5.974117938600386618e-02 6.080041933419871869e-02
6.221125983071606330e-02 7.226056349544714152e-02 7.852907939309264340e-02 8.394346320803761086e-02 9.092370943541723538e-02 8.906983639585910884e-02 7.965808151256871528e-02 7.347095941209058623e-02 7.000748751130188297e-02 6.808325529928979658e-02 5.981735759881939840e-02 5.823387614957215019e-02
5.738634387948206295e-02 6.371881509972301960e-02 6.704734224646971552e-02 7.104040717908650937e-02 7.824988704779561877e-02 7.965808151256871528e-02 7.540374747439970715e-02 7.223021604374432747e-02 7.024250905228587860e-02 6.860290785108358325e-02 5.948578870907662852e-02 5.614981440210328745e-02
5.787381844230346517e-02 6.176678702021656808e-02 6.240020665717956050e-02 6.433816278352368079e-02 7.067575528519851047e-02 7.347095941209058623e-02 7.223021604374432747e-02 7.264646307062658237e-02 7.280064684071660408e-02 7.216175835193783250e-02 6.261361633574910601e-02 5.830330987744668930e-02
6.158068778692561696e-02 6.417835710001347505e-02 6.256874012115540284e-02 6.224120718866485436e-02 6.709441782273578569e-02 7.000748751130188297e-02 7.024250905228587860e-02 7.280064684071660408e-02 7.562399378654194315e-02 7.658471273854614014e-02 6.718472325020719005e-02 6.268511365882339925e-02
6.666607403805666077e-02 6.900990605344090034e-02 6.571571811781004580e-02 6.310684276348109412e-02 6.603573804109186263e-02 6.808325529928979658e-02 6.860290785108358325e-02 7.216175835193783250e-02 7.658471273854614014e-02 7.972055984461574873e-02 7.128817068177034644e-02 6.747022608718220016e-02
6.483734346047817509e-02 6.778680796072780734e-02 6.387873716513788047e-02 5.940406111469519190e-02 5.974117938600386618e-02 5.981735759881939840e-02 5.948578870907662852e-02 6.261361633574910601e-02 6.718472325020719005e-02 7.128817068177034644e-02 6.583365761765472279e-02 6.415831534248736534e-02
6.887293683015574541e-02 7.380769247751389761e-02 6.970436926082632101e-02 6.320842718964900242e-02 6.080041933419871869e-02 5.823387614957215019e-02 5.614981440210328745e-02 5.830330987744668930e-02 6.268511365882339925e-02 6.747022608718220016e-02 6.415831534248736534e-02 6.554678082744806733e-02
1.120769321425947318e-01 9.908650527491627558e-02 8.409505248430797220e-02 7.773238612324001595e-02 6.821557986013418451e-02 6.436790772077596867e-02 5.896505523591635822e-02 6.700896966901731533e-02 7.453231669234838819e-02 7.946315811641771476e-02 9.045685132512934490e-02 1.011951692885132148e-01
9.908650527491627558e-02 9.254519645217401669e-02 8.135335657013666177e-02 7.660222232401259213e-02 6.732022575201770942e-02 6.274622305926297328e-02 5.596507752408644287e-02 6.142960693493506458e-02 6.597107091959206193e-02 6.826461254579985205e-02 7.665773680069437601e-02 8.668426708285924265e-02
8.409505248430797220e-02 8.135335657013666177e-02 7.565228720035138688e-02 7.391330705025239700e-02 6.621088219004227227e-02 6.207291152239187426e-02 5.487329657373817005e-02 5.896271569665333112e-02 6.126527395481547178e-02 6.070930124818352952e-02 6.554923586504740607e-02 7.287787125948283484e-02
7.773238612324001595e-02 7.660222232401259213e-02 7.391330705025239700e-02 7.566840027220429754e-02 6.974400786154852372e-02 6.651835627805621765e-02 5.915033462822677501e-02 6.324349879059827650e-02 6.441777506828699762e-02 6.143885878467913314e-02 6.327926271028941341e-02 6.795044503643055123e-02
6.821557986013418451e-02 6.732022575201770942e-02 6.621088219004227227e-02 6.974400786154852372e-02 6.668629102748901971e-02 6.527808928590428383e-02 5.907993951043895992e-02 6.375924399989602032e-02 6.463156496968397446e-02 6.016068182997359043e-02 5.941886716779419542e-02 6.109913751110448293e-02
6.436790772077596867e-02 6.274622305926297328e-02 6.207291152239187426e-02 6.651835627805621765e-02 6.527808928590428383e-02 6.612463943281426948e-02 6.144660409935688572e-02 6.759346757898446190e-02 6.894293570140441751e-02 6.343686067823367525e-02 6.067938196257876421e-02 5.969418348542519792e-02
5.896505523591635822e-02 5.596507752408644287e-02 5.487329657373817005e-02 5.915033462822677501e-02 5.907993951043895992e-02 6.144660409935688572e-02 5.932492309505187772e-02 6.724925748156337924e-02 6.976579809715015290e-02 6.427985574679877245e-02 6.031601726967451838e-02 5.703302980422959162e-02
6.700896966901731533e-02 6.142960693493506458e-02 5.896271569665333112e-02 6.324349879059827650e-02 6.375924399989602032e-02 6.759346757898446190e-02 6.724925748156337924e-02 7.919414706446298302e-02 8.419350997466454323e-02 7.848289408663185196e-02 7.325135183111136650e-02 6.740357396530710643e-02
7.453231669234838819e-02 6.597107091959206193e-02 6.126527395481547178e-02 6.441777506828699762e-02 6.463156496968397446e-02 6.894293570140441751e-02 6.976579809715015290e-02 8.419350997466454323e-02 9.275947646930485235e-02 8.870580650756920704e-02 8.393925107748775871e-02 7.681694242466054201e-02
7.946315811641771476e-02 6.826461254579985205e-02 6.070930124818352952e-02 6.143885878467913314e-02 6.016068182997359043e-02 6.343686067823367525e-02 6.427985574679877245e-02 7.848289408663185196e-02 8.870580650756920704e-02 8.921731768757984460e-02 8.787775363806064888e-02 8.217676799197869142e-02
9.045685132512934490e-02 7.665773680069437601e-02 6.554923586504740607e-02 6.327926271028941341e-02 5.941886716779419542e-02 6.067938196257876421e-02 6.031601726967451838e-02 7.325135183111136650e-02 8.393925107748775871e-02 8.787775363806064888e-02 9.305980168624225501e-02 9.153865855911710869e-02
1.011951692885132148e-01 8.668426708285924265e-02 7.287787125948283484e-02 6.795044503643055123e-02 6.109913751110448293e-02 5.969418348542519792e-02 5.703302980422959162e-02 6.740357396530710643e-02 7.681694242466054201e-02 8.217676799197869142e-02 9.153865855911710869e-02 9.769058746973081908e-02
8.338947408419403184e-02 8.316129953828930998e-02 7.241016369354555393e-02 6.850343083833514146e-02 6.516614954513286206e-02 6.542572437582797051e-02 5.917750165677840291e-02 6.581742820206085143e-02 6.643897587222287460e-02 7.097777259368490133e-02 7.935131738490561193e-02 7.573534079860397283e-02
