1.915322183895215025e-01 1.883663281769888398e-01 1.211399745318653687e-01 8.063115196078496361e-02 4.639194579417942055e-02 6.065641347547374648e-03 -3.422600141257028938e-02 -7.157433798975063044e-02 -1.158510249174100198e-01 -1.712549109446169782e-01
1.883663281769888398e-01 2.821584579479395893e-01 1.886414304080666626e-01 1.279955123946275863e-01 9.207340372656631911e-02 5.277233536938728820e-02 1.919740873397324243e-02 -2.490017473978691637e-02 -7.293311069847834005e-02 -1.283204391198489724e-01
1.211399745318653687e-01 1.886414304080666626e-01 1.810029281106257104e-01 1.503704091836961521e-01 1.196172591997620438e-01 7.948707619114361855e-02 5.545344800023094961e-02 2.093130284826776044e-02 -2.550706231323964304e-02 -7.751829725534634119e-02
8.063115196078496361e-02 1.279955123946275863e-01 1.503704091836961521e-01 1.698330555045708679e-01 1.552496268255183776e-01 1.111139852229899583e-01 8.789947377287812835e-02 5.834462692549804985e-02 1.648671021535825718e-02 -3.694787237679608011e-02
4.639194579417942055e-02 9.207340372656631911e-02 1.196172591997620438e-01 1.552496268255183776e-01 1.707915625056392050e-01 1.376200544960986261e-01 1.207140081584409247e-01 9.064674695372300361e-02 5.374485900579251130e-02 4.908536327905123862e-03
6.065641347547374648e-03 5.277233536938728820e-02 7.948707619114361855e-02 1.111139852229899583e-01 1.376200544960986261e-01 1.415859240253515838e-01 1.512916984628354111e-01 1.213839430094547922e-01 8.276492204784338669e-02 4.444148569190321807e-02
-3.422600141257028938e-02 1.919740873397324243e-02 5.545344800023094961e-02 8.789947377287812835e-02 1.207140081584409247e-01 1.512916984628354111e-01 2.139913358371098306e-01 1.892543370513670165e-01 1.306757280297177193e-01 8.858918610854669973e-02
-7.157433798975063044e-02 -2.490017473978691637e-02 2.093130284826776044e-02 5.834462692549804985e-02 9.064674695372300361e-02 1.213839430094547922e-01 1.892543370513670165e-01 2.230454281097491720e-01 1.738092723726009370e-01 1.272145106078143573e-01
-1.158510249174100198e-01 -7.293311069847834005e-02 -2.550706231323964304e-02 1.648671021535825718e-02 5.374485900579251130e-02 8.276492204784338669e-02 1.306757280297177193e-01 1.738092723726009370e-01 2.001122796237016221e-01 1.798655790679904720e-01
-1.712549109446169782e-01 -1.283204391198489724e-01 -7.751829725534634119e-02 -3.694787237679608011e-02 4.908536327905123862e-03 4.444148569190321807e-02 8.858918610854669973e-02 1.272145106078143573e-01 1.798655790679904720e-01 2.259468099457900003e-01
1.241257023671067661e-01 1.166437345667012127e-01 1.095583081456518310e-01 7.308716451814412096e-02 4.039443606146742721e-02 -2.876931311906259065e-04 -4.347049217910785301e-02 -8.503067008965672913e-02 -1.177341126849230785e-01 -1.455509903318212561e-01
1.166437345667012127e-01 1.464283161661643073e-01 1.716959377019039168e-01 1.182417391106959093e-01 7.758530341574287892e-02 4.470776247082668131e-02 -8.784498179130857676e-03 -5.309808753357565803e-02 -8.391610109628487579e-02 -1.133891788682939022e-01
1.095583081456518310e-01 1.716959377019039168e-01 2.698795546398663481e-01 1.937671402483135408e-01 1.278387706009319058e-01 9.564990772228099125e-02 3.357020469309759947e-02 -1.407109795415919205e-02 -5.441919006691178090e-02 -8.917656090025537219e-02
7.308716451814412096e-02 1.182417391106959093e-01 1.937671402483135408e-01 1.957049815959341910e-01 1.540258996146342541e-01 1.293853173344766128e-01 6.682624764786551652e-02 3.039746678626338572e-02 -1.106378817289494290e-02 -5.071910192035505860e-02
4.039443606146742721e-02 7.758530341574287892e-02 1.278387706009319058e-01 1.540258996146342541e-01 1.761519359513264993e-01 1.845046036245296950e-01 1.041021927749055109e-01 6.806040058579279628e-02 3.062486361988567274e-02 -1.017809176505920198e-02
-2.876931311906259065e-04 4.470776247082668131e-02 9.564990772228099125e-02 1.293853173344766128e-01 1.845046036245296950e-01 2.661429332228827382e-01 1.662779144482858240e-01 1.242254391734611690e-01 8.489325012538499748e-02 4.497179306838739593e-02
-4.347049217910785301e-02 -8.784498179130857676e-03 3.357020469309759947e-02 6.682624764786551652e-02 1.041021927749055109e-01 1.662779144482858240e-01 1.518470731080934777e-01 1.539346207920326282e-01 1.203906274958402856e-01 8.415269456778222412e-02
-8.503067008965672913e-02 -5.309808753357565803e-02 -1.407109795415919205e-02 3.039746678626338572e-02 6.806040058579279628e-02 1.242254391734611690e-01 1.539346207920326282e-01 2.187167506528482630e-01 1.925899420339364509e-01 1.370550015652963194e-01
-1.177341126849230785e-01 -8.391610109628487579e-02 -5.441919006691178090e-02 -1.106378817289494290e-02 3.062486361988567274e-02 8.489325012538499748e-02 1.203906274958402856e-01 1.925899420339364509e-01 2.403412749464306497e-01 1.889874265460831648e-01
-1.455509903318212561e-01 -1.133891788682939022e-01 -8.917656090025537219e-02 -5.071910192035505860e-02 -1.017809176505920198e-02 4.497179306838739593e-02 8.415269456778222412e-02 1.370550015652963194e-01 1.889874265460831648e-01 2.106614773493469261e-01
2.320207715708998142e-01 1.681555792644769121e-01 1.252431044665220372e-01 9.057299710744409760e-02 5.401217913508428448e-02 7.123046951087787584e-03 -4.527488708383949068e-02 -8.661366070654716309e-02 -1.344484488874732597e-01 -1.738136770655119567e-01
1.681555792644769121e-01 1.570111856885495760e-01 1.404950049671890855e-01 1.149951715317051454e-01 8.210184922418602149e-02 4.341544870630960340e-02 1.828751832092637402e-03 -4.386284709732504727e-02 -8.587530432644438494e-02 -1.158354206388648583e-01
1.252431044665220372e-01 1.404950049671890855e-01 1.682659878325473146e-01 1.637894948255791960e-01 1.262767390586565786e-01 8.192204782753184644e-02 4.694531304034205155e-02 -5.515277669814955090e-03 -5.280348345811098493e-02 -8.212555056421980137e-02
9.057299710744409760e-02 1.149951715317051454e-01 1.637894948255791960e-01 2.101452063097672962e-01 1.837558493091650813e-01 1.242566861496084418e-01 8.927761190743618847e-02 3.703226770903665643e-02 -1.125528621854091950e-02 -4.969240556573152612e-02
5.401217913508428448e-02 8.210184922418602149e-02 1.262767390586565786e-01 1.837558493091650813e-01 2.195598301071615965e-01 1.693225758295022476e-01 1.323371336910303397e-01 7.853596655562133932e-02 3.762981074342722221e-02 -8.689799332685049435e-03
7.123046951087787584e-03 4.341544870630960340e-02 8.192204782753184644e-02 1.242566861496084418e-01 1.693225758295022476e-01 1.872214794016061057e-01 1.790162366381869430e-01 1.161266308133794278e-01 7.757240604689338848e-02 3.410509460615078481e-02
-4.527488708383949068e-02 1.828751832092637402e-03 4.694531304034205155e-02 8.927761190743618847e-02 1.323371336910303397e-01 1.790162366381869430e-01 2.372587742002520428e-01 1.740467546667273657e-01 1.290189052065525976e-01 8.039965295110804155e-02
-8.661366070654716309e-02 -4.386284709732504727e-02 -5.515277669814955090e-03 3.703226770903665643e-02 7.853596655562133932e-02 1.161266308133794278e-01 1.740467546667273657e-01 1.849113597229755102e-01 1.724295555085410547e-01 1.180362843521911148e-01
-1.344484488874732597e-01 -8.587530432644438494e-02 -5.280348345811098493e-02 -1.125528621854091950e-02 3.762981074342722221e-02 7.757240604689338848e-02 1.290189052065525976e-01 1.724295555085410547e-01 2.227587637734006754e-01 1.709307988311567217e-01
-1.738136770655119567e-01 -1.158354206388648583e-01 -8.212555056421980137e-02 -4.969240556573152612e-02 -8.689799332685049435e-03 3.410509460615078481e-02 8.039965295110804155e-02 1.180362843521911148e-01 1.709307988311567217e-01 1.808466413928401240e-01
1.661848974989331151e-01 1.563705896513063187e-01 1.143160099867727014e-01 7.825691044353409731e-02 4.732275099636087945e-02 1.273305189141040600e-02 -3.054792606319728376e-02 -7.349351868986497838e-02 -1.212089951776102181e-01 -1.765580469218120951e-01
1.563705896513063187e-01 2.075475994505953103e-01 1.767203209459857205e-01 1.295733983065323336e-01 9.289595524742458310e-02 6.244816393317224185e-02 2.125650619777653613e-02 -2.845594958190067816e-02 -7.724766719920392322e-02 -1.254369155967164917e-01
1.143160099867727014e-01 1.767203209459857205e-01 2.018259529757347459e-01 1.701261258497593909e-01 1.259878304188877807e-01 9.410759930173252796e-02 6.105834416480066668e-02 1.859118207260454861e-02 -2.857650405685380895e-02 -7.725605059536430619e-02
7.825691044353409731e-02 1.295733983065323336e-01 1.701261258497593909e-01 1.944225231549335520e-01 1.616540304676258866e-01 1.250991392833327165e-01 9.030977968020495461e-02 5.349049190940854959e-02 1.315476013489267314e-02 -3.901976470189618545e-02
4.732275099636087945e-02 9.289595524742458310e-02 1.259878304188877807e-01 1.616540304676258866e-01 1.718567503607353331e-01 1.514032806850716950e-01 1.175073026462928744e-01 7.985582905096408335e-02 4.615951294970418312e-02 -1.077777954728873031e-03
1.273305189141040600e-02 6.244816393317224185e-02 9.410759930173252796e-02 1.250991392833327165e-01 1.514032806850716950e-01 1.706315175499295567e-01 1.543138732918072353e-01 1.161056486767713114e-01 8.227581711067895320e-02 4.148146737929696293e-02
-3.054792606319728376e-02 2.125650619777653613e-02 6.105834416480066668e-02 9.030977968020495461e-02 1.175073026462928744e-01 1.543138732918072353e-01 1.811566179177232505e-01 1.601582576317387985e-01 1.270761569099312926e-01 8.718983966282727038e-02
-7.349351868986497838e-02 -2.845594958190067816e-02 1.859118207260454861e-02 5.349049190940854959e-02 7.985582905096408335e-02 1.161056486767713114e-01 1.601582576317387985e-01 1.878334841231710794e-01 1.779606584194255159e-01 1.324076931515645039e-01
-1.212089951776102181e-01 -7.724766719920392322e-02 -2.857650405685380895e-02 1.315476013489267314e-02 4.615951294970418312e-02 8.227581711067895320e-02 1.270761569099312926e-01 1.779606584194255159e-01 2.410311390552738742e-01 2.055462546372919252e-01
-1.765580469218120951e-01 -1.254369155967164917e-01 -7.725605059536430619e-02 -3.901976470189618545e-02 -1.077777954728873031e-03 4.148146737929696293e-02 8.718983966282727038e-02 1.324076931515645039e-01 2.055462546372919252e-01 2.775095179129700718e-01
2.530200396653539130e-01 1.390096153417380020e-01 1.142015716343488946e-01 8.045419332860691275e-02 4.652214931434171807e-02 1.119433574120329983e-02 -4.144989875127570722e-02 -9.463429028693456924e-02 -1.455645212844997038e-01 -2.027894446389104655e-01
1.390096153417380020e-01 1.015207570941137893e-01 1.162650625459321768e-01 1.006728216730052861e-01 6.839191319333011443e-02 4.603557483044883047e-02 8.952836313322810879e-03 -3.450684338205177448e-02 -7.356664497751992660e-02 -1.040161988596079862e-01
1.142015716343488946e-01 1.162650625459321768e-01 1.890044158194496560e-01 1.892961566140315410e-01 1.302521666151142121e-01 1.003301877191056374e-01 6.066442436031665997e-02 8.106473557157559129e-03 -4.218777378431345926e-02 -7.566343557281893228e-02
8.045419332860691275e-02 1.006728216730052861e-01 1.892961566140315410e-01 2.380262164791722701e-01 1.747050880995965616e-01 1.351797890910314548e-01 9.436107182685787853e-02 4.672836453915688026e-02 -2.604887849184688887e-04 -4.046992910576119318e-02
4.652214931434171807e-02 6.839191319333011443e-02 1.302521666151142121e-01 1.747050880995965616e-01 1.834214023320399622e-01 1.689160685826671671e-01 1.226432511605273223e-01 7.364076459402661701e-02 3.503771951800169898e-02 -4.979034954512930738e-03
1.119433574120329983e-02 4.603557483044883047e-02 1.003301877191056374e-01 1.351797890910314548e-01 1.689160685826671671e-01 2.084225797489231702e-01 1.682387771105390284e-01 1.115497508183787290e-01 7.226555380923270488e-02 3.238156261448772028e-02
-4.144989875127570722e-02 8.952836313322810879e-03 6.066442436031665997e-02 9.436107182685787853e-02 1.226432511605273223e-01 1.682387771105390284e-01 1.754549697296866051e-01 1.452343070097573130e-01 1.170645634593739104e-01 7.665703456016463579e-02
-9.463429028693456924e-02 -3.450684338205177448e-02 8.106473557157559129e-03 4.672836453915688026e-02 7.364076459402661701e-02 1.115497508183787290e-01 1.452343070097573130e-01 1.748008956755380261e-01 1.786088653040755481e-01 1.276946872961086110e-01
-1.455645212844997038e-01 -7.356664497751992660e-02 -4.218777378431345926e-02 -2.604887849184688887e-04 3.503771951800169898e-02 7.226555380923270488e-02 1.170645634593739104e-01 1.786088653040755481e-01 2.454654204796124506e-01 1.917305794567856769e-01
-2.027894446389104655e-01 -1.040161988596079862e-01 -7.566343557281893228e-02 -4.046992910576119318e-02 -4.979034954512930738e-03 3.238156261448772028e-02 7.665703456016463579e-02 1.276946872961086110e-01 1.917305794567856769e-01 2.308633029761098798e-01
1.582695651175018703e-01 1.676997563862645535e-01 1.139835549696062156e-01 7.864481244725010645e-02 4.053122677103653676e-02 -1.049876471920047679e-03 -4.347834360122181108e-02 -7.156834162613275041e-02 -1.186860162545951003e-01 -1.562233814036481372e-01
1.676997563862645535e-01 2.420426074056977739e-01 1.804433799148903173e-01 1.325154594410718756e-01 8.877450362917629900e-02 4.634428277810935526e-02 2.356884905990800239e-03 -3.938496274007816100e-02 -8.491958780627024972e-02 -1.265581881642240669e-01
1.139835549696062156e-01 1.804433799148903173e-01 1.881789402303648551e-01 1.717483198925942034e-01 1.226159759098073426e-01 7.949022135894785734e-02 4.727566163749982037e-02 4.804160128845699762e-03 -3.766012350959107441e-02 -7.798918344442844208e-02
7.864481244725010645e-02 1.325154594410718756e-01 1.717483198925942034e-01 2.258917579272287646e-01 1.784483532027777430e-01 1.217744826080955217e-01 8.933561143789296721e-02 4.600046852824985627e-02 7.503512075696124224e-03 -4.038157659601658567e-02
4.053122677103653676e-02 8.877450362917629900e-02 1.226159759098073426e-01 1.784483532027777430e-01 1.821270870191202262e-01 1.471724534198907697e-01 1.225150807168563227e-01 7.635526028504566187e-02 4.739968984117405582e-02 4.256794324326833995e-03
-1.049876471920047679e-03 4.634428277810935526e-02 7.949022135894785734e-02 1.217744826080955217e-01 1.471724534198907697e-01 1.679976889102157422e-01 1.718481401887766435e-01 1.136888095999428194e-01 8.417098109402178230e-02 4.833974717283653910e-02
-4.347834360122181108e-02 2.356884905990800239e-03 4.727566163749982037e-02 8.933561143789296721e-02 1.225150807168563227e-01 1.718481401887766435e-01 2.282404124027138104e-01 1.643891344284303113e-01 1.299179477047301690e-01 9.266667814152042271e-02
-7.156834162613275041e-02 -3.938496274007816100e-02 4.804160128845699762e-03 4.600046852824985627e-02 7.635526028504566187e-02 1.136888095999428194e-01 1.643891344284303113e-01 1.573363622103844950e-01 1.569982950253970277e-01 1.217660599270635191e-01
-1.186860162545951003e-01 -8.491958780627024972e-02 -3.766012350959107441e-02 7.503512075696124224e-03 4.739968984117405582e-02 8.417098109402178230e-02 1.299179477047301690e-01 1.569982950253970277e-01 2.241983159343632070e-01 1.948049953283955138e-01
-1.562233814036481372e-01 -1.265581881642240669e-01 -7.798918344442844208e-02 -4.038157659601658567e-02 4.256794324326833995e-03 4.833974717283653910e-02 9.266667814152042271e-02 1.217660599270635191e-01 1.948049953283955138e-01 2.257172628424092276e-01
2.118492880502044207e-01 1.705709207025459528e-01 1.222539810102729191e-01 7.526768022150723270e-02 1.528922650527035978e-02 -3.419462865377635719e-02 -7.100354178057022292e-02 -1.006782178887533213e-01 -1.102251985791892763e-01 -1.708103656014401117e-01
1.705709207025459528e-01 1.909798368995012097e-01 1.703078984397759510e-01 1.254480686667776568e-01 6.857534498554070101e-02 1.651399398502834820e-02 -3.095049416344816673e-02 -6.590560928378910721e-02 -7.703367177628805962e-02 -1.226824728238809226e-01
1.222539810102729191e-01 1.703078984397759510e-01 2.218788064001538107e-01 2.020769208331794908e-01 1.265243284519793066e-01 7.148912898194761945e-02 1.956630400000214376e-02 -2.213527930337130800e-02 -4.388810777914912975e-02 -8.052949831734622366e-02
7.526768022150723270e-02 1.254480686667776568e-01 2.020769208331794908e-01 3.003549994551599212e-01 2.014204976377412804e-01 1.277232103679452335e-01 7.650670918178847923e-02 3.872463520255567393e-02 2.083786465600665459e-03 -3.347401712871222318e-02
1.528922650527035978e-02 6.857534498554070101e-02 1.265243284519793066e-01 2.014204976377412804e-01 2.241673480137181818e-01 1.725941970775532464e-01 1.197014891439271700e-01 8.522688741215485309e-02 4.636941229050960123e-02 2.410222746318864753e-02
-3.419462865377635719e-02 1.651399398502834820e-02 7.148912898194761945e-02 1.277232103679452335e-01 1.725941970775532464e-01 1.860821821696848621e-01 1.570131809955219171e-01 1.250174492988996855e-01 7.723188576345893508e-02 6.330321774916099209e-02
-7.100354178057022292e-02 -3.095049416344816673e-02 1.956630400000214376e-02 7.650670918178847923e-02 1.197014891439271700e-01 1.570131809955219171e-01 1.831204708756690169e-01 1.701534890890797902e-01 1.080844144881349528e-01 9.333633189563284027e-02
-1.006782178887533213e-01 -6.590560928378910721e-02 -2.213527930337130800e-02 3.872463520255567393e-02 8.522688741215485309e-02 1.250174492988996855e-01 1.701534890890797902e-01 1.963675927889058093e-01 1.348512853823490287e-01 1.228855662899643736e-01
-1.102251985791892763e-01 -7.703367177628805962e-02 -4.388810777914912975e-02 2.083786465600665459e-03 4.636941229050960123e-02 7.723188576345893508e-02 1.080844144881349528e-01 1.348512853823490287e-01 1.138458110708718968e-01 1.238923220059689467e-01
-1.708103656014401117e-01 -1.226824728238809226e-01 -8.052949831734622366e-02 -3.347401712871222318e-02 2.410222746318864753e-02 6.330321774916099209e-02 9.333633189563284027e-02 1.228855662899643736e-01 1.238923220059689467e-01 1.713536642761321893e-01
2.437648463426007051e-01 1.892196934159808552e-01 1.312014408778503505e-01 8.180432840042577147e-02 3.797125065906777064e-02 -3.406250300280173546e-03 -4.544731036364014348e-02 -7.875278181887938878e-02 -1.256518620120955498e-01 -1.888756914463541881e-01
1.892196934159808552e-01 2.143951800579932399e-01 1.734973494753037915e-01 1.200093004562555327e-01 7.667102052142465984e-02 4.016901497632757029e-02 1.832721029967590955e-03 -4.001174714996760112e-02 -8.396152199109858938e-02 -1.317233664801929494e-01
1.312014408778503505e-01 1.734973494753037915e-01 1.968222262265496569e-01 1.641039093857262210e-01 1.194761789089485854e-01 8.159290673929503468e-02 5.121770485209076185e-02 5.712222421391429869e-03 -4.109466494241941631e-02 -8.697154810478098519e-02
8.180432840042577147e-02 1.200093004562555327e-01 1.641039093857262210e-01 1.884720914315861640e-01 1.634922390718385743e-01 1.231578535634022392e-01 9.430544991459967330e-02 5.195241450023020680e-02 1.017438833638097985e-02 -3.739764814881225974e-02
3.797125065906777064e-02 7.667102052142465984e-02 1.194761789089485854e-01 1.634922390718385743e-01 1.866710595254622573e-01 1.631511131873655263e-01 1.330930853098600819e-01 8.706885034607678153e-02 5.270741189521007536e-02 1.038981321465358085e-02
-3.406250300280173546e-03 4.016901497632757029e-02 8.159290673929503468e-02 1.231578535634022392e-01 1.631511131873655263e-01 1.942578647864321439e-01 1.841526645650092275e-01 1.211876494226992451e-01 8.373193258979892695e-02 4.835861638745441587e-02
-4.544731036364014348e-02 1.832721029967590955e-03 5.121770485209076185e-02 9.430544991459967330e-02 1.330930853098600819e-01 1.841526645650092275e-01 2.387319990913860379e-01 1.686850836184237423e-01 1.218830089996423977e-01 8.560921315900389683e-02
-7.875278181887938878e-02 -4.001174714996760112e-02 5.712222421391429869e-03 5.195241450023020680e-02 8.706885034607678153e-02 1.211876494226992451e-01 1.686850836184237423e-01 1.580410250519913018e-01 1.397603365772365214e-01 1.142624099771235857e-01
-1.256518620120955498e-01 -8.396152199109858938e-02 -4.109466494241941631e-02 1.017438833638097985e-02 5.270741189521007536e-02 8.373193258979892695e-02 1.218830089996423977e-01 1.397603365772365214e-01 1.663364243367714823e-01 1.635594319146510267e-01
-1.888756914463541881e-01 -1.317233664801929494e-01 -8.697154810478098519e-02 -3.739764814881225974e-02 1.038981321465358085e-02 4.835861638745441587e-02 8.560921315900389683e-02 1.142624099771235857e-01 1.635594319146510267e-01 2.125072831492273995e-01
2.100439551066396737e-01 1.540431879857499242e-01 1.172208625316340791e-01 8.806480468330676881e-02 4.540158429108506061e-02 9.991800620316512033e-03 -3.000483312071933542e-02 -8.653724578575890114e-02 -1.127580302957816027e-01 -1.879985510155383621e-01
1.540431879857499242e-01 1.603113427555544479e-01 1.539214983858527286e-01 1.281534590976317889e-01 8.212687908266191883e-02 5.710163727081175172e-02 1.074172305165312785e-02 -3.863524435532107032e-02 -6.637782063905746377e-02 -1.184087938891733582e-01
1.172208625316340791e-01 1.539214983858527286e-01 1.988651775304035585e-01 1.873592035019296942e-01 1.216149050819609195e-01 9.460943821405590204e-02 4.378906161170119382e-02 3.717380556197901267e-03 -3.465732089718263215e-02 -7.888954066098757822e-02
8.806480468330676881e-02 1.281534590976317889e-01 1.873592035019296942e-01 2.342766853186113440e-01 1.670661239001741405e-01 1.353817913595005140e-01 7.455674826867271510e-02 4.502524284370740260e-02 -2.302808409490061155e-03 -4.689697487792100078e-02
4.540158429108506061e-02 8.212687908266191883e-02 1.216149050819609195e-01 1.670661239001741405e-01 1.719598706212986383e-01 1.675220859533329554e-01 9.935296206684399167e-02 7.647218858645438155e-02 3.342617611468450683e-02 -6.026420031853132542e-04
9.991800620316512033e-03 5.710163727081175172e-02 9.460943821405590204e-02 1.353817913595005140e-01 1.675220859533329554e-01 2.023941204709406860e-01 1.336736534731584602e-01 1.214127039433548771e-01 7.017393253161043065e-02 4.238082873863618927e-02
-3.000483312071933542e-02 1.074172305165312785e-02 4.378906161170119382e-02 7.455674826867271510e-02 9.935296206684399167e-02 1.336736534731584602e-01 1.240271601202804774e-01 1.663454451616780405e-01 9.438320572433629707e-02 6.803467148502781447e-02
-8.653724578575890114e-02 -3.863524435532107032e-02 3.717380556197901267e-03 4.502524284370740260e-02 7.647218858645438155e-02 1.214127039433548771e-01 1.663454451616780405e-01 3.344113191961292086e-01 1.824423801664567801e-01 1.292748942914695720e-01
-1.127580302957816027e-01 -6.637782063905746377e-02 -3.465732089718263215e-02 -2.302808409490061155e-03 3.342617611468450683e-02 7.017393253161043065e-02 9.438320572433629707e-02 1.824423801664567801e-01 1.473174378161683229e-01 1.469798191904181373e-01
-1.879985510155383621e-01 -1.184087938891733582e-01 -7.888954066098757822e-02 -4.689697487792100078e-02 -6.026420031853132542e-04 4.238082873863618927e-02 6.803467148502781447e-02 1.292748942914695720e-01 1.469798191904181373e-01 2.163929310639741144e-01
2.575415796463602081e-01 1.948677889687492060e-01 1.111608587371841483e-01 9.445140075892953513e-02 4.908131319008272181e-02 6.401168275519635367e-03 -3.800620106053891750e-02 -8.419824992217024573e-02 -1.239367138830047843e-01 -1.570868491038493742e-01
1.948677889687492060e-01 1.885943589771442441e-01 1.258039930288871455e-01 1.245436761493829286e-01 7.988908066611362380e-02 4.623121047533251815e-02 7.605227869144682434e-03 -4.011989163031969702e-02 -7.989244580062254686e-02 -1.105245982609629196e-01
1.111608587371841483e-01 1.258039930288871455e-01 1.213468152526129551e-01 1.591936482377844797e-01 1.051785236132518619e-01 6.932281958214764339e-02 3.963377207350692738e-02 1.246929725676365272e-03 -3.697013009761957597e-02 -6.176040786255329595e-02
9.445140075892953513e-02 1.245436761493829286e-01 1.591936482377844797e-01 2.737262494565780302e-01 1.865437921591612813e-01 1.240032730702791824e-01 8.586488883095219626e-02 4.460095734112431987e-02 -5.013325724238717508e-03 -4.410553331751957545e-02
4.908131319008272181e-02 7.988908066611362380e-02 1.051785236132518619e-01 1.865437921591612813e-01 1.752023792486256948e-01 1.479218607978452227e-01 1.181450030370578969e-01 8.123395897142414446e-02 4.222190355552411789e-02 -1.670684856824163241e-03
6.401168275519635367e-03 4.623121047533251815e-02 6.932281958214764339e-02 1.240032730702791824e-01 1.479218607978452227e-01 1.780091686380182170e-01 1.674692702308009928e-01 1.268919871764703777e-01 8.626219015651748201e-02 3.780148974578174947e-02
-3.800620106053891750e-02 7.605227869144682434e-03 3.963377207350692738e-02 8.586488883095219626e-02 1.181450030370578969e-01 1.674692702308009928e-01 2.012095667995982551e-01 1.786080733965188516e-01 1.292401460811523073e-01 7.292623280698913579e-02
-8.419824992217024573e-02 -4.011989163031969702e-02 1.246929725676365272e-03 4.460095734112431987e-02 8.123395897142414446e-02 1.268919871764703777e-01 1.786080733965188516e-01 2.374928910965851958e-01 1.969003939984030338e-01 1.160498660536168208e-01
-1.239367138830047843e-01 -7.989244580062254686e-02 -3.697013009761957597e-02 -5.013325724238717508e-03 4.222190355552411789e-02 8.626219015651748201e-02 1.292401460811523073e-01 1.969003939984030338e-01 2.282133220141259466e-01 1.501270818155472087e-01
-1.570868491038493742e-01 -1.105245982609629196e-01 -6.176040786255329595e-02 -4.410553331751957545e-02 -1.670684856824163241e-03 3.780148974578174947e-02 7.292623280698913579e-02 1.160498660536168208e-01 1.501270818155472087e-01 1.386636688703514753e-01
2.114915861562754185e-01 1.736453115700992700e-01 1.271380511774090061e-01 8.864236616636207711e-02 5.386089729525573438e-02 1.976760546590428450e-02 -2.096632739576418519e-02 -7.059144066026763753e-02 -1.155302090676232352e-01 -1.911247340660023886e-01
1.736453115700992700e-01 2.024052528489863056e-01 1.704653857465869560e-01 1.253896312675725766e-01 8.693227425871852265e-02 5.744853510565261362e-02 2.698926824305341449e-02 -2.228105689615579588e-02 -6.951541373664275880e-02 -1.285447221224621517e-01
1.271380511774090061e-01 1.704653857465869560e-01 1.910825727079676628e-01 1.611156113275393209e-01 1.179185310839920009e-01 8.567167183070126257e-02 6.232220542844642275e-02 2.229196592976596947e-02 -2.948650668064092817e-02 -8.593767531691298700e-02
8.864236616636207711e-02 1.253896312675725766e-01 1.611156113275393209e-01 1.768609805941880608e-01 1.469624923518808857e-01 1.147753368817128194e-01 9.303993226871892785e-02 6.042381546687214389e-02 1.059357768100108697e-02 -4.656052736037101514e-02
5.386089729525573438e-02 8.693227425871852265e-02 1.179185310839920009e-01 1.469624923518808857e-01 1.503078373892828834e-01 1.340432868292233404e-01 1.195406932507468989e-01 8.860766689934698737e-02 4.436137714291762263e-02 -5.623109299802887644e-03
1.976760546590428450e-02 5.744853510565261362e-02 8.567167183070126257e-02 1.147753368817128194e-01 1.340432868292233404e-01 1.488898620476533097e-01 1.563925043341729548e-01 1.244000663841099974e-01 7.620924469766621190e-02 3.434550592555309784e-02
-2.096632739576418519e-02 2.698926824305341449e-02 6.232220542844642275e-02 9.303993226871892785e-02 1.195406932507468989e-01 1.563925043341729548e-01 2.172563472762228387e-01 1.960503952559761731e-01 1.237691212347981212e-01 8.040843155377878915e-02
-7.059144066026763753e-02 -2.228105689615579588e-02 2.229196592976596947e-02 6.042381546687214389e-02 8.860766689934698737e-02 1.244000663841099974e-01 1.960503952559761731e-01 2.533388762053040422e-01 1.771771448908201485e-01 1.295228944243125291e-01
-1.155302090676232352e-01 -6.951541373664275880e-02 -2.948650668064092817e-02 1.059357768100108697e-02 4.436137714291762263e-02 7.620924469766621190e-02 1.237691212347981212e-01 1.771771448908201485e-01 1.865672543313705301e-01 1.802059825832191819e-01
-1.911247340660023886e-01 -1.285447221224621517e-01 -8.593767531691298700e-02 -4.656052736037101514e-02 -5.623109299802887644e-03 3.434550592555309784e-02 8.040843155377878915e-02 1.295228944243125291e-01 1.802059825832191819e-01 2.617994304427493923e-01
2.418403934738863892e-01 1.863986583813846132e-01 1.336527679802835267e-01 8.434450783117841688e-02 2.990234567378545136e-02 -1.678760973824994229e-02 -5.363186250102746494e-02 -9.027327756716771456e-02 -1.162208006114738429e-01 -1.719031597045440618e-01
1.863986583813846132e-01 2.113141377238786922e-01 1.853811796793711497e-01 1.280748818569844016e-01 7.490541106941442373e-02 3.402529668963757276e-02 -5.456492240833961567e-03 -4.488864652925551868e-02 -7.350674149586815254e-02 -1.188147832783753577e-01
1.336527679802835267e-01 1.853811796793711497e-01 2.434860827328306498e-01 1.904155500773565823e-01 1.215671776572181950e-01 7.904029694656486416e-02 4.142836739474414776e-02 3.108307919910482248e-03 -3.572860245414424818e-02 -7.898416247378164945e-02
8.434450783117841688e-02 1.280748818569844016e-01 1.904155500773565823e-01 2.176357887879721009e-01 1.662398641395985144e-01 1.223066970172848322e-01 8.395489499265600120e-02 5.498223816991666679e-02 1.342803689465037718e-02 -3.173031059282448163e-02
2.990234567378545136e-02 7.490541106941442373e-02 1.215671776572181950e-01 1.662398641395985144e-01 1.791448460945142540e-01 1.578323842152250245e-01 1.196066229588839125e-01 9.292981830944699317e-02 5.521341767429934627e-02 1.819998686492090359e-02
-1.678760973824994229e-02 3.402529668963757276e-02 7.904029694656486416e-02 1.223066970172848322e-01 1.578323842152250245e-01 1.786756599533342316e-01 1.560032728748443343e-01 1.300429409574321848e-01 8.699356392919961600e-02 5.605316834854556785e-02
-5.363186250102746494e-02 -5.456492240833961567e-03 4.142836739474414776e-02 8.395489499265600120e-02 1.196066229588839125e-01 1.560032728748443343e-01 1.823975571367588699e-01 1.780738802285718736e-01 1.196110564044459840e-01 8.437900190212471729e-02
-9.027327756716771456e-02 -4.488864652925551868e-02 3.108307919910482248e-03 5.498223816991666679e-02 9.292981830944699317e-02 1.300429409574321848e-01 1.780738802285718736e-01 2.316402963462521891e-01 1.659098501411213900e-01 1.209660451686975502e-01
-1.162208006114738429e-01 -7.350674149586815254e-02 -3.572860245414424818e-02 1.342803689465037718e-02 5.521341767429934627e-02 8.699356392919961600e-02 1.196110564044459840e-01 1.659098501411213900e-01 1.519436142415341306e-01 1.340707351780369705e-01
-1.719031597045440618e-01 -1.188147832783753577e-01 -7.898416247378164945e-02 -3.173031059282448163e-02 1.819998686492090359e-02 5.605316834854556785e-02 8.437900190212471729e-02 1.209660451686975502e-01 1.340707351780369705e-01 1.619216235090384925e-01
2.808030025834413190e-01 1.935407599839888138e-01 1.186839367392218680e-01 8.303819638524657931e-02 3.926635741865455720e-02 3.347040655234416549e-03 -3.267933860802162832e-02 -8.424124392137352646e-02 -1.321436360938859356e-01 -1.879011003545625891e-01
1.935407599839888138e-01 2.015017015104222375e-01 1.551091963930126549e-01 1.275583575604350983e-01 8.206722491437595801e-02 5.714410119509508168e-02 1.631591506188977136e-02 -2.759105765855314474e-02 -7.636117822189454618e-02 -1.197293236311105791e-01
1.186839367392218680e-01 1.551091963930126549e-01 1.702999686240266042e-01 1.693577256940471398e-01 1.162530212511092703e-01 9.168365229479782941e-02 5.187292049772253971e-02 2.302708729154268052e-02 -2.384105500035701639e-02 -6.684379109100639649e-02
8.303819638524657931e-02 1.275583575604350983e-01 1.693577256940471398e-01 2.171625561495673096e-01 1.645841122880850604e-01 1.349691803684532065e-01 8.505126608665314336e-02 6.463054942405058179e-02 2.111151893502614604e-02 -3.020573358303433459e-02
3.926635741865455720e-02 8.206722491437595801e-02 1.162530212511092703e-01 1.645841122880850604e-01 1.708790090634706160e-01 1.662514582618142833e-01 1.075302625787489252e-01 8.838127654692626289e-02 5.423534407238649047e-02 1.014353186618744546e-02
3.347040655234416549e-03 5.714410119509508168e-02 9.168365229479782941e-02 1.349691803684532065e-01 1.662514582618142833e-01 2.057841340828350796e-01 1.432185998303732166e-01 1.255385798180745083e-01 8.947201063494997220e-02 4.610435246811512428e-02
-3.267933860802162832e-02 1.631591506188977136e-02 5.187292049772253971e-02 8.505126608665314336e-02 1.075302625787489252e-01 1.432185998303732166e-01 1.240581677615514300e-01 1.352145181424614651e-01 1.096272130130608591e-01 6.809165417716583901e-02
-8.424124392137352646e-02 -2.759105765855314474e-02 2.302708729154268052e-02 6.463054942405058179e-02 8.838127654692626289e-02 1.255385798180745083e-01 1.352145181424614651e-01 2.008178469624428697e-01 1.887148860261448347e-01 1.240215979002992630e-01
-1.321436360938859356e-01 -7.636117822189454618e-02 -2.384105500035701639e-02 2.111151893502614604e-02 5.423534407238649047e-02 8.947201063494997220e-02 1.096272130130608591e-01 1.887148860261448347e-01 2.362155917550730899e-01 1.748734279139794734e-01
-1.879011003545625891e-01 -1.197293236311105791e-01 -6.684379109100639649e-02 -3.020573358303433459e-02 1.014353186618744546e-02 4.610435246811512428e-02 6.809165417716583901e-02 1.240215979002992630e-01 1.748734279139794734e-01 1.924780215071709433e-01
2.046862930906582223e-01 1.660441562110169800e-01 1.233346027133397360e-01 8.494128198015596376e-02 4.037900239692425453e-02 4.339126038972821939e-03 -3.616290330062328640e-02 -8.272064791467893807e-02 -1.096832882227350564e-01 -1.929247433943678258e-01
1.660441562110169800e-01 1.950203565388057003e-01 1.725642809703836766e-01 1.297248018977980311e-01 8.005126683011121180e-02 5.171133692753306782e-02 1.000648796089883413e-02 -3.730734883010782682e-02 -6.789881014602425213e-02 -1.276637621771334885e-01
1.233346027133397360e-01 1.725642809703836766e-01 2.091410359636445837e-01 1.824995078105638435e-01 1.175511636770638080e-01 8.849643330678488851e-02 5.057425874331308857e-02 1.164019059103968239e-02 -3.043321376216439125e-02 -8.375695836348787116e-02
8.494128198015596376e-02 1.297248018977980311e-01 1.824995078105638435e-01 2.220619117879968352e-01 1.604597810629397880e-01 1.294562061634479122e-01 8.838547657874359920e-02 5.896057584583909439e-02 1.000820822322724506e-02 -4.115611644142574965e-02
4.037900239692425453e-02 8.005126683011121180e-02 1.175511636770638080e-01 1.604597810629397880e-01 1.540042730995374864e-01 1.479887253146189852e-01 1.107270537707906038e-01 8.614833424093140679e-02 4.202034948851889051e-02 7.019791213933744903e-03
4.339126038972821939e-03 5.171133692753306782e-02 8.849643330678488851e-02 1.294562061634479122e-01 1.479887253146189852e-01 1.805491313044529644e-01 1.546374243248243019e-01 1.314221539357117163e-01 7.667748731070767043e-02 5.013204330229176914e-02
-3.616290330062328640e-02 1.000648796089883413e-02 5.057425874331308857e-02 8.838547657874359920e-02 1.107270537707906038e-01 1.546374243248243019e-01 1.785748761802360418e-01 1.830223756140220703e-01 1.092822366601859108e-01 8.451454526369096831e-02
-8.272064791467893807e-02 -3.730734883010782682e-02 1.164019059103968239e-02 5.896057584583909439e-02 8.614833424093140679e-02 1.314221539357117163e-01 1.830223756140220703e-01 2.529726847294237468e-01 1.611737480927260824e-01 1.337719756483788935e-01
-1.096832882227350564e-01 -6.789881014602425213e-02 -3.043321376216439125e-02 1.000820822322724506e-02 4.202034948851889051e-02 7.667748731070767043e-02 1.092822366601859108e-01 1.611737480927260824e-01 1.437440122160103528e-01 1.608381418344511093e-01
-1.929247433943678258e-01 -1.276637621771334885e-01 -8.375695836348787116e-02 -4.115611644142574965e-02 7.019791213933744903e-03 5.013204330229176914e-02 8.451454526369096831e-02 1.337719756483788935e-01 1.608381418344511093e-01 2.592454250892344825e-01
2.032110056016598054e-01 1.628024573009622111e-01 1.309408565249682022e-01 7.035651611368584635e-02 3.694462761096688197e-02 -6.956340879127532149e-03 -4.751281751469915715e-02 -8.035377132305826509e-02 -1.222354485300131272e-01 -1.851624771722849283e-01
1.628024573009622111e-01 1.903199877359159076e-01 1.893359882595267440e-01 1.077724075497744072e-01 7.592936121471580146e-02 3.671325896265108940e-02 -4.667642792497646125e-03 -4.191623876691820405e-02 -7.980144800469275712e-02 -1.271042651894669362e-01
1.309408565249682022e-01 1.893359882595267440e-01 2.634730760315459608e-01 1.623878612822717837e-01 1.265270278666253134e-01 8.580912338930229977e-02 4.630127499939840074e-02 3.309189546003255770e-03 -4.354757460143100778e-02 -9.229471669841662895e-02
7.035651611368584635e-02 1.077724075497744072e-01 1.623878612822717837e-01 1.416820999372374046e-01 1.491803432029256693e-01 1.146981511839992862e-01 7.744212195769452356e-02 4.471353196212093928e-02 7.789108047882789196e-03 -3.522440777447593402e-02
3.694462761096688197e-02 7.592936121471580146e-02 1.265270278666253134e-01 1.491803432029256693e-01 2.210435811451142429e-01 1.897731642421831011e-01 1.315807044579603846e-01 9.118959410416273281e-02 5.475110136135743349e-02 9.730144522919407027e-03
-6.956340879127532149e-03 3.671325896265108940e-02 8.580912338930229977e-02 1.146981511839992862e-01 1.897731642421831011e-01 2.186423153286497223e-01 1.718168593649318510e-01 1.243389804713164598e-01 8.725020074625663979e-02 5.123960918604153481e-02
-4.751281751469915715e-02 -4.667642792497646125e-03 4.630127499939840074e-02 7.744212195769452356e-02 1.315807044579603846e-01 1.718168593649318510e-01 1.905098844089343491e-01 1.594922876156829594e-01 1.208419026857608797e-01 8.619954599710194509e-02
-8.035377132305826509e-02 -4.191623876691820405e-02 3.309189546003255770e-03 4.471353196212093928e-02 9.118959410416273281e-02 1.243389804713164598e-01 1.594922876156829594e-01 1.703424148169890850e-01 1.494886876405893406e-01 1.197244302056341830e-01
-1.222354485300131272e-01 -7.980144800469275712e-02 -4.354757460143100778e-02 7.789108047882789196e-03 5.475110136135743349e-02 8.725020074625663979e-02 1.208419026857608797e-01 1.494886876405893406e-01 1.728909024056737853e-01 1.686306971029321311e-01
-1.851624771722849283e-01 -1.271042651894669362e-01 -9.229471669841662895e-02 -3.522440777447593402e-02 9.730144522919407027e-03 5.123960918604153481e-02 8.619954599710194509e-02 1.197244302056341830e-01 1.686306971029321311e-01 2.278847325882804031e-01
2.125177120362699013e-01 1.840472587647948022e-01 1.265334254433299055e-01 8.490392725600263979e-02 4.841976062529708413e-02 1.183944310595589754e-03 -4.200957141594707095e-02 -8.507770448947195308e-02 -1.265671636967656555e-01 -1.643329278751046452e-01
1.840472587647948022e-01 2.220068745252401499e-01 1.727309966035991684e-01 1.234968502781755850e-01 8.834169659228570393e-02 4.706678782709712572e-02 2.696661095830492350e-03 -4.450036267657327821e-02 -8.747780745955568982e-02 -1.243322632380874371e-01
1.265334254433299055e-01 1.727309966035991684e-01 1.833029749153207710e-01 1.546269379171669733e-01 1.234355342971185654e-01 8.310242508810679329e-02 4.432937406764374255e-02 1.785254761831099948e-03 -4.596343507290429065e-02 -8.200122875671114753e-02
8.490392725600263979e-02 1.234968502781755850e-01 1.546269379171669733e-01 1.747594657568834753e-01 1.672527283443374646e-01 1.222991688380603570e-01 8.050046578936323471e-02 4.527335643631128642e-02 -2.036923400879624580e-03 -4.465942439195889208e-02
4.841976062529708413e-02 8.834169659228570393e-02 1.234355342971185654e-01 1.672527283443374646e-01 2.172638733151671109e-01 1.809562607403221168e-01 1.256581816234674243e-01 8.934485671713880695e-02 4.578365384083791373e-02 -2.567233926082996241e-03
1.183944310595589754e-03 4.706678782709712572e-02 8.310242508810679329e-02 1.222991688380603570e-01 1.809562607403221168e-01 2.068113720924536492e-01 1.658181860070162272e-01 1.283272370131000595e-01 8.597692467664447280e-02 4.187377294443767745e-02
-4.200957141594707095e-02 2.696661095830492350e-03 4.432937406764374255e-02 8.050046578936323471e-02 1.256581816234674243e-01 1.658181860070162272e-01 1.831007934282689043e-01 1.700266163198607960e-01 1.235373213025699052e-01 7.721243103637057126e-02
-8.507770448947195308e-02 -4.450036267657327821e-02 1.785254761831099948e-03 4.527335643631128642e-02 8.934485671713880695e-02 1.283272370131000595e-01 1.700266163198607960e-01 2.183247081763774189e-01 1.816892500405652977e-01 1.213354119416988758e-01
