2.923474956415273440e-01 2.901130746855597464e-01 1.312867452149747427e-01 6.623896481005892012e-03 -6.575020642132370363e-02 -8.319602577102502838e-02 -6.907475149202488285e-02 1.765112246348500558e-02 1.395722079467414112e-01 2.550307544490995060e-01
2.901130746855597464e-01 4.213488431764523812e-01 2.921316778185885643e-01 1.615261122582170583e-01 5.544578812238942778e-02 -2.855736894311254603e-02 -9.115846210800404581e-02 -8.400835261986211444e-02 6.018315599324367687e-03 1.489523207602995725e-01
1.312867452149747427e-01 2.921316778185885643e-01 2.778236885880097651e-01 2.258244182307219683e-01 1.600305630768432685e-01 7.354028077176089084e-02 -6.165349365139082688e-03 -7.322409418583587792e-02 -7.728850129891977339e-02 -7.178125507599260845e-03
6.623896481005892012e-03 1.615261122582170583e-01 2.258244182307219683e-01 2.476678960785033135e-01 2.279907040721989020e-01 1.587966882059843321e-01 9.069737946672802587e-02 -1.663870205801981292e-02 -9.536752499072639888e-02 -9.806796345292471961e-02
-6.575020642132370363e-02 5.544578812238942778e-02 1.600305630768432685e-01 2.279907040721989020e-01 2.532428014934204885e-01 2.138041330957778374e-01 1.761337976815291750e-01 6.272012488384066942e-02 -6.033801665813874615e-02 -1.203550069190573030e-01
-8.319602577102502838e-02 -2.855736894311254603e-02 7.354028077176089084e-02 1.587966882059843321e-01 2.138041330957778374e-01 2.213289714220379734e-01 2.345895629441310803e-01 1.536313507049213434e-01 2.494720725863538296e-02 -7.179454607459528903e-02
-6.907475149202488285e-02 -9.115846210800404581e-02 -6.165349365139082688e-03 9.069737946672802587e-02 1.761337976815291750e-01 2.345895629441310803e-01 3.183996666643907902e-01 2.827296831665435661e-01 1.530818891145963312e-01 1.954863060925683335e-02
1.765112246348500558e-02 -8.400835261986211444e-02 -7.322409418583587792e-02 -1.663870205801981292e-02 6.272012488384066942e-02 1.536313507049213434e-01 2.827296831665435661e-01 3.340430978247362348e-01 2.677854806953223199e-01 1.573286071098817795e-01
1.395722079467414112e-01 6.018315599324367687e-03 -7.728850129891977339e-02 -9.536752499072639888e-02 -6.033801665813874615e-02 2.494720725863538296e-02 1.530818891145963312e-01 2.677854806953223199e-01 3.049321175023073094e-01 2.701045893844619128e-01
2.550307544490995060e-01 1.489523207602995725e-01 -7.178125507599260845e-03 -9.806796345292471961e-02 -1.203550069190573030e-01 -7.179454607459528903e-02 1.954863060925683335e-02 1.573286071098817795e-01 2.701045893844619128e-01 3.288654216086125404e-01
1.593096509405905470e-01 1.597804561026212045e-01 1.555848705373202023e-01 5.365034801647780571e-02 -4.700702722491795216e-02 -1.039904796512474555e-01 -4.232448081113708571e-02 5.438657986288001484e-02 1.552110268714173846e-01 1.908031844855860859e-01
1.597804561026212045e-01 2.261004590076791110e-01 2.873753528889541053e-01 1.682424892580696441e-01 2.045314861946136847e-02 -8.663700400504291410e-02 -7.890383918758353543e-02 -3.458164514635510972e-02 5.381759653174489344e-02 1.282590443492491461e-01
1.555848705373202023e-01 2.873753528889541053e-01 4.331099471546331903e-01 3.090759990940172286e-01 1.298737228601077875e-01 -1.171340803831906821e-02 -7.464544125727003154e-02 -9.288657643430436872e-02 -3.303113630753243268e-02 6.702688041018062259e-02
5.365034801647780571e-02 1.682424892580696441e-01 3.090759990940172286e-01 2.874841067118436011e-01 2.090419375135370295e-01 1.415833931256889888e-01 2.837224060411527166e-02 -5.053202184671461150e-02 -7.384046872911316506e-02 -2.819247958214469996e-02
-4.700702722491795216e-02 2.045314861946136847e-02 1.298737228601077875e-01 2.090419375135370295e-01 2.615223025151612868e-01 2.962134964766799383e-01 1.566709581699217702e-01 4.282608978604045269e-02 -5.922341359400185717e-02 -8.976063385176445697e-02
-1.039904796512474555e-01 -8.663700400504291410e-02 -1.171340803831906821e-02 1.415833931256889888e-01 2.962134964766799383e-01 4.301859201653227549e-01 2.789592242086850749e-01 1.580566572512575041e-01 4.774603777026127129e-03 -9.550621774189789470e-02
-4.232448081113708571e-02 -7.890383918758353543e-02 -7.464544125727003154e-02 2.837224060411527166e-02 1.566709581699217702e-01 2.789592242086850749e-01 2.299038700538445501e-01 2.040247761023182838e-01 1.209698311009234500e-01 2.092238592116199558e-02
5.438657986288001484e-02 -3.458164514635510972e-02 -9.288657643430436872e-02 -5.053202184671461150e-02 4.282608978604045269e-02 1.580566572512575041e-01 2.040247761023182838e-01 2.913250549347953244e-01 2.885577995939863638e-01 1.842871775158080316e-01
1.552110268714173846e-01 5.381759653174489344e-02 -3.303113630753243268e-02 -7.384046872911316506e-02 -5.922341359400185717e-02 4.774603777026127129e-03 1.209698311009234500e-01 2.885577995939863638e-01 3.803609266087782936e-01 3.079939802140296834e-01
1.908031844855860859e-01 1.282590443492491461e-01 6.702688041018062259e-02 -2.819247958214469996e-02 -8.976063385176445697e-02 -9.550621774189789470e-02 2.092238592116199558e-02 1.842871775158080316e-01 3.079939802140296834e-01 3.006977619073537555e-01
3.502550939355284498e-01 2.549421209925029075e-01 1.652180213822053989e-01 6.028567193366235477e-02 -4.546617691379570975e-02 -9.725876893475847440e-02 -8.353041195501996474e-02 2.706125646736497192e-02 1.742967617595437835e-01 2.749859505542719962e-01
2.549421209925029075e-01 2.339773821705441459e-01 2.075901147225667209e-01 1.505903885662586150e-01 5.117514572584100363e-02 -4.828568330630436667e-02 -1.008906250360661061e-01 -5.219259705458034054e-02 4.733085324695294333e-02 1.560857298822882766e-01
1.652180213822053989e-01 2.075901147225667209e-01 2.503150846847893018e-01 2.512289802541585737e-01 1.715935952518480856e-01 3.656820917217102479e-02 -7.167329737312977400e-02 -9.182781877706414075e-02 -4.921937892586478180e-02 5.238798413356098027e-02
6.028567193366235477e-02 1.505903885662586150e-01 2.512289802541585737e-01 3.234919704171009269e-01 2.888628112748209409e-01 1.509574083425370139e-01 1.656995167009477771e-02 -7.448900819307145704e-02 -1.019388474037923042e-01 -3.878002946859502448e-02
-4.546617691379570975e-02 5.117514572584100363e-02 1.715935952518480856e-01 2.888628112748209409e-01 3.319194082176116778e-01 2.503681979890632903e-01 1.504035169021579743e-01 1.720569726199276325e-02 -7.448412858769976053e-02 -8.587015941225159543e-02
-9.725876893475847440e-02 -4.828568330630436667e-02 3.656820917217102479e-02 1.509574083425370139e-01 2.503681979890632903e-01 2.747499041587154744e-01 2.650784116619224751e-01 1.472212810747419165e-01 3.325642146666134974e-02 -5.638068706270271679e-02
-8.353041195501996474e-02 -1.008906250360661061e-01 -7.167329737312977400e-02 1.656995167009477771e-02 1.504035169021579743e-01 2.650784116619224751e-01 3.570217930079131463e-01 2.781327752209201698e-01 1.725977585317287621e-01 2.552781785902744072e-02
2.706125646736497192e-02 -5.219259705458034054e-02 -9.182781877706414075e-02 -7.448900819307145704e-02 1.720569726199276325e-02 1.472212810747419165e-01 2.781327752209201698e-01 2.868745633974364440e-01 2.548357473353724534e-01 1.350618722954819717e-01
1.742967617595437835e-01 4.733085324695294333e-02 -4.921937892586478180e-02 -1.019388474037923042e-01 -7.448412858769976053e-02 3.325642146666134974e-02 1.725977585317287621e-01 2.548357473353724534e-01 3.136445019350892482e-01 2.499215992790632945e-01
2.749859505542719962e-01 1.560857298822882766e-01 5.238798413356098027e-02 -3.878002946859502448e-02 -8.587015941225159543e-02 -5.638068706270271679e-02 2.552781785902744072e-02 1.350618722954819717e-01 2.499215992790632945e-01 2.777502980752734052e-01
2.435063956454491807e-01 2.278037520333056620e-01 1.483556578999107312e-01 4.679565781089337767e-02 -4.129989097833459272e-02 -9.067411170113887087e-02 -8.605737855368361666e-02 -1.057585910996291720e-02 1.314091278184787992e-01 2.637046119721874193e-01
2.278037520333056620e-01 3.078657741942274484e-01 2.770821752226686474e-01 1.785704714414857175e-01 5.265689781172859518e-02 -4.910301480193609430e-02 -1.056269061947384680e-01 -9.369680347126818631e-02 -4.393851298835734637e-03 1.470383914186038088e-01
1.483556578999107312e-01 2.770821752226686474e-01 3.148902984038458586e-01 2.638010165322092204e-01 1.557343285381499465e-01 5.006910898285794886e-02 -3.706626296232098938e-02 -8.619399430032520515e-02 -7.715641050355478980e-02 2.532752250623613796e-02
4.679565781089337767e-02 1.785704714414857175e-01 2.638010165322092204e-01 2.849971514223440527e-01 2.312810529657141068e-01 1.584951308495700095e-01 7.365936766064609675e-02 -1.539134030997641248e-02 -8.181608054746786207e-02 -6.342388283120274639e-02
-4.129989097833459272e-02 5.265689781172859518e-02 1.557343285381499465e-01 2.312810529657141068e-01 2.493060009940521460e-01 2.306139011670742811e-01 1.749627779047925880e-01 7.909354320652611792e-02 -3.148594215455951389e-02 -9.656285005195452964e-02
-9.067411170113887087e-02 -4.910301480193609430e-02 5.006910898285794886e-02 1.584951308495700095e-01 2.306139011670742811e-01 2.681966024424922712e-01 2.508874619957389696e-01 1.692852565031789103e-01 4.677418481675704731e-02 -7.873657836419946376e-02
-8.605737855368361666e-02 -1.056269061947384680e-01 -3.706626296232098938e-02 7.365936766064609675e-02 1.749627779047925880e-01 2.508874619957389696e-01 2.820809379311289833e-01 2.394591897247631829e-01 1.450279605879588041e-01 -2.987752453254968049e-03
-1.057585910996291720e-02 -9.369680347126818631e-02 -8.619399430032520515e-02 -1.539134030997641248e-02 7.909354320652611792e-02 1.692852565031789103e-01 2.394591897247631829e-01 2.682045112411335364e-01 2.530043013938994001e-01 1.371672443802316455e-01
1.314091278184787992e-01 -4.393851298835734637e-03 -7.715641050355478980e-02 -8.181608054746786207e-02 -3.148594215455951389e-02 4.677418481675704731e-02 1.450279605879588041e-01 2.530043013938994001e-01 3.611728651910499632e-01 3.266955873109098629e-01
2.637046119721874193e-01 1.470383914186038088e-01 2.532752250623613796e-02 -6.342388283120274639e-02 -9.656285005195452964e-02 -7.873657836419946376e-02 -2.987752453254968049e-03 1.371672443802316455e-01 3.266955873109098629e-01 4.197794625342792241e-01
3.633915359051590466e-01 2.046242366149516045e-01 1.610400632401715049e-01 6.984155997256846771e-02 -4.281577368004921280e-02 -1.171216799773821260e-01 -1.022740941132524867e-01 -6.919951060596503216e-03 1.619167293925664608e-01 3.145516786863516989e-01
2.046242366149516045e-01 1.549408822581110068e-01 1.815677389701362554e-01 1.442372702886899338e-01 4.294863046808020807e-02 -4.739307232627174016e-02 -8.457810615764686790e-02 -6.267716460232072850e-02 1.679493100819658136e-02 1.316469980301168130e-01
1.610400632401715049e-01 1.815677389701362554e-01 2.922079677240243534e-01 2.982857914713962222e-01 1.711097967429999200e-01 3.520969186090029679e-02 -6.578996380361223917e-02 -1.039233076162549146e-01 -7.450518532596968335e-02 4.350803527393538872e-02
6.984155997256846771e-02 1.442372702886899338e-01 2.982857914713962222e-01 3.676382623082729562e-01 2.717643694001987131e-01 1.515020405195436903e-01 2.534433957291724535e-02 -6.149733419956519842e-02 -9.634339801005867288e-02 -3.511881068537578421e-02
-4.281577368004921280e-02 4.294863046808020807e-02 1.711097967429999200e-01 2.717643694001987131e-01 2.724100278900419281e-01 2.371125920960599487e-01 1.479291267445728697e-01 5.288109959541886784e-02 -3.174056836927602321e-02 -7.097323583991579921e-02
-1.171216799773821260e-01 -4.739307232627174016e-02 3.520969186090029679e-02 1.515020405195436903e-01 2.371125920960599487e-01 2.964636717393641652e-01 2.592382796898099473e-01 1.761919657598076117e-01 6.654950179178487080e-02 -6.190756208334383809e-02
-1.022740941132524867e-01 -8.457810615764686790e-02 -6.578996380361223917e-02 2.534433957291724535e-02 1.479291267445728697e-01 2.592382796898099473e-01 2.849514037472224981e-01 2.455855296808782395e-01 1.629435494655456784e-01 7.585485419958005321e-03
-6.919951060596503216e-03 -6.267716460232072850e-02 -1.039233076162549146e-01 -6.149733419956519842e-02 5.288109959541886784e-02 1.761919657598076117e-01 2.455855296808782395e-01 2.705672176197885248e-01 2.535177384715734394e-01 1.248137741406014078e-01
1.619167293925664608e-01 1.679493100819658136e-02 -7.450518532596968335e-02 -9.634339801005867288e-02 -3.174056836927602321e-02 6.654950179178487080e-02 1.629435494655456784e-01 2.535177384715734394e-01 3.387670906611384147e-01 2.836215061327423403e-01
3.145516786863516989e-01 1.316469980301168130e-01 4.350803527393538872e-02 -3.511881068537578421e-02 -7.097323583991579921e-02 -6.190756208334383809e-02 7.585485419958005321e-03 1.248137741406014078e-01 2.836215061327423403e-01 3.586619401468767454e-01
2.387082248941038432e-01 2.438465127998919735e-01 1.391148411800734452e-01 3.117607535504856794e-02 -5.279344897862391084e-02 -8.504936217744110682e-02 -6.744001714933799130e-02 2.609156415404202678e-02 1.544285504675669829e-01 2.429186081788957119e-01
2.438465127998919735e-01 3.471343225928680276e-01 2.781854977027274911e-01 1.763049893655471712e-01 3.489987231140087576e-02 -6.996061119912826143e-02 -1.214022182158313035e-01 -6.587300722364933248e-02 3.381078174069018089e-02 1.599047721287110424e-01
1.391148411800734452e-01 2.781854977027274911e-01 2.950367478155472289e-01 2.652798071144822911e-01 1.468255944824053139e-01 3.008925592016338871e-02 -5.637274129162105074e-02 -7.768888132155685189e-02 -6.152085680833182385e-02 2.552398261304583693e-02
3.117607535504856794e-02 1.763049893655471712e-01 2.652798071144822911e-01 3.244409099161059684e-01 2.557880321961610304e-01 1.561733806657093493e-01 6.163936202468944803e-02 -3.461997290337440886e-02 -1.006741146261219688e-01 -7.653583968793525871e-02
-5.279344897862391084e-02 3.489987231140087576e-02 1.468255944824053139e-01 2.557880321961610304e-01 2.698552527833399384e-01 2.324911547408951562e-01 1.781976168110434022e-01 5.436284529705222301e-02 -5.199689630081130720e-02 -9.832653541018820942e-02
-8.504936217744110682e-02 -6.996061119912826143e-02 3.008925592016338871e-02 1.561733806657093493e-01 2.324911547408951562e-01 2.663069517430664002e-01 2.681749313842877736e-01 1.500575445725019774e-01 4.202772700819593782e-02 -5.606871775999255902e-02
-6.744001714933799130e-02 -1.214022182158313035e-01 -5.637274129162105074e-02 6.163936202468944803e-02 1.781976168110434022e-01 2.681749313842877736e-01 3.346170009607192242e-01 2.428771503341231319e-01 1.611057343363973826e-01 3.345328403990243532e-02
2.609156415404202678e-02 -6.587300722364933248e-02 -7.768888132155685189e-02 -3.461997290337440886e-02 5.436284529705222301e-02 1.500575445725019774e-01 2.428771503341231319e-01 2.367026765077741568e-01 2.386278253636118230e-01 1.522982491647264514e-01
1.544285504675669829e-01 3.381078174069018089e-02 -6.152085680833182385e-02 -1.006741146261219688e-01 -5.199689630081130720e-02 4.202772700819593782e-02 1.611057343363973826e-01 2.386278253636118230e-01 3.403923459865294543e-01 3.037291888623099290e-01
2.429186081788957119e-01 1.599047721287110424e-01 2.552398261304583693e-02 -7.653583968793525871e-02 -9.832653541018820942e-02 -5.606871775999255902e-02 3.345328403990243532e-02 1.522982491647264514e-01 3.037291888623099290e-01 3.468055667999453417e-01
3.354253477368879244e-01 2.761337500212780460e-01 1.504227979333825627e-01 -1.608702468689371737e-02 -1.006105136685462864e-01 -7.881541546145155730e-02 -6.061042706793567242e-03 8.194382419267409734e-02 1.496115317164753988e-01 2.694719345215856876e-01
2.761337500212780460e-01 2.870924841749764589e-01 2.370552481446301374e-01 1.177357646442855205e-01 -3.139674807587395505e-02 -9.045393463483292207e-02 -7.609345194548879088e-02 -1.777063086026607966e-02 6.633948348317365851e-02 1.837771458005074410e-01
1.504227979333825627e-01 2.370552481446301374e-01 3.132756431851700385e-01 3.080234970188464594e-01 1.218217700052511843e-01 -2.569911458579541078e-02 -9.257902172138163244e-02 -9.341883605493220277e-02 -2.803115774372774011e-02 5.193778525152248360e-02
-1.608702468689371737e-02 1.177357646442855205e-01 3.080234970188464594e-01 4.668062630674525981e-01 3.135876887999490270e-01 1.254040359102464863e-01 -7.899192659056485794e-03 -7.991989201095883733e-02 -8.183792609107026772e-02 -7.897856080249987532e-02
-1.006105136685462864e-01 -3.139674807587395505e-02 1.218217700052511843e-01 3.135876887999490270e-01 3.176457915423328560e-01 2.352330187536940120e-01 1.444773039237224332e-01 6.171078889592554462e-02 -1.747389793747863504e-02 -8.312045378356305858e-02
-7.881541546145155730e-02 -9.045393463483292207e-02 -2.569911458579541078e-02 1.254040359102464863e-01 2.352330187536940120e-01 2.710730180721138138e-01 2.509597829767610810e-01 1.935192895046393968e-01 7.701365561160411488e-02 -8.921767394827587877e-03
-6.061042706793567242e-03 -7.609345194548879088e-02 -9.257902172138163244e-02 -7.899192659056485794e-03 1.444773039237224332e-01 2.509597829767610810e-01 2.952124760206012999e-01 2.733296604562892584e-01 1.532098245994156227e-01 8.071055143814359623e-02
8.194382419267409734e-02 -1.777063086026607966e-02 -9.341883605493220277e-02 -7.991989201095883733e-02 6.171078889592554462e-02 1.935192895046393968e-01 2.733296604562892584e-01 2.934151345999662652e-01 1.961175008107145512e-01 1.570521096674755701e-01
1.496115317164753988e-01 6.633948348317365851e-02 -2.803115774372774011e-02 -8.183792609107026772e-02 -1.747389793747863504e-02 7.701365561160411488e-02 1.532098245994156227e-01 1.961175008107145512e-01 1.641429467247078888e-01 1.786715015309090770e-01
2.694719345215856876e-01 1.837771458005074410e-01 5.193778525152248360e-02 -7.897856080249987532e-02 -8.312045378356305858e-02 -8.921767394827587877e-03 8.071055143814359623e-02 1.570521096674755701e-01 1.786715015309090770e-01 2.559108948757856661e-01
3.690351549347602456e-01 2.777472631696757399e-01 1.390169284922347925e-01 1.699914413550489972e-02 -6.075137832593859033e-02 -8.452985930695333661e-02 -5.059522341721899019e-02 4.284761208450658942e-02 1.630406265284171374e-01 2.973656959781628695e-01
2.777472631696757399e-01 3.095869306289373291e-01 2.572122380178012979e-01 1.615741484125031713e-01 5.393259906445073415e-02 -4.228145062385640224e-02 -9.616757230399203271e-02 -5.981825135750241940e-02 1.971111681430125565e-02 1.460713682402565439e-01
1.390169284922347925e-01 2.572122380178012979e-01 3.030227060740660061e-01 2.636761247301414035e-01 1.698018419807824364e-01 4.832427602096275865e-02 -6.091999620205106741e-02 -9.634311501207601380e-02 -8.262950775472013842e-02 -3.899505348447379182e-03
1.699914413550489972e-02 1.615741484125031713e-01 2.636761247301414035e-01 2.912818321702322910e-01 2.446659171610626182e-01 1.486061097465334879e-01 3.495189359133051010e-02 -5.750464611220544586e-02 -1.049492128279803926e-01 -8.905129542566793399e-02
-6.075137832593859033e-02 5.393259906445073415e-02 1.698018419807824364e-01 2.446659171610626182e-01 2.689956981242315193e-01 2.369420475491576528e-01 1.627155591009634694e-01 3.834020413362379531e-02 -5.297627870010358786e-02 -9.807851405721543236e-02
-8.452985930695333661e-02 -4.228145062385640224e-02 4.832427602096275865e-02 1.486061097465334879e-01 2.369420475491576528e-01 2.929161013099368382e-01 2.878957505072292644e-01 1.603530135749634267e-01 5.057205447209277283e-02 -4.072521035164296255e-02
-5.059522341721899019e-02 -9.616757230399203271e-02 -6.091999620205106741e-02 3.495189359133051010e-02 1.627155591009634694e-01 2.878957505072292644e-01 3.644281114316873516e-01 2.622679956701547965e-01 1.646790475366399775e-01 5.819639893589019508e-02
4.284761208450658942e-02 -5.981825135750241940e-02 -9.634311501207601380e-02 -5.750464611220544586e-02 3.834020413362379531e-02 1.603530135749634267e-01 2.622679956701547965e-01 2.387431516229558681e-01 2.053203102587030648e-01 1.468979327880027830e-01
1.630406265284171374e-01 1.971111681430125565e-02 -8.262950775472013842e-02 -1.049492128279803926e-01 -5.297627870010358786e-02 5.057205447209277283e-02 1.646790475366399775e-01 2.053203102587030648e-01 2.405739544040275679e-01 2.423496893137874753e-01
2.973656959781628695e-01 1.460713682402565439e-01 -3.899505348447379182e-03 -8.905129542566793399e-02 -9.807851405721543236e-02 -4.072521035164296255e-02 5.819639893589019508e-02 1.468979327880027830e-01 2.423496893137874753e-01 3.214163592991674534e-01
3.417519054858970673e-01 2.550678107287182583e-01 1.522675663595289275e-01 2.957174058720677193e-02 -6.661185021358373426e-02 -1.154829631595330613e-01 -6.950923249432655604e-02 2.818964099892718421e-03 1.348619001301472609e-01 2.983883483931662473e-01
2.550678107287182583e-01 2.428126521617944011e-01 2.135116891510623616e-01 1.439580485867419102e-01 3.392634161732464848e-02 -4.429408054308591608e-02 -6.755462110040259816e-02 -7.574259519278918329e-02 4.096018003132635699e-02 1.819181436162224386e-01
1.522675663595289275e-01 2.135116891510623616e-01 2.760910067559029790e-01 2.789523423307015970e-01 1.658219227080697800e-01 7.007284716497902410e-02 -2.536126020066041542e-02 -1.023030293935258961e-01 -3.440656117606399195e-02 5.999925681563977875e-02
2.957174058720677193e-02 1.439580485867419102e-01 2.789523423307015970e-01 3.645662486141096892e-01 2.748768610275728053e-01 1.896573024340516556e-01 4.891285588904992210e-02 -6.066047762984859426e-02 -7.286573867862825016e-02 -5.373437523399005045e-02
-6.661185021358373426e-02 3.392634161732464848e-02 1.658219227080697800e-01 2.748768610275728053e-01 2.551112657566123598e-01 2.247201066014786752e-01 1.140292441301522519e-01 4.606376916300813917e-02 -4.129508806722063941e-02 -9.773167228929524608e-02
-1.154829631595330613e-01 -4.429408054308591608e-02 7.007284716497902410e-02 1.896573024340516556e-01 2.247201066014786752e-01 2.535431572361575014e-01 1.848996944501480333e-01 1.805679522771340140e-01 2.472727344040197284e-02 -9.281403606669388906e-02
-6.950923249432655604e-02 -6.755462110040259816e-02 -2.536126020066041542e-02 4.891285588904992210e-02 1.140292441301522519e-01 1.848996944501480333e-01 1.981170910125744644e-01 2.854070830314362484e-01 1.209239913163110969e-01 -6.019862792600071469e-07
2.818964099892718421e-03 -7.574259519278918329e-02 -1.023030293935258961e-01 -6.066047762984859426e-02 4.606376916300813917e-02 1.805679522771340140e-01 2.854070830314362484e-01 5.223057994960368378e-01 2.925168660837917933e-01 1.420280102565553149e-01
1.348619001301472609e-01 4.096018003132635699e-02 -3.440656117606399195e-02 -7.286573867862825016e-02 -4.129508806722063941e-02 2.472727344040197284e-02 1.209239913163110969e-01 2.925168660837917933e-01 2.279359338757047937e-01 2.090118540503114186e-01
2.983883483931662473e-01 1.819181436162224386e-01 5.999925681563977875e-02 -5.373437523399005045e-02 -9.773167228929524608e-02 -9.281403606669388906e-02 -6.019862792600071469e-07 1.420280102565553149e-01 2.090118540503114186e-01 3.177649396052064645e-01
4.133982359653768368e-01 3.227518866347320881e-01 1.482564349792597491e-01 3.714547026441344935e-02 -5.800606900860341697e-02 -1.035625322385849145e-01 -8.524764149062552532e-02 8.486193874075927471e-03 1.487167257974864043e-01 2.541681142197615428e-01
3.227518866347320881e-01 2.981551701678537558e-01 1.849285605435050384e-01 1.414604009488391601e-01 3.201606845487230124e-02 -5.276587374590017976e-02 -9.289257173337868434e-02 -6.376206391381276928e-02 4.372379170581583430e-02 1.641794852865653964e-01
1.482564349792597491e-01 1.849285605435050384e-01 1.773356856564847206e-01 2.321388290231838347e-01 1.441054035140917344e-01 5.105362530452499381e-02 -3.005510268672950680e-02 -7.304866194112068223e-02 -4.240171203268021383e-02 4.065083777100674672e-02
3.714547026441344935e-02 1.414604009488391601e-01 2.321388290231838347e-01 4.121287247740267334e-01 3.166703704876339120e-01 1.912025462206785043e-01 5.215358371468551552e-02 -6.998290262899786729e-02 -1.106411579322428562e-01 -5.095676426533188308e-02
-5.800606900860341697e-02 3.201606845487230124e-02 1.441054035140917344e-01 3.166703704876339120e-01 2.887992169746023130e-01 2.216487298056316613e-01 1.292835226986882025e-01 2.356603760378563756e-02 -5.871898706200076590e-02 -7.128375088986205199e-02
-1.035625322385849145e-01 -5.276587374590017976e-02 5.105362530452499381e-02 1.912025462206785043e-01 2.216487298056316613e-01 2.313533560811913969e-01 2.110722937858331150e-01 1.507394652973751692e-01 4.390693108639390219e-02 -4.544992612956821887e-02
-8.524764149062552532e-02 -9.289257173337868434e-02 -3.005510268672950680e-02 5.215358371468551552e-02 1.292835226986882025e-01 2.110722937858331150e-01 2.791446260293323212e-01 2.873454109006579049e-01 1.796767820737344146e-01 2.557513671397702165e-02
8.486193874075927471e-03 -6.376206391381276928e-02 -7.304866194112068223e-02 -6.998290262899786729e-02 2.356603760378563756e-02 1.507394652973751692e-01 2.873454109006579049e-01 3.792580061254301471e-01 3.048496095319374599e-01 1.277544894014780996e-01
1.487167257974864043e-01 4.372379170581583430e-02 -4.240171203268021383e-02 -1.106411579322428562e-01 -5.871898706200076590e-02 4.390693108639390219e-02 1.796767820737344146e-01 3.048496095319374599e-01 3.140161272627376432e-01 2.018003106255082391e-01
2.541681142197615428e-01 1.641794852865653964e-01 4.065083777100674672e-02 -5.095676426533188308e-02 -7.128375088986205199e-02 -4.544992612956821887e-02 2.557513671397702165e-02 1.277544894014780996e-01 2.018003106255082391e-01 2.064108509629681842e-01
3.232522789051831547e-01 2.484908775360996636e-01 1.388283297124487115e-01 3.718832485525849774e-02 -3.666439656002691561e-02 -8.034019104722214810e-02 -9.052572792108265487e-02 -1.070902291101040460e-02 1.394410344307441818e-01 3.091474246169487738e-01
2.484908775360996636e-01 2.852409224488077211e-01 2.511540088443983687e-01 1.746665215501775059e-01 8.127143616403798010e-02 -4.672726857145274339e-03 -7.709775386894920923e-02 -8.590533506314371182e-02 9.244242852675334590e-03 1.532454549050414339e-01
1.388283297124487115e-01 2.511540088443983687e-01 2.961541626617650302e-01 2.624928417853841789e-01 1.787155686102793184e-01 8.569894529486360435e-02 -8.812312711769562656e-03 -8.595020554965920878e-02 -7.214414646354211369e-02 7.755770206843676240e-03
3.718832485525849774e-02 1.746665215501775059e-01 2.624928417853841789e-01 2.772886197129144636e-01 2.236949689530017271e-01 1.523654967389808657e-01 7.373727493981348247e-02 -3.201098993427425876e-02 -9.010247328188285276e-02 -8.174774837698529917e-02
-3.666439656002691561e-02 8.127143616403798010e-02 1.787155686102793184e-01 2.236949689530017271e-01 2.151618296746641845e-01 1.861442243425371623e-01 1.505972154242163352e-01 5.431969797544227568e-02 -5.333264597447658767e-02 -1.074426670804477513e-01
-8.034019104722214810e-02 -4.672726857145274339e-03 8.569894529486360435e-02 1.523654967389808657e-01 1.861442243425371623e-01 2.110206837398582724e-01 2.346176004680548821e-01 1.673484564910711625e-01 2.206473476096989378e-02 -8.620039916322461138e-02
-9.052572792108265487e-02 -7.709775386894920923e-02 -8.812312711769562656e-03 7.373727493981348247e-02 1.505972154242163352e-01 2.346176004680548821e-01 3.378931009196172175e-01 3.171346103453591692e-01 1.407119075977275868e-01 -1.510565777920172721e-02
-1.070902291101040460e-02 -8.590533506314371182e-02 -8.595020554965920878e-02 -3.201098993427425876e-02 5.431969797544227568e-02 1.673484564910711625e-01 3.171346103453591692e-01 3.828847149876720701e-01 2.561220771936150165e-01 1.302027506282004699e-01
1.394410344307441818e-01 9.244242852675334590e-03 -7.214414646354211369e-02 -9.010247328188285276e-02 -5.333264597447658767e-02 2.206473476096989378e-02 1.407119075977275868e-01 2.561220771936150165e-01 2.704795769077119605e-01 2.675918016073881578e-01
3.091474246169487738e-01 1.532454549050414339e-01 7.755770206843676240e-03 -8.174774837698529917e-02 -1.074426670804477513e-01 -8.620039916322461138e-02 -1.510565777920172721e-02 1.302027506282004699e-01 2.675918016073881578e-01 4.006241100418047041e-01
3.715919271847233363e-01 2.919617657916293019e-01 1.401521880423145516e-01 -2.214855497356549990e-02 -1.004420938726682533e-01 -1.033057014520961381e-01 -4.255609291240201875e-02 5.770119068239271121e-02 1.554081156854997259e-01 2.680344629216133701e-01
2.919617657916293019e-01 3.166488742928917910e-01 2.639127445640144787e-01 1.293976447894230053e-01 6.438538108940777133e-03 -6.462367031598997835e-02 -8.113493090580475853e-02 -4.768349691769521725e-02 4.157037668092514876e-02 1.580726436311229999e-01
1.401521880423145516e-01 2.639127445640144787e-01 3.530550595001282765e-01 2.960381947517752299e-01 1.643731185870129508e-01 4.489506464361386895e-02 -4.914961269127009896e-02 -9.978688860046150411e-02 -6.381631992392677866e-02 1.286077421454162942e-02
-2.214855497356549990e-02 1.293976447894230053e-01 2.960381947517752299e-01 3.426935114150903017e-01 2.626071193443492713e-01 1.597777796086392033e-01 4.659677280003660799e-02 -5.056905136201909207e-02 -8.912829509743736001e-02 -8.718762537068358576e-02
-1.004420938726682533e-01 6.438538108940777133e-03 1.643731185870129508e-01 2.626071193443492713e-01 2.622575528025613001e-01 2.204799657447946148e-01 1.450994838177395718e-01 5.745093666037067587e-02 -3.320327579258330886e-02 -9.317594278451185597e-02
-1.033057014520961381e-01 -6.462367031598997835e-02 4.489506464361386895e-02 1.597777796086392033e-01 2.204799657447946148e-01 2.501900350697784381e-01 2.326207831311827567e-01 1.802538016316306835e-01 5.980798825203598873e-02 -3.982553286915613278e-02
-4.255609291240201875e-02 -8.113493090580475853e-02 -4.914961269127009896e-02 4.659677280003660799e-02 1.450994838177395718e-01 2.326207831311827567e-01 2.845796882693012453e-01 2.854819965256794601e-01 1.626308384176302635e-01 5.243289569540221517e-02
5.770119068239271121e-02 -4.768349691769521725e-02 -9.978688860046150411e-02 -5.056905136201909207e-02 5.745093666037067587e-02 1.802538016316306835e-01 2.854819965256794601e-01 3.498303895990345080e-01 2.485303987342308563e-01 1.548747023209222085e-01
1.554081156854997259e-01 4.157037668092514876e-02 -6.381631992392677866e-02 -8.912829509743736001e-02 -3.320327579258330886e-02 5.980798825203598873e-02 1.626308384176302635e-01 2.485303987342308563e-01 2.239882000042510701e-01 1.978936867496526031e-01
2.680344629216133701e-01 1.580726436311229999e-01 1.286077421454162942e-02 -8.718762537068358576e-02 -9.317594278451185597e-02 -3.982553286915613278e-02 5.243289569540221517e-02 1.548747023209222085e-01 1.978936867496526031e-01 2.451647618622395663e-01
4.308392852382632032e-01 3.181314487834001059e-01 1.522430714779701155e-01 2.335535436054864133e-02 -6.560915117848746536e-02 -1.103009449012665177e-01 -7.118950574216370564e-02 -9.642790634531661631e-03 1.224058638627773671e-01 2.773267784793901347e-01
3.181314487834001059e-01 3.131764802390750169e-01 2.237416148164303176e-01 1.453580940378934871e-01 3.830392423651266670e-02 -4.347226565969801448e-02 -7.682068629962929274e-02 -9.709957988139565621e-02 -2.435053890710263402e-02 1.344148320103152328e-01
1.522430714779701155e-01 2.237416148164303176e-01 2.361943031888401046e-01 2.389774289242457550e-01 1.550335226157055768e-01 7.548984908545786077e-02 -1.501529334428758529e-02 -8.833741945306901322e-02 -9.018945628515193103e-02 6.836795993989602110e-03
2.335535436054864133e-02 1.453580940378934871e-01 2.389774289242457550e-01 3.228397598831053150e-01 2.683168265906286654e-01 2.030071192494265764e-01 6.972261444774413564e-02 -3.230703244147187236e-02 -9.622021672148912963e-02 -7.038712098759811187e-02
-6.560915117848746536e-02 3.830392423651266670e-02 1.550335226157055768e-01 2.683168265906286654e-01 2.708891006068538942e-01 2.508127302683563764e-01 1.354394264480761056e-01 6.148127373951269709e-02 -2.416716764599067396e-02 -7.398594660357787900e-02
-1.103009449012665177e-01 -4.347226565969801448e-02 7.548984908545786077e-02 2.030071192494265764e-01 2.508127302683563764e-01 2.819176826751134124e-01 1.957036826454129907e-01 1.633158902772674226e-01 7.295636740810257370e-02 -4.094425064788996538e-02
-7.118950574216370564e-02 -7.682068629962929274e-02 -1.501529334428758529e-02 6.972261444774413564e-02 1.354394264480761056e-01 1.957036826454129907e-01 1.798095544566145065e-01 2.106559229073566297e-01 1.609067568474520649e-01 3.789972200740882036e-02
-9.642790634531661631e-03 -9.709957988139565621e-02 -8.833741945306901322e-02 -3.230703244147187236e-02 6.148127373951269709e-02 1.633158902772674226e-01 2.106559229073566297e-01 3.211267916681501688e-01 3.081548180768134970e-01 1.545001982721536937e-01
1.224058638627773671e-01 -2.435053890710263402e-02 -9.018945628515193103e-02 -9.622021672148912963e-02 -2.416716764599067396e-02 7.295636740810257370e-02 1.609067568474520649e-01 3.081548180768134970e-01 3.624215224101003940e-01 2.553901448731065171e-01
2.773267784793901347e-01 1.344148320103152328e-01 6.836795993989602110e-03 -7.038712098759811187e-02 -7.398594660357787900e-02 -4.094425064788996538e-02 3.789972200740882036e-02 1.545001982721536937e-01 2.553901448731065171e-01 2.807855196338807646e-01
3.233171846563657748e-01 2.447367637116708017e-01 1.305259815589061845e-01 1.591748018878742787e-02 -5.853625273234987214e-02 -9.527505954039244829e-02 -6.625149835864249659e-02 1.580163595318143099e-02 1.386824567000260189e-01 3.159708712345748460e-01
2.447367637116708017e-01 2.717231801539123914e-01 2.444906775717623770e-01 1.650545794387033860e-01 4.581273443426685243e-02 -4.202525848065276348e-02 -8.498547193746910922e-02 -7.753563253514358933e-02 2.501844776258673603e-02 1.685988157160347445e-01
1.305259815589061845e-01 2.444906775717623770e-01 3.177451502142455420e-01 2.976777062316853240e-01 1.654981726391509533e-01 5.882609307324493386e-02 -3.852047730541955511e-02 -1.000078698913010461e-01 -5.856095867741140798e-02 1.497810402008342007e-02
1.591748018878742787e-02 1.650545794387033860e-01 2.976777062316853240e-01 3.477161970036936056e-01 2.439194809958492860e-01 1.604737718623247544e-01 5.128899685129173491e-02 -4.493551885236270887e-02 -8.103102085759605888e-02 -9.017417190388021808e-02
-5.853625273234987214e-02 4.581273443426685243e-02 1.654981726391509533e-01 2.439194809958492860e-01 2.183448593736402876e-01 2.011948619543619809e-01 1.377283690505210489e-01 6.437835617838633118e-02 -2.954450092350117962e-02 -1.000700452319077394e-01
-9.527505954039244829e-02 -4.202525848065276348e-02 5.882609307324493386e-02 1.604737718623247544e-01 2.011948619543619809e-01 2.536465179074036680e-01 2.396053998604080471e-01 1.968310826498610999e-01 4.810014927927371009e-02 -7.006872611935614781e-02
-6.625149835864249659e-02 -8.498547193746910922e-02 -3.852047730541955511e-02 5.128899685129173491e-02 1.377283690505210489e-01 2.396053998604080471e-01 2.879820614918405797e-01 2.974950955931172647e-01 1.383405827809882638e-01 2.069335393780185467e-02
1.580163595318143099e-02 -7.753563253514358933e-02 -1.000078698913010461e-01 -4.493551885236270887e-02 6.437835617838633118e-02 1.968310826498610999e-01 2.974950955931172647e-01 3.752214376987669242e-01 2.334106289597668860e-01 1.513952272776842578e-01
1.386824567000260189e-01 2.501844776258673603e-02 -5.856095867741140798e-02 -8.103102085759605888e-02 -2.954450092350117962e-02 4.810014927927371009e-02 1.383405827809882638e-01 2.334106289597668860e-01 2.109955477558100589e-01 2.380138277766965516e-01
3.159708712345748460e-01 1.685988157160347445e-01 1.497810402008342007e-02 -9.017417190388021808e-02 -1.000700452319077394e-01 -7.006872611935614781e-02 2.069335393780185467e-02 1.513952272776842578e-01 2.380138277766965516e-01 3.933078637443289671e-01
2.916933022529819008e-01 2.349533201935476434e-01 1.577335431553773537e-01 2.500556936429167848e-02 -6.734940137859782294e-02 -8.694707676709370614e-02 -3.421473954222986613e-02 5.720850347205268943e-02 1.665352733238530114e-01 2.767967697658237913e-01
2.349533201935476434e-01 2.934756971657419000e-01 3.035331092943189257e-01 1.459049101910074309e-01 3.365241773784508061e-02 -5.799128515770855807e-02 -8.657474884610999455e-02 -5.457341643950847088e-02 2.188554967112998212e-02 1.359497820851847671e-01
1.577335431553773537e-01 3.035331092943189257e-01 4.062895569968736909e-01 2.547903325300289179e-01 1.599054610544117239e-01 2.587502237331384958e-02 -7.595094625316639592e-02 -1.122657557392355149e-01 -8.651244549057929278e-02 6.419463284961885938e-03
2.500556936429167848e-02 1.459049101910074309e-01 2.547903325300289179e-01 2.140386146638018627e-01 2.130502502669412990e-01 1.358078190647937777e-01 3.359586439046974293e-02 -4.460140089744479841e-02 -8.180167994828499434e-02 -6.667315505798668274e-02
-6.734940137859782294e-02 3.365241773784508061e-02 1.599054610544117239e-01 2.130502502669412990e-01 3.159991103688881142e-01 2.919709321373061828e-01 1.804111689339535085e-01 5.382271872522075007e-02 -4.662192226226831437e-02 -1.028495088177686090e-01
-8.694707676709370614e-02 -5.799128515770855807e-02 2.587502237331384958e-02 1.358078190647937777e-01 2.919709321373061828e-01 3.435561440018496393e-01 2.740809433441345200e-01 1.584603110475938381e-01 4.650170430243869696e-02 -4.774525316482799986e-02
-3.421473954222986613e-02 -8.657474884610999455e-02 -7.595094625316639592e-02 3.359586439046974293e-02 1.804111689339535085e-01 2.740809433441345200e-01 2.782975065482579669e-01 2.193922770807353873e-01 1.447727090869351252e-01 5.964852084568493529e-02
5.720850347205268943e-02 -5.457341643950847088e-02 -1.122657557392355149e-01 -4.460140089744479841e-02 5.382271872522075007e-02 1.584603110475938381e-01 2.193922770807353873e-01 2.331449169600140481e-01 2.181971942097583606e-01 1.722592298720526938e-01
1.665352733238530114e-01 2.188554967112998212e-02 -8.651244549057929278e-02 -8.180167994828499434e-02 -4.662192226226831437e-02 4.650170430243869696e-02 1.447727090869351252e-01 2.181971942097583606e-01 2.696699539410427615e-01 2.774344467810920256e-01
2.767967697658237913e-01 1.359497820851847671e-01 6.419463284961885938e-03 -6.667315505798668274e-02 -1.028495088177686090e-01 -4.774525316482799986e-02 5.964852084568493529e-02 1.722592298720526938e-01 2.774344467810920256e-01 3.538351971005501140e-01
3.179591736535445357e-01 2.932048050296315878e-01 1.702458690662762841e-01 4.057424817500557279e-02 -6.124446964400062643e-02 -9.634267408936900146e-02 -5.503347090229927102e-02 3.583980530130220776e-02 1.474553933734754352e-01 2.360653670027034745e-01
2.932048050296315878e-01 3.449983721389185964e-01 2.636595791304802705e-01 1.495392898318395059e-01 3.831636989469165699e-02 -5.538197236310643534e-02 -9.157001645662402045e-02 -6.808212975338369388e-02 2.828609823630869741e-02 1.553524054769713225e-01
1.702458690662762841e-01 2.636595791304802705e-01 2.642766970184394215e-01 2.186009687144313540e-01 1.543536778967157796e-01 4.831088833092481855e-02 -4.762906221737445156e-02 -9.801545176770623535e-02 -6.311719491395267889e-02 3.894406196819892585e-02
4.057424817500557279e-02 1.495392898318395059e-01 2.186009687144313540e-01 2.553526128364481118e-01 2.588183937017983771e-01 1.700407957997842057e-01 4.222588637818536217e-02 -6.307535771648084544e-02 -9.811487184469767919e-02 -5.157802085303173079e-02
-6.124446964400062643e-02 3.831636989469165699e-02 1.543536778967157796e-01 2.588183937017983771e-01 3.389176966755680365e-01 2.876578712157946693e-01 1.565556766918547171e-01 2.435469571576684422e-02 -7.320518463766514938e-02 -9.561340680914519330e-02
-9.634267408936900146e-02 -5.538197236310643534e-02 4.831088833092481855e-02 1.700407957997842057e-01 2.876578712157946693e-01 3.100737212224112249e-01 2.385408241651015282e-01 1.458318184654889826e-01 2.970847466962173861e-02 -5.711965943569774495e-02
-5.503347090229927102e-02 -9.157001645662402045e-02 -4.762906221737445156e-02 4.222588637818536217e-02 1.565556766918547171e-01 2.385408241651015282e-01 2.634791286523398002e-01 2.534546811808094935e-01 1.636642337637305711e-01 4.199544786234196692e-02
