2.032894247363072338e-01 3.029427576923976462e-01 1.841443768458482788e-01 1.019892387889648477e-01 5.487004777315784843e-02 2.223482440754395370e-02 4.882238729928409932e-03 -1.376308560791555599e-02 -3.079303747542992686e-02 -5.077416115519390455e-02 -5.589620125194648403e-02 -1.097080725803138979e-01
3.029427576923976462e-01 4.674577721336478642e-01 2.837468757533317953e-01 1.600407575798813709e-01 9.223610229266451799e-02 4.848260657782721417e-02 3.732847609686205936e-02 1.663387946761080149e-02 -1.135650344584155334e-02 -4.555627207475743123e-02 -7.042098592085552222e-02 -1.576445925842674400e-01
1.841443768458482788e-01 2.837468757533317953e-01 1.772584909498448047e-01 1.023211422690041561e-01 6.221145447944019524e-02 3.794787061606744172e-02 3.891266249429467527e-02 2.988918676479986047e-02 1.117504216040861482e-02 -1.221916419808890576e-02 -3.645050143844494328e-02 -9.345021678909865015e-02
1.019892387889648477e-01 1.600407575798813709e-01 1.023211422690041561e-01 6.223621591831261096e-02 4.235793109973239046e-02 3.273088003249899347e-02 4.450822379442817556e-02 4.470796507820716525e-02 3.198459985225866886e-02 1.549370145233958281e-02 -1.076605107989106816e-02 -4.778203078873614895e-02
5.487004777315784843e-02 9.223610229266451799e-02 6.221145447944019524e-02 4.235793109973239046e-02 3.568424470294358219e-02 3.700047693285016259e-02 6.215042117924154952e-02 7.086712253958246666e-02 5.993754455313063390e-02 4.517570618120472781e-02 9.891010805306767878e-03 -1.894262098607647077e-02
2.223482440754395370e-02 4.848260657782721417e-02 3.794787061606744172e-02 3.273088003249899347e-02 3.700047693285016259e-02 4.906964889301115851e-02 9.252353947793667821e-02 1.110661292633917663e-01 9.903289097452575018e-02 8.254208183596144222e-02 3.138428517309833909e-02 4.173106995696228803e-03
4.882238729928409932e-03 3.732847609686205936e-02 3.891266249429467527e-02 4.450822379442817556e-02 6.215042117924154952e-02 9.252353947793667821e-02 1.825036418197114318e-01 2.226302708434932387e-01 2.009462419578403880e-01 1.717241137057882450e-01 7.236530807740446103e-02 2.927103333904183119e-02
-1.376308560791555599e-02 1.663387946761080149e-02 2.988918676479986047e-02 4.470796507820716525e-02 7.086712253958246666e-02 1.110661292633917663e-01 2.226302708434932387e-01 2.781472606811186132e-01 2.534933277843224309e-01 2.186269762534271133e-01 9.535430511684175880e-02 4.704350422877790622e-02
-3.079303747542992686e-02 -1.135650344584155334e-02 1.117504216040861482e-02 3.198459985225866886e-02 5.993754455313063390e-02 9.903289097452575018e-02 2.009462419578403880e-01 2.534933277843224309e-01 2.398857552513629088e-01 2.107847738075200872e-01 9.456728602135966444e-02 5.374226077923159595e-02
-5.077416115519390455e-02 -4.555627207475743123e-02 -1.221916419808890576e-02 1.549370145233958281e-02 4.517570618120472781e-02 8.254208183596144222e-02 1.717241137057882450e-01 2.186269762534271133e-01 2.107847738075200872e-01 1.914664373544043563e-01 8.962107711989467096e-02 5.998364299890242973e-02
-5.589620125194648403e-02 -7.042098592085552222e-02 -3.645050143844494328e-02 -1.076605107989106816e-02 9.891010805306767878e-03 3.138428517309833909e-02 7.236530807740446103e-02 9.535430511684175880e-02 9.456728602135966444e-02 8.962107711989467096e-02 4.753860389710705403e-02 4.412043469294808090e-02
-1.097080725803138979e-01 -1.576445925842674400e-01 -9.345021678909865015e-02 -4.778203078873614895e-02 -1.894262098607647077e-02 4.173106995696228803e-03 2.927103333904183119e-02 4.704350422877790622e-02 5.374226077923159595e-02 5.998364299890242973e-02 4.412043469294808090e-02 6.546250366222683414e-02
3.281354652560609098e-01 2.292719455271502726e-01 1.636177420791352088e-01 1.689015999502833099e-01 6.414455731023949170e-02 1.283381576174284257e-02 -3.291706812067315968e-02 -6.290019481669172075e-02 -9.339065750585333336e-02 -8.978213381877213350e-02 -1.384269281469682755e-01 -2.352904895302714849e-01
2.292719455271502726e-01 1.696036010914504510e-01 1.311403585430693519e-01 1.483721222359665193e-01 6.663561305121970535e-02 3.881006075945625522e-02 1.227522563513145162e-02 -1.424924971402434688e-02 -3.949584913108138834e-02 -5.005115441956586864e-02 -8.986728169217064743e-02 -1.608851080407467937e-01
1.636177420791352088e-01 1.311403585430693519e-01 1.165600683511477942e-01 1.501358251866051763e-01 7.995365866915482567e-02 7.279987071792330677e-02 6.265642067705055884e-02 3.581669197428179185e-02 1.235335253349916992e-02 -1.530508980611217790e-02 -5.253915776996616327e-02 -1.086153189018586596e-01
1.689015999502833099e-01 1.483721222359665193e-01 1.501358251866051763e-01 2.150485103231968842e-01 1.270636106891654404e-01 1.378704143605774535e-01 1.400024543836910496e-01 1.015361287382986200e-01 7.005698775450232285e-02 1.339104205195864976e-02 -3.723043826877962814e-02 -1.027621863286555387e-01
6.414455731023949170e-02 6.663561305121970535e-02 7.995365866915482567e-02 1.270636106891654404e-01 8.514343612445579579e-02 1.078752993466662313e-01 1.212083969543503170e-01 9.669278464437297549e-02 7.799225791559480370e-02 3.140922672590072684e-02 1.475133667231729069e-03 -3.024786861398962023e-02
1.283381576174284257e-02 3.881006075945625522e-02 7.279987071792330677e-02 1.378704143605774535e-01 1.078752993466662313e-01 1.591137919026550940e-01 1.931684970877733942e-01 1.632228811143161540e-01 1.423712972517090503e-01 7.113373693750993376e-02 3.872041438666570801e-02 1.555759982520931589e-02
-3.291706812067315968e-02 1.227522563513145162e-02 6.265642067705055884e-02 1.400024543836910496e-01 1.212083969543503170e-01 1.931684970877733942e-01 2.463613796249587706e-01 2.137538684623713769e-01 1.918782693562589847e-01 1.022690919080376376e-01 6.920820326114619780e-02 5.478541001466724625e-02
-6.290019481669172075e-02 -1.424924971402434688e-02 3.581669197428179185e-02 1.015361287382986200e-01 9.669278464437297549e-02 1.632228811143161540e-01 2.137538684623713769e-01 1.937514722622260266e-01 1.794824815485014380e-01 9.970638605585188663e-02 7.549483637073067799e-02 7.273219170516265208e-02
-9.339065750585333336e-02 -3.949584913108138834e-02 1.235335253349916992e-02 7.005698775450232285e-02 7.799225791559480370e-02 1.423712972517090503e-01 1.918782693562589847e-01 1.794824815485014380e-01 1.734186758329793743e-01 1.006734592668643430e-01 8.415430711370056049e-02 9.234342804283561523e-02
-8.978213381877213350e-02 -5.005115441956586864e-02 -1.530508980611217790e-02 1.339104205195864976e-02 3.140922672590072684e-02 7.113373693750993376e-02 1.022690919080376376e-01 9.970638605585188663e-02 1.006734592668643430e-01 6.345702180863027619e-02 6.146779154400950490e-02 7.807042476706937961e-02
-1.384269281469682755e-01 -8.986728169217064743e-02 -5.253915776996616327e-02 -3.723043826877962814e-02 1.475133667231729069e-03 3.872041438666570801e-02 6.920820326114619780e-02 7.549483637073067799e-02 8.415430711370056049e-02 6.146779154400950490e-02 7.346552409836393238e-02 1.086903046901193798e-01
-2.352904895302714849e-01 -1.608851080407467937e-01 -1.086153189018586596e-01 -1.027621863286555387e-01 -3.024786861398962023e-02 1.555759982520931589e-02 5.478541001466724625e-02 7.273219170516265208e-02 9.234342804283561523e-02 7.807042476706937961e-02 1.086903046901193798e-01 1.759410533238752739e-01
2.182046512003235628e-01 1.980412630254167194e-01 1.964422094345327496e-01 1.075995279779295016e-01 4.365819090926914559e-02 -1.295681705639084406e-02 -5.164693313695795096e-02 -9.525835200189397556e-02 -1.115675655435561797e-01 -1.137004951103458283e-01 -1.116865595152448931e-01 -1.432249408991092543e-01
1.980412630254167194e-01 2.004703555611437871e-01 2.243130244732578216e-01 1.472677810540453380e-01 9.909570699830208551e-02 3.557879360497416543e-02 -8.415682310768836730e-03 -4.428221279937367971e-02 -6.386555592236743684e-02 -7.449690327422656133e-02 -8.355517283781262183e-02 -1.203071214384688337e-01
1.964422094345327496e-01 2.243130244732578216e-01 2.866722027682163665e-01 2.154956922742799208e-01 1.813219097974675675e-01 1.013986905266550248e-01 4.555222554632314125e-02 1.540325529672692366e-02 -1.072206505648779992e-02 -3.360331825629174485e-02 -5.800259453412545674e-02 -1.059747091010473374e-01
1.075995279779295016e-01 1.472677810540453380e-01 2.154956922742799208e-01 1.896952280120784984e-01 1.890310181771283349e-01 1.271659526475380497e-01 8.339924578575147462e-02 7.304220456892090985e-02 5.180197266968912528e-02 2.602570292306238472e-02 -4.219133092494132056e-03 -4.328360242778749034e-02
4.365819090926914559e-02 9.909570699830208551e-02 1.813219097974675675e-01 1.890310181771283349e-01 2.201669424086569460e-01 1.663639830327227342e-01 1.272846375557906140e-01 1.326719964098773408e-01 1.128847819029886457e-01 8.135432514316089103e-02 4.227453671079663133e-02 6.096763031395784245e-03
-1.295681705639084406e-02 3.557879360497416543e-02 1.013986905266550248e-01 1.271659526475380497e-01 1.663639830327227342e-01 1.382246195640108588e-01 1.163866299514338676e-01 1.316341435301625340e-01 1.190054649807954779e-01 9.308688428586731067e-02 6.007725216688263731e-02 3.715888105273518899e-02
-5.164693313695795096e-02 -8.415682310768836730e-03 4.555222554632314125e-02 8.339924578575147462e-02 1.272846375557906140e-01 1.163866299514338676e-01 1.083186018684657165e-01 1.317194145224331869e-01 1.242381923935657051e-01 1.016926574971837305e-01 7.234705576928601722e-02 5.827662692631407904e-02
-9.525835200189397556e-02 -4.428221279937367971e-02 1.540325529672692366e-02 7.304220456892090985e-02 1.326719964098773408e-01 1.316341435301625340e-01 1.317194145224331869e-01 1.693705832484709295e-01 1.641487300799024662e-01 1.375012377278984621e-01 1.022010656862770289e-01 9.056869045694698750e-02
-1.115675655435561797e-01 -6.386555592236743684e-02 -1.072206505648779992e-02 5.180197266968912528e-02 1.128847819029886457e-01 1.190054649807954779e-01 1.242381923935657051e-01 1.641487300799024662e-01 1.636113954153555761e-01 1.396455061298031985e-01 1.065291413450363545e-01 9.900454179632486862e-02
-1.137004951103458283e-01 -7.449690327422656133e-02 -3.360331825629174485e-02 2.602570292306238472e-02 8.135432514316089103e-02 9.308688428586731067e-02 1.016926574971837305e-01 1.375012377278984621e-01 1.396455061298031985e-01 1.227933371349631680e-01 9.696602213196545139e-02 9.490233864268748931e-02
-1.116865595152448931e-01 -8.355517283781262183e-02 -5.800259453412545674e-02 -4.219133092494132056e-03 4.227453671079663133e-02 6.007725216688263731e-02 7.234705576928601722e-02 1.022010656862770289e-01 1.065291413450363545e-01 9.696602213196545139e-02 8.130581123827394785e-02 8.613081608758479946e-02
-1.432249408991092543e-01 -1.203071214384688337e-01 -1.059747091010473374e-01 -4.328360242778749034e-02 6.096763031395784245e-03 3.715888105273518899e-02 5.827662692631407904e-02 9.056869045694698750e-02 9.900454179632486862e-02 9.490233864268748931e-02 8.613081608758479946e-02 1.011662715800423218e-01
6.050973095257553697e-02 6.737672049319229362e-02 8.853052359745114397e-02 8.062080411803687618e-02 3.503761591320546376e-02 -9.355004326002395315e-03 -5.822000582845814759e-02 -9.245162937688315707e-02 -8.297700542975178228e-02 -8.241067163745637025e-02 -6.918415878058259416e-02 -6.112555566780434463e-02
6.737672049319229362e-02 9.466391234780791031e-02 1.510927499445577638e-01 1.648897766790652364e-01 9.979179240854645083e-02 1.556411014067817476e-02 -3.085487840371122989e-02 -6.218796098384400672e-02 -5.966923727767476510e-02 -6.222250450406710542e-02 -5.588040041681523185e-02 -5.598195831795292621e-02
8.853052359745114397e-02 1.510927499445577638e-01 2.720974685665246695e-01 3.216804660967688689e-01 2.152746977644581783e-01 5.644413918941418307e-02 6.676836550496625944e-03 -2.502756165973222743e-02 -3.321914797502240058e-02 -4.132048181727847325e-02 -4.459620049005321579e-02 -5.712901092453936264e-02
8.062080411803687618e-02 1.648897766790652364e-01 3.216804660967688689e-01 4.115562396766836994e-01 2.894918948699012340e-01 9.065953507698726321e-02 5.704096013206255700e-02 3.834135584862255475e-02 1.810973142129194274e-02 5.221339666362173094e-03 -1.029159915355622353e-02 -3.486174212229539021e-02
3.503761591320546376e-02 9.979179240854645083e-02 2.152746977644581783e-01 2.894918948699012340e-01 2.196013583086757759e-01 7.934939304010169003e-02 7.754924780980324006e-02 8.034513036896048788e-02 5.802551778062525062e-02 4.642010548881186915e-02 2.667079809183611760e-02 2.476032349210155990e-03
-9.355004326002395315e-03 1.556411014067817476e-02 5.644413918941418307e-02 9.065953507698726321e-02 7.934939304010169003e-02 3.838904231255353683e-02 5.930549662533095984e-02 7.563972613046346383e-02 6.051225807015316038e-02 5.397485039011139935e-02 3.948981793689818054e-02 2.568097260997311004e-02
-5.822000582845814759e-02 -3.085487840371122989e-02 6.676836550496625944e-03 5.704096013206255700e-02 7.754924780980324006e-02 5.930549662533095984e-02 1.286740393277869265e-01 1.793717681723316359e-01 1.479095500925659001e-01 1.356036263894344895e-01 1.048606924967293019e-01 8.013547700379680672e-02
-9.245162937688315707e-02 -6.218796098384400672e-02 -2.502756165973222743e-02 3.834135584862255475e-02 8.034513036896048788e-02 7.563972613046346383e-02 1.793717681723316359e-01 2.571243741899842394e-01 2.129682634579049827e-01 1.956476824685541849e-01 1.523576066296463694e-01 1.191269683326813406e-01
-8.297700542975178228e-02 -5.966923727767476510e-02 -3.321914797502240058e-02 1.810973142129194274e-02 5.802551778062525062e-02 6.051225807015316038e-02 1.479095500925659001e-01 2.129682634579049827e-01 1.815266581033425641e-01 1.695786547715827375e-01 1.328928597787155108e-01 1.047114596572262246e-01
-8.241067163745637025e-02 -6.222250450406710542e-02 -4.132048181727847325e-02 5.221339666362173094e-03 4.642010548881186915e-02 5.397485039011139935e-02 1.356036263894344895e-01 1.956476824685541849e-01 1.695786547715827375e-01 1.627670302641676114e-01 1.287997015227641262e-01 1.022765468300165792e-01
-6.918415878058259416e-02 -5.588040041681523185e-02 -4.459620049005321579e-02 -1.029159915355622353e-02 2.667079809183611760e-02 3.948981793689818054e-02 1.048606924967293019e-01 1.523576066296463694e-01 1.328928597787155108e-01 1.287997015227641262e-01 1.035945733409704139e-01 8.351514954980171490e-02
-6.112555566780434463e-02 -5.598195831795292621e-02 -5.712901092453936264e-02 -3.486174212229539021e-02 2.476032349210155990e-03 2.568097260997311004e-02 8.013547700379680672e-02 1.191269683326813406e-01 1.047114596572262246e-01 1.022765468300165792e-01 8.351514954980171490e-02 6.949557260892674782e-02
2.611562167288460357e-01 2.129808386632588979e-01 1.168395331118401576e-01 9.821930319777220919e-02 5.259380979566178477e-02 2.459977068207647166e-02 -4.164601926617488015e-03 -3.293323489938373289e-02 -7.592152449777653245e-02 -1.012285229109967932e-01 -1.924738269575966276e-01 -2.462907422903077292e-01
2.129808386632588979e-01 1.949418919412979068e-01 1.266202839521664569e-01 1.367979111574870177e-01 9.728359466522665255e-02 7.821791903393711387e-02 4.148706822459265892e-02 1.065690513642432620e-02 -2.120781345723665029e-02 -5.512770160458629887e-02 -1.296265964125733472e-01 -1.835653431863827345e-01
1.168395331118401576e-01 1.266202839521664569e-01 1.028334594417964210e-01 1.376621930191693488e-01 1.132155392543781613e-01 1.063451542045220355e-01 7.145923402464733620e-02 4.650585289280738388e-02 3.257072560438902670e-02 -4.390784663355785239e-04 -4.169085641119722047e-02 -8.280932422624578959e-02
9.821930319777220919e-02 1.367979111574870177e-01 1.376621930191693488e-01 2.137380639349371059e-01 1.887271218627492586e-01 1.881190021606511387e-01 1.355010994089854148e-01 1.018717457755353439e-01 9.561237277092617115e-02 4.586049575140552226e-02 1.096382900932608290e-02 -4.150076763950721892e-02
5.259380979566178477e-02 9.728359466522665255e-02 1.132155392543781613e-01 1.887271218627492586e-01 1.758623334473140010e-01 1.818980819659238579e-01 1.345060545116843476e-01 1.056856588430332700e-01 1.063726857165340628e-01 6.180311521429218691e-02 4.292614557809285719e-02 4.973154989647946304e-04
2.459977068207647166e-02 7.821791903393711387e-02 1.063451542045220355e-01 1.881190021606511387e-01 1.818980819659238579e-01 1.960245702985888572e-01 1.480718979927712342e-01 1.198019137357213826e-01 1.256168876701356241e-01 7.994511102048790230e-02 7.067375060098449180e-02 3.122958562983380731e-02
-4.164601926617488015e-03 4.148706822459265892e-02 7.145923402464733620e-02 1.355010994089854148e-01 1.345060545116843476e-01 1.480718979927712342e-01 1.155205479763882076e-01 9.685929216370536832e-02 1.056691934164206148e-01 7.189594512704303164e-02 7.266326303146586341e-02 4.647849676388715601e-02
-3.293323489938373289e-02 1.065690513642432620e-02 4.650585289280738388e-02 1.018717457755353439e-01 1.056856588430332700e-01 1.198019137357213826e-01 9.685929216370536832e-02 8.579512199304334397e-02 9.895084822576882821e-02 7.292007330402232312e-02 8.380029647410855431e-02 6.731301553588051045e-02
-7.592152449777653245e-02 -2.120781345723665029e-02 3.257072560438902670e-02 9.561237277092617115e-02 1.063726857165340628e-01 1.256168876701356241e-01 1.056691934164206148e-01 9.895084822576882821e-02 1.212126225308405580e-01 9.640938311849038544e-02 1.225013833653246648e-01 1.120018855698295540e-01
-1.012285229109967932e-01 -5.512770160458629887e-02 -4.390784663355785239e-04 4.586049575140552226e-02 6.180311521429218691e-02 7.994511102048790230e-02 7.189594512704303164e-02 7.292007330402232312e-02 9.640938311849038544e-02 8.543366919555955841e-02 1.217492947206993692e-01 1.242638980440254337e-01
-1.924738269575966276e-01 -1.296265964125733472e-01 -4.169085641119722047e-02 1.096382900932608290e-02 4.292614557809285719e-02 7.067375060098449180e-02 7.266326303146586341e-02 8.380029647410855431e-02 1.225013833653246648e-01 1.217492947206993692e-01 1.928822010688969191e-01 2.133059719028128354e-01
-2.462907422903077292e-01 -1.835653431863827345e-01 -8.280932422624578959e-02 -4.150076763950721892e-02 4.973154989647946304e-04 3.122958562983380731e-02 4.647849676388715601e-02 6.731301553588051045e-02 1.120018855698295540e-01 1.242638980440254337e-01 2.133059719028128354e-01 2.545993014424909884e-01
1.876574961235224492e-01 1.436268776113051593e-01 1.035512925665181133e-01 4.690910707595778717e-02 -2.079370310525052029e-02 -5.039518855132625597e-02 -6.303963496106528008e-02 -7.114105963268432808e-02 -6.283423144963612428e-02 -1.249744794357708216e-01 -2.049787098501207883e-01 -1.986036423789096506e-01
1.436268776113051593e-01 1.310554957979234159e-01 1.352741003146641086e-01 1.319233969379816074e-01 4.988512083678137143e-02 -1.996249756002608892e-03 -2.717838965887340794e-02 -4.058557798993960020e-02 -4.039545205855942650e-02 -8.453656868165841665e-02 -1.411881844130119523e-01 -1.411926994105497379e-01
1.035512925665181133e-01 1.352741003146641086e-01 2.111642666210524766e-01 2.920108070553800728e-01 1.707551831172862966e-01 7.397197602009247808e-02 2.429245867466030620e-02 -1.671618893627829436e-04 -1.311965354996528707e-02 -3.838360918767168978e-02 -7.088341915972290463e-02 -8.094698466439043116e-02
4.690910707595778717e-02 1.319233969379816074e-01 2.920108070553800728e-01 4.833818521014388025e-01 3.146669108704873152e-01 1.657684215207592127e-01 8.807378203044116671e-02 5.119869855554123883e-02 2.238039252791093614e-02 2.268777079034926467e-02 2.273397902042203350e-02 3.955208817150524317e-05
-2.079370310525052029e-02 4.988512083678137143e-02 1.707551831172862966e-01 3.146669108704873152e-01 2.253917499121596557e-01 1.305638506476406446e-01 7.991723200464331822e-02 5.643520635608651609e-02 3.374146705213079689e-02 5.162321230596354782e-02 7.421827154032796525e-02 5.634941828980938316e-02
-5.039518855132625597e-02 -1.996249756002608892e-03 7.397197602009247808e-02 1.657684215207592127e-01 1.305638506476406446e-01 8.441535241894811137e-02 5.863923497109429367e-02 4.705533710774986722e-02 3.231485790434385219e-02 5.529359840861647335e-02 8.444825813284231875e-02 7.268623433448934135e-02
-6.303963496106528008e-02 -2.717838965887340794e-02 2.429245867466030620e-02 8.807378203044116671e-02 7.991723200464331822e-02 5.863923497109429367e-02 4.609044502798655130e-02 4.081907005102916597e-02 3.054105679489979921e-02 5.533693017618693255e-02 8.681257139004101842e-02 7.825227147515945170e-02
-7.114105963268432808e-02 -4.058557798993960020e-02 -1.671618893627829436e-04 5.119869855554123883e-02 5.643520635608651609e-02 4.705533710774986722e-02 4.081907005102916597e-02 3.870475842461884586e-02 3.052274660226269795e-02 5.712257116541123031e-02 9.088709831450722532e-02 8.345611174747080696e-02
-6.283423144963612428e-02 -4.039545205855942650e-02 -1.311965354996528707e-02 2.238039252791093614e-02 3.374146705213079689e-02 3.231485790434385219e-02 3.054105679489979921e-02 3.052274660226269795e-02 2.513744043412221782e-02 4.833956695451001317e-02 7.781084089157355721e-02 7.187784863420329518e-02
-1.249744794357708216e-01 -8.453656868165841665e-02 -3.838360918767168978e-02 2.268777079034926467e-02 5.162321230596354782e-02 5.529359840861647335e-02 5.533693017618693255e-02 5.712257116541123031e-02 4.833956695451001317e-02 9.468324643912794103e-02 1.535803321433131807e-01 1.417783001709708168e-01
-2.049787098501207883e-01 -1.411881844130119523e-01 -7.088341915972290463e-02 2.273397902042203350e-02 7.421827154032796525e-02 8.444825813284231875e-02 8.681257139004101842e-02 9.088709831450722532e-02 7.781084089157355721e-02 1.535803321433131807e-01 2.517467001583147956e-01 2.322375914733123825e-01
-1.986036423789096506e-01 -1.411926994105497379e-01 -8.094698466439043116e-02 3.955208817150524317e-05 5.634941828980938316e-02 7.268623433448934135e-02 7.825227147515945170e-02 8.345611174747080696e-02 7.187784863420329518e-02 1.417783001709708168e-01 2.322375914733123825e-01 2.205711965407838870e-01
1.743380508239368853e-01 1.330429159938062433e-01 1.083247981927638603e-01 9.913002344546237299e-02 9.506893958008619250e-02 4.690496996571769800e-02 1.778840435998055650e-02 -1.268847468964530434e-02 -5.460282232019749576e-02 -9.271748761320425247e-02 -1.611700609944309304e-01 -2.242316318775793571e-01
1.330429159938062433e-01 1.142137245269380652e-01 1.054395543709998051e-01 1.087441514273115306e-01 1.151026421650812454e-01 6.599824749597249518e-02 4.498424552277010408e-02 3.247123211293859169e-02 3.006500324461197117e-03 -4.030393315577884827e-02 -1.000463526155972033e-01 -1.561918314550737596e-01
1.083247981927638603e-01 1.054395543709998051e-01 1.100509335793996568e-01 1.246896039395830186e-01 1.404367435825733534e-01 8.629998802231679533e-02 6.975923385089699558e-02 7.041497289126084913e-02 4.910579584003969822e-02 -8.604482555887022063e-04 -5.762282015292638504e-02 -1.124748377092029822e-01
9.913002344546237299e-02 1.087441514273115306e-01 1.246896039395830186e-01 1.518100979733746914e-01 1.780367690822022841e-01 1.129488627092653241e-01 9.769138790073268741e-02 1.088114192506474120e-01 9.194144797949239944e-02 3.159795208344802486e-02 -2.851621399083078753e-02 -8.827705424664269995e-02
9.506893958008619250e-02 1.151026421650812454e-01 1.404367435825733534e-01 1.780367690822022841e-01 2.158227667198234501e-01 1.394296854799941809e-01 1.248236137256323180e-01 1.451992389193949573e-01 1.313395317040908228e-01 6.001050525262775770e-02 -5.145925931328013819e-03 -7.135275160441795217e-02
4.690496996571769800e-02 6.599824749597249518e-02 8.629998802231679533e-02 1.129488627092653241e-01 1.394296854799941809e-01 9.375977786418451809e-02 8.893569144089177869e-02 1.092850337452271614e-01 1.048217359437220442e-01 5.668886581854482021e-02 1.739429632864139194e-02 -2.333346629666854105e-02
1.778840435998055650e-02 4.498424552277010408e-02 6.975923385089699558e-02 9.769138790073268741e-02 1.248236137256323180e-01 8.893569144089177869e-02 9.239784941225473447e-02 1.225845132635833001e-01 1.261468671509901329e-01 7.978716563029478182e-02 4.935707239708618521e-02 1.664641427541200050e-02
-1.268847468964530434e-02 3.247123211293859169e-02 7.041497289126084913e-02 1.088114192506474120e-01 1.451992389193949573e-01 1.092850337452271614e-01 1.225845132635833001e-01 1.737775976103746456e-01 1.885473260161767417e-01 1.309316131609755407e-01 1.024787099616953912e-01 7.022405946868885696e-02
-5.460282232019749576e-02 3.006500324461197117e-03 4.910579584003969822e-02 9.194144797949239944e-02 1.313395317040908228e-01 1.048217359437220442e-01 1.261468671509901329e-01 1.885473260161767417e-01 2.172822102650006637e-01 1.636447451356550786e-01 1.484637702224855249e-01 1.278699280056560528e-01
-9.271748761320425247e-02 -4.030393315577884827e-02 -8.604482555887022063e-04 3.159795208344802486e-02 6.001050525262775770e-02 5.668886581854482021e-02 7.978716563029478182e-02 1.309316131609755407e-01 1.636447451356550786e-01 1.417733391027655721e-01 1.542044633123498265e-01 1.594417236582695852e-01
-1.611700609944309304e-01 -1.000463526155972033e-01 -5.762282015292638504e-02 -2.851621399083078753e-02 -5.145925931328013819e-03 1.739429632864139194e-02 4.935707239708618521e-02 1.024787099616953912e-01 1.484637702224855249e-01 1.542044633123498265e-01 2.026766903986116919e-01 2.396506800967781736e-01
-2.242316318775793571e-01 -1.561918314550737596e-01 -1.124748377092029822e-01 -8.827705424664269995e-02 -7.135275160441795217e-02 -2.333346629666854105e-02 1.664641427541200050e-02 7.022405946868885696e-02 1.278699280056560528e-01 1.594417236582695852e-01 2.396506800967781736e-01 3.120969617233348981e-01
4.687634424010432566e-02 5.878287873861796908e-02 5.627433702141500238e-02 1.105223423091721141e-01 3.156222958768843678e-02 -2.406836523144622805e-02 -5.962582652519284043e-02 -5.269890214333224077e-02 -4.392843678698883647e-02 -8.563664658514255623e-02 -5.855260034899161664e-02 -4.577305381062093947e-02
5.878287873861796908e-02 8.110608907849120586e-02 8.695417539053136580e-02 1.850114912060645544e-01 6.851954102250731871e-02 2.902194264662544352e-03 -4.352809843598157841e-02 -4.647554979533256164e-02 -4.298020328312137511e-02 -8.746658932648367080e-02 -6.206162723654020524e-02 -5.207690420916950835e-02
5.627433702141500238e-02 8.695417539053136580e-02 1.056509831689150525e-01 2.429386344293612832e-01 1.052230911153032161e-01 4.797152103055935674e-02 1.446169459450127003e-03 -1.797844003979868349e-02 -2.570897938321128895e-02 -5.971621412321836270e-02 -4.572115441248411627e-02 -4.338317840464706032e-02
1.105223423091721141e-01 1.850114912060645544e-01 2.429386344293612832e-01 5.880050210039444725e-01 2.699123443430372915e-01 1.654559296878792829e-01 7.122733555935639727e-02 6.392612945410472772e-03 -2.686915374074559312e-02 -8.155586952695401126e-02 -6.944817015706016006e-02 -7.554406682725441080e-02
3.156222958768843678e-02 6.851954102250731871e-02 1.052230911153032161e-01 2.699123443430372915e-01 1.466360310188038474e-01 1.339890462544163219e-01 1.061899172941587199e-01 5.397811964365619580e-02 2.080750367944053658e-02 1.787636402355656517e-02 3.484306005132021926e-03 -1.053688305317127503e-02
-2.406836523144622805e-02 2.902194264662544352e-03 4.797152103055935674e-02 1.654559296878792829e-01 1.339890462544163219e-01 2.038775695813488664e-01 2.220451262268254289e-01 1.421918221066698906e-01 8.356407977624021044e-02 1.291049738633711641e-01 7.822030860615153403e-02 4.640033156430875549e-02
-5.962582652519284043e-02 -4.352809843598157841e-02 1.446169459450127003e-03 7.122733555935639727e-02 1.061899172941587199e-01 2.220451262268254289e-01 2.737286682020172446e-01 1.849223534618255338e-01 1.158546878406702674e-01 1.883650507692203879e-01 1.192316441877084576e-01 7.958839995967391390e-02
-5.269890214333224077e-02 -4.647554979533256164e-02 -1.797844003979868349e-02 6.392612945410472772e-03 5.397811964365619580e-02 1.421918221066698906e-01 1.849223534618255338e-01 1.311537986265246258e-01 8.702943281067754278e-02 1.478837547280671960e-01 9.482114714823744461e-02 6.517702740940295447e-02
-4.392843678698883647e-02 -4.298020328312137511e-02 -2.570897938321128895e-02 -2.686915374074559312e-02 2.080750367944053658e-02 8.356407977624021044e-02 1.158546878406702674e-01 8.702943281067754278e-02 6.337671530389260566e-02 1.149938550976625923e-01 7.433633197941988402e-02 5.189591756528864896e-02
-8.563664658514255623e-02 -8.746658932648367080e-02 -5.971621412321836270e-02 -8.155586952695401126e-02 1.787636402355656517e-02 1.291049738633711641e-01 1.883650507692203879e-01 1.478837547280671960e-01 1.149938550976625923e-01 2.181171836564969602e-01 1.413977017828306204e-01 9.923833556598130046e-02
-5.855260034899161664e-02 -6.206162723654020524e-02 -4.572115441248411627e-02 -6.944817015706016006e-02 3.484306005132021926e-03 7.822030860615153403e-02 1.192316441877084576e-01 9.482114714823744461e-02 7.433633197941988402e-02 1.413977017828306204e-01 9.265216019318062157e-02 6.607040214052245508e-02
-4.577305381062093947e-02 -5.207690420916950835e-02 -4.338317840464706032e-02 -7.554406682725441080e-02 -1.053688305317127503e-02 4.640033156430875549e-02 7.958839995967391390e-02 6.517702740940295447e-02 5.189591756528864896e-02 9.923833556598130046e-02 6.607040214052245508e-02 4.881943592627955436e-02
1.921047133423578468e-01 1.913073867919729276e-01 1.321976523327836606e-01 5.497994930348801268e-02 3.396522602528462276e-02 1.257842055078452030e-02 -4.094713281367229687e-03 -1.858704987334168501e-02 -3.660962104456229327e-02 -7.705602505793202051e-02 -1.700741342137149781e-01 -2.374154147834513784e-01
1.913073867919729276e-01 2.399137027050071702e-01 1.998323041258316668e-01 1.126295003013245699e-01 1.236049769660392955e-01 1.015652736805836287e-01 7.129292055744139434e-02 3.787411112402012947e-02 3.312842769307120482e-03 -3.843792734995420124e-02 -1.163900765604724274e-01 -1.914452378289238643e-01
1.321976523327836606e-01 1.998323041258316668e-01 1.900603358049691993e-01 1.227975645032350488e-01 1.557578167220041720e-01 1.397449904272768384e-01 1.078498468355942874e-01 6.981495629388785595e-02 3.290404215101229435e-02 2.576688383324500769e-03 -4.091207862210030632e-02 -1.001605123463734648e-01
5.497994930348801268e-02 1.126295003013245699e-01 1.227975645032350488e-01 9.135706722640611621e-02 1.302560982070246343e-01 1.230862162042445918e-01 9.898565206282393392e-02 6.881846999305793466e-02 4.121551662077083122e-02 2.696093797553229809e-02 1.791650857811945274e-02 -1.331783543200250330e-02
3.396522602528462276e-02 1.236049769660392955e-01 1.557578167220041720e-01 1.302560982070246343e-01 2.025356814477393130e-01 1.973352363996379033e-01 1.617530027737673071e-01 1.160281962287077195e-01 7.603641115907500136e-02 6.394390205918867864e-02 7.470187167229758174e-02 4.348766163505986271e-02
1.257842055078452030e-02 1.015652736805836287e-01 1.397449904272768384e-01 1.230862162042445918e-01 1.973352363996379033e-01 1.980038090440022214e-01 1.644149418351544267e-01 1.193429114223429344e-01 8.053964534785960916e-02 7.246170128993886794e-02 9.312198090750697932e-02 6.929161956911894515e-02
-4.094713281367229687e-03 7.129292055744139434e-02 1.078498468355942874e-01 9.898565206282393392e-02 1.617530027737673071e-01 1.644149418351544267e-01 1.396551305373118224e-01 1.029342264104788490e-01 7.131371431500715952e-02 6.748547014570681346e-02 9.205686391444184435e-02 7.684476119438801711e-02
-1.858704987334168501e-02 3.787411112402012947e-02 6.981495629388785595e-02 6.881846999305793466e-02 1.160281962287077195e-01 1.193429114223429344e-01 1.029342264104788490e-01 7.785787997840348806e-02 5.614690183802589774e-02 5.679468505851193588e-02 8.286384270544706887e-02 7.673020128911067772e-02
-3.660962104456229327e-02 3.312842769307120482e-03 3.290404215101229435e-02 4.121551662077083122e-02 7.603641115907500136e-02 8.053964534785960916e-02 7.131371431500715952e-02 5.614690183802589774e-02 4.376463078181433430e-02 4.960908343332202236e-02 7.980573559483344903e-02 8.345948692676248559e-02
-7.705602505793202051e-02 -3.843792734995420124e-02 2.576688383324500769e-03 2.696093797553229809e-02 6.394390205918867864e-02 7.246170128993886794e-02 6.748547014570681346e-02 5.679468505851193588e-02 4.960908343332202236e-02 6.482057845567511245e-02 1.151505116144908164e-01 1.328956802405082960e-01
-1.700741342137149781e-01 -1.163900765604724274e-01 -4.091207862210030632e-02 1.791650857811945274e-02 7.470187167229758174e-02 9.312198090750697932e-02 9.205686391444184435e-02 8.286384270544706887e-02 7.980573559483344903e-02 1.151505116144908164e-01 2.177787149787814014e-01 2.643150813108885444e-01
-2.374154147834513784e-01 -1.914452378289238643e-01 -1.001605123463734648e-01 -1.331783543200250330e-02 4.348766163505986271e-02 6.929161956911894515e-02 7.684476119438801711e-02 7.673020128911067772e-02 8.345948692676248559e-02 1.328956802405082960e-01 2.643150813108885444e-01 3.421477556975325296e-01
1.203759719560921759e-01 1.878527944999416055e-01 1.581786083762671824e-01 8.194637835926057989e-02 1.290449567507081195e-02 -3.399895699376136171e-02 -4.830007690059691383e-02 -6.069572336454834294e-02 -7.700809320440740735e-02 -9.830608294174687789e-02 -7.229411714255172539e-02 -8.221577103653417151e-02
1.878527944999416055e-01 3.105915870154000724e-01 2.785922347984764458e-01 1.724641883111974194e-01 7.906366716040050258e-02 -1.114754291428944263e-03 -4.034665947995467322e-02 -6.677833249139517036e-02 -9.349536033608718544e-02 -1.251381443227045920e-01 -9.748406566364156700e-02 -1.200617125540331814e-01
1.581786083762671824e-01 2.785922347984764458e-01 2.816794986960518554e-01 2.111663653436198773e-01 1.515489114448968222e-01 7.286119398674636982e-02 1.447245344951596235e-02 -1.943113665778603560e-02 -4.556445310893746797e-02 -7.171435441492443608e-02 -6.411697059630047657e-02 -9.172951741617293986e-02
8.194637835926057989e-02 1.724641883111974194e-01 2.111663653436198773e-01 2.104060114875354048e-01 2.125143836934453578e-01 1.544779377641261608e-01 8.446187619100908872e-02 4.897123208419123380e-02 3.025137306589349359e-02 1.803175379677538284e-02 -3.581503714578524594e-03 -3.191914058772551965e-02
1.290449567507081195e-02 7.906366716040050258e-02 1.515489114448968222e-01 2.125143836934453578e-01 2.770018962251450945e-01 2.366186336213590424e-01 1.526498540977698770e-01 1.142130603961358792e-01 1.017887394640566573e-01 1.023331778548147719e-01 5.302416468827149398e-02 2.335328637178790342e-02
-3.399895699376136171e-02 -1.114754291428944263e-03 7.286119398674636982e-02 1.544779377641261608e-01 2.366186336213590424e-01 2.236795509021747841e-01 1.545471836856815162e-01 1.247609288957170770e-01 1.196256456871205298e-01 1.279854951670242880e-01 7.437642680129478989e-02 5.179451881231783572e-02
-4.830007690059691383e-02 -4.034665947995467322e-02 1.447245344951596235e-02 8.446187619100908872e-02 1.526498540977698770e-01 1.545471836856815162e-01 1.140247230103318132e-01 9.790656196802517697e-02 9.868783090638504063e-02 1.092875558490829513e-01 6.648913165578364259e-02 5.271040331403600843e-02
-6.069572336454834294e-02 -6.677833249139517036e-02 -1.943113665778603560e-02 4.897123208419123380e-02 1.142130603961358792e-01 1.247609288957170770e-01 9.790656196802517697e-02 8.982432039029220050e-02 9.503161065105472649e-02 1.083486014474314696e-01 6.784235827177179101e-02 5.779268108359982004e-02
-7.700809320440740735e-02 -9.349536033608718544e-02 -4.556445310893746797e-02 3.025137306589349359e-02 1.017887394640566573e-01 1.196256456871205298e-01 9.868783090638504063e-02 9.503161065105472649e-02 1.046765395355567230e-01 1.220207140719840322e-01 7.769427396470804381e-02 6.879653277671200773e-02
-9.830608294174687789e-02 -1.251381443227045920e-01 -7.171435441492443608e-02 1.803175379677538284e-02 1.023331778548147719e-01 1.279854951670242880e-01 1.092875558490829513e-01 1.083486014474314696e-01 1.220207140719840322e-01 1.447577589697972567e-01 9.328104865556818837e-02 8.469979556276169275e-02
-7.229411714255172539e-02 -9.748406566364156700e-02 -6.411697059630047657e-02 -3.581503714578524594e-03 5.302416468827149398e-02 7.437642680129478989e-02 6.648913165578364259e-02 6.784235827177179101e-02 7.769427396470804381e-02 9.328104865556818837e-02 6.177738987865603187e-02 5.887108105679233344e-02
-8.221577103653417151e-02 -1.200617125540331814e-01 -9.172951741617293986e-02 -3.191914058772551965e-02 2.335328637178790342e-02 5.179451881231783572e-02 5.271040331403600843e-02 5.779268108359982004e-02 6.879653277671200773e-02 8.469979556276169275e-02 5.887108105679233344e-02 6.120475193296646271e-02
4.058852884628470492e-01 2.750546667328997441e-01 1.598480402783555299e-01 1.315774575734444951e-01 7.887233900895167238e-02 5.988453928415502642e-02 3.076771464191210836e-02 2.893104468472170940e-02 3.078189433624838132e-03 -5.836104394992845668e-02 -1.632157377770465101e-01 -2.697753328437046960e-01
2.750546667328997441e-01 2.022349613763146925e-01 1.274721403024974276e-01 1.153963863586025401e-01 7.579385102826723120e-02 6.535537633984467298e-02 4.266679515106554937e-02 6.124631028930060950e-02 5.575773146701073352e-02 5.303817252695285436e-03 -7.423791215610775485e-02 -1.662569055826538245e-01
1.598480402783555299e-01 1.274721403024974276e-01 8.870875423785606895e-02 8.827223827076619012e-02 6.234193219795717417e-02 5.833924320690074550e-02 4.266915781641797412e-02 6.961585534629362304e-02 7.626628751311305410e-02 4.015636066995424691e-02 -1.240873312531393102e-02 -8.221045285897890520e-02
1.315774575734444951e-01 1.153963863586025401e-01 8.827223827076619012e-02 9.543601279209991406e-02 7.113984603266806928e-02 7.019441018817412781e-02 5.462197542792058408e-02 9.444364681551840890e-02 1.106487444179804491e-01 7.364919527009798628e-02 2.376454521297772723e-02 -5.145384386463298931e-02
7.887233900895167238e-02 7.579385102826723120e-02 6.234193219795717417e-02 7.113984603266806928e-02 5.512980454174856021e-02 5.636126434070712343e-02 4.555669985015493861e-02 8.134705907536599057e-02 9.826534919586092653e-02 7.104373669479509268e-02 3.672697524415705073e-02 -1.999209453334983844e-02
5.988453928415502642e-02 6.535537633984467298e-02 5.833924320690074550e-02 7.019441018817412781e-02 5.636126434070712343e-02 5.963297919503283279e-02 4.993504929455064995e-02 9.171950018584817954e-02 1.133476103148473024e-01 8.627494566464431747e-02 5.473127124401176713e-02 -2.203332159126420060e-03
3.076771464191210836e-02 4.266679515106554937e-02 4.266915781641797412e-02 5.462197542792058408e-02 4.555669985015493861e-02 4.993504929455064995e-02 4.368870312371313236e-02 8.298220437838374486e-02 1.048107005141657444e-01 8.273977124041825837e-02 5.965564568401839074e-02 1.407014446642901491e-02
2.893104468472170940e-02 6.124631028930060950e-02 6.961585534629362304e-02 9.444364681551840890e-02 8.134705907536599057e-02 9.171950018584817954e-02 8.298220437838374486e-02 1.619123852932363161e-01 2.076150212641539872e-01 1.673432514367293455e-01 1.293293660767095843e-01 4.848889039235171339e-02
3.078189433624838132e-03 5.575773146701073352e-02 7.626628751311305410e-02 1.106487444179804491e-01 9.826534919586092653e-02 1.133476103148473024e-01 1.048107005141657444e-01 2.076150212641539872e-01 2.733404271326889678e-01 2.251513720641158123e-01 1.835825474998916129e-01 8.680386745405438420e-02
-5.836104394992845668e-02 5.303817252695285436e-03 4.015636066995424691e-02 7.364919527009798628e-02 7.104373669479509268e-02 8.627494566464431747e-02 8.273977124041825837e-02 1.673432514367293455e-01 2.251513720641158123e-01 1.993600031639287673e-01 1.817322941181724605e-01 1.152013256121288409e-01
-1.632157377770465101e-01 -7.423791215610775485e-02 -1.240873312531393102e-02 2.376454521297772723e-02 3.672697524415705073e-02 5.473127124401176713e-02 5.965564568401839074e-02 1.293293660767095843e-01 1.835825474998916129e-01 1.817322941181724605e-01 2.007037607155790215e-01 1.746817709025340060e-01
-2.697753328437046960e-01 -1.662569055826538245e-01 -8.221045285897890520e-02 -5.145384386463298931e-02 -1.999209453334983844e-02 -2.203332159126420060e-03 1.407014446642901491e-02 4.848889039235171339e-02 8.680386745405438420e-02 1.152013256121288409e-01 1.746817709025340060e-01 2.139669199649567866e-01
