1.022062885809508215e-01 3.828735007299122195e-01 4.896487988463164853e-02 5.598653215548535927e-03 2.042915673017546389e-03 5.367926853948832948e-03 5.680356157047487115e-02 1.340119807239375793e-01 1.201447768917518477e-01 1.419855158758263625e-01
3.841946763819331732e-03 2.964292070912558086e-02 3.446324235272804071e-01 9.261641946331153341e-02 5.747810359164758076e-02 2.904758424237318115e-01 3.908769083482937362e-02 5.140233329799053646e-02 7.019873005161016144e-02 2.062358933665366795e-02
1.030976014941174246e-01 2.134036409332514678e-02 2.576563113114417256e-02 8.966607882881777458e-02 1.545766798260537200e-01 1.029545939154073997e-01 2.176642722136298835e-01 9.454493092575379232e-02 1.245592043816963479e-01 6.583064319005438314e-02
6.764945978827519024e-02 4.345101490210880046e-02 1.918120408473836247e-02 6.735770538761081186e-03 2.413859474146804688e-03 3.975100691830123212e-03 1.722285813291980772e-02 7.585250399328941073e-02 3.337670396580958432e-01 4.297511887358345106e-01
2.332654315489273433e-01 1.554124261288408401e-02 4.731793391986831299e-02 1.123525165947761445e-01 4.042774452942869690e-02 2.803293960780214866e-02 2.045995007463707535e-02 4.568444740722110708e-02 2.173641810568756050e-01 2.395536126475797667e-01
5.943321620389212245e-02 2.028105808354517536e-01 1.069186249706813863e-01 1.126722057654439418e-01 3.470652678835680488e-02 1.888567488273760683e-02 4.753445049130003430e-02 3.692156719857825342e-02 1.831801291191987313e-01 1.969370237443593685e-01
1.844097810582668792e-02 5.490559812294378700e-02 2.048042375289277905e-01 4.825011008908312027e-01 1.905539333234489985e-01 3.730682260297553399e-02 6.682149784446936303e-03 1.716964329869261974e-03 3.442764569766289229e-04 2.743938853753433854e-03
2.709671555345776750e-01 1.273367061088646890e-01 5.052655763726007776e-02 2.946832899832672187e-02 3.942466683586403481e-02 9.539105237422645933e-02 2.212578605548769506e-01 3.773199865101489747e-02 2.515778515456263548e-02 1.027378881504261432e-01
6.046402132863235024e-02 3.378857084376270248e-02 8.468662862788535473e-02 2.000596745782168839e-01 3.542536683594312008e-02 1.683505962008666895e-02 1.731610119328343828e-02 4.653198125659495643e-01 3.115243847197202154e-02 5.495232593426798567e-02
1.616045716745065364e-01 4.958457691736797152e-02 2.396439391527131063e-02 3.032470242664439541e-01 5.402872822505254413e-02 1.896321635102552611e-02 4.993006537729330341e-02 1.871050794646717530e-01 1.214098756165082199e-01 3.016246819185873160e-02
1.114892325185509458e-01 2.524647338270536931e-02 4.702484438303403819e-03 1.024861305514955306e-03 1.056458651425859572e-03 8.826327738854526303e-03 1.104302718438315706e-01 3.045282548660970812e-01 1.081275180611485781e-01 3.245681171935675957e-01
2.490352254008625088e-01 1.987622146880899110e-01 2.839639518222586423e-01 1.643049939061207720e-01 3.108662429072701558e-02 8.506651754680214644e-03 6.337284999041733341e-03 1.371719480128373754e-02 7.915422813504947516e-03 3.637043552343066644e-02
3.954982962024282123e-01 9.948747629818427418e-02 1.443548194843598080e-02 7.984128604593280013e-03 2.097854757029659570e-03 3.242817352199691989e-03 5.713055353755285351e-03 8.560044537245609098e-02 2.404777240878025191e-01 1.454627200231152218e-01
1.292022907860859715e-01 6.445853357886702217e-02 6.529062802292109891e-02 6.025162102578136836e-02 1.097674330448424572e-02 1.703996023406546129e-02 5.121012617856783578e-02 2.431183601174476960e-01 5.321670648040939533e-02 3.052350302713699448e-01
9.703656462815463124e-02 1.062378830049013345e-01 3.248097312903374112e-01 4.360806967064016076e-02 1.115240992589470181e-01 1.103230961981983976e-01 3.836706121297261962e-02 1.557093435828281990e-02 3.050346565820441502e-02 1.220190947193612874e-01
1.355497545584406494e-01 1.678342562465056642e-01 5.809813862593349310e-02 4.179034010215965100e-02 1.103852545473015950e-01 1.040862830569946468e-01 7.476020994671406239e-02 1.423932960046666585e-01 1.091837794093731273e-01 5.591868750191054255e-02
2.156186606015137938e-02 5.842719092838379036e-02 1.870961483109089829e-01 1.571830793367390844e-01 6.470903975082414883e-02 4.961373618355632842e-02 3.041935905128956286e-01 1.218582021731773324e-01 2.592186342442394376e-02 9.435283318939384489e-03
9.763195826183540538e-02 8.663873088861134830e-02 2.568515978079637455e-02 2.546308691756136305e-02 4.125760668709632650e-02 1.276472146137724306e-01 8.190213998857703848e-02 1.039409887505953756e-01 1.511407446289627921e-01 2.586923694821914865e-01
1.800633769771909920e-01 1.701022383316374009e-01 1.534156301851625007e-02 1.348957275771234775e-02 1.788233113167532820e-02 2.579294068705846321e-01 6.877012698889135855e-02 1.862790316559191986e-02 1.006559614847479522e-01 1.571375192734520421e-01
4.329872352744242731e-02 3.331447351932564915e-02 1.016139869771482962e-01 2.540175395316716656e-01 9.688627483880007940e-02 8.491525736262484775e-03 9.633250805422662044e-03 6.781374504562907857e-02 2.384244657651697352e-01 1.465060142531282583e-01
1.916164260691122266e-03 2.611445532885733889e-02 3.052933523890543621e-01 1.516462945437341281e-01 2.404657968084138869e-02 2.913495957756290222e-02 3.671908405951380683e-01 8.557589209199006897e-02 7.976561560827346437e-03 1.104899971303256040e-03
2.745619277066805863e-01 1.506982645287936462e-01 3.033996155734356576e-02 1.554158181429924311e-02 4.577954794427872842e-03 9.688376188008980192e-03 3.312905152565542855e-02 3.411397153561971929e-01 1.059541660866108181e-01 3.436900044198266946e-02
2.032379991511732431e-01 7.752609535606667934e-02 1.362878506269738499e-01 7.679638974653850425e-02 1.056580300484517149e-02 8.222132363677142272e-03 3.788838090039477191e-02 2.877409246703574452e-01 8.861420695730859443e-02 7.312021722266456858e-02
5.326848801713869250e-03 2.720826606662637634e-02 3.863453664526312892e-01 8.793868589827673332e-02 3.010930928114175301e-02 4.269798601106623848e-02 1.552500557044533547e-01 1.818159419169076141e-01 6.720687066464112180e-02 1.610066920254163078e-02
3.091773787037491866e-02 8.724527981107765839e-02 7.837547254622961868e-02 1.317460906529297759e-01 2.962026920560671683e-02 9.636014208071660980e-02 4.196031114554710229e-02 2.990221638283688949e-02 2.240938447139282641e-01 2.497786355907523903e-01
2.065778715814037703e-03 4.726712510957111792e-03 7.722070965268726210e-03 8.754636778099959826e-02 2.030762533171063811e-01 1.748491228281921217e-01 9.286242522995186155e-02 3.676321214875509780e-01 5.209555214374109872e-02 7.423595020418292771e-03
3.564674557146358946e-01 1.725728459920330415e-01 8.163510865978435005e-02 9.967710420242381977e-03 6.168191607018958487e-03 6.609594422085991045e-03 9.967096679010963717e-03 7.842917248791306598e-03 3.965613681118324019e-02 3.091129424452140340e-01
3.670976202261037880e-02 6.736670323336684842e-03 4.114635628273561815e-03 5.980177072933899086e-03 3.970720795839826484e-02 3.148027159015820975e-01 1.591846614917877545e-01 7.994781856515170704e-02 1.407716845085341395e-01 2.120446665273917342e-01
1.260734679834113470e-01 1.607142516206248595e-01 2.352796237605395413e-01 3.713083368275706814e-02 1.192672902707608146e-02 1.463276614678108226e-02 1.019621811722609163e-02 6.358741466454963243e-02 1.865384889404797519e-01 1.539202060565544872e-01
1.690434927955264677e-01 5.399007042983290650e-02 4.589017041346503401e-02 1.117324382818420808e-02 5.430110097072679033e-03 4.056427804409659145e-03 2.908232235064341434e-02 1.289723338282655618e-01 4.225098546875996064e-01 1.298519737650004890e-01
2.584631235415744271e-02 6.657856312464266457e-02 8.699470786809310185e-02 7.669740405791267146e-02 9.254102346551842939e-02 8.132296078124676142e-02 2.212650176662873114e-01 1.669330049067783706e-01 1.467799654096403894e-01 3.504104036572299602e-02
2.359518643392662096e-02 5.387631804909406852e-03 1.630801988469310695e-02 1.948251330031514073e-02 3.017222206067718057e-02 1.175489610859741380e-01 2.721708205835611238e-01 1.084129140121082302e-01 1.568348218401415806e-01 2.500869089936935685e-01
1.070962961692447646e-01 1.673591097907928815e-01 3.280906491161120764e-01 1.240681881153995469e-01 1.936188485721348357e-02 7.244676875159184078e-03 1.367240157570253842e-02 4.279608540095915237e-02 6.823137027070912131e-02 1.220793378287071129e-01
6.904655879396021101e-02 1.768688174719095507e-01 5.304855527528127418e-02 8.947889944973130838e-02 4.343538731348610404e-02 3.746006731391026134e-01 1.246786478772992646e-01 3.855417911123201757e-02 1.278182884258734914e-02 1.750645272541035552e-02
1.081159025028573806e-01 3.495175513904855147e-02 2.388585620511981741e-02 5.068189170055437121e-02 6.569214788896513002e-02 3.289649384011688049e-01 1.688160249520896661e-01 5.883438218477760051e-02 8.422481607772476508e-02 7.583228494769431172e-02
8.719682865269189065e-02 4.829247499164957685e-02 1.360215802115793959e-01 2.267618916996053113e-01 1.178929855076027849e-01 1.337009545984677895e-02 1.691891276701431787e-02 3.225723912305236696e-02 2.012234420164272231e-01 1.200645495705303240e-01
2.387027948821091039e-03 8.363197549096347549e-03 5.556748498678731191e-02 4.183342326446009007e-01 1.691375337073111607e-02 3.921515118986735465e-02 2.594198060276230455e-01 1.137850489242818453e-01 7.449607652598562446e-02 1.151822083220553627e-02
2.319260877108419994e-01 7.148172313851715309e-02 4.258151021615332044e-02 6.655163169673099233e-02 3.923755266680976905e-02 8.165041241330500688e-02 1.626480743193810252e-01 1.032374523683923795e-01 8.087511610188280464e-02 1.198104393679854385e-01
1.878894141539819984e-01 1.975503895385181119e-01 5.180731315257978281e-02 3.746280330489361321e-02 1.359586791245867218e-02 1.281195580239880005e-02 4.478984272607675760e-02 5.752436219440847098e-02 1.653361563800570255e-01 2.312318948346269720e-01
3.871621385436969931e-02 2.654035260269186486e-02 8.710435928980146680e-02 1.968836170327165624e-01 7.247398100301377655e-02 3.769109094043516378e-02 5.091413977365183419e-02 4.597650047624921021e-02 8.654582384003414730e-02 3.571539211870364827e-01
4.261017002033667261e-03 4.560109732332205679e-02 4.078166823109132810e-01 3.487144025601353337e-02 1.976383121951372918e-02 1.225752447409659829e-01 2.197613009110058746e-01 8.344756696421089248e-02 5.208116754079082644e-02 9.820651731230109135e-03
5.241684218454850663e-02 3.431036268992064819e-01 8.888371259387556345e-02 7.365338462242131644e-03 1.514834543985445290e-03 8.065239033253287365e-03 3.827089516832649085e-02 5.322771766198390597e-02 2.165548528828380725e-01 1.905969405697401919e-01
1.338591390544469593e-02 1.901529798968979584e-02 4.763606389262545898e-02 2.232712465263278490e-01 1.560213652081889335e-01 1.604919300147016337e-01 2.028546539700984419e-01 6.046733092366626816e-02 4.671304497345041273e-02 7.014315259580669593e-02
5.478170860067248238e-02 9.872345319013853260e-02 2.574846242744279756e-01 1.214635758179399283e-01 3.053649149610327199e-02 1.241766684557885428e-02 1.083033799658218548e-02 1.170122095622602373e-02 6.023740515959785657e-02 3.418235156627328908e-01
3.576246527561545430e-02 4.350092519350751488e-03 3.040184663826736230e-02 3.787635544158112211e-01 4.062190021250325356e-02 1.508813481381861554e-01 1.887751050574298095e-01 1.243443339422542065e-01 3.615939643808060294e-02 9.939957362501217544e-03
2.862809702048562527e-03 1.636206205605112438e-03 9.848092646087646188e-03 4.520626443838558772e-02 1.595158483004223138e-01 2.400270680218553609e-01 2.957461262851350525e-02 1.276917858652448778e-01 3.524718743208634653e-01 3.116543787097345725e-02
6.720182761489619516e-02 3.174466135115125431e-02 6.619546734707995594e-02 3.138984353253558846e-01 9.480761957158123643e-02 6.569007052102535105e-02 2.221647679431622002e-01 5.416718716687261848e-02 4.032168954067914812e-02 4.380827361819628757e-02
1.302267897265025655e-02 4.390709555598393266e-02 2.115950516893175259e-01 2.196014772434179974e-01 5.143302770814611041e-02 9.402348755393410973e-02 1.279475354919516472e-01 1.556523820497971722e-01 4.916772214891171333e-02 3.364954158588943922e-02
2.261413196843664042e-01 8.216026069492018968e-02 2.698662052338061945e-02 1.699538494366674424e-02 2.127546513941190598e-01 7.308761040321626323e-02 1.549248073170886308e-01 7.838182570642737712e-02 3.827943325750776671e-02 9.028808607530700026e-02
9.720392089104289493e-04 8.207426097484826072e-03 4.517483283988483339e-02 1.250985069073894396e-01 5.214809267475697396e-01 2.487502345643735624e-01 4.273912334290266152e-02 5.816061780197435277e-03 1.220279617478965640e-03 5.405688938084241436e-04
4.153363976622398424e-02 1.919321119100319759e-02 3.809758441677011387e-01 5.923142486611388674e-02 3.765851702893414921e-02 6.172826699447494028e-03 7.413211340478681119e-03 6.570489644101409898e-02 2.084165877319044957e-01 1.736998407671789257e-01
1.966212416099683002e-01 3.777091736786226117e-01 3.461227067282755809e-02 1.983634450057752269e-02 6.344702377020624597e-03 2.071216439589786823e-02 1.576380482089256505e-02 3.954001576050208966e-02 8.951689637962298440e-02 1.993433858040678797e-01
7.180721618456720017e-03 4.792216040768948297e-03 3.630974701942155797e-03 8.801440159804456778e-03 4.425507292441648033e-02 1.546975596290649790e-01 3.422057984905716999e-01 1.297601357050510718e-01 2.305794377279114515e-01 7.409664300201215803e-02
5.789144921245993614e-02 4.089887419469906416e-02 1.003188841793500596e-01 1.262769179030396316e-01 5.326254837278268650e-02 3.648648581343702513e-02 4.569530475823083138e-02 2.629336564215632999e-01 1.055503583325347050e-01 1.706855208119029688e-01
2.468018316407799909e-02 1.747972042010624838e-01 2.902959864321382755e-01 4.904482182804945772e-02 2.251455917130542467e-02 6.495206817689587464e-02 2.664052672886117468e-01 7.973520528185569500e-02 1.506252951647472915e-02 1.251217493952829808e-02
2.531994786174715517e-02 4.638571326783551795e-03 9.578795599503990045e-04 9.704436055456111369e-04 8.803731906805582416e-03 1.029536635781778259e-01 3.611514648128590910e-01 7.544241993538453039e-02 3.026359377533899275e-01 1.171259396593567897e-01
1.150031549695151450e-01 4.507794302565362732e-02 1.894857456950448382e-01 1.061820929746665199e-01 1.924212134376578065e-02 2.720444566473479570e-02 2.250698582525398339e-01 2.345542888394145098e-01 2.477346254697992967e-02 1.340688668768534424e-02
3.449046385405708792e-02 3.542011035767184124e-02 1.064912091980176057e-01 3.535473395377156797e-02 1.916324233927285126e-01 4.941743875100165773e-02 1.261414643931154655e-01 1.777554901121919662e-01 1.191751526763082797e-01 1.241215133111361890e-01
9.664347042186931247e-02 3.046314820588979025e-02 2.883400989557802566e-02 5.263970292959067182e-02 8.611690891031476003e-02 4.767279188146804347e-02 3.875669232900660205e-02 4.006742308590820478e-01 9.656242793431411842e-02 1.216366166328868015e-01
3.034916526578001345e-02 4.146276776016738497e-01 6.188919721486711711e-02 7.662172145545656510e-02 3.004686701042485475e-01 6.938640134507273460e-02 2.363188918595272164e-02 5.978091897430373551e-03 3.396220959088504503e-03 1.365096497042957158e-02
1.529248533832482104e-01 5.109959186674635501e-02 8.055092557755310495e-03 3.231749876011121014e-02 1.802261880902008007e-01 4.626947258066692326e-02 1.088464848891125963e-01 1.732370982564660489e-01 1.389732120805796667e-01 1.080505075351128746e-01
7.017120675312382705e-02 3.616847186588106333e-01 6.328692459918396074e-02 1.091518800380658280e-02 1.739571694795681578e-02 1.862514443703512657e-02 8.778930243514956877e-02 2.404013142395493297e-01 4.908396849087735825e-02 8.064651543450707116e-02
1.048130061105542882e-01 2.160718007264803703e-02 6.240422130752662846e-03 3.559061429965955717e-03 6.863793818964481278e-03 6.739848513756414861e-02 2.766150561881597914e-01 1.437183679445503681e-01 1.474257365460314440e-01 2.217588906208087518e-01
1.777851375523498145e-01 1.384865465135702300e-01 5.546870023775972436e-02 3.381150088945967802e-01 2.355524847776978015e-01 2.735518634245331926e-02 2.115848451116050799e-03 8.039852516762550395e-04 2.841236575515989054e-03 2.147586540326425902e-02
5.168698867527093781e-03 1.637007437613533650e-02 5.541837254983446315e-02 2.091545901098055271e-01 1.591287634338869328e-01 6.173710433330684144e-02 7.017098604793944872e-02 1.356422204347979277e-01 2.629729180648130993e-01 2.423627178195347093e-02
9.714562305713150478e-03 1.677091326384923123e-03 3.879582747186250281e-03 4.185150158383570476e-03 4.376052882916206532e-02 4.621737036823014289e-01 2.215877475749572501e-01 2.149706589905241716e-01 2.678998954477836841e-02 1.126098484060868848e-02
1.179281401583374619e-02 1.197123113054110802e-02 3.929928862178184990e-02 6.218944899166448104e-02 2.395869495295385454e-01 1.293623083951010999e-01 2.191801250347623700e-02 9.967295463227777985e-02 3.429560152847738741e-01 4.125097689501128206e-02
1.340765063599307083e-02 8.427907528308289931e-02 4.743909785121191991e-02 6.899009397445379776e-02 3.096671176930738123e-01 8.823019874456795864e-02 3.270390389730891689e-01 4.974386081264484116e-02 8.293267102951674963e-03 2.910598928930719590e-03
9.272550250306166308e-02 4.321513601575344143e-02 8.961355470218407282e-02 1.141927986662025774e-01 1.123415528435203897e-01 7.659097442569784420e-02 3.919730242461900299e-02 7.739954405276344707e-02 1.675139611639038517e-01 1.872096732022940635e-01
3.761610809460146365e-01 8.383430122836928178e-02 3.966322537271860932e-02 4.106915402360661327e-01 4.140360445396390476e-02 1.291234817101699281e-02 5.270044789849544047e-03 1.231983498211262906e-03 1.123978067814031387e-03 2.770789323597572934e-02
7.194384316523330658e-02 5.085501076778718016e-02 4.250032776934693501e-01 3.687068586505815038e-02 2.595580861446871845e-03 5.854239743286276942e-03 1.342089394296732503e-03 3.152083751690161473e-03 2.818472051765300024e-02 3.741984682400792406e-01
2.264011557737247160e-02 4.848951185790833021e-03 1.680600584805442112e-03 1.977373818038931884e-03 2.739580244628261364e-03 6.739962773583666258e-03 7.471707998746093815e-02 3.498339250304952630e-01 1.684365067857395426e-01 3.663859040120848731e-01
1.025567694272676647e-02 3.332283788980111572e-02 2.742637033108864530e-01 1.489665670887350413e-01 2.588117251400298691e-02 6.035560644775636238e-03 2.034603877014920167e-02 1.980737152880224783e-01 2.459296831552789664e-01 3.692504439562143553e-02
4.776878107712592691e-02 3.293212189203112983e-01 2.216544681083131019e-01 2.482218443390385165e-01 9.059484319889174464e-02 4.232409027411422608e-02 8.153431239443696688e-03 1.962620358950108342e-03 1.412932386353297001e-03 8.585770097458310032e-03
3.044953628061608519e-02 1.307839142754526653e-02 2.990594616127778549e-02 4.414931010942951123e-02 7.622277640661670461e-02 3.116943281204294092e-01 3.630049551132125130e-02 4.031637475674396121e-02 3.430099535239942710e-01 7.487288770202593646e-02
4.407225257862056045e-02 5.756393794110930412e-02 1.141078796375971371e-01 2.970985571122211621e-01 3.107359138432556553e-02 6.715406745142257078e-03 3.603426262044117506e-02 1.480296116311697052e-01 1.981237533134905804e-01 6.718074703588254593e-02
6.387236141777472703e-03 3.890266900105982667e-02 4.508432746261481494e-02 1.682784614679820323e-01 1.069546939521569262e-01 1.820228755386778530e-01 3.538616537312848087e-01 8.994003394298888399e-02 6.303112535310684272e-03 2.264936226147012087e-03
5.101063232645592499e-02 3.204859760379876604e-02 5.870832563395073089e-02 2.293647157052313423e-01 7.032116534886868886e-02 1.745111473124716650e-01 2.474553851829413079e-02 9.155704057982253299e-03 5.534579653638522362e-02 2.947883769565613488e-01
5.255114587873913057e-02 4.347032887316534810e-02 8.085064106898458280e-03 1.458473182429727809e-02 5.432593559442669418e-02 1.094581031640900481e-01 1.493440148502310771e-01 1.075105810362437520e-01 1.442831647361403347e-01 3.163869299357677800e-01
3.826103889334280250e-01 1.957778335472978859e-02 1.413596559399789548e-03 2.084192600267333571e-03 2.661957357431299701e-02 3.886924568740511843e-01 7.715473944824634278e-02 7.612314067391490191e-03 2.026288494829016698e-02 7.397206963988268991e-02
3.212089167265768080e-03 8.116568933786351414e-03 3.083926094001137458e-02 5.923630134095897448e-02 1.560576851233317075e-01 1.756875775517839910e-01 1.818999701473054120e-01 2.503510307905558729e-01 1.190408557399907502e-01 1.555866026500984239e-02
1.275594335192567659e-02 3.294433404461743001e-03 3.171718482225534264e-03 3.672596397354328801e-02 4.166908003126816307e-01 1.409251041026135520e-01 4.789117750842835503e-02 5.236369534732211728e-02 2.669416649179339185e-01 1.923949859886433383e-02
1.365253069133336994e-01 2.502484563973900872e-02 2.467359073384508411e-02 3.793843213410879461e-02 1.095245086411431451e-01 2.042491402939765055e-01 1.570853304602753409e-01 6.259953897480746710e-02 1.440704077782442860e-01 9.830889843052688370e-02
2.023924114170115307e-01 3.733445866632476018e-02 2.810120868944059741e-02 5.672817366297433495e-03 4.572414098105112568e-02 3.860226811079235376e-01 8.183561758429494515e-02 3.786759431329655284e-02 4.773106588301273545e-02 1.273180039913465733e-01
2.323455414393974655e-02 1.730227395896914017e-02 2.109306117325359872e-02 8.493892233165792338e-02 1.528372180617073861e-01 1.558592303479629515e-01 1.601456895582339945e-01 1.347883640172171382e-01 1.033408063096133978e-01 1.464598800974450110e-01
2.826634293513266213e-02 3.909893066328468982e-03 6.445629178260680117e-03 7.639404448871622844e-02 3.725822774066292475e-01 4.988913621033769230e-02 2.130529770164993342e-02 5.159159142893354061e-02 2.329518804687436273e-01 1.566639071152681750e-01
5.018093088453262629e-02 2.272801576707683680e-01 2.190762892033206177e-01 1.354043030699551009e-01 7.073912037669805031e-02 3.347736009306970240e-02 2.382185870115679713e-02 7.563744224725024723e-02 1.076507344732145904e-01 5.673180328003383371e-02
1.289726023981944414e-01 2.355180130307404918e-01 1.310243300072573558e-01 3.219188297606691007e-01 9.747698791981754263e-02 3.169695254241890886e-02 2.179877783209718117e-02 9.888350824840136041e-03 8.732030633811777368e-03 1.297312505015337653e-02
4.595160506435461839e-02 2.261685836479686573e-01 9.426125538936240555e-02 4.966205243682899478e-02 1.844315174360489779e-02 7.939555377705284633e-02 2.192096985069947879e-01 6.347746139860926951e-02 1.295772659186568143e-01 7.385337211656703427e-02
5.852436960879078137e-02 1.723113792538424893e-02 1.920671815716087916e-02 2.522528357986459496e-02 1.337977043369747640e-02 4.045467377862874137e-02 9.084729754538053981e-02 2.665721435116342186e-01 3.331553653104279977e-01 1.354032401490307125e-01
1.034107287602875798e-03 7.988688087626817994e-03 1.087159862165277269e-01 3.246936315100065196e-01 6.686867943576567386e-02 9.346576974561601747e-02 2.778626999043170009e-01 9.263633567191366380e-02 2.375761685435039128e-02 2.976485286273434280e-03
5.474606309379446978e-02 8.191839710101119637e-03 1.735540415451029828e-02 3.913957262249431746e-02 2.648888167451531328e-01 1.590433814699915016e-01 2.154533902580110100e-02 1.364360998599151859e-02 1.172747861937167430e-01 3.041711869984458638e-01
3.571157651788944842e-02 1.941753027386600161e-01 1.968212992493997282e-01 7.228020103444512956e-02 9.262122992521529610e-03 1.484677760483276744e-02 2.425583726757247344e-02 1.057273462488429738e-01 2.874564261638352658e-01 5.946311018200081677e-02
8.152013295707191687e-02 1.039441841719924292e-01 9.983916862581959650e-02 1.589336034444047488e-02 2.304649211409606768e-02 3.554555008042783321e-02 9.474982163265048551e-02 1.590686907653155735e-01 2.917296485038816112e-01 9.466295080430411901e-02
7.126441631323830739e-03 8.274319801538561683e-03 3.662864489886041852e-02 4.171057269642666210e-01 3.376580561351670562e-02 2.800176436459943935e-02 8.061555354390619044e-02 1.470339737818874282e-01 1.877152741821236925e-01 5.373249521797751616e-02
2.255871023881444309e-02 3.916454890592911686e-02 3.578662800487968781e-02 8.507928205977863256e-02 2.509655295739214864e-01 8.405909927696911255e-02 2.360566673300634397e-02 5.376785481402790445e-02 3.435798807870590332e-01 6.143279960561408987e-02
1.079887395757794244e-01 1.644734921684394280e-01 1.440991003136647408e-01 5.222001739515547830e-02 2.139238239753196158e-01 1.969601382810410861e-01 2.476289425915997877e-02 4.303563860665460261e-02 2.510836795064590177e-02 2.742778747413969487e-02
1.471535201340355981e-01 6.095821075262489175e-02 6.494043009442407310e-02 3.024147794054924884e-02 4.008963783443800222e-02 6.363414725130352168e-02 1.524278883694228370e-01 1.972074308345869442e-01 1.154907122716097856e-01 1.278565445170052051e-01
2.460932399149450694e-02 5.879615995260265016e-02 2.014987561457804444e-01 2.431318956746198467e-01 1.543692224185060913e-01 1.039681095827973967e-01 1.276498917008144218e-01 5.834410578238787004e-02 1.777401241498313689e-02 9.858522336013753051e-03
9.750230717455347224e-03 2.943350793800035212e-03 2.925294202828176982e-02 3.355780731229787706e-01 1.140988778127844522e-01 1.898433087481808321e-02 8.544994271827605764e-03 9.048052920570104352e-02 3.089557821170157981e-01 8.141088905533719333e-02
