1.022062885809508215e-01 1.754080196281801451e-01 6.600852193050882333e-02 2.337368866624945501e-02 1.348449040978237125e-02 1.889842621828280445e-02 5.937075711696392089e-02 9.051689787213243465e-02 8.781567251057409429e-02 1.039418440245182262e-01
1.754080196281801451e-01 3.828735007299122195e-01 1.353652469362833788e-01 4.353517727152853706e-02 2.023064659859155623e-02 2.267498398535912341e-02 6.768549631626928631e-02 1.018425564014909523e-01 1.009119760663655108e-01 1.321865791108370325e-01
6.600852193050882333e-02 1.353652469362833788e-01 4.896487988463164853e-02 1.618681477670049981e-02 8.057918212443348355e-03 9.807876127645644149e-03 2.988466770234274664e-02 4.519328717883945579e-02 4.428127013554573194e-02 5.541478586771659415e-02
2.337368866624945501e-02 4.353517727152853706e-02 1.618681477670049981e-02 5.598653215548535927e-03 3.082242622214845414e-03 4.150773360420684580e-03 1.293537932837105289e-02 1.966715227953465608e-02 1.903757312588971046e-02 2.261939835845258248e-02
1.348449040978237125e-02 2.023064659859155623e-02 8.057918212443348355e-03 3.082242622214845414e-03 2.042915673017546389e-03 3.174937398323679667e-03 1.017097027299320930e-02 1.556185010779669899e-02 1.483406917220763538e-02 1.645921687566792579e-02
1.889842621828280445e-02 2.267498398535912341e-02 9.807876127645644149e-03 4.150773360420684580e-03 3.174937398323679667e-03 5.367926853948832948e-03 1.744189095879301182e-02 2.677033669607745484e-02 2.531517211390690858e-02 2.706053304349697111e-02
5.937075711696392089e-02 6.768549631626928631e-02 2.988466770234274664e-02 1.293537932837105289e-02 1.017097027299320930e-02 1.744189095879301182e-02 5.680356157047487115e-02 8.722719827167320361e-02 8.237759301292707503e-02 8.751889049852432101e-02
9.051689787213243465e-02 1.018425564014909523e-01 4.519328717883945579e-02 1.966715227953465608e-02 1.556185010779669899e-02 2.677033669607745484e-02 8.722719827167320361e-02 1.340119807239375793e-01 1.265784521367455950e-01 1.343552541117291610e-01
8.781567251057409429e-02 1.009119760663655108e-01 4.428127013554573194e-02 1.903757312588971046e-02 1.483406917220763538e-02 2.531517211390690858e-02 8.237759301292707503e-02 1.265784521367455950e-01 1.201447768917518477e-01 1.285341093104374055e-01
1.039418440245182262e-01 1.321865791108370325e-01 5.541478586771659415e-02 2.261939835845258248e-02 1.645921687566792579e-02 2.706053304349697111e-02 8.751889049852432101e-02 1.343552541117291610e-01 1.285341093104374055e-01 1.419855158758263625e-01
3.841946763819331732e-03 9.885448390348718431e-03 3.272317467530001106e-02 1.808693627107798435e-02 1.315231356618373933e-02 2.387699944769466898e-02 9.341090339821406935e-03 1.166189805401861290e-02 1.416552258570731235e-02 8.081110439514826299e-03
9.885448390348718431e-03 2.964292070912558086e-02 1.008203797751821562e-01 5.147054184817882738e-02 2.837571873289401747e-02 4.032276967448129856e-02 1.643350056185145097e-02 2.194287905980555828e-02 2.779375042926739148e-02 1.689756376847881963e-02
3.272317467530001106e-02 1.008203797751821562e-01 3.446324235272804071e-01 1.735362450132429957e-01 9.040096418010756807e-02 1.199395811157455000e-01 4.953052993612117733e-02 6.748378851087291630e-02 8.647730691268598613e-02 5.344557261186702601e-02
1.808693627107798435e-02 5.147054184817882738e-02 1.735362450132429957e-01 9.261641946331153341e-02 5.765457049780671472e-02 9.225154051094201779e-02 3.629787838605774697e-02 4.589792260942907043e-02 5.658782242479789421e-02 3.346450476626792320e-02
1.315231356618373933e-02 2.837571873289401747e-02 9.040096418010756807e-02 5.765457049780671472e-02 5.747810359164758076e-02 1.222683815633236748e-01 4.537064965906083269e-02 5.173183777305177811e-02 5.995559516682356926e-02 3.272881687472441875e-02
2.387699944769466898e-02 4.032276967448129856e-02 1.199395811157455000e-01 9.225154051094201779e-02 1.222683815633236748e-01 2.904758424237318115e-01 1.058699592713834153e-01 1.166396884512863330e-01 1.321305315461295815e-01 6.980901988237592226e-02
9.341090339821406935e-03 1.643350056185145097e-02 4.953052993612117733e-02 3.629787838605774697e-02 4.537064965906083269e-02 1.058699592713834153e-01 3.908769083482937362e-02 4.397968053296675423e-02 5.029390313453988709e-02 2.670520278750395521e-02
1.166189805401861290e-02 2.194287905980555828e-02 6.748378851087291630e-02 4.589792260942907043e-02 5.173183777305177811e-02 1.166396884512863330e-01 4.397968053296675423e-02 5.140233329799053646e-02 5.976949041147744390e-02 3.202777689819608781e-02
1.416552258570731235e-02 2.779375042926739148e-02 8.647730691268598613e-02 5.658782242479789421e-02 5.995559516682356926e-02 1.321305315461295815e-01 5.029390313453988709e-02 5.976949041147744390e-02 7.019873005161016144e-02 3.785056718434716416e-02
8.081110439514826299e-03 1.689756376847881963e-02 5.344557261186702601e-02 3.346450476626792320e-02 3.272881687472441875e-02 6.980901988237592226e-02 2.670520278750395521e-02 3.202777689819608781e-02 3.785056718434716416e-02 2.062358933665366795e-02
1.030976014941174246e-01 4.652948926046229783e-02 4.800228479569483564e-02 8.338299917567996988e-02 1.042990209205416907e-01 8.442408231859006851e-02 1.166729056273321935e-01 8.784254942147577683e-02 1.086051315114719418e-01 8.168909379300498541e-02
4.652948926046229783e-02 2.134036409332514678e-02 2.271797160272339550e-02 4.027190917687339944e-02 5.082572323948056359e-02 4.053204529555867047e-02 5.471305454815954955e-02 4.016272703653144677e-02 4.878630808691358789e-02 3.672438099586306653e-02
4.800228479569483564e-02 2.271797160272339550e-02 2.576563113114417256e-02 4.746098062430701564e-02 6.091996563084138561e-02 4.742166617024723418e-02 6.140881435326767113e-02 4.280469179746123481e-02 4.998719169577438282e-02 3.762047853518928758e-02
8.338299917567996988e-02 4.027190917687339944e-02 4.746098062430701564e-02 8.966607882881777458e-02 1.164188569109145671e-01 8.957421571130844140e-02 1.134050396195678267e-01 7.638678165016507537e-02 8.666482022489122028e-02 6.510541991984658550e-02
1.042990209205416907e-01 5.082572323948056359e-02 6.091996563084138561e-02 1.164188569109145671e-01 1.545766798260537200e-01 1.202571409353525855e-01 1.528476212567843606e-01 1.000193498815040993e-01 1.100683297772761249e-01 8.178620707098685494e-02
8.442408231859006851e-02 4.053204529555867047e-02 4.742166617024723418e-02 8.957421571130844140e-02 1.202571409353525855e-01 1.029545939154073997e-01 1.418976814822451582e-01 9.033980904078256491e-02 9.507007140395826172e-02 6.800107342279326783e-02
1.166729056273321935e-01 5.471305454815954955e-02 6.140881435326767113e-02 1.134050396195678267e-01 1.528476212567843606e-01 1.418976814822451582e-01 2.176642722136298835e-01 1.370248454755851331e-01 1.401082935377304661e-01 9.671257389266442461e-02
8.784254942147577683e-02 4.016272703653144677e-02 4.280469179746123481e-02 7.638678165016507537e-02 1.000193498815040993e-01 9.033980904078256491e-02 1.370248454755851331e-01 9.454493092575379232e-02 1.038614283061800869e-01 7.269770227376101679e-02
1.086051315114719418e-01 4.878630808691358789e-02 4.998719169577438282e-02 8.666482022489122028e-02 1.100683297772761249e-01 9.507007140395826172e-02 1.401082935377304661e-01 1.038614283061800869e-01 1.245592043816963479e-01 8.912088189745924482e-02
8.168909379300498541e-02 3.672438099586306653e-02 3.762047853518928758e-02 6.510541991984658550e-02 8.178620707098685494e-02 6.800107342279326783e-02 9.671257389266442461e-02 7.269770227376101679e-02 8.912088189745924482e-02 6.583064319005438314e-02
6.764945978827519024e-02 5.295111577434724603e-02 3.466739084642354862e-02 2.041478997608085072e-02 1.216354326465054689e-02 1.549193729040012658e-02 3.189292666793415443e-02 6.560398418019701416e-02 1.340933499134857043e-01 1.638850348605002671e-01
5.295111577434724603e-02 4.345101490210880046e-02 2.879187794983534970e-02 1.702153449662413207e-02 1.016411259540144808e-02 1.297694095002392516e-02 2.678907018018660685e-02 5.527209128377290337e-02 1.122164154072225750e-01 1.219797367468288263e-01
3.466739084642354862e-02 2.879187794983534970e-02 1.918120408473836247e-02 1.136087550469203934e-02 6.792807048929094815e-03 8.687797320157546882e-03 1.797031819809085176e-02 3.717200086162462253e-02 7.547024867180474050e-02 7.879229826917678869e-02
2.041478997608085072e-02 1.702153449662413207e-02 1.136087550469203934e-02 6.735770538761081186e-03 4.030597883983457960e-03 5.160849999738899643e-03 1.068856242672186312e-02 2.214677323085429209e-02 4.500242345324477478e-02 4.619807684635967443e-02
1.216354326465054689e-02 1.016411259540144808e-02 6.792807048929094815e-03 4.030597883983457960e-03 2.413859474146804688e-03 3.094577941355439177e-03 6.418067380694605570e-03 1.332333913569726941e-02 2.711212160282942471e-02 2.746635041487175202e-02
1.549193729040012658e-02 1.297694095002392516e-02 8.687797320157546882e-03 5.160849999738899643e-03 3.094577941355439177e-03 3.975100691830123212e-03 8.262730702893567383e-03 1.720565866928152471e-02 3.510735773668616916e-02 3.491039079357986796e-02
3.189292666793415443e-02 2.678907018018660685e-02 1.797031819809085176e-02 1.068856242672186312e-02 6.418067380694605570e-03 8.262730702893567383e-03 1.722285813291980772e-02 3.600288664189568721e-02 7.372961568808743260e-02 7.170739460803729481e-02
6.560398418019701416e-02 5.527209128377290337e-02 3.717200086162462253e-02 2.214677323085429209e-02 1.332333913569726941e-02 1.720565866928152471e-02 3.600288664189568721e-02 7.585250399328941073e-02 1.566187422886505531e-01 1.472308113219551462e-01
1.340933499134857043e-01 1.122164154072225750e-01 7.547024867180474050e-02 4.500242345324477478e-02 2.711212160282942471e-02 3.510735773668616916e-02 7.372961568808743260e-02 1.566187422886505531e-01 3.337670396580958432e-01 3.047146050757449931e-01
1.638850348605002671e-01 1.219797367468288263e-01 7.879229826917678869e-02 4.619807684635967443e-02 2.746635041487175202e-02 3.491039079357986796e-02 7.170739460803729481e-02 1.472308113219551462e-01 3.047146050757449931e-01 4.297511887358345106e-01
2.332654315489273433e-01 5.869940581274950275e-02 8.876414311874203378e-02 1.309657022025496054e-01 7.865439911461652445e-02 6.642045387661180134e-02 5.829988036415627295e-02 8.711401623527309512e-02 1.853510009229411837e-01 2.188249983297085033e-01
5.869940581274950275e-02 1.554124261288408401e-02 2.553609372575035841e-02 3.835557199279401169e-02 2.302193067230920431e-02 1.930953163344886758e-02 1.662935914849763760e-02 2.418736558684345117e-02 5.021347610590395916e-02 5.599413131417328021e-02
8.876414311874203378e-02 2.553609372575035841e-02 4.731793391986831299e-02 7.272033974792323219e-02 4.360136780578007659e-02 3.622516267674184831e-02 3.036386927618942022e-02 4.240153584504256778e-02 8.464623388639938573e-02 8.639011018126097063e-02
1.309657022025496054e-01 3.835557199279401169e-02 7.272033974792323219e-02 1.123525165947761445e-01 6.736366889829134563e-02 5.588796557660090369e-02 4.663400520247753395e-02 6.465485000633958146e-02 1.281126616225113091e-01 1.281703229960506063e-01
7.865439911461652445e-02 2.302193067230920431e-02 4.360136780578007659e-02 6.736366889829134563e-02 4.042774452942869690e-02 3.359228722764728836e-02 2.811244459566390741e-02 3.913911075546850499e-02 7.780336657422111390e-02 7.749942667389475570e-02
6.642045387661180134e-02 1.930953163344886758e-02 3.622516267674184831e-02 5.588796557660090369e-02 3.359228722764728836e-02 2.803293960780214866e-02 2.367061509794602531e-02 3.338382559329233779e-02 6.706119553870196204e-02 6.646957156224660157e-02
5.829988036415627295e-02 1.662935914849763760e-02 3.036386927618942022e-02 4.663400520247753395e-02 2.811244459566390741e-02 2.367061509794602531e-02 2.045995007463707535e-02 2.982350886762942868e-02 6.149588377252986765e-02 6.045062922569742481e-02
8.711401623527309512e-02 2.418736558684345117e-02 4.240153584504256778e-02 6.465485000633958146e-02 3.913911075546850499e-02 3.338382559329233779e-02 2.982350886762942868e-02 4.568444740722110708e-02 9.775847207718776910e-02 9.493712746922645940e-02
1.853510009229411837e-01 5.021347610590395916e-02 8.464623388639938573e-02 1.281126616225113091e-01 7.780336657422111390e-02 6.706119553870196204e-02 6.149588377252986765e-02 9.775847207718776910e-02 2.173641810568756050e-01 2.100994209541104663e-01
2.188249983297085033e-01 5.599413131417328021e-02 8.639011018126097063e-02 1.281703229960506063e-01 7.749942667389475570e-02 6.646957156224660157e-02 6.045062922569742481e-02 9.493712746922645940e-02 2.100994209541104663e-01 2.395536126475797667e-01
5.943321620389212245e-02 9.985287709767212694e-02 7.099649686875526833e-02 7.226906999053195335e-02 4.149446703572307743e-02 3.181907184504326191e-02 4.985873452323498489e-02 4.269164549123817542e-02 9.101863780398615489e-02 9.748610794479285746e-02
9.985287709767212694e-02 2.028105808354517536e-01 1.449847496074612441e-01 1.449116677661115293e-01 7.939381221966414215e-02 5.501526217141736869e-02 7.823321666770827187e-02 6.038865797227153942e-02 1.190497690431892713e-01 1.306305770342257866e-01
7.099649686875526833e-02 1.449847496074612441e-01 1.069186249706813863e-01 1.085820420583298862e-01 5.942965769167801726e-02 4.087874265025877307e-02 5.760268093676661205e-02 4.370755526727781309e-02 8.484668431241590425e-02 9.224795223571446989e-02
7.226906999053195335e-02 1.449116677661115293e-01 1.085820420583298862e-01 1.126722057654439418e-01 6.202868786698134684e-02 4.301265124466339268e-02 6.104671747302335694e-02 4.641668577053052747e-02 9.016431900478816264e-02 9.676926546881448044e-02
4.149446703572307743e-02 7.939381221966414215e-02 5.942965769167801726e-02 6.202868786698134684e-02 3.470652678835680488e-02 2.478864240797871640e-02 3.620086613753453059e-02 2.828218977868345030e-02 5.613282847982781903e-02 5.948963064684848617e-02
3.181907184504326191e-02 5.501526217141736869e-02 4.087874265025877307e-02 4.301265124466339268e-02 2.478864240797871640e-02 1.888567488273760683e-02 2.921856849197534620e-02 2.405546429595904062e-02 4.964948692406685737e-02 5.165897763488673522e-02
4.985873452323498489e-02 7.823321666770827187e-02 5.760268093676661205e-02 6.104671747302335694e-02 3.620086613753453059e-02 2.921856849197534620e-02 4.753445049130003430e-02 4.080769759327258078e-02 8.670719522563397064e-02 8.915819183202389198e-02
4.269164549123817542e-02 6.038865797227153942e-02 4.370755526727781309e-02 4.641668577053052747e-02 2.828218977868345030e-02 2.405546429595904062e-02 4.080769759327258078e-02 3.692156719857825342e-02 8.120250697789849204e-02 8.313166877816749456e-02
9.101863780398615489e-02 1.190497690431892713e-01 8.484668431241590425e-02 9.016431900478816264e-02 5.613282847982781903e-02 4.964948692406685737e-02 8.670719522563397064e-02 8.120250697789849204e-02 1.831801291191987313e-01 1.872533238130064670e-01
9.748610794479285746e-02 1.306305770342257866e-01 9.224795223571446989e-02 9.676926546881448044e-02 5.948963064684848617e-02 5.165897763488673522e-02 8.915819183202389198e-02 8.313166877816749456e-02 1.872533238130064670e-01 1.969370237443593685e-01
1.844097810582668792e-02 3.176756839788659470e-02 6.040057902404394330e-02 8.001296764112605930e-02 5.727711787301355273e-02 2.592399980156873118e-02 1.104921281182260837e-02 5.615396112407050611e-03 2.517806135986557121e-03 7.112132214957495556e-03
3.176756839788659470e-02 5.490559812294378700e-02 1.049332566553961982e-01 1.390694702162614260e-01 9.813856700123066434e-02 4.445854268198203701e-02 1.897475706792034131e-02 9.651731636254098218e-03 4.330939241867313300e-03 1.224205632054815168e-02
6.040057902404394330e-02 1.049332566553961982e-01 2.048042375289277905e-01 2.775873631179746059e-01 1.869655653075200097e-01 8.435641829760402721e-02 3.599894517989573467e-02 1.831363572866376299e-02 8.220784197874007188e-03 2.325084558575012117e-02
8.001296764112605930e-02 1.390694702162614260e-01 2.775873631179746059e-01 4.825011008908312027e-01 2.711126874563274392e-01 1.165106045180001881e-01 4.875966097491400697e-02 2.455541913808564902e-02 1.095128639377322514e-02 3.085367680074905389e-02
5.727711787301355273e-02 9.813856700123066434e-02 1.869655653075200097e-01 2.711126874563274392e-01 1.905539333234489985e-01 8.355225164736582166e-02 3.508181891556565873e-02 1.768402415288392038e-02 7.881496431662719446e-03 2.216546259987483766e-02
2.592399980156873118e-02 4.445854268198203701e-02 8.435641829760402721e-02 1.165106045180001881e-01 8.355225164736582166e-02 3.730682260297553399e-02 1.575945403673002787e-02 7.968508562533843306e-03 3.558896560508981004e-03 1.002299477728878750e-02
1.104921281182260837e-02 1.897475706792034131e-02 3.599894517989573467e-02 4.875966097491400697e-02 3.508181891556565873e-02 1.575945403673002787e-02 6.682149784446936303e-03 3.385233181810788292e-03 1.514045916423690727e-03 4.268475110591620804e-03
5.615396112407050611e-03 9.651731636254098218e-03 1.831363572866376299e-02 2.455541913808564902e-02 1.768402415288392038e-02 7.968508562533843306e-03 3.385233181810788292e-03 1.716964329869261974e-03 7.685716884449744334e-04 2.168193244507837705e-03
2.517806135986557121e-03 4.330939241867313300e-03 8.220784197874007188e-03 1.095128639377322514e-02 7.881496431662719446e-03 3.558896560508981004e-03 1.514045916423690727e-03 7.685716884449744334e-04 3.442764569766289229e-04 9.717414723585365410e-04
7.112132214957495556e-03 1.224205632054815168e-02 2.325084558575012117e-02 3.085367680074905389e-02 2.216546259987483766e-02 1.002299477728878750e-02 4.268475110591620804e-03 2.168193244507837705e-03 9.717414723585365410e-04 2.743938853753433854e-03
2.709671555345776750e-01 1.800111095581576337e-01 1.027750753626937852e-01 6.296526015834146006e-02 5.602638905305475092e-02 7.642574538731398970e-02 1.134291964845167977e-01 5.609951577372866011e-02 6.988480863832310930e-02 1.623398091758833095e-01
1.800111095581576337e-01 1.273367061088646890e-01 7.625947113239807396e-02 4.936395684249116067e-02 4.642041604954218886e-02 6.510070958112741668e-02 9.701351232635836708e-02 4.565468128585825625e-02 5.064365335808747315e-02 1.103614772493496377e-01
1.027750753626937852e-01 7.625947113239807396e-02 5.052655763726007776e-02 3.633784550828719762e-02 3.744794081048211792e-02 5.476934579519140978e-02 8.225165748441179425e-02 3.647219966972707617e-02 3.419885955340142003e-02 6.647145478837934718e-02
6.296526015834146006e-02 4.936395684249116067e-02 3.633784550828719762e-02 2.946832899832672187e-02 3.309385341781857781e-02 5.012636583127205031e-02 7.579561699952684639e-02 3.217812892590453389e-02 2.592857988192283358e-02 4.398682933967482112e-02
5.602638905305475092e-02 4.642041604954218886e-02 3.744794081048211792e-02 3.309385341781857781e-02 3.942466683586403481e-02 6.104168150291419681e-02 9.271495047495001418e-02 3.841259046267915533e-02 2.801553317484919634e-02 4.237718297980649224e-02
7.642574538731398970e-02 6.510070958112741668e-02 5.476934579519140978e-02 5.012636583127205031e-02 6.104168150291419681e-02 9.539105237422645933e-02 1.451878759239996763e-01 5.964315340022768863e-02 4.188165732047493400e-02 6.021577050647970025e-02
1.134291964845167977e-01 9.701351232635836708e-02 8.225165748441179425e-02 7.579561699952684639e-02 9.271495047495001418e-02 1.451878759239996763e-01 2.212578605548769506e-01 9.076359683057735883e-02 6.331300508134035665e-02 9.016719833013711605e-02
5.609951577372866011e-02 4.565468128585825625e-02 3.647219966972707617e-02 3.217812892590453389e-02 3.841259046267915533e-02 5.964315340022768863e-02 9.076359683057735883e-02 3.773199865101489747e-02 2.779060002103253893e-02 4.245899697101303272e-02
6.988480863832310930e-02 5.064365335808747315e-02 3.419885955340142003e-02 2.592857988192283358e-02 2.801553317484919634e-02 4.188165732047493400e-02 6.331300508134035665e-02 2.779060002103253893e-02 2.515778515456263548e-02 4.716181450694157534e-02
1.623398091758833095e-01 1.103614772493496377e-01 6.647145478837934718e-02 4.398682933967482112e-02 4.237718297980649224e-02 6.021577050647970025e-02 9.016719833013711605e-02 4.245899697101303272e-02 4.716181450694157534e-02 1.027378881504261432e-01
6.046402132863235024e-02 4.516614199336931035e-02 7.146196566378962278e-02 1.098285324808459529e-01 4.625127502019903830e-02 3.119823939566856302e-02 1.680057354109423806e-02 4.516926218065783066e-02 2.839724478638493838e-02 5.708183199870152380e-02
4.516614199336931035e-02 3.378857084376270248e-02 5.348729725027545623e-02 8.220723953967662423e-02 3.458488817013133376e-02 2.316829299444951584e-02 1.190216136677236733e-02 2.993773501648887975e-02 2.042715956588191800e-02 4.243547776075329292e-02
7.146196566378962278e-02 5.348729725027545623e-02 8.468662862788535473e-02 1.301619433618670940e-01 5.474190257285906080e-02 3.658824774823734444e-02 1.849595583686700767e-02 4.539336821778083148e-02 3.191104658075617079e-02 6.703347486168939606e-02
1.098285324808459529e-01 8.220723953967662423e-02 1.301619433618670940e-01 2.000596745782168839e-01 8.413938180151814272e-02 5.623909036503640935e-02 2.843538013425615102e-02 6.981064043433063415e-02 4.904919858616645090e-02 1.030176068135091327e-01
4.625127502019903830e-02 3.458488817013133376e-02 5.474190257285906080e-02 8.413938180151814272e-02 3.542536683594312008e-02 2.384786985401020701e-02 1.264954820496962465e-02 3.332282309143672072e-02 2.145125020716038763e-02 4.356468228248432106e-02
3.119823939566856302e-02 2.316829299444951584e-02 3.658824774823734444e-02 5.623909036503640935e-02 2.384786985401020701e-02 1.683505962008666895e-02 1.163846485163585846e-02 4.055519505129057817e-02 1.813437627629410631e-02 3.022503335200228333e-02
1.680057354109423806e-02 1.190216136677236733e-02 1.849595583686700767e-02 2.843538013425615102e-02 1.264954820496962465e-02 1.163846485163585846e-02 1.731610119328343828e-02 8.634346636817769038e-02 2.282489745428992883e-02 1.926527329554656234e-02
4.516926218065783066e-02 2.993773501648887975e-02 4.539336821778083148e-02 6.981064043433063415e-02 3.332282309143672072e-02 4.055519505129057817e-02 8.634346636817769038e-02 4.653198125659495643e-01 1.084691070378659972e-01 6.254343330322137406e-02
2.839724478638493838e-02 2.042715956588191800e-02 3.191104658075617079e-02 4.904919858616645090e-02 2.145125020716038763e-02 1.813437627629410631e-02 2.282489745428992883e-02 1.084691070378659972e-01 3.115243847197202154e-02 3.091470737414383010e-02
5.708183199870152380e-02 4.243547776075329292e-02 6.703347486168939606e-02 1.030176068135091327e-01 4.356468228248432106e-02 3.022503335200228333e-02 1.926527329554656234e-02 6.254343330322137406e-02 3.091470737414383010e-02 5.495232593426798567e-02
1.616045716745065364e-01 8.787279510297871243e-02 4.910175178884196995e-02 1.463784285052513179e-01 6.609080017346473379e-02 4.610450880502695720e-02 7.383663407421424407e-02 1.379363516218712893e-01 1.168285023184711530e-01 6.721778483639559432e-02
8.787279510297871243e-02 4.958457691736797152e-02 3.050127895001608982e-02 9.588168282070383408e-02 4.233397504730905536e-02 2.729620541253122840e-02 4.045449202124688087e-02 7.350555447296180933e-02 6.206706041954758446e-02 3.620659595586979418e-02
4.910175178884196995e-02 3.050127895001608982e-02 2.396439391527131063e-02 8.370054637751785098e-02 3.557970677883691424e-02 1.964999292048382612e-02 2.393053165981268160e-02 3.989466792273262119e-02 3.313923682213856109e-02 1.986464879196334424e-02
1.463784285052513179e-01 9.588168282070383408e-02 8.370054637751785098e-02 3.032470242664439541e-01 1.272927993497794674e-01 6.634534280464780831e-02 7.352702308457809144e-02 1.164779924619861462e-01 9.578914330151527823e-02 5.850171391992049774e-02
6.609080017346473379e-02 4.233397504730905536e-02 3.557970677883691424e-02 1.272927993497794674e-01 5.402872822505254413e-02 2.937996406839316066e-02 3.486725026367329394e-02 5.723436184406552329e-02 4.679570171418757918e-02 2.726836604424866944e-02
4.610450880502695720e-02 2.729620541253122840e-02 1.964999292048382612e-02 6.634534280464780831e-02 2.937996406839316066e-02 1.896321635102552611e-02 2.794354174330266477e-02 5.029481381908817994e-02 4.059811673637764989e-02 2.093829323441884563e-02
7.383663407421424407e-02 4.045449202124688087e-02 2.393053165981268160e-02 7.352702308457809144e-02 3.486725026367329394e-02 2.794354174330266477e-02 4.993006537729330341e-02 9.562458029562351247e-02 7.659547004488648225e-02 3.632050975708062124e-02
1.379363516218712893e-01 7.350555447296180933e-02 3.989466792273262119e-02 1.164779924619861462e-01 5.723436184406552329e-02 5.029481381908817994e-02 9.562458029562351247e-02 1.871050794646717530e-01 1.497253650241248124e-01 6.944581545947048351e-02
1.168285023184711530e-01 6.206706041954758446e-02 3.313923682213856109e-02 9.578914330151527823e-02 4.679570171418757918e-02 4.059811673637764989e-02 7.659547004488648225e-02 1.497253650241248124e-01 1.214098756165082199e-01 5.752690116771630446e-02
6.721778483639559432e-02 3.620659595586979418e-02 1.986464879196334424e-02 5.850171391992049774e-02 2.726836604424866944e-02 2.093829323441884563e-02 3.632050975708062124e-02 6.944581545947048351e-02 5.752690116771630446e-02 3.016246819185873160e-02
1.114892325185509458e-01 5.267446510614227223e-02 2.234020472619652198e-02 9.825294593108532815e-03 8.141005239397570981e-03 2.059106291072331299e-02 6.873977711832927884e-02 1.096279434592949825e-01 9.666678655684281252e-02 1.874549056078680664e-01
5.267446510614227223e-02 2.524647338270536931e-02 1.083052157536237153e-02 4.862056693678708241e-03 4.206385412056307463e-03 1.090381212281545976e-02 3.678846713501521259e-02 5.904890347901294717e-02 4.799771587185325261e-02 8.775789250567267441e-02
2.234020472619652198e-02 1.083052157536237153e-02 4.702484438303403819e-03 2.155698697181422999e-03 1.943525853502506935e-03 5.149677607305003235e-03 1.753376221865394699e-02 2.830326230570464480e-02 2.143138281281404406e-02 3.697866792464483965e-02
9.825294593108532815e-03 4.862056693678708241e-03 2.155698697181422999e-03 1.024861305514955306e-03 9.871806591725664024e-04 2.701936458948968073e-03 9.319987393689339872e-03 1.516196795933101062e-02 1.031758438934347183e-02 1.606791789298261594e-02
8.141005239397570981e-03 4.206385412056307463e-03 1.943525853502506935e-03 9.871806591725664024e-04 1.056458651425859572e-03 3.026515926659812707e-03 1.062207241568679031e-02 1.745168002627329323e-02 1.015016436192724830e-02 1.295544106670061188e-02
2.059106291072331299e-02 1.090381212281545976e-02 5.149677607305003235e-03 2.701936458948968073e-03 3.026515926659812707e-03 8.826327738854526303e-03 3.117953649404260966e-02 5.140212924166416564e-02 2.804045088375051176e-02 3.222628238613370333e-02
6.873977711832927884e-02 3.678846713501521259e-02 1.753376221865394699e-02 9.319987393689339872e-03 1.062207241568679031e-02 3.117953649404260966e-02 1.104302718438315706e-01 1.822882679635168812e-01 9.705451805968534629e-02 1.067672358732852794e-01
1.096279434592949825e-01 5.904890347901294717e-02 2.830326230570464480e-02 1.516196795933101062e-02 1.745168002627329323e-02 5.140212924166416564e-02 1.822882679635168812e-01 3.045282548660970812e-01 1.594900612165400244e-01 1.698140085143439171e-01
9.666678655684281252e-02 4.799771587185325261e-02 2.143138281281404406e-02 1.031758438934347183e-02 1.015016436192724830e-02 2.804045088375051176e-02 9.705451805968534629e-02 1.594900612165400244e-01 1.081275180611485781e-01 1.602337184566179906e-01
1.874549056078680664e-01 8.775789250567267441e-02 3.697866792464483965e-02 1.606791789298261594e-02 1.295544106670061188e-02 3.222628238613370333e-02 1.067672358732852794e-01 1.698140085143439171e-01 1.602337184566179906e-01 3.245681171935675957e-01
2.490352254008625088e-01 2.088830461199212563e-01 1.956663693344446731e-01 1.511958815428965375e-01 7.111667212308211972e-02 4.018697299033514858e-02 3.685329878898239986e-02 5.571103537341787204e-02 4.351548783024170031e-02 9.475541279158353203e-02
2.088830461199212563e-01 1.987622146880899110e-01 2.071222354549805134e-01 1.547794635304998168e-01 7.021623579857831643e-02 3.821401460876303752e-02 3.377421852759108362e-02 4.997054925689903976e-02 3.805445179892231328e-02 8.071378972408513319e-02
1.956663693344446731e-01 2.071222354549805134e-01 2.839639518222586423e-01 2.082386019971435576e-01 8.969072972431635371e-02 4.597281749211307167e-02 3.810810175220746832e-02 5.415565489070516686e-02 3.915707863470307970e-02 7.847704576426223211e-02
1.511958815428965375e-01 1.547794635304998168e-01 2.082386019971435576e-01 1.643049939061207720e-01 7.089595770480477954e-02 3.624032802703165690e-02 2.994087198989390033e-02 4.245100748644105998e-02 3.055759707173257705e-02 6.094055800235696763e-02
7.111667212308211972e-02 7.021623579857831643e-02 8.969072972431635371e-02 7.089595770480477954e-02 3.108662429072701558e-02 1.611502606376698926e-02 1.351258195577070831e-02 1.933864031654012119e-02 1.407699869580244373e-02 2.843315780458124942e-02
4.018697299033514858e-02 3.821401460876303752e-02 4.597281749211307167e-02 3.624032802703165690e-02 1.611502606376698926e-02 8.506651754680214644e-03 7.267783921027816396e-03 1.052210612487228421e-02 7.763494075755467128e-03 1.591699536083883773e-02
3.685329878898239986e-02 3.377421852759108362e-02 3.810810175220746832e-02 2.994087198989390033e-02 1.351258195577070831e-02 7.267783921027816396e-03 6.337284999041733341e-03 9.287995676533680051e-03 6.949439972701610194e-03 1.446325915851364927e-02
5.571103537341787204e-02 4.997054925689903976e-02 5.415565489070516686e-02 4.245100748644105998e-02 1.933864031654012119e-02 1.052210612487228421e-02 9.287995676533680051e-03 1.371719480128373754e-02 1.035303145151291251e-02 2.174420338610896439e-02
4.351548783024170031e-02 3.805445179892231328e-02 3.915707863470307970e-02 3.055759707173257705e-02 1.407699869580244373e-02 7.763494075755467128e-03 6.949439972701610194e-03 1.035303145151291251e-02 7.915422813504947516e-03 1.684705753902135741e-02
9.475541279158353203e-02 8.071378972408513319e-02 7.847704576426223211e-02 6.094055800235696763e-02 2.843315780458124942e-02 1.591699536083883773e-02 1.446325915851364927e-02 2.174420338610896439e-02 1.684705753902135741e-02 3.637043552343066644e-02
3.954982962024282123e-01 1.897302939870488536e-01 6.787362076889685847e-02 4.533632488323550980e-02 2.143318582552665441e-02 2.451699150215797679e-02 3.082125165307715922e-02 1.163671152070620968e-01 1.941027633742268832e-01 2.007176281051833988e-01
1.897302939870488536e-01 9.948747629818427418e-02 3.707608853752272088e-02 2.586579918002016032e-02 1.256272691853123347e-02 1.474578946144048525e-02 1.883707937011826206e-02 7.162230818053438863e-02 1.192706020246314669e-01 1.101556791771087229e-01
6.787362076889685847e-02 3.707608853752272088e-02 1.443548194843598080e-02 1.051115123393062817e-02 5.232899563031452247e-03 6.281636440072017186e-03 8.134551914223775090e-03 3.111706383898199882e-02 5.187792194063761686e-02 4.422913643905994341e-02
4.533632488323550980e-02 2.586579918002016032e-02 1.051115123393062817e-02 7.984128604593280013e-03 4.066710432955298639e-03 4.979716736863287752e-03 6.524587516350821570e-03 2.508732657280524081e-02 4.187126398252137560e-02 3.329028845931348429e-02
2.143318582552665441e-02 1.256272691853123347e-02 5.232899563031452247e-03 4.066710432955298639e-03 2.097854757029659570e-03 2.596542384611700421e-03 3.423350451946559955e-03 1.319896657741489662e-02 2.204550472431434510e-02 1.690182222284838595e-02
2.451699150215797679e-02 1.474578946144048525e-02 6.281636440072017186e-03 4.979716736863287752e-03 2.596542384611700421e-03 3.242817352199691989e-03 4.297595202371563491e-03 1.660715775591901575e-02 2.775461462050370087e-02 2.064188918012249685e-02
3.082125165307715922e-02 1.883707937011826206e-02 8.134551914223775090e-03 6.524587516350821570e-03 3.423350451946559955e-03 4.297595202371563491e-03 5.713055353755285351e-03 2.210697335981565842e-02 3.696046391278783733e-02 2.701210877363275503e-02
1.163671152070620968e-01 7.162230818053438863e-02 3.111706383898199882e-02 2.508732657280524081e-02 1.319896657741489662e-02 1.660715775591901575e-02 2.210697335981565842e-02 8.560044537245609098e-02 1.431447897052459672e-01 1.038191350167425864e-01
1.941027633742268832e-01 1.192706020246314669e-01 5.187792194063761686e-02 4.187126398252137560e-02 2.204550472431434510e-02 2.775461462050370087e-02 3.696046391278783733e-02 1.431447897052459672e-01 2.404777240878025191e-01 1.742761105289487578e-01
2.007176281051833988e-01 1.101556791771087229e-01 4.422913643905994341e-02 3.329028845931348429e-02 1.690182222284838595e-02 2.064188918012249685e-02 2.701210877363275503e-02 1.038191350167425864e-01 1.742761105289487578e-01 1.454627200231152218e-01
1.292022907860859715e-01 8.674487163331502659e-02 7.935066635484254449e-02 7.243257719552192997e-02 3.007777541387847420e-02 3.509485069611169294e-02 5.774238401481095878e-02 1.228700979851484465e-01 7.582026513768172493e-02 1.912752118178501215e-01
8.674487163331502659e-02 6.445853357886702217e-02 6.303351594390313450e-02 5.896473181922109313e-02 2.467736227024336718e-02 2.912282916518886891e-02 4.814168560853467060e-02 1.020574524967607366e-01 5.473381927384197987e-02 1.217227015549525726e-01
7.935066635484254449e-02 6.303351594390313450e-02 6.529062802292109891e-02 6.233116300615687555e-02 2.630591844070596236e-02 3.146247868662687547e-02 5.238726246820595012e-02 1.111066633485681548e-01 5.397655932270942897e-02 1.073971430455278320e-01
7.243257719552192997e-02 5.896473181922109313e-02 6.233116300615687555e-02 6.025162102578136836e-02 2.559348736973965713e-02 3.094422350554959858e-02 5.186647282680000026e-02 1.102842103598951351e-01 5.139915068909961526e-02 9.691036070922497137e-02
3.007777541387847420e-02 2.467736227024336718e-02 2.630591844070596236e-02 2.559348736973965713e-02 1.097674330448424572e-02 1.348823125456472677e-02 2.284442614688775297e-02 4.884460547087340898e-02 2.216909130660911498e-02 4.029875199965018973e-02
3.509485069611169294e-02 2.912282916518886891e-02 3.146247868662687547e-02 3.094422350554959858e-02 1.348823125456472677e-02 1.703996023406546129e-02 2.936533161991582153e-02 6.337173452928049344e-02 2.761948741068501537e-02 4.726058842895979745e-02
5.774238401481095878e-02 4.814168560853467060e-02 5.238726246820595012e-02 5.186647282680000026e-02 2.284442614688775297e-02 2.936533161991582153e-02 5.121012617856783578e-02 1.112354671750368923e-01 4.739962733550934226e-02 7.824377396968465459e-02
1.228700979851484465e-01 1.020574524967607366e-01 1.111066633485681548e-01 1.102842103598951351e-01 4.884460547087340898e-02 6.337173452928049344e-02 1.112354671750368923e-01 2.431183601174476960e-01 1.028610657498254394e-01 1.679838195908439635e-01
7.582026513768172493e-02 5.473381927384197987e-02 5.397655932270942897e-02 5.139915068909961526e-02 2.216909130660911498e-02 2.761948741068501537e-02 4.739962733550934226e-02 1.028610657498254394e-01 5.321670648040939533e-02 1.131472087661909987e-01
1.912752118178501215e-01 1.217227015549525726e-01 1.073971430455278320e-01 9.691036070922497137e-02 4.029875199965018973e-02 4.726058842895979745e-02 7.824377396968465459e-02 1.679838195908439635e-01 1.131472087661909987e-01 3.052350302713699448e-01
9.703656462815463124e-02 9.261312780430476510e-02 1.356307452333285757e-01 5.785779982850676462e-02 9.317412580812267642e-02 9.220225682937942258e-02 5.544823343753413347e-02 3.662369182587765781e-02 5.268879873822728682e-02 1.064634839821962942e-01
9.261312780430476510e-02 1.062378830049013345e-01 1.759762600692630907e-01 6.551702912817120028e-02 8.818631181001512775e-02 8.314593358923474953e-02 4.942388188265232907e-02 3.243941661218637668e-02 4.655709320107818266e-02 9.454731476149537406e-02
1.356307452333285757e-01 1.759762600692630907e-01 3.248097312903374112e-01 1.117957660289691235e-01 1.320857602216059801e-01 1.190766006407898703e-01 6.978478589456732495e-02 4.524258144438257634e-02 6.431838309884271854e-02 1.307170007117320620e-01
5.785779982850676462e-02 6.551702912817120028e-02 1.117957660289691235e-01 4.360806967064016076e-02 6.234064841242206029e-02 5.891523476772514423e-02 3.454463286985171716e-02 2.201061659482000249e-02 3.047288807667449667e-02 6.053955095273635956e-02
9.317412580812267642e-02 8.818631181001512775e-02 1.320857602216059801e-01 6.234064841242206029e-02 1.115240992589470181e-01 1.099892859626909192e-01 6.450534122190151876e-02 4.047007040456448296e-02 5.467657896543674789e-02 1.062781647628203568e-01
9.220225682937942258e-02 8.314593358923474953e-02 1.190766006407898703e-01 5.891523476772514423e-02 1.099892859626909192e-01 1.103230961981983976e-01 6.490003657715467944e-02 4.078304640160160255e-02 5.514203468077322895e-02 1.070557097692594883e-01
5.544823343753413347e-02 4.942388188265232907e-02 6.978478589456732495e-02 3.454463286985171716e-02 6.450534122190151876e-02 6.490003657715467944e-02 3.836706121297261962e-02 2.427153188306608450e-02 3.307340686954134829e-02 6.448195263334591254e-02
3.662369182587765781e-02 3.243941661218637668e-02 4.524258144438257634e-02 2.201061659482000249e-02 4.047007040456448296e-02 4.078304640160160255e-02 2.427153188306608450e-02 1.557093435828281990e-02 2.157077672723815148e-02 4.245585178605620902e-02
5.268879873822728682e-02 4.655709320107818266e-02 6.431838309884271854e-02 3.047288807667449667e-02 5.467657896543674789e-02 5.514203468077322895e-02 3.307340686954134829e-02 2.157077672723815148e-02 3.050346565820441502e-02 6.074608909853132510e-02
1.064634839821962942e-01 9.454731476149537406e-02 1.307170007117320620e-01 6.053955095273635956e-02 1.062781647628203568e-01 1.070557097692594883e-01 6.448195263334591254e-02 4.245585178605620902e-02 6.074608909853132510e-02 1.220190947193612874e-01
1.355497545584406494e-01 1.491679107768145995e-01 8.634660345130996950e-02 6.615101662937024340e-02 9.368218874490921722e-02 8.677318233327513397e-02 7.366233567286811779e-02 1.022009781438890930e-01 9.899118329851377962e-02 8.317778349748482236e-02
1.491679107768145995e-01 1.678342562465056642e-01 9.717088680894347963e-02 7.394976567039641957e-02 1.038476226829515431e-01 9.491922274682408622e-02 7.891562124487297436e-02 1.076687860451764900e-01 1.045937564435989314e-01 8.979310587068897731e-02
8.634660345130996950e-02 9.717088680894347963e-02 5.809813862593349310e-02 4.662185351638306607e-02 6.824189984903018813e-02 6.301526161605930376e-02 5.180714744904339059e-02 6.929013663923844213e-02 6.514851362140325342e-02 5.351487210177358761e-02
6.615101662937024340e-02 7.394976567039641957e-02 4.662185351638306607e-02 4.179034010215965100e-02 6.605019697152507419e-02 6.232248010789940423e-02 5.071330247529491630e-02 6.607696575683041917e-02 5.868831587410754114e-02 4.396280439277396035e-02
9.368218874490921722e-02 1.038476226829515431e-01 6.824189984903018813e-02 6.605019697152507419e-02 1.103852545473015950e-01 1.058312350763309373e-01 8.590043627502011447e-02 1.105147262279401604e-01 9.467340028890343373e-02 6.618028788609081614e-02
8.677318233327513397e-02 9.491922274682408622e-02 6.301526161605930376e-02 6.232248010789940423e-02 1.058312350763309373e-01 1.040862830569946468e-01 8.608160478125993775e-02 1.120272577263546759e-01 9.486934726552777308e-02 6.380985255949683799e-02
7.366233567286811779e-02 7.891562124487297436e-02 5.180714744904339059e-02 5.071330247529491630e-02 8.590043627502011447e-02 8.608160478125993775e-02 7.476020994671406239e-02 1.009429686873087317e-01 8.570525055164500416e-02 5.606658575860093419e-02
1.022009781438890930e-01 1.076687860451764900e-01 6.929013663923844213e-02 6.607696575683041917e-02 1.105147262279401604e-01 1.120272577263546759e-01 1.009429686873087317e-01 1.423932960046666585e-01 1.221914954461546382e-01 7.909420378738390989e-02
9.899118329851377962e-02 1.045937564435989314e-01 6.514851362140325342e-02 5.868831587410754114e-02 9.467340028890343373e-02 9.486934726552777308e-02 8.570525055164500416e-02 1.221914954461546382e-01 1.091837794093731273e-01 7.365848036685480882e-02
8.317778349748482236e-02 8.979310587068897731e-02 5.351487210177358761e-02 4.396280439277396035e-02 6.618028788609081614e-02 6.380985255949683799e-02 5.606658575860093419e-02 7.909420378738390989e-02 7.365848036685480882e-02 5.591868750191054255e-02
