2.502297123731250794e-01 2.015734152249527567e-01 1.225872070885787035e-01 5.684899473330899677e-02 -4.084430449155398643e-03 -4.310038789285866589e-02 -5.649822617899964705e-02 -4.147030268091328464e-02 2.015521674172718672e-03 6.015044785871689892e-02 1.193251066900670315e-01 1.939362701675466094e-01
2.015734152249527567e-01 2.783611849997994492e-01 2.003887199661868179e-01 1.222822688749608117e-01 5.838222370448185178e-02 3.126429667479156812e-04 -4.121735621369392033e-02 -5.510630475839101150e-02 -4.109890413584683239e-02 9.488135271919955274e-05 5.880236485067237562e-02 1.241526060355497285e-01
1.225872070885787035e-01 2.003887199661868179e-01 2.460485546017892600e-01 1.917717357272905876e-01 1.211425180399371970e-01 6.096029677592891549e-02 5.706433604754766568e-03 -3.893170184537750322e-02 -5.429819418904663353e-02 -4.384523524154320534e-02 -2.764450513692094831e-03 5.799492664240078754e-02
5.684899473330899677e-02 1.222822688749608117e-01 1.917717357272905876e-01 2.429192949517385847e-01 1.924067922255862095e-01 1.216711980609748306e-01 6.425373223396740885e-02 2.988372114732780558e-03 -4.182521995733567977e-02 -5.899780797067490090e-02 -4.589319378344415556e-02 -4.892696333050299343e-03
-4.084430449155398643e-03 5.838222370448185178e-02 1.211425180399371970e-01 1.924067922255862095e-01 2.445188633018915147e-01 1.901558838591122236e-01 1.248002134110431649e-01 6.139741840410423146e-02 -9.726447985643248487e-04 -4.684831387939007719e-02 -5.951258706052924008e-02 -4.708001476279140285e-02
-4.310038789285866589e-02 3.126429667479156812e-04 6.096029677592891549e-02 1.216711980609748306e-01 1.901558838591122236e-01 2.343935733412005895e-01 1.931356229770111177e-01 1.209773488638207911e-01 5.627265445990285719e-02 -5.727268467981299314e-03 -4.538931224713396023e-02 -5.803867026880323021e-02
-5.649822617899964705e-02 -4.121735621369392033e-02 5.706433604754766568e-03 6.425373223396740885e-02 1.248002134110431649e-01 1.931356229770111177e-01 2.566864180535387563e-01 1.983878099160301944e-01 1.215191229237253395e-01 5.689440393902880228e-02 -3.900081434906325049e-03 -4.482265249912511379e-02
-4.147030268091328464e-02 -5.510630475839101150e-02 -3.893170184537750322e-02 2.988372114732780558e-03 6.139741840410423146e-02 1.209773488638207911e-01 1.983878099160301944e-01 2.594095546656636775e-01 1.976231450700101921e-01 1.240551749984507013e-01 5.922971353911341691e-02 4.588452315641249057e-04
2.015521674172718672e-03 -4.109890413584683239e-02 -5.429819418904663353e-02 -4.182521995733567977e-02 -9.726447985643248487e-04 5.627265445990285719e-02 1.215191229237253395e-01 1.976231450700101921e-01 2.520508133773010639e-01 1.989077253342274587e-01 1.216130922855467866e-01 6.090311369560801741e-02
6.015044785871689892e-02 9.488135271919955274e-05 -4.384523524154320534e-02 -5.899780797067490090e-02 -4.684831387939007719e-02 -5.727268467981299314e-03 5.689440393902880228e-02 1.240551749984507013e-01 1.989077253342274587e-01 2.629048737748328479e-01 1.928954396426401097e-01 1.223365985779637927e-01
1.193251066900670315e-01 5.880236485067237562e-02 -2.764450513692094831e-03 -4.589319378344415556e-02 -5.951258706052924008e-02 -4.538931224713396023e-02 -3.900081434906325049e-03 5.922971353911341691e-02 1.216130922855467866e-01 1.928954396426401097e-01 2.286642879273240170e-01 1.871683106981101297e-01
1.939362701675466094e-01 1.241526060355497285e-01 5.799492664240078754e-02 -4.892696333050299343e-03 -4.708001476279140285e-02 -5.803867026880323021e-02 -4.482265249912511379e-02 4.588452315641249057e-04 6.090311369560801741e-02 1.223365985779637927e-01 1.871683106981101297e-01 2.438128686317907745e-01
2.678556039422512747e-01 1.984319605471914494e-01 1.203711841505295671e-01 5.741703364030624479e-02 -2.215114994729234545e-03 -4.372184628192814920e-02 -5.682262316518651990e-02 -4.121800943409199142e-02 1.381898662710791302e-03 6.086164080706978063e-02 1.248660958816874417e-01 2.002329993065591895e-01
1.984319605471914494e-01 2.475548102681843221e-01 1.905591258731035020e-01 1.226149151822481104e-01 5.940890744593957384e-02 2.390948576231535522e-03 -4.189592245945873705e-02 -5.479870264814123287e-02 -4.267944599057162808e-02 -5.292926057296788722e-04 6.002354919693076579e-02 1.229515040077323873e-01
1.203711841505295671e-01 1.905591258731035020e-01 2.384419088000227782e-01 1.971554157253519179e-01 1.208055680753985367e-01 6.178330482550478675e-02 -7.267734103634810997e-06 -4.205089085658940407e-02 -5.745727357076280822e-02 -4.395211793685659118e-02 -2.356319648828600170e-03 5.692617335476218843e-02
5.741703364030624479e-02 1.226149151822481104e-01 1.971554157253519179e-01 2.700902569864034874e-01 1.949358847862580624e-01 1.248535778231167626e-01 5.983347739231512780e-02 -1.964360080657793009e-03 -4.642605930427776834e-02 -5.964029750790515727e-02 -4.657643284410387108e-02 -4.557786723071536976e-03
-2.215114994729234545e-03 5.940890744593957384e-02 1.208055680753985367e-01 1.949358847862580624e-01 2.297703701696274803e-01 1.899272675208288075e-01 1.193482194518572514e-01 5.631486020911091045e-02 -2.697084396836954990e-03 -4.363553134708885589e-02 -5.662690009938313451e-02 -4.340631834965444358e-02
-4.372184628192814920e-02 2.390948576231535522e-03 6.178330482550478675e-02 1.248535778231167626e-01 1.899272675208288075e-01 2.525150884900489445e-01 1.974577652808023054e-01 1.216750349149779836e-01 5.936929084772384069e-02 -2.016224657632488017e-03 -4.363353128574065654e-02 -5.702078990531424252e-02
-5.682262316518651990e-02 -4.189592245945873705e-02 -7.267734103634810997e-06 5.983347739231512780e-02 1.193482194518572514e-01 1.974577652808023054e-01 2.587152939928371032e-01 1.970644100167378010e-01 1.253899563588522226e-01 6.082913870482595242e-02 1.337203728738737239e-03 -4.201504634066821620e-02
-4.121800943409199142e-02 -5.479870264814123287e-02 -4.205089085658940407e-02 -1.964360080657793009e-03 5.631486020911091045e-02 1.216750349149779836e-01 1.970644100167378010e-01 2.488680052447364011e-01 1.975612444763417963e-01 1.216337375816184674e-01 6.016088410747469362e-02 1.235182061096131226e-03
1.381898662710791302e-03 -4.267944599057162808e-02 -5.745727357076280822e-02 -4.642605930427776834e-02 -2.697084396836954990e-03 5.936929084772384069e-02 1.253899563588522226e-01 1.975612444763417963e-01 2.594159154797047728e-01 1.933109478100560052e-01 1.217157255496682244e-01 6.006679314885722543e-02
6.086164080706978063e-02 -5.292926057296788722e-04 -4.395211793685659118e-02 -5.964029750790515727e-02 -4.363553134708885589e-02 -2.016224657632488017e-03 6.082913870482595242e-02 1.216337375816184674e-01 1.933109478100560052e-01 2.336290653842274800e-01 1.881515246476423431e-01 1.204457237307663409e-01
1.248660958816874417e-01 6.002354919693076579e-02 -2.356319648828600170e-03 -4.657643284410387108e-02 -5.662690009938313451e-02 -4.363353128574065654e-02 1.337203728738737239e-03 6.016088410747469362e-02 1.217157255496682244e-01 1.881515246476423431e-01 2.415991404567754408e-01 1.937610714140519663e-01
2.002329993065591895e-01 1.229515040077323873e-01 5.692617335476218843e-02 -4.557786723071536976e-03 -4.340631834965444358e-02 -5.702078990531424252e-02 -4.201504634066821620e-02 1.235182061096131226e-03 6.006679314885722543e-02 1.204457237307663409e-01 1.937610714140519663e-01 2.515445407851829573e-01
2.622364971666606426e-01 1.973479300341979825e-01 1.235881919356436459e-01 5.556574782956802405e-02 -6.485340494933619290e-03 -4.706348483439087849e-02 -5.743210420767352886e-02 -4.181404415527451707e-02 1.747932326856784478e-03 6.097007442985478282e-02 1.227427515085313947e-01 1.957495899289122265e-01
1.973479300341979825e-01 2.467488841187078785e-01 1.973429961847241731e-01 1.190826797362060513e-01 5.529803542398686877e-02 -4.999685771521999306e-03 -4.440606120654482653e-02 -5.622467313351268980e-02 -4.093426698894034321e-02 1.526015866952907390e-03 6.041657253199284039e-02 1.220958353372659649e-01
1.235881919356436459e-01 1.973429961847241731e-01 2.657999470710746825e-01 1.971089525236458251e-01 1.230505080470431362e-01 5.839088060030830224e-02 -1.868871000071997777e-03 -4.407612357075706144e-02 -5.668298303044301545e-02 -4.310806324593565581e-02 -8.270739753235637750e-04 5.885209662776604705e-02
5.556574782956802405e-02 1.190826797362060513e-01 1.971089525236458251e-01 2.464727298813528533e-01 1.969234702393788394e-01 1.223657173027292711e-01 5.951792143958255926e-02 1.291097831607697149e-04 -4.214002240592626403e-02 -5.633400248487871464e-02 -4.436146221584946758e-02 -4.596578465492398569e-03
-6.485340494933619290e-03 5.529803542398686877e-02 1.230505080470431362e-01 1.969234702393788394e-01 2.611035374643410067e-01 1.969876521388370938e-01 1.221667822003889570e-01 5.986761567381332361e-02 -3.631172104897203122e-04 -4.280786543973558872e-02 -5.801232193410984367e-02 -4.678615754145878936e-02
-4.706348483439087849e-02 -4.999685771521999306e-03 5.839088060030830224e-02 1.223657173027292711e-01 1.969876521388370938e-01 2.461924220849540379e-01 1.913468513479663347e-01 1.218448129269058267e-01 5.994210533376168049e-02 1.543851082395041692e-03 -4.242526171912584798e-02 -5.783467934255533127e-02
-5.743210420767352886e-02 -4.440606120654482653e-02 -1.868871000071997777e-03 5.951792143958255926e-02 1.221667822003889570e-01 1.913468513479663347e-01 2.397429450367142834e-01 1.931035428916382246e-01 1.220378811234640315e-01 6.150884008794388347e-02 1.429518563111179929e-03 -4.145045663292033777e-02
-4.181404415527451707e-02 -5.622467313351268980e-02 -4.407612357075706144e-02 1.291097831607697149e-04 5.986761567381332361e-02 1.218448129269058267e-01 1.931035428916382246e-01 2.529018772720502684e-01 1.966325836005864414e-01 1.249282652114210718e-01 6.235020541387013837e-02 2.786977956647875010e-03
1.747932326856784478e-03 -4.093426698894034321e-02 -5.668298303044301545e-02 -4.214002240592626403e-02 -3.631172104897203122e-04 5.994210533376168049e-02 1.220378811234640315e-01 1.966325836005864414e-01 2.505595845411482947e-01 1.952704119258861781e-01 1.225750002057429955e-01 6.089556794715995924e-02
6.097007442985478282e-02 1.526015866952907390e-03 -4.310806324593565581e-02 -5.633400248487871464e-02 -4.280786543973558872e-02 1.543851082395041692e-03 6.150884008794388347e-02 1.249282652114210718e-01 1.952704119258861781e-01 2.477279183547101693e-01 1.923767932090240662e-01 1.213522285643358345e-01
1.227427515085313947e-01 6.041657253199284039e-02 -8.270739753235637750e-04 -4.436146221584946758e-02 -5.801232193410984367e-02 -4.242526171912584798e-02 1.429518563111179929e-03 6.235020541387013837e-02 1.225750002057429955e-01 1.923767932090240662e-01 2.406295871320472124e-01 1.900161081033839849e-01
1.957495899289122265e-01 1.220958353372659649e-01 5.885209662776604705e-02 -4.596578465492398569e-03 -4.678615754145878936e-02 -5.783467934255533127e-02 -4.145045663292033777e-02 2.786977956647875010e-03 6.089556794715995924e-02 1.213522285643358345e-01 1.900161081033839849e-01 2.398840698762381984e-01
2.460643351129485068e-01 1.919419747312965940e-01 1.185807320781138846e-01 5.323906873079824187e-02 -9.278125621439767615e-03 -4.716853168330554374e-02 -6.027012283571242524e-02 -4.328162391102566287e-02 2.058014204546941388e-03 6.463648900398197283e-02 1.253777141027243580e-01 1.936255263413321215e-01
1.919419747312965940e-01 2.435170961653823907e-01 1.952623468090854963e-01 1.212494008782614707e-01 5.609989459723756233e-02 -6.419019511577257753e-03 -4.794027660183115824e-02 -5.734509576085190102e-02 -3.946028854390616625e-02 6.014696762177794767e-03 6.418562115981331362e-02 1.220559354501541821e-01
1.185807320781138846e-01 1.952623468090854963e-01 2.644747531635979199e-01 2.040930911805555747e-01 1.270469216302577142e-01 5.665391240698925551e-02 -3.356581501676696687e-03 -4.309510751320826116e-02 -5.359286061841143922e-02 -3.987115008594672300e-02 1.422705557092714210e-03 5.692590083902134002e-02
5.323906873079824187e-02 1.212494008782614707e-01 2.040930911805555747e-01 2.729159191616614688e-01 2.048532469703801540e-01 1.185700322476082869e-01 5.754351700152975091e-02 -4.435160917106023559e-04 -3.989265236056142860e-02 -5.548208395522813419e-02 -4.392767308372963475e-02 -5.484041918030917173e-03
-9.278125621439767615e-03 5.609989459723756233e-02 1.270469216302577142e-01 2.048532469703801540e-01 2.664216735183713158e-01 1.866363224616356398e-01 1.204846110018277239e-01 6.033489688851249866e-02 3.750086966453649879e-03 -4.175113865825984261e-02 -5.836721214619539078e-02 -4.802873738761353345e-02
-4.716853168330554374e-02 -6.419019511577257753e-03 5.665391240698925551e-02 1.185700322476082869e-01 1.866363224616356398e-01 2.099914175944201100e-01 1.833175743120379619e-01 1.198517704799630518e-01 6.222909833140450458e-02 3.764791303916804888e-03 -4.106106175967046135e-02 -5.664121572805366767e-02
-6.027012283571242524e-02 -4.794027660183115824e-02 -3.356581501676696687e-03 5.754351700152975091e-02 1.204846110018277239e-01 1.833175743120379619e-01 2.522790261123567523e-01 1.999691892477637456e-01 1.265367502312239045e-01 6.340008471096410247e-02 -1.332746511227597035e-03 -4.454006830041365439e-02
-4.328162391102566287e-02 -5.734509576085190102e-02 -4.309510751320826116e-02 -4.435160917106023559e-04 6.033489688851249866e-02 1.198517704799630518e-01 1.999691892477637456e-01 2.601373556148549593e-01 1.970311033047384142e-01 1.238970839654527090e-01 5.778596960959395124e-02 -1.064156840994184795e-03
2.058014204546941388e-03 -3.946028854390616625e-02 -5.359286061841143922e-02 -3.989265236056142860e-02 3.750086966453649879e-03 6.222909833140450458e-02 1.265367502312239045e-01 1.970311033047384142e-01 2.452049997456585695e-01 1.933261640007396254e-01 1.189114617989834866e-01 5.848372780541092469e-02
6.463648900398197283e-02 6.014696762177794767e-03 -3.987115008594672300e-02 -5.548208395522813419e-02 -4.175113865825984261e-02 3.764791303916804888e-03 6.340008471096410247e-02 1.238970839654527090e-01 1.933261640007396254e-01 2.496295569574304429e-01 1.933734218866400290e-01 1.232230346828294132e-01
1.253777141027243580e-01 6.418562115981331362e-02 1.422705557092714210e-03 -4.392767308372963475e-02 -5.836721214619539078e-02 -4.106106175967046135e-02 -1.332746511227597035e-03 5.778596960959395124e-02 1.189114617989834866e-01 1.933734218866400290e-01 2.448665229516205633e-01 1.934906886772968515e-01
1.936255263413321215e-01 1.220559354501541821e-01 5.692590083902134002e-02 -5.484041918030917173e-03 -4.802873738761353345e-02 -5.664121572805366767e-02 -4.454006830041365439e-02 -1.064156840994184795e-03 5.848372780541092469e-02 1.232230346828294132e-01 1.934906886772968515e-01 2.444973439016984162e-01
2.581788335056165451e-01 1.988748319365967188e-01 1.200497451996317133e-01 5.773079185190746476e-02 -2.305495350109514150e-03 -4.348587057731873040e-02 -5.641593967074836485e-02 -4.329381299472713496e-02 -2.663019101361071856e-03 5.657848347995681620e-02 1.231484863993951018e-01 1.988212083450438816e-01
1.988748319365967188e-01 2.582867154569727930e-01 1.921825571887697537e-01 1.224530454557363618e-01 5.891011577028326673e-02 9.170065753177621213e-05 -4.360262553367005856e-02 -5.774912022636981279e-02 -4.667432121697136921e-02 -4.825438453075774417e-03 5.793486352650123461e-02 1.236451317863046934e-01
1.200497451996317133e-01 1.921825571887697537e-01 2.332677885155314823e-01 1.932290693100138235e-01 1.204096923785747952e-01 6.028128452441098434e-02 -4.488154894914725608e-04 -4.244530835937948554e-02 -5.797277311406864864e-02 -4.480023798046131600e-02 -4.295949404167763788e-03 5.724266547491641682e-02
5.773079185190746476e-02 1.224530454557363618e-01 1.932290693100138235e-01 2.619844201735093692e-01 1.970769646365147232e-01 1.253414603534515614e-01 6.071177484993978135e-02 6.393431939818051274e-06 -4.397259150169102737e-02 -5.738918919869102908e-02 -4.642139319976266998e-02 -3.160914878635783399e-03
-2.305495350109514150e-03 5.891011577028326673e-02 1.204096923785747952e-01 1.970769646365147232e-01 2.443593220337368921e-01 1.953949594984794036e-01 1.214161772289626129e-01 5.903429259011704761e-02 8.972662175369090299e-04 -4.051267860348374550e-02 -5.658149470569952266e-02 -4.370192765748125846e-02
-4.348587057731873040e-02 9.170065753177621213e-05 6.028128452441098434e-02 1.253414603534515614e-01 1.953949594984794036e-01 2.563065357388080168e-01 1.950413735399983139e-01 1.215812548790780184e-01 6.172978582780355716e-02 2.617120563086828590e-03 -4.126110926072149021e-02 -5.635628130067680402e-02
-5.641593967074836485e-02 -4.360262553367005856e-02 -4.488154894914725608e-04 6.071177484993978135e-02 1.214161772289626129e-01 1.950413735399983139e-01 2.432782169236089032e-01 1.905016842383011055e-01 1.240564884424651126e-01 6.236035670053025753e-02 4.240322415100330339e-03 -4.120105239413197201e-02
-4.329381299472713496e-02 -5.774912022636981279e-02 -4.244530835937948554e-02 6.393431939818051274e-06 5.903429259011704761e-02 1.215812548790780184e-01 1.905016842383011055e-01 2.392396434483196055e-01 1.952123815742337343e-01 1.216574110300152334e-01 6.193278700372961687e-02 -1.388407830520037647e-04
-2.663019101361071856e-03 -4.667432121697136921e-02 -5.797277311406864864e-02 -4.397259150169102737e-02 8.972662175369090299e-04 6.172978582780355716e-02 1.240564884424651126e-01 1.952123815742337343e-01 2.578316152525519378e-01 1.929707333320724028e-01 1.238016104881855955e-01 5.876586650159661140e-02
5.657848347995681620e-02 -4.825438453075774417e-03 -4.480023798046131600e-02 -5.738918919869102908e-02 -4.051267860348374550e-02 2.617120563086828590e-03 6.236035670053025753e-02 1.216574110300152334e-01 1.929707333320724028e-01 2.335538747481379629e-01 1.922004250723637342e-01 1.195922841427600469e-01
1.231484863993951018e-01 5.793486352650123461e-02 -4.295949404167763788e-03 -4.642139319976266998e-02 -5.658149470569952266e-02 -4.126110926072149021e-02 4.240322415100330339e-03 6.193278700372961687e-02 1.238016104881855955e-01 1.922004250723637342e-01 2.570904592939222688e-01 1.979702251761017995e-01
1.988212083450438816e-01 1.236451317863046934e-01 5.724266547491641682e-02 -3.160914878635783399e-03 -4.370192765748125846e-02 -5.635628130067680402e-02 -4.120105239413197201e-02 -1.388407830520037647e-04 5.876586650159661140e-02 1.195922841427600469e-01 1.979702251761017995e-01 2.566225749092768682e-01
2.507139256472589728e-01 1.930460913373579501e-01 1.192633685168910107e-01 5.493637320391123180e-02 -7.993790116209429850e-03 -4.858530025472067304e-02 -5.815102569892450363e-02 -4.200697738854994312e-02 3.172472104434777632e-03 6.326279708135613966e-02 1.256214027756324680e-01 1.954728153455228545e-01
1.930460913373579501e-01 2.465426464083439739e-01 1.950540054156153502e-01 1.227903047805481151e-01 5.492612668261869641e-02 -9.641280827867360070e-03 -4.944237337381360287e-02 -5.943496558373539962e-02 -4.156851383631005037e-02 -4.619141703472803449e-04 5.943613824026246217e-02 1.196723201920193436e-01
1.192633685168910107e-01 1.950540054156153502e-01 2.556804718441481050e-01 2.034211905002398235e-01 1.224530701812328315e-01 5.283917214525649109e-02 -9.083702997724997161e-03 -4.722656724194816691e-02 -5.572878764099571669e-02 -4.382052518881821013e-02 -2.494964467363947579e-03 5.499854470244699978e-02
5.493637320391123180e-02 1.227903047805481151e-01 2.034211905002398235e-01 2.832257009005424986e-01 2.027968384879186015e-01 1.203907612291744006e-01 5.398067256122305452e-02 -3.968583700241827550e-03 -4.170171459850134654e-02 -5.706377260378965588e-02 -4.588584618866128895e-02 -6.373245103772702709e-03
-7.993790116209429850e-03 5.492612668261869641e-02 1.224530701812328315e-01 2.027968384879186015e-01 2.547417429181959569e-01 1.942780419227660982e-01 1.200473760127800660e-01 6.125280273128327901e-02 5.455468380949833954e-03 -3.780051350449731284e-02 -5.547340353114869893e-02 -4.596428855067698910e-02
-4.858530025472067304e-02 -9.641280827867360070e-03 5.283917214525649109e-02 1.203907612291744006e-01 1.942780419227660982e-01 2.460689727132693849e-01 1.921703783572148438e-01 1.253380782720180942e-01 6.558959875974448850e-02 9.901374426347081883e-03 -3.637256712408783871e-02 -5.499024312659676894e-02
-5.815102569892450363e-02 -4.944237337381360287e-02 -9.083702997724997161e-03 5.398067256122305452e-02 1.200473760127800660e-01 1.921703783572148438e-01 2.427576855194838734e-01 1.956353030696951489e-01 1.226275714835113745e-01 6.590809221625783254e-02 7.314541965872471338e-03 -3.793535605669865612e-02
-4.200697738854994312e-02 -5.943496558373539962e-02 -4.722656724194816691e-02 -3.968583700241827550e-03 6.125280273128327901e-02 1.253380782720180942e-01 1.956353030696951489e-01 2.518071541501655242e-01 1.872708891767174144e-01 1.228841206743461478e-01 6.303975359029428960e-02 4.221989897550380150e-03
3.172472104434777632e-03 -4.156851383631005037e-02 -5.572878764099571669e-02 -4.170171459850134654e-02 5.455468380949833954e-03 6.558959875974448850e-02 1.226275714835113745e-01 1.872708891767174144e-01 2.167617362782895962e-01 1.836427426398963281e-01 1.202012826247660093e-01 6.113524775966675678e-02
6.326279708135613966e-02 -4.619141703472803449e-04 -4.382052518881821013e-02 -5.706377260378965588e-02 -3.780051350449731284e-02 9.901374426347081883e-03 6.590809221625783254e-02 1.228841206743461478e-01 1.836427426398963281e-01 2.430571464836671358e-01 1.968146870884487365e-01 1.245771440527693591e-01
1.256214027756324680e-01 5.943613824026246217e-02 -2.494964467363947579e-03 -4.588584618866128895e-02 -5.547340353114869893e-02 -3.637256712408783871e-02 7.314541965872471338e-03 6.303975359029428960e-02 1.202012826247660093e-01 1.968146870884487365e-01 2.591872443737526788e-01 1.978477471823809064e-01
1.954728153455228545e-01 1.196723201920193436e-01 5.499854470244699978e-02 -6.373245103772702709e-03 -4.596428855067698910e-02 -5.499024312659676894e-02 -3.793535605669865612e-02 4.221989897550380150e-03 6.113524775966675678e-02 1.245771440527693591e-01 1.978477471823809064e-01 2.494554580245991193e-01
2.491468834216536421e-01 1.935050706049055436e-01 1.198298259544858246e-01 5.756519638012494444e-02 -3.208100582360677556e-04 -4.184788877039176402e-02 -5.677868717016901212e-02 -4.565125589805877487e-02 -5.421831949623631686e-03 5.714981614625599948e-02 1.235910220598211151e-01 1.992484073761991437e-01
1.935050706049055436e-01 2.453809069515457408e-01 1.921457543070776153e-01 1.209391890787881174e-01 6.139984457316452482e-02 1.689336694535607895e-03 -4.206646989520231028e-02 -5.796057191957738192e-02 -4.625450326624996195e-02 -2.455538300275371573e-03 6.014288469061750825e-02 1.241310276604117580e-01
1.198298259544858246e-01 1.921457543070776153e-01 2.452474103961927998e-01 1.935635893025919874e-01 1.255416763788731460e-01 6.275408104798277376e-02 2.434080568323227813e-03 -4.221522979603876957e-02 -5.757362590545959946e-02 -4.424388299334165026e-02 -2.135834763014481975e-03 5.883234015296647662e-02
5.756519638012494444e-02 1.209391890787881174e-01 1.935635893025919874e-01 2.473688283163952006e-01 1.983906692041144393e-01 1.230857760207520746e-01 6.066044211331220182e-02 7.603855091642547359e-04 -4.182906454873815127e-02 -5.582574430232404433e-02 -4.356793745150448760e-02 -1.286117001286938687e-03
-3.208100582360677556e-04 6.139984457316452482e-02 1.255416763788731460e-01 1.983906692041144393e-01 2.622743502290996731e-01 1.945106043387951900e-01 1.214785510590655204e-01 5.945959066537871707e-02 7.715085397569123021e-04 -4.217799225268369090e-02 -5.751470745854780908e-02 -4.401979123540397665e-02
-4.184788877039176402e-02 1.689336694535607895e-03 6.275408104798277376e-02 1.230857760207520746e-01 1.945106043387951900e-01 2.350379216069881927e-01 1.880557315400966656e-01 1.206449269251728823e-01 6.116283705938969223e-02 1.706865879609128275e-03 -4.276356408883458943e-02 -5.700192336054264730e-02
-5.677868717016901212e-02 -4.206646989520231028e-02 2.434080568323227813e-03 6.066044211331220182e-02 1.214785510590655204e-01 1.880557315400966656e-01 2.406054382441782102e-01 1.941138737340308285e-01 1.247398895650485562e-01 6.163025921097186471e-02 -8.123457359400438390e-04 -4.482702727884270433e-02
-4.565125589805877487e-02 -5.796057191957738192e-02 -4.221522979603876957e-02 7.603855091642547359e-04 5.945959066537871707e-02 1.206449269251728823e-01 1.941138737340308285e-01 2.535453861356949945e-01 1.991942098486224055e-01 1.233752432855005632e-01 5.806547586655405602e-02 -4.728315128568891940e-03
-5.421831949623631686e-03 -4.625450326624996195e-02 -5.757362590545959946e-02 -4.182906454873815127e-02 7.715085397569123021e-04 6.116283705938969223e-02 1.247398895650485562e-01 1.991942098486224055e-01 2.598681080665944387e-01 1.954258558030721737e-01 1.204350772919398904e-01 5.526114503552106288e-02
5.714981614625599948e-02 -2.455538300275371573e-03 -4.424388299334165026e-02 -5.582574430232404433e-02 -4.217799225268369090e-02 1.706865879609128275e-03 6.163025921097186471e-02 1.233752432855005632e-01 1.954258558030721737e-01 2.429626130266931416e-01 1.927024941663037505e-01 1.206353481163350283e-01
1.235910220598211151e-01 6.014288469061750825e-02 -2.135834763014481975e-03 -4.356793745150448760e-02 -5.751470745854780908e-02 -4.276356408883458943e-02 -8.123457359400438390e-04 5.806547586655405602e-02 1.204350772919398904e-01 1.927024941663037505e-01 2.522931633508269100e-01 1.994206226606351495e-01
1.992484073761991437e-01 1.241310276604117580e-01 5.883234015296647662e-02 -1.286117001286938687e-03 -4.401979123540397665e-02 -5.700192336054264730e-02 -4.482702727884270433e-02 -4.728315128568891940e-03 5.526114503552106288e-02 1.206353481163350283e-01 1.994206226606351495e-01 2.662689902541383602e-01
2.388215147346068878e-01 1.947765479720292847e-01 1.189448431552531937e-01 6.069247436151459923e-02 -1.531121224819391707e-03 -4.517775067978285763e-02 -5.815287218745110454e-02 -4.094805226225448069e-02 5.021002378403683492e-03 6.427807178720115755e-02 1.225344745993131590e-01 1.909747727034317166e-01
1.947765479720292847e-01 2.602611813710216104e-01 1.901102515090687950e-01 1.254754639181275278e-01 5.711408867380877996e-02 -5.880804701598909071e-03 -4.847359200944057617e-02 -5.787478346505445237e-02 -3.945257851427801110e-02 1.593653459630893455e-03 6.103796782351088301e-02 1.213797190524351227e-01
1.189448431552531937e-01 1.901102515090687950e-01 2.218277587662460804e-01 1.970272223870691286e-01 1.155094574803404578e-01 5.215836961121968207e-02 -7.977087694143323443e-03 -4.497671543210789158e-02 -5.248784889993290959e-02 -4.018244530756477639e-02 3.712942055446820204e-03 5.864288206499269213e-02
6.069247436151459923e-02 1.254754639181275278e-01 1.970272223870691286e-01 2.980671660966056069e-01 1.986422372742658871e-01 1.205529513868331681e-01 5.339199835144702727e-02 -8.066694735840098177e-03 -4.539472000192237844e-02 -5.992837297862532719e-02 -4.222623555581553334e-02 6.287270942543360386e-06
-1.531121224819391707e-03 5.711408867380877996e-02 1.155094574803404578e-01 1.986422372742658871e-01 2.313801582683295832e-01 1.925683564928915292e-01 1.199996280832006518e-01 5.813850845848046039e-02 4.426461106563346713e-04 -4.336741359814826752e-02 -5.336057621743159340e-02 -4.082557053607897141e-02
-4.517775067978285763e-02 -5.880804701598909071e-03 5.215836961121968207e-02 1.205529513868331681e-01 1.925683564928915292e-01 2.636799097209088782e-01 2.007112208394544184e-01 1.253160045334201222e-01 5.970903037505296412e-02 -9.276871000370601889e-04 -4.041925645544557771e-02 -5.507771631703115012e-02
-5.815287218745110454e-02 -4.847359200944057617e-02 -7.977087694143323443e-03 5.339199835144702727e-02 1.199996280832006518e-01 2.007112208394544184e-01 2.617389183500032357e-01 2.002193437473271387e-01 1.203642269891129352e-01 6.018704399689842749e-02 1.817419479939488564e-03 -4.119926600066265571e-02
-4.094805226225448069e-02 -5.787478346505445237e-02 -4.497671543210789158e-02 -8.066694735840098177e-03 5.813850845848046039e-02 1.253160045334201222e-01 2.002193437473271387e-01 2.517204984081892194e-01 1.844309967540775086e-01 1.212045701413162618e-01 5.961176715120703601e-02 2.573952690863496196e-03
5.021002378403683492e-03 -3.945257851427801110e-02 -5.248784889993290959e-02 -4.539472000192237844e-02 4.426461106563346713e-04 5.970903037505296412e-02 1.203642269891129352e-01 1.844309967540775086e-01 2.156572611232107084e-01 1.909646590619010209e-01 1.193673214116918319e-01 6.183159296947207673e-02
6.427807178720115755e-02 1.593653459630893455e-03 -4.018244530756477639e-02 -5.992837297862532719e-02 -4.336741359814826752e-02 -9.276871000370601889e-04 6.018704399689842749e-02 1.212045701413162618e-01 1.909646590619010209e-01 2.730075033752338842e-01 1.984319334547596514e-01 1.260963303901580512e-01
1.225344745993131590e-01 6.103796782351088301e-02 3.712942055446820204e-03 -4.222623555581553334e-02 -5.336057621743159340e-02 -4.041925645544557771e-02 1.817419479939488564e-03 5.961176715120703601e-02 1.193673214116918319e-01 1.984319334547596514e-01 2.389791912925223194e-01 1.918596504720679607e-01
1.909747727034317166e-01 1.213797190524351227e-01 5.864288206499269213e-02 6.287270942543360386e-06 -4.082557053607897141e-02 -5.507771631703115012e-02 -4.119926600066265571e-02 2.573952690863496196e-03 6.183159296947207673e-02 1.260963303901580512e-01 1.918596504720679607e-01 2.448589384931113000e-01
2.467695231618497465e-01 1.963161662046676581e-01 1.219146053679954766e-01 5.776308814230751015e-02 -7.822035051866659157e-04 -4.189792734805615482e-02 -5.435097922572897089e-02 -4.196693546683837039e-02 -1.676953258938329886e-03 5.694944074676457080e-02 1.209897848102843981e-01 1.975047020392145802e-01
1.963161662046676581e-01 2.618645415345487448e-01 2.004392430629927391e-01 1.217435281125652247e-01 6.061268306525393473e-02 -7.562720087165105852e-04 -4.291664595063258980e-02 -5.834227817037693220e-02 -4.683644693164669415e-02 -6.227373040729344833e-03 5.415950233674218794e-02 1.214010156338872909e-01
1.219146053679954766e-01 2.004392430629927391e-01 2.591789847033318939e-01 1.913744184673810689e-01 1.230649284582843311e-01 5.911162066793989450e-02 -3.716537555848407892e-04 -4.441754999499211015e-02 -5.946896456564297606e-02 -4.778415954965289925e-02 -8.949667601975738046e-03 5.536608782557397163e-02
5.776308814230751015e-02 1.217435281125652247e-01 1.913744184673810689e-01 2.280980090020706674e-01 1.908463136406359784e-01 1.194690482685230315e-01 5.874366449176413735e-02 5.407200580861254956e-05 -4.193143254962260896e-02 -5.614202025489753445e-02 -4.608984071853808318e-02 -4.350592439034712579e-03
-7.822035051866659157e-04 6.061268306525393473e-02 1.230649284582843311e-01 1.908463136406359784e-01 2.585741032253432437e-01 1.977734261383539693e-01 1.243902406054394200e-01 6.213528345666536473e-02 1.643050640523552666e-03 -4.131181624547532183e-02 -5.795407920855850936e-02 -4.589812018201713806e-02
-4.189792734805615482e-02 -7.562720087165105852e-04 5.911162066793989450e-02 1.194690482685230315e-01 1.977734261383539693e-01 2.512990515923981816e-01 1.959946994453224955e-01 1.242408831906166439e-01 6.237695592766706598e-02 4.134773757875165844e-03 -3.989873513030350177e-02 -5.595069427148546826e-02
-5.435097922572897089e-02 -4.291664595063258980e-02 -3.716537555848407892e-04 5.874366449176413735e-02 1.243902406054394200e-01 1.959946994453224955e-01 2.499427966074098673e-01 1.943640471512636247e-01 1.223100202211372667e-01 6.167929280767249500e-02 4.360418387477030082e-03 -3.983228793929408096e-02
-4.196693546683837039e-02 -5.834227817037693220e-02 -4.441754999499211015e-02 5.407200580861254956e-05 6.213528345666536473e-02 1.242408831906166439e-01 1.943640471512636247e-01 2.449240647590806286e-01 1.908740558435542412e-01 1.210823336521211491e-01 6.233829221049441011e-02 2.873515909170052274e-03
-1.676953258938329886e-03 -4.683644693164669415e-02 -5.946896456564297606e-02 -4.193143254962260896e-02 1.643050640523552666e-03 6.237695592766706598e-02 1.223100202211372667e-01 1.908740558435542412e-01 2.369189773113173914e-01 1.879888485644699569e-01 1.227790797288408065e-01 6.167712054131785360e-02
5.694944074676457080e-02 -6.227373040729344833e-03 -4.778415954965289925e-02 -5.614202025489753445e-02 -4.131181624547532183e-02 4.134773757875165844e-03 6.167929280767249500e-02 1.210823336521211491e-01 1.879888485644699569e-01 2.356852925283807743e-01 1.939920762919182251e-01 1.236989025159567351e-01
1.209897848102843981e-01 5.415950233674218794e-02 -8.949667601975738046e-03 -4.608984071853808318e-02 -5.795407920855850936e-02 -3.989873513030350177e-02 4.360418387477030082e-03 6.233829221049441011e-02 1.227790797288408065e-01 1.939920762919182251e-01 2.584998227173433971e-01 2.014550894953136828e-01
1.975047020392145802e-01 1.214010156338872909e-01 5.536608782557397163e-02 -4.350592439034712579e-03 -4.589812018201713806e-02 -5.595069427148546826e-02 -3.983228793929408096e-02 2.873515909170052274e-03 6.167712054131785360e-02 1.236989025159567351e-01 2.014550894953136828e-01 2.682448328569290164e-01
2.420074099772874243e-01 1.973825965793730708e-01 1.236683703853010685e-01 5.646895319037348315e-02 -7.712153772315591058e-03 -4.807699831549185066e-02 -5.710988379038003937e-02 -3.967783384914071176e-02 4.414668004178983612e-03 6.134941783254668768e-02 1.194896904636851276e-01 1.906469975214447610e-01
1.973825965793730708e-01 2.664871946523334478e-01 2.011176007415282907e-01 1.211613180329941253e-01 5.270909332232689981e-02 -9.857435711828213890e-03 -4.766200333567805619e-02 -5.729282197627938444e-02 -4.015589155675027000e-02 2.499674260715080074e-03 6.029952853228261883e-02 1.233614156002828532e-01
1.236683703853010685e-01 2.011176007415282907e-01 2.594497892528829786e-01 1.967159430381945073e-01 1.197539700994981887e-01 5.413834816360814373e-02 -5.166987722614466150e-03 -4.540738584088728491e-02 -5.591421488867421435e-02 -4.180779455929950483e-02 8.111512562019092699e-04 6.059535758679480272e-02
5.646895319037348315e-02 1.211613180329941253e-01 1.967159430381945073e-01 2.526162743646149789e-01 1.974754602498707823e-01 1.220803901096354643e-01 5.860101376897239311e-02 -1.741234636351658141e-03 -4.268143959008514898e-02 -5.659523282916614773e-02 -4.324438350987751256e-02 -3.316032375025950406e-03
-7.712153772315591058e-03 5.270909332232689981e-02 1.197539700994981887e-01 1.974754602498707823e-01 2.616733689932749796e-01 2.000092879131494528e-01 1.240443467076124823e-01 6.049474211437064208e-02 4.435555277922784059e-04 -4.269589787741942533e-02 -5.693490352968072488e-02 -4.724998138477877474e-02
-4.807699831549185066e-02 -9.857435711828213890e-03 5.413834816360814373e-02 1.220803901096354643e-01 2.000092879131494528e-01 2.571226770192736044e-01 1.947829423921085268e-01 1.216952662096182636e-01 5.908869656319380714e-02 9.627647799043351912e-04 -4.114428391392190021e-02 -5.815522419222653172e-02
-5.710988379038003937e-02 -4.766200333567805619e-02 -5.166987722614466150e-03 5.860101376897239311e-02 1.240443467076124823e-01 1.947829423921085268e-01 2.412843760061683385e-01 1.908081610102156100e-01 1.202200543646551323e-01 6.135507241996666916e-02 3.513604620660069379e-03 -4.052924996054132339e-02
-3.967783384914071176e-02 -5.729282197627938444e-02 -4.540738584088728491e-02 -1.741234636351658141e-03 6.049474211437064208e-02 1.216952662096182636e-01 1.908081610102156100e-01 2.430430570665059187e-01 1.916318735584762456e-01 1.247648886816537239e-01 6.398714237463154486e-02 5.281556768069128015e-03
4.414668004178983612e-03 -4.015589155675027000e-02 -5.591421488867421435e-02 -4.268143959008514898e-02 4.435555277922784059e-04 5.908869656319380714e-02 1.202200543646551323e-01 1.916318735584762456e-01 2.428603717599772116e-01 1.969726048859182232e-01 1.239712076279733954e-01 6.398182119333242768e-02
6.134941783254668768e-02 2.499674260715080074e-03 -4.180779455929950483e-02 -5.659523282916614773e-02 -4.269589787741942533e-02 9.627647799043351912e-04 6.135507241996666916e-02 1.247648886816537239e-01 1.969726048859182232e-01 2.601220440818858837e-01 1.940575377116464106e-01 1.234308218744205321e-01
1.194896904636851276e-01 6.029952853228261883e-02 8.111512562019092699e-04 -4.324438350987751256e-02 -5.693490352968072488e-02 -4.114428391392190021e-02 3.513604620660069379e-03 6.398714237463154486e-02 1.239712076279733954e-01 1.940575377116464106e-01 2.331234377075980524e-01 1.880181976521236864e-01
1.906469975214447610e-01 1.233614156002828532e-01 6.059535758679480272e-02 -3.316032375025950406e-03 -4.724998138477877474e-02 -5.815522419222653172e-02 -4.052924996054132339e-02 5.281556768069128015e-03 6.398182119333242768e-02 1.234308218744205321e-01 1.880181976521236864e-01 2.402099991181848859e-01
2.744532802871028632e-01 2.013043245359243949e-01 1.212850710713145042e-01 5.648412517223248830e-02 -2.185378320077703898e-03 -4.340670558804956419e-02 -5.618325802057294593e-02 -4.749132468187532846e-02 -7.476899137763879689e-03 5.331369535098550577e-02 1.229809657368540754e-01 2.011507504711297079e-01
2.013043245359243949e-01 2.523949993583328721e-01 1.910858500219729250e-01 1.203911086288378951e-01 5.894973048376667829e-02 3.343720906025035491e-03 -3.901982075872909711e-02 -5.768870351036967103e-02 -4.772507893476084229e-02 -8.213243082210077567e-03 5.687694222612124650e-02 1.233575797967353255e-01
1.212850710713145042e-01 1.910858500219729250e-01 2.362320105560502814e-01 1.929818560419379880e-01 1.215008708244417895e-01 6.520655918436515930e-02 6.317611548042624189e-03 -3.878487208746031478e-02 -5.629957625177547248e-02 -4.633199921964011037e-02 -4.872417285708101689e-03 5.687662390349498137e-02
5.648412517223248830e-02 1.203911086288378951e-01 1.929818560419379880e-01 2.565347139353180150e-01 1.944843849568672067e-01 1.279594141225421922e-01 6.493034345343431935e-02 6.704468626529291007e-03 -3.947314025932689707e-02 -5.684026033133951494e-02 -4.716263779005955975e-02 -5.237589647278359344e-03
-2.185378320077703898e-03 5.894973048376667829e-02 1.215008708244417895e-01 1.944843849568672067e-01 2.372036998983206857e-01 1.941109558821223491e-01 1.197539144672917638e-01 6.177717658315280691e-02 3.488814082043431748e-03 -3.960307140802572096e-02 -5.680651455610753742e-02 -4.394832900701864387e-02
-4.340670558804956419e-02 3.343720906025035491e-03 6.520655918436515930e-02 1.279594141225421922e-01 1.941109558821223491e-01 2.534223154036344128e-01 1.874486634828757547e-01 1.221588476065879614e-01 6.164493301008375226e-02 2.593301283155686077e-03 -4.328985508743065508e-02 -5.748851560946163786e-02
-5.618325802057294593e-02 -3.901982075872909711e-02 6.317611548042624189e-03 6.493034345343431935e-02 1.197539144672917638e-01 1.874486634828757547e-01 2.189984994762312343e-01 1.871567014055641187e-01 1.212257410721248041e-01 6.129791533129594350e-02 7.474570077780670185e-04 -4.299615135175318542e-02
-4.749132468187532846e-02 -5.768870351036967103e-02 -3.878487208746031478e-02 6.704468626529291007e-03 6.177717658315280691e-02 1.221588476065879614e-01 1.871567014055641187e-01 2.540433591231543442e-01 1.997758340123775567e-01 1.254008363810389104e-01 6.049893575582912519e-02 -4.932582512077997652e-03
-7.476899137763879689e-03 -4.772507893476084229e-02 -5.629957625177547248e-02 -3.947314025932689707e-02 3.488814082043431748e-03 6.164493301008375226e-02 1.212257410721248041e-01 1.997758340123775567e-01 2.600654358405697364e-01 1.974160777474740502e-01 1.226167329930448052e-01 5.414919566721513450e-02
5.331369535098550577e-02 -8.213243082210077567e-03 -4.633199921964011037e-02 -5.684026033133951494e-02 -3.960307140802572096e-02 2.593301283155686077e-03 6.129791533129594350e-02 1.254008363810389104e-01 1.974160777474740502e-01 2.482903278748811449e-01 1.951219346282557221e-01 1.173907230584536610e-01
1.229809657368540754e-01 5.687694222612124650e-02 -4.872417285708101689e-03 -4.716263779005955975e-02 -5.680651455610753742e-02 -4.328985508743065508e-02 7.474570077780670185e-04 6.049893575582912519e-02 1.226167329930448052e-01 1.951219346282557221e-01 2.566178281629591940e-01 1.959090096024202476e-01
