1.031785704341418169e-01 2.047700745736800720e-01 9.316002965518563328e-02 3.974552671721665043e-02 2.625393711131743246e-02 3.309629093173380165e-02 8.763738148479285894e-02 1.318960579472088224e-01 1.174229558371196469e-01 8.693261408964919612e-02 3.318742248779704695e-02 4.271913873015693169e-02
1.476181462024059587e-01 9.217305378347470657e-02 6.566674734193168883e-02 8.866612679775187633e-02 5.173081037177014452e-02 8.265187139798535476e-02 1.157229874706857398e-01 9.653679092901572278e-02 8.076346596684556844e-02 4.072112532603661128e-02 4.693330536300371197e-02 9.081556904909290906e-02
1.002794121175330233e-01 1.042217433674580140e-01 1.351857521784110006e-01 1.014518002546846015e-01 1.040618739400394760e-01 7.321680879595486580e-02 6.066471814266667650e-02 7.877090543022335911e-02 7.583915842453536893e-02 6.159482536792527940e-02 4.771412278221652536e-02 5.699887919835178174e-02
3.925268140757769142e-02 6.012545434103624270e-02 1.365051695093059125e-01 1.920046579168149803e-01 1.088622427414066146e-01 3.133318824891274945e-02 6.356134500650827135e-02 1.085343964242483361e-01 8.934166428179222963e-02 7.782884730476731516e-02 5.308448815443904401e-02 3.956586466319070294e-02
1.262472416452913582e-01 9.830646952630062163e-02 6.284358203514288366e-02 9.773948490669503997e-02 8.774097255529841877e-02 9.059960262868486935e-02 6.064014944483321623e-02 4.759951776526165357e-02 5.849770023811387554e-02 5.112011285465109522e-02 9.483640968880578670e-02 1.238287567109215420e-01
9.343246748213501762e-02 7.796660378005167147e-02 1.166820784507972414e-01 2.195278740258838901e-01 1.178724001569562141e-01 5.202032033146365697e-02 2.929068825774637161e-02 2.299948433595038269e-02 1.765195559931347080e-02 4.631133366850945926e-02 1.027487510830006889e-01 1.034960428281917477e-01
9.063091733644462744e-02 6.518319112008730265e-02 6.170269326508477647e-02 7.449940218372724798e-02 9.110912368980203513e-02 5.350498299384686546e-02 5.402056883981345980e-02 8.332295757913153744e-02 1.007539174490887368e-01 8.077015985804711362e-02 1.046898428141691539e-01 1.398122428707573861e-01
3.244271800098835756e-02 4.990947329272117650e-02 6.852155245222563140e-02 2.517994541766693795e-01 9.393700768320251138e-02 1.099913219058871738e-01 1.288677680205939091e-01 7.452138172213429446e-02 4.000544766303148342e-02 7.554991564890008171e-02 4.368689192596363069e-02 3.076706750768222476e-02
1.070150715283860188e-01 1.152808121134848429e-01 9.213541475447890872e-02 5.630907423451857186e-02 9.368068075047741861e-02 9.189664370958161577e-02 6.842669814229118685e-02 4.362745350246241549e-02 3.023180726690307546e-02 4.152657183353983261e-02 1.036972494434481029e-01 1.561725227204282251e-01
6.814389115575836264e-02 1.424542702630659796e-01 1.400778293618060166e-01 1.155797811863907426e-01 1.342654207952238277e-01 1.096750342479138746e-01 6.446911417349081297e-02 4.916078387372271180e-02 4.829093579661369873e-02 5.524095422244339193e-02 3.395140639812653516e-02 3.869057852544421916e-02
1.836071337061829511e-01 1.049426440886333106e-01 5.210862219252887506e-02 4.528463189633120944e-02 2.941979247569261741e-02 3.077686247615255694e-02 2.817122405406254082e-02 7.591394749672969455e-02 1.223630115348865732e-01 1.044095194797318993e-01 1.063856652093252420e-01 1.166169453897429320e-01
8.113903619231757625e-02 8.674225835304787136e-02 4.939101071861351500e-02 5.464184335534950920e-02 6.918135166775618572e-02 1.104866028441981590e-01 7.244933803547548568e-02 1.322250951274522857e-01 9.421163350804159786e-02 8.435161562960898085e-02 1.087576747936020577e-01 5.642253977453674102e-02
1.292667710553250804e-01 1.214109564109996514e-01 7.714912851318581066e-02 5.616383644872549596e-02 7.491476571253952166e-02 1.255767575519203261e-01 1.053855619050126369e-01 8.053699744630135604e-02 4.563956583964128011e-02 3.814836094867396499e-02 6.027374546638447628e-02 8.553355270129069099e-02
6.514184901620020951e-02 5.921928049180917586e-02 4.857847273949517097e-02 4.017969432838402327e-02 6.078029595215060643e-02 8.444285341505902709e-02 1.206970206379628374e-01 1.093504454289291050e-01 8.050454684712476938e-02 7.554023953118142731e-02 1.433701779153762068e-01 1.121951236963277254e-01
7.495779036638169912e-02 5.628949634383283163e-02 6.882106906120107059e-02 8.637973641068980024e-02 6.556065615269640601e-02 6.686733264618260897e-02 7.057286798097495151e-02 9.370623324410418120e-02 8.130536538086956255e-02 9.320703910056536701e-02 1.137202714308002127e-01 1.286121418817013917e-01
1.257564745549686891e-01 1.356899604703455386e-01 5.607523321913032710e-02 5.129244632815035954e-02 4.083316041948291397e-02 1.028325401449328991e-01 7.850166364825598986e-02 5.940214139759274897e-02 1.100977688630563889e-01 1.092462710985380864e-01 6.413864831894021401e-02 6.613369153660575428e-02
9.934376885619322639e-02 9.254887270802450439e-02 5.587585495523064022e-02 2.698492633275481264e-02 3.917468699659128889e-02 8.436478754596545004e-02 1.337901327743433733e-01 1.002691523444710076e-01 4.575526018803363626e-02 5.434787016475052523e-02 1.345472682293059608e-01 1.329974189043356680e-01
5.303742442372708782e-02 5.963413917171928730e-02 1.394255957674828683e-01 8.980328121101725791e-02 4.786168476348284795e-02 5.828760626181336835e-02 1.378199709000361428e-01 1.291292536205713715e-01 8.600332622020563644e-02 8.232951846982973498e-02 5.832831430836164788e-02 5.833988488175297776e-02
8.355532220517758457e-02 1.502676749480690022e-01 9.814033083318643436e-02 5.819990008501823436e-02 9.879568948579345311e-02 8.948035346016471048e-02 1.175990807550382072e-01 9.076654621888423369e-02 4.095507313312779507e-02 3.210286446950461059e-02 4.440202313988600435e-02 9.573514126614959818e-02
4.350454100268215385e-02 3.545840175785604925e-02 3.491094828990611715e-02 6.472226425121829774e-02 1.876737884002834533e-01 1.219554050861142713e-01 7.286415227863207722e-02 6.507899001882561096e-02 1.031837104452907605e-01 1.198171905803135234e-01 9.076391012907028544e-02 6.006669775980741366e-02
4.630845577940165964e-02 8.240783750130667440e-02 8.697684058366761395e-02 9.686858102497883372e-02 5.467490810950606517e-02 7.774216736856837118e-02 6.161123675561430008e-02 5.852156317289240739e-02 1.301516163592560671e-01 1.478061351064239304e-01 8.353827552966125447e-02 7.339238270872283643e-02
2.432790511873183029e-02 6.361453388298651812e-02 1.035524773547084054e-01 1.125239025718800107e-01 9.354595025430606503e-02 1.252521177735891056e-01 7.119826631919388971e-02 7.582458742330314139e-02 1.410271673851031249e-01 1.027628652303867879e-01 6.133345182534982731e-02 2.503677486046153311e-02
1.111287806520056959e-01 8.971935136257203069e-02 8.040452497943204047e-02 5.723542238536186849e-02 7.983680064290549216e-02 1.476305608138526460e-01 7.956257592966342607e-02 4.784070200751942836e-02 4.313814370852875335e-02 4.214201273460923408e-02 7.079455599113144981e-02 1.505665687924179208e-01
6.835978267192557856e-02 5.058138228659180002e-02 5.635311069312029519e-02 8.147196840058842926e-02 1.105063763794817272e-01 1.280348369994563640e-01 1.332659731157716521e-01 7.468170445881285036e-02 6.938101633589839612e-02 8.632049718632818502e-02 6.220339185029984119e-02 7.883995962172490879e-02
1.221249381755600272e-01 1.294727517805286665e-01 1.087889752250380676e-01 6.384574453491081991e-02 5.270445021230150962e-02 3.019280614302607274e-02 2.328856849113088157e-02 2.098230756106861383e-02 4.843728472600609958e-02 1.078299027704137936e-01 1.904108202690210638e-01 1.019214501109945992e-01
4.894542573405709363e-02 9.276216689878746813e-02 1.111468912969895972e-01 9.942250112148875996e-02 9.167913891282111760e-02 8.464581965857481682e-02 1.306689445923754911e-01 1.291289069438262271e-01 1.090523951402205954e-01 5.060661044896344607e-02 2.604827474424858957e-02 2.589292450764693609e-02
7.645905515208811787e-02 5.601964533795636414e-02 5.028268390484876005e-02 7.500766622787202742e-02 1.051002025080023106e-01 8.240951961408078674e-02 8.423146262279038177e-02 9.254312220297007674e-02 6.967812579443947996e-02 8.820736133877940532e-02 1.245535396666302280e-01 9.550761562954220019e-02
7.297128468824691516e-02 4.204958091098300044e-02 4.258650272583722890e-02 5.997635513444814215e-02 7.395037947719344806e-02 9.570066443450700455e-02 1.002922722238474146e-01 1.055848760490357280e-01 6.491894536201248123e-02 8.519502857143373964e-02 8.286119522569551643e-02 1.739129151967596931e-01
9.442800738492800050e-02 8.370773462485188443e-02 6.343982436017589488e-02 6.156041691704671609e-02 7.714954279118009517e-02 5.750025542621044206e-02 5.439438820045475187e-02 7.279321211565961680e-02 8.417728056951231941e-02 1.532230964542911356e-01 1.192428571946055338e-01 7.838338396108350536e-02
6.978922460068379130e-02 5.213877177544329333e-02 6.551647353450236466e-02 7.283990558301940699e-02 1.171624241530054289e-01 1.387944843183969712e-01 9.931438730423217121e-02 4.486017108651146890e-02 5.337328035448923869e-02 6.441185012472995519e-02 1.211270229508780161e-01 1.006720042141079907e-01
4.237981765774335302e-02 6.301419982557683597e-02 9.691637664252170103e-02 1.585468264195450117e-01 4.615022154779378771e-02 5.916064530008623840e-02 1.154555621726940373e-01 1.057582356099973364e-01 1.073242488094757335e-01 7.549941769044327122e-02 7.937892926709116947e-02 5.041551905703173242e-02
7.428330704929198003e-02 9.405969571788293238e-02 7.628449432648636008e-02 8.857596756346097777e-02 1.071144416709027686e-01 9.547325349993518451e-02 9.040296977550682511e-02 9.198756606164798511e-02 8.673197194406823129e-02 7.924717936500283444e-02 5.309540880801064122e-02 6.274374421780325173e-02
4.400935499606657697e-02 4.431733249566391364e-02 7.136812897988412119e-02 8.211911175939345942e-02 1.145445303127942543e-01 1.109852644023432838e-01 6.284804105842417554e-02 6.771136382156808797e-02 1.040445870430116992e-01 1.387527836951404359e-01 9.586922368658756799e-02 6.343027774912235461e-02
7.734738379202366065e-02 7.006270505241510294e-02 7.972319376501021959e-02 1.133424431716995584e-01 5.386545386955042536e-02 6.483778090715452969e-02 1.154902899470654914e-01 5.409236603837996177e-02 5.555810246052036994e-02 1.005782981527192782e-01 1.243711791572035263e-01 9.073080368625796588e-02
1.079916028081164825e-01 7.057563110909223503e-02 6.891681901323634674e-02 1.459816264556072496e-01 9.145962144505681568e-02 3.616899831328736215e-02 2.402259816135338469e-02 4.211050021793974474e-02 7.237401649234473378e-02 7.868041365566388889e-02 1.264142042934744692e-01 1.353039680348271934e-01
4.024042668752230573e-02 4.987264353195168531e-02 6.706370807888273333e-02 1.178333225929463768e-01 1.135260232889485632e-01 1.101442814816572940e-01 1.082973555354396211e-01 7.687223768933246215e-02 8.424945987525460367e-02 1.041038502136902300e-01 6.506367638970948775e-02 6.273301463466472716e-02
1.514672412969346182e-01 1.068110076757069482e-01 6.156844652336999901e-02 4.659002665104217122e-02 4.698031715922537654e-02 4.799632658577751565e-02 8.397553015059634751e-02 1.655395507970738034e-01 1.127543436871078220e-01 2.545083299695802270e-02 3.241695780838536878e-02 1.184494186678222150e-01
5.984742456622433454e-02 1.137253383307959276e-01 1.449069229139610671e-01 1.290912004639743482e-01 7.319043251560385099e-02 3.010639818027181780e-02 2.063298034390147195e-02 2.665688567332917883e-02 5.308498098694968553e-02 9.075368330233908598e-02 1.311161188914010678e-01 1.268876338312293073e-01
3.553311260651978443e-02 9.448798014760269315e-02 1.470530733345691843e-01 7.553635154484493464e-02 7.799236699705654197e-02 5.965677727043778439e-02 7.647665922737928446e-02 1.356544535215398473e-01 9.725772183035329144e-02 7.374658468859930649e-02 8.269242977613341927e-02 4.391248905496426130e-02
7.331863720642442517e-02 5.939761443391394780e-02 4.605051314211247582e-02 6.985671727400101505e-02 1.252971059353731875e-01 1.265721295147117786e-01 7.265156068383953059e-02 7.925252368366739186e-02 8.714707302038024461e-02 9.813562352151919410e-02 7.811717576493977522e-02 8.420332581911686709e-02
1.346006040445866803e-01 9.742968213146560585e-02 6.128249210875465897e-02 4.033915587551155368e-02 9.702237250249111378e-02 8.658185646008655090e-02 1.253785660036567939e-01 9.901598331326096070e-02 6.346368701853438710e-02 5.593686469659368138e-02 5.144119560588292228e-02 8.750754023917493851e-02
7.248497459552465105e-02 9.390920246929471138e-02 2.332659827348708692e-01 1.187767300419920874e-01 4.099662359285932700e-02 1.813033024870359250e-02 1.612816080993744253e-02 2.310679161120473071e-02 4.256537282721681303e-02 5.625078132386945873e-02 1.837819508600865570e-01 1.006030988844397039e-01
1.231421017149220004e-01 7.147772899396240276e-02 5.154916725563338242e-02 8.162227505267447003e-02 1.216819635874687028e-01 1.289983508425021075e-01 1.076868548831782790e-01 1.070786867855908348e-01 3.969120009451819475e-02 3.924147395177220166e-02 3.926555494966144783e-02 8.856464188811620508e-02
5.794639742346909678e-02 6.844350114194697188e-02 8.229482143731431387e-02 8.841993768143414922e-02 5.135302269784302459e-02 6.259495913997073502e-02 5.554409140035974912e-02 5.664826484451130489e-02 8.325919679895514569e-02 1.311432361828585857e-01 1.722313694037204690e-01 9.012120184761682196e-02
1.498253560549993313e-01 1.038175437974529769e-01 6.062889407496840910e-02 5.336099352497208209e-02 7.534107155512703713e-02 8.554088253777418493e-02 6.690697606807761988e-02 5.836177033955372573e-02 5.444132327559461637e-02 9.215060553792259190e-02 7.943605251880378471e-02 1.201885307147534943e-01
7.002286414535330294e-02 1.349130848355442891e-01 1.567540546698480697e-01 7.784866861861088061e-02 5.357414254717994540e-02 6.741708229984669232e-02 1.088818091588412001e-01 7.936081589600471609e-02 5.430515833014344651e-02 6.168425239241116104e-02 6.933237762684948957e-02 6.590568947936689681e-02
3.733628334204244087e-02 2.374521698984706497e-02 3.589544963870040795e-02 9.162469627590394405e-02 1.507760971708833608e-01 8.463586062630623630e-02 1.116998759642687661e-01 9.989718694069413263e-02 1.134988594183853616e-01 6.982102144503399277e-02 1.025368700802740118e-01 7.853258210766039804e-02
4.390717911257084605e-02 6.947895272086873630e-02 1.676988134209594361e-01 1.674778080223633947e-01 6.289208260049021504e-02 3.186371447429829640e-02 4.095103043024572731e-02 6.862274663465114943e-02 1.131691701882186485e-01 7.340989031318743974e-02 1.078240198556561918e-01 5.270459222648992553e-02
1.303682909594965078e-01 1.148908397936932585e-01 1.023242518156824571e-01 1.135860587030172592e-01 8.101314688027855260e-02 4.757912075684690711e-02 4.296824371137471232e-02 4.967386170017774882e-02 5.832663017830871932e-02 5.278440588828019198e-02 5.621677146959089266e-02 1.502683781432528898e-01
4.956350869755553334e-02 5.446841453292643187e-02 6.965916995024543090e-02 1.788100338030867431e-01 9.738700987025557254e-02 8.415473645765714217e-02 1.194200930273043304e-01 8.406806189021280573e-02 7.463418944543546985e-02 6.002859543931927944e-02 5.588120017315931221e-02 7.192498671284182354e-02
1.239748467943504184e-01 5.673927336079136186e-02 2.201116814986358444e-02 3.241672669145356789e-02 6.631752427143847162e-02 5.690035180917336205e-02 9.416509437953110573e-02 1.136735701186667308e-01 9.259121185067688276e-02 7.064962813459106650e-02 8.847588193661676259e-02 1.820847225028469352e-01
6.610354018598463277e-02 5.941788304878833915e-02 7.971104923879587800e-02 6.821080046080801873e-02 9.390431841539131907e-02 1.188549301886016596e-01 7.609750036291072772e-02 1.118604199129434318e-01 1.085864413130445405e-01 7.978006460077557982e-02 7.058838286872876067e-02 6.688466940322698728e-02
3.003228573086559605e-02 5.442425482741126974e-02 1.009294027459673310e-01 9.766256039475020023e-02 9.901972646036827364e-02 1.023477138294830169e-01 8.321567103312713098e-02 6.243897535554522593e-02 5.869983439059867775e-02 1.435824014564761053e-01 1.200878248675329441e-01 4.755934890787410357e-02
3.497754091890786093e-02 1.929058732655820202e-02 1.658855538465357771e-02 2.224901305454695874e-02 4.184211655122579976e-02 8.892890066399290749e-02 1.211463409412799896e-01 1.577596893750249640e-01 1.371845256976859384e-01 1.220335240869382526e-01 1.348815631909948409e-01 1.031176428081910235e-01
1.279196544203421160e-01 7.111619567797951291e-02 7.103440252627027385e-02 3.510384472451229948e-02 3.778088021370905325e-02 2.909350283563225809e-02 6.877174931486383647e-02 2.107941209030067542e-01 1.300516478312068458e-01 8.736656761085020984e-02 5.111022115919314213e-02 7.985721278243394783e-02
7.524386910329462774e-02 6.431781027894563352e-02 7.624128097786862790e-02 7.548046815438069768e-02 1.074570606874616641e-01 8.609950666771799821e-02 5.222412973317827611e-02 8.646687235118918902e-02 1.265403593071452448e-01 6.962247125230447420e-02 7.131491586445254383e-02 1.089912556220609119e-01
8.909484667655805101e-02 1.133602940156074185e-01 1.705268938337822782e-01 1.114906433000509567e-01 1.765986089057601238e-01 1.021812498287815174e-01 6.098075339341572920e-02 3.390473551942875530e-02 2.704270579087706891e-02 2.374897097575595639e-02 3.633456193996431605e-02 5.473573582001779042e-02
5.362249520718517792e-02 3.869611078956540495e-02 3.136694777195060679e-02 4.566279100822701054e-02 7.620985735304521003e-02 1.128893511486606105e-01 1.542270661147071564e-01 8.496534662023119688e-02 7.139622429875404352e-02 1.640004601598135936e-01 8.887173739450973664e-02 7.809161213335039098e-02
5.431189268898979627e-02 2.382954067984252230e-02 7.455002923698231254e-03 1.343832345985252266e-02 4.529859902499044910e-02 1.078193075198494721e-01 2.459682511228850621e-01 9.879962550901999485e-02 6.936387980433195155e-02 1.692682289792509787e-01 9.862770878673027264e-02 6.581963950055899626e-02
7.710809145563726763e-02 1.178492453454524497e-01 4.809996715183219307e-02 4.941194277556368308e-02 5.465739545852778269e-02 6.508942328669323207e-02 5.605550185072006447e-02 4.392038679510042176e-02 8.158152779071949079e-02 1.464739000460817397e-01 1.216907252757206542e-01 1.380618927679511110e-01
5.690709860828429417e-02 6.582633461062500912e-02 1.275191044681220631e-01 1.040891291573231014e-01 5.526955641715484979e-02 3.824385932536619737e-02 5.587241572405653167e-02 1.356409935665838229e-01 1.524757365606036752e-01 7.810188382020449849e-02 5.280701257115885672e-02 7.724687517051725960e-02
1.291966796658554073e-01 1.399456551557252681e-01 1.068248759566589878e-01 9.548052970525783278e-02 6.425409671391207889e-02 4.756491162841641057e-02 3.949648334079819412e-02 5.383447040224015323e-02 6.791407448982642037e-02 6.796264718783634473e-02 8.978494104530237996e-02 9.774063470817084820e-02
4.904089421673678284e-02 8.154299617219776253e-02 4.842073626095362571e-02 5.629170660470843995e-02 1.133557122178868448e-01 8.186935154242522272e-02 9.029352487003572403e-02 1.036859006740556421e-01 1.232386792033306477e-01 1.505073526511281901e-01 6.382908324363881225e-02 3.792406234290257583e-02
6.705059995667295158e-02 7.567581606592513332e-02 7.712451070442043199e-02 5.517479095550752166e-02 4.935906174230413751e-02 7.005113254635651765e-02 6.244606391133404599e-02 8.621153572339083915e-02 8.075969641324590165e-02 1.173033595815236724e-01 1.592912263363666647e-01 9.955220606295234198e-02
8.160240703845879351e-02 6.597506380269305137e-02 4.876584985220349527e-02 6.162571101630742731e-02 8.660012622694557294e-02 1.382169605341334040e-01 9.321563862952435275e-02 1.119649399837468889e-01 5.462010322201652640e-02 4.139422347953235215e-02 7.641242653654688188e-02 1.396065496778911563e-01
3.270745984940672674e-02 3.812713683367930512e-02 2.815332632293490386e-02 4.336484815750175914e-02 7.470215192271573157e-02 9.731879426586451109e-02 1.012741396392686649e-01 8.264429017853026915e-02 9.257991422417742589e-02 1.593916577803211887e-01 1.934429749060859738e-01 5.629330591951395291e-02
3.312135447743333461e-02 4.539224424312367223e-02 8.436566689782001860e-02 2.215401177842770686e-01 1.369856446267878891e-01 8.156015005894054481e-02 1.097296994780914969e-01 9.071839121112504345e-02 4.792639903983593463e-02 4.941088182367731757e-02 5.518686246018782160e-02 4.406258789869992726e-02
9.173171872898092105e-02 8.944332789384368265e-02 1.132042654441806628e-01 1.311411062821972173e-01 8.960960942327855783e-02 4.029049246880669205e-02 2.784221498773647302e-02 1.673435365552573134e-02 1.929218229906023291e-02 5.957671260711885908e-02 1.900846008563101264e-01 1.310494153529611627e-01
5.417106382290662325e-02 5.519395479113914371e-02 9.297809757516489748e-02 5.093203914822422990e-02 8.800650033958203056e-02 6.357305916439447147e-02 7.436200044254209773e-02 8.228720484370234678e-02 1.118022589598649807e-01 1.380234195687592424e-01 1.196431705116734606e-01 6.902723083204674592e-02
1.171915996047149799e-01 9.965569897554915624e-02 9.008811951593422018e-02 4.422452453072873990e-02 3.952877765821845302e-02 2.937147957735548875e-02 7.622450256181020900e-02 1.865386136195531230e-01 1.119653547421292361e-01 6.741312309491373500e-02 5.592563453420236474e-02 8.187257158489043285e-02
2.759483587344935956e-02 4.485478223062508429e-02 6.052392355434925431e-02 1.018505420829303731e-01 1.222163911821330384e-01 1.152523454448471374e-01 1.118723285782305399e-01 1.105373567561426795e-01 1.075547960220670923e-01 1.139080653869958687e-01 5.545779297048961110e-02 2.837683991774020420e-02
4.933305795992226628e-02 9.106840039029961975e-02 1.556943233392253378e-01 7.688307539304506388e-02 4.630318343785735924e-02 3.844934678953100538e-02 5.601810621866416817e-02 6.242775366782962743e-02 7.211498164067427219e-02 1.346962340164105654e-01 1.313917297627628378e-01 8.561980738377808486e-02
6.930371243190733277e-02 6.672267560210684567e-02 6.498462601130319816e-02 9.759381408644630940e-02 1.107481797478192809e-01 8.985186972253465798e-02 8.411878055093435780e-02 8.911054153963038349e-02 8.295360630341251651e-02 1.118785988575174140e-01 7.432421222283913664e-02 5.840938292354874023e-02
1.170215717204898670e-01 1.203265725049679769e-01 6.758979970789555369e-02 9.144746272589258929e-03 1.882890691829165741e-02 9.291610077325285211e-02 7.891458977190116131e-02 7.329473307341165256e-02 8.654355614890112125e-02 1.448936176365144546e-01 1.252988902237471835e-01 6.522691524803735097e-02
1.243955247646284512e-01 1.051068854807951647e-01 7.317950533724215667e-02 4.881823318851148674e-02 5.167775136685480442e-02 5.401716158429691744e-02 4.053530151916861363e-02 5.505218159510590070e-02 7.583855305335734931e-02 1.250213234417614228e-01 1.419641256082289082e-01 1.043934530600490185e-01
1.851271238635060490e-02 4.090954695579910455e-02 1.215767728325819613e-01 1.816046737232623887e-01 9.921481388305582183e-02 9.990921794966479974e-02 1.519104480226252663e-01 1.203909938506419475e-01 8.147727165360610369e-02 4.137517831439616739e-02 2.656148867341144235e-02 1.655688175460483247e-02
7.597121363538371364e-02 7.458341641023535917e-02 1.294188132576393757e-01 1.061821545643808484e-01 5.313048422051185049e-02 4.407744743479501126e-02 8.456930552445782179e-02 1.174254980305765167e-01 7.008355635681456919e-02 8.767086086363368169e-02 8.418801271796343133e-02 7.269923698360825082e-02
4.358972261670245041e-02 7.193167468348812821e-02 7.881624997112700315e-02 1.112886180818618009e-01 1.418726042385852204e-01 9.023759152041394005e-02 9.010725215590048576e-02 1.046567008518265451e-01 1.026341005065058709e-01 5.455979054626979019e-02 5.892541242759867515e-02 5.138028239971995786e-02
8.374972767092267456e-02 7.940751665828660322e-02 8.178298430038449807e-02 4.633072025031896579e-02 3.782149704237902643e-02 5.711761615722062840e-02 8.046732639440974666e-02 1.739005055352407791e-01 7.758715786071360143e-02 7.916598492320070513e-02 9.842022327125790615e-02 1.042487399356647332e-01
1.090546255030766243e-01 8.289878605040304493e-02 6.397714473830934390e-02 7.695273547023825933e-02 7.126556464743456776e-02 8.599745294153342268e-02 1.146131059214723913e-01 7.845094434510070658e-02 5.258439451068462611e-02 6.079777611090890488e-02 1.151558160593025570e-01 8.825165370153550959e-02
9.607798606726521140e-02 1.117150208459886940e-01 1.032138680089890459e-01 7.377799290250164344e-02 1.172255594681488738e-01 1.135428870274426544e-01 6.011623832370259490e-02 8.333823024595386764e-02 6.800913840221549378e-02 5.370240483078148053e-02 5.997834618465290590e-02 5.930232769235785351e-02
9.292851079705101436e-02 5.795536339967564954e-02 5.706489489849180669e-02 6.811680795184649195e-02 9.849533566961703179e-02 1.123175288056132287e-01 8.769602715489577260e-02 7.159658860186668417e-02 5.836269673066089847e-02 6.559625396572094091e-02 1.068049588176988168e-01 1.230650332068617542e-01
8.986635264868109152e-02 9.367926561103429028e-02 1.080191828177019114e-01 8.210600137343566918e-02 5.006486043524321916e-02 3.228754043692132203e-02 2.961235607805231054e-02 3.295756344794355946e-02 6.999636795236496845e-02 1.817281943123938148e-01 1.388744192408666034e-01 9.080789564536123626e-02
3.522080541434611384e-02 8.812584390387040445e-02 1.516419697897803953e-01 1.084287283358714993e-01 7.230832882757154412e-02 6.322622975272630674e-02 5.418952389825799909e-02 7.922409188976363426e-02 9.751763081850114978e-02 1.278594189301764383e-01 8.549525817933767424e-02 3.676217025979684749e-02
7.570337310839458933e-02 1.229296672727990397e-01 1.482818380778077316e-01 7.177559235901873058e-02 7.317240993994848786e-02 6.087295537063172612e-02 6.713277551238834573e-02 4.786616331930192841e-02 5.974734243900342578e-02 9.434851255525664171e-02 8.954267554864087097e-02 8.862669449680882217e-02
9.036182655065200242e-02 9.081497343805615408e-02 7.136271127699000960e-02 5.124480897771428733e-02 3.228714841379859424e-02 7.470803444764259615e-02 1.209772259891701285e-01 1.740312761988406787e-01 9.850313401393770429e-02 5.861572953812618086e-02 7.050998400257374454e-02 6.658314715249777360e-02
6.723700196832022025e-02 5.998179570869083266e-02 5.895918096595909041e-02 5.243995514890630039e-02 4.139238987666316733e-02 5.096468285248659941e-02 5.270249443091809538e-02 6.977440290901631981e-02 9.626792830584479654e-02 1.516919319971201940e-01 1.676033152647335711e-01 1.309849205713409237e-01
5.031901030303135430e-02 5.345968671940973943e-02 5.649219773848253301e-02 6.797964452843271999e-02 1.212024134409310505e-01 1.496586587319715667e-01 6.523727746996918486e-02 3.456276492874627709e-02 6.123166950888417337e-02 1.066349740260184725e-01 9.994464938755059924e-02 1.332770532165723498e-01
1.019509634288294497e-01 1.185485570298859398e-01 8.438473270701503381e-02 5.121200326817072768e-02 6.562968336709815165e-02 6.756971203979494911e-02 5.562622784382552366e-02 4.952897942029984429e-02 8.645373324112858027e-02 7.941281346668491170e-02 1.031783367473741719e-01 1.365042574398930564e-01
9.959474780097780922e-02 1.441731510738823718e-01 1.371041136147105044e-01 9.340982542042343406e-02 5.102277385040877855e-02 5.948090377388803862e-02 4.413144838438001066e-02 4.400058002439831417e-02 6.430179396273426329e-02 9.046513437567113569e-02 9.930360946452279625e-02 7.301191825400293878e-02
5.175616873750363278e-02 9.216011523800708705e-02 1.434221539981585247e-01 8.591366530529594148e-02 6.198298649803191812e-02 6.889353283974092301e-02 7.954603084578525107e-02 7.850493197720215255e-02 9.888623349296812859e-02 1.085944493123965626e-01 7.521214549322605136e-02 5.512758626168388215e-02
6.043991691121359394e-02 6.496219425610026688e-02 1.263636555536964967e-01 1.435825673039100581e-01 7.830111078092617805e-02 3.276682069816826137e-02 5.590364773862253889e-02 5.033268821763955264e-02 7.979050855587255242e-02 1.568043750945802284e-01 8.371006885954836163e-02 6.704244602972178613e-02
9.417013853223250852e-02 1.243457414551163154e-01 7.839409439933879564e-02 6.547401661141753759e-02 4.210567817371854010e-02 2.911411887327309753e-02 4.315779845915844459e-02 5.610144045967970644e-02 6.542524013344987177e-02 1.658119259057863060e-01 1.021482648095176221e-01 1.337515421873115562e-01
4.071563335163309177e-02 1.176396040777077101e-01 1.714733071503760087e-01 7.815891584514177148e-02 7.666935537306862614e-02 6.461920325523444475e-02 8.362846501362375395e-02 1.004771021534317937e-01 7.671866549226549759e-02 7.069306980287617947e-02 7.789111228292791567e-02 4.131556620171313032e-02
1.101113239090857898e-01 9.416778794687324927e-02 9.636225433858278122e-02 6.673588953600884111e-02 5.455944804389789571e-02 5.005148357936334280e-02 5.752408827192147245e-02 7.160377090090415397e-02 9.089375662610259254e-02 6.241026225306529895e-02 1.017748197522626297e-01 1.438051148419319802e-01
1.572234028773071834e-01 1.094604887741475602e-01 6.308707144814090784e-02 8.483508402416566063e-02 1.542130819267010233e-01 1.081966713769337007e-01 5.142776393949205493e-02 4.203500346760215278e-02 5.885287923587774472e-02 5.810939995539490810e-02 4.256792403695586202e-02 6.999122893728151884e-02
1.127692990982792076e-01 2.322223300567770043e-01 1.084220539112576986e-01 4.875894596861253538e-02 5.399151259352805154e-02 4.865438814102307497e-02 6.169306533356927469e-02 7.151756340985584992e-02 7.584620772352498874e-02 6.337069131485809081e-02 5.519386597533273986e-02 6.756007647338183042e-02
8.275013542990915238e-02 1.095941192040023465e-01 7.331955623604356764e-02 9.693057728747056512e-02 7.460530981555198171e-02 3.333016811531275964e-02 4.861628613319449177e-02 1.415973124848965425e-01 1.475847721035705717e-01 1.033988825787516691e-01 5.284068616376508265e-02 3.543219444753157449e-02
4.206743311485217768e-02 5.684871870805762589e-02 7.376612316223710164e-02 8.567709916994492580e-02 8.196885328413347493e-02 1.076274603845916444e-01 5.979104056582437710e-02 6.001531647587728807e-02 1.131168337015713982e-01 1.936259314475149984e-01 8.506087381813332016e-02 4.043431616726172323e-02
3.874835065874220746e-02 2.190590624174906104e-02 1.586136347903115834e-02 4.036626962950518732e-02 8.696297765976369887e-02 8.899634168002616696e-02 1.418676560074956516e-01 1.242248025496544006e-01 1.439927735021911126e-01 1.260460205022251590e-01 1.086553831573610213e-01 6.237215493225529289e-02
