4.962416234445981567e-01 2.448590032919211457e-01 -2.915247802555621937e-02 -5.709677608380307745e-02 9.434381000387705857e-03 3.308710030386323442e-02 1.588097702714058666e-04 -3.406404794628006827e-02 5.185737242788448359e-03 6.180912832978734117e-02 -1.821565911197717269e-02 -2.603660104945521025e-01
2.448590032919211457e-01 5.634222707666586283e-01 2.602979023794770308e-01 -4.198288832394792523e-03 -6.638915720921120811e-02 -2.881901898995346128e-03 3.596550742390083183e-02 -1.177801417488497787e-03 -3.465406635774398447e-02 6.881839922237413879e-03 6.109795620737690225e-02 8.908048450059755097e-03
-2.915247802555621937e-02 2.602979023794770308e-01 4.847236311357945304e-01 2.448322648167109428e-01 1.277305885112852216e-02 -5.566393149635179283e-02 -1.460859644444964869e-02 3.295084896308744793e-02 7.430842513665065346e-03 -3.580645803310778669e-02 -6.834748430513071238e-03 6.299984766269323133e-02
-5.709677608380307745e-02 -4.198288832394792523e-03 2.448322648167109428e-01 4.868396993136479556e-01 2.557972224222165858e-01 9.878409301079232180e-03 -6.202173306523295349e-02 -7.697640998607656370e-04 3.440609212538510431e-02 -3.230852667500799628e-03 -3.352908296735561400e-02 -5.655081709877676777e-03
9.434381000387705857e-03 -6.638915720921120811e-02 1.277305885112852216e-02 2.557972224222165858e-01 4.968693152305732053e-01 2.414266213012900564e-01 1.604147746128881807e-02 -5.761227601000430687e-02 -3.162727712585812131e-03 3.332593650295238158e-02 6.538608888084374710e-04 -3.518480535808972409e-02
3.308710030386323442e-02 -2.881901898995346128e-03 -5.566393149635179283e-02 9.878409301079232180e-03 2.414266213012900564e-01 4.636817011033116387e-01 2.612929695799254826e-01 -5.962314741420688541e-03 -6.355690214141641869e-02 7.959113247601982619e-03 3.476665627384060986e-02 1.124301368345595421e-03
1.588097702714058666e-04 3.596550742390083183e-02 -1.460859644444964869e-02 -6.202173306523295349e-02 1.604147746128881807e-02 2.612929695799254826e-01 5.200196631511724288e-01 2.413498352220092569e-01 -1.220069492024162920e-02 -5.403341558174329373e-02 8.912292351397812368e-03 3.340630065815820837e-02
-3.406404794628006827e-02 -1.177801417488497787e-03 3.295084896308744793e-02 -7.697640998607656370e-04 -5.761227601000430687e-02 -5.962314741420688541e-03 2.413498352220092569e-01 5.169201874094694338e-01 2.568291250761285394e-01 -1.041634310854553866e-02 -6.488166865817014684e-02 -5.453002442065781746e-03
5.185737242788448359e-03 -3.465406635774398447e-02 7.430842513665065346e-03 3.440609212538510431e-02 -3.162727712585812131e-03 -6.355690214141641869e-02 -1.220069492024162920e-02 2.568291250761285394e-01 4.988487003006299991e-01 2.407854788212999975e-01 -5.310899956770992296e-03 -5.732497127374743678e-02
6.180912832978734117e-02 6.881839922237413879e-03 -3.580645803310778669e-02 -3.230852667500799628e-03 3.332593650295238158e-02 7.959113247601982619e-03 -5.403341558174329373e-02 -1.041634310854553866e-02 2.407854788212999975e-01 5.329631123739465570e-01 2.641223802551779798e-01 1.934060961526693975e-02
-1.821565911197717269e-02 6.109795620737690225e-02 -6.834748430513071238e-03 -3.352908296735561400e-02 6.538608888084374710e-04 3.476665627384060986e-02 8.912292351397812368e-03 -6.488166865817014684e-02 -5.310899956770992296e-03 2.641223802551779798e-01 4.511542662786473534e-01 2.401387174748123576e-01
-2.603660104945521025e-01 8.908048450059755097e-03 6.299984766269323133e-02 -5.655081709877676777e-03 -3.518480535808972409e-02 1.124301368345595421e-03 3.340630065815820837e-02 -5.453002442065781746e-03 -5.732497127374743678e-02 1.934060961526693975e-02 2.401387174748123576e-01 4.883158294915894704e-01
5.392786671203801951e-01 2.531133371155614431e-01 4.326468139263931964e-03 -5.939888083524745566e-02 4.819878477315608575e-03 3.434498303733979352e-02 -3.283511882547609020e-03 -3.338009505819675149e-02 5.672911675057415448e-03 5.963975302032480108e-02 5.559011285924362299e-03 -2.473203522953693612e-01
2.531133371155614431e-01 4.908735654185624742e-01 2.468776760054945396e-01 6.705767686218047294e-03 -6.057726461047429484e-02 -1.232293897872645608e-02 3.283282303564513671e-02 5.148670487143536603e-03 -3.326686950314054758e-02 -3.643238429972940964e-03 5.999390752857017978e-02 2.053610565434541707e-02
4.326468139263931964e-03 2.468776760054945396e-01 4.702477879448873077e-01 2.521210490511270330e-01 -1.265438343945301386e-02 -6.269328728617934443e-02 5.797680454006946121e-03 3.387673532005911620e-02 -5.575949745835559294e-03 -3.302158935500163622e-02 -5.650257872481984122e-04 5.852075480423291065e-02
-5.939888083524745566e-02 6.705767686218047294e-03 2.521210490511270330e-01 5.528265429742580395e-01 2.548236121020510669e-01 1.591085088308004380e-02 -5.870215675264345290e-02 -3.047235516017335766e-03 3.207946605167798226e-02 -1.321555416080614706e-04 -3.297125354174484241e-02 -6.236417499735503155e-03
4.819878477315608575e-03 -6.057726461047429484e-02 -1.265438343945301386e-02 2.548236121020510669e-01 4.476727024971415281e-01 2.503808070016216303e-01 2.897497631603437700e-03 -5.964658944413397945e-02 7.383800119230728414e-04 3.334687208689914029e-02 5.470880316351884806e-03 -3.232368151849618343e-02
3.434498303733979352e-02 -1.232293897872645608e-02 -6.269328728617934443e-02 1.591085088308004380e-02 2.503808070016216303e-01 5.086527322494898140e-01 2.476846677821639975e-01 -1.143689569318412022e-02 -5.667972385893081666e-02 8.945296389528002018e-03 3.353821063921914175e-02 -1.477422654561599737e-03
-3.283511882547609020e-03 3.283282303564513671e-02 5.797680454006946121e-03 -5.870215675264345290e-02 2.897497631603437700e-03 2.476846677821639975e-01 5.194825334496214753e-01 2.513585712176367726e-01 -4.537008066041011561e-03 -6.115351256724890078e-02 -5.893025814613846516e-03 3.218464303249798236e-02
-3.338009505819675149e-02 5.148670487143536603e-03 3.387673532005911620e-02 -3.047235516017335766e-03 -5.964658944413397945e-02 -1.143689569318412022e-02 2.513585712176367726e-01 4.916645337541829530e-01 2.453395765927687266e-01 -5.377586573731650901e-03 -5.797695701675610602e-02 -3.928534392846304117e-03
5.672911675057415448e-03 -3.326686950314054758e-02 -5.575949745835559294e-03 3.207946605167798226e-02 7.383800119230728414e-04 -5.667972385893081666e-02 -4.537008066041011561e-03 2.453395765927687266e-01 5.263782271211788766e-01 2.564616715191923024e-01 1.455875534162025253e-02 -5.893326727650922969e-02
5.963975302032480108e-02 -3.643238429972940964e-03 -3.302158935500163622e-02 -1.321555416080614706e-04 3.334687208689914029e-02 8.945296389528002018e-03 -6.115351256724890078e-02 -5.377586573731650901e-03 2.564616715191923024e-01 4.662706529974923741e-01 2.440064766819423636e-01 1.493831206023679345e-02
5.559011285924362299e-03 5.999390752857017978e-02 -5.650257872481984122e-04 -3.297125354174484241e-02 5.470880316351884806e-03 3.353821063921914175e-02 -5.893025814613846516e-03 -5.797695701675610602e-02 1.455875534162025253e-02 2.440064766819423636e-01 4.860445175388853345e-01 2.544220588939554717e-01
-2.473203522953693612e-01 2.053610565434541707e-02 5.852075480423291065e-02 -6.236417499735503155e-03 -3.232368151849618343e-02 -1.477422654561599737e-03 3.218464303249798236e-02 -3.928534392846304117e-03 -5.893326727650922969e-02 1.493831206023679345e-02 2.544220588939554717e-01 5.006075369339388903e-01
5.270060062467794015e-01 2.463511723375530482e-01 -4.491315268871302890e-03 -5.686757516587562233e-02 2.565362394079601267e-03 3.109994907739752068e-02 -1.396149349938641607e-03 -3.153239446879901181e-02 4.102090252126317296e-03 5.869542163138129209e-02 -7.059360835466668704e-03 -2.544711719890259127e-01
2.463511723375530482e-01 4.846375889002608739e-01 2.511454324239770219e-01 -8.876035423363390353e-03 -5.823729340399497884e-02 8.147116458043224263e-03 3.211951294718731753e-02 -1.634529818891126800e-03 -3.162963761436855814e-02 2.865046918204744008e-03 5.804435403867494458e-02 6.345155011184705832e-03
-4.491315268871302890e-03 2.511454324239770219e-01 5.307474963951008817e-01 2.485681194122312809e-01 -2.335067915211990093e-03 -5.831856570365626102e-02 -4.640962805352731222e-04 3.185353567141730596e-02 -1.470932904418702138e-03 -3.246865708400489825e-02 1.816139377653950898e-03 6.061140690580384127e-02
-5.686757516587562233e-02 -8.876035423363390353e-03 2.485681194122312809e-01 4.836349247710337029e-01 2.488321763771331463e-01 -6.399200530635513681e-03 -5.843170836478410457e-02 -2.660056262400011494e-03 3.197504372500972747e-02 1.453326428349267091e-03 -3.228559497253451205e-02 -8.412988209790637703e-03
2.565362394079601267e-03 -5.823729340399497884e-02 -2.335067915211990093e-03 2.488321763771331463e-01 5.215392905269992108e-01 2.498107512665707630e-01 3.116703339506471729e-03 -5.758334079588639520e-02 2.730727265450751508e-04 3.150267971285020813e-02 -3.118081470966571275e-04 -3.218049382241206652e-02
3.109994907739752068e-02 8.147116458043224263e-03 -5.831856570365626102e-02 -6.399200530635513681e-03 2.498107512665707630e-01 4.927867265348199743e-01 2.484526099585621650e-01 1.162372145387148212e-02 -5.796507093938451510e-02 -4.241171283296350097e-03 3.203500068556784652e-02 8.679023781500240509e-03
-1.396149349938641607e-03 3.211951294718731753e-02 -4.640962805352731222e-04 -5.843170836478410457e-02 3.116703339506471729e-03 2.484526099585621650e-01 4.784745375365810349e-01 2.487003850547393480e-01 -3.432280582842469827e-03 -5.692513154042726231e-02 1.717313616976701325e-03 3.139665071243965405e-02
-3.153239446879901181e-02 -1.634529818891126800e-03 3.185353567141730596e-02 -2.660056262400011494e-03 -5.758334079588639520e-02 1.162372145387148212e-02 2.487003850547393480e-01 5.121984766719508420e-01 2.485854791008638154e-01 -4.099576965426152825e-03 -5.814067246793445248e-02 -4.670579058960757507e-03
4.102090252126317296e-03 -3.162963761436855814e-02 -1.470932904418702138e-03 3.197504372500972747e-02 2.730727265450751508e-04 -5.796507093938451510e-02 -3.432280582842469827e-03 2.485854791008638154e-01 5.023557495391234307e-01 2.471277158331880996e-01 1.016036722286475097e-03 -5.644397372600785251e-02
5.869542163138129209e-02 2.865046918204744008e-03 -3.246865708400489825e-02 1.453326428349267091e-03 3.150267971285020813e-02 -4.241171283296350097e-03 -5.692513154042726231e-02 -4.099576965426152825e-03 2.471277158331880996e-01 5.018713550466924467e-01 2.503567495504873675e-01 1.264656843837814841e-02
-7.059360835466668704e-03 5.804435403867494458e-02 1.816139377653950898e-03 -3.228559497253451205e-02 -3.118081470966571275e-04 3.203500068556784652e-02 1.717313616976701325e-03 -5.814067246793445248e-02 1.016036722286475097e-03 2.503567495504873675e-01 4.848526155682160721e-01 2.455476315972799917e-01
-2.544711719890259127e-01 6.345155011184705832e-03 6.061140690580384127e-02 -8.412988209790637703e-03 -3.218049382241206652e-02 8.679023781500240509e-03 3.139665071243965405e-02 -4.670579058960757507e-03 -5.644397372600785251e-02 1.264656843837814841e-02 2.455476315972799917e-01 4.798952322624392974e-01
4.930865867598225871e-01 2.534020760888190393e-01 5.784438253747897080e-03 -6.657078049491507721e-02 1.793065809756999238e-02 3.802133282534105041e-02 3.897171923433884102e-03 -3.309697891803443925e-02 2.806721275137068379e-03 5.675131735830769159e-02 -6.833725703312284842e-03 -2.456453899738215707e-01
2.534020760888190393e-01 4.843932627364817556e-01 2.504137002006736057e-01 -1.703115464191699846e-02 -5.365771190375796112e-02 1.347293237109648857e-02 3.790864188965652193e-02 -7.128401730942418926e-03 -3.502685613330375203e-02 6.505187613167215735e-03 6.086422387483557406e-02 -8.504812673564735720e-03
5.784438253747897080e-03 2.504137002006736057e-01 5.236603644422941350e-01 2.558286011662211368e-01 -4.278693029562761346e-02 -7.225282518147416178e-02 -4.385649128116363149e-03 3.650739165036390177e-02 -3.578573779781772397e-03 -3.386340734373821659e-02 6.205516037118023395e-03 5.981130895246428852e-02
-6.657078049491507721e-02 -1.703115464191699846e-02 2.558286011662211368e-01 5.467798472647791286e-01 2.447730318156575990e-01 -3.994880829705317604e-03 -6.654352471320928997e-02 2.887558853846575397e-04 3.849656949425545732e-02 6.759008101552906218e-04 -3.872324919826088119e-02 -3.735050725829619674e-03
1.793065809756999238e-02 -5.365771190375796112e-02 -4.278693029562761346e-02 2.447730318156575990e-01 5.496551594173368915e-01 2.795321767124113732e-01 4.492756409486443891e-02 -6.735761353251343286e-02 -1.434809492465844577e-02 3.531684443167801973e-02 1.086029583801876620e-02 -3.244174462067943299e-02
3.802133282534105041e-02 1.347293237109648857e-02 -7.225282518147416178e-02 -3.994880829705317604e-03 2.795321767124113732e-01 3.884699508841716886e-01 2.389500345931453718e-01 9.804703632306366670e-03 -5.804996537776238585e-02 -5.246730360132576335e-03 3.472412315661292659e-02 7.048329406444820387e-03
3.897171923433884102e-03 3.790864188965652193e-02 -4.385649128116363149e-03 -6.654352471320928997e-02 4.492756409486443891e-02 2.389500345931453718e-01 5.102705856084567282e-01 2.595449835343844880e-01 -1.584751706018265940e-02 -6.359514414717643005e-02 8.299595950387175097e-03 3.672132970762922999e-02
-3.309697891803443925e-02 -7.128401730942418926e-03 3.650739165036390177e-02 2.887558853846575397e-04 -6.735761353251343286e-02 9.804703632306366670e-03 2.595449835343844880e-01 5.249845837198846565e-01 2.443702189351288079e-01 2.315120808746067450e-03 -5.720093205064601116e-02 -4.441152165676134564e-03
2.806721275137068379e-03 -3.502685613330375203e-02 -3.578573779781772397e-03 3.849656949425545732e-02 -1.434809492465844577e-02 -5.804996537776238585e-02 -1.584751706018265940e-02 2.443702189351288079e-01 4.870482466023439705e-01 2.537273308279511808e-01 -3.320459075391956998e-04 -6.107231914377849596e-02
5.675131735830769159e-02 6.505187613167215735e-03 -3.386340734373821659e-02 6.759008101552906218e-04 3.531684443167801973e-02 -5.246730360132576335e-03 -6.359514414717643005e-02 2.315120808746067450e-03 2.537273308279511808e-01 5.074085997066961617e-01 2.451114286866741265e-01 4.397799083448779983e-03
-6.833725703312284842e-03 6.086422387483557406e-02 6.205516037118023395e-03 -3.872324919826088119e-02 1.086029583801876620e-02 3.472412315661292659e-02 8.299595950387175097e-03 -5.720093205064601116e-02 -3.320459075391956998e-04 2.451114286866741265e-01 4.923932185549041440e-01 2.525198163190470746e-01
-2.456453899738215707e-01 -8.504812673564735720e-03 5.981130895246428852e-02 -3.735050725829619674e-03 -3.244174462067943299e-02 7.048329406444820387e-03 3.672132970762922999e-02 -4.441152165676134564e-03 -6.107231914377849596e-02 4.397799083448779983e-03 2.525198163190470746e-01 4.918495943028882156e-01
5.108105562980702619e-01 2.449547064967842747e-01 -1.822424600635724756e-03 -5.732915047394616936e-02 3.832992353051024956e-03 3.171506099984439109e-02 -4.980956638591908445e-03 -3.363191451057058468e-02 2.076946848716412775e-03 6.123998169624386700e-02 1.023875048504466895e-02 -2.520530164951606533e-01
2.449547064967842747e-01 5.176580745197290057e-01 2.545682961844970560e-01 1.302975432302158967e-02 -6.118061012211462035e-02 -6.097147818586069398e-03 3.386482963438856852e-02 6.820226972435930804e-03 -3.180590283783868433e-02 -7.124767184895261160e-03 5.500377107648163344e-02 1.136569912994975402e-02
-1.822424600635724756e-03 2.545682961844970560e-01 4.576449611817869911e-01 2.478219108015811967e-01 -4.127786984078811103e-03 -5.682395474636722787e-02 4.979483745711972900e-03 3.162191991813026459e-02 -3.311510668171377750e-04 -3.247932014010659896e-02 -6.212359234950142438e-03 6.028947244007352990e-02
-5.732915047394616936e-02 1.302975432302158967e-02 2.478219108015811967e-01 5.301499991705982406e-01 2.519734271402818693e-01 -2.145895617151966778e-03 -5.983818737768892976e-02 -2.289588880778250200e-03 3.217345957810678614e-02 6.011759608906715180e-04 -3.148493864257619068e-02 1.535298417257104347e-03
3.832992353051024956e-03 -6.118061012211462035e-02 -4.127786984078811103e-03 2.519734271402818693e-01 4.842167403653228064e-01 2.454689517089613526e-01 -4.045712090877139067e-03 -5.633714507593381299e-02 -1.976854238000540828e-03 3.137281776929998905e-02 6.684478689458277570e-03 -3.287228799985714850e-02
3.171506099984439109e-02 -6.097147818586069398e-03 -5.682395474636722787e-02 -2.145895617151966778e-03 2.454689517089613526e-01 5.179634231521361709e-01 2.528051943098465482e-01 5.705724797368528535e-03 -5.908140300822974783e-02 -1.039904805456858027e-03 3.228424488207326526e-02 -6.083810913229887370e-04
-4.980956638591908445e-03 3.386482963438856852e-02 4.979483745711972900e-03 -5.983818737768892976e-02 -4.045712090877139067e-03 2.528051943098465482e-01 4.900107700686244239e-01 2.442597915751049953e-01 7.650828770165042994e-03 -5.635547819599778796e-02 -1.050410258070065724e-02 3.231609668346686892e-02
-3.363191451057058468e-02 6.820226972435930804e-03 3.162191991813026459e-02 -2.289588880778250200e-03 -5.633714507593381299e-02 5.705724797368528535e-03 2.442597915751049953e-01 4.790119764126535840e-01 2.535775451634966204e-01 -2.252031964317315928e-03 -6.183290422990984914e-02 3.183473195146942474e-03
2.076946848716412775e-03 -3.180590283783868433e-02 -3.311510668171377750e-04 3.217345957810678614e-02 -1.976854238000540828e-03 -5.908140300822974783e-02 7.650828770165042994e-03 2.535775451634966204e-01 5.261161915695418134e-01 2.457195798961823718e-01 1.204862838288276762e-02 -5.725996354696782920e-02
6.123998169624386700e-02 -7.124767184895261160e-03 -3.247932014010659896e-02 6.011759608906715180e-04 3.137281776929998905e-02 -1.039904805456858027e-03 -5.635547819599778796e-02 -2.252031964317315928e-03 2.457195798961823718e-01 4.606463414416858138e-01 2.560618739365582153e-01 -2.038788090659200344e-03
1.023875048504466895e-02 5.500377107648163344e-02 -6.212359234950142438e-03 -3.148493864257619068e-02 6.684478689458277570e-03 3.228424488207326526e-02 -1.050410258070065724e-02 -6.183290422990984914e-02 1.204862838288276762e-02 2.560618739365582153e-01 5.182605466106495751e-01 2.448209552029965985e-01
-2.520530164951606533e-01 1.136569912994975402e-02 6.028947244007352990e-02 1.535298417257104347e-03 -3.287228799985714850e-02 -6.083810913229887370e-04 3.231609668346686892e-02 3.183473195146942474e-03 -5.725996354696782920e-02 -2.038788090659200344e-03 2.448209552029965985e-01 5.075104192092061428e-01
5.022602735975676413e-01 2.461909505091110506e-01 9.337189500264643158e-03 -6.311092602315790390e-02 1.370313117025095430e-02 3.373140374963209953e-02 -7.187398366292345638e-03 -3.515845018834622832e-02 5.558979723134072938e-03 6.472014551600116516e-02 1.954519400752253479e-03 -2.542245243218688167e-01
2.461909505091110506e-01 4.850278615759078260e-01 2.566986398869542940e-01 -1.065070270305065389e-02 -6.121460287547302731e-02 1.167058407000190132e-02 3.744214140713833516e-02 -9.156173216717404528e-03 -4.045387333271790314e-02 -7.254565411217050140e-03 5.919486487298471211e-02 -2.183003860235934769e-03
9.337189500264643158e-03 2.566986398869542940e-01 4.991520492973422485e-01 2.489627218174181589e-01 -3.472287314258554192e-02 -5.878192038904426348e-02 1.377223169257783819e-02 3.519201305548800424e-02 -1.004860858555300766e-02 -4.016590243748772993e-02 4.482119671204851802e-03 6.395679008888764672e-02
-6.311092602315790390e-02 -1.065070270305065389e-02 2.489627218174181589e-01 5.700289086882441847e-01 2.557182642445549048e-01 -1.546561139041338975e-02 -7.219510973716394830e-02 7.998742456853624033e-03 5.054202758484155344e-02 1.220855705841287532e-02 -3.950398123581519427e-02 -5.055525468329722175e-03
1.370313117025095430e-02 -6.121460287547302731e-02 -3.472287314258554192e-02 2.557182642445549048e-01 5.008855632955020454e-01 2.548503451790208318e-01 1.348540224446773128e-02 -6.438848352802742370e-02 -1.164978242556895249e-02 3.387820236078217112e-02 1.177315864544619534e-02 -3.488908923126630979e-02
3.373140374963209953e-02 1.167058407000190132e-02 -5.878192038904426348e-02 -1.546561139041338975e-02 2.548503451790208318e-01 4.884454178635970756e-01 2.538296042819046527e-01 7.054039875207623834e-04 -6.762157982008545898e-02 -1.887647726332824030e-02 3.488145047968629897e-02 9.374528531915107474e-03
-7.187398366292345638e-03 3.744214140713833516e-02 1.377223169257783819e-02 -7.219510973716394830e-02 1.348540224446773128e-02 2.538296042819046527e-01 4.876983159582255478e-01 2.492584245188207981e-01 8.981433845277277464e-03 -5.873639122441009358e-02 -8.284576486040688692e-03 3.536734693333688784e-02
-3.515845018834622832e-02 -9.156173216717404528e-03 3.519201305548800424e-02 7.998742456853624033e-03 -6.438848352802742370e-02 7.054039875207623834e-04 2.492584245188207981e-01 5.195099648687460103e-01 2.586985403473862077e-01 3.259796381546431476e-02 -6.259206815470252927e-02 -1.017910872779034456e-02
5.558979723134072938e-03 -4.045387333271790314e-02 -1.004860858555300766e-02 5.054202758484155344e-02 -1.164978242556895249e-02 -6.762157982008545898e-02 8.981433845277277464e-03 2.586985403473862077e-01 4.290215725698214300e-01 2.471944747072405690e-01 1.066091456385629202e-02 -6.379665253739838504e-02
6.472014551600116516e-02 -7.254565411217050140e-03 -4.016590243748772993e-02 1.220855705841287532e-02 3.387820236078217112e-02 -1.887647726332824030e-02 -5.873639122441009358e-02 3.259796381546431476e-02 2.471944747072405690e-01 4.959622116900996303e-01 2.596045652522351310e-01 -1.465863301669009106e-02
1.954519400752253479e-03 5.919486487298471211e-02 4.482119671204851802e-03 -3.950398123581519427e-02 1.177315864544619534e-02 3.488145047968629897e-02 -8.284576486040688692e-03 -6.259206815470252927e-02 1.066091456385629202e-02 2.596045652522351310e-01 5.275902466510891120e-01 2.455232036450800681e-01
-2.542245243218688167e-01 -2.183003860235934769e-03 6.395679008888764672e-02 -5.055525468329722175e-03 -3.488908923126630979e-02 9.374528531915107474e-03 3.536734693333688784e-02 -1.017910872779034456e-02 -6.379665253739838504e-02 -1.465863301669009106e-02 2.455232036450800681e-01 4.944176139438780648e-01
4.918613889746152879e-01 2.499521625564857796e-01 6.656642293933751411e-03 -5.795635176159150831e-02 -2.226667925590450521e-03 3.241052398214937930e-02 5.990304056101162893e-03 -3.042258689410683170e-02 -4.555390407310058384e-03 5.682241788584381503e-02 1.636602125564679683e-02 -2.491447167627946491e-01
2.499521625564857796e-01 4.931320138144710818e-01 2.464426434913492558e-01 6.990236292283400106e-03 -5.633264990938565558e-02 2.102422349332798857e-03 3.145465976589167933e-02 3.647223949222840739e-03 -3.211491251802569419e-02 -1.020712899638723118e-03 5.873929193033570334e-02 1.198780031076731017e-04
6.656642293933751411e-03 2.464426434913492558e-01 4.927518933921271049e-01 2.504916843070302823e-01 -2.419734291202153310e-03 -5.945636989494140073e-02 -4.809905190764127321e-03 3.120178283755074139e-02 1.897635500538938369e-03 -3.102612932228791115e-02 -5.278877175737176075e-03 5.800198464316803915e-02
-5.795635176159150831e-02 6.990236292283400106e-03 2.504916843070302823e-01 4.943654064070202581e-01 2.452772186542509780e-01 -1.103949343861550247e-02 -5.752028921636936215e-02 -1.318438467529972971e-03 3.214598146441796644e-02 -1.920298214147791701e-03 -3.257164357321505610e-02 3.811253252197172557e-03
-2.226667925590450521e-03 -5.633264990938565558e-02 -2.419734291202153310e-03 2.452772186542509780e-01 5.330099697352084220e-01 2.558849550922405180e-01 1.166840253217471882e-02 -5.864601810210916255e-02 -3.275321377527972300e-03 3.154908508256227401e-02 4.674224878300512441e-03 -3.148052915841832722e-02
3.241052398214937930e-02 2.102422349332798857e-03 -5.945636989494140073e-02 -1.103949343861550247e-02 2.558849550922405180e-01 4.707781033300446061e-01 2.434113346571926406e-01 1.367661503797179892e-02 -5.774926207904208797e-02 -1.982906886615629430e-03 3.201761427433057194e-02 9.506370309003577381e-04
5.990304056101162893e-03 3.145465976589167933e-02 -4.809905190764127321e-03 -5.752028921636936215e-02 1.166840253217471882e-02 2.434113346571926406e-01 4.836369088451361042e-01 2.541725988522383073e-01 -6.437856242283902623e-03 -5.908337798271876690e-02 -4.894349637321367000e-04 3.262523914588380536e-02
-3.042258689410683170e-02 3.647223949222840739e-03 3.120178283755074139e-02 -1.318438467529972971e-03 -5.864601810210916255e-02 1.367661503797179892e-02 2.541725988522383073e-01 5.089562986347235807e-01 2.453871541630491260e-01 -8.737629870488304931e-03 -5.711973778150841730e-02 4.953282242830531548e-03
-4.555390407310058384e-03 -3.211491251802569419e-02 1.897635500538938369e-03 3.214598146441796644e-02 -3.275321377527972300e-03 -5.774926207904208797e-02 -6.437856242283902623e-03 2.453871541630491260e-01 5.199132851356127460e-01 2.512361742545874410e-01 7.690579317007671320e-03 -5.873035277404296817e-02
5.682241788584381503e-02 -1.020712899638723118e-03 -3.102612932228791115e-02 -1.920298214147791701e-03 3.154908508256227401e-02 -1.982906886615629430e-03 -5.908337798271876690e-02 -8.737629870488304931e-03 2.512361742545874410e-01 4.802274574044820277e-01 2.470776166310722499e-01 -1.874993351145959677e-03
1.636602125564679683e-02 5.873929193033570334e-02 -5.278877175737176075e-03 -3.257164357321505610e-02 4.674224878300512441e-03 3.201761427433057194e-02 -4.894349637321367000e-04 -5.711973778150841730e-02 7.690579317007671320e-03 2.470776166310722499e-01 4.994944526755038527e-01 2.498366134098529701e-01
-2.491447167627946491e-01 1.198780031076731017e-04 5.800198464316803915e-02 3.811253252197172557e-03 -3.148052915841832722e-02 9.506370309003577381e-04 3.262523914588380536e-02 4.953282242830531548e-03 -5.873035277404296817e-02 -1.874993351145959677e-03 2.498366134098529701e-01 5.318728216511019458e-01
4.816363586522001139e-01 2.676598660554369014e-01 2.002276822896233155e-02 -7.768595461572830319e-02 1.578933014777901198e-02 4.245117519997960304e-02 -1.028595500001420159e-02 -3.347112996683784814e-02 6.947724979344647653e-03 5.713330409040909275e-02 -2.083326097804514415e-02 -2.388871522572334483e-01
2.676598660554369014e-01 5.231792525708872654e-01 2.369932334205416269e-01 2.878470153158886342e-03 -6.222759955986451041e-02 -4.694562256941984396e-03 3.735626422088549753e-02 -8.400846895365979283e-03 -4.296258827188124962e-02 -4.265336772740237030e-03 7.044209710821867920e-02 2.416981159358475538e-03
2.002276822896233155e-02 2.369932334205416269e-01 4.059006081550777245e-01 2.863595889528857130e-01 -3.506270299842277616e-02 -7.709036412726216758e-02 1.883749466317562182e-02 3.629597841365862776e-02 -1.339945474401701107e-02 -3.653481197772938394e-02 2.022470107344316245e-02 5.661729860785764262e-02
-7.768595461572830319e-02 2.878470153158886342e-03 2.863595889528857130e-01 6.381418338723795491e-01 2.386768322825414679e-01 -9.124133582077984320e-03 -5.659212927417683892e-02 1.584965949216056783e-02 4.297806432475802241e-02 2.252656676332552045e-04 -4.445138207928132912e-02 1.911475411697493307e-03
1.578933014777901198e-02 -6.222759955986451041e-02 -3.506270299842277616e-02 2.386768322825414679e-01 4.467599111742387441e-01 2.695542217293341314e-01 1.723462846356179192e-03 -7.153843246578445170e-02 -8.657967491883345607e-03 3.910028501089569952e-02 3.029895504066466849e-03 -3.707770688908827023e-02
4.245117519997960304e-02 -4.694562256941984396e-03 -7.709036412726216758e-02 -9.124133582077984320e-03 2.695542217293341314e-01 5.236566114478723444e-01 2.361907426680711908e-01 -2.635254452218280252e-02 -6.249574477760613117e-02 -6.302425278874752021e-04 3.866399792091568255e-02 -1.564661952890263399e-03
-1.028595500001420159e-02 3.735626422088549753e-02 1.883749466317562182e-02 -5.659212927417683892e-02 1.723462846356179192e-03 2.361907426680711908e-01 5.290643987351340005e-01 2.701657817705551690e-01 1.293804331494673165e-02 -6.948956171268588777e-02 1.285973547610549939e-04 3.923263621817390384e-02
-3.347112996683784814e-02 -8.400846895365979283e-03 3.629597841365862776e-02 1.584965949216056783e-02 -7.153843246578445170e-02 -2.635254452218280252e-02 2.701657817705551690e-01 4.997548059230980111e-01 2.379703688018456886e-01 2.709759967262301283e-02 -6.021401598308077918e-02 -1.288135130049962440e-02
6.947724979344647653e-03 -4.296258827188124962e-02 -1.339945474401701107e-02 4.297806432475802241e-02 -8.657967491883345607e-03 -6.249574477760613117e-02 1.293804331494673165e-02 2.379703688018456886e-01 4.155090996460480413e-01 2.742932236654880285e-01 -9.819574860938561078e-03 -7.050706589987576489e-02
5.713330409040909275e-02 -4.265336772740237030e-03 -3.653481197772938394e-02 2.252656676332552045e-04 3.910028501089569952e-02 -6.302425278874752021e-04 -6.948956171268588777e-02 2.709759967262301283e-02 2.742932236654880285e-01 5.665916605256781091e-01 2.397336833526916011e-01 -5.382587240164693129e-03
-2.083326097804514415e-02 7.044209710821867920e-02 2.022470107344316245e-02 -4.445138207928132912e-02 3.029895504066466849e-03 3.866399792091568255e-02 1.285973547610549939e-04 -6.021401598308077918e-02 -9.819574860938561078e-03 2.397336833526916011e-01 4.809669916838145154e-01 2.629258713761006283e-01
-2.388871522572334483e-01 2.416981159358475538e-03 5.661729860785764262e-02 1.911475411697493307e-03 -3.707770688908827023e-02 -1.564661952890263399e-03 3.923263621817390384e-02 -1.288135130049962440e-02 -7.050706589987576489e-02 -5.382587240164693129e-03 2.629258713761006283e-01 4.888384676136101059e-01
4.794614575313819738e-01 2.481240126763609721e-01 -1.215997329376045100e-02 -5.932292018516364257e-02 -4.443620006601620848e-03 3.268949261361204367e-02 2.873782949711895353e-04 -3.359473574513884703e-02 -2.180299806889687136e-03 6.145112327838767041e-02 1.937984563214708092e-02 -2.534348685579325688e-01
2.481240126763609721e-01 5.215014638676720438e-01 2.496036334512410637e-01 -3.991954859042326671e-03 -6.167583491169988108e-02 4.273135628130018439e-03 3.433009693803912299e-02 -3.426051067281701314e-03 -3.547500960579560991e-02 -4.138166557791858255e-03 5.835281483780552919e-02 -8.341407345616599044e-04
-1.215997329376045100e-02 2.496036334512410637e-01 5.199416297512793328e-01 2.534149803155079095e-01 2.145069696827932304e-02 -6.011891339038210463e-02 -6.935457521688424137e-03 3.366872564385645084e-02 6.962552944391019703e-03 -3.278616237499854674e-02 -1.600910463169504319e-02 6.036475225404112216e-02
-5.932292018516364257e-02 -3.991954859042326671e-03 2.534149803155079095e-01 4.450140653294027970e-01 2.527098242294572028e-01 -2.897457800804264898e-03 -5.951986475690500267e-02 2.122798883743359268e-03 3.369772960422460356e-02 5.203285390526495024e-03 -3.249118913290377497e-02 -1.660733933283280476e-03
-4.443620006601620848e-03 -6.167583491169988108e-02 2.145069696827932304e-02 2.527098242294572028e-01 5.252320745647589550e-01 2.467983643885381384e-01 -8.655495512116865436e-03 -5.768222576711267563e-02 2.147817636161315248e-03 3.300690079724131337e-02 4.845762495854638585e-03 -3.475942318498730088e-02
3.268949261361204367e-02 4.273135628130018439e-03 -6.011891339038210463e-02 -2.897457800804264898e-03 2.467983643885381384e-01 5.039337853533321088e-01 2.510702381520921733e-01 -6.422773867301305754e-04 -6.039905732472276162e-02 -8.066897681865487640e-03 3.227111259341515492e-02 3.125107651611042699e-03
2.873782949711895353e-04 3.433009693803912299e-02 -6.935457521688424137e-03 -5.951986475690500267e-02 -8.655495512116865436e-03 2.510702381520921733e-01 5.018215003401332863e-01 2.466790372212478433e-01 3.696984185133173062e-03 -5.654524193067381882e-02 -9.967296334022912249e-03 3.452803654549935902e-02
-3.359473574513884703e-02 -3.426051067281701314e-03 3.366872564385645084e-02 2.122798883743359268e-03 -5.768222576711267563e-02 -6.422773867301305754e-04 2.466790372212478433e-01 4.984161434487289766e-01 2.526602110325398831e-01 1.672102265054902295e-02 -6.011022111915772376e-02 -3.665256618514061999e-03
-2.180299806889687136e-03 -3.547500960579560991e-02 6.962552944391019703e-03 3.369772960422460356e-02 2.147817636161315248e-03 -6.039905732472276162e-02 3.696984185133173062e-03 2.526602110325398831e-01 4.802865490137848692e-01 2.440038476967014425e-01 1.653097499028395936e-02 -6.277991539666422094e-02
6.145112327838767041e-02 -4.138166557791858255e-03 -3.278616237499854674e-02 5.203285390526495024e-03 3.300690079724131337e-02 -8.066897681865487640e-03 -5.654524193067381882e-02 1.672102265054902295e-02 2.440038476967014425e-01 4.696748001826432373e-01 2.606408094621593952e-01 -1.038800593290845238e-02
1.937984563214708092e-02 5.835281483780552919e-02 -1.600910463169504319e-02 -3.249118913290377497e-02 4.845762495854638585e-03 3.227111259341515492e-02 -9.967296334022912249e-03 -6.011022111915772376e-02 1.653097499028395936e-02 2.606408094621593952e-01 5.176790914075791727e-01 2.457426438957271420e-01
-2.534348685579325688e-01 -8.341407345616599044e-04 6.036475225404112216e-02 -1.660733933283280476e-03 -3.475942318498730088e-02 3.125107651611042699e-03 3.452803654549935902e-02 -3.665256618514061999e-03 -6.277991539666422094e-02 -1.038800593290845238e-02 2.457426438957271420e-01 5.370374392093381077e-01
4.812707914443868917e-01 2.574078802456233883e-01 -1.501638424623528457e-02 -5.956439072146423042e-02 7.926681705957724228e-03 3.099885404837133748e-02 -8.061733292188892619e-03 -3.141206036033070137e-02 4.699137862892543809e-03 5.718950990606596479e-02 -1.833732667426533208e-02 -2.491466240094963036e-01
2.574078802456233883e-01 5.319098792595466918e-01 2.457317597833887646e-01 -1.182468082080628119e-02 -5.747238753203150197e-02 1.177682736760491886e-02 3.230914670097703723e-02 -7.053854221878961411e-03 -3.465989446647350924e-02 9.096260654808301441e-03 6.241483772126622809e-02 -4.510493935869093994e-03
-1.501638424623528457e-02 2.457317597833887646e-01 5.120950770774700400e-01 2.507943705054627714e-01 -1.291742880365118933e-03 -5.882634317145736536e-02 3.337837970202258558e-03 3.411830679365800145e-02 1.803433614226786306e-03 -3.406165107444408813e-02 1.018245819866083314e-03 6.193844781215408768e-02
-5.956439072146423042e-02 -1.182468082080628119e-02 2.507943705054627714e-01 4.936589636596440123e-01 2.480884355557067267e-01 -1.160950603231012887e-02 -5.901364570007647248e-02 2.298726629916569928e-03 3.360241549067185390e-02 -1.809986814355594434e-03 -3.455429322049621832e-02 -3.772172503434608522e-03
7.926681705957724228e-03 -5.747238753203150197e-02 -1.291742880365118933e-03 2.480884355557067267e-01 5.189131370044024472e-01 2.491572556930589377e-01 -5.786980235112961814e-03 -6.070858202888788219e-02 -2.967956226322585565e-03 3.363225689287756281e-02 -3.190075388846067006e-04 -3.453457004930280544e-02
3.099885404837133748e-02 1.177682736760491886e-02 -5.882634317145736536e-02 -1.160950603231012887e-02 2.491572556930589377e-01 5.104260965452620535e-01 2.522730634066786548e-01 8.300152334465902768e-03 -5.894154685316026904e-02 -4.435112873104768774e-03 3.373236805782488940e-02 8.121821652746935918e-03
-8.061733292188892619e-03 3.230914670097703723e-02 3.337837970202258558e-03 -5.901364570007647248e-02 -5.786980235112961814e-03 2.522730634066786548e-01 4.829650779304164310e-01 2.480063165422426996e-01 1.139158630835735223e-02 -5.790141791649201092e-02 -1.513115589722205953e-03 3.255803999666347093e-02
-3.141206036033070137e-02 -7.053854221878961411e-03 3.411830679365800145e-02 2.298726629916569928e-03 -6.070858202888788219e-02 8.300152334465902768e-03 2.480063165422426996e-01 4.913433392050302051e-01 2.491515521940429190e-01 -1.196166305450644188e-04 -5.929341775954950072e-02 -6.116662700815088394e-03
4.699137862892543809e-03 -3.465989446647350924e-02 1.803433614226786306e-03 3.360241549067185390e-02 -2.967956226322585565e-03 -5.894154685316026904e-02 1.139158630835735223e-02 2.491515521940429190e-01 4.895786672880794166e-01 2.484330548790607829e-01 -8.289458165524272656e-03 -5.963911621372433580e-02
5.718950990606596479e-02 9.096260654808301441e-03 -3.406165107444408813e-02 -1.809986814355594434e-03 3.363225689287756281e-02 -4.435112873104768774e-03 -5.790141791649201092e-02 -1.196166305450644188e-04 2.484330548790607829e-01 5.312003533504536801e-01 2.526880797871406403e-01 1.142216600963278511e-02
-1.833732667426533208e-02 6.241483772126622809e-02 1.018245819866083314e-03 -3.455429322049621832e-02 -3.190075388846067006e-04 3.373236805782488940e-02 -1.513115589722205953e-03 -5.929341775954950072e-02 -8.289458165524272656e-03 2.526880797871406403e-01 4.693626592849111101e-01 2.482509964259543844e-01
-2.491466240094963036e-01 -4.510493935869093994e-03 6.193844781215408768e-02 -3.772172503434608522e-03 -3.453457004930280544e-02 8.121821652746935918e-03 3.255803999666347093e-02 -6.116662700815088394e-03 -5.963911621372433580e-02 1.142216600963278511e-02 2.482509964259543844e-01 4.872759579504206684e-01
5.491131004531838444e-01 2.523801208037106392e-01 -2.062845652904212682e-03 -6.238967604225330310e-02 1.197650373796005623e-03 3.674892579353232491e-02 9.953335212760728093e-04 -3.545832124861233309e-02 -1.623522140852062291e-03 6.066300037952714747e-02 5.953829027338072670e-03 -2.507956108703223719e-01
2.523801208037106392e-01 4.986299899315821404e-01 2.530987050967656860e-01 1.199882844458557626e-02 -6.221640175778631043e-02 -7.799240458893180218e-03 3.643110896149986955e-02 1.758776955862175265e-02 -3.363537578242820070e-02 -1.406666328884108134e-02 5.897203150295513702e-02 2.457141287825995168e-02
-2.062845652904212682e-03 2.530987050967656860e-01 4.693397441592125907e-01 2.490677334845131652e-01 4.362312891212664565e-04 -5.982992664312250519e-02 -2.302288859583300363e-03 3.363556661607938064e-02 2.033342439742830306e-03 -3.393254593986582551e-02 -3.319638845737421691e-03 6.151006683541984654e-02
-6.238967604225330310e-02 1.199882844458557626e-02 2.490677334845131652e-01 5.222410723029631274e-01 2.520170692157828185e-01 1.399172613630261580e-03 -6.184728880691117703e-02 -1.600372756835222871e-02 3.438712253987201428e-02 7.366723982170779970e-03 -3.412481633673940251e-02 -7.024244424012008464e-03
1.197650373796005623e-03 -6.221640175778631043e-02 4.362312891212664565e-04 2.520170692157828185e-01 4.751085067525149253e-01 2.500203009289931888e-01 7.310744733167153821e-03 -6.045844144592485425e-02 -2.559900308179288014e-03 3.464064534655367233e-02 2.694524713082584524e-03 -3.567211866133077752e-02
3.674892579353232491e-02 -7.799240458893180218e-03 -5.982992664312250519e-02 1.399172613630261580e-03 2.500203009289931888e-01 5.237569814172096105e-01 2.514490031913590995e-01 2.649630530899057396e-02 -6.200825371119281226e-02 -7.007661046896424342e-03 3.531879762610425078e-02 4.404258873628957675e-03
9.953335212760728093e-04 3.643110896149986955e-02 -2.302288859583300363e-03 -6.184728880691117703e-02 7.310744733167153821e-03 2.514490031913590995e-01 4.333138185152649591e-01 2.567189184692360571e-01 7.885395999936443880e-04 -6.377758062721695931e-02 -6.379394399921862590e-04 3.743433409608601381e-02
-3.545832124861233309e-02 1.758776955862175265e-02 3.363556661607938064e-02 -1.600372756835222871e-02 -6.045844144592485425e-02 2.649630530899057396e-02 2.567189184692360571e-01 5.179492166378006912e-01 2.505243739648074230e-01 -1.493460886211985493e-02 -6.065966113074854060e-02 8.680660154384751276e-03
-1.623522140852062291e-03 -3.363537578242820070e-02 2.033342439742830306e-03 3.438712253987201428e-02 -2.559900308179288014e-03 -6.200825371119281226e-02 7.885395999936443880e-04 2.505243739648074230e-01 5.223412269071983083e-01 2.498650995845987099e-01 4.056916858159870243e-04 -5.970131935805842588e-02
6.066300037952714747e-02 -1.406666328884108134e-02 -3.393254593986582551e-02 7.366723982170779970e-03 3.464064534655367233e-02 -7.007661046896424342e-03 -6.377758062721695931e-02 -1.493460886211985493e-02 2.498650995845987099e-01 4.880660151082635845e-01 2.500875746154685997e-01 -6.141461294290485179e-04
5.953829027338072670e-03 5.897203150295513702e-02 -3.319638845737421691e-03 -3.412481633673940251e-02 2.694524713082584524e-03 3.531879762610425078e-02 -6.379394399921862590e-04 -6.065966113074854060e-02 4.056916858159870243e-04 2.500875746154685997e-01 5.113269306653410728e-01 2.493259396950310847e-01
