2.009511167835828505e-01 2.239146391657563517e-01 1.412100441638474146e-01 9.055102718441082610e-02 5.297963559676661938e-02 1.257759165185219630e-02 -2.660735029918741279e-02 -6.761743284788253316e-02 -1.158818620055978021e-01 -1.819995831386032048e-01
2.239146391657563517e-01 3.496194160920469973e-01 2.195834822539560194e-01 1.499353837643472298e-01 1.096077611865826779e-01 6.593444563843200990e-02 4.417301611686329232e-02 -2.392969954177729015e-04 -6.459023829336189848e-02 -1.522422767808389588e-01
1.412100441638474146e-01 2.195834822539560194e-01 1.788724720782691735e-01 1.407737355496286591e-01 1.141268051061888611e-01 7.987770513292667685e-02 7.435307854140993378e-02 4.430886967550932282e-02 -7.880765433412836515e-03 -8.159628365182987342e-02
9.055102718441082610e-02 1.499353837643472298e-01 1.407737355496286591e-01 1.314386106801468113e-01 1.181180018121442687e-01 9.163255425371878704e-02 9.794586131694907327e-02 7.633940319317850109e-02 3.320810932338787158e-02 -3.087008991421237233e-02
5.297963559676661938e-02 1.096077611865826779e-01 1.141268051061888611e-01 1.181180018121442687e-01 1.184887171664635447e-01 1.018858072879607335e-01 1.212066007536236473e-01 1.047893454719396183e-01 6.670860612656809296e-02 1.091004139026889412e-02
1.257759165185219630e-02 6.593444563843200990e-02 7.987770513292667685e-02 9.163255425371878704e-02 1.018858072879607335e-01 1.022018187311765081e-01 1.392329668976860779e-01 1.285547492084479770e-01 9.308610091230079542e-02 4.926371276138702404e-02
-2.660735029918741279e-02 4.417301611686329232e-02 7.435307854140993378e-02 9.794586131694907327e-02 1.212066007536236473e-01 1.392329668976860779e-01 2.205521389828217771e-01 2.146721047877362398e-01 1.608462777165706459e-01 1.092565982166947280e-01
-6.761743284788253316e-02 -2.392969954177729015e-04 4.430886967550932282e-02 7.633940319317850109e-02 1.047893454719396183e-01 1.285547492084479770e-01 2.146721047877362398e-01 2.518306276091282769e-01 2.015530310228813293e-01 1.516239442991185182e-01
-1.158818620055978021e-01 -6.459023829336189848e-02 -7.880765433412836515e-03 3.320810932338787158e-02 6.670860612656809296e-02 9.308610091230079542e-02 1.608462777165706459e-01 2.015530310228813293e-01 2.103777632752373006e-01 1.914317329256707279e-01
-1.819995831386032048e-01 -1.522422767808389588e-01 -8.159628365182987342e-02 -3.087008991421237233e-02 1.091004139026889412e-02 4.926371276138702404e-02 1.092565982166947280e-01 1.516239442991185182e-01 1.914317329256707279e-01 2.356673186011288001e-01
7.145095284797914337e-02 7.535851324387773942e-02 9.850250684225439479e-02 6.541112098037837885e-02 3.196810302935815251e-02 -2.972337943611085779e-03 -3.900774077854031463e-02 -8.594389683918143841e-02 -1.138012191020780217e-01 -1.124333356240895948e-01
7.535851324387773942e-02 1.053826888578007770e-01 1.686164408048291818e-01 1.181796065529550771e-01 7.590369512357619808e-02 4.963957310701284931e-02 -7.368551302654931592e-03 -5.741583013705116312e-02 -8.813138170742185196e-02 -9.715955862666079967e-02
9.850250684225439479e-02 1.686164408048291818e-01 3.182749140833784907e-01 2.214990858933115481e-01 1.485725697017482305e-01 1.236419611079832837e-01 3.006874963701744452e-02 -3.534767313980669706e-02 -8.136696864108373950e-02 -1.046522134807809506e-01
6.541112098037837885e-02 1.181796065529550771e-01 2.214990858933115481e-01 1.967359462809387671e-01 1.544600413908483461e-01 1.496662597899118818e-01 5.979766090966795455e-02 1.226335727465766197e-02 -3.026731158188126353e-02 -5.942383229134302891e-02
3.196810302935815251e-02 7.590369512357619808e-02 1.485725697017482305e-01 1.544600413908483461e-01 1.614442476359670420e-01 1.952925028911922656e-01 9.598974948318837741e-02 6.177885483065808508e-02 2.556714480602082992e-02 -8.852876224041260345e-03
-2.972337943611085779e-03 4.963957310701284931e-02 1.236419611079832837e-01 1.496662597899118818e-01 1.952925028911922656e-01 3.039865938417690150e-01 1.667833219837720760e-01 1.392458474558707082e-01 1.031744009271254175e-01 5.658278220812855419e-02
-3.900774077854031463e-02 -7.368551302654931592e-03 3.006874963701744452e-02 5.979766090966795455e-02 9.598974948318837741e-02 1.667833219837720760e-01 1.266576803569517407e-01 1.475216704811712631e-01 1.318201673949260244e-01 9.375978414466237809e-02
-8.594389683918143841e-02 -5.741583013705116312e-02 -3.534767313980669706e-02 1.226335727465766197e-02 6.177885483065808508e-02 1.392458474558707082e-01 1.475216704811712631e-01 2.283842873372409765e-01 2.262184616612376853e-01 1.690144375201281801e-01
-1.138012191020780217e-01 -8.813138170742185196e-02 -8.136696864108373950e-02 -3.026731158188126353e-02 2.556714480602082992e-02 1.031744009271254175e-01 1.318201673949260244e-01 2.262184616612376853e-01 2.844844230613026714e-01 2.186825639298451696e-01
-1.124333356240895948e-01 -9.715955862666079967e-02 -1.046522134807809506e-01 -5.942383229134302891e-02 -8.852876224041260345e-03 5.658278220812855419e-02 9.375978414466237809e-02 1.690144375201281801e-01 2.186825639298451696e-01 2.031982656966714595e-01
2.504883505882488648e-01 1.638490694320831609e-01 1.317856178246598620e-01 1.115737252751722308e-01 7.330802562600509387e-02 1.425476607343393806e-02 -5.242899214774922323e-02 -1.035259308333380951e-01 -1.645487373841383605e-01 -1.884663362796781538e-01
1.638490694320831609e-01 1.247128166349041889e-01 1.171573262872232651e-01 1.142756416192878821e-01 8.983041860054183370e-02 4.518020856985989486e-02 7.243353561196029869e-04 -4.835784694555654573e-02 -9.735931496526264994e-02 -1.181016708231364953e-01
1.317856178246598620e-01 1.171573262872232651e-01 1.372408453574270881e-01 1.564938827509531893e-01 1.371692546303428795e-01 8.866212773982844186e-02 5.221379354464686373e-02 -8.211434403010579863e-03 -6.211184670178860473e-02 -8.878837056132006522e-02
1.115737252751722308e-01 1.142756416192878821e-01 1.564938827509531893e-01 2.128868372615240201e-01 2.040379066100842520e-01 1.425147935363510476e-01 1.092676964108271059e-01 3.676548519632334699e-02 -2.373104662926963163e-02 -6.400993766984304501e-02
7.330802562600509387e-02 8.983041860054183370e-02 1.371692546303428795e-01 2.040379066100842520e-01 2.385669575150613508e-01 1.833816857444813264e-01 1.590533854730031005e-01 8.431209186982163706e-02 2.972705499229834000e-02 -2.266939145712553241e-02
1.425476607343393806e-02 4.518020856985989486e-02 8.866212773982844186e-02 1.425147935363510476e-01 1.833816857444813264e-01 1.839850447465662397e-01 1.935668336053951721e-01 1.223722694506965969e-01 8.062767398135767261e-02 2.823998304364047987e-02
-5.242899214774922323e-02 7.243353561196029869e-04 5.221379354464686373e-02 1.092676964108271059e-01 1.590533854730031005e-01 1.935668336053951721e-01 2.622111815336679586e-01 1.872095322489601421e-01 1.501889232777623984e-01 8.926115893338838758e-02
-1.035259308333380951e-01 -4.835784694555654573e-02 -8.211434403010579863e-03 3.676548519632334699e-02 8.431209186982163706e-02 1.223722694506965969e-01 1.872095322489601421e-01 1.795143890471669612e-01 1.811478952277680854e-01 1.264266230333826457e-01
-1.645487373841383605e-01 -9.735931496526264994e-02 -6.211184670178860473e-02 -2.373104662926963163e-02 2.972705499229834000e-02 8.062767398135767261e-02 1.501889232777623984e-01 1.811478952277680854e-01 2.343847657137750617e-01 1.809621236332992766e-01
-1.884663362796781538e-01 -1.181016708231364953e-01 -8.878837056132006522e-02 -6.400993766984304501e-02 -2.266939145712553241e-02 2.823998304364047987e-02 8.926115893338838758e-02 1.264266230333826457e-01 1.809621236332992766e-01 1.760088116016591819e-01
1.472134676233958772e-01 1.469541255761912524e-01 1.154546774928076336e-01 8.532860406048603519e-02 5.578394508384752759e-02 2.776411040896093960e-02 -1.210060586802880721e-02 -6.647075903939353436e-02 -1.362694950312175746e-01 -1.917021833166323574e-01
1.469541255761912524e-01 2.058425822301513386e-01 1.892430308243633341e-01 1.529565742508419146e-01 1.153356768306894181e-01 8.990554124048584506e-02 5.498446000946489998e-02 -1.458128791722831984e-03 -7.130928045592117848e-02 -1.333896595509160843e-01
1.154546774928076336e-01 1.892430308243633341e-01 2.096375754623105436e-01 1.827754874014568265e-01 1.409604844988540107e-01 1.166106227128070327e-01 8.934451476810192916e-02 4.342040524845126870e-02 -1.319531000633591966e-02 -7.688833952969033325e-02
8.532860406048603519e-02 1.529565742508419146e-01 1.827754874014568265e-01 1.893137557907903779e-01 1.550320143758041058e-01 1.320617118305319471e-01 1.075270039905719399e-01 6.827401356013412803e-02 2.382471474847017504e-02 -3.729765241437855983e-02
5.578394508384752759e-02 1.153356768306894181e-01 1.409604844988540107e-01 1.550320143758041058e-01 1.447487674851646311e-01 1.329803947932153285e-01 1.151245825032676667e-01 8.271578729348305625e-02 4.983787138056078314e-02 -2.101081376010543750e-03
2.776411040896093960e-02 8.990554124048584506e-02 1.166106227128070327e-01 1.320617118305319471e-01 1.329803947932153285e-01 1.383420964356158744e-01 1.324330330408031720e-01 1.082045465223844677e-01 8.532735908138597281e-02 3.904409644800282964e-02
-1.210060586802880721e-02 5.498446000946489998e-02 8.934451476810192916e-02 1.075270039905719399e-01 1.151245825032676667e-01 1.324330330408031720e-01 1.486799157328091980e-01 1.428680066790151693e-01 1.367895948980541454e-01 9.531436843490677380e-02
-6.647075903939353436e-02 -1.458128791722831984e-03 4.342040524845126870e-02 6.827401356013412803e-02 8.271578729348305625e-02 1.082045465223844677e-01 1.428680066790151693e-01 1.735609744218646333e-01 2.004102224223315021e-01 1.633690823741698050e-01
-1.362694950312175746e-01 -7.130928045592117848e-02 -1.319531000633591966e-02 2.382471474847017504e-02 4.983787138056078314e-02 8.532735908138597281e-02 1.367895948980541454e-01 2.004102224223315021e-01 2.942664825533840567e-01 2.645187977917932698e-01
-1.917021833166323574e-01 -1.333896595509160843e-01 -7.688833952969033325e-02 -3.729765241437855983e-02 -2.101081376010543750e-03 3.904409644800282964e-02 9.531436843490677380e-02 1.633690823741698050e-01 2.645187977917932698e-01 3.483943822645124699e-01
2.761671838004524648e-01 1.143426269226778258e-01 1.064587175505691402e-01 8.644564218289620128e-02 5.160955264846776858e-02 1.930869404326545496e-02 -3.682597581108897067e-02 -1.081867923975322748e-01 -1.948803332987621428e-01 -2.436215754947643752e-01
1.143426269226778258e-01 6.082962506539593001e-02 8.404409708276475155e-02 8.763803501316966282e-02 6.241215282236376588e-02 4.726225190664624237e-02 1.594281972019043203e-02 -2.437209847864757473e-02 -6.969798144942994378e-02 -9.488100174334593295e-02
1.064587175505691402e-01 8.404409708276475155e-02 1.670943956232124328e-01 1.990488079475979943e-01 1.463658440424484286e-01 1.251264880782553823e-01 8.132698162445331502e-02 2.548878674227716273e-02 -3.250650645522169119e-02 -7.202155841241186796e-02
8.644564218289620128e-02 8.763803501316966282e-02 1.990488079475979943e-01 2.677374394028215199e-01 1.987598915077173345e-01 1.701709547269328326e-01 1.207979636932155210e-01 6.257500470583760022e-02 5.935359780633937127e-03 -4.260726898831487114e-02
5.160955264846776858e-02 6.241215282236376588e-02 1.463658440424484286e-01 1.987598915077173345e-01 1.841756597967009190e-01 1.770141275411763471e-01 1.305310654186615238e-01 7.799877753689256343e-02 3.403262870316533378e-02 -9.997431304472403218e-03
1.930869404326545496e-02 4.726225190664624237e-02 1.251264880782553823e-01 1.701709547269328326e-01 1.770141275411763471e-01 2.030269968987517548e-01 1.601507770157230004e-01 1.080053716033121808e-01 7.097985879280471755e-02 2.571513225819282294e-02
-3.682597581108897067e-02 1.594281972019043203e-02 8.132698162445331502e-02 1.207979636932155210e-01 1.305310654186615238e-01 1.601507770157230004e-01 1.474828777672324565e-01 1.232311101267736936e-01 1.130863194656450965e-01 7.513027300173713563e-02
-1.081867923975322748e-01 -2.437209847864757473e-02 2.548878674227716273e-02 6.257500470583760022e-02 7.799877753689256343e-02 1.080053716033121808e-01 1.232311101267736936e-01 1.445452200274201238e-01 1.774573369879759721e-01 1.424619943709912184e-01
-1.948803332987621428e-01 -6.969798144942994378e-02 -3.250650645522169119e-02 5.935359780633937127e-03 3.403262870316533378e-02 7.097985879280471755e-02 1.130863194656450965e-01 1.774573369879759721e-01 2.761503484539247766e-01 2.381493891240205607e-01
-2.436215754947643752e-01 -9.488100174334593295e-02 -7.202155841241186796e-02 -4.260726898831487114e-02 -9.997431304472403218e-03 2.571513225819282294e-02 7.513027300173713563e-02 1.424619943709912184e-01 2.381493891240205607e-01 2.727902531640873374e-01
1.376288383244711755e-01 1.675145530587265896e-01 1.158687455756117340e-01 8.592040111040470662e-02 4.091719647547780586e-02 -2.905102253122553418e-03 -4.703092165326590995e-02 -7.087351383491952150e-02 -1.273076955156848267e-01 -1.573736872764498473e-01
1.675145530587265896e-01 2.631832288837029354e-01 1.988374096263930690e-01 1.655968657591374293e-01 1.076290648194248301e-01 5.492041365384114915e-02 1.007911599425764804e-02 -3.639253737267315880e-02 -9.770060832272835227e-02 -1.447344021591388530e-01
1.158687455756117340e-01 1.988374096263930690e-01 1.918022415166378281e-01 1.901312982852632616e-01 1.344838480398798941e-01 8.742608402640350551e-02 5.898133181703370254e-02 1.005663051205746630e-02 -3.712361786022808779e-02 -8.383983849974478708e-02
8.592040111040470662e-02 1.655968657591374293e-01 1.901312982852632616e-01 2.409046160588728391e-01 1.824650850460521612e-01 1.297347792120054910e-01 1.085717568039142877e-01 5.244521837699792077e-02 1.387831215859048825e-02 -4.002308925799021727e-02
4.091719647547780586e-02 1.076290648194248301e-01 1.344838480398798941e-01 1.824650850460521612e-01 1.636087704872990212e-01 1.354721462585904146e-01 1.321997038610314146e-01 7.860341682718993694e-02 5.562920274433157813e-02 1.103952552565221588e-02
-2.905102253122553418e-03 5.492041365384114915e-02 8.742608402640350551e-02 1.297347792120054910e-01 1.354721462585904146e-01 1.448993169358055721e-01 1.689819749615327216e-01 1.108087326205161871e-01 9.748978153371451461e-02 6.086409435499164078e-02
-4.703092165326590995e-02 1.007911599425764804e-02 5.898133181703370254e-02 1.085717568039142877e-01 1.321997038610314146e-01 1.689819749615327216e-01 2.331617023205682093e-01 1.631685965315340381e-01 1.567626092459830367e-01 1.191771248446596709e-01
-7.087351383491952150e-02 -3.639253737267315880e-02 1.005663051205746630e-02 5.244521837699792077e-02 7.860341682718993694e-02 1.108087326205161871e-01 1.631685965315340381e-01 1.386292919971549575e-01 1.615856340536956093e-01 1.353410153392320125e-01
-1.273076955156848267e-01 -9.770060832272835227e-02 -3.712361786022808779e-02 1.387831215859048825e-02 5.562920274433157813e-02 9.748978153371451461e-02 1.567626092459830367e-01 1.615856340536956093e-01 2.421498698182402987e-01 2.199638059410614355e-01
-1.573736872764498473e-01 -1.447344021591388530e-01 -8.383983849974478708e-02 -4.002308925799021727e-02 1.103952552565221588e-02 6.086409435499164078e-02 1.191771248446596709e-01 1.353410153392320125e-01 2.199638059410614355e-01 2.440321236572471908e-01
2.166183840244220171e-01 1.798522478563690519e-01 1.346582542711047825e-01 6.845891619776493797e-02 -1.897356440794101956e-02 -7.334226498673063199e-02 -1.054483620421518553e-01 -1.245627427000165766e-01 -1.001847213230283584e-01 -1.637640678063697064e-01
1.798522478563690519e-01 1.871954190139825669e-01 1.789124790481461946e-01 1.362503135184780223e-01 4.787541520038011977e-02 -2.321827618012274608e-02 -6.846959798902180205e-02 -9.248302070922437279e-02 -7.679880776694478217e-02 -1.280792307920755602e-01
1.346582542711047825e-01 1.789124790481461946e-01 2.452124113558279972e-01 2.492476773783869337e-01 1.475267175726020508e-01 5.427070523911962235e-02 -9.678421574337018468e-03 -4.430082336321864572e-02 -4.594665001091366441e-02 -8.612583295988135434e-02
6.845891619776493797e-02 1.362503135184780223e-01 2.492476773783869337e-01 3.903782436022713576e-01 2.536682224600277369e-01 1.441598031367567201e-01 7.514476705720983529e-02 3.606559574107579685e-02 4.180700271230042633e-03 -2.403275026809850723e-02
-1.897356440794101956e-02 4.787541520038011977e-02 1.475267175726020508e-01 2.536682224600277369e-01 2.500168280665185372e-01 1.779957330630114742e-01 1.259106507551268073e-01 9.556716482041495431e-02 4.878418604550033982e-02 4.333815895974919147e-02
-7.334226498673063199e-02 -2.321827618012274608e-02 5.427070523911962235e-02 1.441598031367567201e-01 1.779957330630114742e-01 1.708508137670313731e-01 1.508840280786771515e-01 1.315599277306086223e-01 7.426977657137154298e-02 8.073869336127147134e-02
-1.054483620421518553e-01 -6.846959798902180205e-02 -9.678421574337018468e-03 7.514476705720983529e-02 1.259106507551268073e-01 1.508840280786771515e-01 1.664840290217841634e-01 1.599280159973702209e-01 9.269533388111605987e-02 1.044043859526161966e-01
-1.245627427000165766e-01 -9.248302070922437279e-02 -4.430082336321864572e-02 3.606559574107579685e-02 9.556716482041495431e-02 1.315599277306086223e-01 1.599280159973702209e-01 1.684818997884116876e-01 1.012878738243176979e-01 1.187184574211456733e-01
-1.001847213230283584e-01 -7.679880776694478217e-02 -4.594665001091366441e-02 4.180700271230042633e-03 4.878418604550033982e-02 7.426977657137154298e-02 9.269533388111605987e-02 1.012878738243176979e-01 6.789328148311561673e-02 8.966303796550527394e-02
-1.637640678063697064e-01 -1.280792307920755602e-01 -8.612583295988135434e-02 -2.403275026809850723e-02 4.333815895974919147e-02 8.073869336127147134e-02 1.044043859526161966e-01 1.187184574211456733e-01 8.966303796550527394e-02 1.368686898766357518e-01
2.899553957528477888e-01 2.255958082750805782e-01 1.560337426226832691e-01 8.835239822884385918e-02 3.234090257183552114e-02 -1.167134401092540484e-02 -5.399669441759025190e-02 -8.184675052085377267e-02 -1.378289800404862986e-01 -2.227991047423854010e-01
2.255958082750805782e-01 2.310859263008840647e-01 1.836265939295658178e-01 1.258640973815435826e-01 7.788124817120822829e-02 4.072820898980478860e-02 6.284544511496596361e-03 -3.603195300355643838e-02 -9.141199981134132124e-02 -1.630595919396561899e-01
1.560337426226832691e-01 1.836265939295658178e-01 1.889052455448119172e-01 1.583346366873770728e-01 1.225698324835952369e-01 9.260292599355444965e-02 6.944639957336715130e-02 1.666228892623550228e-02 -3.687973674599935581e-02 -1.005835170617733337e-01
8.835239822884385918e-02 1.258640973815435826e-01 1.583346366873770728e-01 1.709815527498234899e-01 1.571541778246549892e-01 1.357337974107288292e-01 1.212581005131282974e-01 6.445727058850490854e-02 1.905666366412238355e-02 -3.372846035954744220e-02
3.234090257183552114e-02 7.788124817120822829e-02 1.225698324835952369e-01 1.571541778246549892e-01 1.740501680390450501e-01 1.684366802290024334e-01 1.610621730934901630e-01 9.869369532708913151e-02 6.086325541650521032e-02 2.058257113027579105e-02
-1.167134401092540484e-02 4.072820898980478860e-02 9.260292599355444965e-02 1.357337974107288292e-01 1.684366802290024334e-01 1.980568203255217152e-01 2.091032750625045900e-01 1.300508156269505333e-01 9.163879864878171633e-02 6.025498403998125890e-02
-5.399669441759025190e-02 6.284544511496596361e-03 6.944639957336715130e-02 1.212581005131282974e-01 1.610621730934901630e-01 2.091032750625045900e-01 2.688406035744858036e-01 1.699836324227502471e-01 1.261059253091988408e-01 9.936931876347107617e-02
-8.184675052085377267e-02 -3.603195300355643838e-02 1.666228892623550228e-02 6.445727058850490854e-02 9.869369532708913151e-02 1.300508156269505333e-01 1.699836324227502471e-01 1.273936197070189569e-01 1.133521984220421802e-01 1.088777947172567540e-01
-1.378289800404862986e-01 -9.141199981134132124e-02 -3.687973674599935581e-02 1.905666366412238355e-02 6.086325541650521032e-02 9.163879864878171633e-02 1.261059253091988408e-01 1.133521984220421802e-01 1.304254112424898804e-01 1.533722791804466024e-01
-2.227991047423854010e-01 -1.630595919396561899e-01 -1.005835170617733337e-01 -3.372846035954744220e-02 2.058257113027579105e-02 6.025498403998125890e-02 9.936931876347107617e-02 1.088777947172567540e-01 1.533722791804466024e-01 2.203052567630711944e-01
2.100140506370892779e-01 1.504019144868945779e-01 1.298258364812475696e-01 1.113867981743009855e-01 5.852912362776933886e-02 2.241272020367396367e-02 -2.545117975081012673e-02 -1.018157718192964495e-01 -1.148439448223819992e-01 -1.967250793466679692e-01
1.504019144868945779e-01 1.398527531076257935e-01 1.483314435272544696e-01 1.437950429337577218e-01 9.148659849255402765e-02 6.762002653458570878e-02 1.463685218976021329e-02 -3.418381814624408405e-02 -6.002582732446547914e-02 -1.209505720005403656e-01
1.298258364812475696e-01 1.483314435272544696e-01 1.949139323113028843e-01 2.088206302617491017e-01 1.372486413467837174e-01 1.136318970621382485e-01 4.830299268334009577e-02 1.506340652419953588e-02 -2.805294355518401020e-02 -8.653340858190078366e-02
1.113867981743009855e-01 1.437950429337577218e-01 2.088206302617491017e-01 2.699635263306591204e-01 1.824536660055350035e-01 1.565766584430479391e-01 7.835549442653405583e-02 5.966457792701666124e-02 1.470641965955217902e-03 -5.757272635403702654e-02
5.852912362776933886e-02 9.148659849255402765e-02 1.372486413467837174e-01 1.824536660055350035e-01 1.529098123703531154e-01 1.505004145859989428e-01 8.457413928461735009e-02 8.513020213423122540e-02 3.189267348445518069e-02 -8.127030153096334586e-03
2.241272020367396367e-02 6.762002653458570878e-02 1.136318970621382485e-01 1.565766584430479391e-01 1.505004145859989428e-01 1.718339963411413263e-01 1.090109088571939999e-01 1.350021341063237235e-01 6.832983884958024334e-02 3.610914159423166819e-02
-2.545117975081012673e-02 1.463685218976021329e-02 4.830299268334009577e-02 7.835549442653405583e-02 8.457413928461735009e-02 1.090109088571939999e-01 9.288689092060789521e-02 1.665310655460300882e-01 8.526934591623154536e-02 6.587785907924199880e-02
-1.018157718192964495e-01 -3.418381814624408405e-02 1.506340652419953588e-02 5.966457792701666124e-02 8.513020213423122540e-02 1.350021341063237235e-01 1.665310655460300882e-01 4.125207537173958272e-01 1.951944021324766854e-01 1.576625194587770173e-01
-1.148439448223819992e-01 -6.002582732446547914e-02 -2.805294355518401020e-02 1.470641965955217902e-03 3.189267348445518069e-02 6.832983884958024334e-02 8.526934591623154536e-02 1.951944021324766854e-01 1.316777022101445760e-01 1.481277899914268947e-01
-1.967250793466679692e-01 -1.209505720005403656e-01 -8.653340858190078366e-02 -5.757272635403702654e-02 -8.127030153096334586e-03 3.610914159423166819e-02 6.587785907924199880e-02 1.576625194587770173e-01 1.481277899914268947e-01 2.234265820536811553e-01
2.928338266140615431e-01 2.084860672190042008e-01 1.098111128168404588e-01 1.232076290153745479e-01 6.493853215571945836e-02 1.482365896987533974e-02 -3.788919507672820763e-02 -9.653572766255613669e-02 -1.376573051124412028e-01 -1.542845698103534890e-01
2.084860672190042008e-01 1.727516133646965490e-01 1.047728553105766874e-01 1.384423779154627943e-01 8.521269865498076745e-02 4.599855619751891389e-02 6.822197149028009014e-03 -4.136075495597743568e-02 -8.163779109865829109e-02 -1.043814583818767766e-01
1.098111128168404588e-01 1.047728553105766874e-01 8.705171393039090599e-02 1.503648798459352176e-01 9.560950972950024718e-02 6.147898442580129741e-02 3.627549074901897930e-02 5.445192044812604756e-03 -2.776887924537255886e-02 -5.071446035260971513e-02
1.232076290153745479e-01 1.384423779154627943e-01 1.503648798459352176e-01 3.158476909111096464e-01 2.003136203682389926e-01 1.334565397522027297e-01 9.695425356930546801e-02 5.721566663588897872e-02 2.412602596479387386e-03 -4.613219553096795100e-02
6.493853215571945836e-02 8.521269865498076745e-02 9.560950972950024718e-02 2.003136203682389926e-01 1.573659610275202070e-01 1.306198659750023860e-01 1.165891404820588173e-01 9.303155883232275269e-02 5.000291066452292738e-02 -4.994629802389788722e-03
1.482365896987533974e-02 4.599855619751891389e-02 6.147898442580129741e-02 1.334565397522027297e-01 1.306198659750023860e-01 1.446943935801481285e-01 1.549508321035631964e-01 1.434260989482369908e-01 1.019467779558567294e-01 3.435335632779992071e-02
-3.788919507672820763e-02 6.822197149028009014e-03 3.627549074901897930e-02 9.695425356930546801e-02 1.165891404820588173e-01 1.549508321035631964e-01 1.981194152150861920e-01 2.073544897763298644e-01 1.596929829190649464e-01 7.524061785165145344e-02
-9.653572766255613669e-02 -4.136075495597743568e-02 5.445192044812604756e-03 5.721566663588897872e-02 9.303155883232275269e-02 1.434260989482369908e-01 2.073544897763298644e-01 2.792920807009041106e-01 2.304354570644195910e-01 1.206820785514033934e-01
-1.376573051124412028e-01 -8.163779109865829109e-02 -2.776887924537255886e-02 2.412602596479387386e-03 5.000291066452292738e-02 1.019467779558567294e-01 1.596929829190649464e-01 2.304354570644195910e-01 2.413568058356172497e-01 1.404474844852230675e-01
-1.542845698103534890e-01 -1.043814583818767766e-01 -5.071446035260971513e-02 -4.613219553096795100e-02 -4.994629802389788722e-03 3.435335632779992071e-02 7.524061785165145344e-02 1.206820785514033934e-01 1.404474844852230675e-01 1.106864988204641354e-01
2.342895266474198657e-01 1.933956271274323013e-01 1.473787042543864279e-01 1.042263016786715291e-01 6.248383297529140623e-02 3.270922879871354660e-02 2.168808752714058118e-03 -5.614006584598917743e-02 -1.211207517241187775e-01 -2.269188118894582828e-01
1.933956271274323013e-01 2.037894443261787092e-01 1.738340480251607256e-01 1.321788504896631022e-01 8.945169109259147600e-02 6.632866046893134970e-02 5.574192838285783880e-02 9.345414932741267708e-03 -6.360589458132860641e-02 -1.587272140922410535e-01
1.473787042543864279e-01 1.738340480251607256e-01 1.778537777842709722e-01 1.476523810018571525e-01 1.066670207529717557e-01 8.800407415038925818e-02 9.054389620158879992e-02 5.696621624380168031e-02 -1.726201956554909711e-02 -1.065775239841872807e-01
1.042263016786715291e-01 1.321788504896631022e-01 1.476523810018571525e-01 1.390055769764670379e-01 1.087792647152245329e-01 9.763190382848439819e-02 1.102796721485821002e-01 8.661874612888120772e-02 1.876767473851466764e-02 -5.999226695813544147e-02
6.248383297529140623e-02 8.945169109259147600e-02 1.066670207529717557e-01 1.087792647152245329e-01 9.521151365862118299e-02 9.494903895685721795e-02 1.173418001835437180e-01 1.018018846152944773e-01 4.465696472655539956e-02 -1.673360678084111555e-02
3.270922879871354660e-02 6.632866046893134970e-02 8.800407415038925818e-02 9.763190382848439819e-02 9.494903895685721795e-02 1.089572567671518027e-01 1.503113716395582666e-01 1.394387770168727669e-01 7.840789371707151956e-02 2.365211742018288876e-02
2.168808752714058118e-03 5.574192838285783880e-02 9.054389620158879992e-02 1.102796721485821002e-01 1.173418001835437180e-01 1.503113716395582666e-01 2.384175573606708842e-01 2.360860598984375336e-01 1.442516548614211913e-01 8.125164375824213414e-02
-5.614006584598917743e-02 9.345414932741267708e-03 5.696621624380168031e-02 8.661874612888120772e-02 1.018018846152944773e-01 1.394387770168727669e-01 2.360860598984375336e-01 3.047171706970825400e-01 2.008533698405507995e-01 1.464596162996628093e-01
-1.211207517241187775e-01 -6.360589458132860641e-02 -1.726201956554909711e-02 1.876767473851466764e-02 4.465696472655539956e-02 7.840789371707151956e-02 1.442516548614211913e-01 2.008533698405507995e-01 1.881867394998535670e-01 1.970427089338349091e-01
-2.269188118894582828e-01 -1.587272140922410535e-01 -1.065775239841872807e-01 -5.999226695813544147e-02 -1.673360678084111555e-02 2.365211742018288876e-02 8.125164375824213414e-02 1.464596162996628093e-01 1.970427089338349091e-01 3.095714362822845067e-01
2.687631028245611176e-01 2.143132802418435956e-01 1.629852030831854259e-01 8.802830067998895780e-02 1.343688754853853209e-02 -3.808399407403569026e-02 -7.558754502086535709e-02 -1.153933831036522417e-01 -1.183495932086390395e-01 -1.709712774270579494e-01
2.143132802418435956e-01 2.323169261756844739e-01 2.173954676122840657e-01 1.482599906723184591e-01 7.361633328046668368e-02 2.375066510559006167e-02 -1.574286549541688632e-02 -5.362885932286592244e-02 -7.255927083188075388e-02 -1.234622691460023625e-01
1.629852030831854259e-01 2.173954676122840657e-01 2.810265074255784978e-01 2.196157131621865877e-01 1.356586865935067721e-01 8.596753770222184676e-02 4.755369725040501511e-02 1.460360838702265754e-02 -2.458730741079782206e-02 -7.865912084767376355e-02
8.802830067998895780e-02 1.482599906723184591e-01 2.196157131621865877e-01 2.354978568716296905e-01 1.720294524943042913e-01 1.312103301622263296e-01 9.973889425550860888e-02 8.018979551982106935e-02 3.088643668985055143e-02 -1.781247954965799879e-02
1.343688754853853209e-02 7.361633328046668368e-02 1.356586865935067721e-01 1.720294524943042913e-01 1.588877064907645575e-01 1.416715941284253932e-01 1.220953766408635899e-01 1.132648661693634040e-01 6.542718948031013559e-02 3.165154327583679511e-02
-3.808399407403569026e-02 2.375066510559006167e-02 8.596753770222184676e-02 1.312103301622263296e-01 1.416715941284253932e-01 1.507709373860994240e-01 1.468940722552468658e-01 1.475575016459447775e-01 9.309717938409062254e-02 6.605971221660146553e-02
-7.558754502086535709e-02 -1.574286549541688632e-02 4.755369725040501511e-02 9.973889425550860888e-02 1.220953766408635899e-01 1.468940722552468658e-01 1.724741985264393318e-01 1.918085084196964885e-01 1.216212923259805956e-01 9.298577970431376460e-02
-1.153933831036522417e-01 -5.362885932286592244e-02 1.460360838702265754e-02 8.018979551982106935e-02 1.132648661693634040e-01 1.475575016459447775e-01 1.918085084196964885e-01 2.490018872006841688e-01 1.602954413763506281e-01 1.265566642605034930e-01
-1.183495932086390395e-01 -7.255927083188075388e-02 -2.458730741079782206e-02 3.088643668985055143e-02 6.542718948031013559e-02 9.309717938409062254e-02 1.216212923259805956e-01 1.602954413763506281e-01 1.192097962262128885e-01 1.106332251865729810e-01
-1.709712774270579494e-01 -1.234622691460023625e-01 -7.865912084767376355e-02 -1.781247954965799879e-02 3.165154327583679511e-02 6.605971221660146553e-02 9.298577970431376460e-02 1.265566642605034930e-01 1.106332251865729810e-01 1.320510808723466545e-01
3.446991350307427315e-01 2.289406627516427928e-01 1.351791260503694692e-01 9.966282419640069834e-02 4.771802884905003428e-02 1.548313362981612769e-02 -2.184768191281788799e-02 -8.675372912116818824e-02 -1.581192034651761613e-01 -2.197913263132402484e-01
2.289406627516427928e-01 2.149343440573002195e-01 1.563367100899342721e-01 1.430807610934330121e-01 9.339795800953219762e-02 7.346912438908360932e-02 2.714518075754614526e-02 -8.853104667672709316e-03 -7.090187480936720188e-02 -1.335710434679952263e-01
1.351791260503694692e-01 1.563367100899342721e-01 1.481357156042622802e-01 1.634510223085053338e-01 1.174794420225105385e-01 1.039509213548091976e-01 5.637331669621038766e-02 4.581755435842960883e-02 1.307079172895776091e-03 -6.034825024371724689e-02
9.966282419640069834e-02 1.430807610934330121e-01 1.634510223085053338e-01 2.184972407301300767e-01 1.678293141351476780e-01 1.548847508564264175e-01 9.134537873441533895e-02 9.505111841407259954e-02 5.657929953014451119e-02 -1.672160605670460279e-02
4.771802884905003428e-02 9.339795800953219762e-02 1.174794420225105385e-01 1.678293141351476780e-01 1.521396523038917592e-01 1.547337935153167976e-01 9.453978005037810828e-02 1.051830606298214260e-01 7.892881864724177188e-02 1.944333091816384876e-02
1.548313362981612769e-02 7.346912438908360932e-02 1.039509213548091976e-01 1.548847508564264175e-01 1.547337935153167976e-01 1.779516586227721797e-01 1.141580627991014840e-01 1.352164771460331316e-01 1.122463550205417965e-01 5.103743895605079156e-02
-2.184768191281788799e-02 2.714518075754614526e-02 5.637331669621038766e-02 9.134537873441533895e-02 9.453978005037810828e-02 1.141580627991014840e-01 8.423322608085020979e-02 1.168808632023988769e-01 1.090073744147200124e-01 6.323953205702596836e-02
-8.675372912116818824e-02 -8.853104667672709316e-03 4.581755435842960883e-02 9.505111841407259954e-02 1.051830606298214260e-01 1.352164771460331316e-01 1.168808632023988769e-01 1.963456218476082316e-01 2.043713051336172593e-01 1.344694427164324357e-01
-1.581192034651761613e-01 -7.090187480936720188e-02 1.307079172895776091e-03 5.657929953014451119e-02 7.892881864724177188e-02 1.122463550205417965e-01 1.090073744147200124e-01 2.043713051336172593e-01 2.606120223427240701e-01 1.941925490855341829e-01
-2.197913263132402484e-01 -1.335710434679952263e-01 -6.034825024371724689e-02 -1.672160605670460279e-02 1.944333091816384876e-02 5.103743895605079156e-02 6.323953205702596836e-02 1.344694427164324357e-01 1.941925490855341829e-01 2.024513833797175477e-01
2.143020578594414527e-01 1.767178104127715421e-01 1.395709890267483877e-01 9.969950693376894435e-02 4.238204180995359949e-02 5.531766854532630014e-03 -3.657713692257108518e-02 -9.276970349440367969e-02 -1.110965084480775023e-01 -2.197652033151173967e-01
1.767178104127715421e-01 1.938741702468359529e-01 1.821103146906891956e-01 1.505763986358071571e-01 8.569118101851755376e-02 5.917638634112550727e-02 2.022366159796260693e-02 -2.561733956408864671e-02 -6.184393057642934011e-02 -1.471028342434795855e-01
1.395709890267483877e-01 1.821103146906891956e-01 2.175225408597991628e-01 2.043710790273531308e-01 1.247829488556642524e-01 1.027531736990274086e-01 6.783044529497128661e-02 3.561788098612918285e-02 -1.943814749920505860e-02 -9.403291037140544539e-02
9.969950693376894435e-02 1.505763986358071571e-01 2.043710790273531308e-01 2.397147006829440929e-01 1.556166858486871252e-01 1.379271774149692098e-01 1.052183966309471613e-01 8.539172278289469675e-02 1.933829086726794252e-02 -4.244408392360436016e-02
4.238204180995359949e-02 8.569118101851755376e-02 1.247829488556642524e-01 1.556166858486871252e-01 1.185431640605983383e-01 1.203490578759309482e-01 1.024792259869378996e-01 9.644638418229901922e-02 4.127051713161938862e-02 8.815385339124586286e-03
5.531766854532630014e-03 5.917638634112550727e-02 1.027531736990274086e-01 1.379271774149692098e-01 1.203490578759309482e-01 1.445667979673245784e-01 1.391666903841676239e-01 1.465416311622847467e-01 7.609389146465275755e-02 5.622129559844375735e-02
-3.657713692257108518e-02 2.022366159796260693e-02 6.783044529497128661e-02 1.052183966309471613e-01 1.024792259869378996e-01 1.391666903841676239e-01 1.622914221761953546e-01 1.962856363860335240e-01 1.074014543846437131e-01 9.770699426114817787e-02
-9.276970349440367969e-02 -2.561733956408864671e-02 3.561788098612918285e-02 8.539172278289469675e-02 9.644638418229901922e-02 1.465416311622847467e-01 1.962856363860335240e-01 2.851384141664156657e-01 1.619968713363545143e-01 1.624661253733567512e-01
-1.110965084480775023e-01 -6.184393057642934011e-02 -1.943814749920505860e-02 1.933829086726794252e-02 4.127051713161938862e-02 7.609389146465275755e-02 1.074014543846437131e-01 1.619968713363545143e-01 1.215729548357255135e-01 1.652596525017380191e-01
-2.197652033151173967e-01 -1.471028342434795855e-01 -9.403291037140544539e-02 -4.244408392360436016e-02 8.815385339124586286e-03 5.622129559844375735e-02 9.770699426114817787e-02 1.624661253733567512e-01 1.652596525017380191e-01 3.024737771447191248e-01
2.082106690171954821e-01 1.738867990536871466e-01 1.569932297714293212e-01 6.656434678318344511e-02 2.520618353909998000e-02 -2.004072073504576529e-02 -5.633832634241427162e-02 -8.596510340365885738e-02 -1.316747915272021563e-01 -2.028247376290076287e-01
1.738867990536871466e-01 1.916083156607515381e-01 2.111821002028258232e-01 1.046284400312968432e-01 7.781449352520185270e-02 3.638200237494623041e-02 -5.000815772159470513e-03 -4.191254726456115909e-02 -8.657298316621546419e-02 -1.477622617614803013e-01
1.569932297714293212e-01 2.111821002028258232e-01 3.035912928357706875e-01 1.621811582388792972e-01 1.452403834938515714e-01 1.035593115139191722e-01 5.503997563960555395e-02 5.534822143889021363e-03 -4.856246470361633150e-02 -1.151119165311798170e-01
6.656434678318344511e-02 1.046284400312968432e-01 1.621811582388792972e-01 1.158291883591587856e-01 1.418496787886093236e-01 1.194553996901967369e-01 8.210730382244019188e-02 4.606059380270245002e-02 1.175201914030502871e-02 -2.963895064157504033e-02
2.520618353909998000e-02 7.781449352520185270e-02 1.452403834938515714e-01 1.418496787886093236e-01 2.309610213083238550e-01 2.133520579537296902e-01 1.561555333611032714e-01 1.072868554114479178e-01 7.077591256492433980e-02 2.999067689381914800e-02
-2.004072073504576529e-02 3.638200237494623041e-02 1.035593115139191722e-01 1.194553996901967369e-01 2.133520579537296902e-01 2.398310518222611099e-01 1.880384633317746523e-01 1.360368791926754861e-01 1.034028330668873286e-01 7.398299537051260255e-02
-5.633832634241427162e-02 -5.000815772159470513e-03 5.503997563960555395e-02 8.210730382244019188e-02 1.561555333611032714e-01 1.880384633317746523e-01 1.804060687421869813e-01 1.442404176843269936e-01 1.207605278434406570e-01 1.026516027252447061e-01
-8.596510340365885738e-02 -4.191254726456115909e-02 5.534822143889021363e-03 4.606059380270245002e-02 1.072868554114479178e-01 1.360368791926754861e-01 1.442404176843269936e-01 1.348200451896703900e-01 1.289093705056792161e-01 1.260419892322607316e-01
-1.316747915272021563e-01 -8.657298316621546419e-02 -4.856246470361633150e-02 1.175201914030502871e-02 7.077591256492433980e-02 1.034028330668873286e-01 1.207605278434406570e-01 1.289093705056792161e-01 1.500559756697904257e-01 1.726988695924143447e-01
-2.028247376290076287e-01 -1.477622617614803013e-01 -1.151119165311798170e-01 -2.963895064157504033e-02 2.999067689381914800e-02 7.398299537051260255e-02 1.026516027252447061e-01 1.260419892322607316e-01 1.726988695924143447e-01 2.446863713948913832e-01
2.224940816308776936e-01 2.080288627194325779e-01 1.446519802700517721e-01 9.731953757127068116e-02 6.181512837989402986e-02 8.752557973850744188e-03 -4.232752167143685740e-02 -9.940490346737426708e-02 -1.430666921394914137e-01 -1.662031038670619409e-01
2.080288627194325779e-01 2.423531949988690370e-01 1.822159071965153421e-01 1.347424183444712875e-01 1.082687385091494758e-01 5.883608102834748943e-02 4.041816331482986184e-03 -5.417999520982169637e-02 -1.057753863844182324e-01 -1.399274977907963569e-01
1.446519802700517721e-01 1.822159071965153421e-01 1.677048626212843951e-01 1.435244821050263853e-01 1.334885253622387080e-01 9.310450919497904876e-02 4.587448378933503546e-02 -2.773230127471845480e-04 -5.197450571760857396e-02 -8.993547474801194541e-02
9.731953757127068116e-02 1.347424183444712875e-01 1.435244821050263853e-01 1.532556451708540768e-01 1.686523110315867879e-01 1.329188607223134311e-01 8.683386826484981724e-02 5.128549710448949972e-02 1.502731194076657511e-04 -4.642196961068348338e-02
6.181512837989402986e-02 1.082687385091494758e-01 1.334885253622387080e-01 1.686523110315867879e-01 2.284266600193574082e-01 1.981703606074756152e-01 1.424589923000517122e-01 1.105000284726005422e-01 5.638296462185374974e-02 -4.272967398933385369e-03
8.752557973850744188e-03 5.883608102834748943e-02 9.310450919497904876e-02 1.329188607223134311e-01 1.981703606074756152e-01 2.120008378544385730e-01 1.711677897200180043e-01 1.497260725657718339e-01 1.014822595563492497e-01 4.177632045758686297e-02
-4.232752167143685740e-02 4.041816331482986184e-03 4.587448378933503546e-02 8.683386826484981724e-02 1.424589923000517122e-01 1.711677897200180043e-01 1.739892580697280922e-01 1.790228565924875115e-01 1.373299572314373163e-01 8.015314562479414207e-02
-9.940490346737426708e-02 -5.417999520982169637e-02 -2.773230127471845480e-04 5.128549710448949972e-02 1.105000284726005422e-01 1.497260725657718339e-01 1.790228565924875115e-01 2.318266384920273371e-01 1.983800178078042042e-01 1.315060642237265709e-01
