3.375465214148797299e-01 3.184701556311447801e-01 1.038805620465348412e-01 -4.731683439967071525e-02 -9.897875928209926011e-02 -6.083485189924876801e-02 1.005065340665413365e-02 6.917984910548899413e-02 5.172176870742415528e-02 -3.297996937762944641e-02 -1.314588245924930288e-01 -2.532653019673981598e-01
3.184701556311447801e-01 4.627235370645035872e-01 2.944621574075918513e-01 1.215459850011593457e-01 -3.653696634653169108e-04 -6.111490441777583937e-02 -7.319191897078158870e-02 -1.257871647138454618e-02 6.276574051697175749e-02 8.055711307569601853e-02 -1.291290661305994399e-03 -1.390540485557647254e-01
1.038805620465348412e-01 2.944621574075918513e-01 3.095415765387693474e-01 2.526487631808418399e-01 1.604235598509395344e-01 4.255255493331423777e-02 -5.294332980211866047e-02 -7.605152355086888805e-02 -1.264518891193392239e-02 6.618193440875801137e-02 7.511458185191953463e-02 3.173300638169872234e-02
-4.731683439967071525e-02 1.215459850011593457e-01 2.526487631808418399e-01 3.085970946344405719e-01 2.749845449601258096e-01 1.548813175533046427e-01 3.117925149491387882e-02 -7.004022290753772473e-02 -7.383855756694933381e-02 -3.520642498728245810e-03 6.884007697975741413e-02 1.070623400424836336e-01
-9.897875928209926011e-02 -3.653696634653169108e-04 1.604235598509395344e-01 2.749845449601258096e-01 3.116778098583502521e-01 2.377547022700446655e-01 1.465128394606789453e-01 6.997573781986919650e-03 -8.073313265324021104e-02 -7.221777376308824437e-02 1.125711422615168107e-02 8.778686072835256704e-02
-6.083485189924876801e-02 -6.111490441777583937e-02 4.255255493331423777e-02 1.548813175533046427e-01 2.377547022700446655e-01 2.552213296103589268e-01 2.546529481454584132e-01 1.396788624429287917e-01 -1.083715027507223608e-02 -9.135886524325245728e-02 -5.716415188716764129e-02 3.073367798214619428e-03
1.005065340665413365e-02 -7.319191897078158870e-02 -5.294332980211866047e-02 3.117925149491387882e-02 1.465128394606789453e-01 2.546529481454584132e-01 3.719043502651866451e-01 3.135722090769393344e-01 1.238652807687617569e-01 -4.568118096625733288e-02 -9.511757680921521796e-02 -8.350781284766579937e-02
6.917984910548899413e-02 -1.257871647138454618e-02 -7.605152355086888805e-02 -7.004022290753772473e-02 6.997573781986919650e-03 1.396788624429287917e-01 3.135722090769393344e-01 3.778078946889538159e-01 2.728438886247245843e-01 1.162100223027688894e-01 -1.898517297814752286e-02 -8.476890146406573789e-02
5.172176870742415528e-02 6.276574051697175749e-02 -1.264518891193392239e-02 -7.383855756694933381e-02 -8.073313265324021104e-02 -1.083715027507223608e-02 1.238652807687617569e-01 2.728438886247245843e-01 3.392457172344040539e-01 2.999862618823083138e-01 1.397698801921929690e-01 2.540039170748286529e-02
-3.297996937762944641e-02 8.055711307569601853e-02 6.618193440875801137e-02 -3.520642498728245810e-03 -7.221777376308824437e-02 -9.135886524325245728e-02 -4.568118096625733288e-02 1.162100223027688894e-01 2.999862618823083138e-01 3.970318680518997168e-01 2.721546640161578989e-01 1.660163964101102896e-01
-1.314588245924930288e-01 -1.291290661305994399e-03 7.511458185191953463e-02 6.884007697975741413e-02 1.125711422615168107e-02 -5.716415188716764129e-02 -9.511757680921521796e-02 -1.898517297814752286e-02 1.397698801921929690e-01 2.721546640161578989e-01 2.502002465266723319e-01 2.221460246181395648e-01
-2.532653019673981598e-01 -1.390540485557647254e-01 3.173300638169872234e-02 1.070623400424836336e-01 8.778686072835256704e-02 3.073367798214619428e-03 -8.350781284766579937e-02 -8.476890146406573789e-02 2.540039170748286529e-02 1.660163964101102896e-01 2.221460246181395648e-01 2.785020541115684756e-01
4.268521801359440038e-01 2.929944325308732056e-01 1.171362648029497522e-01 -1.725156962365587479e-02 -6.850786672177883174e-02 -7.125076043264635950e-02 -9.373329770027815505e-03 6.380840320282128719e-02 8.266321244867808060e-02 1.120499554408640585e-03 -1.387951658533438382e-01 -3.135770148655956935e-01
2.929944325308732056e-01 2.989002395066545636e-01 2.281720590014396088e-01 1.504357595888225485e-01 1.362193661360466823e-02 -7.654913017113647300e-02 -7.741703535806560010e-02 5.361836707228681900e-03 8.471584775026907987e-02 7.603590688914306506e-02 5.551615462663386097e-03 -1.369702693147742123e-01
1.171362648029497522e-01 2.281720590014396088e-01 2.880165590475824988e-01 3.092269730838449471e-01 1.382451269031879648e-01 2.860481910183411934e-03 -7.655053071889930671e-02 -5.670888578018928872e-02 1.239394011938851382e-02 6.446136377604376466e-02 7.793792547010050531e-02 1.779891441837916366e-02
-1.725156962365587479e-02 1.504357595888225485e-01 3.092269730838449471e-01 4.406418423415940366e-01 2.722826195706287145e-01 1.366748069683890732e-01 -5.643481975399098835e-03 -8.088698687483587835e-02 -7.127645267032785281e-02 5.646383157707309496e-03 7.891994865052537333e-02 1.005141412391615113e-01
-6.850786672177883174e-02 1.362193661360466823e-02 1.382451269031879648e-01 2.722826195706287145e-01 2.418109909492930365e-01 2.259896439793405154e-01 1.347279326159626089e-01 5.546101009962515517e-03 -7.559052378391362126e-02 -6.152063067840132793e-02 -1.109784602081915865e-02 5.100812166231218081e-02
-7.125076043264635950e-02 -7.654913017113647300e-02 2.860481910183411934e-03 1.366748069683890732e-01 2.259896439793405154e-01 3.402969575839727145e-01 3.138840600279703130e-01 1.425354038319472938e-01 -2.580828945277868075e-02 -9.578921876722867879e-02 -9.248656422866453897e-02 -2.054250752024208010e-02
-9.373329770027815505e-03 -7.741703535806560010e-02 -7.655053071889930671e-02 -5.643481975399098835e-03 1.347279326159626089e-01 3.138840600279703130e-01 3.894029845317073524e-01 2.762698903831501962e-01 1.180250618850027938e-01 -1.992413734059941127e-02 -8.504695019255889554e-02 -7.080766330243234985e-02
6.380840320282128719e-02 5.361836707228681900e-03 -5.670888578018928872e-02 -8.088698687483587835e-02 5.546101009962515517e-03 1.425354038319472938e-01 2.762698903831501962e-01 3.161187890582185522e-01 2.790961688483645786e-01 1.403800329086002108e-01 3.194543182906548623e-02 -4.573351696941072714e-02
8.266321244867808060e-02 8.471584775026907987e-02 1.239394011938851382e-02 -7.127645267032785281e-02 -7.559052378391362126e-02 -2.580828945277868075e-02 1.180250618850027938e-01 2.790961688483645786e-01 3.811282845849563450e-01 2.831871618263919754e-01 1.741047318023686008e-01 3.641020529011351758e-02
1.120499554408640585e-03 7.603590688914306506e-02 6.446136377604376466e-02 5.646383157707309496e-03 -6.152063067840132793e-02 -9.578921876722867879e-02 -1.992413734059941127e-02 1.403800329086002108e-01 2.831871618263919754e-01 2.740486880374066736e-01 2.316115041344669889e-01 1.319862000863789298e-01
-1.387951658533438382e-01 5.551615462663386097e-03 7.793792547010050531e-02 7.891994865052537333e-02 -1.109784602081915865e-02 -9.248656422866453897e-02 -8.504695019255889554e-02 3.194543182906548623e-02 1.741047318023686008e-01 2.316115041344669889e-01 2.709535437774910904e-01 2.445230185103874632e-01
-3.135770148655956935e-01 -1.369702693147742123e-01 1.779891441837916366e-02 1.005141412391615113e-01 5.100812166231218081e-02 -2.054250752024208010e-02 -7.080766330243234985e-02 -4.573351696941072714e-02 3.641020529011351758e-02 1.319862000863789298e-01 2.445230185103874632e-01 3.318289404451720825e-01
3.843431452434622475e-01 2.812669367944271026e-01 1.300744691171519529e-01 -2.769520500064515806e-02 -9.915021590395309281e-02 -5.457320778945483342e-02 2.707556749254943010e-02 8.764285258091247810e-02 6.575573037512641439e-02 -3.108772253100192118e-02 -1.585783665207511905e-01 -2.858464004400370073e-01
2.812669367944271026e-01 3.236651967367563110e-01 2.899625823027054405e-01 1.201084550128757034e-01 -2.746607299626398213e-02 -8.399825799405302718e-02 -5.806205569608301198e-02 5.736184373957788421e-03 6.366548083191433949e-02 6.509149295259501755e-02 -5.902554720183472714e-03 -1.293322015132828962e-01
1.300744691171519529e-01 2.899625823027054405e-01 4.056764792606951664e-01 2.895192946770095421e-01 1.288738368129341283e-01 -2.546184886403762837e-02 -9.305747957257366754e-02 -8.141714309188501086e-02 4.522530928670264253e-03 8.574419394438620445e-02 9.564017906139317404e-02 2.344344668593580788e-02
-2.769520500064515806e-02 1.201084550128757034e-01 2.895192946770095421e-01 3.208572116449270317e-01 2.772110468957558749e-01 1.302129004680954161e-01 -2.673692355544546794e-05 -7.323006388724422056e-02 -6.092587703501328028e-02 4.014850666664386385e-03 6.499054722383874882e-02 8.227461002170283200e-02
-9.915021590395309281e-02 -2.746607299626398213e-02 1.288738368129341283e-01 2.772110468957558749e-01 3.810998274904681682e-01 2.953367146690069056e-01 1.500413328147768288e-01 1.592342035073649603e-02 -7.366243533471580895e-02 -8.209740666681852872e-02 -2.265334775323207817e-02 5.372282767617777427e-02
-5.457320778945483342e-02 -8.399825799405302718e-02 -2.546184886403762837e-02 1.302129004680954161e-01 2.953367146690069056e-01 3.212291618929576376e-01 2.492922710718492307e-01 1.465551962324143642e-01 1.024667100818482147e-02 -7.958096212482181075e-02 -8.364692360314639197e-02 -2.677916624034719709e-02
2.707556749254943010e-02 -5.806205569608301198e-02 -9.305747957257366754e-02 -2.673692355544546794e-05 1.500413328147768288e-01 2.492922710718492307e-01 2.806395184112127072e-01 2.609884630622921753e-01 1.418171137522808989e-01 7.696473878677573960e-03 -7.150893217451424755e-02 -7.936280117191396588e-02
8.764285258091247810e-02 5.736184373957788421e-03 -8.141714309188501086e-02 -7.323006388724422056e-02 1.592342035073649603e-02 1.465551962324143642e-01 2.609884630622921753e-01 3.464293577832547322e-01 2.873267284034326519e-01 1.512128293124174461e-01 1.183659664897462709e-02 -7.315469006493285908e-02
6.575573037512641439e-02 6.366548083191433949e-02 4.522530928670264253e-03 -6.092587703501328028e-02 -7.366243533471580895e-02 1.024667100818482147e-02 1.418171137522808989e-01 2.873267284034326519e-01 3.373281583304878484e-01 2.756794376545991243e-01 1.461013915679363340e-01 2.161713683053763727e-02
-3.108772253100192118e-02 6.509149295259501755e-02 8.574419394438620445e-02 4.014850666664386385e-03 -8.209740666681852872e-02 -7.958096212482181075e-02 7.696473878677573960e-03 1.512128293124174461e-01 2.756794376545991243e-01 3.207719600510552938e-01 2.558426969059335865e-01 1.492908531028578900e-01
-1.585783665207511905e-01 -5.902554720183472714e-03 9.564017906139317404e-02 6.499054722383874882e-02 -2.265334775323207817e-02 -8.364692360314639197e-02 -7.150893217451424755e-02 1.183659664897462709e-02 1.461013915679363340e-01 2.558426969059335865e-01 2.824182278857051975e-01 2.439090569104894746e-01
-2.858464004400370073e-01 -1.293322015132828962e-01 2.344344668593580788e-02 8.227461002170283200e-02 5.372282767617777427e-02 -2.677916624034719709e-02 -7.936280117191396588e-02 -7.315469006493285908e-02 2.161713683053763727e-02 1.492908531028578900e-01 2.439090569104894746e-01 2.955417552690193794e-01
3.094352776004171135e-01 2.707463351443538113e-01 1.586809493481972089e-01 -3.090732556737204456e-02 -1.175699149693900381e-01 -5.394224740319633615e-02 1.264155434677545313e-02 6.988587128547413263e-02 5.422306352127961859e-02 -2.474150914098449672e-02 -1.407583193314092262e-01 -2.520081627703566474e-01
2.707463351443538113e-01 3.241856080500019610e-01 2.851627019761541204e-01 9.100093796537706003e-02 -7.858484631604911730e-02 -8.311621955775259918e-02 -6.559328738606891307e-02 1.005265655693154785e-02 7.455838463772448965e-02 7.544950752337906130e-02 -1.299258106226904366e-02 -1.475941577240869607e-01
1.586809493481972089e-01 2.851627019761541204e-01 3.806392124792391529e-01 2.934294783642551474e-01 9.343656869785083030e-02 -3.079292598324206293e-02 -9.187091639278346933e-02 -5.877410300957019995e-02 3.149293643293744199e-02 9.338403007804156608e-02 6.960837171122542799e-02 -2.529151418787027247e-02
-3.090732556737204456e-02 9.100093796537706003e-02 2.934294783642551474e-01 4.411026704864464687e-01 3.406159806648141330e-01 1.205444987595922224e-01 6.605860802121870518e-03 -6.133735807782526167e-02 -5.380197234620862773e-02 -5.954610998438100364e-03 4.792781298014081592e-02 7.080000740976080675e-02
-1.175699149693900381e-01 -7.858484631604911730e-02 9.343656869785083030e-02 3.406159806648141330e-01 3.954696683631844789e-01 2.160678878380469237e-01 1.452681913080679510e-01 3.318785014823993212e-02 -6.497828031902558310e-02 -9.483018387694094886e-02 -3.660854224984984306e-02 5.652704272686524117e-02
-5.394224740319633615e-02 -8.311621955775259918e-02 -3.079292598324206293e-02 1.205444987595922224e-01 2.160678878380469237e-01 1.728846204912243834e-01 1.973270816060445632e-01 1.391238535767430617e-01 1.965685810348140328e-02 -6.557746983960748011e-02 -7.040221546565020305e-02 -1.624691714140571314e-02
1.264155434677545313e-02 -6.559328738606891307e-02 -9.187091639278346933e-02 6.605860802121870518e-03 1.452681913080679510e-01 1.973270816060445632e-01 3.299429199494317566e-01 3.203506499923469142e-01 1.528315336468927255e-01 -9.578231372792430157e-03 -9.222307989659071781e-02 -8.413259219651410270e-02
6.988587128547413263e-02 1.005265655693154785e-02 -5.877410300957019995e-02 -6.133735807782526167e-02 3.318785014823993212e-02 1.391238535767430617e-01 3.203506499923469142e-01 3.978952428073985748e-01 2.766844466703759498e-01 1.243680570117317308e-01 -9.828050599502938245e-03 -7.682641821830550610e-02
5.422306352127961859e-02 7.455838463772448965e-02 3.149293643293744199e-02 -5.380197234620862773e-02 -6.497828031902558310e-02 1.965685810348140328e-02 1.528315336468927255e-01 2.766844466703759498e-01 2.948805650985059645e-01 2.544381878384964768e-01 1.439340193756288855e-01 2.867763461903604857e-02
-2.474150914098449672e-02 7.544950752337906130e-02 9.338403007804156608e-02 -5.954610998438100364e-03 -9.483018387694094886e-02 -6.557746983960748011e-02 -9.578231372792430157e-03 1.243680570117317308e-01 2.544381878384964768e-01 3.386867752506744766e-01 2.859157958462476001e-01 1.656496626618313983e-01
-1.407583193314092262e-01 -1.299258106226904366e-02 6.960837171122542799e-02 4.792781298014081592e-02 -3.660854224984984306e-02 -7.040221546565020305e-02 -9.222307989659071781e-02 -9.828050599502938245e-03 1.439340193756288855e-01 2.859157958462476001e-01 3.191686197493804333e-01 2.596864156538579715e-01
-2.520081627703566474e-01 -1.475941577240869607e-01 -2.529151418787027247e-02 7.080000740976080675e-02 5.652704272686524117e-02 -1.624691714140571314e-02 -8.413259219651410270e-02 -7.682641821830550610e-02 2.867763461903604857e-02 1.656496626618313983e-01 2.596864156538579715e-01 2.957088196740937924e-01
3.690103610792793143e-01 3.014981392403170424e-01 1.311143380661391467e-01 1.391074809813011527e-03 -6.886679281756198645e-02 -6.988523950944960927e-02 -4.844667569869201725e-03 6.278923914267499351e-02 9.104534875543821015e-02 1.597320099902300658e-02 -1.261369181518804394e-01 -2.843400451424413222e-01
3.014981392403170424e-01 3.665308657064564324e-01 2.567351891534077057e-01 1.540065290579273882e-01 3.402124686761698151e-03 -9.344248209796184035e-02 -8.144821161273699262e-02 -7.515048836944215188e-03 7.461018709982196462e-02 8.839208477873573833e-02 3.748442145439706552e-02 -1.226037757074773527e-01
1.311143380661391467e-01 2.567351891534077057e-01 2.674260822449476827e-01 2.652681213178769704e-01 1.292892799249931168e-01 -3.199082260724666910e-03 -7.219323215641496039e-02 -6.657913287858360785e-02 -1.437063639180880328e-02 5.326973368871954634e-02 9.127786153732345142e-02 2.013639735667582462e-02
1.391074809813011527e-03 1.540065290579273882e-01 2.652681213178769704e-01 3.805613743345402922e-01 2.865451659804818529e-01 1.487942820097364061e-01 -9.153140410398032546e-04 -8.407099106405481470e-02 -9.400588283218985763e-02 -1.244389239905017465e-02 7.688843544627495252e-02 9.257896241167491713e-02
-6.886679281756198645e-02 3.402124686761698151e-03 1.292892799249931168e-01 2.865451659804818529e-01 3.137827210069710215e-01 2.746372160815893082e-01 1.375773108467632511e-01 8.248746462993818140e-03 -7.304908976863297432e-02 -6.374795504891209164e-02 -1.572221973364802683e-02 5.193423508847189868e-02
-6.988523950944960927e-02 -9.344248209796184035e-02 -3.199082260724666910e-03 1.487942820097364061e-01 2.746372160815893082e-01 3.583768580204603205e-01 2.779944863389955390e-01 1.472264875389899252e-01 2.397661095881362461e-02 -6.148068099396167968e-02 -9.240504521926257153e-02 -2.624996009256238411e-02
-4.844667569869201725e-03 -8.144821161273699262e-02 -7.219323215641496039e-02 -9.153140410398032546e-04 1.375773108467632511e-01 2.779944863389955390e-01 3.000760796032362343e-01 2.440487775589556263e-01 1.588459589550419160e-01 2.213673640551465024e-02 -7.515628064514354167e-02 -7.608851328553009608e-02
6.278923914267499351e-02 -7.515048836944215188e-03 -6.657913287858360785e-02 -8.407099106405481470e-02 8.248746462993818140e-03 1.472264875389899252e-01 2.440487775589556263e-01 2.874398068449237620e-01 2.801102719873856395e-01 1.412472133273230401e-01 1.754974955636501299e-02 -6.686475003902694891e-02
9.104534875543821015e-02 7.461018709982196462e-02 -1.437063639180880328e-02 -9.400588283218985763e-02 -7.304908976863297432e-02 2.397661095881362461e-02 1.588459589550419160e-01 2.801102719873856395e-01 3.663664474609280575e-01 2.623267018091538505e-01 1.552836749524970084e-01 4.361771561100788626e-03
1.597320099902300658e-02 8.839208477873573833e-02 5.326973368871954634e-02 -1.244389239905017465e-02 -6.374795504891209164e-02 -6.148068099396167968e-02 2.213673640551465024e-02 1.412472133273230401e-01 2.623267018091538505e-01 2.649568986376731883e-01 2.547381259449108537e-01 1.321411533036603303e-01
-1.261369181518804394e-01 3.748442145439706552e-02 9.127786153732345142e-02 7.688843544627495252e-02 -1.572221973364802683e-02 -9.240504521926257153e-02 -7.515628064514354167e-02 1.754974955636501299e-02 1.552836749524970084e-01 2.547381259449108537e-01 3.626409453107863334e-01 2.990426346000573665e-01
-2.843400451424413222e-01 -1.226037757074773527e-01 2.013639735667582462e-02 9.257896241167491713e-02 5.193423508847189868e-02 -2.624996009256238411e-02 -7.608851328553009608e-02 -6.686475003902694891e-02 4.361771561100788626e-03 1.321411533036603303e-01 2.990426346000573665e-01 3.628315597497804856e-01
3.451391346129673576e-01 2.889986997282261161e-01 1.511234101366732974e-01 -3.515021430858595447e-02 -1.046778615108028554e-01 -5.302370623759522505e-02 3.402380140074009324e-02 9.230123827512978774e-02 6.863455277256441667e-02 1.037511390108238410e-02 -1.229652541314034536e-01 -2.628282107295137338e-01
2.889986997282261161e-01 3.296545788445298109e-01 2.659049817516598857e-01 9.634654106868825729e-02 -6.834390839980274135e-02 -9.589710766180636892e-02 -3.718827382969402962e-02 4.042679326594880718e-02 7.798860942290913867e-02 9.430448109004431478e-02 1.956096456274950338e-02 -1.403952338854416171e-01
1.511234101366732974e-01 2.659049817516598857e-01 3.442456580415811374e-01 3.050754750200090348e-01 8.886648080086755053e-02 -5.081689100492856742e-02 -8.533527249496636324e-02 -5.190895908024902028e-02 1.619652246806995918e-02 7.721300598956655492e-02 8.183553176660943174e-02 -1.331817052289253206e-02
-3.515021430858595447e-02 9.634654106868825729e-02 3.050754750200090348e-01 4.877283196661396092e-01 3.227908972685733513e-01 1.125648514156031010e-01 -3.362775800689452033e-02 -9.687211933172015788e-02 -6.710232034425540892e-02 -2.430792352313286553e-02 4.069853957608123018e-02 7.388742724144770069e-02
-1.046778615108028554e-01 -6.834390839980274135e-02 8.886648080086755053e-02 3.227908972685733513e-01 3.507328917186652850e-01 2.528136305188566357e-01 1.293907083254498269e-01 2.266203254849715604e-02 -4.413379388741257847e-02 -8.197817601912428531e-02 -5.384097461058934969e-02 3.754974031835858067e-02
-5.302370623759522505e-02 -9.589710766180636892e-02 -5.081689100492856742e-02 1.125648514156031010e-01 2.528136305188566357e-01 2.983672489821032059e-01 2.623369151675778443e-01 1.782859657352402483e-01 4.800158342549631224e-02 -4.389127171479458717e-02 -8.371921291279449395e-02 -3.152380780634267410e-02
3.402380140074009324e-02 -3.718827382969402962e-02 -8.533527249496636324e-02 -3.362775800689452033e-02 1.293907083254498269e-01 2.623369151675778443e-01 3.216616198074907507e-01 2.921406580035923461e-01 1.482323612720592432e-01 4.927697798650040872e-02 -4.101237057166938482e-02 -7.020573559949021269e-02
9.230123827512978774e-02 4.042679326594880718e-02 -5.190895908024902028e-02 -9.687211933172015788e-02 2.266203254849715604e-02 1.782859657352402483e-01 2.921406580035923461e-01 3.293981055291628213e-01 2.155627911437842381e-01 1.503612918403964549e-01 4.912234919655949356e-02 -5.510923014817019350e-02
6.863455277256441667e-02 7.798860942290913867e-02 1.619652246806995918e-02 -6.710232034425540892e-02 -4.413379388741257847e-02 4.800158342549631224e-02 1.482323612720592432e-01 2.155627911437842381e-01 1.885269844191393152e-01 1.977195120030538489e-01 1.474977116227717822e-01 2.572205669153719912e-02
1.037511390108238410e-02 9.430448109004431478e-02 7.721300598956655492e-02 -2.430792352313286553e-02 -8.197817601912428531e-02 -4.389127171479458717e-02 4.927697798650040872e-02 1.503612918403964549e-01 1.977195120030538489e-01 2.926156692913137736e-01 3.001172822062386225e-01 1.521031425845642548e-01
-1.229652541314034536e-01 1.956096456274950338e-02 8.183553176660943174e-02 4.069853957608123018e-02 -5.384097461058934969e-02 -8.371921291279449395e-02 -4.101237057166938482e-02 4.912234919655949356e-02 1.474977116227717822e-01 3.001172822062386225e-01 3.946807396209531804e-01 2.880925328706930300e-01
-2.628282107295137338e-01 -1.403952338854416171e-01 -1.331817052289253206e-02 7.388742724144770069e-02 3.754974031835858067e-02 -3.152380780634267410e-02 -7.020573559949021269e-02 -5.510923014817019350e-02 2.572205669153719912e-02 1.521031425845642548e-01 2.880925328706930300e-01 3.172490494659464533e-01
3.211150281128172801e-01 2.650067461331211960e-01 1.536030946515909434e-01 2.324301616129240133e-02 -7.496336666876991794e-02 -7.485134216980783572e-02 -2.647313435595396308e-02 4.593159937954525984e-02 8.196824459297348542e-02 1.866190464693640375e-02 -1.218632758566510765e-01 -2.872497200544313900e-01
2.650067461331211960e-01 3.232438236348345040e-01 2.732008401402682418e-01 1.459519790530096617e-01 -1.610675877283627034e-03 -8.365592604951069267e-02 -9.275192752640279426e-02 -3.132560228609575226e-02 6.443234504217869307e-02 9.489898194136353604e-02 3.251268060985785385e-02 -1.274570092100266727e-01
1.536030946515909434e-01 2.732008401402682418e-01 3.115380547899987973e-01 2.548926594659262634e-01 1.366577482495919260e-01 -2.879922781484646997e-03 -7.892330829276913984e-02 -7.849171933233944909e-02 -9.501609355227326557e-04 7.780415771423584981e-02 9.364701818810644562e-02 1.130354843299005794e-03
2.324301616129240133e-02 1.459519790530096617e-01 2.548926594659262634e-01 3.175449099724293456e-01 2.951160737921195709e-01 1.429289423094609879e-01 1.864724034371136041e-02 -6.190351460435811193e-02 -6.617659249403060051e-02 -1.605134078773523976e-03 6.321310541258115534e-02 6.868567208588409467e-02
-7.496336666876991794e-02 -1.610675877283627034e-03 1.366577482495919260e-01 2.951160737921195709e-01 3.964984118259381463e-01 2.818607684599865881e-01 1.563626269397376811e-01 2.352100530997273606e-02 -7.761917343141110093e-02 -8.040666657285450158e-02 -1.858084831516929394e-02 6.476929571695280718e-02
-7.485134216980783572e-02 -8.365592604951069267e-02 -2.879922781484646997e-03 1.429289423094609879e-01 2.818607684599865881e-01 2.712516599779229987e-01 2.256478093477276570e-01 1.369448325166587876e-01 1.064233302362620204e-02 -7.115588413235988952e-02 -7.600392346972448254e-02 -3.735250463296558091e-03
-2.647313435595396308e-02 -9.275192752640279426e-02 -7.892330829276913984e-02 1.864724034371136041e-02 1.563626269397376811e-01 2.256478093477276570e-01 2.731532155863050648e-01 2.611015722720799737e-01 1.495580582647238754e-01 1.566288888248778231e-03 -8.381995952170756548e-02 -6.897551643338986627e-02
4.593159937954525984e-02 -3.132560228609575226e-02 -7.849171933233944909e-02 -6.190351460435811193e-02 2.352100530997273606e-02 1.369448325166587876e-01 2.611015722720799737e-01 3.549138589906079555e-01 3.089604519579715602e-01 1.371187267708887381e-01 -1.429061758768808421e-02 -9.018908474896412952e-02
8.196824459297348542e-02 6.443234504217869307e-02 -9.501609355227326557e-04 -6.617659249403060051e-02 -7.761917343141110093e-02 1.064233302362620204e-02 1.495580582647238754e-01 3.089604519579715602e-01 3.789844477241338661e-01 2.704214111896790507e-01 1.292173029586696498e-01 -1.517021548680076021e-02
1.866190464693640375e-02 9.489898194136353604e-02 7.780415771423584981e-02 -1.605134078773523976e-03 -8.040666657285450158e-02 -7.115588413235988952e-02 1.566288888248778231e-03 1.371187267708887381e-01 2.704214111896790507e-01 2.941515574476519790e-01 2.555231372458073302e-01 1.362882129791022356e-01
-1.218632758566510765e-01 3.251268060985785385e-02 9.364701818810644562e-02 6.321310541258115534e-02 -1.858084831516929394e-02 -7.600392346972448254e-02 -8.381995952170756548e-02 -1.429061758768808421e-02 1.292173029586696498e-01 2.555231372458073302e-01 3.457891599880477673e-01 3.106455862890512565e-01
-2.872497200544313900e-01 -1.274570092100266727e-01 1.130354843299005794e-03 6.868567208588409467e-02 6.476929571695280718e-02 -3.735250463296558091e-03 -6.897551643338986627e-02 -9.018908474896412952e-02 -1.517021548680076021e-02 1.362882129791022356e-01 3.106455862890512565e-01 4.118158719493041908e-01
3.325860586898722326e-01 3.173727517909324392e-01 1.319658297087777654e-01 -2.527440552079433106e-02 -7.763411963896194035e-02 -6.204288330006609009e-02 2.100751470126625831e-02 7.748023041010619616e-02 6.087941422190398799e-02 8.518678859030985248e-03 -1.168496783950600665e-01 -2.524990656321291493e-01
3.173727517909324392e-01 3.628482725966207800e-01 2.108400827703528491e-01 1.040126801495757092e-01 -3.127150761915811761e-02 -8.792981183305778603e-02 -3.518839441709371851e-02 5.058481827349339127e-02 8.652263228515358340e-02 9.535079033511908997e-02 -3.260363371392058229e-02 -1.943561647739971143e-01
1.319658297087777654e-01 2.108400827703528491e-01 2.162769641682056876e-01 2.822585627274444287e-01 1.061939991706858655e-01 -1.841903966542383572e-02 -6.645278088333056443e-02 -3.217893692842106745e-02 2.230011710780623047e-02 6.673326082284156135e-02 2.893877754821933337e-02 -4.608480501680188579e-02
-2.527440552079433106e-02 1.040126801495757092e-01 2.822585627274444287e-01 5.827717288101288418e-01 3.227854680441847868e-01 1.124154292238426639e-01 -6.406682586863775286e-02 -1.095941885177999231e-01 -5.532798049204458446e-02 6.988712869306096080e-03 6.213958660499960263e-02 7.734797453819726443e-02
-7.763411963896194035e-02 -3.127150761915811761e-02 1.061939991706858655e-01 3.227854680441847868e-01 2.566285341190868707e-01 2.108438431680643710e-01 1.045306579606021524e-01 1.560358883359827531e-03 -4.396924199634420771e-02 -6.238822170998589017e-02 -6.030796685918857029e-03 5.566449822179505430e-02
-6.204288330006609009e-02 -8.792981183305778603e-02 -1.841903966542383572e-02 1.124154292238426639e-01 2.108438431680643710e-01 3.459425327995901966e-01 3.287523690389730913e-01 1.722942772994275340e-01 1.391682239179209586e-02 -8.906842186530079808e-02 -7.071266255111541277e-02 -4.670560541742375602e-03
2.100751470126625831e-02 -3.518839441709371851e-02 -6.645278088333056443e-02 -6.406682586863775286e-02 1.045306579606021524e-01 3.287523690389730913e-01 4.227363763914110395e-01 2.977879839656256689e-01 1.132065077455877561e-01 -4.438090695846027612e-04 -5.811833491587503620e-02 -6.070897068234454991e-02
7.748023041010619616e-02 5.058481827349339127e-02 -3.217893692842106745e-02 -1.095941885177999231e-01 1.560358883359827531e-03 1.722942772994275340e-01 2.977879839656256689e-01 2.804251921636412570e-01 1.796299634253745725e-01 1.436725767495863615e-01 3.645412595146484830e-02 -4.668383650056920353e-02
6.087941422190398799e-02 8.652263228515358340e-02 2.230011710780623047e-02 -5.532798049204458446e-02 -4.396924199634420771e-02 1.391682239179209586e-02 1.132065077455877561e-01 1.796299634253745725e-01 1.944780087143240244e-01 2.608002285244027108e-01 1.511070933333059918e-01 2.811560275664519090e-02
8.518678859030985248e-03 9.535079033511908997e-02 6.673326082284156135e-02 6.988712869306096080e-03 -6.238822170998589017e-02 -8.906842186530079808e-02 -4.438090695846027612e-04 1.436725767495863615e-01 2.608002285244027108e-01 4.532505177622326853e-01 3.231836730488214515e-01 1.484714875031572789e-01
-1.168496783950600665e-01 -3.260363371392058229e-02 2.893877754821933337e-02 6.213958660499960263e-02 -6.030796685918857029e-03 -7.071266255111541277e-02 -5.811833491587503620e-02 3.645412595146484830e-02 1.511070933333059918e-01 3.231836730488214515e-01 2.925772565145635107e-01 2.135814551513479376e-01
-2.524990656321291493e-01 -1.943561647739971143e-01 -4.608480501680188579e-02 7.734797453819726443e-02 5.566449822179505430e-02 -4.670560541742375602e-03 -6.070897068234454991e-02 -4.668383650056920353e-02 2.811560275664519090e-02 1.484714875031572789e-01 2.135814551513479376e-01 2.594785572703323107e-01
3.003996513024638215e-01 2.698563574110321439e-01 1.376035197753694983e-01 -1.986323427104340952e-03 -8.331008808992398929e-02 -6.268683963017529504e-02 1.522697392717535687e-02 7.761991958099770383e-02 7.863275003315142730e-02 1.432682460491844015e-02 -1.219349783651382246e-01 -2.744249654437701524e-01
2.698563574110321439e-01 4.017486583068017314e-01 3.295138140777685853e-01 1.327353670438047306e-01 -7.545431990016124649e-03 -7.808922648818109047e-02 -6.192257855569033992e-02 3.915792520802520438e-03 6.407763234143694364e-02 8.830966507383104791e-02 4.829809740859287992e-02 -1.036124234879558514e-01
1.376035197753694983e-01 3.295138140777685853e-01 3.698681833957618847e-01 2.339120133610126384e-01 1.366069043118141313e-01 9.732423953886133738e-03 -7.220193371833934226e-02 -7.591956699948548826e-02 -2.171519799004393084e-02 4.998882411300651502e-02 1.010202634873316324e-01 3.873263137295489267e-02
-1.986323427104340952e-03 1.327353670438047306e-01 2.339120133610126384e-01 2.328785579093636537e-01 2.467831875972692213e-01 1.433863707867043535e-01 9.540724118132904927e-03 -7.514967407173930858e-02 -8.108379788253164411e-02 -3.286122212170786844e-02 4.142985755891890470e-02 7.769165468670181929e-02
-8.331008808992398929e-02 -7.545431990016124649e-03 1.366069043118141313e-01 2.467831875972692213e-01 3.799930199151570487e-01 3.127558768544867474e-01 1.437978337877249269e-01 -1.760344852919982009e-02 -9.593233704440702614e-02 -9.403896976119717477e-02 -3.049594587051146152e-02 6.790545503682481054e-02
-6.268683963017529504e-02 -7.808922648818109047e-02 9.732423953886133738e-03 1.433863707867043535e-01 3.127558768544867474e-01 3.490609986286695166e-01 2.633780059436648946e-01 1.269029353161006402e-01 1.148148452229626020e-02 -5.375458323042683201e-02 -6.742632603749125486e-02 -7.831818845170597509e-03
1.522697392717535687e-02 -6.192257855569033992e-02 -7.220193371833934226e-02 9.540724118132904927e-03 1.437978337877249269e-01 2.633780059436648946e-01 3.174108580524023226e-01 2.711424068031060841e-01 1.663873059822977285e-01 5.637592758217323946e-02 -4.036094589519887560e-02 -7.672753199053222728e-02
7.761991958099770383e-02 3.915792520802520438e-03 -7.591956699948548826e-02 -7.514967407173930858e-02 -1.760344852919982009e-02 1.269029353161006402e-01 2.711424068031060841e-01 3.255560145132032068e-01 2.682972410055321499e-01 1.641258781882271867e-01 3.813399379937566086e-02 -7.886465678754489561e-02
7.863275003315142730e-02 6.407763234143694364e-02 -2.171519799004393084e-02 -8.108379788253164411e-02 -9.593233704440702614e-02 1.148148452229626020e-02 1.663873059822977285e-01 2.682972410055321499e-01 2.772182659423561013e-01 2.245531127137452843e-01 1.361726459880225060e-01 -3.516935961146297213e-03
1.432682460491844015e-02 8.830966507383104791e-02 4.998882411300651502e-02 -3.286122212170786844e-02 -9.403896976119717477e-02 -5.375458323042683201e-02 5.637592758217323946e-02 1.641258781882271867e-01 2.245531127137452843e-01 2.515354973345091949e-01 2.480083022156849282e-01 1.356614385558213287e-01
-1.219349783651382246e-01 4.829809740859287992e-02 1.010202634873316324e-01 4.142985755891890470e-02 -3.049594587051146152e-02 -6.742632603749125486e-02 -4.036094589519887560e-02 3.813399379937566086e-02 1.361726459880225060e-01 2.480083022156849282e-01 3.691677455787256146e-01 3.301967989926670732e-01
-2.744249654437701524e-01 -1.036124234879558514e-01 3.873263137295489267e-02 7.769165468670181929e-02 6.790545503682481054e-02 -7.831818845170597509e-03 -7.672753199053222728e-02 -7.886465678754489561e-02 -3.516935961146297213e-03 1.356614385558213287e-01 3.301967989926670732e-01 4.251625491205764940e-01
3.010590202048619712e-01 2.873145973812751830e-01 1.203476721562874163e-01 -3.981052964831544722e-02 -9.489275106019112727e-02 -3.132803509236180284e-02 5.292051873800136808e-02 8.980852707346559383e-02 5.402075399108925702e-02 -4.231893300096476601e-02 -1.449993189581004482e-01 -2.452414369433732477e-01
2.873145973812751830e-01 4.069645730422551955e-01 3.090267750515198752e-01 1.124114500665763655e-01 -4.434610900667244893e-02 -8.882936725545408085e-02 -3.898599895667007043e-02 2.873082078071999279e-02 7.129491674953511438e-02 5.986505006332878270e-02 -2.778568949472440611e-02 -1.507180219273797084e-01
1.203476721562874163e-01 3.090267750515198752e-01 3.768521788124595817e-01 2.795323700076298712e-01 1.206084835901764102e-01 -3.556373450247511669e-02 -9.378531513213339554e-02 -7.142742025941523076e-02 1.516704498460798040e-03 7.443235000926717859e-02 7.286938334148584939e-02 1.346562535993549477e-02
-3.981052964831544722e-02 1.124114500665763655e-01 2.795323700076298712e-01 3.431768739607470864e-01 2.903593957669124981e-01 1.204273029272578954e-01 -2.853553550586139520e-02 -9.139210122271777814e-02 -6.889776990999220418e-02 5.388112901123697819e-03 7.240051125603201576e-02 9.746829758080324813e-02
-9.489275106019112727e-02 -4.434610900667244893e-02 1.206084835901764102e-01 2.903593957669124981e-01 3.908599272767596666e-01 3.014069346679585926e-01 1.304538264994916097e-01 -1.348180548825513502e-03 -7.021278903125986737e-02 -7.070637848535442360e-02 -2.618038915380758655e-03 6.596163039691461949e-02
-3.132803509236180284e-02 -8.882936725545408085e-02 -3.556373450247511669e-02 1.204273029272578954e-01 3.014069346679585926e-01 3.614237009362928910e-01 2.718116395464836854e-01 1.518856435288890028e-01 2.549998588532735588e-02 -6.861186690626354390e-02 -7.564514774742975289e-02 -3.802343003113226733e-02
5.292051873800136808e-02 -3.898599895667007043e-02 -9.378531513213339554e-02 -2.853553550586139520e-02 1.304538264994916097e-01 2.718116395464836854e-01 2.992698816042407284e-01 2.530169520996983779e-01 1.462270290720863175e-01 2.092303569297881277e-02 -6.774487146639344981e-02 -9.653550731739536650e-02
8.980852707346559383e-02 2.873082078071999279e-02 -7.142742025941523076e-02 -9.139210122271777814e-02 -1.348180548825513502e-03 1.518856435288890028e-01 2.530169520996983779e-01 2.945840849278064111e-01 2.518768825084541363e-01 1.536218722211540322e-01 1.232118643150460768e-02 -7.647526062152058823e-02
5.402075399108925702e-02 7.129491674953511438e-02 1.516704498460798040e-03 -6.889776990999220418e-02 -7.021278903125986737e-02 2.549998588532735588e-02 1.462270290720863175e-01 2.518768825084541363e-01 3.070451539569109545e-01 2.889704999061335489e-01 1.432218563666101674e-01 2.413213926443525184e-02
-4.231893300096476601e-02 5.986505006332878270e-02 7.443235000926717859e-02 5.388112901123697819e-03 -7.070637848535442360e-02 -6.861186690626354390e-02 2.092303569297881277e-02 1.536218722211540322e-01 2.889704999061335489e-01 3.780003433433387627e-01 2.719930798241294023e-01 1.629460813651352757e-01
-1.449993189581004482e-01 -2.778568949472440611e-02 7.286938334148584939e-02 7.240051125603201576e-02 -2.618038915380758655e-03 -7.564514774742975289e-02 -6.774487146639344981e-02 1.232118643150460768e-02 1.432218563666101674e-01 2.719930798241294023e-01 2.658060545445518619e-01 2.310714456576868636e-01
-2.452414369433732477e-01 -1.507180219273797084e-01 1.346562535993549477e-02 9.746829758080324813e-02 6.596163039691461949e-02 -3.802343003113226733e-02 -9.653550731739536650e-02 -7.647526062152058823e-02 2.413213926443525184e-02 1.629460813651352757e-01 2.310714456576868636e-01 2.749582073897789414e-01
4.480220898224703818e-01 3.166003011566576042e-01 1.325676479312421774e-01 -3.980644420746463907e-03 -7.465662769123354581e-02 -8.659221817699765122e-02 -2.466543131528296448e-02 4.610167743059490064e-02 8.526333524840098987e-02 2.842098696482146108e-02 -1.126353976994951961e-01 -2.936077828378794718e-01
3.166003011566576042e-01 3.391322036489929359e-01 2.455189119344783899e-01 1.449046897584632121e-01 1.302342118521898628e-02 -7.490207680197320805e-02 -7.496230188897265445e-02 -4.831162578951028741e-02 3.281335714685374577e-02 8.958852106141906857e-02 5.698920057129320399e-02 -1.037830164154289331e-01
1.325676479312421774e-01 2.455189119344783899e-01 2.726941289545312674e-01 2.622683879188533185e-01 1.410462802559640516e-01 3.053336582878573430e-02 -4.561711209324120775e-02 -8.693903404632481735e-02 -4.068497407184602094e-02 5.415259920161775986e-02 1.045612189849613460e-01 3.234723935681552837e-02
-3.980644420746463907e-03 1.449046897584632121e-01 2.622683879188533185e-01 3.534885679129823877e-01 2.751050378019001541e-01 1.775784908503610371e-01 3.631941370992163021e-02 -6.251326802628501267e-02 -8.397941523179620893e-02 -1.289119604642667734e-02 7.135265009351786369e-02 8.638338199044588717e-02
-7.465662769123354581e-02 1.302342118521898628e-02 1.410462802559640516e-01 2.751050378019001541e-01 2.916201974850487488e-01 2.676876854032870789e-01 1.347044434758588038e-01 4.069937995443086154e-02 -4.567366603700777350e-02 -6.528672866071068281e-02 -2.469291983017623399e-02 4.517945795061845821e-02
-8.659221817699765122e-02 -7.490207680197320805e-02 3.053336582878573430e-02 1.775784908503610371e-01 2.676876854032870789e-01 3.252554383248675851e-01 2.242856507591010073e-01 1.641567346534312521e-01 3.792764261332044057e-02 -7.513283458926166281e-02 -1.025408793634736276e-01 -1.961010208872854266e-02
-2.466543131528296448e-02 -7.496230188897265445e-02 -4.561711209324120775e-02 3.631941370992163021e-02 1.347044434758588038e-01 2.242856507591010073e-01 2.099448495599998687e-01 2.284367318529356983e-01 1.436279219308286281e-01 1.458591596180586203e-03 -8.644032011128204018e-02 -6.306952344891925133e-02
4.610167743059490064e-02 -4.831162578951028741e-02 -8.693903404632481735e-02 -6.251326802628501267e-02 4.069937995443086154e-02 1.641567346534312521e-01 2.284367318529356983e-01 3.457397135827692258e-01 3.113363636322362127e-01 1.329893372090624748e-01 -2.773322086188620764e-02 -8.803137200681170060e-02
8.526333524840098987e-02 3.281335714685374577e-02 -4.068497407184602094e-02 -8.397941523179620893e-02 -4.567366603700777350e-02 3.792764261332044057e-02 1.436279219308286281e-01 3.113363636322362127e-01 3.843092409453535141e-01 2.754340601278033041e-01 1.272778513470643191e-01 -1.578434219268570401e-02
2.842098696482146108e-02 8.958852106141906857e-02 5.415259920161775986e-02 -1.289119604642667734e-02 -6.528672866071068281e-02 -7.513283458926166281e-02 1.458591596180586203e-03 1.329893372090624748e-01 2.754340601278033041e-01 3.206071644977610546e-01 2.824626744322055183e-01 1.323392418193174158e-01
-1.126353976994951961e-01 5.698920057129320399e-02 1.045612189849613460e-01 7.135265009351786369e-02 -2.469291983017623399e-02 -1.025408793634736276e-01 -8.644032011128204018e-02 -2.773322086188620764e-02 1.272778513470643191e-01 2.824626744322055183e-01 3.736952702896270129e-01 2.833105813553797869e-01
