2.610532087404783264e-01 2.921971870490320811e-01 1.620125272095702673e-01 5.159117347547396981e-02 -2.153048218655665563e-02 -5.808612412018351878e-02 -7.755446226246151542e-02 -4.527008440605838346e-02 2.276397810063212485e-02 9.197219640251054484e-02 1.255258626604778827e-01 1.926388140827069440e-01
2.921971870490320811e-01 3.992451553507188056e-01 2.751193784505657769e-01 1.605473591167729253e-01 7.399192585912096887e-02 6.885935447276762648e-03 -4.256601584883903944e-02 -6.225134847737762156e-02 -4.154527678465404217e-02 5.392386661680250402e-03 6.881621986322403184e-02 1.689337649977447064e-01
1.620125272095702673e-01 2.751193784505657769e-01 2.380458054943549451e-01 1.878069089153048821e-01 1.397108638932029745e-01 8.332778042130795093e-02 3.954969453232759502e-02 -1.817370330562467079e-02 -6.010720183210258027e-02 -6.727845558436357232e-02 -1.805373159731946120e-02 5.547357288370904221e-02
5.159117347547396981e-02 1.605473591167729253e-01 1.878069089153048821e-01 1.958804494213808867e-01 1.848966376454556915e-01 1.445844427253447362e-01 1.154103019251983275e-01 3.763017515676062019e-02 -4.976437024306051143e-02 -1.009220735467733082e-01 -7.421860893569440232e-02 -3.120753356694981606e-02
-2.153048218655665563e-02 7.399192585912096887e-02 1.397108638932029745e-01 1.848966376454556915e-01 2.055117547768061659e-01 1.845813551059260482e-01 1.762360900423462495e-01 9.712317125242411753e-02 -1.368907069938761489e-02 -9.342738385919401034e-02 -9.299343822940545068e-02 -7.826981559132653588e-02
-5.808612412018351878e-02 6.885935447276762648e-03 8.332778042130795093e-02 1.445844427253447362e-01 1.845813551059260482e-01 1.911119978067927772e-01 2.131950477352242690e-01 1.564077919565162456e-01 5.061980602578815269e-02 -3.793197361391979772e-02 -6.884219548104991704e-02 -8.206947583863219431e-02
-7.755446226246151542e-02 -4.256601584883903944e-02 3.954969453232759502e-02 1.154103019251983275e-01 1.762360900423462495e-01 2.131950477352242690e-01 2.820200937239768502e-01 2.559101593873364111e-01 1.539885890690163572e-01 5.254605361145082976e-02 -2.281883776029521721e-02 -6.804136808364544264e-02
-4.527008440605838346e-02 -6.225134847737762156e-02 -1.817370330562467079e-02 3.763017515676062019e-02 9.712317125242411753e-02 1.564077919565162456e-01 2.559101593873364111e-01 2.949158875790859891e-01 2.463891257822337644e-01 1.733780035125524754e-01 6.706498792101293904e-02 8.713944420800957824e-04
2.276397810063212485e-02 -4.154527678465404217e-02 -6.010720183210258027e-02 -4.976437024306051143e-02 -1.368907069938761489e-02 5.061980602578815269e-02 1.539885890690163572e-01 2.463891257822337644e-01 2.796673700297209186e-01 2.630573298128023318e-01 1.544329945851033170e-01 8.935119831728995099e-02
9.197219640251054484e-02 5.392386661680250402e-03 -6.727845558436357232e-02 -1.009220735467733082e-01 -9.342738385919401034e-02 -3.793197361391979772e-02 5.254605361145082976e-02 1.733780035125524754e-01 2.630573298128023318e-01 3.026911835126713246e-01 2.088943405323057112e-01 1.584643319018895491e-01
1.255258626604778827e-01 6.881621986322403184e-02 -1.805373159731946120e-02 -7.421860893569440232e-02 -9.299343822940545068e-02 -6.884219548104991704e-02 -2.281883776029521721e-02 6.706498792101293904e-02 1.544329945851033170e-01 2.088943405323057112e-01 1.681393023834196199e-01 1.554243413338794455e-01
1.926388140827069440e-01 1.689337649977447064e-01 5.547357288370904221e-02 -3.120753356694981606e-02 -7.826981559132653588e-02 -8.206947583863219431e-02 -6.804136808364544264e-02 8.713944420800957824e-04 8.935119831728995099e-02 1.584643319018895491e-01 1.554243413338794455e-01 1.817177911806031609e-01
3.499085172598269677e-01 2.512030505479286857e-01 1.428697073166668163e-01 6.804585520148132005e-02 -8.521156000154867655e-03 -6.341833404150123976e-02 -7.838837474350160428e-02 -4.111081181836068188e-02 1.957221574393586475e-02 8.822582366783554564e-02 1.800815622174989916e-01 2.832627386737378572e-01
2.512030505479286857e-01 2.270643185325492697e-01 1.842243240745891908e-01 1.625131685378110591e-01 7.071245419542981914e-02 7.133002306489407036e-03 -4.446352651720643367e-02 -6.007003249014082613e-02 -4.682352005806159068e-02 5.671254192403713326e-03 7.801073425797272476e-02 1.695079647572171888e-01
1.428697073166668163e-01 1.842243240745891908e-01 2.113415415311527268e-01 2.469745888679864276e-01 1.499219241010001924e-01 9.082023441650469153e-02 1.502167668134726103e-02 -4.972252983035139323e-02 -8.411537247044928445e-02 -5.917101320433544587e-02 -1.596478279348842802e-02 5.462632266512890133e-02
6.804585520148132005e-02 1.625131685378110591e-01 2.469745888679864276e-01 3.412013137188809608e-01 2.351812170094016996e-01 1.838871735182461276e-01 9.080750224457605213e-02 -1.801079956823904357e-02 -9.507685170457610968e-02 -9.963814928092445955e-02 -8.275196356029881906e-02 -2.871607761408388054e-02
-8.521156000154867655e-03 7.071245419542981914e-02 1.499219241010001924e-01 2.351812170094016996e-01 1.891606410785722781e-01 1.847801192075377297e-01 1.371254296809074902e-01 5.257802921121205314e-02 -1.758562491916876996e-02 -5.285754495693574528e-02 -6.937409128560448335e-02 -5.846278932470606871e-02
-6.341833404150123976e-02 7.133002306489407036e-03 9.082023441650469153e-02 1.838871735182461276e-01 1.847801192075377297e-01 2.353598678141802791e-01 2.322119014395691294e-01 1.585448585414757361e-01 8.464962633309359996e-02 6.901994925346840656e-03 -4.659239573017955049e-02 -7.547137178553767201e-02
-7.838837474350160428e-02 -4.446352651720643367e-02 1.502167668134726103e-02 9.080750224457605213e-02 1.371254296809074902e-01 2.322119014395691294e-01 2.878101856609571740e-01 2.486194594614609676e-01 1.931137895384489045e-01 8.862517064242991793e-02 1.203524770509441233e-02 -4.814796802283999311e-02
-4.111081181836068188e-02 -6.007003249014082613e-02 -4.972252983035139323e-02 -1.801079956823904357e-02 5.257802921121205314e-02 1.585448585414757361e-01 2.486194594614609676e-01 2.640042365875830965e-01 2.485946178546771801e-01 1.517729022660516958e-01 8.158756616812504192e-02 1.650564172065767388e-02
1.957221574393586475e-02 -4.682352005806159068e-02 -8.411537247044928445e-02 -9.507685170457610968e-02 -1.758562491916876996e-02 8.464962633309359996e-02 1.931137895384489045e-01 2.485946178546771801e-01 2.764078080414974492e-01 1.979973894423495695e-01 1.449286684974898376e-01 8.906861427221718364e-02
8.822582366783554564e-02 5.671254192403713326e-03 -5.917101320433544587e-02 -9.963814928092445955e-02 -5.285754495693574528e-02 6.901994925346840656e-03 8.862517064242991793e-02 1.517729022660516958e-01 1.979973894423495695e-01 1.684957000857946197e-01 1.549135247751297628e-01 1.346392371040980862e-01
1.800815622174989916e-01 7.801073425797272476e-02 -1.596478279348842802e-02 -8.275196356029881906e-02 -6.937409128560448335e-02 -4.659239573017955049e-02 1.203524770509441233e-02 8.158756616812504192e-02 1.449286684974898376e-01 1.549135247751297628e-01 1.819014506442319379e-01 2.007014579233011575e-01
2.832627386737378572e-01 1.695079647572171888e-01 5.462632266512890133e-02 -2.871607761408388054e-02 -5.846278932470606871e-02 -7.547137178553767201e-02 -4.814796802283999311e-02 1.650564172065767388e-02 8.906861427221718364e-02 1.346392371040980862e-01 2.007014579233011575e-01 2.673444190447780144e-01
3.009534285731518266e-01 2.513346436011885121e-01 1.797708857436260410e-01 4.857592462376168763e-02 -5.151260473447855093e-02 -8.828136137756417701e-02 -7.796973395041560673e-02 -4.314133089699349888e-02 2.199141520478383946e-02 9.526099551253294773e-02 1.603751368504908181e-01 2.291371541372972387e-01
2.513346436011885121e-01 2.590903985469303894e-01 2.446689919774011623e-01 1.376517242161605092e-01 4.564212763713677845e-02 -2.521390917685976951e-02 -6.044507962680609192e-02 -7.124554722200868162e-02 -4.136515036932830042e-02 1.379592029733809656e-02 8.101975898102252438e-02 1.598145107697318823e-01
1.797708857436260410e-01 2.446689919774011623e-01 3.059786247165958706e-01 2.412279074584062766e-01 1.743513340368734177e-01 7.464599728431486891e-02 -6.913610495532018785e-03 -6.435715764723459742e-02 -7.974060721031753229e-02 -5.666944596180215066e-02 -1.399563462136880349e-03 7.645221185110356865e-02
4.857592462376168763e-02 1.376517242161605092e-01 2.412279074584062766e-01 2.541052600969286868e-01 2.470730704928802146e-01 1.635489335902581831e-01 7.464034314666150027e-02 2.094902042556763717e-03 -5.140342084302133852e-02 -7.371136541006426124e-02 -6.056282501567541998e-02 -2.145604042463383765e-02
-5.151260473447855093e-02 4.564212763713677845e-02 1.743513340368734177e-01 2.470730704928802146e-01 3.008469465994872971e-01 2.416365046597950816e-01 1.584329196661152517e-01 8.696025580570723723e-02 7.651106086935172135e-03 -5.369261897677516521e-02 -8.303384562127501256e-02 -8.459745257504001914e-02
-8.828136137756417701e-02 -2.521390917685976951e-02 7.464599728431486891e-02 1.635489335902581831e-01 2.416365046597950816e-01 2.315719886308912900e-01 1.886783513943139090e-01 1.516550461322302701e-01 8.331596207419232625e-02 1.217124922815048318e-02 -4.459142678206813593e-02 -8.027963297986184799e-02
-7.796973395041560673e-02 -6.044507962680609192e-02 -6.913610495532018785e-03 7.464034314666150027e-02 1.584329196661152517e-01 1.886783513943139090e-01 1.954005744357192875e-01 2.030058052125001677e-01 1.594754865056085269e-01 9.331635622132725127e-02 2.139235981663309416e-02 -3.772825461913495437e-02
-4.314133089699349888e-02 -7.124554722200868162e-02 -6.435715764723459742e-02 2.094902042556763717e-03 8.696025580570723723e-02 1.516550461322302701e-01 2.030058052125001677e-01 2.596405789054754276e-01 2.434354678329296029e-01 1.843953723148193669e-01 1.003803064807865797e-01 2.272315492663638456e-02
2.199141520478383946e-02 -4.136515036932830042e-02 -7.974060721031753229e-02 -5.140342084302133852e-02 7.651106086935172135e-03 8.331596207419232625e-02 1.594754865056085269e-01 2.434354678329296029e-01 2.646934650276883683e-01 2.310403536499376353e-01 1.594457783166901010e-01 8.860660067272013718e-02
9.526099551253294773e-02 1.379592029733809656e-02 -5.666944596180215066e-02 -7.371136541006426124e-02 -5.369261897677516521e-02 1.217124922815048318e-02 9.331635622132725127e-02 1.843953723148193669e-01 2.310403536499376353e-01 2.337684110772074719e-01 1.907863646832256288e-01 1.436813902719034641e-01
1.603751368504908181e-01 8.101975898102252438e-02 -1.399563462136880349e-03 -6.056282501567541998e-02 -8.303384562127501256e-02 -4.459142678206813593e-02 2.139235981663309416e-02 1.003803064807865797e-01 1.594457783166901010e-01 1.907863646832256288e-01 1.876974972598101088e-01 1.765571344672339504e-01
2.291371541372972387e-01 1.598145107697318823e-01 7.645221185110356865e-02 -2.145604042463383765e-02 -8.459745257504001914e-02 -8.027963297986184799e-02 -3.772825461913495437e-02 2.272315492663638456e-02 8.860660067272013718e-02 1.436813902719034641e-01 1.765571344672339504e-01 2.062528261301116439e-01
2.274892588758858081e-01 2.000628609518174117e-01 1.440701934966516218e-01 3.360788766910406677e-02 -5.542655601128389925e-02 -6.676267351208275969e-02 -9.075912379366510296e-02 -6.211495030775029264e-02 1.733346749320841679e-02 1.091929784642832052e-01 1.748124274676278178e-01 2.150737344506766791e-01
2.000628609518174117e-01 2.158725298490113409e-01 2.142874439961674760e-01 1.403248091526882457e-01 3.373842823002137087e-02 -3.184117260682606254e-02 -8.420202507828022931e-02 -8.498042986804330012e-02 -2.731823764545164568e-02 4.714287261281096403e-02 1.128720268767980789e-01 1.638296693176810592e-01
1.440701934966516218e-01 2.142874439961674760e-01 2.999483608726994377e-01 2.948616209255105480e-01 1.790349564470865573e-01 4.120901842031744755e-02 -3.351523093773636774e-02 -6.929287675493987775e-02 -5.446021285127977674e-02 -1.945576388202520379e-02 2.978895490234579821e-02 8.346803418273718300e-02
3.360788766910406677e-02 1.403248091526882457e-01 2.948616209255105480e-01 3.876347664984016173e-01 3.037625235816799885e-01 1.284041456366409317e-01 6.539868062533292503e-02 8.009593461071874004e-03 -3.680581465622748821e-02 -6.537208361415625113e-02 -6.148094541839136534e-02 -3.031566509057603831e-02
-5.542655601128389925e-02 3.373842823002137087e-02 1.790349564470865573e-01 3.037625235816799885e-01 2.902166357753113712e-01 1.563483429002556213e-01 1.380632014625456927e-01 9.470972547762308846e-02 2.040381618055274807e-02 -4.779791483607893909e-02 -8.674017250835178161e-02 -9.144161565748340492e-02
-6.676267351208275969e-02 -3.184117260682606254e-02 4.120901842031744755e-02 1.284041456366409317e-01 1.563483429002556213e-01 1.119672482366847466e-01 1.405873286110090326e-01 1.337365800237803326e-01 7.554492696834193277e-02 1.489176082102545984e-02 -3.685596873629835846e-02 -6.582471524703203958e-02
-9.075912379366510296e-02 -8.420202507828022931e-02 -3.351523093773636774e-02 6.539868062533292503e-02 1.380632014625456927e-01 1.405873286110090326e-01 2.302132003784994885e-01 2.564527875258446055e-01 1.825808542744888074e-01 9.941624488790670733e-02 9.081370684137357943e-03 -5.699935446699862240e-02
-6.211495030775029264e-02 -8.498042986804330012e-02 -6.929287675493987775e-02 8.009593461071874004e-03 9.470972547762308846e-02 1.337365800237803326e-01 2.564527875258446055e-01 3.187252882912874341e-01 2.542707009444253874e-01 1.774688462049006099e-01 7.691846755359202370e-02 -6.020579566991202114e-03
1.733346749320841679e-02 -2.731823764545164568e-02 -5.446021285127977674e-02 -3.680581465622748821e-02 2.040381618055274807e-02 7.554492696834193277e-02 1.825808542744888074e-01 2.542707009444253874e-01 2.381021103152564655e-01 2.069208375614706164e-01 1.388969031085733052e-01 7.334428746519373876e-02
1.091929784642832052e-01 4.714287261281096403e-02 -1.945576388202520379e-02 -6.537208361415625113e-02 -4.779791483607893909e-02 1.489176082102545984e-02 9.941624488790670733e-02 1.774688462049006099e-01 2.069208375614706164e-01 2.304709725214580951e-01 2.024798565691415253e-01 1.599860396439279075e-01
1.748124274676278178e-01 1.128720268767980789e-01 2.978895490234579821e-02 -6.148094541839136534e-02 -8.674017250835178161e-02 -3.685596873629835846e-02 9.081370684137357943e-03 7.691846755359202370e-02 1.388969031085733052e-01 2.024798565691415253e-01 2.203285205477958919e-01 2.091376301749049427e-01
2.150737344506766791e-01 1.638296693176810592e-01 8.346803418273718300e-02 -3.031566509057603831e-02 -9.144161565748340492e-02 -6.582471524703203958e-02 -5.699935446699862240e-02 -6.020579566991202114e-03 7.334428746519373876e-02 1.599860396439279075e-01 2.091376301749049427e-01 2.290311078377185727e-01
3.001410108185107450e-01 2.559723301669916129e-01 1.459396628256313666e-01 7.518734880119502806e-02 -3.720386097055102675e-03 -6.066680606662576414e-02 -7.447261553928484490e-02 -5.934847690111476337e-02 -2.120184160000519735e-02 5.460362965272314018e-02 1.681679751218454755e-01 2.601289980089053211e-01
2.559723301669916129e-01 2.716340726566786046e-01 1.999251790112235860e-01 1.658451868851398836e-01 7.772226985865135496e-02 -8.279192931484457164e-04 -5.752993091708974438e-02 -8.501150982007710244e-02 -8.710422490018378261e-02 -2.562493515548611850e-02 6.567961949870290694e-02 1.728406519698205412e-01
1.459396628256313666e-01 1.999251790112235860e-01 1.909528845376771422e-01 2.095235118225606818e-01 1.465971708438013887e-01 8.162210256130289499e-02 6.186179177444179125e-03 -5.007642514638518949e-02 -8.481436217163061675e-02 -6.279525126790334866e-02 -2.222550170065295747e-02 5.820706954547408968e-02
7.518734880119502806e-02 1.658451868851398836e-01 2.095235118225606818e-01 2.868467700612212790e-01 2.437282595395865448e-01 1.894996156071875326e-01 9.004735201886157614e-02 2.351603496171072831e-03 -6.323184473190159027e-02 -7.993000572095051992e-02 -8.112355150434388817e-02 -2.118497644140488606e-02
-3.720386097055102675e-03 7.772226985865135496e-02 1.465971708438013887e-01 2.437282595395865448e-01 2.471169172380376367e-01 2.330713283593789931e-01 1.539203680781097705e-01 7.546054814544832234e-02 1.280302489445423429e-02 -3.685525174691838685e-02 -7.420892381753456390e-02 -6.185863970200262268e-02
-6.066680606662576414e-02 -8.279192931484457164e-04 8.162210256130289499e-02 1.894996156071875326e-01 2.330713283593789931e-01 2.666027566175466212e-01 2.157898543270556080e-01 1.548247847990035786e-01 1.046141282895942798e-01 2.706300152380721261e-02 -3.774224501967274326e-02 -7.298300559061074444e-02
-7.447261553928484490e-02 -5.752993091708974438e-02 6.186179177444179125e-03 9.004735201886157614e-02 1.539203680781097705e-01 2.157898543270556080e-01 2.123899352099578863e-01 1.895706231582046097e-01 1.698757695053343397e-01 9.173412612323843252e-02 2.722478795459866430e-02 -3.926521785954065202e-02
-5.934847690111476337e-02 -8.501150982007710244e-02 -5.007642514638518949e-02 2.351603496171072831e-03 7.546054814544832234e-02 1.548247847990035786e-01 1.895706231582046097e-01 2.070308755766268882e-01 2.203944998017567380e-01 1.505041791427411124e-01 9.804755155649041987e-02 1.401847398450742008e-02
-2.120184160000519735e-02 -8.710422490018378261e-02 -8.481436217163061675e-02 -6.323184473190159027e-02 1.280302489445423429e-02 1.046141282895942798e-01 1.698757695053343397e-01 2.203944998017567380e-01 2.694649004292226646e-01 2.107444679147469913e-01 1.764223757662951031e-01 8.312702430248741781e-02
5.460362965272314018e-02 -2.562493515548611850e-02 -6.279525126790334866e-02 -7.993000572095051992e-02 -3.685525174691838685e-02 2.706300152380721261e-02 9.173412612323843252e-02 1.505041791427411124e-01 2.107444679147469913e-01 1.946418673952920453e-01 2.021791001179761849e-01 1.436028025056814150e-01
1.681679751218454755e-01 6.567961949870290694e-02 -2.222550170065295747e-02 -8.112355150434388817e-02 -7.420892381753456390e-02 -3.774224501967274326e-02 2.722478795459866430e-02 9.804755155649041987e-02 1.764223757662951031e-01 2.021791001179761849e-01 2.650486472823704309e-01 2.449555319363579398e-01
2.601289980089053211e-01 1.728406519698205412e-01 5.820706954547408968e-02 -2.118497644140488606e-02 -6.185863970200262268e-02 -7.298300559061074444e-02 -3.926521785954065202e-02 1.401847398450742008e-02 8.312702430248741781e-02 1.436028025056814150e-01 2.449555319363579398e-01 2.881293621768516444e-01
2.437676402693326749e-01 2.020955734263930603e-01 1.395751243444954826e-01 4.954161381097657579e-02 -4.394793990554504703e-02 -8.289730731534493413e-02 -8.106033664733891531e-02 -5.044961398447803114e-02 1.211088533665588378e-02 9.607007941487033520e-02 1.901783605276756717e-01 2.295010696620098378e-01
2.020955734263930603e-01 2.176188984993444875e-01 2.109401221056434461e-01 1.588882988859547374e-01 2.610933402467567957e-02 -6.277351052521715213e-02 -9.867007211182912685e-02 -9.380050777919066163e-02 -4.016085176411861996e-02 1.385018984495065691e-02 8.789325693793939576e-02 1.490158397548876357e-01
1.395751243444954826e-01 2.109401221056434461e-01 2.814711162221839036e-01 2.997663157677410983e-01 1.464507598779041797e-01 1.370401710571400762e-02 -6.116573936386411614e-02 -8.853739501732488248e-02 -6.405895941495096113e-02 -4.956376890893437331e-02 -8.986063387676832340e-03 5.891247492019155430e-02
4.954161381097657579e-02 1.588882988859547374e-01 2.997663157677410983e-01 4.206411703566523275e-01 2.885769970363861736e-01 1.430498013550823844e-01 4.461155071256910076e-02 -1.352095221926116753e-02 -4.026800241258247925e-02 -7.028827632964580741e-02 -7.725356394156819573e-02 -3.102276344552578127e-02
-4.394793990554504703e-02 2.610933402467567957e-02 1.464507598779041797e-01 2.885769970363861736e-01 2.739442629197466061e-01 2.102493166592503127e-01 1.528268142701903476e-01 1.027958885424933716e-01 3.690325536478327589e-02 -9.866844297876375958e-03 -5.300014130743769397e-02 -6.473818754573289203e-02
-8.289730731534493413e-02 -6.277351052521715213e-02 1.370401710571400762e-02 1.430498013550823844e-01 2.102493166592503127e-01 2.253590831958104668e-01 2.130234063935814159e-01 1.811857189699422888e-01 9.984694591261128460e-02 5.767450660272112339e-02 3.443441380067417852e-03 -5.105733605286162657e-02
-8.106033664733891531e-02 -9.867007211182912685e-02 -6.116573936386411614e-02 4.461155071256910076e-02 1.528268142701903476e-01 2.130234063935814159e-01 2.360473320897210070e-01 2.218345397814632247e-01 1.388347174433893771e-01 1.093299538075891697e-01 5.948660591557963784e-02 -1.706240382324469146e-02
-5.044961398447803114e-02 -9.380050777919066163e-02 -8.853739501732488248e-02 -1.352095221926116753e-02 1.027958885424933716e-01 1.811857189699422888e-01 2.218345397814632247e-01 2.266902054255077181e-01 1.548534233699275231e-01 1.434469281694517595e-01 1.088898775110454936e-01 2.777254917000224893e-02
1.211088533665588378e-02 -4.016085176411861996e-02 -6.405895941495096113e-02 -4.026800241258247925e-02 3.690325536478327589e-02 9.984694591261128460e-02 1.388347174433893771e-01 1.548534233699275231e-01 1.213768460435603741e-01 1.364315093814301716e-01 1.329430399643414806e-01 7.590344286249151029e-02
9.607007941487033520e-02 1.385018984495065691e-02 -4.956376890893437331e-02 -7.028827632964580741e-02 -9.866844297876375958e-03 5.767450660272112339e-02 1.093299538075891697e-01 1.434469281694517595e-01 1.364315093814301716e-01 1.899036190062470819e-01 2.225369739777132150e-01 1.689439408133237286e-01
1.901783605276756717e-01 8.789325693793939576e-02 -8.986063387676832340e-03 -7.725356394156819573e-02 -5.300014130743769397e-02 3.443441380067417852e-03 5.948660591557963784e-02 1.088898775110454936e-01 1.329430399643414806e-01 2.225369739777132150e-01 2.995254765461977109e-01 2.604849002747854358e-01
2.295010696620098378e-01 1.490158397548876357e-01 5.891247492019155430e-02 -3.102276344552578127e-02 -6.473818754573289203e-02 -5.105733605286162657e-02 -1.706240382324469146e-02 2.777254917000224893e-02 7.590344286249151029e-02 1.689439408133237286e-01 2.604849002747854358e-01 2.636543494256898823e-01
2.523264988484563709e-01 2.022843908872100083e-01 1.364752106503108742e-01 6.888665929950076039e-02 7.509161797243027979e-03 -3.893944692642795080e-02 -7.002408007568343418e-02 -7.705698868939156454e-02 -3.351904957905540994e-02 5.766962748121493010e-02 1.737896228778869068e-01 2.696022648776806308e-01
2.022843908872100083e-01 2.059009858030209361e-01 1.843491990569275929e-01 1.479596958208177493e-01 1.007712841955657468e-01 2.338449926420239564e-02 -3.924485704082357473e-02 -8.256965401792833170e-02 -7.796061421103711586e-02 -1.359754536181046955e-02 7.945027962931393295e-02 1.746392163960117649e-01
1.364752106503108742e-01 1.843491990569275929e-01 2.114725396954701409e-01 2.137268719156329988e-01 1.906373712947936894e-01 9.562893537778996422e-02 1.625298770098024953e-02 -4.948244740845983425e-02 -8.062127219332104744e-02 -5.596746487148208937e-02 -1.420876398836634462e-03 7.693785483351819887e-02
6.888665929950076039e-02 1.479596958208177493e-01 2.137268719156329988e-01 2.577879052536733440e-01 2.645308361488886151e-01 1.644165214401461239e-01 8.279722687240784196e-02 9.945432455405266159e-03 -4.845964446399871062e-02 -6.737216032842385793e-02 -5.757245717718446898e-02 -7.546968708570033629e-03
7.509161797243027979e-03 1.007712841955657468e-01 1.906373712947936894e-01 2.645308361488886151e-01 3.072284565268199041e-01 2.168354318619454824e-01 1.477409330961298450e-01 8.407146973534224133e-02 1.142799230237367090e-02 -4.795203175002585999e-02 -8.220694021295744947e-02 -6.789570593975244317e-02
-3.893944692642795080e-02 2.338449926420239564e-02 9.562893537778996422e-02 1.644165214401461239e-01 2.168354318619454824e-01 1.810339535561784896e-01 1.589140244407653557e-01 1.370396913243540071e-01 8.556927194133553960e-02 1.227417922066298232e-02 -4.845019456016867038e-02 -7.485054132001657534e-02
-7.002408007568343418e-02 -3.924485704082357473e-02 1.625298770098024953e-02 8.279722687240784196e-02 1.477409330961298450e-01 1.589140244407653557e-01 1.852261914517626118e-01 2.076863166808869399e-01 1.772074665647432323e-01 8.789092012548077593e-02 1.565547355930403456e-03 -6.440118288193379115e-02
-7.705698868939156454e-02 -8.256965401792833170e-02 -4.948244740845983425e-02 9.945432455405266159e-03 8.407146973534224133e-02 1.370396913243540071e-01 2.076863166808869399e-01 2.790287648844431145e-01 2.742194117055848368e-01 1.743846629713436958e-01 7.156195462972236854e-02 -2.678649450481815353e-02
-3.351904957905540994e-02 -7.796061421103711586e-02 -8.062127219332104744e-02 -4.845964446399871062e-02 1.142799230237367090e-02 8.556927194133553960e-02 1.772074665647432323e-01 2.742194117055848368e-01 3.077164893525136113e-01 2.298058622934746054e-01 1.470605104612245362e-01 5.101463073229947631e-02
5.766962748121493010e-02 -1.359754536181046955e-02 -5.596746487148208937e-02 -6.737216032842385793e-02 -4.795203175002585999e-02 1.227417922066298232e-02 8.789092012548077593e-02 1.743846629713436958e-01 2.298058622934746054e-01 2.154439841730345639e-01 1.963414295492949269e-01 1.479859600885783943e-01
1.737896228778869068e-01 7.945027962931393295e-02 -1.420876398836634462e-03 -5.757245717718446898e-02 -8.220694021295744947e-02 -4.845019456016867038e-02 1.565547355930403456e-03 7.156195462972236854e-02 1.470605104612245362e-01 1.963414295492949269e-01 2.538224366122558973e-01 2.652746419713941650e-01
2.696022648776806308e-01 1.746392163960117649e-01 7.693785483351819887e-02 -7.546968708570033629e-03 -6.789570593975244317e-02 -7.485054132001657534e-02 -6.440118288193379115e-02 -2.678649450481815353e-02 5.101463073229947631e-02 1.479859600885783943e-01 2.652746419713941650e-01 3.430117938423837276e-01
1.908872052179634848e-01 1.873545549051796044e-01 1.174376406877233880e-01 9.438399017847978745e-02 -1.775552750801024553e-03 -7.603734273917006625e-02 -9.064641459968912629e-02 -3.780918502912408719e-02 3.723752559641911597e-02 1.353428752988867223e-01 1.567768188006117003e-01 1.764488522136190285e-01
1.873545549051796044e-01 2.184095490448912658e-01 1.734613777266784673e-01 1.994068876270559398e-01 5.648380841838669675e-02 -5.343473338531266187e-02 -1.036627058297783788e-01 -7.222133663151808491e-02 -6.787922101060361521e-03 6.517925233246203709e-02 1.047316144769117052e-01 1.459440502951921681e-01
1.174376406877233880e-01 1.734613777266784673e-01 1.820024316539293197e-01 2.707357924324719223e-01 1.254542394749410539e-01 2.390952581094034357e-02 -4.676471953836912332e-02 -5.922713642800878087e-02 -3.795433039107456996e-02 -2.178273866497133435e-02 1.762637901408591751e-02 6.399893001411373350e-02
9.438399017847978745e-02 1.994068876270559398e-01 2.707357924324719223e-01 4.821240915422350115e-01 2.722699709487412245e-01 1.483083535135168440e-01 3.077873971982933790e-02 -4.151227438719177348e-02 -6.819338454836901264e-02 -1.039277886368999426e-01 -5.635403808262506864e-02 9.170038904490687356e-03
-1.775552750801024553e-03 5.648380841838669675e-02 1.254542394749410539e-01 2.722699709487412245e-01 2.032519075492491833e-01 1.888634597161208961e-01 1.375827686504048908e-01 5.979571897525190471e-02 -4.333998437690850941e-03 -5.466990828689432397e-02 -5.378555198908659823e-02 -3.678376505501357308e-02
-7.603734273917006625e-02 -5.343473338531266187e-02 2.390952581094034357e-02 1.483083535135168440e-01 1.888634597161208961e-01 2.829432782352868103e-01 2.880609170165177590e-01 1.883552556645433640e-01 7.544786486851098872e-02 1.189574537082083161e-02 -3.693664287078417263e-02 -6.692013600272700424e-02
-9.064641459968912629e-02 -1.036627058297783788e-01 -4.676471953836912332e-02 3.077873971982933790e-02 1.375827686504048908e-01 2.880609170165177590e-01 3.470512566028403079e-01 2.567740837961330902e-01 1.367582107670976543e-01 9.255108374215473277e-02 1.399895072068176038e-02 -4.757804945507345534e-02
-3.780918502912408719e-02 -7.222133663151808491e-02 -5.922713642800878087e-02 -4.151227438719177348e-02 5.979571897525190471e-02 1.883552556645433640e-01 2.567740837961330902e-01 2.179000052407551735e-01 1.452267268215557405e-01 1.474589387747944902e-01 7.559607229573056530e-02 1.376364872253371674e-02
3.723752559641911597e-02 -6.787922101060361521e-03 -3.795433039107456996e-02 -6.819338454836901264e-02 -4.333998437690850941e-03 7.544786486851098872e-02 1.367582107670976543e-01 1.452267268215557405e-01 1.335773534975389087e-01 1.871261684633344635e-01 1.337903234653536888e-01 8.417778578173625015e-02
1.353428752988867223e-01 6.517925233246203709e-02 -2.178273866497133435e-02 -1.039277886368999426e-01 -5.466990828689432397e-02 1.189574537082083161e-02 9.255108374215473277e-02 1.474589387747944902e-01 1.871261684633344635e-01 3.200041395929609234e-01 2.581952540179244249e-01 1.974103923616994383e-01
1.567768188006117003e-01 1.047316144769117052e-01 1.762637901408591751e-02 -5.635403808262506864e-02 -5.378555198908659823e-02 -3.693664287078417263e-02 1.399895072068176038e-02 7.559607229573056530e-02 1.337903234653536888e-01 2.581952540179244249e-01 2.307122954210421018e-01 1.964211963186633381e-01
1.764488522136190285e-01 1.459440502951921681e-01 6.399893001411373350e-02 9.170038904490687356e-03 -3.678376505501357308e-02 -6.692013600272700424e-02 -4.757804945507345534e-02 1.376364872253371674e-02 8.417778578173625015e-02 1.974103923616994383e-01 1.964211963186633381e-01 1.911364864013123666e-01
2.378854043241056260e-01 2.335121115747313403e-01 1.628745843210621658e-01 6.317562564637640987e-02 -2.410224593881658134e-03 -4.679078527224725392e-02 -6.075859658731185692e-02 -4.542377173270284452e-02 -4.850532245397316464e-03 5.737697130128974893e-02 1.538240391026717557e-01 2.394542317221425576e-01
2.335121115747313403e-01 3.213608683916501785e-01 2.840388952891524932e-01 1.612099349282565819e-01 8.987766973174565743e-02 1.857549319671276868e-03 -6.371902122622301323e-02 -9.259914021682781604e-02 -8.169611846219089479e-02 -4.390709112061111363e-02 2.813208055543964248e-02 1.434645568466236532e-01
1.628745843210621658e-01 2.840388952891524932e-01 2.943881489662042994e-01 1.984940567661603317e-01 1.583320038906565475e-01 7.171015406835154482e-02 -1.119006080271494827e-02 -6.798483880699796034e-02 -8.910437087690611935e-02 -8.565364756353174847e-02 -5.545722370691853753e-02 4.162213510643756470e-02
6.317562564637640987e-02 1.612099349282565819e-01 1.984940567661603317e-01 1.684191869590210555e-01 1.826788256022550128e-01 1.353833657276822811e-01 7.080229640128890556e-02 1.022944473491629001e-02 -3.374751686522235727e-02 -6.083596376014384355e-02 -7.185656300164186550e-02 -2.779582935666632601e-02
-2.410224593881658134e-03 8.987766973174565743e-02 1.583320038906565475e-01 1.826788256022550128e-01 2.614758806496312316e-01 2.458763839484418567e-01 1.863175556202956717e-01 1.091365046173007891e-01 3.253200983253951017e-02 -2.881614016397909817e-02 -7.689348153004199604e-02 -7.457444059545922932e-02
-4.679078527224725392e-02 1.857549319671276868e-03 7.171015406835154482e-02 1.353833657276822811e-01 2.458763839484418567e-01 2.748211643942994886e-01 2.441366807947793482e-01 1.789942680143505327e-01 9.903990082555114149e-02 2.963887325032055209e-02 -3.047953605404575550e-02 -6.742582641378769281e-02
-6.075859658731185692e-02 -6.371902122622301323e-02 -1.119006080271494827e-02 7.080229640128890556e-02 1.863175556202956717e-01 2.441366807947793482e-01 2.519270768856786136e-01 2.126296651436988261e-01 1.465312460514842374e-01 8.678385085766801565e-02 3.415966120000911432e-02 -2.716683586583564652e-02
-4.542377173270284452e-02 -9.259914021682781604e-02 -6.798483880699796034e-02 1.022944473491629001e-02 1.091365046173007891e-01 1.789942680143505327e-01 2.126296651436988261e-01 2.066955739932350156e-01 1.663155507009211054e-01 1.282833072810073971e-01 9.710534356661000566e-02 3.029297511914554736e-02
-4.850532245397316464e-03 -8.169611846219089479e-02 -8.910437087690611935e-02 -3.374751686522235727e-02 3.253200983253951017e-02 9.903990082555114149e-02 1.465312460514842374e-01 1.663155507009211054e-01 1.585238561216835429e-01 1.500319658975297621e-01 1.494495079991526032e-01 9.480604662539464378e-02
5.737697130128974893e-02 -4.390709112061111363e-02 -8.565364756353174847e-02 -6.083596376014384355e-02 -2.881614016397909817e-02 2.963887325032055209e-02 8.678385085766801565e-02 1.282833072810073971e-01 1.500319658975297621e-01 1.750186564039606929e-01 2.121357474068878146e-01 1.768900401459013449e-01
1.538240391026717557e-01 2.813208055543964248e-02 -5.545722370691853753e-02 -7.185656300164186550e-02 -7.689348153004199604e-02 -3.047953605404575550e-02 3.415966120000911432e-02 9.710534356661000566e-02 1.494495079991526032e-01 2.121357474068878146e-01 3.024667880923519458e-01 2.962043326130751608e-01
2.394542317221425576e-01 1.434645568466236532e-01 4.162213510643756470e-02 -2.779582935666632601e-02 -7.457444059545922932e-02 -6.742582641378769281e-02 -2.716683586583564652e-02 3.029297511914554736e-02 9.480604662539464378e-02 1.768900401459013449e-01 2.962043326130751608e-01 3.470173948181768386e-01
2.120537816350199223e-01 2.478547260942604025e-01 1.760154333354958800e-01 5.507985314108049951e-02 -4.695512009663045661e-02 -8.701388877219175255e-02 -6.617734526737806267e-02 -2.122675968810979613e-02 3.553630247879405180e-02 9.426114412918595864e-02 1.220953107790833936e-01 1.667391377322295642e-01
2.478547260942604025e-01 3.424951138055245536e-01 2.899531536280335331e-01 1.552558148969878093e-01 2.388683169611234558e-02 -6.284493614968225672e-02 -8.402914670247978168e-02 -7.017291416549389926e-02 -3.154855511448628747e-02 2.226555342246285679e-02 8.014078261773679990e-02 1.582477847670188398e-01
1.760154333354958800e-01 2.899531536280335331e-01 3.033484450334231197e-01 2.284804374761963963e-01 1.371196005375210636e-01 3.850826714409487372e-02 -2.853560552908982612e-02 -6.259245393299750493e-02 -6.811021350065765700e-02 -4.968156918956607992e-02 6.251515607617627243e-03 8.088615939799061183e-02
5.507985314108049951e-02 1.552558148969878093e-01 2.284804374761963963e-01 2.539103873801447087e-01 2.446434307617871284e-01 1.681324978177053953e-01 7.226908376415532020e-02 -2.022732164657935899e-03 -5.328598060716750739e-02 -7.929279331968301647e-02 -5.380871724227694053e-02 -1.293579308438326872e-02
-4.695512009663045661e-02 2.388683169611234558e-02 1.371196005375210636e-01 2.446434307617871284e-01 3.213476844433158508e-01 2.805212083103385545e-01 1.757378527333608442e-01 8.142325591709539956e-02 8.319333151113076849e-04 -5.876925003366616218e-02 -7.392900162454352220e-02 -7.545448983692007450e-02
-8.701388877219175255e-02 -6.284493614968225672e-02 3.850826714409487372e-02 1.681324978177053953e-01 2.805212083103385545e-01 2.918135176646228235e-01 2.184879748923916898e-01 1.452956215215112090e-01 7.450159774678678792e-02 1.331159656663771611e-02 -3.606355842615985990e-02 -7.330871877596199793e-02
-6.617734526737806267e-02 -8.402914670247978168e-02 -2.853560552908982612e-02 7.226908376415532020e-02 1.757378527333608442e-01 2.184879748923916898e-01 1.998999383657773521e-01 1.724897109141843021e-01 1.368457113071154807e-01 9.822868572967299872e-02 3.171531406409283660e-02 -2.351916000487907360e-02
-2.122675968810979613e-02 -7.017291416549389926e-02 -6.259245393299750493e-02 -2.022732164657935899e-03 8.142325591709539956e-02 1.452956215215112090e-01 1.724897109141843021e-01 1.926514490472922281e-01 1.952765231113104127e-01 1.831720068508798094e-01 1.053203670072979797e-01 4.046919038912435984e-02
3.553630247879405180e-02 -3.154855511448628747e-02 -6.811021350065765700e-02 -5.328598060716750739e-02 8.319333151113076849e-04 7.450159774678678792e-02 1.368457113071154807e-01 1.952765231113104127e-01 2.366671318893998066e-01 2.526666900676343142e-01 1.705784083763253189e-01 1.048611734456220412e-01
9.426114412918595864e-02 2.226555342246285679e-02 -4.968156918956607992e-02 -7.929279331968301647e-02 -5.876925003366616218e-02 1.331159656663771611e-02 9.822868572967299872e-02 1.831720068508798094e-01 2.526666900676343142e-01 2.991856237966656895e-01 2.202992918132152256e-01 1.609140796596083556e-01
1.220953107790833936e-01 8.014078261773679990e-02 6.251515607617627243e-03 -5.380871724227694053e-02 -7.392900162454352220e-02 -3.606355842615985990e-02 3.171531406409283660e-02 1.053203670072979797e-01 1.705784083763253189e-01 2.202992918132152256e-01 1.816669050238226557e-01 1.557371227632756983e-01
1.667391377322295642e-01 1.582477847670188398e-01 8.088615939799061183e-02 -1.293579308438326872e-02 -7.545448983692007450e-02 -7.330871877596199793e-02 -2.351916000487907360e-02 4.046919038912435984e-02 1.048611734456220412e-01 1.609140796596083556e-01 1.557371227632756983e-01 1.649600219150003932e-01
3.820379466991156714e-01 2.768017745302040478e-01 1.482522272947749964e-01 6.352865526605437629e-02 -6.329062545897211865e-03 -5.288195124888751125e-02 -6.492154239016501016e-02 -8.542509776665882515e-02 -5.325783759972377990e-02 3.807056570286750097e-02 1.669673291769900592e-01 2.833578126596725255e-01
2.768017745302040478e-01 2.513378164054140829e-01 1.858676326267582057e-01 1.486723289277641358e-01 8.317601469144303428e-02 3.315865050359188826e-02 -1.800269552212157079e-02 -6.806550790099351322e-02 -8.153599862395441433e-02 -3.580181324904967155e-02 5.175311891486175653e-02 1.632004010118466297e-01
1.482522272947749964e-01 1.858676326267582057e-01 1.904196170724882509e-01 2.056412469897408446e-01 1.572928242397756970e-01 1.173482339845335759e-01 4.334640356689109519e-02 -1.298086814021578474e-02 -5.879822879631088628e-02 -6.502620624788416070e-02 -3.417502824394135635e-02 4.538330132616527623e-02
6.352865526605437629e-02 1.486723289277641358e-01 2.056412469897408446e-01 2.680993720022645799e-01 2.318702167093536493e-01 1.998458324562157884e-01 1.050637236774095429e-01 4.792385796287874922e-02 -2.208804566539708178e-02 -7.186146113864222418e-02 -8.669093330930800756e-02 -3.343395552226752915e-02
-6.329062545897211865e-03 8.317601469144303428e-02 1.572928242397756970e-01 2.318702167093536493e-01 2.221873481663241834e-01 2.098522902265130274e-01 1.287107135777764144e-01 9.418855332064417218e-02 3.149319864645887951e-02 -3.633481655846453745e-02 -8.124459753500438974e-02 -6.698075313926218910e-02
-5.288195124888751125e-02 3.315865050359188826e-02 1.173482339845335759e-01 1.998458324562157884e-01 2.098522902265130274e-01 2.198200987595117506e-01 1.542236053316308475e-01 1.460232434518867750e-01 9.501826294516149685e-02 1.303047103098344331e-02 -5.685252232745750811e-02 -7.913042330468092467e-02
-6.492154239016501016e-02 -1.800269552212157079e-02 4.334640356689109519e-02 1.050637236774095429e-01 1.287107135777764144e-01 1.542236053316308475e-01 1.317009343045978109e-01 1.600289848160580952e-01 1.425879802360154880e-01 7.533183452179559314e-02 5.976200659983724878e-03 -4.681716057989701585e-02
-8.542509776665882515e-02 -6.806550790099351322e-02 -1.298086814021578474e-02 4.792385796287874922e-02 9.418855332064417218e-02 1.460232434518867750e-01 1.600289848160580952e-01 2.431417046907410617e-01 2.584583829850056746e-01 1.825004719447474721e-01 9.037473957791783419e-02 -1.397867078154166505e-02
-5.325783759972377990e-02 -8.153599862395441433e-02 -5.879822879631088628e-02 -2.208804566539708178e-02 3.149319864645887951e-02 9.501826294516149685e-02 1.425879802360154880e-01 2.584583829850056746e-01 3.151820501666006691e-01 2.573432010448185037e-01 1.745302706945512650e-01 5.053687437804271765e-02
3.807056570286750097e-02 -3.580181324904967155e-02 -6.502620624788416070e-02 -7.186146113864222418e-02 -3.633481655846453745e-02 1.303047103098344331e-02 7.533183452179559314e-02 1.825004719447474721e-01 2.573432010448185037e-01 2.522879275954407197e-01 2.201792088543572667e-01 1.290244019305695211e-01
1.669673291769900592e-01 5.175311891486175653e-02 -3.417502824394135635e-02 -8.669093330930800756e-02 -8.124459753500438974e-02 -5.685252232745750811e-02 5.976200659983724878e-03 9.037473957791783419e-02 1.745302706945512650e-01 2.201792088543572667e-01 2.563335120191476690e-01 2.210023152733543994e-01
