4.908075966906175758e-01 3.181889853267320101e-01 -1.463675450947578630e-02 -1.201826872350795494e-01 4.474348803279998461e-03 9.722797046312767200e-02 6.723660852693980755e-03 -1.208714402214698252e-01 -1.605526954957000110e-03 3.198898816757682617e-01
3.181889853267320101e-01 5.375660152405994374e-01 3.186680236713773096e-01 -2.754028466171461187e-03 -1.205174304364484000e-01 -7.021191376870635804e-03 9.631848059094805237e-02 6.385248920564910377e-03 -1.196902982662516463e-01 -1.065530770316528916e-02
-1.463675450947578630e-02 3.186680236713773096e-01 4.888466586286270843e-01 3.189592723822826104e-01 1.360115570759230785e-02 -1.192575629575914203e-01 -2.046356922031943720e-02 9.671794783856751954e-02 1.544823680721487194e-02 -1.201316429828174492e-01
-1.201826872350795494e-01 -2.754028466171461187e-03 3.189592723822826104e-01 4.890720268614255906e-01 3.196402119255274399e-01 1.297516531072416719e-02 -1.199433467195564207e-01 -4.340495460486886239e-03 9.688841029121916804e-02 2.679364639728071783e-03
4.474348803279998461e-03 -1.205174304364484000e-01 1.360115570759230785e-02 3.196402119255274399e-01 4.913316983204120136e-01 3.181545368193503531e-01 1.669568054410734692e-02 -1.202887669250853192e-01 -8.483164865470699950e-03 9.714989935354567674e-02
9.722797046312767200e-02 -7.021191376870635804e-03 -1.192575629575914203e-01 1.297516531072416719e-02 3.181545368193503531e-01 4.741932592667355562e-01 3.195046701136775580e-01 -1.491508770099179417e-03 -1.207825204697310917e-01 4.652727463806037578e-03
6.723660852693980755e-03 9.631848059094805237e-02 -2.046356922031943720e-02 -1.199433467195564207e-01 1.669568054410734692e-02 3.195046701136775580e-01 5.072197160049427556e-01 3.186534359693299900e-01 -5.804764333597606588e-03 -1.197781474990436412e-01
-1.208714402214698252e-01 6.385248920564910377e-03 9.671794783856751954e-02 -4.340495460486886239e-03 -1.202887669250853192e-01 -1.491508770099179417e-03 3.186534359693299900e-01 5.095953301436009220e-01 3.197873523662035922e-01 -6.329107851921731559e-03
-1.605526954957000110e-03 -1.196902982662516463e-01 1.544823680721487194e-02 9.688841029121916804e-02 -8.483164865470699950e-03 -1.207825204697310917e-01 -5.804764333597606588e-03 3.197873523662035922e-01 4.971544494553228333e-01 3.186245022909670599e-01
3.198898816757682617e-01 -1.065530770316528916e-02 -1.201316429828174492e-01 2.679364639728071783e-03 9.714989935354567674e-02 4.652727463806037578e-03 -1.197781474990436412e-01 -6.329107851921731559e-03 3.186245022909670599e-01 5.142132493877228372e-01
4.651683947016105325e-01 3.168000819486977426e-01 1.401285468833434952e-02 -1.207890729035903943e-01 -1.065624383893922986e-02 9.730690982040676729e-02 -1.353496791679876209e-03 -1.208551315477692928e-01 3.691881478773750835e-03 3.192988600853359782e-01
3.168000819486977426e-01 4.826586823369792834e-01 3.202135900127744406e-01 -1.723945437018217092e-02 -1.213099305764377273e-01 1.270465589542417797e-02 9.642080159505499182e-02 -5.276668492072061900e-03 -1.195461123753844279e-01 2.214949294185736620e-02
1.401285468833434952e-02 3.202135900127744406e-01 5.288911401159031023e-01 3.176644179971571114e-01 -8.537980930063931821e-04 -1.191545701359753295e-01 8.685235462331646408e-03 9.695239991548813829e-02 -9.622260787167109808e-03 -1.194495213189804977e-01
-1.207890729035903943e-01 -1.723945437018217092e-02 3.176644179971571114e-01 5.017277404564204346e-01 3.200758704387473008e-01 -3.172868319369107244e-03 -1.208159422254070775e-01 -6.940423807804986349e-03 9.762747110197543543e-02 -1.952953683795876152e-03
-1.065624383893922986e-02 -1.213099305764377273e-01 -8.537980930063931821e-04 3.200758704387473008e-01 4.841869243034797599e-01 3.179592900604739647e-01 -6.081706771630301413e-03 -1.202244873296840350e-01 9.057375160673184281e-03 9.622496382584072583e-02
9.730690982040676729e-02 1.270465589542417797e-02 -1.191545701359753295e-01 -3.172868319369107244e-03 3.179592900604739647e-01 5.359282615707715580e-01 3.190108891908082223e-01 1.981171844206094240e-03 -1.204936747834930988e-01 5.246660315808161952e-03
-1.353496791679876209e-03 9.642080159505499182e-02 8.685235462331646408e-03 -1.208159422254070775e-01 -6.081706771630301413e-03 3.190108891908082223e-01 4.698479272585351918e-01 3.184557101795374989e-01 2.685875009616037028e-03 -1.200170917071710502e-01
-1.208551315477692928e-01 -5.276668492072061900e-03 9.695239991548813829e-02 -6.940423807804986349e-03 -1.202244873296840350e-01 1.981171844206094240e-03 3.184557101795374989e-01 5.120106198630995920e-01 3.194684986810004124e-01 -1.737906039227955085e-02
3.691881478773750835e-03 -1.195461123753844279e-01 -9.622260787167109808e-03 9.762747110197543543e-02 9.057375160673184281e-03 -1.204936747834930988e-01 2.685875009616037028e-03 3.194684986810004124e-01 5.117335540774012870e-01 3.189180623899635081e-01
3.192988600853359782e-01 2.214949294185736620e-02 -1.194495213189804977e-01 -1.952953683795876152e-03 9.622496382584072583e-02 5.246660315808161952e-03 -1.200170917071710502e-01 -1.737906039227955085e-02 3.189180623899635081e-01 5.078467553157939296e-01
5.208836801503162750e-01 3.191165257227374097e-01 5.240519363824880719e-03 -1.202014728888643469e-01 -7.137262490944748950e-04 9.690623971460091135e-02 2.735649999351540910e-03 -1.203116944479443451e-01 -5.746613381422594272e-03 3.190798251261505736e-01
3.191165257227374097e-01 4.752937155186981455e-01 3.183541447557221016e-01 1.508640327722621938e-02 -1.203785380661449023e-01 -7.554520150460744890e-03 9.703848321700807300e-02 6.247159202098307232e-04 -1.203432569460823887e-01 3.567331351414583171e-03
5.240519363824880719e-03 3.183541447557221016e-01 4.950618835600192336e-01 3.200504913975067978e-01 -8.102260695714645633e-03 -1.208579800687087091e-01 6.281185326573828637e-03 9.707058776556898305e-02 -5.305381861332758228e-03 -1.201205353473500659e-01
-1.202014728888643469e-01 1.508640327722621938e-02 3.200504913975067978e-01 4.997970133028443174e-01 3.186242648177944892e-01 2.325543129497586060e-04 -1.199116470076049684e-01 4.769173262636101918e-03 9.672101300365472387e-02 -7.261725518870696533e-03
-7.137262490944748950e-04 -1.203785380661449023e-01 -8.102260695714645633e-03 3.186242648177944892e-01 5.141371661141858063e-01 3.196151601557083444e-01 -6.878900153288213144e-03 -1.204997426222836898e-01 3.620961619549752011e-03 9.711028205300431537e-02
9.690623971460091135e-02 -7.554520150460744890e-03 -1.208579800687087091e-01 2.325543129497586060e-04 3.196151601557083444e-01 4.869856829175241431e-01 3.187871023723909403e-01 -6.708516089279934012e-04 -1.201197336942401994e-01 2.808330833872283664e-03
2.735649999351540910e-03 9.703848321700807300e-02 6.281185326573828637e-03 -1.199116470076049684e-01 -6.878900153288213144e-03 3.187871023723909403e-01 5.228381945248761209e-01 3.191920938023568577e-01 -7.740733667879885586e-03 -1.203960920945450624e-01
-1.203116944479443451e-01 6.247159202098307232e-04 9.707058776556898305e-02 4.769173262636101918e-03 -1.204997426222836898e-01 -6.708516089279934012e-04 3.191920938023568577e-01 4.856830495530474190e-01 3.192009576645452595e-01 4.984998937405452774e-03
-5.746613381422594272e-03 -1.203432569460823887e-01 -5.305381861332758228e-03 9.672101300365472387e-02 3.620961619549752011e-03 -1.201197336942401994e-01 -7.740733667879885586e-03 3.192009576645452595e-01 5.164498251965015108e-01 3.192136152709121322e-01
3.190798251261505736e-01 3.567331351414583171e-03 -1.201205353473500659e-01 -7.261725518870696533e-03 9.711028205300431537e-02 2.808330833872283664e-03 -1.203960920945450624e-01 4.984998937405452774e-03 3.192136152709121322e-01 4.828697891619897486e-01
4.783729307061048153e-01 3.187464419480841027e-01 4.855272755642597859e-03 -1.201270380402648941e-01 -4.749123828623434684e-03 9.655074366946583830e-02 9.810462498129664949e-03 -1.194191782134195190e-01 -1.726243509695472161e-02 3.193264649981246706e-01
3.187464419480841027e-01 5.088510504228531683e-01 3.196412548017938948e-01 -4.084511330575010812e-03 -1.208867645463752027e-01 -3.961896541334572128e-03 9.723501738084228130e-02 8.239143264540244732e-03 -1.200649104262436762e-01 -9.277610019864119401e-04
4.855272755642597859e-03 3.196412548017938948e-01 4.967617752215248150e-01 3.189814413605622234e-01 6.557149649691174954e-03 -1.198282082345375477e-01 -1.043277666703237502e-02 9.616371900528081218e-02 1.295717475463805182e-02 -1.206808348375447287e-01
-1.201270380402648941e-01 -4.084511330575010812e-03 3.189814413605622234e-01 5.001545887301934723e-01 3.195961432667493440e-01 8.416047925624505280e-03 -1.205014714318093233e-01 -9.072207971181561054e-03 9.702592155969408383e-02 -9.989821445708542413e-04
-4.749123828623434684e-03 -1.208867645463752027e-01 6.557149649691174954e-03 3.195961432667493440e-01 4.860801710504647488e-01 3.184746301570647864e-01 1.199235465044931961e-02 -1.195062756050494224e-01 -1.058093239814358703e-02 9.731994258870918513e-02
9.655074366946583830e-02 -3.961896541334572128e-03 -1.198282082345375477e-01 8.416047925624505280e-03 3.184746301570647864e-01 4.909910400816711595e-01 3.199246504623146636e-01 5.890871444415865868e-03 -1.212300721026736694e-01 8.735462113682193261e-03
9.810462498129664949e-03 9.723501738084228130e-02 -1.043277666703237502e-02 -1.205014714318093233e-01 1.199235465044931961e-02 3.199246504623146636e-01 4.934154058159003764e-01 3.183434234540278851e-01 4.237639602841704149e-03 -1.198304764544054490e-01
-1.194191782134195190e-01 8.239143264540244732e-03 9.616371900528081218e-02 -9.072207971181561054e-03 -1.195062756050494224e-01 5.890871444415865868e-03 3.183434234540278851e-01 4.942510996645534394e-01 3.205132029364231583e-01 -1.951832615455422609e-02
-1.726243509695472161e-02 -1.200649104262436762e-01 1.295717475463805182e-02 9.702592155969408383e-02 -1.058093239814358703e-02 -1.212300721026736694e-01 4.237639602841704149e-03 3.205132029364231583e-01 5.146481992835972852e-01 3.168337679884191682e-01
3.193264649981246706e-01 -9.277610019864119401e-04 -1.206808348375447287e-01 -9.989821445708542413e-04 9.731994258870918513e-02 8.735462113682193261e-03 -1.198304764544054490e-01 -1.951832615455422609e-02 3.168337679884191682e-01 5.364737390231311132e-01
5.315683718199573082e-01 3.177681728125818506e-01 2.020116838903409512e-02 -1.197341412943382644e-01 -9.884465042062768464e-03 9.634755367640479573e-02 1.091755245775987739e-02 -1.191519802475348999e-01 -2.330334955492038840e-02 3.187642963799323659e-01
3.177681728125818506e-01 4.418524810809345560e-01 3.164670035468019060e-01 1.087586436566626014e-02 -1.195394592020700697e-01 -7.964350456088604632e-03 9.658749839382857472e-02 9.355510509540098524e-03 -1.196166694625961646e-01 2.468690930352585716e-04
2.020116838903409512e-02 3.164670035468019060e-01 5.096227769775719674e-01 3.202418967867692867e-01 -1.298784530792170336e-02 -1.213810510522574382e-01 1.023584956029180600e-02 9.817334931554980160e-02 -6.450754979111444215e-03 -1.206574147778008699e-01
-1.197341412943382644e-01 1.087586436566626014e-02 3.202418967867692867e-01 5.111291387687151300e-01 3.186204741800040541e-01 3.742816424737534578e-03 -1.200645430286498838e-01 -8.608775533304753591e-03 9.643900846786197800e-02 1.688717001096238721e-03
-9.884465042062768464e-03 -1.195394592020700697e-01 -1.298784530792170336e-02 3.186204741800040541e-01 4.942188444471907749e-01 3.197283825161969517e-01 -1.203707549481529762e-03 -1.208766099082161510e-01 2.300982280100923386e-04 9.743851746859522045e-02
9.634755367640479573e-02 -7.964350456088604632e-03 -1.213810510522574382e-01 3.742816424737534578e-03 3.197283825161969517e-01 5.013736681007230356e-01 3.188788206017351134e-01 8.470787676765709900e-03 -1.198116364797172512e-01 5.438682956623438688e-04
1.091755245775987739e-02 9.658749839382857472e-02 1.023584956029180600e-02 -1.200645430286498838e-01 -1.203707549481529762e-03 3.188788206017351134e-01 4.958888507509900956e-01 3.196156440552168077e-01 -2.982355988118486241e-04 -1.208948423395963673e-01
-1.191519802475348999e-01 9.355510509540098524e-03 9.817334931554980160e-02 -8.608775533304753591e-03 -1.208766099082161510e-01 8.470787676765709900e-03 3.196156440552168077e-01 4.878100366935151921e-01 3.184709095417398994e-01 -5.848983369065660284e-03
-2.330334955492038840e-02 -1.196166694625961646e-01 -6.450754979111444215e-03 9.643900846786197800e-02 2.300982280100923386e-04 -1.198116364797172512e-01 -2.982355988118486241e-04 3.184709095417398994e-01 5.212117457723617342e-01 3.195054450052272066e-01
3.187642963799323659e-01 2.468690930352585716e-04 -1.206574147778008699e-01 1.688717001096238721e-03 9.743851746859522045e-02 5.438682956623438688e-04 -1.208948423395963673e-01 -5.848983369065660284e-03 3.195054450052272066e-01 5.053240855880379856e-01
4.764597736493521030e-01 3.187490789626264420e-01 -1.748472043239991279e-03 -1.201616988205908981e-01 6.895095072220375904e-03 9.705353569362043520e-02 -2.687741921103962636e-03 -1.202037154759011822e-01 -4.913953623334564938e-03 3.192591478465598986e-01
3.187490789626264420e-01 5.218061587852194094e-01 3.192818722894085748e-01 -5.722345288464683773e-03 -1.204830454384703542e-01 -1.747715102498304711e-03 9.700614535352167223e-02 -5.441605358627761568e-04 -1.202854807496915174e-01 3.210778890768534524e-03
-1.748472043239991279e-03 3.192818722894085748e-01 4.902108166944004752e-01 3.191060223458827005e-01 -1.620613290221562192e-03 -1.202617620708570229e-01 -2.322653247241561469e-03 9.699329145707996647e-02 9.315667626084307359e-03 -1.208157378680778937e-01
-1.201616988205908981e-01 -5.722345288464683773e-03 3.191060223458827005e-01 5.125784175337306792e-01 3.193801426278397582e-01 3.870830039544496601e-03 -1.204255231536101867e-01 -1.336685814299950602e-04 9.713917882745330690e-02 -4.321263082674772077e-03
6.895095072220375904e-03 -1.204830454384703542e-01 -1.620613290221562192e-03 3.193801426278397582e-01 4.931481521063619256e-01 3.187658017523266052e-01 5.991735922756469095e-03 -1.202472282812585974e-01 -1.244840241937663836e-02 9.769951750531974399e-02
9.705353569362043520e-02 -1.747715102498304711e-03 -1.202617620708570229e-01 3.870830039544496601e-03 3.187658017523266052e-01 4.861559458503834641e-01 3.194628619228823685e-01 4.753820186239677073e-04 -1.208639935148358435e-01 7.989312350223919459e-03
-2.687741921103962636e-03 9.700614535352167223e-02 -2.322653247241561469e-03 -1.204255231536101867e-01 5.991735922756469095e-03 3.194628619228823685e-01 5.149752007923633634e-01 3.188113140794285316e-01 6.630533733772360667e-03 -1.204788041667182313e-01
-1.202037154759011822e-01 -5.441605358627761568e-04 9.699329145707996647e-02 -1.336685814299950602e-04 -1.202472282812585974e-01 4.753820186239677073e-04 3.188113140794285316e-01 4.775569226265852230e-01 3.193149551751930937e-01 -6.141742339088769598e-03
-4.913953623334564938e-03 -1.202854807496915174e-01 9.315667626084307359e-03 9.713917882745330690e-02 -1.244840241937663836e-02 -1.208639935148358435e-01 6.630533733772360667e-03 3.193149551751930937e-01 5.123092150074942674e-01 3.185900243244712549e-01
3.192591478465598986e-01 3.210778890768534524e-03 -1.208157378680778937e-01 -4.321263082674772077e-03 9.769951750531974399e-02 7.989312350223919459e-03 -1.204788041667182313e-01 -6.141742339088769598e-03 3.185900243244712549e-01 5.147993969541300174e-01
5.010073665309120461e-01 3.181395782511902137e-01 4.198007691167470606e-03 -1.196034657768160897e-01 1.671891061247104265e-02 9.551999552533810278e-02 -1.350515122388171001e-02 -1.191834002158229655e-01 1.691504692210334462e-02 3.207392649407272422e-01
3.181395782511902137e-01 4.990512088618677122e-01 3.206491218605797555e-01 -1.737630665632741711e-02 -1.187003406653519832e-01 1.758039601108455849e-02 9.615195891447303467e-02 -1.434508171283182913e-02 -1.195186583060522667e-01 -4.771904531491143187e-03
4.198007691167470606e-03 3.206491218605797555e-01 5.041260918955901005e-01 3.170695335710170815e-01 -2.677897055912874247e-02 -1.183380897718809832e-01 1.452341801375271052e-02 9.592462902393461555e-02 -1.195026427187005288e-02 -1.217420930952758801e-01
-1.196034657768160897e-01 -1.737630665632741711e-02 3.170695335710170815e-01 5.474691516508112255e-01 3.174288028089214952e-01 -1.791128680893568081e-02 -1.202636174790509549e-01 8.353929073568109459e-03 9.730546575885976046e-02 1.268162399836025162e-02
1.671891061247104265e-02 -1.187003406653519832e-01 -2.677897055912874247e-02 3.174288028089214952e-01 5.039110093767478205e-01 3.203769194964869449e-01 8.736608427490105688e-03 -1.210872071281450524e-01 -1.078786209427220512e-02 9.553998802738790375e-02
9.551999552533810278e-02 1.758039601108455849e-02 -1.183380897718809832e-01 -1.791128680893568081e-02 3.203769194964869449e-01 4.986309550338117735e-01 3.184483583829392783e-01 4.368685212120604691e-04 -1.196393384766858692e-01 -1.926626163406455067e-02
-1.350515122388171001e-02 9.615195891447303467e-02 1.452341801375271052e-02 -1.202636174790509549e-01 8.736608427490105688e-03 3.184483583829392783e-01 4.873673200507495640e-01 3.199834102622479692e-01 1.412402124391043054e-02 -1.189843727100011600e-01
-1.191834002158229655e-01 -1.434508171283182913e-02 9.592462902393461555e-02 8.353929073568109459e-03 -1.210872071281450524e-01 4.368685212120604691e-04 3.199834102622479692e-01 5.079679880827541183e-01 3.180866652595408794e-01 2.251793660720340443e-02
1.691504692210334462e-02 -1.195186583060522667e-01 -1.195026427187005288e-02 9.730546575885976046e-02 -1.078786209427220512e-02 -1.196393384766858692e-01 1.412402124391043054e-02 3.180866652595408794e-01 4.528922764172381155e-01 3.169035206195504606e-01
3.207392649407272422e-01 -4.771904531491143187e-03 -1.217420930952758801e-01 1.268162399836025162e-02 9.553998802738790375e-02 -1.926626163406455067e-02 -1.189843727100011600e-01 2.251793660720340443e-02 3.169035206195504606e-01 4.975766320995178016e-01
5.197467928516865676e-01 3.191022889442096666e-01 -8.588948117129995702e-03 -1.205497162852945947e-01 3.341458615856367047e-03 9.735521726884122096e-02 -2.217400680466304844e-03 -1.204873406876499631e-01 -6.854751413193820378e-03 3.186937722068684531e-01
3.191022889442096666e-01 5.024328266640772922e-01 3.193538458321469875e-01 2.315107719477478305e-03 -1.204852344699876288e-01 -5.700344018054167086e-03 9.708558893854073168e-02 -1.643923344654737301e-04 -1.203893151441218501e-01 -1.136873295386862937e-02
-8.588948117129995702e-03 3.193538458321469875e-01 5.013451994445201620e-01 3.192746096775385123e-01 1.748918948551575090e-03 -1.204957817286279043e-01 -3.705787784432472420e-04 9.721266829731697867e-02 8.195168692479146144e-03 -1.199306815357293610e-01
-1.205497162852945947e-01 2.315107719477478305e-03 3.192746096775385123e-01 4.942874500246209335e-01 3.191994865861763619e-01 7.811189449938815005e-03 -1.203914972208116607e-01 -2.625816601606979295e-04 9.707434965299902019e-02 6.946197440083555844e-03
3.341458615856367047e-03 -1.204852344699876288e-01 1.748918948551575090e-03 3.191994865861763619e-01 4.966630165051009183e-01 3.194228579259006939e-01 -3.217931898534192627e-03 -1.205312925741946206e-01 -6.267644151315902683e-03 9.685260861952357803e-02
9.735521726884122096e-02 -5.700344018054167086e-03 -1.204957817286279043e-01 7.811189449938815005e-03 3.194228579259006939e-01 4.936408849602913484e-01 3.189370971976066560e-01 -2.887288103041076113e-03 -1.204925442578009542e-01 -3.508912535147864706e-03
-2.217400680466304844e-03 9.708558893854073168e-02 -3.705787784432472420e-04 -1.203914972208116607e-01 -3.217931898534192627e-03 3.189370971976066560e-01 5.194771705055891697e-01 3.192493078682352436e-01 7.510007618144696855e-03 -1.201663893892428447e-01
-1.204873406876499631e-01 -1.643923344654737301e-04 9.721266829731697867e-02 -2.625816601606979295e-04 -1.205312925741946206e-01 -2.887288103041076113e-03 3.192493078682352436e-01 4.790409945299294314e-01 3.184498722475472832e-01 1.352632348834853157e-02
-6.854751413193820378e-03 -1.203893151441218501e-01 8.195168692479146144e-03 9.707434965299902019e-02 -6.267644151315902683e-03 -1.204925442578009542e-01 7.510007618144696855e-03 3.184498722475472832e-01 4.907762337074165204e-01 3.198213529664609145e-01
3.186937722068684531e-01 -1.136873295386862937e-02 -1.199306815357293610e-01 6.946197440083555844e-03 9.685260861952357803e-02 -3.508912535147864706e-03 -1.201663893892428447e-01 1.352632348834853157e-02 3.198213529664609145e-01 5.025894308067654359e-01
4.997670721700795404e-01 3.201045009429382415e-01 1.613662745301244067e-02 -1.212194059569518673e-01 -8.805414210877111902e-03 9.722199262476660664e-02 1.172511721544356421e-02 -1.183748460652222223e-01 9.278284667345346876e-03 3.182603142127381490e-01
3.201045009429382415e-01 4.922525011060898681e-01 3.187148347947791338e-01 -8.326324105116224283e-03 -1.193320459032306269e-01 3.778280023874628583e-03 9.584982823358290105e-02 8.201744252807088159e-03 -1.209161309057155409e-01 -1.290994835046585520e-02
1.613662745301244067e-02 3.187148347947791338e-01 4.917966029927294258e-01 3.194472335596956203e-01 2.669705407515160153e-03 -1.205428624206943827e-01 -7.462019369304308779e-03 9.603422287006824209e-02 -1.340614013655277992e-02 -1.205422938806160194e-01
-1.212194059569518673e-01 -8.326324105116224283e-03 3.194472335596956203e-01 5.254257512596585133e-01 3.180258722882449152e-01 -6.490635394046729081e-03 -1.191828878672092917e-01 -5.417463420669869564e-03 9.742834228413414788e-02 1.208083592750659047e-02
-8.805414210877111902e-03 -1.193320459032306269e-01 2.669705407515160153e-03 3.180258722882449152e-01 4.728834225754841025e-01 3.200318725868210312e-01 2.266852262506433707e-02 -1.188400877468144823e-01 5.635211423168574180e-03 9.633671575034039036e-02
9.722199262476660664e-02 3.778280023874628583e-03 -1.205428624206943827e-01 -6.490635394046729081e-03 3.200318725868210312e-01 5.189755105477966701e-01 3.182104050065374667e-01 -3.314748777189861686e-03 -1.199106338993763538e-01 -6.423456485400962611e-03
1.172511721544356421e-02 9.584982823358290105e-02 -7.462019369304308779e-03 -1.191828878672092917e-01 2.266852262506433707e-02 3.182104050065374667e-01 4.454939358987681786e-01 3.164083608799292402e-01 -7.788094244804283361e-03 -1.193869925309096053e-01
-1.183748460652222223e-01 8.201744252807088159e-03 9.603422287006824209e-02 -5.417463420669869564e-03 -1.188400877468144823e-01 -3.314748777189861686e-03 3.164083608799292402e-01 5.720913741393365282e-01 3.162111817534620783e-01 -1.187767280225676333e-02
9.278284667345346876e-03 -1.209161309057155409e-01 -1.340614013655277992e-02 9.742834228413414788e-02 5.635211423168574180e-03 -1.199106338993763538e-01 -7.788094244804283361e-03 3.162111817534620783e-01 4.615839581480137843e-01 3.198234806043487310e-01
3.182603142127381490e-01 -1.290994835046585520e-02 -1.205422938806160194e-01 1.208083592750659047e-02 9.633671575034039036e-02 -6.423456485400962611e-03 -1.193869925309096053e-01 -1.187767280225676333e-02 3.198234806043487310e-01 5.197298711620377265e-01
5.269572831815810821e-01 3.192416048937781192e-01 3.537990749064278025e-03 -1.200775122253789073e-01 8.030759111327083130e-03 9.716972440375996889e-02 -1.490163419507183193e-03 -1.203758805700030909e-01 9.834068322370208282e-03 3.183167437009446488e-01
3.192416048937781192e-01 5.038518211102682720e-01 3.175189487833189883e-01 1.437680745204224751e-02 -1.210510521553109925e-01 -1.484752389105207897e-02 9.711117040555536373e-02 1.501782131632543524e-02 -1.218127431905036695e-01 -1.075918534966129048e-02
3.537990749064278025e-03 3.175189487833189883e-01 4.560301135668723416e-01 3.185260278344406171e-01 -4.890060191498009183e-03 -1.203370411401629148e-01 1.522531003824058836e-03 9.714614732066334524e-02 -1.217053177374844211e-02 -1.194662002399208556e-01
-1.200775122253789073e-01 1.437680745204224751e-02 3.185260278344406171e-01 5.368183566712625421e-01 3.183947868044086915e-01 -3.735813782433481008e-03 -1.199866175271305929e-01 1.120381818257956989e-03 9.650084586700068134e-02 -4.018182130053324363e-03
8.030759111327083130e-03 -1.210510521553109925e-01 -4.890060191498009183e-03 3.183947868044086915e-01 4.860961229920182647e-01 3.194252380435770311e-01 1.150656643421212044e-02 -1.206884201417642577e-01 2.305800343188399350e-03 9.696857548109899527e-02
9.716972440375996889e-02 -1.484752389105207897e-02 -1.203370411401629148e-01 -3.735813782433481008e-03 3.194252380435770311e-01 4.943416408116272920e-01 3.190596717817468231e-01 -2.406049791944793112e-03 -1.199705283087456192e-01 4.596843272462053549e-03
-1.490163419507183193e-03 9.711117040555536373e-02 1.522531003824058836e-03 -1.199866175271305929e-01 1.150656643421212044e-02 3.190596717817468231e-01 4.972723510521904755e-01 3.194502046076617696e-01 -1.354009830993818317e-02 -1.201597655536191106e-01
-1.203758805700030909e-01 1.501782131632543524e-02 9.714614732066334524e-02 1.120381818257956989e-03 -1.206884201417642577e-01 -2.406049791944793112e-03 3.194502046076617696e-01 5.164466686899440440e-01 3.184193403918086918e-01 -3.907048433699067749e-03
9.834068322370208282e-03 -1.218127431905036695e-01 -1.217053177374844211e-02 9.650084586700068134e-02 2.305800343188399350e-03 -1.199705283087456192e-01 -1.354009830993818317e-02 3.184193403918086918e-01 5.144708856058957114e-01 3.191770708005393642e-01
3.183167437009446488e-01 -1.075918534966129048e-02 -1.194662002399208556e-01 -4.018182130053324363e-03 9.696857548109899527e-02 4.596843272462053549e-03 -1.201597655536191106e-01 -3.907048433699067749e-03 3.191770708005393642e-01 4.677147563183472467e-01
5.008795175105389408e-01 3.197189215527888040e-01 3.180585922443048257e-03 -1.206509189548613942e-01 -8.230202507500585657e-03 9.630164272480606913e-02 1.887645708781714171e-02 -1.201300715709457401e-01 -1.145483234588389604e-02 3.184312886759351757e-01
3.197189215527888040e-01 5.019544095707986209e-01 3.190901410019397755e-01 1.877281782702621641e-03 -1.203683254427778404e-01 -1.189904909278210847e-02 9.588374985364135628e-02 7.771404735689041790e-03 -1.198842617699418522e-01 -1.195666677825720815e-02
3.180585922443048257e-03 3.190901410019397755e-01 4.944886251334635885e-01 3.192832930264856151e-01 1.143151772592767949e-02 -1.193499520811777126e-01 -1.818774036351572532e-02 9.703326862747020665e-02 8.143893517085250625e-03 -1.202665213233979763e-01
-1.206509189548613942e-01 1.877281782702621641e-03 3.192832930264856151e-01 4.934779255589346603e-01 3.192590567994636475e-01 1.669743163905414857e-02 -1.195104428258686874e-01 -4.741376571677255285e-03 9.677457257335719820e-02 4.845884489797017136e-03
-8.230202507500585657e-03 -1.203683254427778404e-01 1.143151772592767949e-02 3.192590567994636475e-01 4.802868721988338141e-01 3.180019023679949708e-01 1.794485028387310735e-02 -1.205737174219977947e-01 -3.644794629338831294e-03 9.733240906832785200e-02
9.630164272480606913e-02 -1.189904909278210847e-02 -1.193499520811777126e-01 1.669743163905414857e-02 3.180019023679949708e-01 4.798900358732259841e-01 3.199712568985334515e-01 -8.320249318076520031e-03 -1.204437019645828444e-01 7.040833056565450922e-03
1.887645708781714171e-02 9.588374985364135628e-02 -1.818774036351572532e-02 -1.195104428258686874e-01 1.794485028387310735e-02 3.199712568985334515e-01 5.062636985673545365e-01 3.180289452351229840e-01 -1.059790843774512104e-02 -1.196382444728241456e-01
-1.201300715709457401e-01 7.771404735689041790e-03 9.703326862747020665e-02 -4.741376571677255285e-03 -1.205737174219977947e-01 -8.320249318076520031e-03 3.180289452351229840e-01 5.254236849489666294e-01 3.195030717498988926e-01 -8.776934565504275476e-03
-1.145483234588389604e-02 -1.198842617699418522e-01 8.143893517085250625e-03 9.677457257335719820e-02 -3.644794629338831294e-03 -1.204437019645828444e-01 -1.059790843774512104e-02 3.195030717498988926e-01 4.870056760004446428e-01 3.188216566326097512e-01
3.184312886759351757e-01 -1.195666677825720815e-02 -1.202665213233979763e-01 4.845884489797017136e-03 9.733240906832785200e-02 7.040833056565450922e-03 -1.196382444728241456e-01 -8.776934565504275476e-03 3.188216566326097512e-01 5.303295546374454661e-01
5.184011465483182590e-01 3.186155936430116742e-01 -1.050370800208980451e-02 -1.194436207479079859e-01 9.484215957355827259e-03 9.678355313808222060e-02 -3.493838995228272168e-03 -1.201806344063657273e-01 9.820403489809325162e-03 3.197200020556148492e-01
3.186155936430116742e-01 5.022546668252869662e-01 3.196279194659019662e-01 -1.285802840082707343e-02 -1.204329541064483727e-01 4.608519100264591925e-03 9.731487286194878683e-02 -1.742699521468249989e-03 -1.204748620882439558e-01 -8.307466809593752610e-03
-1.050370800208980451e-02 3.196279194659019662e-01 5.172429220166956387e-01 3.184571322097013435e-01 -7.013813275767224846e-03 -1.203138640436272611e-01 -1.222985724684869189e-03 9.697287041227019289e-02 -2.244930368231919798e-03 -1.205286544730416465e-01
-1.194436207479079859e-01 -1.285802840082707343e-02 3.184571322097013435e-01 5.091314379002542800e-01 3.196578191745849118e-01 5.006834159312209195e-03 -1.205262858642684454e-01 -6.039624159184287661e-03 9.743039433167785535e-02 1.573987038309079822e-02
9.484215957355827259e-03 -1.204329541064483727e-01 -7.013813275767224846e-03 3.196578191745849118e-01 4.894936622538936244e-01 3.188556428640955120e-01 1.075934930335075215e-02 -1.200180986144534362e-01 -3.201473072984681052e-03 9.646390116464770292e-02
9.678355313808222060e-02 4.608519100264591925e-03 -1.203138640436272611e-01 5.006834159312209195e-03 3.188556428640955120e-01 4.937598026459337763e-01 3.195044528499835779e-01 1.771927070415550308e-03 -1.208455766547152088e-01 -1.191206089447932777e-02
-3.493838995228272168e-03 9.731487286194878683e-02 -1.222985724684869189e-03 -1.205262858642684454e-01 1.075934930335075215e-02 3.195044528499835779e-01 4.897450775581440041e-01 3.188390362157119684e-01 -8.220661792656277188e-04 -1.202382576269850345e-01
-1.201806344063657273e-01 -1.742699521468249989e-03 9.697287041227019289e-02 -6.039624159184287661e-03 -1.200180986144534362e-01 1.771927070415550308e-03 3.188390362157119684e-01 5.153584958480290634e-01 3.195609488117945318e-01 1.209950077805512121e-02
9.820403489809325162e-03 -1.204748620882439558e-01 -2.244930368231919798e-03 9.743039433167785535e-02 -3.201473072984681052e-03 -1.208455766547152088e-01 -8.220661792656277188e-04 3.195609488117945318e-01 4.784451662657798754e-01 3.180330280800965359e-01
3.197200020556148492e-01 -8.307466809593752610e-03 -1.205286544730416465e-01 1.573987038309079822e-02 9.646390116464770292e-02 -1.191206089447932777e-02 -1.202382576269850345e-01 1.209950077805512121e-02 3.180330280800965359e-01 4.861676221376646234e-01
5.344632413499846857e-01 3.181620498636246741e-01 -4.736484713779532882e-03 -1.202051572664724205e-01 2.297346052529175911e-03 9.716128954540617646e-02 7.053382190848681010e-04 -1.202554101472084469e-01 -6.941725899362980942e-03 3.188546899572317628e-01
3.181620498636246741e-01 5.046601449516290305e-01 3.192205258448632677e-01 4.177500813053089922e-03 -1.201892225935593528e-01 -8.148164487536316281e-03 9.656290080597532133e-02 2.458630108448142670e-02 -1.198874128292800739e-01 -2.221247104421882751e-02
-4.736484713779532882e-03 3.192205258448632677e-01 4.816353325944756625e-01 3.191975211042143434e-01 5.498510823466116332e-03 -1.204779472635115339e-01 -5.302962914854448748e-03 9.651499390108386756e-02 3.595541070257887023e-03 -1.200500590539843870e-01
-1.202051572664724205e-01 4.177500813053089922e-03 3.191975211042143434e-01 5.140158245875423582e-01 3.188979360117525363e-01 7.274560544465070045e-04 -1.198943954257560285e-01 -1.800747977180485598e-02 9.689895198834805323e-02 1.174311234533591090e-02
2.297346052529175911e-03 -1.201892225935593528e-01 5.498510823466116332e-03 3.188979360117525363e-01 4.782996474051731672e-01 3.194894702868620873e-01 1.364230897008871825e-02 -1.193132361384436624e-01 -4.686801277606544511e-03 9.655451869216918892e-02
9.716128954540617646e-02 -8.148164487536316281e-03 -1.204779472635115339e-01 7.274560544465070045e-04 3.194894702868620873e-01 5.122197913168834438e-01 3.184401837856047912e-01 1.688090083937136138e-02 -1.203673440550265261e-01 -6.802877728735927214e-03
7.053382190848681010e-04 9.656290080597532133e-02 -5.302962914854448748e-03 -1.198943954257560285e-01 1.364230897008871825e-02 3.184401837856047912e-01 4.564881845412340211e-01 3.177720920415547656e-01 4.459614965782798118e-03 -1.199007748270882606e-01
-1.202554101472084469e-01 2.458630108448142670e-02 9.651499390108386756e-02 -1.800747977180485598e-02 -1.193132361384436624e-01 1.688090083937136138e-02 3.177720920415547656e-01 5.098565705981090712e-01 3.194549318721603415e-01 -1.149232426827265750e-02
-6.941725899362980942e-03 -1.198874128292800739e-01 3.595541070257887023e-03 9.689895198834805323e-02 -4.686801277606544511e-03 -1.203673440550265261e-01 4.459614965782798118e-03 3.194549318721603415e-01 5.133548970019553570e-01 3.191633498193233720e-01
3.188546899572317628e-01 -2.221247104421882751e-02 -1.200500590539843870e-01 1.174311234533591090e-02 9.655451869216918892e-02 -6.802877728735927214e-03 -1.199007748270882606e-01 -1.149232426827265750e-02 3.191633498193233720e-01 4.950063656530014899e-01
4.951835430638444890e-01 3.199506511212448778e-01 7.858003532817911876e-03 -1.211430796195118870e-01 -4.123061034905712782e-03 9.726134021714508138e-02 8.544885775540491529e-03 -1.200876935880366703e-01 -1.297578031597081474e-03 3.183355305311089678e-01
3.199506511212448778e-01 5.042892075484346481e-01 3.189027786677856580e-01 -1.169827726596201455e-02 -1.197627379036327877e-01 1.136152647298791472e-04 9.644653243745709981e-02 2.209679877363007749e-03 -1.197731696136269397e-01 -1.575913808621737591e-02
7.858003532817911876e-03 3.189027786677856580e-01 4.972105359012181092e-01 3.196638838300621677e-01 3.732705008132666206e-03 -1.205870039001633309e-01 -8.201898732351602106e-03 9.701533675995988037e-02 9.159164006551263892e-04 -1.202105835399821382e-01
-1.211430796195118870e-01 -1.169827726596201455e-02 3.196638838300621677e-01 5.187543183833436267e-01 3.183083469265270971e-01 4.312713101202150096e-03 -1.194913649300962943e-01 -3.620145321845552773e-03 9.641952254223931651e-02 1.417811421782532930e-02
-4.123061034905712782e-03 -1.197627379036327877e-01 3.732705008132666206e-03 3.183083469265270971e-01 4.701884866678612274e-01 3.190270780411419427e-01 1.837741223338076879e-02 -1.202960833822907527e-01 -6.456725197237847547e-03 9.652157488326941481e-02
9.726134021714508138e-02 1.136152647298791472e-04 -1.205870039001633309e-01 4.312713101202150096e-03 3.190270780411419427e-01 5.050551882793132830e-01 3.195634415089163571e-01 -8.155492899456086298e-03 -1.200821501403113306e-01 -3.571936593759834650e-03
8.544885775540491529e-03 9.644653243745709981e-02 -8.201898732351602106e-03 -1.194913649300962943e-01 1.837741223338076879e-02 3.195634415089163571e-01 4.805502696764800685e-01 3.186686437761026003e-01 4.115260279042769719e-03 -1.199141312145225735e-01
-1.200876935880366703e-01 2.209679877363007749e-03 9.701533675995988037e-02 -3.620145321845552773e-03 -1.202960833822907527e-01 -8.155492899456086298e-03 3.186686437761026003e-01 5.339416697036136750e-01 3.185148008474364412e-01 -1.434847485064796868e-03
-1.297578031597081474e-03 -1.197731696136269397e-01 9.159164006551263892e-04 9.641952254223931651e-02 -6.456725197237847547e-03 -1.200821501403113306e-01 4.115260279042769719e-03 3.185148008474364412e-01 4.588702326156305356e-01 3.183152368029871226e-01
3.183355305311089678e-01 -1.575913808621737591e-02 -1.202105835399821382e-01 1.417811421782532930e-02 9.652157488326941481e-02 -3.571936593759834650e-03 -1.199141312145225735e-01 -1.434847485064796868e-03 3.183152368029871226e-01 5.359565481602583947e-01
5.042663568805672014e-01 3.198015045659357569e-01 -8.625472224617652950e-03 -1.202179293985390918e-01 -5.220030125556332327e-03 9.717620021652545459e-02 8.140436973582735290e-04 -1.204721379262263248e-01 -8.852808198188340943e-03 3.186724967496830097e-01
3.198015045659357569e-01 4.905107165059279795e-01 3.183612174796204841e-01 -4.465251496152775057e-03 -1.205754080690054353e-01 8.337055796762768076e-03 9.705161592121544500e-02 -6.619815214145735247e-03 -1.209284307242977918e-01 1.281387258970626344e-03
-8.625472224617652950e-03 3.183612174796204841e-01 5.345378243783491801e-01 3.186477115648305158e-01 4.504623190432513642e-03 -1.203387014150870682e-01 -1.372083432449721935e-03 9.710652438704191203e-02 9.542353530616571461e-03 -1.197790055695459877e-01
-1.202179293985390918e-01 -4.465251496152775057e-03 3.186477115648305158e-01 4.637784412731603689e-01 3.184448797267104836e-01 3.670277166404385498e-03 -1.200678668847761921e-01 -3.761094861517306695e-03 9.654879823039100306e-02 6.742326089870387916e-03
-5.220030125556332327e-03 -1.205754080690054353e-01 4.504623190432513642e-03 3.184448797267104836e-01 5.161476100638231479e-01 3.193394902744699504e-01 -1.096396833000415176e-02 -1.208489827288753982e-01 5.408834462735504812e-04 9.742149818997221378e-02
9.717620021652545459e-02 8.337055796762768076e-03 -1.203387014150870682e-01 3.670277166404385498e-03 3.193394902744699504e-01 5.034740884438435593e-01 3.192408493227222310e-01 6.524919414234314069e-03 -1.199821639723438749e-01 -9.066761735507449654e-03
8.140436973582735290e-04 9.705161592121544500e-02 -1.372083432449721935e-03 -1.200678668847761921e-01 -1.096396833000415176e-02 3.192408493227222310e-01 4.988696479725693300e-01 3.193501735123164820e-01 8.702624637534248433e-03 -1.203984668540681868e-01
-1.204721379262263248e-01 -6.619815214145735247e-03 9.710652438704191203e-02 -3.761094861517306695e-03 -1.208489827288753982e-01 6.524919414234314069e-03 3.193501735123164820e-01 4.860247843754506025e-01 3.186548694060228337e-01 8.234722650445372785e-03
-8.852808198188340943e-03 -1.209284307242977918e-01 9.542353530616571461e-03 9.654879823039100306e-02 5.408834462735504812e-04 -1.199821639723438749e-01 8.702624637534248433e-03 3.186548694060228337e-01 4.916521360455631262e-01 3.197443906453757423e-01
3.186724967496830097e-01 1.281387258970626344e-03 -1.197790055695459877e-01 6.742326089870387916e-03 9.742149818997221378e-02 -9.066761735507449654e-03 -1.203984668540681868e-01 8.234722650445372785e-03 3.197443906453757423e-01 5.107383940607533868e-01
5.064538583834398144e-01 3.190704390035302151e-01 -6.586529410987170333e-03 -1.205870123438142899e-01 1.229954100128490685e-04 9.727355297418323332e-02 -1.227604821716282886e-03 -1.206249804283655441e-01 5.323286577730144097e-03 3.192802390260757739e-01
3.190704390035302151e-01 5.087024412260883199e-01 3.194203060071136857e-01 5.489180658929831459e-03 -1.204210306889867410e-01 -5.054946070320101570e-04 9.710430896260860423e-02 3.930974898866247333e-03 -1.205252467201839706e-01 -2.129590044234764071e-03
-6.586529410987170333e-03 3.194203060071136857e-01 4.935908084567928733e-01 3.189932461389727303e-01 6.238505416228708710e-03 -1.205621659816450558e-01 -3.543148434491361597e-03 9.716703961299588688e-02 -2.299267941811306698e-04 -1.204888283828458584e-01
-1.205870123438142899e-01 5.489180658929831459e-03 3.189932461389727303e-01 4.886647938620168330e-01 3.193385609645547629e-01 -3.205398411627887086e-03 -1.205148163024740288e-01 -1.767792543280178024e-04 9.720094406776039198e-02 -2.053498720435068328e-03
1.229954100128490685e-04 -1.204210306889867410e-01 6.238505416228708710e-03 3.193385609645547629e-01 5.085333319577155509e-01 3.191395712797844286e-01 -2.037170619312897880e-03 -1.204902808218017013e-01 5.388343124875670867e-03 9.710031409283161052e-02
9.727355297418323332e-02 -5.054946070320101570e-04 -1.205621659816450558e-01 -3.205398411627887086e-03 3.191395712797844286e-01 5.028231821158776205e-01 3.193231435338255153e-01 3.155981014099609044e-03 -1.206782484910951386e-01 -1.705660197491707351e-03
-1.227604821716282886e-03 9.710430896260860423e-02 -3.543148434491361597e-03 -1.205148163024740288e-01 -2.037170619312897880e-03 3.193231435338255153e-01 4.914724969082992501e-01 3.192117967071561591e-01 -4.726342378835314377e-03 -1.203716778975076340e-01
