9.429873764945108372e-02 1.155057806994327502e-01 8.957621533458601237e-02 7.078141444448915465e-02 6.346560178773286154e-02 6.380164566846763252e-02 8.360144973515701294e-02 9.587069847976410764e-02 9.372717407685643431e-02 8.714559069100606681e-02 6.783382210785611488e-02 7.439186932520119866e-02
1.014376307490006957e-01 8.903313589672672002e-02 8.162012545701119448e-02 8.956167637578417440e-02 7.368715012833450262e-02 8.337162826982610908e-02 9.135393319745471752e-02 8.575578920580725906e-02 8.131621329770816198e-02 6.660250120611643787e-02 7.026135639194677762e-02 8.599885982428318032e-02
9.211710042358597916e-02 9.898560343903348158e-02 1.110268398165352999e-01 1.008139576671808202e-01 9.707226055847335833e-02 8.098778001600698273e-02 7.103041406191004659e-02 7.341777251138528748e-02 7.104907266120905063e-02 6.710972426324467166e-02 6.437283201056318016e-02 7.201664257087214693e-02
7.267095008835915138e-02 9.028945663308424185e-02 1.220813442684559047e-01 1.356355598575054722e-01 1.059337249226415811e-01 6.354216824992636736e-02 6.947053481031641164e-02 7.608289572848306315e-02 6.952177742299614494e-02 6.738294907393010957e-02 6.317245714958139025e-02 6.421618179472035615e-02
1.064572983106783916e-01 9.774085094547370345e-02 8.099780395732603111e-02 8.717300805674199626e-02 7.965007152723108108e-02 7.774982801721640191e-02 6.790933135168139567e-02 6.447374852345277851e-02 7.180967229975186716e-02 7.152345910773745541e-02 9.110176594860885935e-02 1.034131619541001496e-01
8.685020914181752760e-02 9.866782485720024254e-02 1.245509240645321369e-01 1.514237611481420998e-01 1.166098211633800619e-01 8.145898435857086561e-02 6.014415538844587739e-02 4.831118593646976239e-02 3.817045440797880995e-02 4.939891965101015497e-02 6.794267210976594196e-02 7.647108777268679658e-02
9.128560013283372465e-02 7.926382943936249870e-02 7.384623305582768693e-02 7.445672861538421561e-02 7.708508842939232331e-02 6.513377855410483475e-02 6.771671175701390877e-02 8.176127118001942640e-02 9.206687969071103428e-02 9.017600337087583462e-02 9.956683272336916413e-02 1.076410430511051675e-01
6.214870724055066020e-02 7.560918591057555482e-02 8.477480783056595692e-02 1.363141479651214794e-01 1.077340390448748436e-01 1.106266291595392470e-01 1.030953407881393113e-01 7.677726422994857192e-02 5.756190156164422284e-02 6.922391300362730482e-02 5.943324434530828509e-02 5.670081892010451347e-02
1.080657094259862699e-01 1.094872272750671838e-01 9.482590200647837697e-02 7.302421428311159368e-02 7.924367898636174024e-02 7.539791488312988510e-02 6.757968633060656982e-02 5.983045096204354929e-02 5.630284156496197234e-02 6.570612755143737105e-02 9.445671959343979185e-02 1.160795271373758625e-01
7.693497233766199983e-02 1.080863309371792452e-01 1.186091847159524426e-01 1.154611329510797230e-01 1.136727636764282706e-01 9.599574990452212908e-02 7.346397450070443758e-02 6.286413753884675937e-02 5.987661502100249250e-02 6.165394731854323407e-02 5.386015324131183946e-02 5.952103785676762793e-02
1.284181685663032813e-01 9.956216720962055011e-02 7.391704395590337207e-02 6.603811732233466625e-02 5.366766310008575652e-02 5.158269318871108733e-02 4.787436082484712585e-02 6.849233466768166190e-02 8.849542784029204578e-02 9.583359241217435931e-02 1.092217378531614436e-01 1.168966930588849762e-01
7.802997412965395618e-02 7.852219762856618712e-02 6.592756228361947024e-02 7.010607143555036558e-02 7.737857981468035384e-02 9.265981070374998407e-02 8.360340107075513172e-02 1.045962178211195248e-01 9.527857974917788852e-02 9.000601448653985925e-02 9.260695480735302298e-02 7.128463606923442220e-02
9.993828619611849762e-02 9.986976097156670396e-02 8.808228675157236953e-02 7.925225417719417020e-02 8.219118331922323217e-02 9.252026896759643626e-02 8.555317197749913449e-02 7.821202366875895651e-02 6.669259018560852459e-02 6.508518794420301012e-02 7.641003662818450504e-02 8.619294921247447339e-02
7.582876329135990190e-02 7.298988936092007385e-02 6.784366100568198221e-02 6.319822893541235387e-02 7.215941548421903051e-02 8.154256958115781162e-02 9.487446220393747076e-02 9.648548986983328246e-02 9.122825638430387407e-02 8.816517848814586777e-02 1.033931999588431072e-01 9.229088543618538254e-02
8.267442508118258426e-02 7.291010594097441233e-02 7.444418792334024648e-02 7.780176872908443897e-02 7.084504417629636230e-02 7.271376480658485464e-02 7.652125106145238331e-02 8.780791932976508840e-02 8.809664580624609886e-02 9.458217380757592829e-02 1.001852478893583143e-01 1.014174654481394544e-01
9.857838210866934348e-02 9.735980760988664773e-02 7.192891576717735935e-02 7.037393898457364183e-02 6.321494536004977627e-02 8.489070224947441179e-02 7.983343837142986565e-02 7.473525645675038742e-02 9.416082129483149821e-02 9.712286211659590385e-02 8.412658199906510037e-02 8.367434768149652202e-02
1.026913831166216540e-01 9.621782983195897865e-02 7.636973418955093906e-02 5.591023254357932459e-02 5.813374515411175864e-02 7.194036425030682358e-02 8.498011139900357724e-02 8.091628895199462490e-02 6.902520428452868506e-02 7.935282267500776143e-02 1.108844486512874511e-01 1.135778349520487063e-01
6.823511617045940891e-02 6.634763315119894533e-02 8.678994459320409083e-02 7.877028236231597980e-02 6.983033872781971296e-02 7.832457630559781780e-02 1.060314722978054763e-01 1.063602725200511190e-01 9.403475891984061641e-02 9.145526108109025554e-02 7.888444362602722859e-02 7.493590024458929300e-02
8.604138595689753144e-02 1.071906185140930473e-01 9.660375806639499852e-02 8.259783284085175925e-02 9.422720438262638387e-02 8.656486444724156848e-02 9.021662419193274274e-02 8.033604303412456016e-02 6.227902149541326982e-02 5.966652660828278276e-02 6.679585935868573299e-02 8.748026110345567818e-02
6.635518906195864153e-02 6.398198754902742480e-02 6.364998606004446113e-02 7.560388347505474227e-02 1.102578764527414046e-01 1.022808350422901857e-01 9.148225510654384163e-02 8.657364197675312956e-02 9.332496594156325376e-02 9.261485405059532994e-02 8.209172520418735186e-02 7.178280007924045525e-02
6.935573023107963198e-02 7.880786258163186009e-02 7.758930251525780752e-02 7.927592665171098729e-02 6.715197738161760022e-02 7.964153519259067893e-02 7.841940012052389664e-02 7.948786660554188477e-02 1.041528671686955676e-01 1.095730325216079937e-01 9.106722981815537632e-02 8.547726921158672886e-02
5.175693807617762210e-02 7.328769268614995780e-02 9.137595828003608478e-02 9.952870372941316490e-02 9.801324173218864400e-02 1.094864423721546576e-01 9.034334135135377308e-02 8.614008931448190187e-02 9.742243629602620469e-02 8.349181356232399098e-02 6.806492908410897991e-02 5.108841351558504607e-02
1.007320747893453716e-01 9.650076757992526177e-02 9.181307534798319181e-02 7.738091966023602497e-02 7.864660811809978669e-02 9.088860354004738018e-02 7.406251463232274568e-02 6.568079815529344334e-02 6.727394549236671850e-02 6.874151736559516723e-02 8.154461820335616451e-02 1.067345571154288547e-01
6.876729951014839970e-02 6.553052097612138693e-02 7.277133592729095879e-02 8.766286378704481186e-02 1.020480999224063490e-01 1.097089399217954647e-01 1.097114108756653966e-01 8.744550049544597137e-02 7.956053953483033236e-02 7.879939353816292624e-02 6.700449816671080749e-02 7.098959734437750024e-02
1.166227866797976548e-01 1.084234330981813099e-01 9.264047126245728014e-02 7.221381848437209705e-02 6.493170932379098426e-02 5.329476783068741452e-02 4.969280214145781194e-02 4.874164381800636520e-02 6.647489458304914334e-02 9.328566625830798931e-02 1.232465244178586744e-01 1.104314821020334070e-01
6.166492134049224305e-02 7.804788286684141707e-02 8.792474592087980156e-02 9.194275034943125147e-02 9.761944663126298494e-02 9.935238398577894703e-02 1.116664602784686877e-01 1.055107151094631379e-01 9.318941288073551155e-02 6.832103152250819378e-02 5.339184187339535842e-02 5.136840724074238224e-02
8.108110408899994737e-02 7.260055468280238178e-02 6.881378936871995755e-02 7.689529093578496843e-02 8.605908512063308036e-02 8.145831001997874687e-02 8.487193280227880998e-02 9.008192037274341535e-02 8.357876023215017602e-02 8.911462977519196693e-02 9.741392003337540073e-02 8.803070256734110699e-02
7.511714386520318421e-02 6.533362441163653722e-02 6.715662857095987259e-02 7.514950509464694839e-02 8.058732950609537316e-02 8.863102142937148709e-02 9.202591722847289213e-02 9.615866835072545138e-02 8.431414455506172634e-02 9.084951258330979662e-02 8.406049386675421009e-02 1.006160105377624792e-01
9.066337123629603090e-02 8.128306629287865293e-02 7.025021033412860716e-02 6.734688776490217743e-02 7.226593431849318017e-02 6.772419967494666682e-02 7.034879072704899872e-02 8.199486291807131511e-02 8.965782841475598841e-02 1.122220252050732808e-01 1.055260631889421985e-01 9.071675992446290304e-02
7.558646810106264824e-02 7.323018776482825842e-02 8.286976471122145527e-02 8.710948510643556908e-02 1.009899884314805207e-01 1.053775521975167662e-01 9.265240678126411555e-02 7.055228910448249624e-02 7.210521857119717160e-02 7.194213841254162856e-02 8.583919869479723908e-02 8.174530212317206168e-02
6.708659537876227041e-02 7.222576947914884082e-02 7.943494360809455479e-02 9.129991027977329976e-02 6.446263917289361822e-02 7.724541711201640681e-02 9.984689957607018052e-02 9.916069383929856929e-02 9.967718199739777907e-02 8.801447740338314008e-02 8.773999618644913456e-02 7.380547596671248323e-02
7.615049177383730050e-02 8.414008333590494715e-02 8.155269238119447484e-02 8.862343736265985983e-02 9.628648726060884400e-02 9.342221177881666894e-02 9.049260240039000425e-02 8.812192724366829655e-02 8.335193194526571703e-02 7.850064415730290124e-02 6.784167475908672862e-02 7.151581560126452075e-02
6.803052422547940792e-02 6.686929974690100642e-02 7.656507825435474035e-02 7.986564727767520022e-02 9.026955379865442275e-02 9.219408978051349401e-02 8.063195985573867741e-02 8.456179456599971500e-02 9.479652105464625444e-02 1.012314355021710910e-01 8.821481825821710088e-02 7.676927767964908389e-02
8.889909196788203793e-02 8.410737493465011982e-02 8.325631227703250703e-02 8.856345176385395368e-02 6.767614243285802189e-02 7.129671794055178480e-02 8.618033195316393558e-02 7.003567159460805103e-02 7.415663243956011064e-02 9.206512637549352229e-02 1.008648934293985555e-01 9.289825289094741367e-02
1.079073897524059356e-01 8.829280148263908556e-02 7.676451826203189999e-02 8.784708537618013402e-02 7.132221104413646873e-02 5.275926466894005629e-02 4.954461121724735434e-02 6.409783870358230773e-02 8.252762316263986819e-02 9.066253599806359253e-02 1.112078798265290769e-01 1.170662405056039912e-01
6.023271113622379047e-02 6.742821646708126171e-02 7.735333705106807456e-02 9.783739298016516650e-02 1.020528904326471753e-01 1.039561386376255392e-01 1.019223104172739536e-01 8.669672328908764602e-02 8.279701795720861845e-02 8.298992548739517194e-02 6.881935238029457391e-02 6.791398376392893121e-02
1.097441340374583352e-01 1.019611645287763491e-01 8.871901974420172421e-02 8.261189929684174815e-02 7.981589424542984146e-02 7.355721361008205061e-02 8.018861379671264611e-02 9.487654940899700740e-02 8.078274490514826545e-02 5.183294219202744246e-02 6.024412510198590143e-02 9.566569913233867462e-02
8.624648524167596864e-02 1.085139581886755133e-01 1.136498336477401033e-01 1.036391895643285349e-01 8.123864734318524128e-02 5.885629715908421988e-02 5.140741039578894389e-02 5.374420990151602268e-02 6.606571838411290365e-02 8.047135839492648712e-02 9.532124607472208799e-02 1.008456457042441606e-01
5.951769059356355057e-02 7.979354206648528458e-02 9.414441971267947795e-02 7.982111213423097318e-02 8.646804867553845031e-02 8.226467771705360532e-02 8.797728513911931558e-02 1.035306014304772926e-01 9.202880036253388574e-02 8.320705009148220144e-02 8.436909642616252647e-02 6.687767565067366526e-02
7.708699839797725217e-02 7.283302599504495878e-02 6.789314398425605468e-02 7.781163949345278052e-02 9.545806236372259002e-02 9.830308073061305718e-02 8.479370243222715542e-02 8.814165365785797679e-02 8.843229734750596149e-02 8.858097648226861964e-02 7.995032839650140222e-02 8.071509071857256579e-02
9.365292196073986275e-02 8.489126826759224587e-02 7.486307423316176934e-02 6.632676168256805560e-02 8.878209948278703578e-02 8.675104819244142118e-02 9.857917858535630851e-02 9.220983466783233551e-02 8.090838239059972015e-02 7.761356729118920605e-02 7.273805849072340068e-02 8.268380475500868021e-02
9.754071266100755588e-02 1.138063894647133589e-01 1.473682912184323957e-01 1.127617437357947006e-01 7.589948204360102979e-02 5.613679610042830725e-02 4.984155047970958291e-02 5.010537700804845729e-02 5.648608332870284215e-02 5.893144163604871477e-02 9.227757214963600019e-02 8.884456017387723503e-02
8.159250955079458412e-02 7.330030858162264740e-02 7.363935530952528397e-02 9.326231771683723970e-02 1.113536636777392175e-01 1.143667332354769278e-01 1.038690226540825712e-01 9.590908030809372486e-02 6.448087007354659506e-02 6.075130949231198618e-02 5.618731622761573286e-02 7.128751317235360041e-02
7.937058029118210234e-02 7.517755394943057001e-02 7.280908754720849529e-02 7.069763347360255579e-02 5.907875825815628312e-02 6.649299190863586229e-02 6.957858360743615633e-02 7.721099892711497104e-02 9.434691714210101388e-02 1.135406732797478169e-01 1.239277916789037759e-01 9.776842993648042490e-02
1.152098029891072267e-01 9.904142692612889765e-02 7.891387334025176670e-02 7.008675208401787815e-02 7.292727955944072749e-02 7.326754601959312163e-02 6.753754450381421748e-02 6.681913083175206047e-02 6.916405814313586475e-02 8.846878892412077255e-02 9.085217252625699125e-02 1.077116241523803641e-01
8.668245747819343372e-02 1.079581208726471953e-01 1.127745148026276512e-01 8.872619863999653411e-02 7.586443660506005104e-02 7.515074773138574749e-02 8.245278947169788764e-02 7.278853943910321145e-02 6.537257695393638990e-02 7.134493838108109387e-02 7.863047909636591837e-02 8.225420052790508030e-02
5.778849617446941977e-02 5.057162463456528478e-02 5.802511385919784104e-02 8.188559119363217342e-02 1.033352173540918600e-01 9.328843936933649272e-02 1.080709396335985950e-01 1.034472936543396476e-01 1.017886871651782071e-01 8.077447945219348724e-02 8.591231230415327658e-02 7.511180520524368687e-02
7.632787910224290984e-02 9.139154876132134231e-02 1.215109041974901799e-01 1.195761821785999990e-01 8.493920230877466393e-02 6.664831754149985743e-02 6.579759552413637358e-02 7.083542474857935922e-02 7.990998801891381620e-02 6.938054539854784930e-02 8.205947459554878420e-02 7.162293762434504552e-02
1.125080597911083391e-01 1.112757287021337443e-01 1.017141179262330553e-01 9.558427484101382487e-02 7.852212530129432100e-02 6.249640956259810282e-02 5.923060569247622087e-02 6.224790504167996424e-02 6.732131605692534548e-02 6.817060034627760168e-02 7.279781599644201406e-02 1.081310407418176328e-01
6.763737334731222128e-02 7.206222681532381547e-02 7.870764602401643384e-02 1.106968813279467084e-01 9.688346347919607471e-02 9.458817914071510069e-02 1.013108615793373440e-01 8.573786483713702333e-02 7.876872327158129794e-02 7.099952383883773033e-02 6.824523804616725031e-02 7.436201829242899963e-02
1.008036503552083712e-01 7.378762201927346887e-02 5.212196499191108084e-02 5.638397145894605278e-02 6.951014856739627656e-02 6.655281817243488551e-02 8.121527904553908772e-02 9.195854383717151637e-02 9.378047229602266832e-02 9.339943003338876948e-02 1.001594790793893242e-01 1.203266201433186577e-01
7.300442948794427789e-02 7.028544378228215872e-02 7.843072894724706368e-02 7.668744511003700026e-02 8.791457877461263115e-02 9.789263559770075562e-02 8.684562051084498968e-02 9.812309038494823610e-02 9.499460255190447788e-02 8.346566893573309498e-02 7.786306704709856918e-02 7.449268886964649505e-02
5.767815139701593097e-02 7.230199442464274595e-02 9.160179337311416536e-02 9.423140865299665936e-02 9.747187153651692970e-02 9.997548412135656704e-02 9.307901161382350907e-02 8.172494921729740736e-02 7.305480604184030891e-02 9.154151140401128872e-02 8.426354456338773502e-02 6.307547365399693295e-02
5.207293598956465319e-02 4.251282931055896941e-02 4.134300517213546078e-02 4.692162718635615321e-02 6.106981931141964443e-02 8.638802168274910265e-02 1.077192412670418264e-01 1.303005971598824031e-01 1.299981964320593431e-01 1.161372931061153274e-01 1.035810846885303615e-01 8.195534869358675478e-02
8.286529085565337571e-02 6.576367840952915267e-02 6.633601101342603834e-02 5.582436849758629083e-02 6.349171727023314449e-02 6.336274014231797758e-02 8.693658772398296652e-02 1.328547928838655079e-01 1.200624309065737305e-01 1.046414323946283781e-01 7.927610121422787315e-02 7.858484868797577239e-02
8.177429890758368403e-02 7.810183978305411390e-02 8.206049337995563464e-02 8.080355152172216671e-02 9.005485637824620082e-02 8.409669169797524824e-02 7.194758986089615227e-02 8.440830253387379689e-02 9.519546547394647229e-02 7.925000456766934098e-02 8.046348393125564435e-02 9.184342196382141998e-02
8.571581298176894625e-02 1.033766173722521775e-01 1.298284144911940330e-01 1.170202138991627422e-01 1.243738172742588494e-01 9.332946276711101552e-02 7.169381743848653177e-02 5.545099964382510516e-02 4.986636186903323220e-02 4.721951724008246337e-02 5.531010814195186365e-02 6.681485688087303310e-02
6.977455806452843856e-02 6.332745631585467994e-02 5.982093641013489643e-02 6.808858761892055966e-02 8.189904107452652959e-02 9.606552123970041324e-02 1.103780123171360372e-01 9.476336418850579701e-02 8.711704975396589168e-02 1.057943464563814023e-01 8.373421214445520011e-02 7.923691441589036932e-02
6.142843839055474320e-02 4.589825101254908085e-02 3.380635332853435676e-02 4.604241125948886626e-02 7.577606266113559585e-02 1.097536905914501815e-01 1.527103394718574148e-01 1.185886965487228384e-01 9.642392565811483407e-02 1.084211672456633357e-01 8.274966757222962377e-02 6.840099625969919828e-02
8.793824842767444805e-02 8.975183563395863762e-02 6.202874616683893422e-02 6.115577275033771965e-02 6.288679145879501331e-02 6.788158130973848126e-02 6.763164445725863838e-02 6.681133477165776546e-02 8.820478187188883490e-02 1.152630617494333487e-01 1.142406332853782430e-01 1.162055681170396926e-01
7.431375125095589229e-02 7.349227838388155964e-02 8.898496511878309367e-02 8.424012230531223444e-02 7.165230060994132177e-02 6.756237186424718377e-02 7.646606291206355099e-02 1.022511316652844060e-01 1.078261733178672022e-01 8.836591593649749388e-02 7.869048370358555644e-02 8.615444293158072697e-02
1.137241259522063647e-01 1.170297567937038097e-01 1.019796169400208063e-01 9.030784960226240221e-02 7.281626086117781727e-02 6.174255993921663049e-02 5.568190122447531226e-02 6.112867530242781233e-02 6.803770414927082233e-02 7.259949775320667653e-02 8.693812561597444311e-02 9.801392586605708890e-02
6.409852482143157948e-02 7.265398288331381682e-02 6.104776116614039905e-02 6.565242198455864542e-02 8.753427524047582842e-02 8.664524804937494273e-02 9.789406174552238438e-02 1.061372411958365902e-01 1.091190155870984252e-01 1.089479481369370895e-01 7.757425407004535367e-02 6.269526511926507006e-02
8.213913830956803830e-02 7.867103056783719683e-02 7.369994205031066281e-02 6.335506746926533594e-02 6.057146542114091176e-02 6.974321416614923108e-02 7.127188681265586578e-02 8.580199235828740723e-02 9.090576543323361514e-02 1.069264171779951977e-01 1.181024341697581304e-01 9.881164606379851112e-02
7.627235637276974511e-02 7.546626509219164780e-02 7.291697571781392828e-02 8.184310491581764380e-02 9.200140832871278596e-02 1.068469391486390196e-01 9.364874928990939151e-02 9.739253753945117942e-02 7.508610594865955390e-02 6.536534689909158369e-02 7.446929655086870214e-02 8.869091419607527671e-02
6.263405643957548063e-02 6.049775907939394792e-02 5.042295656700843121e-02 5.533138057175795987e-02 6.683746811422679179e-02 7.756322445805799437e-02 8.733398116094381880e-02 9.435052523021067450e-02 1.089499424403363170e-01 1.296052919221881428e-01 1.278103821785584460e-01 7.866303183774217556e-02
5.899695702398186081e-02 7.321867783859647982e-02 9.711299893646335724e-02 1.427026882675641595e-01 1.269298151845137945e-01 1.000842923257719425e-01 9.372520061087193100e-02 7.659147359523044152e-02 5.696249710750116158e-02 5.612381782179558243e-02 5.919275957644594410e-02 5.835882171126354628e-02
1.079622551387664775e-01 1.047643324578091117e-01 1.027793615573260877e-01 9.852375420621845015e-02 8.138328391124916017e-02 6.093068284531696910e-02 5.475141427436262809e-02 4.704862856185347553e-02 4.822108593518698028e-02 6.991843903225378187e-02 1.121338584380665027e-01 1.115829036415905140e-01
7.186998419565654439e-02 6.582852592547139281e-02 7.305601033326367122e-02 5.911724174851445968e-02 7.379519976684059679e-02 7.185673067410663917e-02 8.313108724021361917e-02 9.269472825189997711e-02 1.062834268850895020e-01 1.136766744361508430e-01 1.051290034796695805e-01 8.356138706312341013e-02
9.446597003236702206e-02 8.681943328652390324e-02 8.259342908294094177e-02 6.629456035845637807e-02 6.595758979293142588e-02 5.905773176903567068e-02 7.864502298199843588e-02 1.086998665447547197e-01 9.759303484129305817e-02 8.798602074268660478e-02 8.321000192172503529e-02 8.867733864528673515e-02
5.144343396606638336e-02 6.182826798725336859e-02 7.119165305631831864e-02 9.003711983944373554e-02 1.034842332579998109e-01 1.090019098108219175e-01 1.103713193582103319e-01 1.047104404552454820e-01 9.460458309998256987e-02 8.748454993987672679e-02 6.462217462453512251e-02 5.122031460424633642e-02
7.465872079430940778e-02 8.306924500381324128e-02 9.312332727875713423e-02 7.306562356323863250e-02 6.445024667474197333e-02 6.397855079870534700e-02 7.551844807350380218e-02 8.073528388954173685e-02 8.553585459166893057e-02 1.060616330459396017e-01 1.068141287179210919e-01 9.298893756785882314e-02
7.572744534705183606e-02 7.564796381326704955e-02 7.587046616934173260e-02 8.805627628635662174e-02 9.412367594028699103e-02 9.032654576219004139e-02 8.937621063014988820e-02 8.946700274436664158e-02 8.411931788028885471e-02 8.927999760258664708e-02 7.685762408594028205e-02 7.114747373817358056e-02
7.106226022934963860e-02 5.815675741731719112e-02 5.184766566166716661e-02 4.929153943735949117e-02 6.844102317400205249e-02 1.001338111532151520e-01 1.042288670845049614e-01 1.035983687382608098e-01 9.363083925041798539e-02 1.048476831535521819e-01 1.096735899256329749e-01 8.508759477472047084e-02
1.072542104320508838e-01 9.288679274458799817e-02 7.592306652267366562e-02 6.272388976824319617e-02 6.204067011734170495e-02 6.278601627733366997e-02 5.880380255172580617e-02 6.873246492920324913e-02 8.176533651250185442e-02 1.039870767981708466e-01 1.158963992614815697e-01 1.072002740846856039e-01
4.688649951788664144e-02 6.029178627513988309e-02 9.250593494744378809e-02 1.169645605588405246e-01 1.074787990180432751e-01 1.110058268689248229e-01 1.179111901434037185e-01 1.007429042601251518e-01 8.266168049413882835e-02 6.339763956112595689e-02 5.408174762088700793e-02 4.607143073404067202e-02
8.595838271884946591e-02 8.263149877071734872e-02 9.589455437740306010e-02 8.863191363079907237e-02 7.098226949911609629e-02 6.671512721925013101e-02 8.103191291259576046e-02 9.026561331957333456e-02 7.793140042975650605e-02 8.674869452395875258e-02 8.796580620208399592e-02 8.524282639589678134e-02
6.322533713823197399e-02 7.774093721737793117e-02 8.435881775669080984e-02 9.880721388777367886e-02 1.106393273863760518e-01 9.722695409965005642e-02 9.391231152067169852e-02 9.143116522635633125e-02 8.450372945938448843e-02 6.590681445285523354e-02 6.723468254756115314e-02 6.501270930707081508e-02
8.542652922494692325e-02 8.126373852765092498e-02 8.013530542087207720e-02 6.647110566822174438e-02 6.295528319983510757e-02 7.176484901557088347e-02 7.935801689559179861e-02 1.038536405651379613e-01 8.532781144314957600e-02 9.115927453163255589e-02 9.696506916315224267e-02 9.531937634423838512e-02
9.380900175453235623e-02 8.663390567288126176e-02 7.976379353153455198e-02 8.333500823253887912e-02 7.922049348999322949e-02 8.203504054675898882e-02 8.905646320738355715e-02 7.956563893353907346e-02 7.169840835452109817e-02 7.543861766554132986e-02 9.293851347661830076e-02 8.650511513415742870e-02
8.773998677912248079e-02 9.578105094036708234e-02 9.660122928652192797e-02 8.739389941531171269e-02 9.848868459874569881e-02 9.337315619546909806e-02 7.311809597693641471e-02 7.969896091425671125e-02 7.392568222905462894e-02 6.872941131571580486e-02 7.216288986039776088e-02 7.298695248810069258e-02
8.647086912915138979e-02 7.548822196361384962e-02 7.555955058807600766e-02 7.839634344634685559e-02 8.675864861092646985e-02 9.037188839702994803e-02 8.457171121749565423e-02 8.115525666750761369e-02 7.716415459731147675e-02 7.902913326530078275e-02 9.069660131916053303e-02 9.433762079807954393e-02
9.728361649285180435e-02 8.790539009266160053e-02 8.382287466065969916e-02 7.253898422683234537e-02 6.104617056022711152e-02 5.497333772181886569e-02 5.690368811491675061e-02 6.172500363081254160e-02 8.170575471935376255e-02 1.194956150869707495e-01 1.177356852533857912e-01 1.048638794395090890e-01
6.283173816671067113e-02 8.429328284355253054e-02 1.030701930243847486e-01 9.562568538025101317e-02 8.709241842855847127e-02 8.474680239273908733e-02 7.842891903208493165e-02 8.421534716954151567e-02 8.615371469653522463e-02 9.149940097398909233e-02 7.960275213496459390e-02 6.243974575668820998e-02
8.957273593074459306e-02 1.045000766578575713e-01 1.080422924802553197e-01 8.308188061421278858e-02 8.123199708684758491e-02 7.316912882895111603e-02 7.253319588160314635e-02 6.344239872509288558e-02 6.810187164148431838e-02 8.138905278822386458e-02 8.471814149513928749e-02 9.021722786958766283e-02
7.514653423042086389e-02 7.361876423717281237e-02 6.902708785867386898e-02 6.541821175633029395e-02 6.109944256532704593e-02 8.651900805682219420e-02 1.067756769507154091e-01 1.229184898985446889e-01 1.023331115896015248e-01 8.355603213682982755e-02 8.114504189480925556e-02 7.244259882475206913e-02
8.236527447017601145e-02 6.941033624941254920e-02 6.191674100104622991e-02 5.596104530428925444e-02 5.117552573271758054e-02 5.714342342951949510e-02 6.318948013198766311e-02 7.865336274229681179e-02 1.001706082749908022e-01 1.285364198582702733e-01 1.354672578161582597e-01 1.160105249891349166e-01
7.157570709222790817e-02 7.749905248489040444e-02 7.943961768988075378e-02 8.146616232309009109e-02 9.505140488080254801e-02 9.989878033494953291e-02 7.691907874652098576e-02 6.515929854772029017e-02 7.769661045883774486e-02 9.145897335834260455e-02 8.825020643684887423e-02 9.558510764588816488e-02
1.019162795548119171e-01 1.016551503434452441e-01 8.484178886384097229e-02 6.745385269639875281e-02 6.964130805473844887e-02 6.858472216816481615e-02 6.447457139520265668e-02 6.374441489617904688e-02 8.098818648824726574e-02 8.519424385863527682e-02 9.911226645675677571e-02 1.123932152235789655e-01
1.025516086703503749e-01 1.175433965230171934e-01 1.124026880682437446e-01 9.344777423760730617e-02 7.148544577277644863e-02 7.008980629867697654e-02 6.013143649955036973e-02 5.810295267891121829e-02 6.582913241656979109e-02 7.683217214411339202e-02 8.562055710275015552e-02 8.596302958743304301e-02
7.171957440299184250e-02 8.412640817721142583e-02 9.672373993355160016e-02 8.370004799348357283e-02 7.818644483892345232e-02 8.216896487380950798e-02 8.543418012378221904e-02 8.355065121826753261e-02 8.851757618592973054e-02 9.061675719791370542e-02 8.100833972782513215e-02 7.424731532631037578e-02
8.412536783854243638e-02 8.361215254972356736e-02 9.931519445127420798e-02 1.004653500238344432e-01 8.072549635066510187e-02 6.138405379432677195e-02 7.382989597439554297e-02 7.010343802664470436e-02 7.903487342256626524e-02 9.882484264738915225e-02 8.440705360924893874e-02 8.417228131138893010e-02
9.913239047883194710e-02 9.944687791712697456e-02 7.945721384381576602e-02 7.121607820007627709e-02 6.003261622272044323e-02 5.331904081288411923e-02 6.207519142001148571e-02 7.002196272370439512e-02 7.607870360404984933e-02 1.101537128260873799e-01 1.030199566280667889e-01 1.160462553226247473e-01
6.540184561176527744e-02 9.326338576781600942e-02 1.088812816759781588e-01 8.813037871703888193e-02 9.054673535136378848e-02 8.342346693773348976e-02 8.582974426929153300e-02 8.713280232200680542e-02 7.796845092892647211e-02 7.555656002060720522e-02 7.843686696024551597e-02 6.542848143722693188e-02
1.043164389545530452e-01 9.565654078957322448e-02 8.998807366018653220e-02 7.475330293525252190e-02 6.668154752618757342e-02 6.293406984724593534e-02 6.543889475107472764e-02 7.177135543380297467e-02 8.140455619413564103e-02 7.743342197426217322e-02 9.690584431535258225e-02 1.127159536183733046e-01
1.022478496514822449e-01 9.655916762281374632e-02 8.547579934691945658e-02 9.203623375172356735e-02 1.060353812228268522e-01 9.111705444543655164e-02 7.068055623994679015e-02 6.664191414812170589e-02 7.409143939550202895e-02 7.335365822657061163e-02 6.553658855615775158e-02 7.622435739249874831e-02
1.178019004752459686e-01 1.499704303423671503e-01 1.124789253968438429e-01 7.890583889511328108e-02 7.027116165932952019e-02 5.912800850618811499e-02 5.856474416459964139e-02 5.995416252610380470e-02 6.316025626191501541e-02 6.542673626120069919e-02 7.289903966807645408e-02 9.143879584301682628e-02
8.025364238768675773e-02 8.526000962069546496e-02 7.413774174617107637e-02 8.251890356135421767e-02 7.810570113685440241e-02 6.389603730677170801e-02 7.384424349718199387e-02 1.064822451792242358e-01 1.110664019642744194e-01 9.950827687086424844e-02 7.926924226842051169e-02 6.565755446050113020e-02
6.850018489011405753e-02 7.165468215460762957e-02 7.525340016051465519e-02 7.819952726638201845e-02 7.819285588778057683e-02 8.906616890268520548e-02 7.955848250039018743e-02 8.415892092852551853e-02 1.013210634512664854e-01 1.168332238694117231e-01 8.781552401036687994e-02 6.944596597795517356e-02
5.642796138333826261e-02 4.427493450177898138e-02 3.853440688091068489e-02 5.389615711076925497e-02 7.648420983290241115e-02 8.720950061019955291e-02 1.149756910477476579e-01 1.213395775359357165e-01 1.274603803534726520e-01 1.123899570903986039e-01 9.543430393743194962e-02 7.157291971511450801e-02
