9.429873764945108372e-02 1.039363099707559107e-01 9.100714621911726310e-02 8.018517752005649424e-02 7.485636398283648796e-02 7.364112863802145525e-02 8.276274439480094114e-02 8.800572681091273219e-02 8.764433484009417907e-02 8.609918453468567989e-02 7.797049522146934364e-02 8.322768599991134386e-02
1.039363099707559107e-01 1.155057806994327502e-01 1.013290106747858077e-01 8.916176947217013815e-02 8.294446240482133970e-02 8.120374929155067811e-02 9.082610533246397722e-02 9.620803256059909381e-02 9.557128630607424069e-02 9.382393706945449385e-02 8.512679139585271892e-02 9.121870214430782831e-02
9.100714621911726310e-02 1.013290106747858077e-01 8.957621533458601237e-02 7.920719421221855683e-02 7.389627712675615745e-02 7.242042837497814078e-02 8.096303664190626637e-02 8.558615398015469167e-02 8.474073026660161601e-02 8.286744171610280207e-02 7.488531469399042906e-02 7.997412084313346159e-02
8.018517752005649424e-02 8.916176947217013815e-02 7.920719421221855683e-02 7.078141444448915465e-02 6.658818511104634685e-02 6.564421176683579717e-02 7.361258495311785721e-02 7.778207864862944632e-02 7.673671022718606127e-02 7.459267919571059557e-02 6.687829617104282254e-02 7.084962540887422555e-02
7.485636398283648796e-02 8.294446240482133970e-02 7.389627712675615745e-02 6.658818511104634685e-02 6.346560178773286154e-02 6.320289316015018088e-02 7.132197644186352714e-02 7.546697509040614649e-02 7.422462448212238662e-02 7.167069517049155791e-02 6.362615365088529484e-02 6.668005711337531005e-02
7.364112863802145525e-02 8.120374929155067811e-02 7.242042837497814078e-02 6.564421176683579717e-02 6.320289316015018088e-02 6.380164566846763252e-02 7.265192546887987157e-02 7.713160946450701994e-02 7.572982296659452883e-02 7.268999219015218061e-02 6.389563384707108717e-02 6.620222153927103614e-02
8.276274439480094114e-02 9.082610533246397722e-02 8.096303664190626637e-02 7.361258495311785721e-02 7.132197644186352714e-02 7.265192546887987157e-02 8.360144973515701294e-02 8.918879992552983249e-02 8.757611419878832959e-02 8.373972033650158020e-02 7.305466087375440953e-02 7.499468374616236055e-02
8.800572681091273219e-02 9.620803256059909381e-02 8.558615398015469167e-02 7.778207864862944632e-02 7.546697509040614649e-02 7.713160946450701994e-02 8.918879992552983249e-02 9.587069847976410764e-02 9.443440604401490135e-02 9.026937764526990482e-02 7.847747093857343481e-02 8.015059780998814998e-02
8.764433484009417907e-02 9.557128630607424069e-02 8.474073026660161601e-02 7.673671022718606127e-02 7.422462448212238662e-02 7.572982296659452883e-02 8.757611419878832959e-02 9.443440604401490135e-02 9.372717407685643431e-02 8.996042135523549255e-02 7.830772656178572322e-02 7.995271361065833804e-02
8.609918453468567989e-02 9.382393706945449385e-02 8.286744171610280207e-02 7.459267919571059557e-02 7.167069517049155791e-02 7.268999219015218061e-02 8.373972033650158020e-02 9.026937764526990482e-02 8.996042135523549255e-02 8.714559069100606681e-02 7.636053591910921257e-02 7.836146200784913085e-02
7.797049522146934364e-02 8.512679139585271892e-02 7.488531469399042906e-02 6.687829617104282254e-02 6.362615365088529484e-02 6.389563384707108717e-02 7.305466087375440953e-02 7.847747093857343481e-02 7.830772656178572322e-02 7.636053591910921257e-02 6.783382210785611488e-02 7.044626614483234794e-02
8.322768599991134386e-02 9.121870214430782831e-02 7.997412084313346159e-02 7.084962540887422555e-02 6.668005711337531005e-02 6.620222153927103614e-02 7.499468374616236055e-02 8.015059780998814998e-02 7.995271361065833804e-02 7.836146200784913085e-02 7.044626614483234794e-02 7.439186932520119866e-02
1.014376307490006957e-01 9.460855868540489488e-02 8.955104408103208014e-02 9.235421967122660336e-02 8.260264508175714504e-02 8.651170433303541352e-02 8.982446013576279864e-02 8.734240388719013981e-02 8.614496123504453151e-02 7.954574622461982325e-02 8.317364025075416056e-02 9.300766198522758543e-02
9.460855868540489488e-02 8.903313589672672002e-02 8.476350857858742927e-02 8.765448148772160553e-02 7.833771958180216211e-02 8.183476682265117264e-02 8.465702427550395037e-02 8.196770562681338079e-02 8.051134811346097320e-02 7.409560146077431853e-02 7.730858302748214173e-02 8.645454483418413272e-02
8.955104408103208014e-02 8.476350857858742927e-02 8.162012545701119448e-02 8.502564514142751939e-02 7.620192737744013733e-02 7.962764260632299029e-02 8.218460621793054199e-02 7.921944399607575016e-02 7.737192763467941325e-02 7.076482788437149507e-02 7.340926111544075761e-02 8.181190631330123586e-02
9.235421967122660336e-02 8.765448148772160553e-02 8.502564514142751939e-02 8.956167637578417440e-02 8.076531822780826098e-02 8.468665835170800793e-02 8.739745642472739051e-02 8.396885819430874309e-02 8.156514733014823271e-02 7.407483658391314507e-02 7.627902884089363122e-02 8.454769859283378652e-02
8.260264508175714504e-02 7.833771958180216211e-02 7.620192737744013733e-02 8.076531822780826098e-02 7.368715012833450262e-02 7.791679619919922306e-02 8.069684515703799688e-02 7.746424520985402407e-02 7.493552922921561943e-02 6.758012957330607196e-02 6.901996120754975983e-02 7.595899539008243995e-02
8.651170433303541352e-02 8.183476682265117264e-02 7.962764260632299029e-02 8.468665835170800793e-02 7.791679619919922306e-02 8.337162826982610908e-02 8.688030260492915491e-02 8.349726380689398431e-02 8.056450613283380746e-02 7.222749541715620114e-02 7.320210358302925435e-02 7.997981111062466009e-02
8.982446013576279864e-02 8.465702427550395037e-02 8.218460621793054199e-02 8.739745642472739051e-02 8.069684515703799688e-02 8.688030260492915491e-02 9.135393319745471752e-02 8.815283964768431957e-02 8.509663443957690698e-02 7.608208006764265174e-02 7.675400998625572790e-02 8.343100232223478463e-02
8.734240388719013981e-02 8.196770562681338079e-02 7.921944399607575016e-02 8.396885819430874309e-02 7.746424520985402407e-02 8.349726380689398431e-02 8.815283964768431957e-02 8.575578920580725906e-02 8.314922079924713660e-02 7.443752651518059649e-02 7.504697885581140815e-02 8.139639841884707683e-02
8.614496123504453151e-02 8.051134811346097320e-02 7.737192763467941325e-02 8.156514733014823271e-02 7.493552922921561943e-02 8.056450613283380746e-02 8.509663443957690698e-02 8.314922079924713660e-02 8.131621329770816198e-02 7.319613946664409176e-02 7.405520813170721195e-02 8.040372012319160766e-02
7.954574622461982325e-02 7.409560146077431853e-02 7.076482788437149507e-02 7.407483658391314507e-02 6.758012957330607196e-02 7.222749541715620114e-02 7.608208006764265174e-02 7.443752651518059649e-02 7.319613946664409176e-02 6.660250120611643787e-02 6.797136546923375489e-02 7.417450120804885971e-02
8.317364025075416056e-02 7.730858302748214173e-02 7.340926111544075761e-02 7.627902884089363122e-02 6.901996120754975983e-02 7.320210358302925435e-02 7.675400998625572790e-02 7.504697885581140815e-02 7.405520813170721195e-02 6.797136546923375489e-02 7.026135639194677762e-02 7.731532472501224940e-02
9.300766198522758543e-02 8.645454483418413272e-02 8.181190631330123586e-02 8.454769859283378652e-02 7.595899539008243995e-02 7.997981111062466009e-02 8.343100232223478463e-02 8.139639841884707683e-02 8.040372012319160766e-02 7.417450120804885971e-02 7.731532472501224940e-02 8.599885982428318032e-02
9.211710042358597916e-02 9.498411249345287133e-02 9.942991045196331035e-02 9.359567289451958816e-02 9.080316896741397192e-02 8.244141548106972972e-02 7.700232467969612971e-02 7.829879998157029952e-02 7.750130809873320703e-02 7.620971788879984943e-02 7.572565759674240726e-02 8.104556643476146238e-02
9.498411249345287133e-02 9.898560343903348158e-02 1.042382066872389462e-01 9.821161958506509360e-02 9.505177865398757586e-02 8.588140777183911334e-02 7.973985107616680945e-02 8.063705616692203038e-02 7.949394433920972669e-02 7.799197567955637456e-02 7.748756164350570352e-02 8.312594736601232326e-02
9.942991045196331035e-02 1.042382066872389462e-01 1.110268398165352999e-01 1.051647415371005367e-01 1.018987616340033681e-01 9.184612669312691713e-02 8.489700006873293625e-02 8.541699613062765650e-02 8.380386262729840052e-02 8.188220899403425568e-02 8.110828820360170555e-02 8.689860632747906100e-02
9.359567289451958816e-02 9.821161958506509360e-02 1.051647415371005367e-01 1.008139576671808202e-01 9.833845202379608297e-02 8.879948833719436552e-02 8.197982672085965539e-02 8.222743398956021410e-02 8.032452772794906881e-02 7.808010905729542706e-02 7.692420488108694943e-02 8.202416598090650490e-02
9.080316896741397192e-02 9.505177865398757586e-02 1.018987616340033681e-01 9.833845202379608297e-02 9.707226055847335833e-02 8.818456491326505386e-02 8.160187688187831023e-02 8.181357035597537630e-02 7.969178206801594277e-02 7.709745394816097663e-02 7.549332793087049076e-02 7.998471651221805701e-02
8.244141548106972972e-02 8.588140777183911334e-02 9.184612669312691713e-02 8.879948833719436552e-02 8.818456491326505386e-02 8.098778001600698273e-02 7.544591255905153115e-02 7.588195657889014456e-02 7.389366616517928366e-02 7.127056848397114730e-02 6.941976817901153451e-02 7.307257702582531378e-02
7.700232467969612971e-02 7.973985107616680945e-02 8.489700006873293625e-02 8.197982672085965539e-02 8.160187688187831023e-02 7.544591255905153115e-02 7.103041406191004659e-02 7.190029399725902937e-02 7.017437733813833289e-02 6.761335505057833317e-02 6.560980310054365106e-02 6.867519094738953889e-02
7.829879998157029952e-02 8.063705616692203038e-02 8.541699613062765650e-02 8.222743398956021410e-02 8.181357035597537630e-02 7.588195657889014456e-02 7.190029399725902937e-02 7.341777251138528748e-02 7.197336408694615661e-02 6.942854898278709441e-02 6.726995374941127648e-02 7.016388803687031994e-02
7.750130809873320703e-02 7.949394433920972669e-02 8.380386262729840052e-02 8.032452772794906881e-02 7.969178206801594277e-02 7.389366616517928366e-02 7.017437733813833289e-02 7.197336408694615661e-02 7.104907266120905063e-02 6.880666660409300028e-02 6.676957452197458676e-02 6.960751830466962997e-02
7.620971788879984943e-02 7.799197567955637456e-02 8.188220899403425568e-02 7.808010905729542706e-02 7.709745394816097663e-02 7.127056848397114730e-02 6.761335505057833317e-02 6.942854898278709441e-02 6.880666660409300028e-02 6.710972426324467166e-02 6.544161550260842175e-02 6.841616889381421651e-02
7.572565759674240726e-02 7.748756164350570352e-02 8.110828820360170555e-02 7.692420488108694943e-02 7.549332793087049076e-02 6.941976817901153451e-02 6.560980310054365106e-02 6.726995374941127648e-02 6.676957452197458676e-02 6.544161550260842175e-02 6.437283201056318016e-02 6.774088846057690905e-02
8.104556643476146238e-02 8.312594736601232326e-02 8.689860632747906100e-02 8.202416598090650490e-02 7.998471651221805701e-02 7.307257702582531378e-02 6.867519094738953889e-02 7.016388803687031994e-02 6.960751830466962997e-02 6.841616889381421651e-02 6.774088846057690905e-02 7.201664257087214693e-02
7.267095008835915138e-02 8.047334303563180580e-02 9.227217157759573518e-02 9.615990224930504038e-02 8.485346286832808060e-02 6.593307086144949147e-02 6.860049749275412556e-02 7.146352314892412405e-02 6.846824710200032083e-02 6.792858971277161706e-02 6.656101305838792170e-02 6.791448020013084175e-02
8.047334303563180580e-02 9.028945663308424185e-02 1.043517865540987966e-01 1.088980343674835760e-01 9.564240977022697709e-02 7.364137500753123455e-02 7.584942712270041631e-02 7.843988172049254359e-02 7.482341895107538776e-02 7.410373851405110956e-02 7.271344742387636506e-02 7.455349244587528013e-02
9.227217157759573518e-02 1.043517865540987966e-01 1.220813442684559047e-01 1.279899800067745841e-01 1.121739193867831719e-01 8.580247137684657299e-02 8.768932423106966245e-02 9.012422449294549276e-02 8.558398892629698329e-02 8.451793636449073110e-02 8.286761723098015620e-02 8.510219425972367913e-02
9.615990224930504038e-02 1.088980343674835760e-01 1.279899800067745841e-01 1.356355598575054722e-01 1.192237733030722113e-01 9.107341606923199939e-02 9.283652680315754302e-02 9.512502393505883891e-02 9.003205166978398011e-02 8.861297715867254288e-02 8.662454760533438991e-02 8.876220537991143245e-02
8.485346286832808060e-02 9.564240977022697709e-02 1.121739193867831719e-01 1.192237733030722113e-01 1.059337249226415811e-01 8.143678279765016736e-02 8.341815039770734963e-02 8.561797906318202589e-02 8.094926970260735155e-02 7.943957181107436094e-02 7.730897843837121475e-02 7.877710102264703917e-02
6.593307086144949147e-02 7.364137500753123455e-02 8.580247137684657299e-02 9.107341606923199939e-02 8.143678279765016736e-02 6.354216824992636736e-02 6.591466770518755736e-02 6.809335015209681818e-02 6.447236768676382901e-02 6.313593173182813212e-02 6.111680275255526595e-02 6.178722835078031411e-02
6.860049749275412556e-02 7.584942712270041631e-02 8.768932423106966245e-02 9.283652680315754302e-02 8.341815039770734963e-02 6.591466770518755736e-02 6.947053481031641164e-02 7.237923767512058348e-02 6.871438843025721999e-02 6.720309608490207531e-02 6.473505006887769753e-02 6.492708564386114045e-02
7.146352314892412405e-02 7.843988172049254359e-02 9.012422449294549276e-02 9.512502393505883891e-02 8.561797906318202589e-02 6.809335015209681818e-02 7.237923767512058348e-02 7.608289572848306315e-02 7.251211409232931338e-02 7.096494392707908272e-02 6.820530213000947084e-02 6.808424487260533731e-02
6.846824710200032083e-02 7.482341895107538776e-02 8.558398892629698329e-02 9.003205166978398011e-02 8.094926970260735155e-02 6.447236768676382901e-02 6.871438843025721999e-02 7.251211409232931338e-02 6.952177742299614494e-02 6.825296062088577476e-02 6.564417848065887129e-02 6.543753551865252871e-02
6.792858971277161706e-02 7.410373851405110956e-02 8.451793636449073110e-02 8.861297715867254288e-02 7.943957181107436094e-02 6.313593173182813212e-02 6.720309608490207531e-02 7.096494392707908272e-02 6.825296062088577476e-02 6.738294907393010957e-02 6.502810308160497654e-02 6.492937703934223426e-02
6.656101305838792170e-02 7.271344742387636506e-02 8.286761723098015620e-02 8.662454760533438991e-02 7.730897843837121475e-02 6.111680275255526595e-02 6.473505006887769753e-02 6.820530213000947084e-02 6.564417848065887129e-02 6.502810308160497654e-02 6.317245714958139025e-02 6.340273848997647621e-02
6.791448020013084175e-02 7.455349244587528013e-02 8.510219425972367913e-02 8.876220537991143245e-02 7.877710102264703917e-02 6.178722835078031411e-02 6.492708564386114045e-02 6.808424487260533731e-02 6.543753551865252871e-02 6.492937703934223426e-02 6.340273848997647621e-02 6.421618179472035615e-02
1.064572983106783916e-01 1.014190653450755680e-01 9.109105376818049660e-02 9.279249052305632572e-02 8.751925865172106855e-02 8.584190793759313709e-02 8.033595364093021329e-02 7.882367316233254706e-02 8.400539103038393018e-02 8.496013641214952838e-02 9.699816364957677961e-02 1.043697387928715359e-01
1.014190653450755680e-01 9.774085094547370345e-02 8.839207507219606907e-02 9.036145931010797216e-02 8.520202138835203387e-02 8.333692457258577713e-02 7.762322403970312035e-02 7.571362339622433879e-02 8.022149441058393227e-02 8.073488808410425599e-02 9.188159890208413838e-02 9.890465203873291533e-02
9.109105376818049660e-02 8.839207507219606907e-02 8.099780395732603111e-02 8.352481074086073876e-02 7.901122192862351790e-02 7.724444773660940622e-02 7.168107680302390761e-02 6.950081935426963287e-02 7.313075171614666359e-02 7.307514948263207910e-02 8.266183858085246472e-02 8.871471170121031369e-02
9.279249052305632572e-02 9.036145931010797216e-02 8.352481074086073876e-02 8.717300805674199626e-02 8.294685830750131439e-02 8.123328729341772192e-02 7.523819594483135975e-02 7.261883667981847146e-02 7.594891752391122464e-02 7.535520593693079139e-02 8.467174945551758647e-02 9.046658081703555510e-02
8.751925865172106855e-02 8.520202138835203387e-02 7.901122192862351790e-02 8.294685830750131439e-02 7.965007152723108108e-02 7.838668730213092795e-02 7.268661263693920738e-02 7.005294673550732654e-02 7.301447236946630170e-02 7.206749086916021396e-02 8.051429116087475968e-02 8.559798406579474661e-02
8.584190793759313709e-02 8.333692457258577713e-02 7.724444773660940622e-02 8.123328729341772192e-02 7.838668730213092795e-02 7.774982801721640191e-02 7.238977752005743005e-02 6.987290852276832609e-02 7.277688287856190485e-02 7.162130871313919511e-02 7.968186215750031054e-02 8.431832042775008751e-02
8.033595364093021329e-02 7.762322403970312035e-02 7.168107680302390761e-02 7.523819594483135975e-02 7.268661263693920738e-02 7.238977752005743005e-02 6.790933135168139567e-02 6.588379048344508715e-02 6.880687110734284850e-02 6.771640909757753457e-02 7.519813302307674918e-02 7.928477653987173190e-02
7.882367316233254706e-02 7.571362339622433879e-02 6.950081935426963287e-02 7.261883667981847146e-02 7.005294673550732654e-02 6.987290852276832609e-02 6.588379048344508715e-02 6.447374852345277851e-02 6.773851740764755269e-02 6.686467018604250190e-02 7.429536148148960240e-02 7.815332706186438327e-02
8.400539103038393018e-02 8.022149441058393227e-02 7.313075171614666359e-02 7.594891752391122464e-02 7.301447236946630170e-02 7.277688287856190485e-02 6.880687110734284850e-02 6.773851740764755269e-02 7.180967229975186716e-02 7.130380228641799989e-02 7.948585145847215927e-02 8.358549725525349361e-02
8.496013641214952838e-02 8.073488808410425599e-02 7.307514948263207910e-02 7.535520593693079139e-02 7.206749086916021396e-02 7.162130871313919511e-02 6.771640909757753457e-02 6.686467018604250190e-02 7.130380228641799989e-02 7.152345910773745541e-02 8.029821298190785439e-02 8.466269797723713353e-02
9.699816364957677961e-02 9.188159890208413838e-02 8.266183858085246472e-02 8.467174945551758647e-02 8.051429116087475968e-02 7.968186215750031054e-02 7.519813302307674918e-02 7.429536148148960240e-02 7.948585145847215927e-02 8.029821298190785439e-02 9.110176594860885935e-02 9.657916040955494275e-02
1.043697387928715359e-01 9.890465203873291533e-02 8.871471170121031369e-02 9.046658081703555510e-02 8.559798406579474661e-02 8.431832042775008751e-02 7.928477653987173190e-02 7.815332706186438327e-02 8.358549725525349361e-02 8.466269797723713353e-02 9.657916040955494275e-02 1.034131619541001496e-01
8.685020914181752760e-02 9.192981074711967238e-02 1.014484643217209159e-01 1.097844442062420600e-01 9.588636523576654636e-02 8.043644042351535961e-02 6.960279906079377965e-02 6.288453919981494555e-02 5.636683211681921268e-02 6.446920222721810867e-02 7.596614895402289958e-02 8.112972401512408283e-02
9.192981074711967238e-02 9.866782485720024254e-02 1.099470322427575919e-01 1.194046201442436200e-01 1.039602448512126076e-01 8.666089959015899069e-02 7.445141468035643140e-02 6.681103192257313583e-02 5.952408343224102616e-02 6.776285337348868232e-02 7.970001360774708887e-02 8.528414027058342506e-02
1.014484643217209159e-01 1.099470322427575919e-01 1.245509240645321369e-01 1.363487947119052246e-01 1.185794419999271765e-01 9.830631458445630855e-02 8.385217505206689348e-02 7.469315813760976641e-02 6.606453794382047273e-02 7.474857772817092294e-02 8.761727062629598439e-02 9.374398574260221773e-02
1.097844442062420600e-01 1.194046201442436200e-01 1.363487947119052246e-01 1.514237611481420998e-01 1.321069999807641115e-01 1.093043302905207237e-01 9.282740764859856442e-02 8.224585695932090657e-02 7.231014356148571243e-02 8.136207262747455204e-02 9.500261768403099605e-02 1.014350124780776935e-01
9.588636523576654636e-02 1.039602448512126076e-01 1.185794419999271765e-01 1.321069999807641115e-01 1.166098211633800619e-01 9.694887829254499045e-02 8.243715502430341846e-02 7.297393113017712485e-02 6.400170885941042220e-02 7.179703999794742608e-02 8.357675793102781192e-02 8.892650747020419688e-02
8.043644042351535961e-02 8.666089959015899069e-02 9.830631458445630855e-02 1.093043302905207237e-01 9.694887829254499045e-02 8.145898435857086561e-02 6.967473287316669484e-02 6.185346813705477204e-02 5.429046115421236329e-02 6.087486413261319201e-02 7.073525994253401783e-02 7.499446847097508695e-02
6.960279906079377965e-02 7.445141468035643140e-02 8.385217505206689348e-02 9.282740764859856442e-02 8.243715502430341846e-02 6.967473287316669484e-02 6.014415538844587739e-02 5.369766851926861817e-02 4.729264983320384530e-02 5.312456505336161233e-02 6.170910125867291179e-02 6.523869357513326084e-02
6.288453919981494555e-02 6.681103192257313583e-02 7.469315813760976641e-02 8.224585695932090657e-02 7.297393113017712485e-02 6.185346813705477204e-02 5.369766851926861817e-02 4.831118593646976239e-02 4.278141323670858753e-02 4.823658614585719928e-02 5.609470003845595798e-02 5.920270355238355098e-02
5.636683211681921268e-02 5.952408343224102616e-02 6.606453794382047273e-02 7.231014356148571243e-02 6.400170885941042220e-02 5.429046115421236329e-02 4.729264983320384530e-02 4.278141323670858753e-02 3.817045440797880995e-02 4.328298242145721397e-02 5.046896372404943709e-02 5.324356124568176141e-02
6.446920222721810867e-02 6.776285337348868232e-02 7.474857772817092294e-02 8.136207262747455204e-02 7.179703999794742608e-02 6.087486413261319201e-02 5.312456505336161233e-02 4.823658614585719928e-02 4.328298242145721397e-02 4.939891965101015497e-02 5.780398927743915505e-02 6.102095567052071012e-02
7.596614895402289958e-02 7.970001360774708887e-02 8.761727062629598439e-02 9.500261768403099605e-02 8.357675793102781192e-02 7.073525994253401783e-02 6.170910125867291179e-02 5.609470003845595798e-02 5.046896372404943709e-02 5.780398927743915505e-02 6.794267210976594196e-02 7.188405268280206872e-02
8.112972401512408283e-02 8.528414027058342506e-02 9.374398574260221773e-02 1.014350124780776935e-01 8.892650747020419688e-02 7.499446847097508695e-02 6.523869357513326084e-02 5.920270355238355098e-02 5.324356124568176141e-02 6.102095567052071012e-02 7.188405268280206872e-02 7.647108777268679658e-02
9.128560013283372465e-02 8.458379016038275466e-02 8.063424576565304813e-02 7.983134098563925141e-02 8.037364634781200834e-02 7.357911961340492246e-02 7.486632360314807166e-02 8.229868172022829220e-02 8.790886195585334573e-02 8.816099344859798514e-02 9.387299254249939495e-02 9.860385367741732188e-02
8.458379016038275466e-02 7.926382943936249870e-02 7.609826579237770339e-02 7.558610810287286208e-02 7.608657707401889070e-02 6.941591691834930744e-02 7.024326737666877762e-02 7.674292179837984007e-02 8.149420658664344175e-02 8.133067614899941455e-02 8.635829989754933989e-02 9.079418186131872626e-02
8.063424576565304813e-02 7.609826579237770339e-02 7.384623305582768693e-02 7.381710036999358793e-02 7.447873773950375309e-02 6.785378426028730592e-02 6.840067388722793906e-02 7.434004400603984319e-02 7.847210717449329409e-02 7.783629127569621775e-02 8.224278267267719211e-02 8.631281008879673755e-02
7.983134098563925141e-02 7.558610810287286208e-02 7.381710036999358793e-02 7.445672861538421561e-02 7.548350614645654710e-02 6.884340027339752588e-02 6.930970591969429218e-02 7.508971899206250133e-02 7.888677247336767229e-02 7.778437325542937597e-02 8.172091097949270300e-02 8.546113408582910187e-02
8.037364634781200834e-02 7.608657707401889070e-02 7.447873773950375309e-02 7.548350614645654710e-02 7.708508842939232331e-02 7.057789439492401229e-02 7.118617239342353575e-02 7.709512592699002687e-02 8.078129014960033771e-02 7.928283857932795498e-02 8.284714469228193767e-02 8.625162757949204895e-02
7.357911961340492246e-02 6.941591691834930744e-02 6.785378426028730592e-02 6.884340027339752588e-02 7.057789439492401229e-02 6.513377855410483475e-02 6.609047321830557875e-02 7.181206192480511785e-02 7.525516736866816325e-02 7.364573011516134526e-02 7.659361489842732296e-02 7.932817189369201216e-02
7.486632360314807166e-02 7.024326737666877762e-02 6.840067388722793906e-02 6.930970591969429218e-02 7.118617239342353575e-02 6.609047321830557875e-02 6.771671175701390877e-02 7.405891639810097127e-02 7.781219178281373328e-02 7.606189387288989079e-02 7.881058327267867480e-02 8.119423901106548325e-02
8.229868172022829220e-02 7.674292179837984007e-02 7.434004400603984319e-02 7.508971899206250133e-02 7.709512592699002687e-02 7.181206192480511785e-02 7.405891639810097127e-02 8.176127118001942640e-02 8.635949229669021010e-02 8.453798017916473728e-02 8.746208097376689805e-02 8.975841964259811956e-02
8.790886195585334573e-02 8.149420658664344175e-02 7.847210717449329409e-02 7.888677247336767229e-02 8.078129014960033771e-02 7.525516736866816325e-02 7.781219178281373328e-02 8.635949229669021010e-02 9.206687969071103428e-02 9.060755960169705747e-02 9.394006502508354950e-02 9.628650256922598183e-02
8.816099344859798514e-02 8.133067614899941455e-02 7.783629127569621775e-02 7.778437325542937597e-02 7.928283857932795498e-02 7.364573011516134526e-02 7.606189387288989079e-02 8.453798017916473728e-02 9.060755960169705747e-02 9.017600337087583462e-02 9.417190585227208643e-02 9.676347977215554730e-02
9.387299254249939495e-02 8.635829989754933989e-02 8.224278267267719211e-02 8.172091097949270300e-02 8.284714469228193767e-02 7.659361489842732296e-02 7.881058327267867480e-02 8.746208097376689805e-02 9.394006502508354950e-02 9.417190585227208643e-02 9.956683272336916413e-02 1.029587977917008623e-01
9.860385367741732188e-02 9.079418186131872626e-02 8.631281008879673755e-02 8.546113408582910187e-02 8.625162757949204895e-02 7.932817189369201216e-02 8.119423901106548325e-02 8.975841964259811956e-02 9.628650256922598183e-02 9.676347977215554730e-02 1.029587977917008623e-01 1.076410430511051675e-01
6.214870724055066020e-02 6.823610020028135492e-02 7.137204757542535416e-02 8.908116517064929019e-02 7.876277688622818074e-02 7.930704536761193357e-02 7.649199730955175136e-02 6.650112343741051979e-02 5.817318950544116823e-02 6.423715763862210271e-02 6.003190762521874724e-02 5.912534653210364116e-02
6.823610020028135492e-02 7.560918591057555482e-02 7.959688706915697687e-02 9.966928037598876688e-02 8.787168374544654381e-02 8.799395123098342764e-02 8.435534352899742849e-02 7.293141258867831545e-02 6.349615631810676120e-02 6.990202760751611233e-02 6.533729994632903049e-02 6.453926309914168047e-02
7.137204757542535416e-02 7.959688706915697687e-02 8.477480783056595692e-02 1.069297428099695441e-01 9.422799909743408142e-02 9.400701809858599822e-02 8.961617109910699486e-02 7.699507513024464456e-02 6.661107501328547564e-02 7.297619149899509106e-02 6.808456411776647732e-02 6.728830660903807603e-02
8.908116517064929019e-02 9.966928037598876688e-02 1.069297428099695441e-01 1.363141479651214794e-01 1.204070539700663189e-01 1.200331428708547726e-01 1.140349526733887009e-01 9.748105773430618126e-02 8.384415654760990488e-02 9.140318501075295199e-02 8.503295084119631697e-02 8.392835923235748841e-02
7.876277688622818074e-02 8.787168374544654381e-02 9.422799909743408142e-02 1.204070539700663189e-01 1.077340390448748436e-01 1.083307101660821448e-01 1.032109303040908144e-01 8.809307462878525341e-02 7.546861958439840534e-02 8.190826680235177570e-02 7.585915057850349530e-02 7.452137357626345548e-02
7.930704536761193357e-02 8.799395123098342764e-02 9.400701809858599822e-02 1.200331428708547726e-01 1.083307101660821448e-01 1.106266291595392470e-01 1.061608718665812134e-01 9.071212147925203362e-02 7.754397398836462840e-02 8.387414002849317984e-02 7.731512804745774292e-02 7.550498971504623902e-02
7.649199730955175136e-02 8.435534352899742849e-02 8.961617109910699486e-02 1.140349526733887009e-01 1.032109303040908144e-01 1.061608718665812134e-01 1.030953407881393113e-01 8.853684192507360606e-02 7.580918354907570378e-02 8.197629118079356736e-02 7.535701798683425157e-02 7.325054281879345153e-02
6.650112343741051979e-02 7.293141258867831545e-02 7.699507513024464456e-02 9.748105773430618126e-02 8.809307462878525341e-02 9.071212147925203362e-02 8.853684192507360606e-02 7.677726422994857192e-02 6.614507208440806307e-02 7.177561924326891774e-02 6.596927030709603956e-02 6.396232368229791410e-02
5.817318950544116823e-02 6.349615631810676120e-02 6.661107501328547564e-02 8.384415654760990488e-02 7.546861958439840534e-02 7.754397398836462840e-02 7.580918354907570378e-02 6.614507208440806307e-02 5.756190156164422284e-02 6.288005854474172651e-02 5.791306193680824388e-02 5.611562825210031358e-02
6.423715763862210271e-02 6.990202760751611233e-02 7.297619149899509106e-02 9.140318501075295199e-02 8.190826680235177570e-02 8.387414002849317984e-02 8.197629118079356736e-02 7.177561924326891774e-02 6.288005854474172651e-02 6.922391300362730482e-02 6.396547574445335393e-02 6.203742795594341386e-02
6.003190762521874724e-02 6.533729994632903049e-02 6.808456411776647732e-02 8.503295084119631697e-02 7.585915057850349530e-02 7.731512804745774292e-02 7.535701798683425157e-02 6.596927030709603956e-02 5.791306193680824388e-02 6.396547574445335393e-02 5.943324434530828509e-02 5.785847122739852522e-02
5.912534653210364116e-02 6.453926309914168047e-02 6.728830660903807603e-02 8.392835923235748841e-02 7.452137357626345548e-02 7.550498971504623902e-02 7.325054281879345153e-02 6.396232368229791410e-02 5.611562825210031358e-02 6.203742795594341386e-02 5.785847122739852522e-02 5.670081892010451347e-02
1.080657094259862699e-01 1.080597603749839930e-01 9.931240030805379981e-02 8.581061224485928007e-02 8.784819350728940990e-02 8.493731738359981687e-02 8.048362997974556343e-02 7.642754104173671292e-02 7.518214382595962697e-02 8.227641506523959702e-02 9.956778687038696229e-02 1.113425873784554404e-01
1.080597603749839930e-01 1.094872272750671838e-01 1.012687671322517469e-01 8.767306263345543693e-02 8.971951484197671078e-02 8.651531239799310768e-02 8.162557473762643845e-02 7.708568353638298176e-02 7.535901819495714749e-02 8.199029570044964743e-02 9.885074045746514160e-02 1.105776740369193017e-01
9.931240030805379981e-02 1.012687671322517469e-01 9.482590200647837697e-02 8.268526445610381581e-02 8.494858794058066098e-02 8.191854594357933506e-02 7.706787732608136321e-02 7.240567593825271431e-02 7.029304911618297624e-02 7.590886087532883186e-02 9.096820668727104153e-02 1.014566812685475661e-01
8.581061224485928007e-02 8.767306263345543693e-02 8.268526445610381581e-02 7.302421428311159368e-02 7.566136375948205595e-02 7.318575772448918104e-02 6.879166550472945452e-02 6.437083086551050048e-02 6.208315568352075486e-02 6.651812860262154570e-02 7.914682371444636821e-02 8.782357821768192740e-02
8.784819350728940990e-02 8.971951484197671078e-02 8.494858794058066098e-02 7.566136375948205595e-02 7.924367898636174024e-02 7.702778407110444370e-02 7.246495540138526981e-02 6.765279859395124940e-02 6.493079703234158617e-02 6.912222928080505313e-02 8.172255869679510842e-02 9.020251938074111409e-02
8.493731738359981687e-02 8.651531239799310768e-02 8.191854594357933506e-02 7.318575772448918104e-02 7.702778407110444370e-02 7.539791488312988510e-02 7.116658690285751487e-02 6.648425708418001512e-02 6.371598640560857674e-02 6.762507356515189139e-02 7.965304544742915493e-02 8.755787692916164322e-02
8.048362997974556343e-02 8.162557473762643845e-02 7.706787732608136321e-02 6.879166550472945452e-02 7.246495540138526981e-02 7.116658690285751487e-02 6.757968633060656982e-02 6.336597890024094071e-02 6.084450720118589340e-02 6.460204230899008193e-02 7.600761204016788508e-02 8.331906008416059550e-02
7.642754104173671292e-02 7.708568353638298176e-02 7.240567593825271431e-02 6.437083086551050048e-02 6.765279859395124940e-02 6.648425708418001512e-02 6.336597890024094071e-02 5.983045096204354929e-02 5.776716635472659012e-02 6.157693816015745447e-02 7.257067942542655414e-02 7.945307193424568093e-02
7.518214382595962697e-02 7.535901819495714749e-02 7.029304911618297624e-02 6.208315568352075486e-02 6.493079703234158617e-02 6.371598640560857674e-02 6.084450720118589340e-02 5.776716635472659012e-02 5.630284156496197234e-02 6.048405155269233335e-02 7.161922200343873168e-02 7.845456593095842535e-02
8.227641506523959702e-02 8.199029570044964743e-02 7.590886087532883186e-02 6.651812860262154570e-02 6.912222928080505313e-02 6.762507356515189139e-02 6.460204230899008193e-02 6.157693816015745447e-02 6.048405155269233335e-02 6.570612755143737105e-02 7.838942599903564457e-02 8.608567650429638229e-02
9.956778687038696229e-02 9.885074045746514160e-02 9.096820668727104153e-02 7.914682371444636821e-02 8.172255869679510842e-02 7.965304544742915493e-02 7.600761204016788508e-02 7.257067942542655414e-02 7.161922200343873168e-02 7.838942599903564457e-02 9.445671959343979185e-02 1.042208575520811170e-01
1.113425873784554404e-01 1.105776740369193017e-01 1.014566812685475661e-01 8.782357821768192740e-02 9.020251938074111409e-02 8.755787692916164322e-02 8.331906008416059550e-02 7.945307193424568093e-02 7.845456593095842535e-02 8.608567650429638229e-02 1.042208575520811170e-01 1.160795271373758625e-01
7.693497233766199983e-02 9.075817181690271074e-02 9.412912432068715196e-02 9.168152923113229158e-02 8.982132352211412429e-02 8.205250742530761920e-02 7.182841400439829438e-02 6.668846696216601533e-02 6.546489021855866897e-02 6.698827493358838758e-02 6.337378784336100690e-02 6.734787160532505756e-02
9.075817181690271074e-02 1.080863309371792452e-01 1.125883754023828121e-01 1.096549045113044130e-01 1.070902107844165230e-01 9.734170340696619850e-02 8.474568284550725028e-02 7.828878163137167889e-02 7.657889312962812278e-02 7.823739186387589084e-02 7.408316599331656038e-02 7.898394421414049738e-02
9.412912432068715196e-02 1.125883754023828121e-01 1.186091847159524426e-01 1.162001589314052008e-01 1.136356229856234495e-01 1.030446449026279632e-01 8.930599253753150613e-02 8.207084837526516796e-02 7.989296057815904739e-02 8.132333530039088931e-02 7.682632499232229517e-02 8.182743406509446205e-02
9.168152923113229158e-02 1.096549045113044130e-01 1.162001589314052008e-01 1.154611329510797230e-01 1.137660168402217786e-01 1.033187924797596552e-01 8.933607955351027807e-02 8.174818239413036980e-02 7.918061879010572512e-02 8.019986957086308599e-02 7.539711013482799928e-02 7.993988031199329714e-02
8.982132352211412429e-02 1.070902107844165230e-01 1.136356229856234495e-01 1.137660168402217786e-01 1.136727636764282706e-01 1.038637931829185512e-01 8.990641161784851398e-02 8.212990607445230795e-02 7.927615221247255595e-02 7.993813954749129369e-02 7.473348207570204571e-02 7.874488706540044847e-02
8.205250742530761920e-02 9.734170340696619850e-02 1.030446449026279632e-01 1.033187924797596552e-01 1.038637931829185512e-01 9.599574990452212908e-02 8.356101847241252656e-02 7.649949247438120326e-02 7.381064744990942228e-02 7.424585323995026853e-02 6.909909296224327202e-02 7.237586351289841680e-02
7.182841400439829438e-02 8.474568284550725028e-02 8.930599253753150613e-02 8.933607955351027807e-02 8.990641161784851398e-02 8.356101847241252656e-02 7.346397450070443758e-02 6.765922029699689144e-02 6.545923376847093134e-02 6.584257629650397403e-02 6.111091236350467415e-02 6.371262168396560344e-02
6.668846696216601533e-02 7.828878163137167889e-02 8.207084837526516796e-02 8.174818239413036980e-02 8.212990607445230795e-02 7.649949247438120326e-02 6.765922029699689144e-02 6.286413753884675937e-02 6.113697920401894165e-02 6.162179745243654555e-02 5.714551385049887466e-02 5.940824392979085489e-02
6.546489021855866897e-02 7.657889312962812278e-02 7.989296057815904739e-02 7.918061879010572512e-02 7.927615221247255595e-02 7.381064744990942228e-02 6.545923376847093134e-02 6.113697920401894165e-02 5.987661502100249250e-02 6.058784181216431142e-02 5.625549729865776671e-02 5.844899704437969690e-02
6.698827493358838758e-02 7.823739186387589084e-02 8.132333530039088931e-02 8.019986957086308599e-02 7.993813954749129369e-02 7.424585323995026853e-02 6.584257629650397403e-02 6.162179745243654555e-02 6.058784181216431142e-02 6.165394731854323407e-02 5.743856005798682329e-02 5.979494209959676509e-02
6.337378784336100690e-02 7.408316599331656038e-02 7.682632499232229517e-02 7.539711013482799928e-02 7.473348207570204571e-02 6.909909296224327202e-02 6.111091236350467415e-02 5.714551385049887466e-02 5.625549729865776671e-02 5.743856005798682329e-02 5.386015324131183946e-02 5.637348495765263229e-02
6.734787160532505756e-02 7.898394421414049738e-02 8.182743406509446205e-02 7.993988031199329714e-02 7.874488706540044847e-02 7.237586351289841680e-02 6.371262168396560344e-02 5.940824392979085489e-02 5.844899704437969690e-02 5.979494209959676509e-02 5.637348495765263229e-02 5.952103785676762793e-02
1.284181685663032813e-01 1.124624305509424049e-01 9.588837181705447965e-02 8.950798673745695433e-02 7.990003928411354428e-02 7.771726207525578300e-02 7.448888533429150194e-02 8.873016024351128295e-02 1.011735509069473654e-01 1.066606759380691327e-01 1.158351445903880866e-01 1.216963141679888727e-01
1.124624305509424049e-01 9.956216720962055011e-02 8.534731757770830374e-02 7.983543060862899332e-02 7.121474285273514393e-02 6.909731855676533308e-02 6.596168095997131942e-02 7.822420482715669587e-02 8.881302436009030910e-02 9.325490777689467159e-02 1.009943731708569797e-01 1.061228622523568837e-01
9.588837181705447965e-02 8.534731757770830374e-02 7.391704395590337207e-02 6.956596134950597532e-02 6.220376109733331826e-02 6.036000603311915402e-02 5.750485902053376064e-02 6.798219375707643952e-02 7.686450270033670651e-02 8.027838859190497556e-02 8.646304083699819787e-02 9.051104543719643014e-02
8.950798673745695433e-02 7.983543060862899332e-02 6.956596134950597532e-02 6.603811732233466625e-02 5.932604264386860671e-02 5.769885907850551277e-02 5.497374169593156196e-02 6.490123974931374939e-02 7.315302346113641829e-02 7.601203382162248501e-02 8.136472274794934179e-02 8.471404406689919675e-02
7.990003928411354428e-02 7.121474285273514393e-02 6.220376109733331826e-02 5.932604264386860671e-02 5.366766310008575652e-02 5.243960197783663346e-02 5.009306080519630722e-02 5.919643058474650249e-02 6.663189642945238633e-02 6.896186128884801425e-02 7.339270858128502106e-02 7.594918119335337947e-02
7.771726207525578300e-02 6.909731855676533308e-02 6.036000603311915402e-02 5.769885907850551277e-02 5.243960197783663346e-02 5.158269318871108733e-02 4.951056353470648097e-02 5.868529081306032152e-02 6.607413308300000288e-02 6.819820975723156486e-02 7.221255469047549447e-02 7.426416489421983069e-02
7.448888533429150194e-02 6.596168095997131942e-02 5.750485902053376064e-02 5.497374169593156196e-02 5.009306080519630722e-02 4.951056353470648097e-02 4.787436082484712585e-02 5.705962220778860311e-02 6.439207713185442217e-02 6.639261181726963112e-02 7.002828149104438349e-02 7.159543486306539639e-02
8.873016024351128295e-02 7.822420482715669587e-02 6.798219375707643952e-02 6.490123974931374939e-02 5.919643058474650249e-02 5.868529081306032152e-02 5.705962220778860311e-02 6.849233466768166190e-02 7.759197708139980998e-02 8.005077389600331883e-02 8.424593381012698834e-02 8.573487250722860997e-02
1.011735509069473654e-01 8.881302436009030910e-02 7.686450270033670651e-02 7.315302346113641829e-02 6.663189642945238633e-02 6.607413308300000288e-02 6.439207713185442217e-02 7.759197708139980998e-02 8.849542784029204578e-02 9.164784099615559676e-02 9.655873570150996787e-02 9.809785313982485877e-02
1.066606759380691327e-01 9.325490777689467159e-02 8.027838859190497556e-02 7.601203382162248501e-02 6.896186128884801425e-02 6.819820975723156486e-02 6.639261181726963112e-02 8.005077389600331883e-02 9.164784099615559676e-02 9.583359241217435931e-02 1.016300468872678442e-01 1.035153597693301564e-01
1.158351445903880866e-01 1.009943731708569797e-01 8.646304083699819787e-02 8.136472274794934179e-02 7.339270858128502106e-02 7.221255469047549447e-02 7.002828149104438349e-02 8.424593381012698834e-02 9.655873570150996787e-02 1.016300468872678442e-01 1.092217378531614436e-01 1.121332821888349485e-01
1.216963141679888727e-01 1.061228622523568837e-01 9.051104543719643014e-02 8.471404406689919675e-02 7.594918119335337947e-02 7.426416489421983069e-02 7.159543486306539639e-02 8.573487250722860997e-02 9.809785313982485877e-02 1.035153597693301564e-01 1.121332821888349485e-01 1.168966930588849762e-01
7.802997412965395618e-02 7.797683779413477900e-02 7.085774321879431681e-02 7.212655624113187280e-02 7.473666543182022615e-02 8.091000472087521433e-02 7.664013228600446981e-02 8.566044883378305663e-02 8.252868793863600561e-02 8.131342618208679818e-02 8.355087363724457428e-02 7.420813250902294489e-02
