4.883638211385628036e-01 1.612134969104521975e-01 -1.026802679252890316e-02 -1.574740513312469781e-02 1.208035275995839996e-03 5.663109489868008509e-03 5.583873341950896033e-04 -1.479002624050172049e-02 -1.015769120289494211e-03 1.600045758043386890e-01
1.612134969104521975e-01 5.238285150573378512e-01 1.734396691046047045e-01 1.889936801653325799e-03 -1.805780681681497940e-02 -6.486398526646100417e-04 5.598531142826359587e-03 -5.150381402825972765e-04 -1.473404404107733073e-02 3.489674900343356194e-03
-1.026802679252890316e-02 1.734396691046047045e-01 4.902556016311129805e-01 1.550378885837487009e-01 3.125421682903891610e-03 -1.403238564546099854e-02 -2.003885260478431313e-03 5.275866814657864320e-03 1.804746755802770714e-03 -1.657288084616536511e-02
-1.574740513312469781e-02 1.889936801653325799e-03 1.550378885837487009e-01 4.958286394767348337e-01 1.612214696815594817e-01 1.711482876663268302e-04 -1.576190019462965844e-02 -9.589325813789393888e-05 5.354562784107412890e-03 -4.084949996271557051e-05
1.208035275995839996e-03 -1.805780681681497940e-02 3.125421682903891610e-03 1.612214696815594817e-01 5.023976777894838541e-01 1.542119220682008907e-01 5.958644148031908699e-03 -1.492278451038872404e-02 -5.399610760223619516e-04 5.665613229971827938e-03
5.663109489868008509e-03 -6.486398526646100417e-04 -1.403238564546099854e-02 1.711482876663268302e-04 1.542119220682008907e-01 4.857490287214968894e-01 1.699764270162926194e-01 -2.859238283255673748e-03 -1.619405912757379551e-02 5.194782715264066944e-04
5.583873341950896033e-04 5.598531142826359587e-03 -2.003885260478431313e-03 -1.576190019462965844e-02 5.958644148031908699e-03 1.699764270162926194e-01 5.088255176531745194e-01 1.539961033044461025e-01 -2.633537512838218971e-03 -1.376072707660550183e-02
-1.479002624050172049e-02 -5.150381402825972765e-04 5.275866814657864320e-03 -9.589325813789393888e-05 -1.492278451038872404e-02 -2.859238283255673748e-03 1.539961033044461025e-01 5.043470945243997416e-01 1.606065222475306364e-01 1.456097365231872037e-03
-1.015769120289494211e-03 -1.473404404107733073e-02 1.804746755802770714e-03 5.354562784107412890e-03 -5.399610760223619516e-04 -1.619405912757379551e-02 -2.633537512838218971e-03 1.606065222475306364e-01 4.956337759383975250e-01 1.555293200400001130e-01
1.600045758043386890e-01 3.489674900343356194e-03 -1.657288084616536511e-02 -4.084949996271557051e-05 5.665613229971827938e-03 5.194782715264066944e-04 -1.376072707660550183e-02 1.456097365231872037e-03 1.555293200400001130e-01 5.047703280693166539e-01
4.786339719780796642e-01 1.500014873393895609e-01 3.042338663154723743e-03 -1.664110774899585365e-02 -3.751313533963066948e-04 7.221972156953576985e-03 7.661164761204876080e-04 -1.906526775137297458e-02 -1.297375551705805090e-03 1.799768203201293215e-01
1.500014873393895609e-01 4.858882722763506190e-01 1.875311891800205966e-01 -1.115850572984908654e-02 -1.833488300890774580e-02 1.180267159147532861e-03 6.115483695610657300e-03 -6.166806612486225737e-04 -1.524149476852242405e-02 1.037798737045541285e-02
3.042338663154723743e-03 1.875311891800205966e-01 5.267608041712679157e-01 1.527929628912174653e-01 1.346648155016671360e-03 -1.405660999510030887e-02 1.011717103496144465e-03 6.219544217386695911e-03 -1.662352456392675792e-03 -1.985795153982437139e-02
-1.664110774899585365e-02 -1.115850572984908654e-02 1.527929628912174653e-01 4.967666096767383577e-01 1.650557069628792450e-01 4.929043716428405456e-03 -1.844971078208932497e-02 -1.820727987906813278e-03 6.299257350462840986e-03 -3.383048816601375757e-04
-3.751313533963066948e-04 -1.833488300890774580e-02 1.346648155016671360e-03 1.650557069628792450e-01 4.868820824092961463e-01 1.584046500121892853e-01 -1.024949029581132334e-02 -1.582738058580312329e-02 1.398409099510125380e-03 5.884279005668536892e-03
7.221972156953576985e-03 1.180267159147532861e-03 -1.405660999510030887e-02 4.929043716428405456e-03 1.584046500121892853e-01 5.272094301528300608e-01 1.813027269711536271e-01 9.281792629954327065e-03 -1.785042776858457303e-02 2.081840378987861713e-04
7.661164761204876080e-04 6.115483695610657300e-03 1.011717103496144465e-03 -1.844971078208932497e-02 -1.024949029581132334e-02 1.813027269711536271e-01 4.750765542755231996e-01 1.550569081991171050e-01 -1.442708341560570420e-03 -1.384133998186646078e-02
-1.906526775137297458e-02 -6.166806612486225737e-04 6.219544217386695911e-03 -1.820727987906813278e-03 -1.582738058580312329e-02 9.281792629954327065e-03 1.550569081991171050e-01 5.043513637063086197e-01 1.655079951897971413e-01 -6.260592258219096866e-03
-1.297375551705805090e-03 -1.524149476852242405e-02 -1.662352456392675792e-03 6.299257350462840986e-03 1.398409099510125380e-03 -1.785042776858457303e-02 -1.442708341560570420e-03 1.655079951897971413e-01 5.091527185575999148e-01 1.520488794129127852e-01
1.799768203201293215e-01 1.037798737045541285e-02 -1.985795153982437139e-02 -3.383048816601375757e-04 5.884279005668536892e-03 2.081840378987861713e-04 -1.384133998186646078e-02 -6.260592258219096866e-03 1.520488794129127852e-01 5.092781927960097210e-01
5.151753405742791614e-01 1.681162269508525986e-01 4.899696392799494579e-03 -1.527440201257640115e-02 -6.210116292928462203e-04 4.903883285062659615e-03 -5.598826603261182651e-04 -1.396709886652195212e-02 2.911023937343173561e-03 1.563510463932326899e-01
1.681162269508525986e-01 4.875807799741729287e-01 1.542086007479597232e-01 2.219493994000912730e-03 -1.433905477135810971e-02 -9.065182938608454710e-05 5.252200323648999365e-03 9.529209202575013912e-04 -1.596522840353713918e-02 -5.638094429950156819e-03
4.899696392799494579e-03 1.542086007479597232e-01 4.968089488005066889e-01 1.623375347575794492e-01 -1.811690754071119264e-03 -1.479664013089663707e-02 1.714357884170096579e-04 4.936792036646613438e-03 -8.489774900086337122e-04 -1.438383311542659575e-02
-1.527440201257640115e-02 2.219493994000912730e-03 1.623375347575794492e-01 5.032983954464669285e-01 1.551514092390572919e-01 -2.374544433686636216e-03 -1.400329543732370050e-02 8.068481998042983071e-04 4.875653243929111910e-03 -1.010885331326277716e-04
-6.210116292928462203e-04 -1.433905477135810971e-02 -1.811690754071119264e-03 1.551514092390572919e-01 5.058708027940557184e-01 1.604908863562458654e-01 3.361434980599657847e-03 -1.505534853730669878e-02 -4.933931073199854288e-04 5.021557880765747939e-03
4.903883285062659615e-03 -9.065182938608454710e-05 -1.479664013089663707e-02 -2.374544433686636216e-03 1.604908863562458654e-01 4.905248478038422011e-01 1.579754869986254862e-01 -4.390447169898625129e-03 -1.416350325833336601e-02 7.941663515969692166e-04
-5.598826603261182651e-04 5.252200323648999365e-03 1.714357884170096579e-04 -1.400329543732370050e-02 3.361434980599657847e-03 1.579754869986254862e-01 5.117583661541689199e-01 1.622156630560168955e-01 2.960681568812525023e-03 -1.519582594989234842e-02
-1.396709886652195212e-02 9.529209202575013912e-04 4.936792036646613438e-03 8.068481998042983071e-04 -1.505534853730669878e-02 -4.390447169898625129e-03 1.622156630560168955e-01 4.906074873754612820e-01 1.559488415968522945e-01 -2.387074418027342222e-03
2.911023937343173561e-03 -1.596522840353713918e-02 -8.489774900086337122e-04 4.875653243929111910e-03 -4.933931073199854288e-04 -1.416350325833336601e-02 2.960681568812525023e-03 1.559488415968522945e-01 5.081055708809371074e-01 1.616175536676051627e-01
1.563510463932326899e-01 -5.638094429950156819e-03 -1.438383311542659575e-02 -1.010885331326277716e-04 5.021557880765747939e-03 7.941663515969692166e-04 -1.519582594989234842e-02 -2.387074418027342222e-03 1.616175536676051627e-01 4.902694601961061771e-01
4.781906608558490479e-01 1.502652671255253758e-01 -4.351640812247727129e-04 -1.301465022244647878e-02 -7.796329983299240380e-05 5.251815833004529893e-03 1.536931570636864211e-03 -1.768039161381144281e-02 -8.314469511262115656e-03 1.853345403276019376e-01
1.502652671255253758e-01 5.043228335332792245e-01 1.637825506555600774e-01 -9.543462274678109853e-04 -1.556350169616201214e-02 -1.122926403688743297e-04 5.316627306490418967e-03 2.845842344226884530e-04 -1.488479274670768439e-02 7.200428233412303411e-03
-4.351640812247727129e-04 1.637825506555600774e-01 5.002713428050242772e-01 1.521391838576837685e-01 -4.033393450589068579e-04 -1.327380557941911648e-02 -5.295876374271283162e-04 5.043027827100548047e-03 1.145728724856951743e-03 -1.804668244220334478e-02
-1.301465022244647878e-02 -9.543462274678109853e-04 1.521391838576837685e-01 5.020852596809757262e-01 1.632554645955746064e-01 1.804257684333010914e-03 -1.515364825633830695e-02 -7.325843357425163536e-04 5.409998701258653640e-03 -7.787964914717235634e-04
-7.796329983299240380e-05 -1.556350169616201214e-02 -4.033393450589068579e-04 1.632554645955746064e-01 4.960772217429411102e-01 1.522387605890406781e-01 1.088026484199851188e-03 -1.314229382162552563e-02 -9.681979348077104745e-04 5.984512329488513721e-03
5.251815833004529893e-03 -1.122926403688743297e-04 -1.327380557941911648e-02 1.804257684333010914e-03 1.522387605890406781e-01 4.983325012453576619e-01 1.630627434403384424e-01 1.157050958048451731e-03 -1.699392627925555566e-02 3.241831176873892083e-04
1.536931570636864211e-03 5.316627306490418967e-03 -5.295876374271283162e-04 -1.515364825633830695e-02 1.088026484199851188e-03 1.630627434403384424e-01 4.998729616991582914e-01 1.512497278678514023e-01 2.627333211046563831e-03 -1.484541171108753541e-02
-1.768039161381144281e-02 2.845842344226884530e-04 5.043027827100548047e-03 -7.325843357425163536e-04 -1.314229382162552563e-02 1.157050958048451731e-03 1.512497278678514023e-01 4.920185319091058829e-01 1.716840460996825746e-01 -3.270735476123061425e-03
-8.314469511262115656e-03 -1.488479274670768439e-02 1.145728724856951743e-03 5.409998701258653640e-03 -9.681979348077104745e-04 -1.699392627925555566e-02 2.627333211046563831e-03 1.716840460996825746e-01 5.066298499971857439e-01 1.492654277986966427e-01
1.853345403276019376e-01 7.200428233412303411e-03 -1.804668244220334478e-02 -7.787964914717235634e-04 5.984512329488513721e-03 3.241831176873892083e-04 -1.484541171108753541e-02 -3.270735476123061425e-03 1.492654277986966427e-01 5.221988365311148739e-01
5.351135824118196105e-01 2.137037432252000269e-01 2.225476069892218939e-02 -2.201926753189967223e-02 -2.335794228429888264e-03 6.086434762479325279e-03 1.143364939157404418e-03 -1.365597761278967981e-02 -6.255344751857693647e-03 1.484688951329836137e-01
2.137037432252000269e-01 4.452387013407018701e-01 1.635001133643788629e-01 -2.178719435645177019e-03 -1.624070862221208000e-02 1.839550526139669990e-04 6.844500274718237631e-03 2.843384522245116525e-03 -2.403255969399497802e-02 -5.551894767188970264e-03
2.225476069892218939e-02 1.635001133643788629e-01 5.099482921487669129e-01 1.655718569512512339e-01 -6.374679026699504869e-03 -1.592272815820618484e-02 1.544491117318858887e-03 6.529743549177310577e-03 -2.662294889573299517e-03 -1.942661846056907907e-02
-2.201926753189967223e-02 -2.178719435645177019e-03 1.655718569512512339e-01 5.114038830753971920e-01 1.561895978333071311e-01 2.373509888248767283e-03 -1.417137559789014359e-02 -8.940188993855320912e-04 6.325745966794599912e-03 -7.540717254704565331e-05
-2.335794228429888264e-03 -1.624070862221208000e-02 -6.374679026699504869e-03 1.561895978333071311e-01 4.933260293227796356e-01 1.609661423700735894e-01 -1.246665057959669498e-03 -1.513220894456684083e-02 -4.054830131667906223e-04 6.408271332656628044e-03
6.086434762479325279e-03 1.839550526139669990e-04 -1.592272815820618484e-02 2.373509888248767283e-03 1.609661423700735894e-01 5.038156718965034475e-01 1.547801778140491802e-01 1.883612797307354040e-03 -1.424520150319761105e-02 6.806074065847826985e-05
1.143364939157404418e-03 6.844500274718237631e-03 1.544491117318858887e-03 -1.417137559789014359e-02 -1.246665057959669498e-03 1.547801778140491802e-01 4.971702687803530862e-01 1.605905579931729277e-01 3.723345626544181854e-03 -1.659743953539024458e-02
-1.365597761278967981e-02 2.843384522245116525e-03 6.529743549177310577e-03 -8.940188993855320912e-04 -1.513220894456684083e-02 1.883612797307354040e-03 1.605905579931729277e-01 4.920552014155343268e-01 1.589007310473866674e-01 -4.297345752682609106e-03
-6.255344751857693647e-03 -2.403255969399497802e-02 -2.662294889573299517e-03 6.325745966794599912e-03 -4.054830131667906223e-04 -1.424520150319761105e-02 3.723345626544181854e-03 1.589007310473866674e-01 5.089150530883399526e-01 1.646594319582866117e-01
1.484688951329836137e-01 -5.551894767188970264e-03 -1.942661846056907907e-02 -7.540717254704565331e-05 6.408271332656628044e-03 6.806074065847826985e-05 -1.659743953539024458e-02 -4.297345752682609106e-03 1.646594319582866117e-01 5.030133165198169554e-01
4.813264087290507476e-01 1.628179569497492096e-01 -5.135334404967139763e-03 -1.478257570167475568e-02 1.287727887617518127e-03 5.073964958086150598e-03 -2.472432543010162978e-04 -1.544296454416852274e-02 -3.685475792332216019e-03 1.654714848831809748e-01
1.628179569497492096e-01 5.144919975412407531e-01 1.604165617838934632e-01 2.003589992293835706e-03 -1.496905875258454713e-02 -3.245000489143609786e-04 5.059050153504714847e-03 -3.083966480603659568e-04 -1.483832493561271226e-02 7.616238096426189950e-03
-5.135334404967139763e-03 1.604165617838934632e-01 4.921698533487592342e-01 1.565555874338310782e-01 -3.102319076507202133e-03 -1.406437759858236020e-02 -1.733331392495134115e-04 5.062996213885337556e-03 1.024214213359503963e-03 -1.585406090538525603e-02
-1.478257570167475568e-02 2.003589992293835706e-03 1.565555874338310782e-01 5.080074372207787903e-01 1.611419627020427570e-01 1.546527093784948572e-03 -1.479015356637036760e-02 2.915254896854203035e-04 5.068382057693420970e-03 -1.197167289502248412e-03
1.287727887617518127e-03 -1.496905875258454713e-02 -3.102319076507202133e-03 1.611419627020427570e-01 4.966611419313096132e-01 1.554174230599845163e-01 3.094812334087837860e-03 -1.434462820586697093e-02 -1.461778074383810258e-03 5.219746934423921854e-03
5.073964958086150598e-03 -3.245000489143609786e-04 -1.406437759858236020e-02 1.546527093784948572e-03 1.554174230599845163e-01 4.920055088415622446e-01 1.624446671429372324e-01 -4.922724014465716669e-03 -1.607264435947322601e-02 1.054869482384898464e-03
-2.472432543010162978e-04 5.059050153504714847e-03 -1.733331392495134115e-04 -1.479015356637036760e-02 3.094812334087837860e-03 1.624446671429372324e-01 5.136797104072791109e-01 1.594541993292676874e-01 6.762521993456930072e-03 -1.464797939708950558e-02
-1.544296454416852274e-02 -3.083966480603659568e-04 5.062996213885337556e-03 2.915254896854203035e-04 -1.434462820586697093e-02 -4.922724014465716669e-03 1.594541993292676874e-01 4.830638980450137621e-01 1.665190889039362132e-01 -3.588265971346159960e-03
-3.685475792332216019e-03 -1.483832493561271226e-02 1.024214213359503963e-03 5.068382057693420970e-03 -1.461778074383810258e-03 -1.607264435947322601e-02 6.762521993456930072e-03 1.665190889039362132e-01 5.090909754359340678e-01 1.543375436453303107e-01
1.654714848831809748e-01 7.616238096426189950e-03 -1.585406090538525603e-02 -1.197167289502248412e-03 5.219746934423921854e-03 1.054869482384898464e-03 -1.464797939708950558e-02 -3.588265971346159960e-03 1.543375436453303107e-01 5.095030684990661252e-01
5.058760097767567299e-01 1.566944369761287259e-01 3.328037720682024310e-03 -1.768288391608329596e-02 1.916360710019716397e-03 5.867934395318564339e-03 -5.435313280931914877e-04 -1.690732971894277209e-02 -5.476920599512846190e-04 1.616491216106790973e-01
1.566944369761287259e-01 4.935996691501456923e-01 1.615100084338824127e-01 6.747096039150122983e-04 -1.679148025164906716e-02 1.396980477103600474e-03 6.197028086977729965e-03 -1.845353225738711458e-03 -1.721632557847432160e-02 -2.990545427825746019e-03
3.328037720682024310e-03 1.615100084338824127e-01 4.949413156201336594e-01 1.656476531070234515e-01 -1.163712946429961044e-02 -1.638638502171996594e-02 1.984099432289439940e-03 6.313158219703343330e-03 -1.337922668869422592e-03 -1.660584055541794099e-02
-1.768288391608329596e-02 6.747096039150122983e-04 1.656476531070234515e-01 5.243936981346215553e-01 1.684505146780889140e-01 -5.029293076384245501e-04 -1.980179356819658162e-02 7.644966183222451101e-04 1.108825918367213441e-02 1.221145924478361572e-03
1.916360710019716397e-03 -1.679148025164906716e-02 -1.163712946429961044e-02 1.684505146780889140e-01 4.957117338061757250e-01 1.601613656323953305e-01 3.930426718097772970e-03 -1.550243481666121505e-02 -1.173561422900405282e-03 6.318414934844601531e-03
5.867934395318564339e-03 1.396980477103600474e-03 -1.638638502171996594e-02 -5.029293076384245501e-04 1.601613656323953305e-01 4.947086747607365442e-01 1.604541903050576424e-01 2.446389557933930379e-04 -1.784015986199021658e-02 -2.239771066355913161e-03
-5.435313280931914877e-04 6.197028086977729965e-03 1.984099432289439940e-03 -1.980179356819658162e-02 3.930426718097772970e-03 1.604541903050576424e-01 4.973081914551569227e-01 1.548491229775277866e-01 -3.722739890419457000e-03 -1.593399736916843376e-02
-1.690732971894277209e-02 -1.845353225738711458e-03 6.313158219703343330e-03 7.644966183222451101e-04 -1.550243481666121505e-02 2.446389557933930379e-04 1.548491229775277866e-01 5.142694478579059592e-01 1.732885040554346667e-01 1.138871047466647086e-02
-5.476920599512846190e-04 -1.721632557847432160e-02 -1.337922668869422592e-03 1.108825918367213441e-02 -1.173561422900405282e-03 -1.784015986199021658e-02 -3.722739890419457000e-03 1.732885040554346667e-01 4.744431586095789188e-01 1.633236711112174833e-01
1.616491216106790973e-01 -2.990545427825746019e-03 -1.660584055541794099e-02 1.221145924478361572e-03 6.318414934844601531e-03 -2.239771066355913161e-03 -1.593399736916843376e-02 1.138871047466647086e-02 1.633236711112174833e-01 5.047481008287868498e-01
5.088423128419237162e-01 1.605580272832770050e-01 -1.826846005587840871e-04 -1.497146882802713463e-02 -5.102659484245821776e-05 5.107404964313690815e-03 -9.939317293254901729e-04 -1.496631212647260914e-02 -1.007868946174232151e-03 1.566420877394877897e-01
1.605580272832770050e-01 4.987053331060162242e-01 1.559059679482369676e-01 7.487413967530341056e-04 -1.378763856402373360e-02 -5.946288866803335800e-04 4.907421881668967353e-03 2.627419106631344575e-04 -1.532266464146685853e-02 -4.608042842221056479e-03
-1.826846005587840871e-04 1.559059679482369676e-01 4.992341483823690695e-01 1.593309333777694070e-01 8.538416416634962485e-04 -1.439112491848608746e-02 -2.801280331438714757e-04 4.996084346059544330e-03 7.692746260413886724e-04 -1.381602348771291539e-02
-1.497146882802713463e-02 7.487413967530341056e-04 1.593309333777694070e-01 4.985976061533424208e-01 1.552940689530525331e-01 1.427231867206136921e-03 -1.382247009272573671e-02 6.583992305333500553e-04 4.920758955223319617e-03 7.430509515243904038e-04
-5.102659484245821776e-05 -1.378763856402373360e-02 8.538416416634962485e-04 1.552940689530525331e-01 4.980051960015176582e-01 1.597165841300323685e-01 5.037636490257435843e-04 -1.536838343917155958e-02 -4.406113781658147301e-04 4.818112732045050708e-03
5.107404964313690815e-03 -5.946288866803335800e-04 -1.439112491848608746e-02 1.427231867206136921e-03 1.597165841300323685e-01 4.971093607562606098e-01 1.557810532501412715e-01 -6.285623756618579153e-03 -1.447107486813167462e-02 -8.275927424559147150e-05
-9.939317293254901729e-04 4.907421881668967353e-03 -2.801280331438714757e-04 -1.382247009272573671e-02 5.037636490257435843e-04 1.557810532501412715e-01 5.151699289148612415e-01 1.690234234286199233e-01 4.776104798670326688e-03 -1.540516258220185099e-02
-1.496631212647260914e-02 2.627419106631344575e-04 4.996084346059544330e-03 6.583992305333500553e-04 -1.536838343917155958e-02 -6.285623756618579153e-03 1.690234234286199233e-01 4.880283705992269905e-01 1.536333117011457194e-01 3.491041310773889544e-03
-1.007868946174232151e-03 -1.532266464146685853e-02 7.692746260413886724e-04 4.920758955223319617e-03 -4.406113781658147301e-04 -1.447107486813167462e-02 4.776104798670326688e-03 1.536333117011457194e-01 4.943014951959702197e-01 1.638072483080433017e-01
1.566420877394877897e-01 -4.608042842221056479e-03 -1.381602348771291539e-02 7.430509515243904038e-04 4.818112732045050708e-03 -8.275927424559147150e-05 -1.540516258220185099e-02 3.491041310773889544e-03 1.638072483080433017e-01 5.020062480485006917e-01
5.053731472573212979e-01 1.669368751863978262e-01 4.789533910429492544e-03 -1.648933930845451062e-02 -4.095171777754159459e-04 7.190955026235641007e-03 4.520358072569800358e-03 -1.655212342864144370e-02 -8.034734054003273181e-04 1.510461732521773681e-01
1.669368751863978262e-01 4.902822336615275667e-01 1.526596975580839788e-01 -2.311712971140339641e-04 -1.416728789302232512e-02 1.446527356794204285e-04 7.334569263974731815e-03 -3.131755832477127769e-04 -1.702118678949359268e-02 -2.408143374553338607e-03
4.789533910429492544e-03 1.526596975580839788e-01 4.983210639676819431e-01 1.652648001221788399e-01 -6.061338637057390663e-03 -1.739959266597822934e-02 -4.487211073618560747e-04 7.733661676540474865e-03 -1.567203887032071578e-03 -1.404047432420041722e-02
-1.648933930845451062e-02 -2.311712971140339641e-04 1.652648001221788399e-01 5.143177002435360690e-01 1.577660951323596183e-01 4.804902124838505637e-03 -1.468949503572822800e-02 -3.644401308483432612e-03 7.717595386274577265e-03 8.985692240501256698e-04
-4.095171777754159459e-04 -1.416728789302232512e-02 -6.061338637057390663e-03 1.577660951323596183e-01 4.863284537063073398e-01 1.692201968249730237e-01 3.046112573287077657e-03 -2.652164851103418208e-02 4.404368200444434139e-03 7.488801551880214930e-03
7.190955026235641007e-03 1.446527356794204285e-04 -1.739959266597822934e-02 4.804902124838505637e-03 1.692201968249730237e-01 5.095088730970636082e-01 1.479336767096490202e-01 1.317864160736708506e-02 -2.326735688112657047e-02 -2.948404981434150050e-03
4.520358072569800358e-03 7.334569263974731815e-03 -4.487211073618560747e-04 -1.468949503572822800e-02 3.046112573287077657e-03 1.479336767096490202e-01 4.360301560783032548e-01 2.395421633223062952e-01 -3.133285026009590551e-02 -2.928322620116722425e-02
-1.655212342864144370e-02 -3.131755832477127769e-04 7.733661676540474865e-03 -3.644401308483432612e-03 -2.652164851103418208e-02 1.317864160736708506e-02 2.395421633223062952e-01 5.843372357499841963e-01 1.741913654988556659e-01 7.601109435577361496e-03
-8.034734054003273181e-04 -1.702118678949359268e-02 -1.567203887032071578e-03 7.717595386274577265e-03 4.404368200444434139e-03 -2.326735688112657047e-02 -3.133285026009590551e-02 1.741913654988556659e-01 4.672396361129858011e-01 1.702542436934455783e-01
1.510461732521773681e-01 -2.408143374553338607e-03 -1.404047432420041722e-02 8.985692240501256698e-04 7.488801551880214930e-03 -2.948404981434150050e-03 -2.928322620116722425e-02 7.601109435577361496e-03 1.702542436934455783e-01 5.082615001252925868e-01
5.244507849029760305e-01 1.636704763911883964e-01 -1.245209319910753430e-03 -1.944431202020968641e-02 1.480288312776046776e-03 6.201699342955179634e-03 -8.490988175316932290e-04 -1.638338578805392104e-02 1.228577736056764291e-02 1.735577079650075516e-01
1.636704763911883964e-01 5.038863033878167030e-01 1.606742410225405204e-01 1.543661298017883973e-02 -1.840432778166431471e-02 -2.218472293437424945e-03 6.176164208014007541e-03 1.727287857426821911e-03 -1.853377766804566520e-02 -1.026853575788662723e-02
-1.245209319910753430e-03 1.606742410225405204e-01 4.607616555590349217e-01 1.968667254205758721e-01 -1.292034345203046247e-02 -1.911277160881078019e-02 1.073845555416570296e-03 6.716113347425882452e-03 -1.294958766649853326e-03 -1.647535449628621113e-02
-1.944431202020968641e-02 1.543661298017883973e-02 1.968667254205758721e-01 5.365973717842988933e-01 1.571268009868142246e-01 1.485966947500950118e-03 -1.440460268245719565e-02 -3.868451521738156223e-04 6.238716393088625939e-03 -5.689692829271624994e-04
1.480288312776046776e-03 -1.840432778166431471e-02 -1.292034345203046247e-02 1.571268009868142246e-01 4.923055324320100845e-01 1.622003012338527062e-01 3.534133136901316738e-03 -1.604348546884749524e-02 2.401477018526970166e-04 6.214793504492997431e-03
6.201699342955179634e-03 -2.218472293437424945e-03 -1.911277160881078019e-02 1.485966947500950118e-03 1.622003012338527062e-01 4.954340893527596212e-01 1.548606686195598270e-01 6.432498951949627885e-04 -1.446615365203180077e-02 7.883252948994809049e-04
-8.490988175316932290e-04 6.176164208014007541e-03 1.073845555416570296e-03 -1.440460268245719565e-02 3.534133136901316738e-03 1.548606686195598270e-01 4.971384447457961597e-01 1.640705811308680873e-01 -5.168380650960285871e-03 -1.639181055872377529e-02
-1.638338578805392104e-02 1.727287857426821911e-03 6.716113347425882452e-03 -3.868451521738156223e-04 -1.604348546884749524e-02 6.432498951949627885e-04 1.640705811308680873e-01 5.089874366003452888e-01 1.547686189071205698e-01 -2.456114976212482939e-03
1.228577736056764291e-02 -1.853377766804566520e-02 -1.294958766649853326e-03 6.238716393088625939e-03 2.401477018526970166e-04 -1.446615365203180077e-02 -5.168380650960285871e-03 1.547686189071205698e-01 5.098424438097023392e-01 1.695978459631894419e-01
1.735577079650075516e-01 -1.026853575788662723e-02 -1.647535449628621113e-02 -5.689692829271624994e-04 6.214793504492997431e-03 7.883252948994809049e-04 -1.639181055872377529e-02 -2.456114976212482939e-03 1.695978459631894419e-01 4.705959374252612903e-01
4.972605956465989685e-01 1.564785617444285348e-01 8.976302595812605221e-04 -1.431894659196814718e-02 -4.234398972485099288e-04 5.442081628204331958e-03 1.852149504303173856e-03 -1.581500039580459316e-02 -5.972208456809574226e-03 1.614813662783498582e-01
1.564785617444285348e-01 4.990804159724719913e-01 1.595731016782039324e-01 -2.986813361243001279e-04 -1.526098377573043008e-02 -6.807785425424180484e-04 5.048944897231809337e-03 -1.888738502662244993e-04 -1.447745677588869323e-02 -8.291583717048044198e-05
8.976302595812605221e-04 1.595731016782039324e-01 5.002266569318929434e-01 1.556545529090392899e-01 -9.769316578528278779e-05 -1.394424629465924187e-02 -1.517584744274188494e-03 5.606604328246342708e-03 9.479731774319837771e-04 -1.567098263278360326e-02
-1.431894659196814718e-02 -2.986813361243001279e-04 1.556545529090392899e-01 5.013572686757546970e-01 1.614111009555261600e-01 3.206440305582334248e-03 -1.575306454253461164e-02 -6.420607077880439561e-04 5.348441372831555345e-03 2.559851087157848787e-04
-4.234398972485099288e-04 -1.526098377573043008e-02 -9.769316578528278779e-05 1.614111009555261600e-01 4.951248438969808041e-01 1.538353736821684581e-01 5.132784817505389383e-03 -1.673119122241689682e-02 2.190062287720591274e-04 6.283823685436251173e-03
5.442081628204331958e-03 -6.807785425424180484e-04 -1.394424629465924187e-02 3.206440305582334248e-03 1.538353736821684581e-01 4.885117399951789396e-01 1.708743208534197477e-01 -2.758093560940953932e-03 -1.655714770885301571e-02 1.427527077341239148e-04
1.852149504303173856e-03 5.048944897231809337e-03 -1.517584744274188494e-03 -1.575306454253461164e-02 5.132784817505389383e-03 1.708743208534197477e-01 5.067724618600382147e-01 1.561525796607430849e-01 -5.629815083500883111e-03 -1.508379337694956343e-02
-1.581500039580459316e-02 -1.888738502662244993e-04 5.606604328246342708e-03 -6.420607077880439561e-04 -1.673119122241689682e-02 -2.758093560940953932e-03 1.561525796607430849e-01 5.128029766968076331e-01 1.638460572418318495e-01 5.792995208717100462e-03
-5.972208456809574226e-03 -1.447745677588869323e-02 9.479731774319837771e-04 5.348441372831555345e-03 2.190062287720591274e-04 -1.655714770885301571e-02 -5.629815083500883111e-03 1.638460572418318495e-01 4.841292038240284645e-01 1.615420064843568759e-01
1.614813662783498582e-01 -8.291583717048044198e-05 -1.567098263278360326e-02 2.559851087157848787e-04 6.283823685436251173e-03 1.427527077341239148e-04 -1.508379337694956343e-02 5.792995208717100462e-03 1.615420064843568759e-01 5.147338365002527283e-01
5.126169319726708862e-01 1.522797601766244791e-01 4.954707964832316073e-04 -1.329213054591221396e-02 5.751915174585265104e-04 5.111100247726971246e-03 -1.006161621417311805e-04 -1.636041074662074324e-02 3.577833236084738446e-03 1.717127170881576625e-01
1.522797601766244791e-01 4.956193310499326099e-01 1.626503083448409548e-01 -3.238813124053599966e-03 -1.553122136073765980e-02 3.388519908269804520e-04 5.216302446196733125e-03 -4.947044524287847562e-04 -1.468193407418405712e-02 -4.623834981028279723e-03
4.954707964832316073e-04 1.626503083448409548e-01 5.063811474696544579e-01 1.538554524678462376e-01 -1.532903638781558204e-03 -1.436742488027024575e-02 -3.392516840374379611e-04 5.174775873933491060e-03 -3.723711310235387284e-04 -1.659166544077945657e-02
-1.329213054591221396e-02 -3.238813124053599966e-03 1.538554524678462376e-01 5.039214825177105173e-01 1.650150912073100606e-01 2.666529307380085742e-03 -1.531495185968930611e-02 -8.247776635411413655e-04 5.327248020818972120e-03 1.567515758354233587e-03
5.751915174585265104e-04 -1.553122136073765980e-02 -1.532903638781558204e-03 1.650150912073100606e-01 4.936889144546394714e-01 1.533492187919544836e-01 1.800259986266456325e-03 -1.352791894003958599e-02 4.435137154519829027e-04 5.011180302967121504e-03
5.111100247726971246e-03 3.388519908269804520e-04 -1.436742488027024575e-02 2.666529307380085742e-03 1.533492187919544836e-01 4.982613270281205375e-01 1.613266313253053919e-01 1.080311256239023087e-03 -1.576337738484743026e-02 -8.062218628170741671e-04
-1.006161621417311805e-04 5.216302446196733125e-03 -3.392516840374379611e-04 -1.531495185968930611e-02 1.800259986266456325e-03 1.613266313253053919e-01 4.961425403473774809e-01 1.546440665292214134e-01 -6.053006296036080730e-03 -1.404725007737939527e-02
-1.636041074662074324e-02 -4.947044524287847562e-04 5.174775873933491060e-03 -8.247776635411413655e-04 -1.352791894003958599e-02 1.080311256239023087e-03 1.546440665292214134e-01 5.149157141373326141e-01 1.699301462327578449e-01 5.301511337909401919e-03
3.577833236084738446e-03 -1.468193407418405712e-02 -3.723711310235387284e-04 5.327248020818972120e-03 4.435137154519829027e-04 -1.576337738484743026e-02 -6.053006296036080730e-03 1.699301462327578449e-01 4.875864548974100932e-01 1.515732599353158960e-01
1.717127170881576625e-01 -4.623834981028279723e-03 -1.659166544077945657e-02 1.567515758354233587e-03 5.011180302967121504e-03 -8.062218628170741671e-04 -1.404725007737939527e-02 5.301511337909401919e-03 1.515732599353158960e-01 4.908661561251571603e-01
5.204743361711263727e-01 1.634598589556479908e-01 4.612186467221445342e-04 -1.622573738688741843e-02 1.692042101604843943e-04 6.500448962707143855e-03 -2.261859039245461660e-05 -1.631650963807856555e-02 4.024502309299331920e-03 1.661300619287345848e-01
1.634598589556479908e-01 4.977514893582287159e-01 1.619817353934334958e-01 5.668890702872099278e-03 -1.576672281553335303e-02 -1.122554223600604612e-03 6.542424263655977068e-03 2.691762886163713044e-03 -1.569376656556127625e-02 -9.287455667725411437e-03
4.612186467221445342e-04 1.619817353934334958e-01 4.873365630849729735e-01 1.590514170171533070e-01 -3.854783509233981019e-03 -1.481904505319249152e-02 8.411623319108565543e-04 5.697504564860630429e-03 -6.183912557142148131e-06 -1.634524006038704652e-02
-1.622573738688741843e-02 5.668890702872099278e-03 1.590514170171533070e-01 5.114405770663257300e-01 1.616041607795170032e-01 2.378850240822051598e-03 -1.671763400730632773e-02 -2.510781154911300925e-03 5.815315003215909898e-03 9.210123242977918782e-04
1.692042101604843943e-04 -1.576672281553335303e-02 -3.854783509233981019e-03 1.616041607795170032e-01 4.904141241698522502e-01 1.575365943288876969e-01 -3.943128200317346649e-03 -1.662792088183988326e-02 1.189486514880959878e-04 5.931611686852713422e-03
6.500448962707143855e-03 -1.122554223600604612e-03 -1.481904505319249152e-02 2.378850240822051598e-03 1.575365943288876969e-01 5.149166039888657398e-01 1.670972793074014251e-01 1.205257937514959618e-02 -1.722652441304139970e-02 -1.370369202798375503e-03
-2.261859039245461660e-05 6.542424263655977068e-03 8.411623319108565543e-04 -1.671763400730632773e-02 -3.943128200317346649e-03 1.670972793074014251e-01 4.722820283921510542e-01 1.728771040455671093e-01 -2.631476514047095903e-03 -1.754443463746426304e-02
-1.631650963807856555e-02 2.691762886163713044e-03 5.697504564860630429e-03 -2.510781154911300925e-03 -1.662792088183988326e-02 1.205257937514959618e-02 1.728771040455671093e-01 5.103493925509383633e-01 1.586950741754526439e-01 -3.929053099093890271e-03
4.024502309299331920e-03 -1.569376656556127625e-02 -6.183912557142148131e-06 5.815315003215909898e-03 1.189486514880959878e-04 -1.722652441304139970e-02 -2.631476514047095903e-03 1.586950741754526439e-01 5.080482602182049279e-01 1.581126987068160461e-01
1.661300619287345848e-01 -9.287455667725411437e-03 -1.634524006038704652e-02 9.210123242977918782e-04 5.931611686852713422e-03 -1.370369202798375503e-03 -1.754443463746426304e-02 -3.929053099093890271e-03 1.581126987068160461e-01 4.869866249993364260e-01
4.973787243922872525e-01 1.590681496372847170e-01 2.128489673422941011e-03 -1.437657518784549518e-02 1.459041878200834650e-04 5.616745432406172744e-03 1.979311317531039314e-03 -1.730944997493624044e-02 -7.961159771727871481e-03 1.567443074029575556e-01
1.590681496372847170e-01 4.966348406978701169e-01 1.575148848413942260e-01 -1.007627492474507443e-03 -1.526014881453743172e-02 -3.368481820866590622e-04 5.493966680368812805e-03 -1.118887278273916330e-03 -1.649826762521121662e-02 -4.216991713199280136e-04
2.128489673422941011e-03 1.575148848413942260e-01 5.003148119465457011e-01 1.564881464037190251e-01 -4.525608348219225564e-03 -1.526944240753510401e-02 -1.495106852637264293e-04 5.662508419002895005e-03 7.674549667699051125e-04 -1.450454533528069100e-02
-1.437657518784549518e-02 -1.007627492474507443e-03 1.564881464037190251e-01 5.120510905198319973e-01 1.672360233255072159e-01 6.260151659843860364e-03 -1.511930062175320666e-02 -1.292569611598182178e-03 5.596046020018651153e-03 7.019534268166332039e-04
1.459041878200834650e-04 -1.526014881453743172e-02 -4.525608348219225564e-03 1.672360233255072159e-01 4.847344550587602274e-01 1.581923115878752228e-01 3.972762464308208542e-04 -1.594046525483388058e-02 7.562517240279198602e-04 6.091195318394712274e-03
5.616745432406172744e-03 -3.368481820866590622e-04 -1.526944240753510401e-02 6.260151659843860364e-03 1.581923115878752228e-01 5.037060080948962959e-01 1.571987815746320738e-01 1.536796426760337134e-03 -1.572168186566508946e-02 -1.578460524417114831e-03
1.979311317531039314e-03 5.493966680368812805e-03 -1.495106852637264293e-04 -1.511930062175320666e-02 3.972762464308208542e-04 1.571987815746320738e-01 4.915406223809449804e-01 1.638869701529815370e-01 -8.051100953153596251e-03 -1.892994508448551244e-02
-1.730944997493624044e-02 -1.118887278273916330e-03 5.662508419002895005e-03 -1.292569611598182178e-03 -1.594046525483388058e-02 1.536796426760337134e-03 1.638869701529815370e-01 5.234536900661760361e-01 1.693728376734031094e-01 1.284321682961004664e-02
-7.961159771727871481e-03 -1.649826762521121662e-02 7.674549667699051125e-04 5.596046020018651153e-03 7.562517240279198602e-04 -1.572168186566508946e-02 -8.051100953153596251e-03 1.693728376734031094e-01 4.666453903719664509e-01 1.792932574449738192e-01
1.567443074029575556e-01 -4.216991713199280136e-04 -1.450454533528069100e-02 7.019534268166332039e-04 6.091195318394712274e-03 -1.578460524417114831e-03 -1.892994508448551244e-02 1.284321682961004664e-02 1.792932574449738192e-01 5.235403664707223292e-01
4.988118774419380008e-01 1.607507206606178518e-01 1.881801675743501739e-03 -1.724781602374334324e-02 -1.567201980525859996e-03 5.233947599478616999e-03 4.709331852803747410e-05 -1.424285879037007554e-02 -4.085556650486174210e-03 1.547385696498404795e-01
1.607507206606178518e-01 4.923523837182464669e-01 1.567426523778384095e-01 -9.283623333336167224e-03 -1.650218592902486653e-02 1.294463071483936646e-03 5.203184364425142427e-03 -3.736879288072501751e-04 -1.512704748067394619e-02 6.801259873299372741e-04
1.881801675743501739e-03 1.567426523778384095e-01 5.260850682351057017e-01 1.820598581055955234e-01 1.158661916563114361e-02 -1.731351941748769316e-02 -8.704741398378106976e-04 5.560047989680455896e-03 5.761917185396123447e-04 -1.389330979841988875e-02
-1.724781602374334324e-02 -9.283623333336167224e-03 1.820598581055955234e-01 4.705360732141802282e-01 1.611916419191154748e-01 -2.946950032594143794e-03 -1.442843322075262544e-02 4.423063859544542177e-04 5.221486530116803762e-03 1.197998396493556985e-03
-1.567201980525859996e-03 -1.650218592902486653e-02 1.158661916563114361e-02 1.611916419191154748e-01 5.099418286883983242e-01 1.596150232734871444e-01 -3.190947623276053999e-03 -1.517512988523909631e-02 5.585962523482915579e-05 5.299171144672510173e-03
5.233947599478616999e-03 1.294463071483936646e-03 -1.731351941748769316e-02 -2.946950032594143794e-03 1.596150232734871444e-01 5.042964306027838406e-01 1.567502914346122211e-01 6.434993092464984851e-04 -1.400242224466283561e-02 -9.469811284809380794e-04
4.709331852803747410e-05 5.203184364425142427e-03 -8.704741398378106976e-04 -1.442843322075262544e-02 -3.190947623276053999e-03 1.567502914346122211e-01 4.993476468010322189e-01 1.605187697899432830e-01 3.115114840076731693e-03 -1.505153043400836443e-02
-1.424285879037007554e-02 -3.736879288072501751e-04 5.560047989680455896e-03 4.423063859544542177e-04 -1.517512988523909631e-02 6.434993092464984851e-04 1.605187697899432830e-01 4.948336850374738805e-01 1.547954781594503837e-01 2.138695235838357009e-03
-4.085556650486174210e-03 -1.512704748067394619e-02 5.761917185396123447e-04 5.221486530116803762e-03 5.585962523482915579e-05 -1.400242224466283561e-02 3.115114840076731693e-03 1.547954781594503837e-01 4.945566122353690641e-01 1.640849723586167985e-01
1.547385696498404795e-01 6.801259873299372741e-04 -1.389330979841988875e-02 1.197998396493556985e-03 5.299171144672510173e-03 -9.469811284809380794e-04 -1.505153043400836443e-02 2.138695235838357009e-03 1.640849723586167985e-01 5.092383940254616714e-01
5.040190250632836655e-01 1.557433791319488836e-01 -3.219772775855199616e-03 -1.402660887811005286e-02 -1.424768141265819006e-04 4.698265496871975935e-03 -1.956999147412297820e-04 -1.441399011994951018e-02 4.458550314264157592e-03 1.604360729499572924e-01
1.557433791319488836e-01 5.063559202652925251e-01 1.610752693334050745e-01 2.026709468944811604e-03 -1.451279480623687834e-02 -1.256859559210369887e-04 4.668244765304408600e-03 2.223750227083343156e-04 -1.406911504321084472e-02 -1.647076635878087086e-03
-3.219772775855199616e-03 1.610752693334050745e-01 4.958864253627559004e-01 1.554905589475830130e-01 3.162803412802770320e-03 -1.397311918637400563e-02 -2.034543536922191155e-04 4.693144465219951759e-03 -5.050144241415630442e-05 -1.446393211981397177e-02
-1.402660887811005286e-02 2.026709468944811604e-03 1.554905589475830130e-01 4.932586456873119807e-01 1.613326326544518574e-01 -2.942916938001859193e-03 -1.436183057640060684e-02 2.803464168544585059e-05 4.713970030379356635e-03 1.453197487657150485e-04
-1.424768141265819006e-04 -1.451279480623687834e-02 3.162803412802770320e-03 1.613326326544518574e-01 5.066380182164423873e-01 1.559402527806659500e-01 -8.373979338323756091e-04 -1.390489079515245217e-02 4.072367425163269088e-04 4.679461595841734670e-03
4.698265496871975935e-03 -1.256859559210369887e-04 -1.397311918637400563e-02 -2.942916938001859193e-03 1.559402527806659500e-01 5.018070177969713441e-01 1.586921052506336527e-01 3.120546648987324034e-03 -1.426047526582684827e-02 -9.766460163171633460e-05
-1.956999147412297820e-04 4.668244765304408600e-03 -2.034543536922191155e-04 -1.436183057640060684e-02 -8.373979338323756091e-04 1.586921052506336527e-01 4.928660358235373851e-01 1.582316527249164051e-01 -2.529583900473293331e-03 -1.401319957201512326e-02
