2.085535910906090029e-01 2.517447878766037039e-01 1.424234990348437480e-01 7.590080624609286952e-02 4.221589587277726346e-02 1.590553353094973851e-02 -3.933246738104763992e-04 -3.651667258201106436e-02 -8.937619672003836724e-02 -1.840523819973118036e-01
2.517447878766037039e-01 4.667499475734441239e-01 2.324229012011508333e-01 1.253319185119200485e-01 8.253608026320490010e-02 5.663482320016108296e-02 8.394930484767947065e-02 5.192839430125194278e-02 -2.058778920290417133e-02 -1.490039769099154587e-01
1.424234990348437480e-01 2.324229012011508333e-01 1.491758243034879972e-01 8.918519964909209230e-02 6.405134957894477454e-02 4.973828158276291656e-02 8.359099302079110727e-02 6.586552013054375321e-02 1.732769198109643943e-02 -6.935645323079968338e-02
7.590080624609286952e-02 1.253319185119200485e-01 8.918519964909209230e-02 5.835785433063384042e-02 4.546985122942071716e-02 3.933701350895585369e-02 7.246115333755423493e-02 6.409000633796832491e-02 3.319242914033031927e-02 -2.123723329248906194e-02
4.221589587277726346e-02 8.253608026320490010e-02 6.405134957894477454e-02 4.546985122942071716e-02 3.918328839075138625e-02 3.850093981124728948e-02 7.793454431869388521e-02 7.469776967543831359e-02 4.970656671188079107e-02 9.314969057046295839e-03
1.590553353094973851e-02 5.663482320016108296e-02 4.973828158276291656e-02 3.933701350895585369e-02 3.850093981124728948e-02 4.419480839170364384e-02 9.894021885986944986e-02 9.927902655735076909e-02 7.261870145647110475e-02 3.961551232870049594e-02
-3.933246738104763992e-04 8.394930484767947065e-02 8.359099302079110727e-02 7.246115333755423493e-02 7.793454431869388521e-02 9.894021885986944986e-02 2.375360656649695146e-01 2.415134226159547925e-01 1.773006363901005744e-01 1.178894185729759403e-01
-3.651667258201106436e-02 5.192839430125194278e-02 6.586552013054375321e-02 6.409000633796832491e-02 7.469776967543831359e-02 9.927902655735076909e-02 2.415134226159547925e-01 3.000253332211191837e-01 2.249927604138871051e-01 1.629778951751131022e-01
-8.937619672003836724e-02 -2.058778920290417133e-02 1.732769198109643943e-02 3.319242914033031927e-02 4.970656671188079107e-02 7.261870145647110475e-02 1.773006363901005744e-01 2.249927604138871051e-01 2.263171064149231415e-01 2.029506340815035170e-01
-1.840523819973118036e-01 -1.490039769099154587e-01 -6.935645323079968338e-02 -2.123723329248906194e-02 9.314969057046295839e-03 3.961551232870049594e-02 1.178894185729759403e-01 1.629778951751131022e-01 2.029506340815035170e-01 2.699061806183586931e-01
2.427044160114354490e-02 2.584314559572373562e-02 5.221925932856641417e-02 3.094066800302526163e-02 1.187368192252436644e-02 -4.386645331579019230e-03 -2.294553687793276370e-02 -6.254986949117227746e-02 -7.957422864176172395e-02 -6.593049383962192034e-02
2.584314559572373562e-02 4.731868700780476888e-02 1.289726832681477586e-01 7.379732020010876248e-02 3.965966525351295735e-02 3.265178403558433723e-02 -5.802013771092013987e-03 -4.304829064096005187e-02 -5.962213937503421657e-02 -5.387559813135878867e-02
5.221925932856641417e-02 1.289726832681477586e-01 3.965884753828621268e-01 2.108501933665553607e-01 1.129091462277598129e-01 1.092820127847854150e-01 1.246325530028246503e-02 -5.251511942660273824e-02 -8.519223083334212521e-02 -8.458377710737423338e-02
3.094066800302526163e-02 7.379732020010876248e-02 2.108501933665553607e-01 1.493084799434602483e-01 1.025017630499093224e-01 1.242236185063471249e-01 3.017537373778824555e-02 -1.224491393470366826e-02 -4.157505855269058581e-02 -4.812391062380940582e-02
1.187368192252436644e-02 3.965966525351295735e-02 1.129091462277598129e-01 1.025017630499093224e-01 1.039628186137625809e-01 1.769649135239725057e-01 5.760019387689957471e-02 3.228490311862412809e-02 8.993609225088254958e-03 -6.211749772580689444e-03
-4.386645331579019230e-03 3.265178403558433723e-02 1.092820127847854150e-01 1.242236185063471249e-01 1.769649135239725057e-01 3.946205751675068707e-01 1.378138297551961822e-01 1.119996692159945795e-01 8.345087146451934945e-02 4.784016601644479338e-02
-2.294553687793276370e-02 -5.802013771092013987e-03 1.246325530028246503e-02 3.017537373778824555e-02 5.760019387689957471e-02 1.378138297551961822e-01 7.642939543150968629e-02 1.160628353228659732e-01 1.108927232238145211e-01 7.830493418765818725e-02
-6.254986949117227746e-02 -4.304829064096005187e-02 -5.251511942660273824e-02 -1.224491393470366826e-02 3.228490311862412809e-02 1.119996692159945795e-01 1.160628353228659732e-01 2.541775455082988522e-01 2.617170768295317140e-01 1.876643618728609242e-01
-7.957422864176172395e-02 -5.962213937503421657e-02 -8.519223083334212521e-02 -4.157505855269058581e-02 8.993609225088254958e-03 8.345087146451934945e-02 1.108927232238145211e-01 2.617170768295317140e-01 3.574321686894997296e-01 2.424954093066117866e-01
-6.593049383962192034e-02 -5.387559813135878867e-02 -8.458377710737423338e-02 -4.812391062380940582e-02 -6.211749772580689444e-03 4.784016601644479338e-02 7.830493418765818725e-02 1.876643618728609242e-01 2.424954093066117866e-01 1.958914126541522194e-01
3.128489870200465428e-01 1.427930069508138722e-01 1.064811634543948032e-01 1.089834487745757197e-01 8.187927346956570818e-02 2.350983960537167405e-02 -4.143084349797580834e-02 -9.605524429244660656e-02 -1.744600580059824657e-01 -1.916917408776117326e-01
1.427930069508138722e-01 7.177659753762603845e-02 6.364568109394816431e-02 7.739761483311996537e-02 6.764675540387399266e-02 3.235774406934090186e-02 3.189641913023693980e-03 -3.627763475963433071e-02 -8.106296785059238785e-02 -8.880544074251926767e-02
1.064811634543948032e-01 6.364568109394816431e-02 7.631201408662999230e-02 1.154214398902892458e-01 1.148070157530875351e-01 6.829487650368337714e-02 4.817245893588974204e-02 -7.044498448590327810e-03 -5.541463185477646380e-02 -6.566637029826882799e-02
1.089834487745757197e-01 7.739761483311996537e-02 1.154214398902892458e-01 2.031650603193332905e-01 2.160463343846456274e-01 1.337984206871626613e-01 1.136437209198942477e-01 2.628183528596783960e-02 -3.923104175372168351e-02 -6.218722984805615667e-02
8.187927346956570818e-02 6.764675540387399266e-02 1.148070157530875351e-01 2.160463343846456274e-01 2.678847709875852301e-01 1.760548365948307603e-01 1.659012581402774800e-01 6.781678053867987166e-02 7.688014710915008244e-03 -3.343781787837644265e-02
2.350983960537167405e-02 3.235774406934090186e-02 6.829487650368337714e-02 1.337984206871626613e-01 1.760548365948307603e-01 1.587675902686726814e-01 1.971368253623924094e-01 1.009992080449737678e-01 6.109670705445735539e-02 1.226491456864686226e-02
-4.143084349797580834e-02 3.189641913023693980e-03 4.817245893588974204e-02 1.136437209198942477e-01 1.659012581402774800e-01 1.971368253623924094e-01 3.254906971145333228e-01 1.845614412676734317e-01 1.463743683305587517e-01 7.155384783896837075e-02
-9.605524429244660656e-02 -3.627763475963433071e-02 -7.044498448590327810e-03 2.628183528596783960e-02 6.781678053867987166e-02 1.009992080449737678e-01 1.845614412676734317e-01 1.562757460320771119e-01 1.802379401720068663e-01 1.077675960929032617e-01
-1.744600580059824657e-01 -8.106296785059238785e-02 -5.541463185477646380e-02 -3.923104175372168351e-02 7.688014710915008244e-03 6.109670705445735539e-02 1.463743683305587517e-01 1.802379401720068663e-01 2.757691175891583968e-01 1.780568310577259339e-01
-1.916917408776117326e-01 -8.880544074251926767e-02 -6.566637029826882799e-02 -6.218722984805615667e-02 -3.343781787837644265e-02 1.226491456864686226e-02 7.155384783896837075e-02 1.077675960929032617e-01 1.780568310577259339e-01 1.517094190443379342e-01
1.033823152606006268e-01 1.264808196774643845e-01 1.039200418051185043e-01 8.220212925752519439e-02 5.614416214817707917e-02 4.286746072255986917e-02 2.400458283742445617e-02 -2.223475473916051992e-02 -1.062522768022677866e-01 -1.670487509484664401e-01
1.264808196774643845e-01 2.384246332415858038e-01 2.147682548746579489e-01 1.699929863468138680e-01 1.196392357567875875e-01 1.039227141737616017e-01 9.295939854863666252e-02 5.086100283574743197e-02 -2.027557604801490804e-02 -9.403199674134564423e-02
1.039200418051185043e-01 2.147682548746579489e-01 2.291073278163515137e-01 1.889461494034666567e-01 1.303636993522749865e-01 1.122504547530484009e-01 1.043129612714472632e-01 7.137220445589115281e-02 2.107841291251770499e-02 -4.861467983018667033e-02
8.220212925752519439e-02 1.699929863468138680e-01 1.889461494034666567e-01 1.841037988011153814e-01 1.311483260967541420e-01 1.134194403301210657e-01 1.058098021898289248e-01 7.549602214555330149e-02 3.393964082211556321e-02 -2.840435573749894652e-02
5.614416214817707917e-02 1.196392357567875875e-01 1.303636993522749865e-01 1.311483260967541420e-01 1.005306887984047659e-01 9.027980594647305734e-02 8.631271498457421254e-02 6.451050245045888976e-02 3.659895525238717612e-02 -9.864142675204806351e-03
4.286746072255986917e-02 1.039227141737616017e-01 1.122504547530484009e-01 1.134194403301210657e-01 9.027980594647305734e-02 8.544708911092262216e-02 8.584594743991924570e-02 7.085668092894639725e-02 5.477619852549242552e-02 1.259493076872867344e-02
2.400458283742445617e-02 9.295939854863666252e-02 1.043129612714472632e-01 1.058098021898289248e-01 8.631271498457421254e-02 8.584594743991924570e-02 9.456954286767302320e-02 9.300070335250698594e-02 1.008187100785012391e-01 5.815045377017078604e-02
-2.223475473916051992e-02 5.086100283574743197e-02 7.137220445589115281e-02 7.549602214555330149e-02 6.451050245045888976e-02 7.085668092894639725e-02 9.300070335250698594e-02 1.247637737868933366e-01 1.894694690390704428e-01 1.457195413406990048e-01
-1.062522768022677866e-01 -2.027557604801490804e-02 2.107841291251770499e-02 3.393964082211556321e-02 3.659895525238717612e-02 5.477619852549242552e-02 1.008187100785012391e-01 1.894694690390704428e-01 3.789308898087611621e-01 3.153583158489208227e-01
-1.670487509484664401e-01 -9.403199674134564423e-02 -4.861467983018667033e-02 -2.840435573749894652e-02 -9.864142675204806351e-03 1.259493076872867344e-02 5.815045377017078604e-02 1.457195413406990048e-01 3.153583158489208227e-01 4.607399405076924581e-01
3.317433239468611239e-01 7.711428730883694571e-02 7.256511224346512412e-02 6.836009383806576634e-02 4.662313710299241520e-02 3.598486824200628625e-02 -8.765412993031695271e-03 -8.326916122976116275e-02 -2.170984224337015323e-01 -2.724591016848286196e-01
7.711428730883694571e-02 2.375843397322548178e-02 4.355900121392933949e-02 5.587223026406420295e-02 3.821882302865556302e-02 3.527351301226273883e-02 1.725551006139409982e-02 -6.817649711351205649e-03 -4.234779847642643896e-02 -6.037365627311374466e-02
7.256511224346512412e-02 4.355900121392933949e-02 1.414261782244413679e-01 2.049001780052805144e-01 1.345520513079243030e-01 1.259200921932444039e-01 8.393005069981750166e-02 4.123317048466410006e-02 -6.712548563414213109e-04 -3.951051345958481176e-02
6.836009383806576634e-02 5.587223026406420295e-02 2.049001780052805144e-01 3.244496927366413708e-01 2.018686650332458532e-01 1.791849559728706798e-01 1.224531372009541319e-01 7.085567755500801757e-02 2.890369698599728338e-02 -2.320588865593879724e-02
4.662313710299241520e-02 3.821882302865556302e-02 1.345520513079243030e-01 2.018686650332458532e-01 1.638060917591777632e-01 1.688718535860351810e-01 1.162990412962539855e-01 6.903409943054383824e-02 3.591676194924722787e-02 -8.241427476561515031e-03
3.598486824200628625e-02 3.527351301226273883e-02 1.259200921932444039e-01 1.791849559728706798e-01 1.688718535860351810e-01 2.027943035020990659e-01 1.430318017156835264e-01 8.932677847989188569e-02 5.844864272720797643e-02 8.229242678901283609e-03
-8.765412993031695271e-03 1.725551006139409982e-02 8.393005069981750166e-02 1.224531372009541319e-01 1.162990412962539855e-01 1.430318017156835264e-01 1.084039902301404679e-01 8.058933381087698966e-02 7.991732021199940417e-02 4.256675003290309733e-02
-8.326916122976116275e-02 -6.817649711351205649e-03 4.123317048466410006e-02 7.085567755500801757e-02 6.903409943054383824e-02 8.932677847989188569e-02 8.058933381087698966e-02 9.031894016989351626e-02 1.444355927242582938e-01 1.127262070549303191e-01
-2.170984224337015323e-01 -4.234779847642643896e-02 -6.712548563414213109e-04 2.890369698599728338e-02 3.591676194924722787e-02 5.844864272720797643e-02 7.991732021199940417e-02 1.444355927242582938e-01 3.104971361111990014e-01 2.634408694656460437e-01
-2.724591016848286196e-01 -6.037365627311374466e-02 -3.951051345958481176e-02 -2.320588865593879724e-02 -8.241427476561515031e-03 8.229242678901283609e-03 4.256675003290309733e-02 1.127262070549303191e-01 2.634408694656460437e-01 3.028019093463202860e-01
9.068619649442122288e-02 1.475264342360638747e-01 8.969866069632609351e-02 7.318052737361194215e-02 3.121183932994525678e-02 -4.542835919947722442e-03 -4.144744202511451564e-02 -4.674694240864488148e-02 -1.034498681102083012e-01 -1.279364974755043960e-01
1.475264342360638747e-01 3.294899713193695789e-01 2.089875089211707393e-01 1.835757593617104999e-01 1.062362989223664539e-01 5.037660397430382409e-02 2.025501605205851791e-02 -1.874819402096056936e-02 -7.836681849294051261e-02 -1.266786626220360312e-01
8.969866069632609351e-02 2.089875089211707393e-01 1.772047821885096019e-01 1.961357561873349198e-01 1.174030563481247152e-01 6.635722899542553788e-02 5.411451215796608816e-02 1.176809339093615007e-02 -2.146019074458222972e-02 -6.234076535084285414e-02
7.318052737361194215e-02 1.835757593617104999e-01 1.961357561873349198e-01 2.801015771371040963e-01 1.710007670569037574e-01 1.029603714188771918e-01 9.898142954382535552e-02 4.057508556491673524e-02 1.915978697518151003e-02 -2.958251296872009203e-02
3.121183932994525678e-02 1.062362989223664539e-01 1.174030563481247152e-01 1.710007670569037574e-01 1.191285309845783319e-01 8.883011926228684407e-02 1.086459191193124563e-01 5.320821873904732491e-02 4.831107514311155926e-02 1.545312125679055779e-02
-4.542835919947722442e-03 5.037660397430382409e-02 6.635722899542553788e-02 1.029603714188771918e-01 8.883011926228684407e-02 9.560073279219977183e-02 1.498480348123890082e-01 7.999657815020913554e-02 8.689751929280575826e-02 6.239336345128437822e-02
-4.144744202511451564e-02 2.025501605205851791e-02 5.411451215796608816e-02 9.898142954382535552e-02 1.086459191193124563e-01 1.498480348123890082e-01 2.686202880189130227e-01 1.478864480713384388e-01 1.688040183368569036e-01 1.380345551844149310e-01
-4.674694240864488148e-02 -1.874819402096056936e-02 1.176809339093615007e-02 4.057508556491673524e-02 5.320821873904732491e-02 7.999657815020913554e-02 1.478864480713384388e-01 9.677849992180312388e-02 1.396685903034296239e-01 1.219449301773719990e-01
-1.034498681102083012e-01 -7.836681849294051261e-02 -2.146019074458222972e-02 1.915978697518151003e-02 4.831107514311155926e-02 8.689751929280575826e-02 1.688040183368569036e-01 1.396685903034296239e-01 2.675131385096623515e-01 2.451252016245739074e-01
-1.279364974755043960e-01 -1.266786626220360312e-01 -6.234076535084285414e-02 -2.958251296872009203e-02 1.545312125679055779e-02 6.239336345128437822e-02 1.380345551844149310e-01 1.219449301773719990e-01 2.451252016245739074e-01 2.748762826334387732e-01
2.351764911936894409e-01 1.890048767800049379e-01 1.408295143561491825e-01 2.967922813395752410e-02 -7.527526329108652492e-02 -1.020222918154366776e-01 -1.112484559394486539e-01 -1.163733383294304757e-01 -6.223761200273114635e-02 -1.397468467051471153e-01
1.890048767800049379e-01 1.853880428646473844e-01 1.823414156493074478e-01 1.020005891478847626e-01 -1.846114022093586077e-02 -7.250027834192024345e-02 -9.197527470017854978e-02 -9.862514090635562947e-02 -5.116897286460093258e-02 -1.111464516254620088e-01
1.408295143561491825e-01 1.823414156493074478e-01 2.844927290760486116e-01 2.711937129655322964e-01 1.066353064380725912e-01 -1.194033456029880771e-02 -6.036730506430185161e-02 -7.551306867418330904e-02 -3.832284400553013365e-02 -8.021856038118817256e-02
2.967922813395752410e-02 1.020005891478847626e-01 2.711937129655322964e-01 5.205172122258993062e-01 2.826467531800378463e-01 1.180029672601829449e-01 4.612512022653928595e-02 1.975021946575142642e-02 3.555948754629805874e-03 -4.630198783387883509e-03
-7.527526329108652492e-02 -1.846114022093586077e-02 1.066353064380725912e-01 2.826467531800378463e-01 2.859284024052376472e-01 1.739436652882275780e-01 1.170051396398293642e-01 9.328364316421100533e-02 3.726592812267603971e-02 5.908997715740726270e-02
-1.020222918154366776e-01 -7.250027834192024345e-02 -1.194033456029880771e-02 1.180029672601829449e-01 1.739436652882275780e-01 1.477197729290075645e-01 1.241136628027451200e-01 1.100312675662096923e-01 4.498473463796197336e-02 7.315376272791394852e-02
-1.112484559394486539e-01 -9.197527470017854978e-02 -6.036730506430185161e-02 4.612512022653928595e-02 1.170051396398293642e-01 1.241136628027451200e-01 1.212548953292150178e-01 1.138377201598377159e-01 4.717596998051751256e-02 7.787094690737011993e-02
-1.163733383294304757e-01 -9.862514090635562947e-02 -7.551306867418330904e-02 1.975021946575142642e-02 9.328364316421100533e-02 1.100312675662096923e-01 1.138377201598377159e-01 1.109971200704036459e-01 4.702047219688552243e-02 8.001519904658424553e-02
-6.223761200273114635e-02 -5.116897286460093258e-02 -3.832284400553013365e-02 3.555948754629805874e-03 3.726592812267603971e-02 4.498473463796197336e-02 4.717596998051751256e-02 4.702047219688552243e-02 2.155001955053197776e-02 4.072537604837152964e-02
-1.397468467051471153e-01 -1.111464516254620088e-01 -8.021856038118817256e-02 -4.630198783387883509e-03 5.908997715740726270e-02 7.315376272791394852e-02 7.787094690737011993e-02 8.001519904658424553e-02 4.072537604837152964e-02 8.697531435532002142e-02
3.677890469328614631e-01 2.571168613223145938e-01 1.520702862129666710e-01 6.424935322506658553e-02 1.009874415203314106e-02 -2.119083664001471939e-02 -4.977528874135063452e-02 -6.001745777189113062e-02 -1.210708460996492153e-01 -2.533251443895973010e-01
2.571168613223145938e-01 2.518148195960784319e-01 1.779698552064635786e-01 1.061509764519715793e-01 6.081357943533449023e-02 3.527345994611000290e-02 1.686907148894456129e-02 -1.995201487587353051e-02 -7.710090730487313693e-02 -1.785086064399458716e-01
1.520702862129666710e-01 1.779698552064635786e-01 1.730029099458046948e-01 1.395074689613164387e-01 1.109443996433527174e-01 9.295604894134337770e-02 8.645009985641396999e-02 2.703574843183626994e-02 -2.019259926327928584e-02 -8.946958390923824556e-02
6.424935322506658553e-02 1.061509764519715793e-01 1.395074689613164387e-01 1.481543640030038578e-01 1.398007194735743641e-01 1.300093735379448390e-01 1.311460742624225295e-01 6.061689879062735764e-02 2.669482698287975464e-02 -1.031330024054633726e-02
1.009874415203314106e-02 6.081357943533449023e-02 1.109443996433527174e-01 1.398007194735743641e-01 1.510169897975582876e-01 1.534347058934232289e-01 1.629777036551580960e-01 8.075855975926049535e-02 5.356322659187434665e-02 3.697468819647071331e-02
-2.119083664001471939e-02 3.527345994611000290e-02 9.295604894134337770e-02 1.300093735379448390e-01 1.534347058934232289e-01 1.866264058808000392e-01 2.236509870306108150e-01 1.055988780875228711e-01 7.220578946143579868e-02 6.388314712195285183e-02
-4.977528874135063452e-02 1.686907148894456129e-02 8.645009985641396999e-02 1.311460742624225295e-01 1.629777036551580960e-01 2.236509870306108150e-01 3.387263246257820049e-01 1.502198687816276024e-01 9.845361990987251677e-02 9.253552640909082361e-02
-6.001745777189113062e-02 -1.995201487587353051e-02 2.703574843183626994e-02 6.061689879062735764e-02 8.075855975926049535e-02 1.055988780875228711e-01 1.502198687816276024e-01 7.623507759878667134e-02 6.304689600384824621e-02 7.648276338213536030e-02
-1.210708460996492153e-01 -7.710090730487313693e-02 -2.019259926327928584e-02 2.669482698287975464e-02 5.356322659187434665e-02 7.220578946143579868e-02 9.845361990987251677e-02 6.304689600384824621e-02 7.612788147813118189e-02 1.216339711397378121e-01
-2.533251443895973010e-01 -1.785086064399458716e-01 -8.946958390923824556e-02 -1.031330024054633726e-02 3.697468819647071331e-02 6.388314712195285183e-02 9.253552640909082361e-02 7.648276338213536030e-02 1.216339711397378121e-01 2.305061801411936728e-01
2.247214737873787505e-01 1.333227155607034364e-01 1.251383302836432121e-01 1.210542706371484367e-01 5.961263533101641282e-02 3.731504631877896605e-02 -1.101269381149423167e-02 -8.862861171915259462e-02 -9.342145160273328253e-02 -2.109326315412611563e-01
1.333227155607034364e-01 1.012997299406656893e-01 1.194813243148332982e-01 1.316023046038356792e-01 7.219055021243703241e-02 6.215061149038274280e-02 1.415218289407317413e-02 -1.463992492342545276e-02 -3.759628256059867335e-02 -1.069428779361144416e-01
1.251383302836432121e-01 1.194813243148332982e-01 1.773415946367385421e-01 2.207773399172118234e-01 1.187054431380763220e-01 1.069326796427076121e-01 3.828875062362739612e-02 3.275859661293825664e-02 -1.377582940639264335e-02 -8.081003571342774972e-02
1.210542706371484367e-01 1.316023046038356792e-01 2.207773399172118234e-01 3.395969478143011644e-01 1.723656005583845130e-01 1.503757679276689629e-01 6.039020599946267470e-02 7.505585983023095598e-02 6.907410037213597767e-03 -6.250617455734945593e-02
5.961263533101641282e-02 7.219055021243703241e-02 1.187054431380763220e-01 1.723656005583845130e-01 1.072237422266651558e-01 1.106925157317425468e-01 5.093926572125146573e-02 7.952253804013560690e-02 2.411016610017526970e-02 -1.362356713096361978e-02
3.731504631877896605e-02 6.215061149038274280e-02 1.069326796427076121e-01 1.503757679276689629e-01 1.106925157317425468e-01 1.338571627866938507e-01 7.006048814688309312e-02 1.309336221424444169e-01 5.252205153460588749e-02 2.211996148496774700e-02
-1.101269381149423167e-02 1.415218289407317413e-02 3.828875062362739612e-02 6.039020599946267470e-02 5.093926572125146573e-02 7.006048814688309312e-02 4.944021802473536759e-02 1.365628847581004113e-01 5.360709458542871342e-02 4.557064538096737560e-02
-8.862861171915259462e-02 -1.463992492342545276e-02 3.275859661293825664e-02 7.505585983023095598e-02 7.952253804013560690e-02 1.309336221424444169e-01 1.365628847581004113e-01 5.255342718929327805e-01 1.760002153771669520e-01 1.606747637096476444e-01
-9.342145160273328253e-02 -3.759628256059867335e-02 -1.377582940639264335e-02 6.907410037213597767e-03 2.411016610017526970e-02 5.252205153460588749e-02 5.360709458542871342e-02 1.760002153771669520e-01 9.276892687113059977e-02 1.293000453622899504e-01
-2.109326315412611563e-01 -1.069428779361144416e-01 -8.081003571342774972e-02 -6.250617455734945593e-02 -1.362356713096361978e-02 2.211996148496774700e-02 4.557064538096737560e-02 1.606747637096476444e-01 1.293000453622899504e-01 2.482159320187593554e-01
3.722461914725896381e-01 1.985914883572361955e-01 6.475800206165267803e-02 9.178808433186469440e-02 4.084433751626535825e-02 1.018738016268232877e-02 -1.730038203958467885e-02 -5.197276887283480695e-02 -8.563658984444867672e-02 -1.149252250174010309e-01
1.985914883572361955e-01 1.164041334344158019e-01 4.590782700929104537e-02 8.719201216042327118e-02 4.136840807062835274e-02 1.916050506143762017e-02 4.894559791504435493e-03 -1.438373147198987456e-02 -3.750429587994692088e-02 -5.980997789794158248e-02
6.475800206165267803e-02 4.590782700929104537e-02 3.362307191874067125e-02 1.062007161642912617e-01 4.610647067500029533e-02 2.165780671046594816e-02 1.290619203324073691e-02 5.068677051415537357e-03 -6.574567147998056429e-03 -1.852755566373449903e-02
9.178808433186469440e-02 8.719201216042327118e-02 1.062007161642912617e-01 4.048842190170409139e-01 1.687178084307064951e-01 7.628406712000834755e-02 4.949422913290139892e-02 3.471107730518727813e-02 8.785738971296537525e-03 -2.256897819933956217e-02
4.084433751626535825e-02 4.136840807062835274e-02 4.610647067500029533e-02 1.687178084307064951e-01 8.600462132934355575e-02 6.111675773836899861e-02 6.846234423454823637e-02 7.376071461399066886e-02 5.458369134272515050e-02 5.185693308575565173e-03
1.018738016268232877e-02 1.916050506143762017e-02 2.165780671046594816e-02 7.628406712000834755e-02 6.111675773836899861e-02 7.525575601359332789e-02 1.121485349941094556e-01 1.357034409394413665e-01 1.121890499006292646e-01 3.080141150981405979e-02
-1.730038203958467885e-02 4.894559791504435493e-03 1.290619203324073691e-02 4.949422913290139892e-02 6.846234423454823637e-02 1.121485349941094556e-01 1.879993338941321479e-01 2.392403271379668905e-01 1.947185519115516572e-01 6.277338137127635997e-02
-5.197276887283480695e-02 -1.438373147198987456e-02 5.068677051415537357e-03 3.471107730518727813e-02 7.376071461399066886e-02 1.357034409394413665e-01 2.392403271379668905e-01 3.652571475345129937e-01 2.823873360121108012e-01 9.592632598134281929e-02
-8.563658984444867672e-02 -3.750429587994692088e-02 -6.574567147998056429e-03 8.785738971296537525e-03 5.458369134272515050e-02 1.121890499006292646e-01 1.947185519115516572e-01 2.823873360121108012e-01 2.985278167199750810e-01 1.072701679283614984e-01
-1.149252250174010309e-01 -5.980997789794158248e-02 -1.852755566373449903e-02 -2.256897819933956217e-02 5.185693308575565173e-03 3.080141150981405979e-02 6.277338137127635997e-02 9.592632598134281929e-02 1.072701679283614984e-01 5.979770866565446014e-02
2.624879176540557690e-01 2.044264520597815493e-01 1.403166265642610822e-01 8.056481370611574822e-02 3.901826397615957426e-02 2.913480997920100957e-02 3.693634625948836320e-02 -2.006028902297101162e-03 -9.938881123023908526e-02 -2.634581122095616124e-01
2.044264520597815493e-01 1.933700906986016710e-01 1.427252304664122784e-01 8.652395087432354637e-02 4.721052373909184752e-02 4.621836221132159805e-02 8.014283624918500104e-02 5.623803932345752127e-02 -4.334179292477821632e-02 -1.795850539473106411e-01
1.403166265642610822e-01 1.427252304664122784e-01 1.158729176978506997e-01 7.466403333534130105e-02 4.471018980175341107e-02 5.043168221120794548e-02 9.647445281331584743e-02 8.261975045623695668e-02 -5.129771908872936964e-03 -1.152271167777388777e-01
8.056481370611574822e-02 8.652395087432354637e-02 7.466403333534130105e-02 5.158217380884658199e-02 3.377864829029172955e-02 4.243818498808784451e-02 8.618411673089824976e-02 7.916346376710312049e-02 1.526737240878088368e-02 -5.942190059758893639e-02
3.901826397615957426e-02 4.721052373909184752e-02 4.471018980175341107e-02 3.377864829029172955e-02 2.498527725561865837e-02 3.548128859024680948e-02 7.660622092261409888e-02 7.340441876664838272e-02 2.775115297857105520e-02 -1.983755295377652786e-02
2.913480997920100957e-02 4.621836221132159805e-02 5.043168221120794548e-02 4.243818498808784451e-02 3.548128859024680948e-02 5.625231395152240077e-02 1.281093070392819167e-01 1.238946696093465305e-01 6.058082322905550265e-02 3.832948502917400951e-03
3.693634625948836320e-02 8.014283624918500104e-02 9.647445281331584743e-02 8.618411673089824976e-02 7.660622092261409888e-02 1.281093070392819167e-01 3.049124102533629088e-01 2.930998600685906785e-01 1.526804839477157449e-01 4.194526734081432950e-02
-2.006028902297101162e-03 5.623803932345752127e-02 8.261975045623695668e-02 7.916346376710312049e-02 7.340441876664838272e-02 1.238946696093465305e-01 2.930998600685906785e-01 4.164404909933968058e-01 2.098625483350162746e-01 9.900131700932870982e-02
-9.938881123023908526e-02 -4.334179292477821632e-02 -5.129771908872936964e-03 1.526737240878088368e-02 2.775115297857105520e-02 6.058082322905550265e-02 1.526804839477157449e-01 2.098625483350162746e-01 1.657615426160932159e-01 1.830454645019873594e-01
-2.634581122095616124e-01 -1.795850539473106411e-01 -1.152271167777388777e-01 -5.942190059758893639e-02 -1.983755295377652786e-02 3.832948502917400951e-03 4.194526734081432950e-02 9.900131700932870982e-02 1.830454645019873594e-01 4.083348650706509764e-01
3.421886850141850900e-01 2.262152914513170521e-01 1.386058224429706498e-01 3.288177453063748784e-02 -2.209230047477282050e-02 -5.069270671924984428e-02 -7.576039002164190739e-02 -1.159517120741404284e-01 -8.843400620677527302e-02 -1.545671723587874746e-01
2.262152914513170521e-01 2.450188425596491748e-01 2.353787207216903044e-01 1.413960502279573705e-01 5.736939494576705212e-02 1.365558164732770183e-02 -1.779428109264064722e-02 -5.058165706757133950e-02 -4.747442006248101670e-02 -9.624821457357028709e-02
1.386058224429706498e-01 2.353787207216903044e-01 3.547793302857309428e-01 2.550276553121687551e-01 1.355754555602015077e-01 7.907979582384853934e-02 4.659219024321283043e-02 2.803778162974852189e-02 -2.965047337033956901e-03 -4.459124468456205498e-02
3.288177453063748784e-02 1.413960502279573705e-01 2.550276553121687551e-01 2.900845695555552828e-01 1.712472509173063873e-01 1.142162324396595319e-01 8.720931516863336674e-02 8.562296477402758788e-02 3.663933771115593374e-02 1.228559488639117785e-02
-2.209230047477282050e-02 5.736939494576705212e-02 1.355754555602015077e-01 1.712472509173063873e-01 1.158590684503226637e-01 8.782761797791252545e-02 7.853356829405647166e-02 8.936498281625145090e-02 4.289889955656414622e-02 3.145900296237429117e-02
-5.069270671924984428e-02 1.365558164732770183e-02 7.907979582384853934e-02 1.142162324396595319e-01 8.782761797791252545e-02 8.143447308795628836e-02 9.038687719648189067e-02 1.189868048685527313e-01 5.622313263119416149e-02 4.470892162205492015e-02
-7.576039002164190739e-02 -1.779428109264064722e-02 4.659219024321283043e-02 8.720931516863336674e-02 7.853356829405647166e-02 9.038687719648189067e-02 1.262457361043470283e-01 1.862993484406370026e-01 8.382515496785546139e-02 6.264123343803262856e-02
-1.159517120741404284e-01 -5.058165706757133950e-02 2.803778162974852189e-02 8.562296477402758788e-02 8.936498281625145090e-02 1.189868048685527313e-01 1.862993484406370026e-01 2.993552769140107594e-01 1.316401372010756465e-01 9.472643777563238832e-02
-8.843400620677527302e-02 -4.747442006248101670e-02 -2.965047337033956901e-03 3.663933771115593374e-02 4.289889955656414622e-02 5.622313263119416149e-02 8.382515496785546139e-02 1.316401372010756465e-01 6.446778763014597569e-02 5.870340067188147687e-02
-1.545671723587874746e-01 -9.624821457357028709e-02 -4.459124468456205498e-02 1.228559488639117785e-02 3.145900296237429117e-02 4.470892162205492015e-02 6.264123343803262856e-02 9.472643777563238832e-02 5.870340067188147687e-02 8.056623039809845954e-02
4.637248947698453527e-01 2.729775031589133927e-01 1.267719082686370180e-01 9.173871173586230221e-02 3.715829888805693981e-02 1.828259888912338663e-02 -4.673784549453042364e-03 -4.599906755608902664e-02 -1.259968631468981748e-01 -2.319653313687267959e-01
2.729775031589133927e-01 2.427904124874164515e-01 1.357438242916331195e-01 1.304723086484295136e-01 7.039333781167311788e-02 6.074773777745317432e-02 2.347279686336865845e-02 2.405102686333656509e-02 -3.068599580104808960e-02 -1.334074823542968358e-01
1.267719082686370180e-01 1.357438242916331195e-01 1.038252885976081730e-01 1.376391245043158129e-01 8.323133738803295545e-02 7.908513406732825546e-02 3.535559529435991499e-02 5.581291410106524464e-02 3.276983478731024246e-02 -3.936742954160739327e-02
9.173871173586230221e-02 1.304723086484295136e-01 1.376391245043158129e-01 2.329028627131884965e-01 1.480988789110635195e-01 1.449694100513315709e-01 6.597889394860748102e-02 1.101494626297948309e-01 9.721668708243182133e-02 1.161715300332513863e-02
3.715829888805693981e-02 7.039333781167311788e-02 8.323133738803295545e-02 1.480988789110635195e-01 1.016566764894235309e-01 1.056924165055674047e-01 5.024409071955582284e-02 8.882822347657595707e-02 8.471133942973109454e-02 2.868468959789589878e-02
1.828259888912338663e-02 6.074773777745317432e-02 7.908513406732825546e-02 1.449694100513315709e-01 1.056924165055674047e-01 1.179562821502161823e-01 5.922578025529136314e-02 1.117667898639012614e-01 1.117863889243511516e-01 4.983478980392621466e-02
-4.673784549453042364e-03 2.347279686336865845e-02 3.535559529435991499e-02 6.597889394860748102e-02 5.024409071955582284e-02 5.922578025529136314e-02 3.438205977178515615e-02 7.582085005241412379e-02 8.239568585453513339e-02 4.094720343271467805e-02
-4.599906755608902664e-02 2.405102686333656509e-02 5.581291410106524464e-02 1.101494626297948309e-01 8.882822347657595707e-02 1.117667898639012614e-01 7.582085005241412379e-02 1.930400656040042184e-01 2.246258983968091594e-01 1.185513291432436361e-01
-1.259968631468981748e-01 -3.068599580104808960e-02 3.276983478731024246e-02 9.721668708243182133e-02 8.471133942973109454e-02 1.117863889243511516e-01 8.239568585453513339e-02 2.246258983968091594e-01 3.165381870194878267e-01 1.896240319410195663e-01
-2.319653313687267959e-01 -1.334074823542968358e-01 -3.936742954160739327e-02 1.161715300332513863e-02 2.868468959789589878e-02 4.983478980392621466e-02 4.094720343271467805e-02 1.185513291432436361e-01 1.896240319410195663e-01 1.931832703970250142e-01
2.291469265254109100e-01 1.833338233860958844e-01 1.374159668444867310e-01 9.363557322113613690e-02 3.404451771320681636e-02 1.269447777512134300e-02 -1.465168551468944147e-02 -6.192078435505300044e-02 -8.064310009362789244e-02 -2.393704475011273480e-01
1.833338233860958844e-01 1.929532608878075650e-01 1.785889234697964345e-01 1.496656552236847737e-01 6.456689373521032338e-02 4.864988552012908252e-02 2.673007347498713993e-02 2.913316066576881157e-03 -3.833564137363069252e-02 -1.437318041386746459e-01
1.374159668444867310e-01 1.785889234697964345e-01 2.254731662440917772e-01 2.257196880283721951e-01 9.849838230969698571e-02 8.051072307288878460e-02 5.973600829406806867e-02 5.400142518863462748e-02 -4.868589730786896698e-03 -7.759679575942671215e-02
9.363557322113613690e-02 1.496656552236847737e-01 2.257196880283721951e-01 2.879097156751404540e-01 1.255280358339765923e-01 1.042952561045100979e-01 8.256480133234023189e-02 8.817216875171493551e-02 2.163399340144388922e-02 -2.043568581421959657e-02
3.404451771320681636e-02 6.456689373521032338e-02 9.849838230969698571e-02 1.255280358339765923e-01 5.913478758144428971e-02 5.498087041143422116e-02 4.969934656574135495e-02 6.240416598263191783e-02 2.024871870755583225e-02 7.182473841290756660e-03
1.269447777512134300e-02 4.864988552012908252e-02 8.051072307288878460e-02 1.042952561045100979e-01 5.498087041143422116e-02 6.215813316711581160e-02 6.958054464398080730e-02 1.068429718635686004e-01 3.895362725975277246e-02 3.520480143512452753e-02
-1.465168551468944147e-02 2.673007347498713993e-02 5.973600829406806867e-02 8.256480133234023189e-02 4.969934656574135495e-02 6.958054464398080730e-02 9.933039182091130126e-02 1.802901044561079635e-01 6.510536194935551135e-02 6.571620152523580116e-02
-6.192078435505300044e-02 2.913316066576881157e-03 5.400142518863462748e-02 8.817216875171493551e-02 6.240416598263191783e-02 1.068429718635686004e-01 1.802901044561079635e-01 3.699105093931666643e-01 1.312911971250050602e-01 1.355718225983190972e-01
-8.064310009362789244e-02 -3.833564137363069252e-02 -4.868589730786896698e-03 2.163399340144388922e-02 2.024871870755583225e-02 3.895362725975277246e-02 6.510536194935551135e-02 1.312911971250050602e-01 7.127308175440057181e-02 1.381506723410844129e-01
-2.393704475011273480e-01 -1.437318041386746459e-01 -7.759679575942671215e-02 -2.043568581421959657e-02 7.182473841290756660e-03 3.520480143512452753e-02 6.571620152523580116e-02 1.355718225983190972e-01 1.381506723410844129e-01 4.027100269505117791e-01
2.064900661456720021e-01 1.606384947744652070e-01 1.494422416968049228e-01 3.960172610184040792e-02 -2.540903172043444333e-03 -3.957328592198762485e-02 -5.714759123399426599e-02 -6.819243864738575023e-02 -1.145816188584393436e-01 -2.151750565089618206e-01
1.606384947744652070e-01 1.701380293762027596e-01 2.144064105483792504e-01 7.241031090258714942e-02 5.532963746976711505e-02 2.032761146051385165e-02 -8.099693827073522340e-03 -3.035715635002817631e-02 -6.917484077105440221e-02 -1.423198157973510347e-01
1.494422416968049228e-01 2.144064105483792504e-01 3.957382144052751238e-01 1.379821835575952838e-01 1.346409813141292433e-01 9.653134844235269907e-02 5.120701899476204355e-02 8.741105553289038599e-03 -3.624477340386681595e-02 -1.084520558978104010e-01
3.960172610184040792e-02 7.241031090258714942e-02 1.379821835575952838e-01 7.068781462550455252e-02 1.146330155911852583e-01 9.814336632669924676e-02 6.381532238298623372e-02 3.349514924933549159e-02 1.451949478973748285e-02 -9.313094950704538591e-03
-2.540903172043444333e-03 5.532963746976711505e-02 1.346409813141292433e-01 1.146330155911852583e-01 2.646746884642248165e-01 2.405672278186729574e-01 1.609357870935954060e-01 9.821731114483235603e-02 7.604623588690984093e-02 6.323360650167259012e-02
-3.957328592198762485e-02 2.032761146051385165e-02 9.653134844235269907e-02 9.814336632669924676e-02 2.405672278186729574e-01 2.740589854234521949e-01 1.879407138547989353e-01 1.163842732598232843e-01 9.720963445610912579e-02 9.722863139072331073e-02
-5.714759123399426599e-02 -8.099693827073522340e-03 5.120701899476204355e-02 6.381532238298623372e-02 1.609357870935954060e-01 1.879407138547989353e-01 1.517272580266827708e-01 1.016709283196675501e-01 9.273837654379543660e-02 1.030995758255342787e-01
-6.819243864738575023e-02 -3.035715635002817631e-02 8.741105553289038599e-03 3.349514924933549159e-02 9.821731114483235603e-02 1.163842732598232843e-01 1.016709283196675501e-01 7.697961748431655926e-02 8.085562200292234492e-02 1.037718180791602357e-01
-1.145816188584393436e-01 -6.917484077105440221e-02 -3.624477340386681595e-02 1.451949478973748285e-02 7.604623588690984093e-02 9.720963445610912579e-02 9.273837654379543660e-02 8.085562200292234492e-02 1.040483600623245131e-01 1.585247714210865355e-01
-2.151750565089618206e-01 -1.423198157973510347e-01 -1.084520558978104010e-01 -9.313094950704538591e-03 6.323360650167259012e-02 9.722863139072331073e-02 1.030995758255342787e-01 1.037718180791602357e-01 1.585247714210865355e-01 2.854569659863436804e-01
2.425324387402023885e-01 2.322585459927048457e-01 1.425037338848934576e-01 9.092115356529863190e-02 7.111142266296886782e-02 1.767878783040921498e-02 -3.303678379786200575e-02 -9.705392678665665518e-02 -1.431117371497113988e-01 -1.526626474040318204e-01
2.322585459927048457e-01 2.840081260812887809e-01 1.791289201489499883e-01 1.222063688504184814e-01 1.147157441038723913e-01 6.397297836789529735e-02 7.115227685207905182e-03 -5.393770798835584301e-02 -1.096456269938430317e-01 -1.338948658921890744e-01
1.425037338848934576e-01 1.791289201489499883e-01 1.349388863490156854e-01 1.083087625660982822e-01 1.204657114054944467e-01 8.313632947897246772e-02 3.723022048751208762e-02 -1.599572185581051888e-03 -5.022282462001730063e-02 -7.800147208374291763e-02
9.092115356529863190e-02 1.222063688504184814e-01 1.083087625660982822e-01 1.118465337240039104e-01 1.532886066623594945e-01 1.196169178035972613e-01 7.175089795395254988e-02 4.737298982719859164e-02 5.620499352242943952e-04 -3.847695564987560490e-02
7.111142266296886782e-02 1.147157441038723913e-01 1.204657114054944467e-01 1.532886066623594945e-01 2.551753654112900449e-01 2.126779637174957549e-01 1.380196864914519095e-01 1.173628751979354790e-01 5.811492173612868573e-02 -7.974573303237622937e-03
1.767878783040921498e-02 6.397297836789529735e-02 8.313632947897246772e-02 1.196169178035972613e-01 2.126779637174957549e-01 2.177929724348199869e-01 1.586694697541898014e-01 1.534226825911437220e-01 1.009368774700714760e-01 3.199353014324887723e-02
-3.303678379786200575e-02 7.115227685207905182e-03 3.723022048751208762e-02 7.175089795395254988e-02 1.380196864914519095e-01 1.586694697541898014e-01 1.485465549132961305e-01 1.752820892114077544e-01 1.307306548451946382e-01 6.351322987986077195e-02
-9.705392678665665518e-02 -5.393770798835584301e-02 -1.599572185581051888e-03 4.737298982719859164e-02 1.173628751979354790e-01 1.534226825911437220e-01 1.752820892114077544e-01 2.624713225975627839e-01 2.138828587568599726e-01 1.193880980270416725e-01
