2.012600660235411565e-01 2.100684624053293925e-01 1.421168491679602186e-01 9.430712181632559810e-02 5.342830199626338872e-02 8.965610677761391006e-03 -3.559127601974096389e-02 -7.961444514545540363e-02 -1.266552582014407735e-01 -1.814512706152800747e-01
2.100684624053293925e-01 2.912099187606093098e-01 2.078223627956596598e-01 1.503197350114108544e-01 1.094090799554740673e-01 6.367150092655790572e-02 2.723035680831902006e-02 -2.262329103303685821e-02 -8.232817111560924994e-02 -1.521931375398555553e-01
1.421168491679602186e-01 2.078223627956596598e-01 1.877030425705896177e-01 1.561775296360773391e-01 1.268768844962251674e-01 8.867929455592789278e-02 6.698496248227284178e-02 2.905986641648454841e-02 -2.491566665908840836e-02 -8.948089985603251140e-02
9.430712181632559810e-02 1.503197350114108544e-01 1.561775296360773391e-01 1.590780441067772555e-01 1.455138547113248026e-01 1.130327373384750339e-01 1.009323959559736972e-01 7.096763239528036671e-02 2.297261727600984765e-02 -3.883851423022409433e-02
5.342830199626338872e-02 1.094090799554740673e-01 1.268768844962251674e-01 1.455138547113248026e-01 1.536973935793390644e-01 1.330988696717615993e-01 1.324757924791926667e-01 1.072769427127849839e-01 6.447466421270550696e-02 7.815018323846239720e-03
8.965610677761391006e-03 6.367150092655790572e-02 8.867929455592789278e-02 1.130327373384750339e-01 1.330988696717615993e-01 1.368155015905692384e-01 1.563925125756270296e-01 1.370030964352931813e-01 9.774254345450794634e-02 5.115068759344740951e-02
-3.559127601974096389e-02 2.723035680831902006e-02 6.698496248227284178e-02 1.009323959559736972e-01 1.324757924791926667e-01 1.563925125756270296e-01 2.137117326231183223e-01 2.017910806931101364e-01 1.528776035358194452e-01 1.040975470858726826e-01
-7.961444514545540363e-02 -2.262329103303685821e-02 2.905986641648454841e-02 7.096763239528036671e-02 1.072769427127849839e-01 1.370030964352931813e-01 2.017910806931101364e-01 2.305361039981433935e-01 1.915607559715870045e-01 1.465042270228541221e-01
-1.266552582014407735e-01 -8.232817111560924994e-02 -2.491566665908840836e-02 2.297261727600984765e-02 6.447466421270550696e-02 9.774254345450794634e-02 1.528776035358194452e-01 1.915607559715870045e-01 2.050204995988761936e-01 1.863931378401330330e-01
-1.814512706152800747e-01 -1.521931375398555553e-01 -8.948089985603251140e-02 -3.883851423022409433e-02 7.815018323846239720e-03 5.115068759344740951e-02 1.040975470858726826e-01 1.465042270228541221e-01 1.863931378401330330e-01 2.209676971484363928e-01
1.126139299626801454e-01 1.127580541245970236e-01 1.203134466173703537e-01 8.222226155855034968e-02 4.235320962559699365e-02 -1.433447070811809127e-03 -4.621926289423697320e-02 -9.482328010974010180e-02 -1.284452809473505264e-01 -1.395293609948866087e-01
1.127580541245970236e-01 1.423919748295673637e-01 1.799350759882607231e-01 1.333709399616789804e-01 8.964973133551208673e-02 5.360192428286190969e-02 -6.184445249146052100e-03 -5.870757355726678034e-02 -9.610082100307229536e-02 -1.172933614705239519e-01
1.203134466173703537e-01 1.799350759882607231e-01 2.741965964703373393e-01 2.115384928991048408e-01 1.520558435209270753e-01 1.184990387530558964e-01 3.947829579574575753e-02 -2.144998070435923110e-02 -7.122493173375778197e-02 -1.057904656127097859e-01
8.222226155855034968e-02 1.333709399616789804e-01 2.115384928991048408e-01 2.041178381069063685e-01 1.680905562993684488e-01 1.499899618375360455e-01 7.480034709935579063e-02 2.745670242176285678e-02 -1.925435031880733117e-02 -5.894919597767492997e-02
4.235320962559699365e-02 8.964973133551208673e-02 1.520558435209270753e-01 1.680905562993684488e-01 1.795357391821796322e-01 1.923540490700201555e-01 1.138097389591774533e-01 7.663172590949719754e-02 3.613595164893680656e-02 -6.886167110752078845e-03
-1.433447070811809127e-03 5.360192428286190969e-02 1.184990387530558964e-01 1.499899618375360455e-01 1.923540490700201555e-01 2.612408371147213471e-01 1.740365879436320817e-01 1.434197180921844006e-01 1.050579044105423299e-01 5.638467193498493402e-02
-4.621926289423697320e-02 -6.184445249146052100e-03 3.947829579574575753e-02 7.480034709935579063e-02 1.138097389591774533e-01 1.740365879436320817e-01 1.526346361722078215e-01 1.603896318106534102e-01 1.380730552746212980e-01 9.793776062966313978e-02
-9.482328010974010180e-02 -5.870757355726678034e-02 -2.144998070435923110e-02 2.745670242176285678e-02 7.663172590949719754e-02 1.434197180921844006e-01 1.603896318106534102e-01 2.175455499595846387e-01 2.093717037108703549e-01 1.594898602922373565e-01
-1.284452809473505264e-01 -9.610082100307229536e-02 -7.122493173375778197e-02 -1.925435031880733117e-02 3.613595164893680656e-02 1.050579044105423299e-01 1.380730552746212980e-01 2.093717037108703549e-01 2.515442443367694736e-01 2.048221786945226275e-01
-1.395293609948866087e-01 -1.172933614705239519e-01 -1.057904656127097859e-01 -5.894919597767492997e-02 -6.886167110752078845e-03 5.638467193498493402e-02 9.793776062966313978e-02 1.594898602922373565e-01 2.048221786945226275e-01 2.041786538650456617e-01
2.288137101224098080e-01 1.711235824130863392e-01 1.376249286945824268e-01 1.077089657872461193e-01 6.554198072949221632e-02 8.721719693639610332e-03 -5.349505081601327316e-02 -1.028976426560207769e-01 -1.563089444858225263e-01 -1.853132307833822712e-01
1.711235824130863392e-01 1.528516405556215041e-01 1.423208589657857792e-01 1.269402414728701134e-01 9.534748878168314290e-02 4.880341106126128564e-02 8.373110193768249941e-05 -5.115831785534153547e-02 -1.000052135607883003e-01 -1.286537780562600486e-01
1.376249286945824268e-01 1.423208589657857792e-01 1.636707273470107693e-01 1.683032932827787653e-01 1.411225734184163583e-01 9.407192048889774505e-02 5.244658493873260996e-02 -6.161344022518068161e-03 -5.992887728775225104e-02 -9.464695500301761877e-02
1.077089657872461193e-01 1.269402414728701134e-01 1.683032932827787653e-01 2.098359853969523625e-01 1.952602256996744112e-01 1.429753727660845741e-01 1.056048204927456241e-01 4.269941250699985785e-02 -1.436406123251816012e-02 -6.041956275233997115e-02
6.554198072949221632e-02 9.534748878168314290e-02 1.411225734184163583e-01 1.952602256996744112e-01 2.239249606757470479e-01 1.829853797391701176e-01 1.530245125548737317e-01 9.081481484537080873e-02 3.941338070651977110e-02 -1.445303170390325326e-02
8.721719693639610332e-03 4.880341106126128564e-02 9.407192048889774505e-02 1.429753727660845741e-01 1.829853797391701176e-01 1.912822852540992380e-01 1.887577771773966406e-01 1.304218813599084814e-01 8.852276680753345950e-02 3.714020576825147885e-02
-5.349505081601327316e-02 8.373110193768249941e-05 5.244658493873260996e-02 1.056048204927456241e-01 1.530245125548737317e-01 1.887577771773966406e-01 2.365123792452851759e-01 1.851957496414106119e-01 1.480615952345142039e-01 9.421222085800805279e-02
-1.028976426560207769e-01 -5.115831785534153547e-02 -6.161344022518068161e-03 4.269941250699985785e-02 9.081481484537080873e-02 1.304218813599084814e-01 1.851957496414106119e-01 1.879503748074451142e-01 1.806184811765762233e-01 1.328024426187278950e-01
-1.563089444858225263e-01 -1.000052135607883003e-01 -5.992887728775225104e-02 -1.436406123251816012e-02 3.941338070651977110e-02 8.852276680753345950e-02 1.480615952345142039e-01 1.806184811765762233e-01 2.196664645683250039e-01 1.806814000479078919e-01
-1.853132307833822712e-01 -1.286537780562600486e-01 -9.464695500301761877e-02 -6.041956275233997115e-02 -1.445303170390325326e-02 3.714020576825147885e-02 9.421222085800805279e-02 1.328024426187278950e-01 1.806814000479078919e-01 1.854914720271048090e-01
1.679205481394607791e-01 1.602165281929052165e-01 1.250376423087919964e-01 8.941117294344064215e-02 5.404447870402987603e-02 1.681162093698303217e-02 -2.957976352140452569e-02 -8.152930086882156924e-02 -1.412885407003485749e-01 -1.911862076235269492e-01
1.602165281929052165e-01 2.019894950528614008e-01 1.834025785051381918e-01 1.471030291886780417e-01 1.094278397292269694e-01 7.586923440351456271e-02 3.216249845162135607e-02 -2.410803671948541504e-02 -8.650113487063253170e-02 -1.424008996274953032e-01
1.250376423087919964e-01 1.834025785051381918e-01 2.041981780855159911e-01 1.812246694912498790e-01 1.427751946769058311e-01 1.120538636521454523e-01 7.630179973621525891e-02 2.725346838781193826e-02 -2.972649786397992336e-02 -8.897169923679222603e-02
8.941117294344064215e-02 1.471030291886780417e-01 1.812246694912498790e-01 1.941362733677594876e-01 1.658952202123800679e-01 1.374853093178406427e-01 1.056000298099194906e-01 6.378958389137720508e-02 1.612397875088457735e-02 -4.340098395758944239e-02
5.404447870402987603e-02 1.094278397292269694e-01 1.427751946769058311e-01 1.658952202123800679e-01 1.664377389498582493e-01 1.517183680654763667e-01 1.264187172689599237e-01 9.045034393728476618e-02 5.309052195507920485e-02 -7.230390096315838339e-05
1.681162093698303217e-02 7.586923440351456271e-02 1.120538636521454523e-01 1.374853093178406427e-01 1.517183680654763667e-01 1.627445049908958219e-01 1.524324499013817724e-01 1.233883535270607068e-01 9.385166362805678897e-02 4.707476560862320497e-02
-2.957976352140452569e-02 3.216249845162135607e-02 7.630179973621525891e-02 1.056000298099194906e-01 1.264187172689599237e-01 1.524324499013817724e-01 1.714413792201996412e-01 1.602522877927778366e-01 1.420293197634633353e-01 1.010953068052250353e-01
-8.152930086882156924e-02 -2.410803671948541504e-02 2.725346838781193826e-02 6.378958389137720508e-02 9.045034393728476618e-02 1.233883535270607068e-01 1.602522877927778366e-01 1.859974476827374323e-01 1.931229333454376473e-01 1.577692920533543541e-01
-1.412885407003485749e-01 -8.650113487063253170e-02 -2.972649786397992336e-02 1.612397875088457735e-02 5.309052195507920485e-02 9.385166362805678897e-02 1.420293197634633353e-01 1.931229333454376473e-01 2.558845520410984453e-01 2.345015125311261939e-01
-1.911862076235269492e-01 -1.424008996274953032e-01 -8.897169923679222603e-02 -4.340098395758944239e-02 -7.230390096315838339e-05 4.707476560862320497e-02 1.010953068052250353e-01 1.577692920533543541e-01 2.345015125311261939e-01 2.892498824696125292e-01
2.464861763082664414e-01 1.383309332837406869e-01 1.247455565479276274e-01 9.619169679848110777e-02 5.481833455053601589e-02 1.220137145527771041e-02 -4.601697651981483117e-02 -1.092755855463299480e-01 -1.756864191823703236e-01 -2.214264192946551191e-01
1.383309332837406869e-01 9.775256705974080806e-02 1.162866802184513576e-01 1.091396817755078824e-01 7.789635372287612158e-02 5.207576331444304513e-02 1.160649851021110582e-02 -3.572667715220168710e-02 -8.310947267451065934e-02 -1.144358715438721641e-01
1.247455565479276274e-01 1.162866802184513576e-01 1.825006987771192191e-01 1.945628185921781106e-01 1.482130608918961201e-01 1.186226480664310107e-01 7.185267016497549897e-02 1.383468036781504082e-02 -4.435478327952609157e-02 -8.715814025613584370e-02
9.619169679848110777e-02 1.091396817755078824e-01 1.945628185921781106e-01 2.421635908232441514e-01 1.937832337078057576e-01 1.611708544359998219e-01 1.132077632173232318e-01 5.661367378533827682e-02 3.361854849567132630e-04 -5.030945761820197065e-02
5.481833455053601589e-02 7.789635372287612158e-02 1.482130608918961201e-01 1.937832337078057576e-01 1.921788254432419130e-01 1.789112184497891611e-01 1.346654383933136856e-01 8.431723878545327455e-02 3.966671473880004073e-02 -8.244625672140772077e-03
1.220137145527771041e-02 5.207576331444304513e-02 1.186226480664310107e-01 1.611708544359998219e-01 1.789112184497891611e-01 2.019644022229897251e-01 1.675149609899659886e-01 1.207461714601529568e-01 8.353651407009680951e-02 3.687234586601877834e-02
-4.601697651981483117e-02 1.160649851021110582e-02 7.185267016497549897e-02 1.132077632173232318e-01 1.346654383933136856e-01 1.675149609899659886e-01 1.684579982131673981e-01 1.472462054926924058e-01 1.290723600535003956e-01 8.882195644961227154e-02
-1.092755855463299480e-01 -3.572667715220168710e-02 1.383468036781504082e-02 5.661367378533827682e-02 8.431723878545327455e-02 1.207461714601529568e-01 1.472462054926924058e-01 1.706006330556928130e-01 1.842847811450661621e-01 1.474750320909559709e-01
-1.756864191823703236e-01 -8.310947267451065934e-02 -4.435478327952609157e-02 3.361854849567132630e-04 3.966671473880004073e-02 8.353651407009680951e-02 1.290723600535003956e-01 1.842847811450661621e-01 2.490329565324205519e-01 2.181659943054614081e-01
-2.214264192946551191e-01 -1.144358715438721641e-01 -8.715814025613584370e-02 -5.030945761820197065e-02 -8.244625672140772077e-03 3.687234586601877834e-02 8.882195644961227154e-02 1.474750320909559709e-01 2.181659943054614081e-01 2.488621515641193660e-01
1.607242059585481664e-01 1.733081320093673994e-01 1.264717750576492272e-01 9.128254167167849931e-02 4.516105924949413708e-02 -2.015609271987526922e-03 -4.953101300706214127e-02 -8.235921537941667814e-02 -1.349124969047180156e-01 -1.676781718717390846e-01
1.733081320093673994e-01 2.366464391319888783e-01 1.917137462998566577e-01 1.562481619422940171e-01 1.049644148934596455e-01 5.449120572300655829e-02 5.636863231143334277e-03 -4.350744522825913951e-02 -1.007848939594853943e-01 -1.461577737883676953e-01
1.264717750576492272e-01 1.917137462998566577e-01 1.956302281632484874e-01 1.861483104237781627e-01 1.384340652953051920e-01 9.347174363706536870e-02 5.751629144187341697e-02 7.012411257800154132e-03 -4.381685480011848072e-02 -9.128141302983330818e-02
9.128254167167849931e-02 1.562481619422940171e-01 1.861483104237781627e-01 2.243872281680336089e-01 1.830524625428341379e-01 1.366807163173320017e-01 1.069856800235283872e-01 5.404676700417803542e-02 8.757689079083618919e-03 -4.527210632956515240e-02
4.516105924949413708e-02 1.049644148934596455e-01 1.384340652953051920e-01 1.830524625428341379e-01 1.800016268901001859e-01 1.542366534358960706e-01 1.378723562944403347e-01 8.791415105161214105e-02 5.550611933208615678e-02 7.184243240548770885e-03
-2.015609271987526922e-03 5.449120572300655829e-02 9.347174363706536870e-02 1.366807163173320017e-01 1.542366534358960706e-01 1.669040328260027184e-01 1.743879227088824813e-01 1.236463554277318910e-01 9.951209751903453138e-02 5.826597228474997281e-02
-4.953101300706214127e-02 5.636863231143334277e-03 5.751629144187341697e-02 1.069856800235283872e-01 1.378723562944403347e-01 1.743879227088824813e-01 2.195196866790565804e-01 1.697681794693918778e-01 1.515039478801701034e-01 1.116397285026037162e-01
-8.235921537941667814e-02 -4.350744522825913951e-02 7.012411257800154132e-03 5.404676700417803542e-02 8.791415105161214105e-02 1.236463554277318910e-01 1.697681794693918778e-01 1.607444761134758093e-01 1.698402137190120620e-01 1.393452934140711197e-01
-1.349124969047180156e-01 -1.007848939594853943e-01 -4.381685480011848072e-02 8.757689079083618919e-03 5.550611933208615678e-02 9.951209751903453138e-02 1.515039478801701034e-01 1.698402137190120620e-01 2.273628437889793630e-01 2.056955843307562426e-01
-1.676781718717390846e-01 -1.461577737883676953e-01 -9.128141302983330818e-02 -4.527210632956515240e-02 7.184243240548770885e-03 5.826597228474997281e-02 1.116397285026037162e-01 1.393452934140711197e-01 2.056955843307562426e-01 2.280792322805675065e-01
2.087715504727593041e-01 1.783518374528451078e-01 1.381048970478734872e-01 8.649539331399209996e-02 1.047139310824050581e-02 -4.962712248422981171e-02 -9.150689840393942676e-02 -1.201250903526012437e-01 -1.191422352909237425e-01 -1.722458191710470599e-01
1.783518374528451078e-01 1.916985454955078549e-01 1.807648907590498899e-01 1.457557995757202685e-01 7.171962603743674280e-02 4.983027736706053049e-03 -4.658793568412487873e-02 -8.101231907731437643e-02 -8.803428070597534016e-02 -1.345299459690303956e-01
1.381048970478734872e-01 1.807648907590498899e-01 2.298699587548478640e-01 2.288210524235327059e-01 1.479161867819123177e-01 7.500939182063942612e-02 1.545747838295068871e-02 -2.709790829988904456e-02 -4.938663419445436104e-02 -9.186637787080127737e-02
8.649539331399209996e-02 1.457557995757202685e-01 2.288210524235327059e-01 3.200337284670550231e-01 2.303496751288007516e-01 1.490069126159963009e-01 8.882539300619929357e-02 4.498757625943979044e-02 3.563805555795875653e-03 -3.649299044262364206e-02
1.047139310824050581e-02 7.171962603743674280e-02 1.479161867819123177e-01 2.303496751288007516e-01 2.322313509625223427e-01 1.805573491676503717e-01 1.332400814497997077e-01 9.857566274589922573e-02 5.329110952425736292e-02 2.979822920434036654e-02
-4.962712248422981171e-02 4.983027736706053049e-03 7.500939182063942612e-02 1.490069126159963009e-01 1.805573491676503717e-01 1.828888029714363650e-01 1.616441582179083958e-01 1.366313268701791483e-01 8.727247515730321425e-02 7.626991152109238725e-02
-9.150689840393942676e-02 -4.658793568412487873e-02 1.545747838295068871e-02 8.882539300619929357e-02 1.332400814497997077e-01 1.616441582179083958e-01 1.790222256569087567e-01 1.694966296706761355e-01 1.142227866740729014e-01 1.090360994310199394e-01
-1.201250903526012437e-01 -8.101231907731437643e-02 -2.709790829988904456e-02 4.498757625943979044e-02 9.857566274589922573e-02 1.366313268701791483e-01 1.694966296706761355e-01 1.840931257773957552e-01 1.315898480199164111e-01 1.328245789216291883e-01
-1.191422352909237425e-01 -8.803428070597534016e-02 -4.938663419445436104e-02 3.563805555795875653e-03 5.329110952425736292e-02 8.727247515730321425e-02 1.142227866740729014e-01 1.315898480199164111e-01 1.077950068167353725e-01 1.227814211918361598e-01
-1.722458191710470599e-01 -1.345299459690303956e-01 -9.186637787080127737e-02 -3.649299044262364206e-02 2.979822920434036654e-02 7.626991152109238725e-02 1.090360994310199394e-01 1.328245789216291883e-01 1.227814211918361598e-01 1.635957046248314450e-01
2.547254063797128598e-01 2.088473644741365987e-01 1.524117214423339195e-01 9.507874667766388899e-02 4.139903789281382251e-02 -7.013576617212338195e-03 -5.410567591547905952e-02 -8.987120815834595544e-02 -1.413028065696311231e-01 -2.067445472708631660e-01
2.088473644741365987e-01 2.198052809895212623e-01 1.831394035830705702e-01 1.332907729859357238e-01 8.652989987702106034e-02 4.484998185309463370e-02 3.227592733969021892e-03 -4.261236200768800386e-02 -9.531827195027932353e-02 -1.548565498296352316e-01
1.524117214423339195e-01 1.831394035830705702e-01 1.943006106671497091e-01 1.670867675427090138e-01 1.295155262729829615e-01 9.423900594949230491e-02 6.200927635082236627e-02 1.048982246416716932e-02 -4.345347674156173345e-02 -1.012890347599144925e-01
9.507874667766388899e-02 1.332907729859357238e-01 1.670867675427090138e-01 1.820768076293369508e-01 1.652359809386259037e-01 1.375814910017316428e-01 1.130265160819127618e-01 6.145385233460769897e-02 1.249476826761838390e-02 -4.235465230815854687e-02
4.139903789281382251e-02 8.652989987702106034e-02 1.295155262729829615e-01 1.652359809386259037e-01 1.836106664231720864e-01 1.729762885987933818e-01 1.548195093631271613e-01 1.014608797646226190e-01 5.954803009800976182e-02 1.229944023634499568e-02
-7.013576617212338195e-03 4.484998185309463370e-02 9.423900594949230491e-02 1.375814910017316428e-01 1.729762885987933818e-01 1.997410579582265810e-01 1.984704301778971725e-01 1.367624312432726974e-01 9.661020259339619942e-02 5.742419980847873057e-02
-5.410567591547905952e-02 3.227592733969021892e-03 6.200927635082236627e-02 1.130265160819127618e-01 1.548195093631271613e-01 1.984704301778971725e-01 2.401160920935666576e-01 1.752885383885794957e-01 1.343757638523000730e-01 1.001224061096893658e-01
-8.987120815834595544e-02 -4.261236200768800386e-02 1.048982246416716932e-02 6.145385233460769897e-02 1.014608797646226190e-01 1.367624312432726974e-01 1.752885383885794957e-01 1.545214371338276549e-01 1.392024716686673658e-01 1.226083504571478106e-01
-1.413028065696311231e-01 -9.531827195027932353e-02 -4.345347674156173345e-02 1.249476826761838390e-02 5.954803009800976182e-02 9.661020259339619942e-02 1.343757638523000730e-01 1.392024716686673658e-01 1.578502704048783400e-01 1.651772919046317067e-01
-2.067445472708631660e-01 -1.548565498296352316e-01 -1.012890347599144925e-01 -4.235465230815854687e-02 1.229944023634499568e-02 5.742419980847873057e-02 1.001224061096893658e-01 1.226083504571478106e-01 1.651772919046317067e-01 2.132523703206064825e-01
2.067793540969823374e-01 1.618538417799880169e-01 1.351391251816538297e-01 1.085558026654002417e-01 5.763201273676384073e-02 1.370923447245306348e-02 -3.652666348381259503e-02 -1.081565679602458641e-01 -1.259526548652140365e-01 -1.902164606984982076e-01
1.618538417799880169e-01 1.615250926143775856e-01 1.608857694601334709e-01 1.452841915960538799e-01 9.637740172427804175e-02 6.338517060779823298e-02 1.032014727521906455e-02 -4.415817436522941758e-02 -7.399297730448475829e-02 -1.293916613858211995e-01
1.351391251816538297e-01 1.608857694601334709e-01 1.981264982555559218e-01 1.984210274516313433e-01 1.397949406925423355e-01 1.086747468198345362e-01 5.041569579984476329e-02 9.411853110128435423e-03 -3.640603602177599346e-02 -9.229008956086282023e-02
1.085558026654002417e-01 1.452841915960538799e-01 1.984210274516313433e-01 2.400968384789906040e-01 1.808698478291308476e-01 1.506590873624911175e-01 8.636561089353865517e-02 5.961965427385845784e-02 6.929496563528687522e-04 -5.745754227927778179e-02
5.763201273676384073e-02 9.637740172427804175e-02 1.397949406925423355e-01 1.808698478291308476e-01 1.694553586820375379e-01 1.618893878393032337e-01 1.049148639470114525e-01 9.582509697227317713e-02 3.943659969809262117e-02 -6.291322712377187855e-03
1.370923447245306348e-02 6.338517060779823298e-02 1.086747468198345362e-01 1.506590873624911175e-01 1.618893878393032337e-01 1.833772033356879105e-01 1.348386442501203764e-01 1.471196335128668320e-01 8.227459081046922806e-02 4.324912912120277425e-02
-3.652666348381259503e-02 1.032014727521906455e-02 5.041569579984476329e-02 8.636561089353865517e-02 1.049148639470114525e-01 1.348386442501203764e-01 1.286840780398325057e-01 1.828391648270487890e-01 1.098106087460227337e-01 8.104249348016927257e-02
-1.081565679602458641e-01 -4.415817436522941758e-02 9.411853110128435423e-03 5.961965427385845784e-02 9.582509697227317713e-02 1.471196335128668320e-01 1.828391648270487890e-01 3.389541140325015856e-01 2.030712121123965652e-01 1.616651013043310103e-01
-1.259526548652140365e-01 -7.399297730448475829e-02 -3.640603602177599346e-02 6.929496563528687522e-04 3.943659969809262117e-02 8.227459081046922806e-02 1.098106087460227337e-01 2.030712121123965652e-01 1.597077061568696610e-01 1.608677747587013984e-01
-1.902164606984982076e-01 -1.293916613858211995e-01 -9.229008956086282023e-02 -5.745754227927778179e-02 -6.291322712377187855e-03 4.324912912120277425e-02 8.104249348016927257e-02 1.616651013043310103e-01 1.608677747587013984e-01 2.132937563071646003e-01
2.560396064318787857e-01 2.015876840738148601e-01 1.261293844342445403e-01 1.194410883087720920e-01 6.433100904725067015e-02 1.100010580740714422e-02 -4.535538917861058061e-02 -1.038509281056406441e-01 -1.462124714122462477e-01 -1.676311801987219463e-01
2.015876840738148601e-01 1.891900848590192807e-01 1.345406116382004691e-01 1.463371320678083787e-01 9.593727550621801436e-02 5.214206448801435995e-02 4.880735308717467150e-03 -4.925586047643430720e-02 -9.398654633277678250e-02 -1.224176440449182141e-01
1.261293844342445403e-01 1.345406116382004691e-01 1.237690638403834004e-01 1.653078780936773906e-01 1.169132753849711770e-01 7.929530257198524890e-02 4.478671184533303262e-02 3.384761443752905101e-03 -3.897264657665466120e-02 -6.976015778270262813e-02
1.194410883087720920e-01 1.463371320678083787e-01 1.653078780936773906e-01 2.688091801694870164e-01 1.979844627040420191e-01 1.440098048177180790e-01 1.038189050908485539e-01 5.789424029669251737e-02 -1.268522603618152216e-04 -5.210833874707795910e-02
6.433100904725067015e-02 9.593727550621801436e-02 1.169132753849711770e-01 1.979844627040420191e-01 1.792461547506470354e-01 1.538774850130905647e-01 1.291568384325304519e-01 9.604837431704302264e-02 4.831794683520457961e-02 -6.633212623970914310e-03
1.100010580740714422e-02 5.214206448801435995e-02 7.929530257198524890e-02 1.440098048177180790e-01 1.538774850130905647e-01 1.691578131564193954e-01 1.660843536497204065e-01 1.426119425529490670e-01 9.827975174772383971e-02 3.845078348931448703e-02
-4.535538917861058061e-02 4.880735308717467150e-03 4.478671184533303262e-02 1.038189050908485539e-01 1.291568384325304519e-01 1.660843536497204065e-01 1.987773073014605096e-01 1.956498624614416981e-01 1.504977786169469089e-01 8.358814611121614946e-02
-1.038509281056406441e-01 -4.925586047643430720e-02 3.384761443752905101e-03 5.789424029669251737e-02 9.604837431704302264e-02 1.426119425529490670e-01 1.956498624614416981e-01 2.474299796191896106e-01 2.109728399299642954e-01 1.313189526776318838e-01
-1.462124714122462477e-01 -9.398654633277678250e-02 -3.897264657665466120e-02 -1.268522603618152216e-04 4.831794683520457961e-02 9.827975174772383971e-02 1.504977786169469089e-01 2.109728399299642954e-01 2.255741640158351602e-01 1.573552198153760628e-01
-1.676311801987219463e-01 -1.224176440449182141e-01 -6.976015778270262813e-02 -5.210833874707795910e-02 -6.633212623970914310e-03 3.845078348931448703e-02 8.358814611121614946e-02 1.313189526776318838e-01 1.573552198153760628e-01 1.420066458556795974e-01
2.199193734939782208e-01 1.870580439156633301e-01 1.452782974110425340e-01 1.046901034152730309e-01 6.342827441342505090e-02 2.463393562648076573e-02 -2.023454626454395874e-02 -7.800398570107966445e-02 -1.304893982040107869e-01 -2.087828311098561540e-01
1.870580439156633301e-01 2.026303318844389911e-01 1.772690456186200303e-01 1.392059754019178974e-01 9.914975330826111821e-02 6.712426784168495919e-02 3.668365203841245092e-02 -1.602866621877633430e-02 -7.649133269961333470e-02 -1.508869362160779881e-01
1.452782974110425340e-01 1.772690456186200303e-01 1.884369767234692905e-01 1.636244160471598263e-01 1.253208083344251045e-01 9.682981820574307341e-02 7.766059823385618177e-02 3.486282917588738595e-02 -2.956228255418261869e-02 -1.025852412433724964e-01
1.046901034152730309e-01 1.392059754019178974e-01 1.636244160471598263e-01 1.673742427377515329e-01 1.407419216397029493e-01 1.184105506976124156e-01 1.080002211912241827e-01 7.466383184092598158e-02 1.265599708384007420e-02 -5.682826958176484533e-02
6.342827441342505090e-02 9.914975330826111821e-02 1.253208083344251045e-01 1.407419216397029493e-01 1.365336409252977945e-01 1.283444427980637015e-01 1.293915237508320715e-01 1.038394948225117020e-01 4.844887803909127960e-02 -1.094291264633143190e-02
2.463393562648076573e-02 6.712426784168495919e-02 9.682981820574307341e-02 1.184105506976124156e-01 1.283444427980637015e-01 1.419157113330215547e-01 1.622681805647580022e-01 1.424662088912032609e-01 8.652646061170907177e-02 3.510947267174109598e-02
-2.023454626454395874e-02 3.668365203841245092e-02 7.766059823385618177e-02 1.080002211912241827e-01 1.293915237508320715e-01 1.622681805647580022e-01 2.223146484458574101e-01 2.144055753585112079e-01 1.436241240817402731e-01 9.272508265215555212e-02
-7.800398570107966445e-02 -1.602866621877633430e-02 3.486282917588738595e-02 7.466383184092598158e-02 1.038394948225117020e-01 1.424662088912032609e-01 2.144055753585112079e-01 2.615488301251047698e-01 1.941661018096087210e-01 1.514909541914431501e-01
-1.304893982040107869e-01 -7.649133269961333470e-02 -2.956228255418261869e-02 1.265599708384007420e-02 4.844887803909127960e-02 8.652646061170907177e-02 1.436241240817402731e-01 1.941661018096087210e-01 1.940025985960762145e-01 1.936966079846552113e-01
-2.087828311098561540e-01 -1.508869362160779881e-01 -1.025852412433724964e-01 -5.682826958176484533e-02 -1.094291264633143190e-02 3.510947267174109598e-02 9.272508265215555212e-02 1.514909541914431501e-01 1.936966079846552113e-01 2.653236457350052757e-01
2.406610797780776578e-01 2.025762427421375078e-01 1.586432140657530188e-01 9.824994833767081159e-02 3.135025039205457942e-02 -2.337393184173581009e-02 -6.707944168401401563e-02 -1.089075216894115627e-01 -1.282392142203486185e-01 -1.756600547288746650e-01
2.025762427421375078e-01 2.219975994361585991e-01 2.049481515895003603e-01 1.489228165277232119e-01 8.494726746013339658e-02 3.427075728564174528e-02 -1.042744221430436970e-02 -5.301336495885963784e-02 -8.310156914960158125e-02 -1.322069900478937132e-01
1.586432140657530188e-01 2.049481515895003603e-01 2.500719048064106165e-01 2.060695375078453462e-01 1.386070095528521284e-01 9.033208620151744750e-02 4.801956330003763485e-02 7.698411885054382703e-03 -3.599812792404444989e-02 -8.941860432649058332e-02
9.824994833767081159e-02 1.489228165277232119e-01 2.060695375078453462e-01 2.213073892799566345e-01 1.736168066121833164e-01 1.337983732215572708e-01 9.803826274478671943e-02 6.823242132123749637e-02 1.964554111811469411e-02 -3.313064231738705595e-02
3.135025039205457942e-02 8.494726746013339658e-02 1.386070095528521284e-01 1.736168066121833164e-01 1.734887197913556611e-01 1.566611727504580442e-01 1.308149467196717264e-01 1.102392155441836580e-01 6.463093704819510010e-02 2.199738236428519511e-02
-2.337393184173581009e-02 3.427075728564174528e-02 9.033208620151744750e-02 1.337983732215572708e-01 1.566611727504580442e-01 1.716251462474999989e-01 1.618824411921975792e-01 1.485751798331430007e-01 1.005262064737473260e-01 6.505250483112087756e-02
-6.707944168401401563e-02 -1.042744221430436970e-02 4.801956330003763485e-02 9.803826274478671943e-02 1.308149467196717264e-01 1.618824411921975792e-01 1.849377320676305891e-01 1.884901669154571413e-01 1.327985283578691778e-01 9.865948448511550894e-02
-1.089075216894115627e-01 -5.301336495885963784e-02 7.698411885054382703e-03 6.823242132123749637e-02 1.102392155441836580e-01 1.485751798331430007e-01 1.884901669154571413e-01 2.290935619353123287e-01 1.698422103484726609e-01 1.345764623550926020e-01
-1.282392142203486185e-01 -8.310156914960158125e-02 -3.599812792404444989e-02 1.964554111811469411e-02 6.463093704819510010e-02 1.005262064737473260e-01 1.327985283578691778e-01 1.698422103484726609e-01 1.488907123005144828e-01 1.367439185558517734e-01
-1.756600547288746650e-01 -1.322069900478937132e-01 -8.941860432649058332e-02 -3.313064231738705595e-02 2.199738236428519511e-02 6.505250483112087756e-02 9.865948448511550894e-02 1.345764623550926020e-01 1.367439185558517734e-01 1.579261543570830706e-01
2.894741164224845509e-01 2.126453298308343953e-01 1.382733161662895172e-01 9.895636141025178356e-02 4.857984309747217372e-02 8.588160660447329703e-03 -3.425250352503671908e-02 -9.800057670799841580e-02 -1.587242220041649721e-01 -2.091596705351174146e-01
2.126453298308343953e-01 2.084121001466102407e-01 1.636863179580352323e-01 1.416621519604139290e-01 9.581443267138708975e-02 6.708418163968776771e-02 2.010978267800801050e-02 -2.816503797967317285e-02 -8.631761584901666284e-02 -1.382463075730388236e-01
1.382733161662895172e-01 1.636863179580352323e-01 1.669579747304452411e-01 1.710819278188964732e-01 1.286319893902592160e-01 1.064338048437439566e-01 6.058812670560585756e-02 3.148223565711463084e-02 -1.892423551831814987e-02 -7.374376406488436508e-02
9.895636141025178356e-02 1.416621519604139290e-01 1.710819278188964732e-01 2.125290787567900019e-01 1.737211079473770514e-01 1.528256609686567680e-01 9.912327191793317283e-02 8.115001789552971079e-02 3.482402658568439779e-02 -2.909027771959486405e-02
4.857984309747217372e-02 9.581443267138708975e-02 1.286319893902592160e-01 1.737211079473770514e-01 1.714388379260783912e-01 1.678373033792736890e-01 1.146167329324396245e-01 1.048804158373686513e-01 6.975702236852548976e-02 1.363815607858902094e-02
8.588160660447329703e-03 6.708418163968776771e-02 1.064338048437439566e-01 1.528256609686567680e-01 1.678373033792736890e-01 1.913362924360658690e-01 1.395370432963978780e-01 1.382051170387357808e-01 1.069518027524979237e-01 5.166756320706895195e-02
-3.425250352503671908e-02 2.010978267800801050e-02 6.058812670560585756e-02 9.912327191793317283e-02 1.146167329324396245e-01 1.395370432963978780e-01 1.193914620034972063e-01 1.386956610380560839e-01 1.215921578640051653e-01 7.652171277810583538e-02
-9.800057670799841580e-02 -2.816503797967317285e-02 3.148223565711463084e-02 8.115001789552971079e-02 1.048804158373686513e-01 1.382051170387357808e-01 1.386956610380560839e-01 1.983640879538781654e-01 1.960647472772850120e-01 1.398101556231880760e-01
-1.587242220041649721e-01 -8.631761584901666284e-02 -1.892423551831814987e-02 3.482402658568439779e-02 6.975702236852548976e-02 1.069518027524979237e-01 1.215921578640051653e-01 1.960647472772850120e-01 2.377226059998596430e-01 1.912254603492331284e-01
-2.091596705351174146e-01 -1.382463075730388236e-01 -7.374376406488436508e-02 -2.909027771959486405e-02 1.363815607858902094e-02 5.166756320706895195e-02 7.652171277810583538e-02 1.398101556231880760e-01 1.912254603492331284e-01 2.043734436242910513e-01
2.108931901866677172e-01 1.781869239857362675e-01 1.410087059862567826e-01 1.003439557794668091e-01 4.566311962776781197e-02 2.140875381167565809e-03 -4.437482039392469380e-02 -9.813034982295350261e-02 -1.239679896112225593e-01 -2.065470134188568396e-01
1.781869239857362675e-01 1.959317223187141965e-01 1.816124291124198153e-01 1.478101295832689732e-01 9.137982908211594868e-02 5.682385845069526376e-02 1.215767595171498086e-02 -3.780783112844278426e-02 -7.595105176957603343e-02 -1.474390816836970708e-01
1.410087059862567826e-01 1.816124291124198153e-01 2.118494512151624376e-01 1.950891288026136428e-01 1.322274425322609304e-01 1.025264587478045691e-01 6.240963657094857064e-02 2.114164853746605677e-02 -3.105652280108084709e-02 -9.861142060112039476e-02
1.003439557794668091e-01 1.478101295832689732e-01 1.950891288026136428e-01 2.229249841478855854e-01 1.654127487076308689e-01 1.411532413036146738e-01 1.043115420369263718e-01 7.353448551223853991e-02 1.336922038515156973e-02 -4.848719852699735072e-02
4.566311962776781197e-02 9.137982908211594868e-02 1.322274425322609304e-01 1.654127487076308689e-01 1.485312004922292595e-01 1.458517430060397579e-01 1.204546887807658173e-01 1.015715381770063430e-01 4.789622257962525970e-02 6.392706985988672388e-03
2.140875381167565809e-03 5.682385845069526376e-02 1.025264587478045691e-01 1.411532413036146738e-01 1.458517430060397579e-01 1.716061380370674516e-01 1.593693252698306639e-01 1.491655543239118753e-01 8.786427309933543539e-02 5.721025114662485478e-02
-4.437482039392469380e-02 1.215767595171498086e-02 6.240963657094857064e-02 1.043115420369263718e-01 1.204546887807658173e-01 1.593693252698306639e-01 1.803908146020708203e-01 1.924749447176735684e-01 1.225492978866594973e-01 1.015175886750516870e-01
-9.813034982295350261e-02 -3.780783112844278426e-02 2.114164853746605677e-02 7.353448551223853991e-02 1.015715381770063430e-01 1.491655543239118753e-01 1.924749447176735684e-01 2.498116342768180176e-01 1.705886205753720242e-01 1.582571229749019370e-01
-1.239679896112225593e-01 -7.595105176957603343e-02 -3.105652280108084709e-02 1.336922038515156973e-02 4.789622257962525970e-02 8.786427309933543539e-02 1.225492978866594973e-01 1.705886205753720242e-01 1.483874104248495973e-01 1.722092645712948455e-01
-2.065470134188568396e-01 -1.474390816836970708e-01 -9.861142060112039476e-02 -4.848719852699735072e-02 6.392706985988672388e-03 5.721025114662485478e-02 1.015175886750516870e-01 1.582571229749019370e-01 1.722092645712948455e-01 2.596734542985361660e-01
2.066570344022636008e-01 1.776500418939334081e-01 1.537669665754815007e-01 7.974616432828023072e-02 3.707749897176980391e-02 -1.146018152696756491e-02 -5.479370904387989571e-02 -9.215858918757813267e-02 -1.372061221808676401e-01 -1.952761496943468955e-01
1.776500418939334081e-01 1.975026064969593598e-01 2.016709552032791841e-01 1.198472722500660004e-01 8.769681941869596209e-02 4.364467278340561363e-02 -2.777633756277052973e-03 -4.643878511588758057e-02 -9.295466585895864609e-02 -1.471597896144184459e-01
1.537669665754815007e-01 2.016709552032791841e-01 2.609359754457430958e-01 1.705199596301807674e-01 1.465793653623164439e-01 1.041750040581097825e-01 5.516615888486708225e-02 3.415848537780895311e-03 -5.175011301115068491e-02 -1.115229023529611257e-01
7.974616432828023072e-02 1.198472722500660004e-01 1.705199596301807674e-01 1.437543198809579370e-01 1.561932247169123544e-01 1.291094312472250705e-01 8.969294352542200865e-02 4.973517906388880139e-02 7.947114995293418777e-03 -3.918014964587555882e-02
3.707749897176980391e-02 8.769681941869596209e-02 1.465793653623164439e-01 1.561932247169123544e-01 2.185446721394058156e-01 2.006921609595534450e-01 1.513823607249748515e-01 1.058887128028006275e-01 6.414562866221308612e-02 1.652877381154483835e-02
-1.146018152696756491e-02 4.364467278340561363e-02 1.041750040581097825e-01 1.291094312472250705e-01 2.006921609595534450e-01 2.246344900349782625e-01 1.854244863880248062e-01 1.397710854602428610e-01 1.023247891958990324e-01 6.441314882577804657e-02
-5.479370904387989571e-02 -2.777633756277052973e-03 5.516615888486708225e-02 8.969294352542200865e-02 1.513823607249748515e-01 1.854244863880248062e-01 1.889960726367580779e-01 1.593121902111642452e-01 1.296135889507731009e-01 1.011575158998773427e-01
-9.215858918757813267e-02 -4.643878511588758057e-02 3.415848537780895311e-03 4.973517906388880139e-02 1.058887128028006275e-01 1.397710854602428610e-01 1.593121902111642452e-01 1.606812541114565895e-01 1.493823373119975984e-01 1.333513376911090176e-01
-1.372061221808676401e-01 -9.295466585895864609e-02 -5.175011301115068491e-02 7.947114995293418777e-03 6.414562866221308612e-02 1.023247891958990324e-01 1.296135889507731009e-01 1.493823373119975984e-01 1.702161623586462835e-01 1.769731107655822533e-01
-1.952761496943468955e-01 -1.471597896144184459e-01 -1.115229023529611257e-01 -3.918014964587555882e-02 1.652877381154483835e-02 6.441314882577804657e-02 1.011575158998773427e-01 1.333513376911090176e-01 1.769731107655822533e-01 2.280774124928326985e-01
2.138824894112932307e-01 1.970418687061715468e-01 1.439852191880236221e-01 9.856548359255272451e-02 5.786745739355733664e-02 5.127923849888877533e-03 -4.629805462276670447e-02 -9.970992095778427600e-02 -1.427496030797606175e-01 -1.717043316489374749e-01
1.970418687061715468e-01 2.253341474905099784e-01 1.817442913093945955e-01 1.381566096683782274e-01 1.047823030247660159e-01 5.623336558161738663e-02 2.452644645251484540e-03 -5.370050370912853033e-02 -1.034854269583014158e-01 -1.412344449318735096e-01
1.439852191880236221e-01 1.817442913093945955e-01 1.808164921538835124e-01 1.580170152634353120e-01 1.372627308769434062e-01 9.595984657451842037e-02 4.871170037544673287e-02 -2.985900886163134508e-05 -5.219468879462148964e-02 -9.400369192889837522e-02
9.856548359255272451e-02 1.381566096683782274e-01 1.580170152634353120e-01 1.715017904159914508e-01 1.735446529822461670e-01 1.369753425250878065e-01 9.219415197857028232e-02 5.204738023901835792e-02 1.223777555508867045e-04 -4.901757538261169306e-02
5.786745739355733664e-02 1.047823030247660159e-01 1.372627308769434062e-01 1.735446529822461670e-01 2.171299552108905684e-01 1.911083141877800151e-01 1.427268335619827355e-01 1.064273343410083034e-01 5.504008472512398470e-02 -2.525994252453299740e-03
5.127923849888877533e-03 5.623336558161738663e-02 9.595984657451842037e-02 1.369753425250878065e-01 1.911083141877800151e-01 2.078711573950215719e-01 1.749566458860851714e-01 1.469286784982679339e-01 1.009129198470267164e-01 4.596153056073507687e-02
-4.629805462276670447e-02 2.452644645251484540e-03 4.871170037544673287e-02 9.219415197857028232e-02 1.427268335619827355e-01 1.749566458860851714e-01 1.842795634809624161e-01 1.795460969807959883e-01 1.393366506690089102e-01 8.756323892150394417e-02
-9.970992095778427600e-02 -5.370050370912853033e-02 -2.985900886163134508e-05 5.204738023901835792e-02 1.064273343410083034e-01 1.469286784982679339e-01 1.795460969807959883e-01 2.191666695265216958e-01 1.912119526695331417e-01 1.359268929055041375e-01
