2.518838721096396949e-01 2.638077216176851203e-01 5.460326675358288112e-02 -2.532295573326362459e-02 -5.375753124492499424e-02 -5.749604651501916130e-02 -9.410098034066870232e-02 -1.565172972653643829e-02 1.404559974136418976e-01 2.774086888751512991e-01
2.638077216176851203e-01 7.125175056259964723e-01 3.224482325257745363e-01 1.342869508517273158e-01 6.321452761629789419e-02 2.261823046616705246e-02 6.392128739593143198e-04 -4.319134209515067269e-02 -5.327140047698819547e-02 2.465634115058772807e-02
5.460326675358288112e-02 3.224482325257745363e-01 1.801256156484423721e-01 1.000931640945383755e-01 7.095988043423381852e-02 5.114908904231205838e-02 7.110402164617077303e-02 1.399564708658502035e-02 -7.472865236364245600e-02 -9.729452875705296711e-02
-2.532295573326362459e-02 1.342869508517273158e-01 1.000931640945383755e-01 7.314843601000074746e-02 6.553198953612004996e-02 5.896171724933278735e-02 1.006960977305191712e-01 5.224368707504897097e-02 -5.588415420578088377e-02 -1.156847636380790995e-01
-5.375753124492499424e-02 6.321452761629789419e-02 7.095988043423381852e-02 6.553198953612004996e-02 6.851186954715615673e-02 7.039088513049536477e-02 1.340121364040520180e-01 9.262559549883146726e-02 -3.235450865679510846e-02 -1.147068168219030904e-01
-5.749604651501916130e-02 2.261823046616705246e-02 5.114908904231205838e-02 5.896171724933278735e-02 7.039088513049536477e-02 8.241240646077077625e-02 1.735902132193852254e-01 1.464814152006436165e-01 1.148999542839047004e-02 -8.680638950986754865e-02
-9.410098034066870232e-02 6.392128739593143198e-04 7.110402164617077303e-02 1.006960977305191712e-01 1.340121364040520180e-01 1.735902132193852254e-01 3.940445578461759246e-01 3.712075895452829344e-01 1.080968303251973184e-01 -9.573669474050824912e-02
-1.565172972653643829e-02 -4.319134209515067269e-02 1.399564708658502035e-02 5.224368707504897097e-02 9.262559549883146726e-02 1.464814152006436165e-01 3.712075895452829344e-01 4.325423145002817993e-01 2.427501055512986117e-01 7.947483985066636225e-02
1.404559974136418976e-01 -5.327140047698819547e-02 -7.472865236364245600e-02 -5.588415420578088377e-02 -3.235450865679510846e-02 1.148999542839047004e-02 1.080968303251973184e-01 2.427501055512986117e-01 3.100532936938588668e-01 3.257096008762567774e-01
2.774086888751512991e-01 2.465634115058772807e-02 -9.729452875705296711e-02 -1.156847636380790995e-01 -1.147068168219030904e-01 -8.680638950986754865e-02 -9.573669474050824912e-02 7.947483985066636225e-02 3.257096008762567774e-01 4.947601285576740393e-01
2.214319937347603018e-02 2.833633220067784814e-02 6.617075737319740025e-02 2.652725822990235210e-02 -8.878741493034513280e-03 -3.680238432804601445e-02 1.940689536521400657e-03 5.204678097707538670e-02 8.685333048733714922e-02 6.145508507637913176e-02
2.833633220067784814e-02 8.257186558468801452e-02 2.339327368992090983e-01 1.200120353023234887e-01 1.752923580708655796e-02 -5.054646896265423822e-02 -1.864902527951912622e-02 3.583552961326202501e-03 2.944430202122248416e-02 3.333333047876420319e-02
6.617075737319740025e-02 2.339327368992090983e-01 6.864352290664301748e-01 3.658467606708940556e-01 8.679153436949758882e-02 -7.773882480580709964e-02 -4.553400484889354172e-02 -3.530335649065968751e-02 3.160729070242969570e-03 3.955031233522188910e-02
2.652725822990235210e-02 1.200120353023234887e-01 3.658467606708940556e-01 2.278655655902854238e-01 1.135402229274079938e-01 9.697000877394380824e-02 1.941694472778345004e-02 -1.471940620614427611e-02 -2.651594130810593086e-02 -5.347062096182570237e-03
-8.878741493034513280e-03 1.752923580708655796e-02 8.679153436949758882e-02 1.135402229274079938e-01 1.665149534752580207e-01 3.185967920587097768e-01 1.031907712433131341e-01 2.397158845192335838e-02 -4.049206460818235986e-02 -4.157821842716105665e-02
-3.680238432804601445e-02 -5.054646896265423822e-02 -7.773882480580709964e-02 9.697000877394380824e-02 3.185967920587097768e-01 7.190225491913357914e-01 2.478840662891238777e-01 9.726462270821437106e-02 -4.179281258516544945e-02 -7.466461136017676914e-02
1.940689536521400657e-03 -1.864902527951912622e-02 -4.553400484889354172e-02 1.941694472778345004e-02 1.031907712433131341e-01 2.478840662891238777e-01 1.057992653321197518e-01 1.035598959688556753e-01 8.280961328195191040e-02 3.522752154193058149e-02
5.204678097707538670e-02 3.583552961326202501e-03 -3.530335649065968751e-02 -1.471940620614427611e-02 2.397158845192335838e-02 9.726462270821437106e-02 1.035598959688556753e-01 2.638928864594866086e-01 3.454766623795465508e-01 2.123000030908227531e-01
8.685333048733714922e-02 2.944430202122248416e-02 3.160729070242969570e-03 -2.651594130810593086e-02 -4.049206460818235986e-02 -4.179281258516544945e-02 8.280961328195191040e-02 3.454766623795465508e-01 5.096434317575410100e-01 3.246236298558103917e-01
6.145508507637913176e-02 3.333333047876420319e-02 3.955031233522188910e-02 -5.347062096182570237e-03 -4.157821842716105665e-02 -7.466461136017676914e-02 3.522752154193058149e-02 2.123000030908227531e-01 3.246236298558103917e-01 2.161110541693812004e-01
4.577325584402258674e-01 2.123997049603099374e-01 1.374069225043968445e-01 9.323491188787200179e-02 2.317548346764185512e-03 -8.383427045695726609e-02 -1.367608171766411806e-01 1.789271055868883395e-02 2.229072044861807878e-01 2.964086289052315637e-01
2.123997049603099374e-01 1.127922864184910945e-01 9.863153456653095397e-02 1.057153170479218918e-01 6.178866252306444706e-02 -2.275686283451826275e-02 -8.779816699187727169e-02 -2.391328695706466251e-02 6.542558730084518936e-02 1.225812194109281300e-01
1.374069225043968445e-01 9.863153456653095397e-02 1.332923829553809558e-01 1.995358407145450264e-01 1.764242707791461306e-01 3.945265240809840007e-02 -7.038721203210646093e-02 -5.908183465331159206e-02 -2.091754996521751064e-02 5.163970775556626230e-02
9.323491188787200179e-02 1.057153170479218918e-01 1.995358407145450264e-01 3.516237502364408796e-01 3.545656970563899613e-01 1.393126134892147816e-01 -2.510007762244382407e-02 -8.129750054564599537e-02 -9.393889248632990296e-02 -2.898612574153804858e-03
2.317548346764185512e-03 6.178866252306444706e-02 1.764242707791461306e-01 3.545656970563899613e-01 4.168284018435978178e-01 2.274523930987893405e-01 1.094974964923963318e-01 -2.011575760155397477e-02 -9.246634350851230810e-02 -4.837851572008741025e-02
-8.383427045695726609e-02 -2.275686283451826275e-02 3.945265240809840007e-02 1.393126134892147816e-01 2.274523930987893405e-01 2.174184942665114972e-01 2.657022762164629182e-01 1.173836593631901043e-01 2.306817679768901827e-02 -4.099624019397622721e-02
-1.367608171766411806e-01 -8.779816699187727169e-02 -7.038721203210646093e-02 -2.510007762244382407e-02 1.094974964923963318e-01 2.657022762164629182e-01 5.040280822055678289e-01 3.036333012831931022e-01 1.848722903320085820e-01 -3.398355516262282095e-03
1.789271055868883395e-02 -2.391328695706466251e-02 -5.908183465331159206e-02 -8.129750054564599537e-02 -2.011575760155397477e-02 1.173836593631901043e-01 3.036333012831931022e-01 2.395802910998747759e-01 2.282867685215896336e-01 9.231835873130501968e-02
2.229072044861807878e-01 6.542558730084518936e-02 -2.091754996521751064e-02 -9.393889248632990296e-02 -9.246634350851230810e-02 2.306817679768901827e-02 1.848722903320085820e-01 2.282867685215896336e-01 3.367244324255572741e-01 2.331557610744304232e-01
2.964086289052315637e-01 1.225812194109281300e-01 5.163970775556626230e-02 -2.898612574153804858e-03 -4.837851572008741025e-02 -4.099624019397622721e-02 -3.398355516262282095e-03 9.231835873130501968e-02 2.331557610744304232e-01 2.299793201083522864e-01
1.580310029789553650e-01 1.755223776301404470e-01 1.210030680811172710e-01 5.054840323753400505e-02 -1.060166013301025098e-02 -5.507123138312825655e-02 -8.625219270967723895e-02 -7.590821108400325201e-02 1.595940533405952946e-02 2.575124739878815738e-01
1.755223776301404470e-01 3.300997980509003948e-01 3.084815622781985622e-01 2.120503599810907858e-01 8.778202204211482673e-02 7.528990145841915095e-03 -5.442904740877609060e-02 -9.470935840493362179e-02 -9.526480673653525688e-02 1.188477641232759813e-01
1.210030680811172710e-01 3.084815622781985622e-01 3.394090002724110544e-01 2.701512570325373397e-01 1.491861704620944529e-01 8.029802934523655455e-02 2.968292217738808039e-02 -2.327224088405700775e-02 -7.431758217988010395e-02 1.436294983146093468e-03
5.054840323753400505e-02 2.120503599810907858e-01 2.701512570325373397e-01 2.500176035307652977e-01 1.650589974393744663e-01 1.254904455332124247e-01 1.009096849844565158e-01 5.688068043537825719e-02 -9.733053312736446305e-03 -7.061609061187201775e-02
-1.060166013301025098e-02 8.778202204211482673e-02 1.491861704620944529e-01 1.650589974393744663e-01 1.324450857917422730e-01 1.266309176746891474e-01 1.289533507098213350e-01 1.050416928622403545e-01 5.049413524041842377e-02 -9.239181357469780642e-02
-5.507123138312825655e-02 7.528990145841915095e-03 8.029802934523655455e-02 1.254904455332124247e-01 1.266309176746891474e-01 1.472202220586598109e-01 1.719696082582098384e-01 1.615121151034618896e-01 1.131118146054679308e-01 -1.110579748964334451e-01
-8.625219270967723895e-02 -5.442904740877609060e-02 2.968292217738808039e-02 1.009096849844565158e-01 1.289533507098213350e-01 1.719696082582098384e-01 2.206642167622414330e-01 2.259703609960600490e-01 1.917620501237640163e-01 -1.064988541054158466e-01
-7.590821108400325201e-02 -9.470935840493362179e-02 -2.327224088405700775e-02 5.688068043537825719e-02 1.050416928622403545e-01 1.615121151034618896e-01 2.259703609960600490e-01 2.635617245065186021e-01 2.869140619855691243e-01 -6.798687015588722460e-03
1.595940533405952946e-02 -9.526480673653525688e-02 -7.431758217988010395e-02 -9.733053312736446305e-03 5.049413524041842377e-02 1.131118146054679308e-01 1.917620501237640163e-01 2.869140619855691243e-01 4.715799437791108328e-01 3.035661554309708188e-01
2.575124739878815738e-01 1.188477641232759813e-01 1.436294983146093468e-03 -7.061609061187201775e-02 -9.239181357469780642e-02 -1.110579748964334451e-01 -1.064988541054158466e-01 -6.798687015588722460e-03 3.035661554309708188e-01 6.869714022686975730e-01
5.318809168325264736e-01 1.342945930758911444e-01 1.298960084679848526e-01 8.145540281723756548e-02 -3.805077920447549888e-02 -1.436642888309684341e-01 -1.462766035326935055e-01 -9.859414440123401291e-02 3.963182902818333797e-02 3.705378817090921872e-01
1.342945930758911444e-01 4.342876093084856864e-02 7.527401921783824501e-02 8.311901100198290648e-02 2.561499056129876856e-02 -1.969620039547107654e-02 -3.849311174710887823e-02 -4.042248293628726563e-02 -2.265329662892445750e-02 7.355779509481080725e-02
1.298960084679848526e-01 7.527401921783824501e-02 2.285493605130988204e-01 3.178159527171261489e-01 1.694855855694042956e-01 6.924400461442012378e-02 -1.432100829694899456e-02 -6.346920239960721077e-02 -9.490278316649397583e-02 1.954273958766639119e-02
8.145540281723756548e-02 8.311901100198290648e-02 3.178159527171261489e-01 4.862099702663148504e-01 2.901567313457994457e-01 1.746129694457000947e-01 4.849957660430615630e-02 -3.269894192458051158e-02 -9.331284816422140416e-02 -2.214174001300848668e-02
-3.805077920447549888e-02 2.561499056129876856e-02 1.694855855694042956e-01 2.901567313457994457e-01 2.117549747940299376e-01 1.811236237270741900e-01 1.055025801532891022e-01 5.395981522130406660e-02 1.856091051602232894e-02 -3.358526932220798344e-02
-1.436642888309684341e-01 -1.969620039547107654e-02 6.924400461442012378e-02 1.746129694457000947e-01 1.811236237270741900e-01 2.257315879104676015e-01 1.823718957215622050e-01 1.499835680333715948e-01 1.376364912409688002e-01 -3.618261422839255670e-02
-1.462766035326935055e-01 -3.849311174710887823e-02 -1.432100829694899456e-02 4.849957660430615630e-02 1.055025801532891022e-01 1.823718957215622050e-01 1.783770058297766969e-01 1.751109830906519005e-01 1.958125792335761728e-01 1.142198463240543665e-03
-9.859414440123401291e-02 -4.042248293628726563e-02 -6.346920239960721077e-02 -3.269894192458051158e-02 5.395981522130406660e-02 1.499835680333715948e-01 1.751109830906519005e-01 2.059497877116997777e-01 2.801590645827212178e-01 8.460708531990951409e-02
3.963182902818333797e-02 -2.265329662892445750e-02 -9.490278316649397583e-02 -9.331284816422140416e-02 1.856091051602232894e-02 1.376364912409688002e-01 1.958125792335761728e-01 2.801590645827212178e-01 4.746487469509749202e-01 2.859268846415394250e-01
3.705378817090921872e-01 7.355779509481080725e-02 1.954273958766639119e-02 -2.214174001300848668e-02 -3.358526932220798344e-02 -3.618261422839255670e-02 1.142198463240543665e-03 8.460708531990951409e-02 2.859268846415394250e-01 4.134688882602673976e-01
1.366341891540489295e-01 2.084957771377237146e-01 1.009311876842025335e-01 2.236976809579634823e-02 -3.089163261588276366e-02 -5.452323998664936056e-02 -7.323710903833902108e-02 7.148692176771318831e-03 1.248053848699907376e-01 1.904703088378419118e-01
2.084957771377237146e-01 4.721405363072437855e-01 3.033867192461901507e-01 1.941217782184904705e-01 2.513237336117657428e-02 -7.981519871351128170e-02 -1.718698352154036657e-01 -7.397542376115751050e-02 6.549235117068927942e-03 1.386773408598806490e-01
1.009311876842025335e-01 3.033867192461901507e-01 2.585850029814700246e-01 2.544100046260904802e-01 1.176307227773204511e-01 2.717259640310781821e-02 -2.908201652033878815e-02 -3.672186536029006798e-02 -5.504778250054399857e-02 4.602926946641564855e-03
2.236976809579634823e-02 1.941217782184904705e-01 2.544100046260904802e-01 3.662204215666667317e-01 2.409881734692630728e-01 1.560124148639825958e-01 1.419130060658231607e-01 2.043475894455477893e-02 -8.215826432399168933e-02 -9.166610850193251947e-02
-3.089163261588276366e-02 2.513237336117657428e-02 1.176307227773204511e-01 2.409881734692630728e-01 1.993097190661738682e-01 1.689047963740596403e-01 2.006347586266142569e-01 6.497111647015421654e-02 -2.455150423610721194e-02 -7.784223671801954181e-02
-5.452323998664936056e-02 -7.981519871351128170e-02 2.717259640310781821e-02 1.560124148639825958e-01 1.689047963740596403e-01 1.823839707701888357e-01 2.561927013245628992e-01 1.093752609536204484e-01 4.387509063053150749e-02 -3.938873916793147328e-02
-7.323710903833902108e-02 -1.718698352154036657e-01 -2.908201652033878815e-02 1.419130060658231607e-01 2.006347586266142569e-01 2.561927013245628992e-01 4.032894127498691805e-01 1.975743242732868055e-01 1.492036549178119287e-01 1.618667441104732624e-02
7.148692176771318831e-03 -7.397542376115751050e-02 -3.672186536029006798e-02 2.043475894455477893e-02 6.497111647015421654e-02 1.093752609536204484e-01 1.975743242732868055e-01 1.332543439925949480e-01 1.858024615195157381e-01 1.251113318937329133e-01
1.248053848699907376e-01 6.549235117068927942e-03 -5.504778250054399857e-02 -8.215826432399168933e-02 -2.455150423610721194e-02 4.387509063053150749e-02 1.492036549178119287e-01 1.858024615195157381e-01 4.148577785394979012e-01 3.857952379572675561e-01
1.904703088378419118e-01 1.386773408598806490e-01 4.602926946641564855e-03 -9.166610850193251947e-02 -7.784223671801954181e-02 -3.938873916793147328e-02 1.618667441104732624e-02 1.251113318937329133e-01 3.857952379572675561e-01 4.333246248722461003e-01
3.631887834368650037e-01 3.102150229565915351e-01 2.022920850846112173e-01 -8.660900944566901627e-02 -6.339963928709164975e-02 2.362422833778017595e-02 8.060377262313475621e-02 1.176123300438235014e-01 8.304329423333049742e-02 2.158725334631753368e-01
3.102150229565915351e-01 3.019367889331407984e-01 2.524060202316986135e-01 1.288884033307726232e-02 -9.140024558074150152e-02 -4.482816199583213035e-02 5.391850558295102104e-03 4.446282347679979957e-02 5.356047587410735222e-02 1.726866897213647500e-01
2.022920850846112173e-01 2.524060202316986135e-01 3.351629858455442146e-01 2.830425634734849982e-01 -4.657872605557655810e-02 -1.036913625592112698e-01 -8.472159894625613807e-02 -5.388673092506000850e-02 7.948491853439709764e-03 9.229792903554295824e-02
-8.660900944566901627e-02 1.288884033307726232e-02 2.830425634734849982e-01 7.600190038173223472e-01 2.704543063122709645e-01 1.791098291797614539e-02 -6.066562112358069719e-02 -8.302607988876693768e-02 -4.112160150702083572e-02 -7.368305820872651790e-02
-6.339963928709164975e-02 -9.140024558074150152e-02 -4.657872605557655810e-02 2.704543063122709645e-01 3.562952888651454431e-01 2.632051005948219946e-01 1.977153398465227307e-01 1.543522249595311036e-01 3.783457273803531029e-02 -6.407662878772538845e-03
2.362422833778017595e-02 -4.482816199583213035e-02 -1.036913625592112698e-01 1.791098291797614539e-02 2.632051005948219946e-01 2.715951817297462267e-01 2.402088416033721918e-01 2.083480203296911304e-01 6.703011270517630904e-02 5.404353626422854495e-02
8.060377262313475621e-02 5.391850558295102104e-03 -8.472159894625613807e-02 -6.066562112358069719e-02 1.977153398465227307e-01 2.402088416033721918e-01 2.340180795016872650e-01 2.141237388675505948e-01 7.628928057270237262e-02 8.593618955544946036e-02
1.176123300438235014e-01 4.446282347679979957e-02 -5.388673092506000850e-02 -8.302607988876693768e-02 1.543522249595311036e-01 2.083480203296911304e-01 2.141237388675505948e-01 2.059494254345594910e-01 7.850294547824679392e-02 1.039657284694070483e-01
8.304329423333049742e-02 5.356047587410735222e-02 7.948491853439709764e-03 -4.112160150702083572e-02 3.783457273803531029e-02 6.703011270517630904e-02 7.628928057270237262e-02 7.850294547824679392e-02 3.502511696852546319e-02 6.028935085711979724e-02
2.158725334631753368e-01 1.726866897213647500e-01 9.229792903554295824e-02 -7.368305820872651790e-02 -6.407662878772538845e-03 5.404353626422854495e-02 8.593618955544946036e-02 1.039657284694070483e-01 6.028935085711979724e-02 1.368093454674630949e-01
5.179176875629576404e-01 2.840647081642165284e-01 7.931641389096848183e-02 -2.031139896375339787e-02 -5.294411235308594393e-02 -5.085036996084837252e-02 -2.410138231408621989e-02 3.822227757941083076e-02 1.442225051087130672e-01 3.567271689568602411e-01
2.840647081642165284e-01 3.325374321130109001e-01 2.742579458779569324e-01 1.846718800256727522e-01 9.102902939521731462e-02 -6.027030488865605176e-03 -8.832548632127518173e-02 -5.183747838855776169e-02 -1.513300864242546340e-02 8.509206515306860785e-02
7.931641389096848183e-02 2.742579458779569324e-01 3.283218494453365444e-01 2.720221782174118696e-01 1.735024700474807613e-01 5.444286318411267755e-02 -6.031881083930192011e-02 -7.267766294007335648e-02 -9.515858113605692170e-02 -9.022777068261668421e-02
-2.031139896375339787e-02 1.846718800256727522e-01 2.720221782174118696e-01 2.583031351365274730e-01 1.944295878609033912e-01 1.120448615530576925e-01 2.786084055568678261e-02 -3.636772598825686181e-02 -9.042567792830295825e-02 -1.305744399584809201e-01
-5.294411235308594393e-02 9.102902939521731462e-02 1.735024700474807613e-01 1.944295878609033912e-01 1.910145771713697704e-01 1.812341286428497122e-01 1.643880841959249328e-01 3.732280391443876938e-02 -3.666270320514784797e-02 -9.396503725663259143e-02
-5.085036996084837252e-02 -6.027030488865605176e-03 5.444286318411267755e-02 1.120448615530576925e-01 1.812341286428497122e-01 2.705418620087978732e-01 3.461715020948157306e-01 1.390067159003993968e-01 4.726015252896660634e-02 -1.439835390974587501e-02
-2.410138231408621989e-02 -8.832548632127518173e-02 -6.031881083930192011e-02 2.786084055568678261e-02 1.643880841959249328e-01 3.461715020948157306e-01 5.263353742148790815e-01 2.394950406200674620e-01 1.355903826455299166e-01 8.086298760455078172e-02
3.822227757941083076e-02 -5.183747838855776169e-02 -7.267766294007335648e-02 -3.636772598825686181e-02 3.732280391443876938e-02 1.390067159003993968e-01 2.394950406200674620e-01 1.243522928142574424e-01 9.532335376886827416e-02 9.619107176766322764e-02
1.442225051087130672e-01 -1.513300864242546340e-02 -9.515858113605692170e-02 -9.042567792830295825e-02 -3.666270320514784797e-02 4.726015252896660634e-02 1.355903826455299166e-01 9.532335376886827416e-02 1.161319512634647610e-01 1.757604808523546835e-01
3.567271689568602411e-01 8.509206515306860785e-02 -9.022777068261668421e-02 -1.305744399584809201e-01 -9.396503725663259143e-02 -1.439835390974587501e-02 8.086298760455078172e-02 9.619107176766322764e-02 1.757604808523546835e-01 3.345438382693933788e-01
4.134189502860169951e-01 2.012903955805854794e-01 9.141963659610005677e-02 -1.679689290945596443e-03 -3.716683578653932202e-02 -6.502571392931622007e-02 -3.264269327512377833e-02 -4.202058310503450911e-02 1.233052288863202839e-01 4.018246259626154226e-01
2.012903955805854794e-01 1.253829582238200624e-01 1.191566519331319907e-01 1.156759849262715828e-01 4.216458717589198490e-02 1.367837399627442468e-02 -6.864363881166371702e-03 -3.355764767714963792e-02 5.103652969906856407e-02 1.830987909001728087e-01
9.141963659610005677e-02 1.191566519331319907e-01 2.292757016334270315e-01 3.273752635141797818e-01 1.614011125074193975e-01 1.144857108317765132e-01 2.199980975052386045e-02 -2.804288987141415751e-02 5.553978827316487232e-03 5.239213280545813867e-02
-1.679689290945596443e-03 1.156759849262715828e-01 3.273752635141797818e-01 5.273684784920740221e-01 2.699566520163725336e-01 2.046869179939108940e-01 4.904837262376442186e-02 -1.595616963546123493e-02 -3.192047784215562567e-02 -5.979459655054630840e-02
-3.716683578653932202e-02 4.216458717589198490e-02 1.614011125074193975e-01 2.699566520163725336e-01 1.444775744393439754e-01 1.148821838388593974e-01 3.240434765589289556e-02 1.313560659208523086e-02 -2.328853044433613212e-02 -6.581475693052477038e-02
-6.502571392931622007e-02 1.367837399627442468e-02 1.144857108317765132e-01 2.046869179939108940e-01 1.148821838388593974e-01 9.923151115593917271e-02 4.007709440904345943e-02 7.201538835338609779e-02 -1.462153864366961924e-02 -8.271836768106230475e-02
-3.264269327512377833e-02 -6.864363881166371702e-03 2.199980975052386045e-02 4.904837262376442186e-02 3.240434765589289556e-02 4.007709440904345943e-02 4.639409502618400960e-02 1.886659670884813234e-01 3.305871424835607475e-02 -2.549201304675483698e-02
-4.202058310503450911e-02 -3.355764767714963792e-02 -2.804288987141415751e-02 -1.595616963546123493e-02 1.313560659208523086e-02 7.201538835338609779e-02 1.886659670884813234e-01 9.010999602523899199e-01 2.085143533724536924e-01 1.978527435066061019e-02
1.233052288863202839e-01 5.103652969906856407e-02 5.553978827316487232e-03 -3.192047784215562567e-02 -2.328853044433613212e-02 -1.462153864366961924e-02 3.305871424835607475e-02 2.085143533724536924e-01 9.428303722375944163e-02 1.427223261097255169e-01
4.018246259626154226e-01 1.830987909001728087e-01 5.239213280545813867e-02 -5.979459655054630840e-02 -6.581475693052477038e-02 -8.271836768106230475e-02 -2.549201304675483698e-02 1.978527435066061019e-02 1.427223261097255169e-01 4.190677332670399435e-01
6.528395329094538457e-01 3.874321975323833378e-01 8.838166931123260517e-02 -8.478771394100031653e-03 -4.120331624998253145e-02 -5.804171992575746925e-02 -6.986602892000368104e-02 -3.436293133066899153e-02 9.521036993066536724e-02 2.079733688755259213e-01
3.874321975323833378e-01 2.462268928170459892e-01 7.472148754137666882e-02 7.229639431248473247e-02 1.316210959436351149e-02 -2.208625156856178218e-02 -4.968433236727921865e-02 -4.965293696718174610e-02 3.003752513860258322e-02 1.168902284093877864e-01
8.838166931123260517e-02 7.472148754137666882e-02 6.035533496341961152e-02 1.811823896551564284e-01 8.753558022781866843e-02 3.440451831636727464e-02 9.156113749004878097e-04 -2.391495464614556282e-02 -1.340917277578775220e-02 1.954567268376943001e-02
-8.478771394100031653e-03 7.229639431248473247e-02 1.811823896551564284e-01 6.982162326410333852e-01 3.572217518165374806e-01 1.703230273200744271e-01 6.186552969674809221e-02 -3.577591727914657127e-02 -7.339012716689490012e-02 -2.942498650107107372e-02
-4.120331624998253145e-02 1.316210959436351149e-02 8.753558022781866843e-02 3.572217518165374806e-01 1.922774525436548032e-01 1.023474329339408156e-01 5.937962213945244955e-02 2.306214147838729980e-02 -1.311712843830626501e-02 -1.953429020779661948e-02
-5.804171992575746925e-02 -2.208625156856178218e-02 3.440451831636727464e-02 1.703230273200744271e-01 1.023474329339408156e-01 7.683486643717750419e-02 8.988802213145342945e-02 1.123463007914632522e-01 6.458012385445012493e-02 -2.522535616994843032e-03
-6.986602892000368104e-02 -4.968433236727921865e-02 9.156113749004878097e-04 6.186552969674809221e-02 5.937962213945244955e-02 8.988802213145342945e-02 1.742860951640650968e-01 2.798686945703848794e-01 1.976931488996083730e-01 2.884976011816763400e-02
-3.436293133066899153e-02 -4.965293696718174610e-02 -2.391495464614556282e-02 -3.577591727914657127e-02 2.306214147838729980e-02 1.123463007914632522e-01 2.798686945703848794e-01 4.961746340942158606e-01 3.733676975648477225e-01 8.412351600701487020e-02
9.521036993066536724e-02 3.003752513860258322e-02 -1.340917277578775220e-02 -7.339012716689490012e-02 -1.311712843830626501e-02 6.458012385445012493e-02 1.976931488996083730e-01 3.733676975648477225e-01 3.166690612675424621e-01 1.069587813824372513e-01
2.079733688755259213e-01 1.168902284093877864e-01 1.954567268376943001e-02 -2.942498650107107372e-02 -1.953429020779661948e-02 -2.522535616994843032e-03 2.884976011816763400e-02 8.412351600701487020e-02 1.069587813824372513e-01 8.611989716238817316e-02
3.209642092201504537e-01 2.420889073934001101e-01 1.618275737948422499e-01 9.241336654853293808e-02 3.428696821390917610e-02 -3.556049163026722259e-03 -5.203605380499051053e-02 -5.547378069626136832e-02 8.022820612948555752e-02 3.261172406566524296e-01
2.420889073934001101e-01 3.366666222782429552e-01 3.029923520100975542e-01 2.098344013950277365e-01 1.059036343910054884e-01 5.771083216496600971e-02 3.333979780719471125e-02 -5.212645452773956994e-02 -5.248585145189927498e-02 3.618707008220694438e-02
1.618275737948422499e-01 3.029923520100975542e-01 3.046318369060505016e-01 2.197296048865943763e-01 1.164133886105584437e-01 7.511120892819440897e-02 7.264637949588542698e-02 -2.451021703987571812e-02 -8.830629870234246726e-02 -8.434659762096387292e-02
9.241336654853293808e-02 2.098344013950277365e-01 2.197296048865943763e-01 1.642189325944131417e-01 8.971160681382742141e-02 6.371588767094510386e-02 7.535398204031459879e-02 4.120288504420499889e-03 -7.039404064852583520e-02 -9.807051418982892788e-02
3.428696821390917610e-02 1.059036343910054884e-01 1.164133886105584437e-01 8.971160681382742141e-02 5.238713389560624434e-02 4.501055818792346064e-02 7.125559500924444345e-02 3.954606830963536268e-02 -3.068750898158697019e-02 -7.019035214438051895e-02
-3.556049163026722259e-03 5.771083216496600971e-02 7.511120892819440897e-02 6.371588767094510386e-02 4.501055818792346064e-02 5.747550833572624696e-02 1.283418623155181959e-01 1.289282859215927224e-01 9.052019305224881518e-03 -6.941263788649895683e-02
-5.203605380499051053e-02 3.333979780719471125e-02 7.264637949588542698e-02 7.535398204031459879e-02 7.125559500924444345e-02 1.283418623155181959e-01 3.395553785214640574e-01 4.011616712869426338e-01 9.925216133813888342e-02 -9.760742535648667118e-02
-5.547378069626136832e-02 -5.212645452773956994e-02 -2.451021703987571812e-02 4.120288504420499889e-03 3.954606830963536268e-02 1.289282859215927224e-01 4.011616712869426338e-01 5.666598313366240092e-01 2.259504480501441925e-01 3.767397632728485685e-02
8.022820612948555752e-02 -5.248585145189927498e-02 -8.830629870234246726e-02 -7.039404064852583520e-02 -3.068750898158697019e-02 9.052019305224881518e-03 9.925216133813888342e-02 2.259504480501441925e-01 2.049619057251425847e-01 2.769599943577533696e-01
3.261172406566524296e-01 3.618707008220694438e-02 -8.434659762096387292e-02 -9.807051418982892788e-02 -7.019035214438051895e-02 -6.941263788649895683e-02 -9.760742535648667118e-02 3.767397632728485685e-02 2.769599943577533696e-01 6.524786411865770575e-01
5.418248387872393046e-01 3.568012846241503944e-01 6.061274824118419169e-02 -1.375914533929410988e-01 -1.151953402571529034e-01 -6.636572444821789429e-02 -8.937633060206054067e-03 5.827528795312001547e-02 1.004401466525114833e-01 2.439627949361469206e-01
3.568012846241503944e-01 3.343835750396556006e-01 2.442507897690481267e-01 6.829115234079860541e-02 -1.779000089603120088e-02 -4.497767500873464663e-02 -4.913900478192130550e-02 -4.000568119340591061e-02 2.590547932415147858e-02 1.358474882928543681e-01
6.061274824118419169e-02 2.442507897690481267e-01 4.792660442973541990e-01 3.759579491453141076e-01 1.560907923825545773e-01 3.899195309106659457e-02 -3.391853791117904748e-02 -8.603350771232309846e-02 -4.613590731647801424e-02 -1.899931802844697856e-02
-1.375914533929410988e-01 6.829115234079860541e-02 3.759579491453141076e-01 3.972810943320303489e-01 2.098254147848214457e-01 1.089632443550328372e-01 4.733303362428047112e-02 4.076675666130511952e-03 -3.339917335077816768e-02 -8.574283786584022127e-02
-1.151953402571529034e-01 -1.779000089603120088e-02 1.560907923825545773e-01 2.098254147848214457e-01 1.410846626717762176e-01 1.117035196343208886e-01 1.022072995091297398e-01 1.039328387131183140e-01 2.094836793615281051e-02 -4.419225525379145980e-02
-6.636572444821789429e-02 -4.497767500873464663e-02 3.899195309106659457e-02 1.089632443550328372e-01 1.117035196343208886e-01 1.351625100803035551e-01 1.697259281752128424e-01 2.136740645655896831e-01 7.932575628167654047e-02 4.049479543340802831e-03
-8.937633060206054067e-03 -4.913900478192130550e-02 -3.391853791117904748e-02 4.733303362428047112e-02 1.022072995091297398e-01 1.697259281752128424e-01 2.478352241433035286e-01 3.364311034185176741e-01 1.420339391466876600e-01 5.490011931006749668e-02
5.827528795312001547e-02 -4.000568119340591061e-02 -8.603350771232309846e-02 4.076675666130511952e-03 1.039328387131183140e-01 2.136740645655896831e-01 3.364311034185176741e-01 4.872157075839796958e-01 2.150590294732205310e-01 1.119881657363772653e-01
1.004401466525114833e-01 2.590547932415147858e-02 -4.613590731647801424e-02 -3.339917335077816768e-02 2.094836793615281051e-02 7.932575628167654047e-02 1.420339391466876600e-01 2.150590294732205310e-01 1.072350638264351341e-01 8.381598983226974664e-02
2.439627949361469206e-01 1.358474882928543681e-01 -1.899931802844697856e-02 -8.574283786584022127e-02 -4.419225525379145980e-02 4.049479543340802831e-03 5.490011931006749668e-02 1.119881657363772653e-01 8.381598983226974664e-02 1.287112792379206394e-01
6.973218839489836451e-01 3.442602794845798231e-01 7.721670294222707231e-02 -3.494816612490936336e-02 -5.535837370235094368e-02 -7.931200409390273820e-02 -4.214141973186044665e-02 -6.579633088437897293e-02 1.762783869272267073e-02 2.560439478336126728e-01
3.442602794845798231e-01 2.473322673365411228e-01 1.347122092544260075e-01 1.368600423221842388e-01 7.247870252310403827e-02 4.778806764872606250e-02 -9.227361248003336514e-03 -8.293786575602066224e-02 -8.765185418494272906e-02 6.689654428763497362e-02
7.721670294222707231e-02 1.347122092544260075e-01 1.453612425862140511e-01 2.271988683211720317e-01 1.479670841148628402e-01 1.346422865586655859e-01 3.154998242929565877e-02 -1.953067281970798097e-02 -5.975078070227653193e-02 -2.194112394613928485e-02
-3.494816612490936336e-02 1.368600423221842388e-01 2.271988683211720317e-01 4.072040369679932881e-01 2.743160507378612500e-01 2.622067198014453315e-01 7.961399339826370769e-02 3.236648934346612189e-02 -4.188077626699622524e-02 -6.839533444111708937e-02
-5.535837370235094368e-02 7.247870252310403827e-02 1.479670841148628402e-01 2.743160507378612500e-01 1.952780721660103413e-01 1.956204191869149178e-01 6.639272444500790571e-02 5.308037052591808164e-02 5.755811678322822825e-03 -4.178598883380403584e-02
-7.931200409390273820e-02 4.778806764872606250e-02 1.346422865586655859e-01 2.622067198014453315e-01 1.956204191869149178e-01 2.085287365879373578e-01 8.121269566072827906e-02 1.001532645585866965e-01 6.413721791911863868e-02 -2.163206562591958593e-02
-4.214141973186044665e-02 -9.227361248003336514e-03 3.154998242929565877e-02 7.961399339826370769e-02 6.639272444500790571e-02 8.121269566072827906e-02 4.684681184856760022e-02 1.020289528221656195e-01 1.091918894275300811e-01 3.032084566979558610e-02
-6.579633088437897293e-02 -8.293786575602066224e-02 -1.953067281970798097e-02 3.236648934346612189e-02 5.308037052591808164e-02 1.001532645585866965e-01 1.020289528221656195e-01 3.106244477039286078e-01 3.828589392429336824e-01 1.582089048194589842e-01
1.762783869272267073e-02 -8.765185418494272906e-02 -5.975078070227653193e-02 -4.188077626699622524e-02 5.755811678322822825e-03 6.413721791911863868e-02 1.091918894275300811e-01 3.828589392429336824e-01 5.199705683096884634e-01 2.579071481609098715e-01
2.560439478336126728e-01 6.689654428763497362e-02 -2.194112394613928485e-02 -6.839533444111708937e-02 -4.178598883380403584e-02 -2.163206562591958593e-02 3.032084566979558610e-02 1.582089048194589842e-01 2.579071481609098715e-01 2.215319325441315601e-01
3.024561169731322385e-01 1.756467156875232138e-01 8.611565917311006513e-02 2.253662318352817745e-02 -1.370706111750506773e-02 -4.517508661812232734e-02 -5.473138625377509114e-02 -4.822646166510592691e-02 8.411746714756042353e-02 3.892425935108412283e-01
1.756467156875232138e-01 1.976680867332467617e-01 2.236545561766308254e-01 2.021783808116290881e-01 6.441659804379133714e-02 5.985275007647164122e-03 -3.941081944314848984e-02 -7.838211352190083137e-02 8.822423095584539660e-03 1.434902321056908403e-01
8.611565917311006513e-02 2.236545561766308254e-01 3.506506947271572638e-01 3.664947363283421189e-01 1.398300199132777588e-01 6.753691015296714450e-02 2.245187008813343769e-03 -5.360585203404120980e-02 -3.249404803845999667e-02 -3.235361284113239672e-02
2.253662318352817745e-02 2.021783808116290881e-01 3.664947363283421189e-01 4.208782324024671895e-01 1.709726415514991049e-01 1.081447450580511199e-01 4.918402800034985672e-02 7.884136637939465064e-03 -3.773081417478714450e-02 -1.190522760370392730e-01
-1.370706111750506773e-02 6.441659804379133714e-02 1.398300199132777588e-01 1.709726415514991049e-01 7.913178383073624089e-02 7.120647424535728187e-02 6.271731700341126592e-02 7.227266584349464895e-02 6.279133431387835720e-04 -6.409122753731255617e-02
-4.517508661812232734e-02 5.985275007647164122e-03 6.753691015296714450e-02 1.081447450580511199e-01 7.120647424535728187e-02 1.079054230910820311e-01 1.407008278702024384e-01 2.124963538893434589e-01 4.582695260270397419e-02 -5.162437823585763752e-02
-5.473138625377509114e-02 -3.941081944314848984e-02 2.245187008813343769e-03 4.918402800034985672e-02 6.271731700341126592e-02 1.407008278702024384e-01 2.154322299892488801e-01 3.527313421846857699e-01 9.777876108932850863e-02 -1.078014004992775866e-02
-4.822646166510592691e-02 -7.838211352190083137e-02 -5.360585203404120980e-02 7.884136637939465064e-03 7.227266584349464895e-02 2.124963538893434589e-01 3.527313421846857699e-01 6.169086201202420572e-01 1.937666027028964455e-01 7.180254344663941635e-02
8.411746714756042353e-02 8.822423095584539660e-03 -3.249404803845999667e-02 -3.773081417478714450e-02 6.279133431387835720e-04 4.582695260270397419e-02 9.777876108932850863e-02 1.937666027028964455e-01 1.009229342086026826e-01 1.760234984215178211e-01
3.892425935108412283e-01 1.434902321056908403e-01 -3.235361284113239672e-02 -1.190522760370392730e-01 -6.409122753731255617e-02 -5.162437823585763752e-02 -1.078014004992775866e-02 7.180254344663941635e-02 1.760234984215178211e-01 6.080458779240889289e-01
2.907691662065027827e-01 1.695124005168232584e-01 9.577749542639224511e-02 -2.093627931880558644e-04 -5.851253134936719447e-02 -4.406547353050633414e-02 1.274053481490635548e-02 7.646928662442123437e-02 1.802644908962120762e-01 3.454735664546904061e-01
1.695124005168232584e-01 2.378118880314823713e-01 3.503656633780569685e-01 9.321296719708628553e-02 -4.739067513216056911e-04 -5.075536458199145229e-02 -4.216105513112371195e-02 -1.139617368586541557e-02 3.072306049866639632e-02 1.099326130875785262e-01
9.577749542639224511e-02 3.503656633780569685e-01 6.777053739431704305e-01 2.145432565797625868e-01 9.692935659271334492e-02 -1.980446007456639762e-02 -7.071285802538594678e-02 -7.953381807625414801e-02 -9.231478444295004859e-02 -7.813888252845915816e-02
-2.093627931880558644e-04 9.321296719708628553e-02 2.145432565797625868e-01 9.603458571689776901e-02 1.275601331926957405e-01 9.648069564582351099e-02 3.886668439150139237e-02 -3.334761968441317913e-03 -3.345560534701463862e-02 -5.391677985232906645e-02
-5.851253134936719447e-02 -4.739067513216056911e-04 9.692935659271334492e-02 1.275601331926957405e-01 3.582654373112879598e-01 3.667307499435445983e-01 2.175163734151677464e-01 8.222992545601198744e-02 8.930739959023001676e-04 -6.467966247692569226e-02
-4.406547353050633414e-02 -5.075536458199145229e-02 -1.980446007456639762e-02 9.648069564582351099e-02 3.667307499435445983e-01 4.182486230157327345e-01 2.655508135427241401e-01 1.220941867557490679e-01 4.784592990470440399e-02 -5.256396591429462681e-03
1.274053481490635548e-02 -4.216105513112371195e-02 -7.071285802538594678e-02 3.886668439150139237e-02 2.175163734151677464e-01 2.655508135427241401e-01 1.856790406141864413e-01 1.037186679204427919e-01 7.515359748580797972e-02 6.841690585584755957e-02
7.646928662442123437e-02 -1.139617368586541557e-02 -7.953381807625414801e-02 -3.334761968441317913e-03 8.222992545601198744e-02 1.220941867557490679e-01 1.037186679204427919e-01 8.210733896676712662e-02 9.845320143645336364e-02 1.392912857115891356e-01
1.802644908962120762e-01 3.072306049866639632e-02 -9.231478444295004859e-02 -3.345560534701463862e-02 8.930739959023001676e-04 4.784592990470440399e-02 7.515359748580797972e-02 9.845320143645336364e-02 1.654386531011107220e-01 2.735046175989341855e-01
3.454735664546904061e-01 1.099326130875785262e-01 -7.813888252845915816e-02 -5.391677985232906645e-02 -6.467966247692569226e-02 -5.256396591429462681e-03 6.841690585584755957e-02 1.392912857115891356e-01 2.735046175989341855e-01 4.879398930928640632e-01
3.488055780421534524e-01 3.605336795071621414e-01 1.784268320088774618e-01 4.249214240528212394e-02 -5.287456842534492274e-02 -7.923565490002100475e-02 -3.853412283884839751e-02 2.736942798103163266e-02 1.119833161436574465e-01 1.817702084010030250e-01
3.605336795071621414e-01 4.348015519347413482e-01 2.499397792807658836e-01 1.153753060025498323e-01 3.640127324430407485e-02 -3.650427770128424065e-02 -6.823432858017247638e-02 -7.637673712862431963e-02 9.206719717335106606e-03 1.409206921332716023e-01
1.784268320088774618e-01 2.499397792807658836e-01 1.774201966660319818e-01 1.300695782744031026e-01 1.282745405847517950e-01 6.061797871037222230e-02 -2.022174528927259129e-02 -8.170884304442024848e-02 -5.356156157065567608e-02 4.095102658316719657e-02
4.249214240528212394e-02 1.153753060025498323e-01 1.300695782744031026e-01 1.613014854007389920e-01 2.390993897700213477e-01 1.756407845253864786e-01 4.793812005327317133e-02 -5.460953840451115981e-02 -8.115185202688107724e-02 -2.803508100636401684e-02
-5.287456842534492274e-02 3.640127324430407485e-02 1.282745405847517950e-01 2.390993897700213477e-01 4.233314182505517609e-01 3.499989918389291299e-01 1.499079948377116667e-01 -3.561265007890254512e-03 -9.171907076837534922e-02 -7.774012662697532550e-02
-7.923565490002100475e-02 -3.650427770128424065e-02 6.061797871037222230e-02 1.756407845253864786e-01 3.499989918389291299e-01 3.350661719269422134e-01 1.954291567795433671e-01 1.087606224735565563e-01 1.002618108014166620e-02 -4.364186890745573588e-02
-3.853412283884839751e-02 -6.823432858017247638e-02 -2.022174528927259129e-02 4.793812005327317133e-02 1.499079948377116667e-01 1.954291567795433671e-01 1.916239813130247993e-01 2.331059014027020704e-01 1.618210065152419219e-01 4.324236970296232996e-02
2.736942798103163266e-02 -7.637673712862431963e-02 -8.170884304442024848e-02 -5.460953840451115981e-02 -3.561265007890254512e-03 1.087606224735565563e-01 2.331059014027020704e-01 4.181081045768059168e-01 3.598036607807925669e-01 1.560329916731630906e-01
