5.012601600869204255e-01 2.280156526067737277e-01 -6.771848925327418611e-02 -5.367544994009641052e-02 2.872921671490966111e-02 3.993056208583668082e-02 -3.108015269549006376e-03 -4.335817478208565945e-02 1.649930721726830529e-02 7.182769294530616522e-02 -4.797232298695146280e-02 -2.950122736410622504e-01
2.280156526067737277e-01 6.772977224030577448e-01 2.750724817244002418e-01 -2.579043143402523497e-02 -9.584770375360512906e-02 -1.323646646556854000e-03 5.655941509940391743e-02 -5.280626373434318260e-03 -4.951495241320386098e-02 1.952804565329196301e-02 7.607599651271849950e-02 2.664313064311340379e-02
-6.771848925327418611e-02 2.750724817244002418e-01 4.614492680350758547e-01 2.497745957766751013e-01 4.505709870909969939e-02 -5.789674879633603666e-02 -4.541580587789156159e-02 4.363693846132575549e-02 2.529562412219532597e-02 -5.682547594613931996e-02 -2.306639789881426497e-02 7.625042316986545277e-02
-5.367544994009641052e-02 -2.579043143402523497e-02 2.497745957766751013e-01 4.649631523194400762e-01 2.744513663265376602e-01 2.811273398242820562e-02 -7.387190326219780778e-02 -3.648441055943830828e-03 4.522967375162919440e-02 -8.209502370186928452e-03 -4.256353228522626042e-02 -1.708063978056315393e-02
2.872921671490966111e-02 -9.584770375360512906e-02 4.505709870909969939e-02 2.744513663265376602e-01 4.789883386049149649e-01 2.296847824900749013e-01 3.966758862186543777e-02 -6.429865389275335463e-02 -1.176218781469586319e-02 4.777844004207715267e-02 7.522897342356168332e-03 -5.041662972171290225e-02
3.993056208583668082e-02 -1.323646646556854000e-03 -5.789674879633603666e-02 2.811273398242820562e-02 2.296847824900749013e-01 4.054684995343728615e-01 2.909909873922790213e-01 -7.244010857286503451e-03 -8.276640431449189261e-02 2.071008897124146722e-02 4.864195890342511153e-02 5.327362420309494223e-03
-3.108015269549006376e-03 5.655941509940391743e-02 -4.541580587789156159e-02 -7.387190326219780778e-02 3.966758862186543777e-02 2.909909873922790213e-01 5.502671810929089524e-01 2.303599349363704418e-01 -3.119705117004750727e-02 -5.081396624575319765e-02 1.794807596588187532e-02 4.467013503861276547e-02
-4.335817478208565945e-02 -5.280626373434318260e-03 4.363693846132575549e-02 -3.648441055943830828e-03 -6.429865389275335463e-02 -7.244010857286503451e-03 2.303599349363704418e-01 5.436354829012810530e-01 2.790744955692465723e-01 -3.591980249839211992e-02 -8.697912116326209087e-02 -1.283865433336043096e-02
1.649930721726830529e-02 -4.951495241320386098e-02 2.529562412219532597e-02 4.522967375162919440e-02 -1.176218781469586319e-02 -8.276640431449189261e-02 -3.119705117004750727e-02 2.790744955692465723e-01 5.018823111253220004e-01 2.309233232084320075e-01 1.292905239021269366e-03 -5.956509889869715524e-02
7.182769294530616522e-02 1.952804565329196301e-02 -5.682547594613931996e-02 -8.209502370186928452e-03 4.777844004207715267e-02 2.071008897124146722e-02 -5.081396624575319765e-02 -3.591980249839211992e-02 2.309233232084320075e-01 5.840710190677570468e-01 2.974055594982288331e-01 4.116905333294677838e-02
-4.797232298695146280e-02 7.607599651271849950e-02 -2.306639789881426497e-02 -4.256353228522626042e-02 7.522897342356168332e-03 4.864195890342511153e-02 1.794807596588187532e-02 -8.697912116326209087e-02 1.292905239021269366e-03 2.974055594982288331e-01 3.667310409500307844e-01 2.199327442247325792e-01
-2.950122736410622504e-01 2.664313064311340379e-02 7.625042316986545277e-02 -1.708063978056315393e-02 -5.041662972171290225e-02 5.327362420309494223e-03 4.467013503861276547e-02 -1.283865433336043096e-02 -5.956509889869715524e-02 4.116905333294677838e-02 2.199327442247325792e-01 4.639858238789138500e-01
5.942210213816365716e-01 2.644552676935283397e-01 6.770693113479295776e-03 -6.681021543840492960e-02 1.412862652906055755e-02 4.989568320613749219e-02 -9.606221699809317990e-03 -4.541573400338854566e-02 1.536529687851967592e-02 7.176247588419522316e-02 1.305859730804848767e-02 -2.470108913055008015e-01
2.644552676935283397e-01 4.812336612769386734e-01 2.494409366847806786e-01 8.608907669386711703e-03 -7.417657299411917204e-02 -3.263020915212827555e-02 4.179684452510788739e-02 1.491367216253109036e-02 -4.382546006820126072e-02 -1.074423866799452919e-02 6.968759113261580040e-02 4.767882086123287344e-02
6.770693113479295776e-03 2.494409366847806786e-01 4.342527449261867067e-01 2.584483292843576252e-01 -2.594381533566155265e-02 -8.195976850956532278e-02 1.404131066432916242e-02 4.647491593175672592e-02 -1.526789256236246554e-02 -4.346005231735661223e-02 -9.261553228847709072e-04 6.706723863405250619e-02
-6.681021543840492960e-02 8.608907669386711703e-03 2.584483292843576252e-01 6.261468355408784658e-01 2.734844663154221145e-01 3.447990430945070683e-02 -6.524573176399578456e-02 -7.956790619751035257e-03 3.812186115131802056e-02 1.924328287136151117e-03 -4.044401056382912474e-02 -1.864182952469167764e-02
1.412862652906055755e-02 -7.417657299411917204e-02 -2.594381533566155265e-02 2.734844663154221145e-01 3.729958139536765360e-01 2.509165722867248705e-01 1.023857643425834726e-02 -6.805578566243492000e-02 9.525750075080996037e-04 4.301432321620446420e-02 1.591345721474269129e-02 -3.735590396016525566e-02
4.989568320613749219e-02 -3.263020915212827555e-02 -8.195976850956532278e-02 3.447990430945070683e-02 2.509165722867248705e-01 5.181590521963281848e-01 2.510733907343298821e-01 -2.628461430919350195e-02 -5.935816577309419029e-02 2.081350898570981725e-02 4.667286077427773572e-02 -1.526132782772153008e-03
-9.606221699809317990e-03 4.179684452510788739e-02 1.404131066432916242e-02 -6.524573176399578456e-02 1.023857643425834726e-02 2.510733907343298821e-01 5.438449698859963988e-01 2.604588626482652325e-01 -1.466261163253817536e-02 -7.483403846852076935e-02 -1.462027572453495489e-02 3.715909709777720504e-02
-4.541573400338854566e-02 1.491367216253109036e-02 4.647491593175672592e-02 -7.956790619751035257e-03 -6.805578566243492000e-02 -2.628461430919350195e-02 2.604588626482652325e-01 4.843020249614953254e-01 2.424783754913084621e-01 -6.719251609216610188e-03 -6.442430508188878857e-02 -1.121496790453349428e-02
1.536529687851967592e-02 -4.382546006820126072e-02 -1.526789256236246554e-02 3.812186115131802056e-02 9.525750075080996037e-04 -5.935816577309419029e-02 -1.466261163253817536e-02 2.424783754913084621e-01 5.601742818220665221e-01 2.782429706147222515e-01 3.206760364531369839e-02 -6.435144422545827081e-02
7.176247588419522316e-02 -1.074423866799452919e-02 -4.346005231735661223e-02 1.924328287136151117e-03 4.301432321620446420e-02 2.081350898570981725e-02 -7.483403846852076935e-02 -6.719251609216610188e-03 2.782429706147222515e-01 4.168118926537249247e-01 2.350967013252638349e-01 3.575025915408906046e-02
1.305859730804848767e-02 6.968759113261580040e-02 -9.261553228847709072e-04 -4.044401056382912474e-02 1.591345721474269129e-02 4.667286077427773572e-02 -1.462027572453495489e-02 -6.442430508188878857e-02 3.206760364531369839e-02 2.350967013252638349e-01 4.638231870377503840e-01 2.728082421753844633e-01
-2.470108913055008015e-01 4.767882086123287344e-02 6.706723863405250619e-02 -1.864182952469167764e-02 -3.735590396016525566e-02 -1.526132782772153008e-03 3.715909709777720504e-02 -1.121496790453349428e-02 -6.435144422545827081e-02 3.575025915408906046e-02 2.728082421753844633e-01 5.040345143633071512e-01
5.616682019078935717e-01 2.442229738779088111e-01 -1.712958167632394613e-02 -5.782354294280951656e-02 9.251918968575413918e-03 3.330179108759406814e-02 -4.247280020314403784e-03 -3.593282496229239370e-02 9.192165431923252777e-03 6.599616571877098270e-02 -1.336703558485596507e-02 -2.740955445240063071e-01
2.442229738779088111e-01 4.693749945237583598e-01 2.620653221921143139e-01 -2.048743756856285375e-02 -6.437536192499684895e-02 2.055069494210179024e-02 3.930814401999968566e-02 -4.928102309364219315e-03 -3.691548989614377996e-02 8.634687231828839377e-03 6.425325150774811866e-02 9.848924522769369680e-03
-1.712958167632394613e-02 2.620653221921143139e-01 5.714527915130744873e-01 2.501048198622273788e-01 -1.008801283308726968e-02 -6.387797165595686388e-02 -2.339720868362703135e-04 3.759870982973933379e-02 -3.534523931330370815e-03 -4.060102301794955848e-02 2.705524116159872469e-03 7.433834787449303261e-02
-5.782354294280951656e-02 -2.048743756856285375e-02 2.501048198622273788e-01 4.681427710842957501e-01 2.543834129394058063e-01 -1.374389302233072936e-02 -6.622040245929133873e-02 -6.552613845542748332e-03 3.878687430124507646e-02 3.735412510749078034e-03 -3.998064111535069853e-02 -2.051586480918845060e-02
9.251918968575413918e-03 -6.437536192499684895e-02 -1.008801283308726968e-02 2.543834129394058063e-01 5.475096577155984523e-01 2.553689886459181158e-01 6.389864518013282750e-03 -6.142150764193449186e-02 5.591112368622872105e-04 3.622796319076972138e-02 3.527036703303157786e-04 -3.869368076459443057e-02
3.330179108759406814e-02 2.055069494210179024e-02 -6.387797165595686388e-02 -1.374389302233072936e-02 2.553689886459181158e-01 4.840021387147152021e-01 2.520245883426367461e-01 2.553105188201830120e-02 -6.406547988079175360e-02 -1.061468250826116955e-02 3.882866009962629428e-02 2.269395852928941804e-02
-4.247280020314403784e-03 3.930814401999968566e-02 -2.339720868362703135e-04 -6.622040245929133873e-02 6.389864518013282750e-03 2.520245883426367461e-01 4.532175976982786847e-01 2.515160987466176223e-01 -5.908984725230537888e-03 -5.944641213686596010e-02 2.127089487846965058e-03 3.611600925129326844e-02
-3.593282496229239370e-02 -4.928102309364219315e-03 3.759870982973933379e-02 -6.552613845542748332e-03 -6.142150764193449186e-02 2.553105188201830120e-02 2.515160987466176223e-01 5.241638307255396256e-01 2.525795497661315059e-01 -7.632259444488971416e-03 -6.469670090292793663e-02 -1.269593139594771616e-02
9.192165431923252777e-03 -3.691548989614377996e-02 -3.534523931330370815e-03 3.878687430124507646e-02 5.591112368622872105e-04 -6.406547988079175360e-02 -5.908984725230537888e-03 2.525795497661315059e-01 5.037243834845908097e-01 2.458858420620841367e-01 4.493795099462166882e-03 -5.699000290746793207e-02
6.599616571877098270e-02 8.634687231828839377e-03 -4.060102301794955848e-02 3.735412510749078034e-03 3.622796319076972138e-02 -1.061468250826116955e-02 -5.944641213686596010e-02 -7.632259444488971416e-03 2.458858420620841367e-01 5.020824313490708235e-01 2.589462841828396034e-01 3.049639504604241200e-02
-1.336703558485596507e-02 6.425325150774811866e-02 2.705524116159872469e-03 -3.998064111535069853e-02 3.527036703303157786e-04 3.882866009962629428e-02 2.127089487846965058e-03 -6.469670090292793663e-02 4.493795099462166882e-03 2.589462841828396034e-01 4.642036564179848890e-01 2.400557790796437607e-01
-2.740955445240063071e-01 9.848924522769369680e-03 7.433834787449303261e-02 -2.051586480918845060e-02 -3.869368076459443057e-02 2.269395852928941804e-02 3.611600925129326844e-02 -1.269593139594771616e-02 -5.699000290746793207e-02 3.049639504604241200e-02 2.400557790796437607e-01 4.504575448652285985e-01
4.858662384430313952e-01 2.639088346377771455e-01 4.442080039230309266e-03 -7.992416375600018552e-02 6.523442836142807899e-02 4.397607990383083088e-02 3.187650373997515021e-03 -3.280878630176686794e-02 9.040339058728766308e-03 5.295612415918184157e-02 -1.634733346576486279e-02 -2.384812612614880256e-01
2.639088346377771455e-01 4.760460734811257089e-01 2.537762493041957335e-01 -6.054511120256798884e-02 -2.167604809650714240e-02 2.445611677175845572e-02 4.431952069300818670e-02 -1.424202691015046332e-02 -4.028533050946590810e-02 1.202018708576318984e-02 6.782195327537007823e-02 -1.459472227155936448e-02
4.442080039230309266e-03 2.537762493041957335e-01 5.826431827170563960e-01 2.527831351799442183e-01 -1.345825063725235027e-01 -8.121745065569140054e-02 -2.971496528527283690e-03 3.721598980240525822e-02 -1.004006785474259589e-02 -3.399563739096603948e-02 1.275609180584513780e-02 6.223085650492938409e-02
-7.992416375600018552e-02 -6.054511120256798884e-02 2.527831351799442183e-01 6.731325148284695858e-01 2.497002980114005066e-01 1.914741771437219325e-02 -6.570417073837001021e-02 -5.937314221144577436e-03 4.845558131677035058e-02 8.064986547054852489e-03 -5.323572409209864631e-02 -1.994555083159621489e-02
6.523442836142807899e-02 -2.167604809650714240e-02 -1.345825063725235027e-01 2.497002980114005066e-01 6.434560824050568062e-01 2.535297091074995013e-01 7.759280106857485704e-02 -5.938386062096840529e-02 -3.681738960033341390e-02 2.732209036652601813e-02 4.037405273744120587e-02 -1.776937583498308659e-02
4.397607990383083088e-02 2.445611677175845572e-02 -8.121745065569140054e-02 1.914741771437219325e-02 2.535297091074995013e-01 1.644163189115214196e-01 1.656515127452489744e-01 4.429713857864422955e-02 -4.523494412254024793e-02 -2.168029417952856835e-02 3.606897034215831438e-02 1.957635289338870155e-02
3.187650373997515021e-03 4.431952069300818670e-02 -2.971496528527283690e-03 -6.570417073837001021e-02 7.759280106857485704e-02 1.656515127452489744e-01 4.868567797902411121e-01 2.929387671711428109e-01 -2.302731432428816241e-02 -8.154063365413918851e-02 1.279843747159006319e-02 4.912096693072551257e-02
-3.280878630176686794e-02 -1.424202691015046332e-02 3.721598980240525822e-02 -5.937314221144577436e-03 -5.938386062096840529e-02 4.429713857864422955e-02 2.929387671711428109e-01 5.412476538549795269e-01 2.300333594125538728e-01 9.859248422154385377e-03 -5.453457733423527909e-02 -1.224130874506452506e-02
9.040339058728766308e-03 -4.028533050946590810e-02 -1.004006785474259589e-02 4.845558131677035058e-02 -3.681738960033341390e-02 -4.523494412254024793e-02 -2.302731432428816241e-02 2.300333594125538728e-01 4.695138631641221361e-01 2.705375609935164460e-01 1.854684739273148230e-03 -7.078007650526133010e-02
5.295612415918184157e-02 1.202018708576318984e-02 -3.399563739096603948e-02 8.064986547054852489e-03 2.732209036652601813e-02 -2.168029417952856835e-02 -8.154063365413918851e-02 9.859248422154385377e-03 2.705375609935164460e-01 5.123382482548939354e-01 2.353745699704591909e-01 1.073208613994425242e-02
-1.634733346576486279e-02 6.782195327537007823e-02 1.275609180584513780e-02 -5.323572409209864631e-02 4.037405273744120587e-02 3.606897034215831438e-02 1.279843747159006319e-02 -5.453457733423527909e-02 1.854684739273148230e-03 2.353745699704591909e-01 4.824676924685782353e-01 2.644569848499629949e-01
-2.384812612614880256e-01 -1.459472227155936448e-02 6.223085650492938409e-02 -1.994555083159621489e-02 -1.776937583498308659e-02 1.957635289338870155e-02 4.912096693072551257e-02 -1.224130874506452506e-02 -7.078007650526133010e-02 1.073208613994425242e-02 2.644569848499629949e-01 4.820153516808939331e-01
5.284217602074348097e-01 2.376848735739005014e-01 -1.486902928564442367e-03 -5.989379206858491678e-02 8.434242621611850316e-03 3.677656937880751514e-02 -1.180824334307930233e-02 -4.570165125017011665e-02 3.184621701386787518e-03 7.745253963436184164e-02 2.969569511321601754e-02 -2.662783958644453497e-01
2.376848735739005014e-01 5.447319399555344832e-01 2.740063205923253808e-01 2.619690325945436826e-02 -7.687715615866280716e-02 -1.241887832413413398e-02 4.674638947002231204e-02 1.654700235855550983e-02 -3.726110162062510472e-02 -1.707132866854382119e-02 5.038093098494869637e-02 3.017159710274199338e-02
-1.486902928564442367e-03 2.740063205923253808e-01 4.048610716669358567e-01 2.461873858135040782e-01 -5.849620734645786732e-03 -5.784809140659641358e-02 9.359144858114426535e-03 3.652738404432190333e-02 -1.683925327502114148e-04 -4.042924179843428167e-02 -1.580059677736512375e-02 7.283874354385480587e-02
-5.989379206858491678e-02 2.619690325945436826e-02 2.461873858135040782e-01 5.649129096740490574e-01 2.662084286684917034e-01 -7.299040055603424337e-03 -7.165763123934243417e-02 -4.687835552881974149e-03 3.902558039060763373e-02 1.059376473312143930e-03 -3.599929128920818094e-02 2.419655646230621689e-03
8.434242621611850316e-03 -7.687715615866280716e-02 -5.849620734645786732e-03 2.662084286684917034e-01 4.656047672271348414e-01 2.391256046637465771e-01 -4.598007711456514671e-03 -5.637202094234367022e-02 -5.618391565546288977e-03 3.559085661450764326e-02 1.710510560110519579e-02 -4.192809529843988248e-02
3.677656937880751514e-02 -1.241887832413413398e-02 -5.784809140659641358e-02 -7.299040055603424337e-03 2.391256046637465771e-01 5.373084644955776756e-01 2.692876420616318045e-01 1.257646315851235208e-02 -6.817721224957754012e-02 -3.608238125846246341e-03 3.907706307215816355e-02 -1.490333848056507441e-04
-1.180824334307930233e-02 4.674638947002231204e-02 9.359144858114426535e-03 -7.165763123934243417e-02 -4.598007711456514671e-03 2.692876420616318045e-01 4.742685586009269816e-01 2.332398745694082565e-01 1.743720042273661994e-02 -5.594056874647077710e-02 -2.490658046779695156e-02 3.937631353469236983e-02
-4.570165125017011665e-02 1.654700235855550983e-02 3.652738404432190333e-02 -4.687835552881974149e-03 -5.637202094234367022e-02 1.257646315851235208e-02 2.332398745694082565e-01 4.498855256637592781e-01 2.732092324009605666e-01 2.338161906417710479e-03 -7.904164689748102712e-02 4.967365675949068048e-03
3.184621701386787518e-03 -3.726110162062510472e-02 -1.683925327502114148e-04 3.902558039060763373e-02 -5.618391565546288977e-03 -6.817721224957754012e-02 1.743720042273661994e-02 2.732092324009605666e-01 5.535722563605258717e-01 2.388121263728340826e-01 2.331071758209105060e-02 -5.982237628451082118e-02
7.745253963436184164e-02 -1.707132866854382119e-02 -4.042924179843428167e-02 1.059376473312143930e-03 3.559085661450764326e-02 -3.608238125846246341e-03 -5.594056874647077710e-02 2.338161906417710479e-03 2.388121263728340826e-01 4.089524566081332857e-01 2.797880570098520980e-01 -3.578363788275806812e-05
2.969569511321601754e-02 5.038093098494869637e-02 -1.580059677736512375e-02 -3.599929128920818094e-02 1.710510560110519579e-02 3.907706307215816355e-02 -2.490658046779695156e-02 -7.904164689748102712e-02 2.331071758209105060e-02 2.797880570098520980e-01 5.468106546244571042e-01 2.380758162960788238e-01
-2.662783958644453497e-01 3.017159710274199338e-02 7.283874354385480587e-02 2.419655646230621689e-03 -4.192809529843988248e-02 -1.490333848056507441e-04 3.937631353469236983e-02 4.967365675949068048e-03 -5.982237628451082118e-02 -3.578363788275806812e-05 2.380758162960788238e-01 5.206696349155978121e-01
5.087873677743490752e-01 2.067175457371639435e-01 2.725634624133163771e-03 -4.036305804279716192e-02 2.564340366602278071e-02 1.259746120782907937e-02 -2.511473962426319373e-02 -1.573824323172630726e-02 3.880739575107361450e-02 8.838047639138205125e-02 -2.768427131104032532e-03 -2.928967767847488468e-01
2.067175457371639435e-01 4.892970609173286634e-01 3.071157605955413539e-01 -9.147195194223900483e-02 -2.486614895898442423e-02 4.165217429691010081e-02 1.991535747303129628e-02 -2.736834556580599459e-02 -3.522418695142309764e-02 -1.020214361902262515e-02 4.145538728620415392e-02 3.517360070781441229e-03
2.725634624133163771e-03 3.071157605955413539e-01 5.506978812040673743e-01 1.756350845861022192e-01 -4.912465806118654355e-02 -2.275130384253141319e-02 2.562641995255460214e-02 1.336658574162510535e-02 -2.908781543749154597e-02 -5.260767723319562106e-02 5.839208077766579012e-03 8.734303415893142353e-02
-4.036305804279716192e-02 -9.147195194223900483e-02 1.756350845861022192e-01 8.563030100262394306e-01 1.788873367492529454e-01 -9.738115128096011541e-02 -5.478175176697281518e-02 5.037778088469752058e-02 7.195407011222301752e-02 3.563461116411256735e-02 -3.504046795410784010e-02 -4.205461184273191072e-02
2.564340366602278071e-02 -2.486614895898442423e-02 -4.912465806118654355e-02 1.788873367492529454e-01 5.509464409496811488e-01 3.136739054738588162e-01 2.241493782854564465e-02 -9.896819451993180139e-02 -5.949677100839677324e-02 5.976471943133987268e-03 3.076476063852421824e-02 -1.191417259383340151e-02
1.259746120782907937e-02 4.165217429691010081e-02 -2.275130384253141319e-02 -9.738115128096011541e-02 3.136739054738588162e-01 4.828439140279192077e-01 2.033752241110055869e-01 4.645131449731705262e-03 -4.307897314083702911e-02 -2.942278821719010451e-02 1.516800406441281071e-02 2.536482654316165458e-02
-2.511473962426319373e-02 1.991535747303129628e-02 2.562641995255460214e-02 -5.478175176697281518e-02 2.241493782854564465e-02 2.033752241110055869e-01 4.502289211249895784e-01 3.158177250658774082e-01 1.075442369071365201e-01 -2.057148758130683194e-02 -4.291581015959720913e-02 1.664753533965030591e-02
-1.573824323172630726e-02 -2.736834556580599459e-02 1.336658574162510535e-02 5.037778088469752058e-02 -9.896819451993180139e-02 4.645131449731705262e-03 3.158177250658774082e-01 4.990439560050320966e-01 1.969851009904469707e-01 4.815785687937709086e-02 -3.365156406995222643e-02 -2.234645688012080675e-02
3.880739575107361450e-02 -3.522418695142309764e-02 -2.908781543749154597e-02 7.195407011222301752e-02 -5.949677100839677324e-02 -4.307897314083702911e-02 1.075442369071365201e-01 1.969851009904469707e-01 1.486629984484406641e-01 1.676350873781963513e-01 8.207218523364644136e-02 -4.244647788761386070e-02
8.838047639138205125e-02 -1.020214361902262515e-02 -5.260767723319562106e-02 3.563461116411256735e-02 5.976471943133987268e-03 -2.942278821719010451e-02 -2.057148758130683194e-02 4.815785687937709086e-02 1.676350873781963513e-01 4.369782277430975803e-01 3.100836214582920469e-01 -1.267037718106633036e-02
-2.768427131104032532e-03 4.145538728620415392e-02 5.839208077766579012e-03 -3.504046795410784010e-02 3.076476063852421824e-02 1.516800406441281071e-02 -4.291581015959720913e-02 -3.365156406995222643e-02 8.207218523364644136e-02 3.100836214582920469e-01 5.390102391392241898e-01 2.072612715912451609e-01
-2.928967767847488468e-01 3.517360070781441229e-03 8.734303415893142353e-02 -4.205461184273191072e-02 -1.191417259383340151e-02 2.536482654316165458e-02 1.664753533965030591e-02 -2.234645688012080675e-02 -4.244647788761386070e-02 -1.267037718106633036e-02 2.072612715912451609e-01 4.871999826396389288e-01
4.835997503579554380e-01 2.573428386170724114e-01 1.408703775536301536e-02 -6.362587788903698027e-02 -3.790258364897218686e-03 4.009147360791967540e-02 1.495418230107627491e-02 -3.084223645332012306e-02 -1.257630741418819080e-02 5.846322692771495355e-02 3.676030798915536080e-02 -2.536612118621964784e-01
2.573428386170724114e-01 4.845570724951557273e-01 2.439081672228230468e-01 1.550685026422222307e-02 -5.726808894785309634e-02 2.638526219672812471e-03 3.615278089457258509e-02 9.560162916427030269e-03 -3.895831146215247842e-02 -2.672854555207231867e-03 6.654740941985141933e-02 1.215018156476259251e-03
1.408703775536301536e-02 2.439081672228230468e-01 4.844025512203552486e-01 2.592759196945819689e-01 -6.425895235967727173e-03 -6.909356284973727780e-02 -1.173791202752387172e-02 3.418995128567824809e-02 5.903903384824670669e-03 -3.413311094058155831e-02 -1.351056802762474508e-02 6.412405619208638718e-02
-6.362587788903698027e-02 1.550685026422222307e-02 2.592759196945819689e-01 4.892382290150033564e-01 2.383355778447353857e-01 -2.094932789399890985e-02 -6.163434490863560489e-02 -3.992163554983343965e-03 3.954965894807466881e-02 -4.107823408431464027e-03 -4.161971117938674525e-02 8.799139229438509083e-03
-3.790258364897218686e-03 -5.726808894785309634e-02 -6.425895235967727173e-03 2.383355778447353857e-01 5.737430335811491977e-01 2.791231420784526240e-01 2.452539235995166225e-02 -6.516306050651177184e-02 -8.844624530518905431e-03 3.618726383395855922e-02 1.282550182089081496e-02 -3.671868032003488408e-02
4.009147360791967540e-02 2.638526219672812471e-03 -6.909356284973727780e-02 -2.094932789399890985e-02 2.791231420784526240e-01 4.295333536231225047e-01 2.313718911128034017e-01 3.048644933176269944e-02 -6.273615563006069984e-02 -5.190917112754134775e-03 3.881886158494967515e-02 1.572076793240612027e-03
1.495418230107627491e-02 3.615278089457258509e-02 -1.173791202752387172e-02 -6.163434490863560489e-02 2.452539235995166225e-02 2.313718911128034017e-01 4.598649618648286141e-01 2.728310206778894464e-01 -1.152888158189140089e-02 -6.790704553343440697e-02 -2.793898421275347026e-03 4.150791592217722287e-02
-3.084223645332012306e-02 9.560162916427030269e-03 3.418995128567824809e-02 -3.992163554983343965e-03 -6.516306050651177184e-02 3.048644933176269944e-02 2.728310206778894464e-01 5.207462227332452231e-01 2.398900895330611238e-01 -1.883559591284879320e-02 -6.095616129349242657e-02 1.343643277202666297e-02
-1.257630741418819080e-02 -3.895831146215247842e-02 5.903903384824670669e-03 3.954965894807466881e-02 -8.844624530518905431e-03 -6.273615563006069984e-02 -1.152888158189140089e-02 2.398900895330611238e-01 5.434093599899821880e-01 2.615781902510034840e-01 1.514085776640753181e-02 -6.667891158438110644e-02
5.846322692771495355e-02 -2.672854555207231867e-03 -3.413311094058155831e-02 -4.107823408431464027e-03 3.618726383395855922e-02 -5.190917112754134775e-03 -6.790704553343440697e-02 -1.883559591284879320e-02 2.615781902510034840e-01 4.589895124221484712e-01 2.468321303263047994e-01 -6.070361930544476356e-03
3.676030798915536080e-02 6.654740941985141933e-02 -1.351056802762474508e-02 -4.161971117938674525e-02 1.282550182089081496e-02 3.881886158494967515e-02 -2.793898421275347026e-03 -6.095616129349242657e-02 1.514085776640753181e-02 2.468321303263047994e-01 5.000225047145316903e-01 2.551750422716312361e-01
-2.536612118621964784e-01 1.215018156476259251e-03 6.412405619208638718e-02 8.799139229438509083e-03 -3.671868032003488408e-02 1.572076793240612027e-03 4.150791592217722287e-02 1.343643277202666297e-02 -6.667891158438110644e-02 -6.070361930544476356e-03 2.551750422716312361e-01 5.718934479825179551e-01
4.397174121844370509e-01 2.895835574609384455e-01 8.347446459978632993e-02 -6.589644353431327317e-02 2.308271480817824378e-02 3.620036687485515825e-02 -2.599463733012726679e-02 -1.300161050732103266e-02 4.596441396621801789e-02 7.510248032101132787e-02 -7.827818340571698896e-02 -2.446391787178848198e-01
2.895835574609384455e-01 5.588330434038117911e-01 2.545854164127301367e-01 -3.071095710049425581e-02 -4.870651530546431934e-02 9.088541578140683225e-03 4.157553311315258932e-02 -2.877969610791037899e-02 -6.518556531186114888e-02 -2.947429718634305557e-02 1.031997481186322785e-01 2.018090589458185202e-02
8.347446459978632993e-02 2.545854164127301367e-01 2.590889876295099370e-01 2.356871642488814200e-01 -4.566767077414176507e-02 -6.167460441261545662e-02 4.000758770547246934e-02 1.013801175239530464e-02 -5.740629082437388037e-02 -6.193346580554523473e-02 8.540073808510026399e-02 7.596809278740869475e-02
-6.589644353431327317e-02 -3.071095710049425581e-02 2.356871642488814200e-01 8.702737027876557008e-01 1.662018716817666719e-01 -6.370317718467458090e-02 -3.445148535208441415e-02 4.185783063210058580e-02 4.208801188528777520e-02 7.039867968538556647e-03 -4.630847024909177934e-02 -1.158600178884713547e-02
2.308271480817824378e-02 -4.870651530546431934e-02 -4.566767077414176507e-02 1.662018716817666719e-01 4.101141778754423539e-01 3.348698051660595199e-01 6.870642518197009763e-04 -1.040521929901284670e-01 -2.020487602919201695e-02 4.824130305969651783e-02 8.555061075869582407e-04 -3.699977290916915684e-02
3.620036687485515825e-02 9.088541578140683225e-03 -6.167460441261545662e-02 -6.370317718467458090e-02 3.348698051660595199e-01 5.812817888218618778e-01 1.986781748959675908e-01 -5.843764949916864515e-02 -5.432796855559968163e-02 -1.724101378340879695e-03 3.591472376124206500e-02 4.998396935198738331e-03
-2.599463733012726679e-02 4.157553311315258932e-02 4.000758770547246934e-02 -3.445148535208441415e-02 6.870642518197009763e-04 1.986781748959675908e-01 5.727431464444030507e-01 3.175629581651949196e-01 3.487139780944024936e-02 -8.608811911795460903e-02 -5.545730647379346762e-05 4.817255894102678848e-02
-1.300161050732103266e-02 -2.877969610791037899e-02 1.013801175239530464e-02 4.185783063210058580e-02 -1.040521929901284670e-01 -5.843764949916864515e-02 3.175629581651949196e-01 4.749872228183852907e-01 1.819777883555585563e-01 5.487382064479961324e-02 -4.770281997192558909e-02 -3.463546620465199344e-02
4.596441396621801789e-02 -6.518556531186114888e-02 -5.740629082437388037e-02 4.208801188528777520e-02 -2.020487602919201695e-02 -5.432796855559968163e-02 3.487139780944024936e-02 1.819777883555585563e-01 2.452689502477791439e-01 3.001748503634675824e-01 1.446718649304460161e-02 -8.872721908558017789e-02
7.510248032101132787e-02 -2.947429718634305557e-02 -6.193346580554523473e-02 7.039867968538556647e-03 4.824130305969651783e-02 -1.724101378340879695e-03 -8.608811911795460903e-02 5.487382064479961324e-02 3.001748503634675824e-01 6.733543922655117475e-01 2.333265929503658132e-01 -2.987535689610110179e-02
-7.827818340571698896e-02 1.031997481186322785e-01 8.540073808510026399e-02 -4.630847024909177934e-02 8.555061075869582407e-04 3.591472376124206500e-02 -5.545730647379346762e-05 -4.770281997192558909e-02 1.446718649304460161e-02 2.333265929503658132e-01 4.450742498854980966e-01 2.867908249229192408e-01
-2.446391787178848198e-01 2.018090589458185202e-02 7.596809278740869475e-02 -1.158600178884713547e-02 -3.699977290916915684e-02 4.998396935198738331e-03 4.817255894102678848e-02 -3.463546620465199344e-02 -8.872721908558017789e-02 -2.987535689610110179e-02 2.867908249229192408e-01 4.692629256356813938e-01
4.637267176230037702e-01 2.569683749682288854e-01 -3.195881580703086033e-02 -6.916274755046916689e-02 -1.143280009302902189e-02 4.114952836193071228e-02 2.282799086062228377e-03 -4.423168841649251226e-02 -9.788352387355980788e-03 7.298846582005374950e-02 5.055524666265272249e-02 -2.648881261426335176e-01
2.569683749682288854e-01 5.573829887805987759e-01 2.516058371284037865e-01 -7.309470899301765204e-03 -7.720727694796339358e-02 1.219063761439140130e-02 4.878447692215077958e-02 -1.072602313470626470e-02 -5.697682299780658377e-02 -1.352016653260334003e-02 6.553027392760191194e-02 1.429323477616001141e-02
-3.195881580703086033e-02 2.516058371284037865e-01 5.507671317611996242e-01 2.686272014068812330e-01 5.080098929636280014e-02 -7.324125075716876598e-02 -2.048634714644618007e-02 4.640532986212759364e-02 2.666473643795069098e-02 -3.677455235455696914e-02 -4.644824802454333712e-02 7.006007729748843504e-02
-6.916274755046916689e-02 -7.309470899301765204e-03 2.686272014068812330e-01 3.663249166815649716e-01 2.580173708578819003e-01 -2.453005983316866589e-04 -6.753908870842240120e-02 1.237005779981236505e-03 4.600209277009277564e-02 1.743378831906733373e-02 -3.725056456417279172e-02 -8.281309819236384179e-03
-1.143280009302902189e-02 -7.720727694796339358e-02 5.080098929636280014e-02 2.580173708578819003e-01 5.536910385474490548e-01 2.509353851149632164e-01 -1.850874515495403577e-02 -6.635183506992708979e-02 8.805040333927710225e-04 4.361857237889321670e-02 1.754080135569689031e-02 -5.144970703284679897e-02
4.114952836193071228e-02 1.219063761439140130e-02 -7.324125075716876598e-02 -2.453005983316866589e-04 2.509353851149632164e-01 5.071291802693945749e-01 2.576919931210437387e-01 1.226909483918618054e-03 -7.154427264626572747e-02 -2.390422141989721055e-02 3.505449465075353987e-02 1.244157854236093916e-02
2.282799086062228377e-03 4.878447692215077958e-02 -2.048634714644618007e-02 -6.753908870842240120e-02 -1.850874515495403577e-02 2.576919931210437387e-01 5.004643914798325710e-01 2.493273238905741040e-01 1.687190624418845666e-02 -5.784233896332839631e-02 -2.786951835703964028e-02 5.103279602010694915e-02
-4.423168841649251226e-02 -1.072602313470626470e-02 4.640532986212759364e-02 1.237005779981236505e-03 -6.635183506992708979e-02 1.226909483918618054e-03 2.493273238905741040e-01 4.898949735170617381e-01 2.630318580092818603e-01 4.535556209190617916e-02 -6.588500703299630945e-02 -1.358559495521727625e-02
-9.788352387355980788e-03 -5.697682299780658377e-02 2.666473643795069098e-02 4.600209277009277564e-02 8.805040333927710225e-04 -7.154427264626572747e-02 1.687190624418845666e-02 2.630318580092818603e-01 4.410116788236641550e-01 2.378325176441702382e-01 4.129402328429360169e-02 -8.928897419961172310e-02
7.298846582005374950e-02 -1.352016653260334003e-02 -3.677455235455696914e-02 1.743378831906733373e-02 4.361857237889321670e-02 -2.390422141989721055e-02 -5.784233896332839631e-02 4.535556209190617916e-02 2.378325176441702382e-01 4.157901338391245538e-01 2.916885026955492455e-01 -2.399010318097311717e-02
5.055524666265272249e-02 6.553027392760191194e-02 -4.644824802454333712e-02 -3.725056456417279172e-02 1.754080135569689031e-02 3.505449465075353987e-02 -2.786951835703964028e-02 -6.588500703299630945e-02 4.129402328429360169e-02 2.916885026955492455e-01 5.508707038021314339e-01 2.425878013119858734e-01
-2.648881261426335176e-01 1.429323477616001141e-02 7.006007729748843504e-02 -8.281309819236384179e-03 -5.144970703284679897e-02 1.244157854236093916e-02 5.103279602010694915e-02 -1.358559495521727625e-02 -8.928897419961172310e-02 -2.399010318097311717e-02 2.425878013119858734e-01 6.029461448750217389e-01
4.510775915187990037e-01 2.811807929510716786e-01 -3.548044638201951206e-02 -6.643660774524895452e-02 2.391353043475075851e-02 2.903319614189184966e-02 -2.461357755967075178e-02 -3.306700308392813981e-02 2.022390028778716514e-02 5.630228137748267969e-02 -5.411208219376904827e-02 -2.574052450257657276e-01
2.811807929510716786e-01 5.878757693031091414e-01 2.409501874350718775e-01 -3.738567774468952443e-02 -6.232965966988171513e-02 3.574078982435628660e-02 3.711934613511050363e-02 -2.287540418816442003e-02 -5.025934436530477001e-02 2.517177780056998465e-02 8.160961434749314236e-02 -6.133527342296897153e-03
-3.548044638201951206e-02 2.409501874350718775e-01 5.396010377763519328e-01 2.628665434429083847e-01 -1.338177337007807194e-02 -6.720350092030477618e-02 1.230495268216298330e-02 4.909397792079656098e-02 3.451056610990249802e-03 -4.821873332073513263e-02 5.094072596250564383e-03 8.252418203113616457e-02
-6.643660774524895452e-02 -3.738567774468952443e-02 2.628665434429083847e-01 4.958700221083490733e-01 2.507073753210107836e-01 -3.069859139186224134e-02 -6.649192990972323247e-02 7.790032498113372283e-03 4.579513290573398315e-02 -6.107451626180281090e-03 -5.011066966722306504e-02 -1.351383229039870848e-02
2.391353043475075851e-02 -6.232965966988171513e-02 -1.338177337007807194e-02 2.507073753210107836e-01 5.498431900333374811e-01 2.545630892464568751e-01 -1.517956300052761449e-02 -7.733754923553602667e-02 -8.019422146979322819e-03 4.733976009431647980e-02 -2.928805183616848759e-04 -5.145520578715807869e-02
2.903319614189184966e-02 3.574078982435628660e-02 -6.720350092030477618e-02 -3.069859139186224134e-02 2.545630892464568751e-01 5.267639513909083693e-01 2.648418512261225821e-01 1.902370275824839807e-02 -6.665189193153064906e-02 -1.103416821783648194e-02 4.567123790403491285e-02 2.677359567719490852e-02
-2.461357755967075178e-02 3.711934613511050363e-02 1.230495268216298330e-02 -6.649192990972323247e-02 -1.517956300052761449e-02 2.648418512261225821e-01 4.596737537119584549e-01 2.520536002450854962e-01 3.025389072133019552e-02 -6.554102661099311944e-02 -1.048238468081476478e-02 4.025784187156773719e-02
-3.306700308392813981e-02 -2.287540418816442003e-02 4.909397792079656098e-02 7.790032498113372283e-03 -7.733754923553602667e-02 1.902370275824839807e-02 2.520536002450854962e-01 4.764963780402992621e-01 2.530467295921643434e-01 1.243993154027161780e-03 -6.938981372309808993e-02 -2.113175372368623905e-02
2.022390028778716514e-02 -5.025934436530477001e-02 3.451056610990249802e-03 4.579513290573398315e-02 -8.019422146979322819e-03 -6.665189193153064906e-02 3.025389072133019552e-02 2.530467295921643434e-01 4.720045864282189640e-01 2.548850926252116400e-01 -8.001189763324747725e-03 -7.209941963172725177e-02
5.630228137748267969e-02 2.517177780056998465e-02 -4.821873332073513263e-02 -6.107451626180281090e-03 4.733976009431647980e-02 -1.103416821783648194e-02 -6.554102661099311944e-02 1.243993154027161780e-03 2.548850926252116400e-01 5.640412908004628356e-01 2.644136997293222158e-01 3.054833577140480400e-02
-5.411208219376904827e-02 8.160961434749314236e-02 5.094072596250564383e-03 -5.011066966722306504e-02 -2.928805183616848759e-04 4.567123790403491285e-02 -1.048238468081476478e-02 -6.938981372309808993e-02 -8.001189763324747725e-03 2.644136997293222158e-01 4.169358822644020357e-01 2.506170137202474724e-01
-2.574052450257657276e-01 -6.133527342296897153e-03 8.252418203113616457e-02 -1.351383229039870848e-02 -5.145520578715807869e-02 2.677359567719490852e-02 4.025784187156773719e-02 -2.113175372368623905e-02 -7.209941963172725177e-02 3.054833577140480400e-02 2.506170137202474724e-01 4.598165466238822718e-01
6.659236543392380581e-01 2.505913984943934913e-01 -1.730309915976811080e-02 -8.222146825470025289e-02 6.174201014344812485e-03 6.420185229454350440e-02 5.225897713635829431e-03 -5.607473015223594925e-02 -2.059971278957400953e-02 7.564151571096867921e-02 4.354311139281837051e-02 -2.521605984446058102e-01
2.505913984943934913e-01 5.132072866906103314e-01 2.673118304261014599e-01 2.247700953030295351e-02 -7.853525382730711102e-02 -2.446568798192609584e-02 5.545700509485659846e-02 6.854494718939217746e-02 -3.949663433257186163e-02 -5.431536814135643626e-02 5.705789469480947174e-02 7.448494904252979387e-02
-1.730309915976811080e-02 2.673118304261014599e-01 4.273406229466380490e-01 2.622280200865539368e-01 1.646481514723784068e-02 -7.978717714749640477e-02 -2.625272496331872846e-02 3.430612902318466717e-02 1.622761048491157959e-02 -4.045913532185758943e-02 -1.730426276552446407e-02 7.035611829882007506e-02
-8.222146825470025289e-02 2.247700953030295351e-02 2.622280200865539368e-01 5.443321168084073181e-01 2.574138661124685257e-01 7.563377292591774194e-03 -7.284260314680945925e-02 -5.628659138398438289e-02 4.338374126611904691e-02 3.422918127387422627e-02 -4.307538680849191254e-02 -3.396158328377858748e-02
6.174201014344812485e-03 -7.853525382730711102e-02 1.646481514723784068e-02 2.574138661124685257e-01 4.259756289912804417e-01 2.732570708695242212e-01 5.576391862002701844e-02 -5.347639557056802634e-02 -1.854122346624722389e-02 4.183908912810287845e-02 1.277425731745107998e-02 -4.993785657068312844e-02
6.420185229454350440e-02 -2.446568798192609584e-02 -7.978717714749640477e-02 7.563377292591774194e-03 2.732570708695242212e-01 5.336312632788714483e-01 2.457894165426215138e-01 7.140976403221777069e-02 -7.197446117814125521e-02 -2.977024302612490264e-02 4.965671407269559023e-02 2.407826606787899504e-02
5.225897713635829431e-03 5.545700509485659846e-02 -2.625272496331872846e-02 -7.284260314680945925e-02 5.576391862002701844e-02 2.457894165426215138e-01 2.837323333838764339e-01 2.466425505156503717e-01 2.065397360076707406e-02 -8.011214127135284080e-02 -8.336712359445871967e-03 6.382995085808002012e-02
-5.607473015223594925e-02 6.854494718939217746e-02 3.430612902318466717e-02 -5.628659138398438289e-02 -5.347639557056802634e-02 7.140976403221777069e-02 2.466425505156503717e-01 5.289541139055491392e-01 2.689563320783108225e-01 -3.788043388713043663e-02 -7.968778981903107406e-02 3.386034006554192177e-02
-2.059971278957400953e-02 -3.949663433257186163e-02 1.622761048491157959e-02 4.338374126611904691e-02 -1.854122346624722389e-02 -7.197446117814125521e-02 2.065397360076707406e-02 2.689563320783108225e-01 5.544967065843672271e-01 2.569696439776705810e-01 -9.880688895792581056e-03 -7.764290293375747387e-02
7.564151571096867921e-02 -5.431536814135643626e-02 -4.045913532185758943e-02 3.422918127387422627e-02 4.183908912810287845e-02 -2.977024302612490264e-02 -8.011214127135284080e-02 -3.788043388713043663e-02 2.569696439776705810e-01 4.829170451058218405e-01 2.597108710825875022e-01 -1.258405246546671213e-02
4.354311139281837051e-02 5.705789469480947174e-02 -1.730426276552446407e-02 -4.307538680849191254e-02 1.277425731745107998e-02 4.965671407269559023e-02 -8.336712359445871967e-03 -7.968778981903107406e-02 -9.880688895792581056e-03 2.597108710825875022e-01 5.411258346424114851e-01 2.642751162862936321e-01
