4.490276574523041075e-01 2.308865481489261184e-01 -2.421221089355152234e-02 -6.313825597955681490e-02 -2.089154704535951118e-02 2.871049541502088825e-02 4.240366307200922613e-02 -1.036901254484694571e-02 -6.036496838363542700e-02 -6.134717750218534466e-03 1.331422857325826881e-01 2.862986910777174376e-01
2.308865481489261184e-01 6.142437116147254628e-01 3.023690122323108298e-01 2.543597327818813286e-02 -7.867424999223730786e-02 -7.560284797911447086e-02 -8.613886209729434626e-03 4.311405757312075648e-02 1.486097583991106974e-02 -3.910181378452859402e-02 -4.268982500506350586e-02 1.796927188430600536e-02
-2.421221089355152234e-02 3.023690122323108298e-01 4.056848519626601313e-01 2.173771555246313547e-01 8.185791688971941205e-02 -8.872131817108826896e-03 -4.270022521240478264e-02 -3.789106218326675733e-03 3.948298209109035034e-02 1.141685593614698985e-02 -6.193203383300457943e-02 -1.007498440151492758e-01
-6.313825597955681490e-02 2.543597327818813286e-02 2.173771555246313547e-01 3.795272015528588505e-01 2.881109398415322431e-01 1.506006135620235331e-01 -1.055895437952257890e-02 -6.798711750344153815e-02 -1.595728310794660440e-03 4.793297965593437682e-02 1.838059404635614472e-02 -3.518263785623590434e-02
-2.089154704535951118e-02 -7.867424999223730786e-02 8.185791688971941205e-02 2.881109398415322431e-01 3.954857894847999544e-01 2.446283970477960701e-01 7.272351482879273188e-02 -5.710050593782516754e-02 -4.249737053067263043e-02 2.817291803638941744e-02 5.604375149130519373e-02 4.014826372579119451e-02
2.871049541502088825e-02 -7.560284797911447086e-02 -8.872131817108826896e-03 1.506006135620235331e-01 2.446283970477960701e-01 2.467761215727433122e-01 2.051963298949975034e-01 6.322805139115901529e-02 -4.789158815457104923e-02 -3.528247326705463704e-02 3.176724730890387316e-02 6.408686625304674256e-02
4.240366307200922613e-02 -8.613886209729434626e-03 -4.270022521240478264e-02 -1.055895437952257890e-02 7.272351482879273188e-02 2.051963298949975034e-01 4.774028241668900607e-01 2.997916484586156116e-01 1.411644041355165913e-02 -9.193022113343536639e-02 -3.633414705990976185e-02 2.672735197110848865e-02
-1.036901254484694571e-02 4.311405757312075648e-02 -3.789106218326675733e-03 -6.798711750344153815e-02 -5.710050593782516754e-02 6.322805139115901529e-02 2.997916484586156116e-01 4.914847977695641079e-01 2.134441109185952201e-01 1.564872243672608965e-02 -4.395015969793446969e-02 -4.748719538547705593e-02
-6.036496838363542700e-02 1.486097583991106974e-02 3.948298209109035034e-02 -1.595728310794660440e-03 -4.249737053067263043e-02 -4.789158815457104923e-02 1.411644041355165913e-02 2.134441109185952201e-01 4.496489050365147788e-01 3.055403862643062407e-01 7.837486879853342026e-02 -4.769136702357878316e-02
-6.134717750218534466e-03 -3.910181378452859402e-02 1.141685593614698985e-02 4.793297965593437682e-02 2.817291803638941744e-02 -3.528247326705463704e-02 -9.193022113343536639e-02 1.564872243672608965e-02 3.055403862643062407e-01 5.052696117685946398e-01 2.015693451647830314e-01 7.140218966899655739e-02
1.331422857325826881e-01 -4.268982500506350586e-02 -6.193203383300457943e-02 1.838059404635614472e-02 5.604375149130519373e-02 3.176724730890387316e-02 -3.633414705990976185e-02 -4.395015969793446969e-02 7.837486879853342026e-02 2.015693451647830314e-01 1.983569460258628181e-01 2.167231778505194217e-01
2.862986910777174376e-01 1.796927188430600536e-02 -1.007498440151492758e-01 -3.518263785623590434e-02 4.014826372579119451e-02 6.408686625304674256e-02 2.672735197110848865e-02 -4.748719538547705593e-02 -4.769136702357878316e-02 7.140218966899655739e-02 2.167231778505194217e-01 3.870915815925285441e-01
5.500557630606434101e-01 3.054903432749582204e-01 5.777761325726515906e-02 -7.855318877811004463e-02 -5.744678059674207526e-02 1.666538665482441032e-03 3.274942460749445672e-02 7.598920546244190832e-03 -3.230382833710522539e-02 -3.523482803390164814e-02 3.173935760721245669e-02 2.253635528625775875e-01
3.054903432749582204e-01 4.189995759803514797e-01 1.942717229417812996e-01 3.789494692733780951e-02 -3.522325634682790807e-02 -4.459551361767398470e-02 5.909516415285127541e-03 4.930998682494029672e-02 1.104123174210082728e-02 -7.321902671070557034e-02 -9.700254221722003078e-02 -4.596422347853939411e-04
5.777761325726515906e-02 1.942717229417812996e-01 3.214851539709853712e-01 3.164974937106782571e-01 1.189962190660748820e-01 -3.479133285610810922e-02 -5.452887781476597334e-02 1.769955494313594363e-02 4.068511436630457834e-02 -2.583984196768723818e-03 -5.196731339979628744e-02 -5.272931157635055849e-02
-7.855318877811004463e-02 3.789494692733780951e-02 3.164974937106782571e-01 5.794050329291838830e-01 2.508894225337818806e-01 4.627815559528997147e-02 -5.089466674087481102e-02 -3.722583052166900802e-02 1.769231609793705043e-02 5.219058040084331024e-02 3.683662284418502686e-02 -1.542873596874285574e-02
-5.744678059674207526e-02 -3.522325634682790807e-02 1.189962190660748820e-01 2.508894225337818806e-01 2.006168216268748583e-01 1.847458423698826735e-01 8.553196781384531100e-02 -3.925698545800482275e-02 -4.967556047020783849e-02 1.430206893057786068e-02 5.341060984363156516e-02 3.236690087587210801e-02
1.666538665482441032e-03 -4.459551361767398470e-02 -3.479133285610810922e-02 4.627815559528997147e-02 1.847458423698826735e-01 4.484902110936386244e-01 3.102398635987507758e-01 2.459886471555335422e-02 -9.308702945068328405e-02 -4.954105779971595264e-02 2.304329478902630846e-02 4.690784745159437552e-02
3.274942460749445672e-02 5.909516415285127541e-03 -5.452887781476597334e-02 -5.089466674087481102e-02 8.553196781384531100e-02 3.102398635987507758e-01 4.956730972785716727e-01 2.096669642403767575e-01 2.295921876870766001e-02 -4.024856113114380629e-02 -3.900474123978782404e-02 -7.035077068990426910e-03
7.598920546244190832e-03 4.930998682494029672e-02 1.769955494313594363e-02 -3.722583052166900802e-02 -3.925698545800482275e-02 2.459886471555335422e-02 2.096669642403767575e-01 4.246521901350812089e-01 3.048846574083527439e-01 9.354330461906887328e-02 -4.979127677104761701e-02 -7.148373896382512194e-02
-3.230382833710522539e-02 1.104123174210082728e-02 4.068511436630457834e-02 1.769231609793705043e-02 -4.967556047020783849e-02 -9.308702945068328405e-02 2.295921876870766001e-02 3.048846574083527439e-01 4.983727731019351737e-01 2.212582181587141039e-01 6.218759130309258615e-02 -2.056489726781960195e-02
-3.523482803390164814e-02 -7.321902671070557034e-02 -2.583984196768723818e-03 5.219058040084331024e-02 1.430206893057786068e-02 -4.954105779971595264e-02 -4.024856113114380629e-02 9.354330461906887328e-02 2.212582181587141039e-01 2.429414451832164756e-01 2.278617279799214079e-01 1.381001398390766521e-01
3.173935760721245669e-02 -9.700254221722003078e-02 -5.196731339979628744e-02 3.683662284418502686e-02 5.341060984363156516e-02 2.304329478902630846e-02 -3.900474123978782404e-02 -4.979127677104761701e-02 6.218759130309258615e-02 2.278617279799214079e-01 3.694728167318234169e-01 2.838117603543958145e-01
2.253635528625775875e-01 -4.596422347853939411e-04 -5.272931157635055849e-02 -1.542873596874285574e-02 3.236690087587210801e-02 4.690784745159437552e-02 -7.035077068990426910e-03 -7.148373896382512194e-02 -2.056489726781960195e-02 1.381001398390766521e-01 2.838117603543958145e-01 4.498351189076779666e-01
5.092123880817079895e-01 2.683843898251175863e-01 1.416413994896931206e-02 -7.934240888813276493e-02 -2.403697153297495309e-02 4.766122634833134392e-02 5.158025542358188331e-02 -4.232526240106810646e-04 -5.924575270841435370e-02 -3.584330891955924553e-02 8.210016211761676785e-02 2.646347896650278475e-01
2.683843898251175863e-01 4.122317815531906238e-01 2.548144865589078156e-01 3.473850310068235525e-02 -6.871423383988436995e-02 -3.629450985279922270e-02 4.053284843326958320e-02 5.626169965704727605e-02 -4.872027246187982455e-03 -7.044055229140817886e-02 -5.548697286422620001e-02 6.893084458441769979e-02
1.416413994896931206e-02 2.548144865589078156e-01 5.377812105435603174e-01 2.723999020464607512e-01 1.899980039392945921e-02 -7.978797367637553706e-02 -5.112378921800622700e-02 1.721117537683263671e-02 4.795798287004966742e-02 6.513519867430938443e-03 -5.218699498355187927e-02 -7.095326193158409123e-02
-7.934240888813276493e-02 3.473850310068235525e-02 2.723999020464607512e-01 4.122988992139500208e-01 2.476431562752152149e-01 5.125520257532371893e-02 -6.061507730884568151e-02 -6.146945104405050764e-02 1.363784537205264304e-02 5.838138975068253578e-02 3.207820273454865118e-02 -4.529163020989687705e-02
-2.403697153297495309e-02 -6.871423383988436995e-02 1.899980039392945921e-02 2.476431562752152149e-01 5.008839113001100074e-01 2.837091002848705079e-01 7.892188985468963358e-02 -5.105693039314504467e-02 -5.860027568166367024e-02 1.244034055715475921e-02 5.502370402241080899e-02 4.201507934871728106e-02
4.766122634833134392e-02 -3.629450985279922270e-02 -7.978797367637553706e-02 5.125520257532371893e-02 2.837091002848705079e-01 3.915812239273183670e-01 2.311118730205698468e-01 8.795990749149176779e-02 -4.073159455569005938e-02 -6.405923037668986852e-02 -1.622805378366843493e-02 4.523370489618575019e-02
5.158025542358188331e-02 4.053284843326958320e-02 -5.112378921800622700e-02 -6.061507730884568151e-02 7.892188985468963358e-02 2.311118730205698468e-01 3.048966882495544595e-01 2.602646269808828183e-01 9.603612955791712702e-02 -6.266737048806050869e-02 -8.693977281087275633e-02 -2.717790355718728221e-02
-4.232526240106810646e-04 5.626169965704727605e-02 1.721117537683263671e-02 -6.146945104405050764e-02 -5.105693039314504467e-02 8.795990749149176779e-02 2.602646269808828183e-01 4.500820862152979385e-01 2.724323884682668950e-01 4.959129759610193117e-02 -6.291619718098487302e-02 -7.082854345652009331e-02
-5.924575270841435370e-02 -4.872027246187982455e-03 4.795798287004966742e-02 1.363784537205264304e-02 -5.860027568166367024e-02 -4.073159455569005938e-02 9.603612955791712702e-02 2.724323884682668950e-01 4.190790668636592553e-01 2.548457244434109148e-01 9.829042165715898283e-02 -2.176601436760108171e-02
-3.584330891955924553e-02 -7.044055229140817886e-02 6.513519867430938443e-03 5.838138975068253578e-02 1.244034055715475921e-02 -6.405923037668986852e-02 -6.266737048806050869e-02 4.959129759610193117e-02 2.548457244434109148e-01 4.115385131994221957e-01 2.657789806021491064e-01 1.161979210190617340e-01
8.210016211761676785e-02 -5.548697286422620001e-02 -5.218699498355187927e-02 3.207820273454865118e-02 5.502370402241080899e-02 -1.622805378366843493e-02 -8.693977281087275633e-02 -6.291619718098487302e-02 9.829042165715898283e-02 2.657789806021491064e-01 3.220392109044084017e-01 2.337203903099294711e-01
2.646347896650278475e-01 6.893084458441769979e-02 -7.095326193158409123e-02 -4.529163020989687705e-02 4.201507934871728106e-02 4.523370489618575019e-02 -2.717790355718728221e-02 -7.082854345652009331e-02 -2.176601436760108171e-02 1.161979210190617340e-01 2.337203903099294711e-01 3.283750199478024934e-01
3.974033155350952251e-01 2.202090056431006693e-01 4.691116314093819739e-02 -5.080752345023435701e-02 -1.328310728683365898e-03 2.707552783967953625e-02 6.033606146658224145e-02 2.294724362005186834e-03 -9.583619749199835669e-02 -5.800690032533425966e-02 1.264224997495344005e-01 2.813905837980791858e-01
2.202090056431006693e-01 4.046410571717324878e-01 2.975823981088184800e-01 1.708556711997483851e-02 -1.040140375595280664e-01 -3.266324075026573459e-02 1.092030502322248985e-02 2.558258492639097631e-02 -4.760936985522904938e-03 -4.048025078685787981e-02 -2.641074172876486936e-02 7.058485279507957511e-02
4.691116314093819739e-02 2.975823981088184800e-01 5.296987403585160514e-01 2.222449938916430390e-01 -5.577837554606344950e-02 -4.507291319326215545e-02 -4.085402640147973302e-02 1.207769378940901951e-02 5.885008334763216359e-02 1.544619316818132693e-02 -7.051616107437802539e-02 -6.738199380482300105e-02
-5.080752345023435701e-02 1.708556711997483851e-02 2.222449938916430390e-01 5.499789409989159772e-01 3.076725962403570325e-01 5.546256053705964084e-02 -2.684570789824955797e-02 -3.045078236956003798e-02 1.450520760305386639e-02 3.187840105834707088e-02 5.513975348361445546e-03 -3.547653376979508638e-02
-1.328310728683365898e-03 -1.040140375595280664e-01 -5.577837554606344950e-02 3.076725962403570325e-01 4.952554543024307310e-01 1.296147168825981799e-01 6.689511666799537182e-02 -2.968882621590550244e-03 -5.785241993830423507e-02 -2.576315137973415187e-02 4.493846968529920105e-02 5.815442446345869820e-02
2.707552783967953625e-02 -3.266324075026573459e-02 -4.507291319326215545e-02 5.546256053705964084e-02 1.296147168825981799e-01 7.276654042805555389e-02 1.386651010094407110e-01 8.259084044402772995e-02 -2.635535410489510399e-02 -4.534119838035368527e-02 -2.101786927468310071e-03 3.735446232221556473e-02
6.033606146658224145e-02 1.092030502322248985e-02 -4.085402640147973302e-02 -2.684570789824955797e-02 6.689511666799537182e-02 1.386651010094407110e-01 4.440129763758935422e-01 3.133822445943510449e-01 3.049279429164209604e-02 -8.483000180901997811e-02 -5.692093786842920139e-02 3.062867738286936467e-02
2.294724362005186834e-03 2.558258492639097631e-02 1.207769378940901951e-02 -3.045078236956003798e-02 -2.968882621590550244e-03 8.259084044402772995e-02 3.133822445943510449e-01 5.070320504411942597e-01 2.145444470300506279e-01 3.297419678080176775e-02 -3.865434746618036377e-02 -3.235954656510330735e-02
-9.583619749199835669e-02 -4.760936985522904938e-03 5.885008334763216359e-02 1.450520760305386639e-02 -5.785241993830423507e-02 -2.635535410489510399e-02 3.049279429164209604e-02 2.145444470300506279e-01 3.978084171290420246e-01 2.843558224611312246e-01 1.038767054495985664e-01 -6.472682947398863962e-02
-5.800690032533425966e-02 -4.048025078685787981e-02 1.544619316818132693e-02 3.187840105834707088e-02 -2.576315137973415187e-02 -4.534119838035368527e-02 -8.483000180901997811e-02 3.297419678080176775e-02 2.843558224611312246e-01 4.540099421537219793e-01 2.565472720873581691e-01 5.236272536441875791e-02
1.264224997495344005e-01 -2.641074172876486936e-02 -7.051616107437802539e-02 5.513975348361445546e-03 4.493846968529920105e-02 -2.101786927468310071e-03 -5.692093786842920139e-02 -3.865434746618036377e-02 1.038767054495985664e-01 2.565472720873581691e-01 3.622843452983411927e-01 2.547463115306313197e-01
2.813905837980791858e-01 7.058485279507957511e-02 -6.738199380482300105e-02 -3.547653376979508638e-02 5.815442446345869820e-02 3.735446232221556473e-02 3.062867738286936467e-02 -3.235954656510330735e-02 -6.472682947398863962e-02 5.236272536441875791e-02 2.547463115306313197e-01 3.851082198070615581e-01
4.827949837166968794e-01 3.044767740737639450e-01 6.875948046876609321e-02 -6.241792094446602795e-02 -5.448504048676498790e-02 2.370678825105491244e-02 4.854499744090708113e-02 8.353147932124483505e-03 -4.020663059589239807e-02 -4.848552166241048428e-02 1.550213282740807788e-02 2.138728056856124549e-01
3.044767740737639450e-01 4.807042532972447546e-01 2.035753743110808589e-01 5.054182451678319865e-02 -3.322636888239629410e-02 -4.093103887244764483e-02 2.237004518934730159e-03 4.437771675919791048e-02 3.561694029586385396e-02 -3.469793962002426513e-02 -9.621678661126516208e-02 9.522480156689810266e-03
6.875948046876609321e-02 2.035753743110808589e-01 2.538946408311710812e-01 2.604993647758037656e-01 1.174655924075798663e-01 -6.073068598838127219e-02 -8.537224157426100135e-02 1.207393623951093231e-03 6.377598585824004185e-02 4.016973162545516701e-02 -3.919606940858363225e-02 -5.135418296397190052e-02
-6.241792094446602795e-02 5.054182451678319865e-02 2.604993647758037656e-01 5.188793950047059234e-01 2.922939822628578543e-01 2.003963856136262850e-02 -8.710956162033234307e-02 -5.111941463176365719e-02 2.164290265120549783e-02 5.728356991644342755e-02 3.399292651547363570e-02 -3.492857536296709031e-02
-5.448504048676498790e-02 -3.322636888239629410e-02 1.174655924075798663e-01 2.922939822628578543e-01 3.734445127819734367e-01 2.338696599901271544e-01 8.243673710958480949e-02 -3.226220185209549562e-02 -5.933492213542464200e-02 -1.502380741066377569e-02 3.892460411792562913e-02 1.997791891832031291e-02
2.370678825105491244e-02 -4.093103887244764483e-02 -6.073068598838127219e-02 2.003963856136262850e-02 2.338696599901271544e-01 4.839059186094400999e-01 2.995396320110986776e-01 8.174962636302454677e-02 -6.444138415752005689e-02 -7.898542772803662793e-02 -1.361428502953877448e-02 4.279766688103335548e-02
4.854499744090708113e-02 2.237004518934730159e-03 -8.537224157426100135e-02 -8.710956162033234307e-02 8.243673710958480949e-02 2.995396320110986776e-01 3.797328961450677220e-01 2.086127731562634757e-01 6.637153362217068642e-02 -2.689809331733005945e-02 -4.726852847285509251e-02 2.660746291444719344e-03
8.353147932124483505e-03 4.437771675919791048e-02 1.207393623951093231e-03 -5.111941463176365719e-02 -3.226220185209549562e-02 8.174962636302454677e-02 2.086127731562634757e-01 3.199684507575538683e-01 2.921940373229362509e-01 1.395152252341512744e-01 -2.403214297455495696e-02 -6.373360660202447014e-02
-4.020663059589239807e-02 3.561694029586385396e-02 6.377598585824004185e-02 2.164290265120549783e-02 -5.933492213542464200e-02 -6.444138415752005689e-02 6.637153362217068642e-02 2.921940373229362509e-01 4.951259062908076047e-01 2.634102138847880803e-01 5.582613477759301029e-02 -6.223484131035460915e-02
-4.848552166241048428e-02 -3.469793962002426513e-02 4.016973162545516701e-02 5.728356991644342755e-02 -1.502380741066377569e-02 -7.898542772803662793e-02 -2.689809331733005945e-02 1.395152252341512744e-01 2.634102138847880803e-01 2.561124563764000106e-01 2.025920935189213234e-01 6.830205944891210024e-02
1.550213282740807788e-02 -9.621678661126516208e-02 -3.919606940858363225e-02 3.399292651547363570e-02 3.892460411792562913e-02 -1.361428502953877448e-02 -4.726852847285509251e-02 -2.403214297455495696e-02 5.582613477759301029e-02 2.025920935189213234e-01 4.790707966026758191e-01 3.040797000186695742e-01
2.138728056856124549e-01 9.522480156689810266e-03 -5.135418296397190052e-02 -3.492857536296709031e-02 1.997791891832031291e-02 4.279766688103335548e-02 2.660746291444719344e-03 -6.373360660202447014e-02 -6.223484131035460915e-02 6.830205944891210024e-02 3.040797000186695742e-01 4.763657895862486447e-01
4.503050541723611078e-01 2.665092152440206585e-01 5.354581358367827004e-02 -8.469133455651595144e-02 1.345396638239419046e-02 6.082286050756530171e-02 2.140755984617548346e-02 -3.591499585279986362e-02 -5.165683623900792915e-02 -7.953490693337406103e-02 2.600812365601444520e-02 2.628430826185983449e-01
2.665092152440206585e-01 4.054033690497025333e-01 2.505627387953679452e-01 8.385852431456772282e-03 -8.565199841020817995e-02 -3.433493614606508010e-02 5.043051780714521287e-02 6.183430065306740053e-02 -6.759341832760943844e-06 -7.033522080990127490e-02 -6.530482790336861187e-02 8.190725694390629807e-02
5.354581358367827004e-02 2.505627387953679452e-01 4.631357449641153590e-01 2.757033071781824218e-01 -6.490298684340138624e-02 -1.017135946669874835e-01 -4.682136275019474145e-05 6.723965980252674668e-02 4.202314912129320734e-02 2.330916929501513496e-02 -3.501470786570998889e-02 -5.337483191470750871e-02
-8.469133455651595144e-02 8.385852431456772282e-03 2.757033071781824218e-01 6.351026122725942358e-01 2.562061135483113539e-01 1.685969802467914003e-02 -6.812465589017768774e-02 -5.342669290768316259e-02 -8.767096707325224047e-05 4.728053141720404973e-02 3.903132881595464121e-02 -4.142867355561928588e-02
1.345396638239419046e-02 -8.565199841020817995e-02 -6.490298684340138624e-02 2.562061135483113539e-01 4.715421160488262320e-01 2.723220655172358118e-01 6.541403340973392377e-02 -5.135205269059958666e-02 -5.196418055877959769e-02 -5.820584220198973813e-02 5.295771155636933361e-03 6.773456974008357223e-02
6.082286050756530171e-02 -3.433493614606508010e-02 -1.017135946669874835e-01 1.685969802467914003e-02 2.723220655172358118e-01 3.879297036186454273e-01 2.339237556763369974e-01 9.817009240137133941e-02 -5.336305987598473008e-03 -6.730471152445752225e-02 -3.674375385442300856e-02 5.835511965758777980e-02
2.140755984617548346e-02 5.043051780714521287e-02 -4.682136275019474145e-05 -6.812465589017768774e-02 6.541403340973392377e-02 2.339237556763369974e-01 3.745803407837033916e-01 2.903497381892319318e-01 1.070419492223116803e-01 3.216163580916155118e-02 -3.724784888018634055e-02 -4.318364935666987175e-02
-3.591499585279986362e-02 6.183430065306740053e-02 6.723965980252674668e-02 -5.342669290768316259e-02 -5.135205269059958666e-02 9.817009240137133941e-02 2.903497381892319318e-01 4.289053441406049938e-01 1.752424385049360378e-01 1.150998845579140617e-01 6.446223317098001560e-03 -8.486672019695129521e-02
-5.165683623900792915e-02 -6.759341832760943844e-06 4.202314912129320734e-02 -8.767096707325224047e-05 -5.196418055877959769e-02 -5.336305987598473008e-03 1.070419492223116803e-01 1.752424385049360378e-01 1.148766714612862588e-01 1.565581074232079151e-01 9.184015367803041729e-02 -2.497391731045699517e-02
-7.953490693337406103e-02 -7.033522080990127490e-02 2.330916929501513496e-02 4.728053141720404973e-02 -5.820584220198973813e-02 -6.730471152445752225e-02 3.216163580916155118e-02 1.150998845579140617e-01 1.565581074232079151e-01 3.603751666791306096e-01 2.968937116955926436e-01 7.365757173903307586e-02
2.600812365601444520e-02 -6.530482790336861187e-02 -3.501470786570998889e-02 3.903132881595464121e-02 5.295771155636933361e-03 -3.674375385442300856e-02 -3.724784888018634055e-02 6.446223317098001560e-03 9.184015367803041729e-02 2.968937116955926436e-01 5.014525699153271621e-01 2.510652738499027370e-01
2.628430826185983449e-01 8.190725694390629807e-02 -5.337483191470750871e-02 -4.142867355561928588e-02 6.773456974008357223e-02 5.835511965758777980e-02 -4.318364935666987175e-02 -8.486672019695129521e-02 -2.497391731045699517e-02 7.365757173903307586e-02 2.510652738499027370e-01 4.063913068936753636e-01
4.100348380647557689e-01 2.542849782950873383e-01 1.013870299819483456e-01 -3.700554369828277373e-02 -6.436269894346483000e-02 4.249231618099241076e-03 6.151621649542089731e-02 5.079496162368853790e-02 -4.544521753800631614e-02 -8.160480878963155549e-02 1.910915900028502951e-02 2.652926331397912341e-01
2.542849782950873383e-01 3.909742931250787534e-01 2.719066654302272901e-01 9.162558750272924157e-02 -6.245996265714053031e-02 -7.037221365079682212e-02 -1.801863460512569473e-02 4.077364231728826394e-02 3.468592173965458214e-02 -4.723640073865426753e-02 -8.545011779362132742e-02 4.271520971641300235e-02
1.013870299819483456e-01 2.719066654302272901e-01 3.751599206260953223e-01 2.417392561385122707e-01 5.857105299345521238e-02 -6.103053449558548671e-02 -8.198050197603817812e-02 -2.287469528545554506e-02 6.298822641133422495e-02 3.704567740381047719e-02 -5.699982634306137441e-02 -6.340550362194341538e-02
-3.700554369828277373e-02 9.162558750272924157e-02 2.417392561385122707e-01 3.947520524791248708e-01 2.837312636497685281e-01 7.870384349676720626e-02 -4.790694121145798456e-02 -6.517958181061531131e-02 1.022747135792261702e-02 5.891289389915241315e-02 2.722987022561873527e-02 -5.445163262178284030e-02
-6.436269894346483000e-02 -6.245996265714053031e-02 5.857105299345521238e-02 2.837312636497685281e-01 5.048810200013615912e-01 2.511164147322456075e-01 9.655021426978442622e-02 -1.870059659887652118e-02 -5.886045595487973681e-02 -1.295549215497029082e-03 5.300757266765043774e-02 1.718519302833253909e-02
4.249231618099241076e-03 -7.037221365079682212e-02 -6.103053449558548671e-02 7.870384349676720626e-02 2.511164147322456075e-01 2.775554645660815445e-01 2.267911065720122354e-01 1.126231893751220431e-01 -4.568917090326256314e-02 -7.274819289489647955e-02 -5.280452687759500108e-03 5.369420515054462023e-02
6.151621649542089731e-02 -1.801863460512569473e-02 -8.198050197603817812e-02 -4.790694121145798456e-02 9.655021426978442622e-02 2.267911065720122354e-01 3.289754759095427916e-01 2.633379132462302374e-01 5.894493010336920163e-02 -8.328712324798034916e-02 -7.178841188138559981e-02 3.948980026361504497e-02
5.079496162368853790e-02 4.077364231728826394e-02 -2.287469528545554506e-02 -6.517958181061531131e-02 -1.870059659887652118e-02 1.126231893751220431e-01 2.633379132462302374e-01 4.524223296276738693e-01 2.641174354211174302e-01 3.241610146642186219e-02 -6.867033129526189938e-02 -2.237600557326494682e-02
-4.544521753800631614e-02 3.468592173965458214e-02 6.298822641133422495e-02 1.022747135792261702e-02 -5.886045595487973681e-02 -4.568917090326256314e-02 5.894493010336920163e-02 2.641174354211174302e-01 4.928668555011526120e-01 2.667530278412864053e-01 6.549509386024873758e-02 -6.838259654054501535e-02
-8.160480878963155549e-02 -4.723640073865426753e-02 3.704567740381047719e-02 5.891289389915241315e-02 -1.295549215497029082e-03 -7.274819289489647955e-02 -8.328712324798034916e-02 3.241610146642186219e-02 2.667530278412864053e-01 3.907703042429625517e-01 2.471861705965280875e-01 3.030827320036810074e-02
1.910915900028502951e-02 -8.545011779362132742e-02 -5.699982634306137441e-02 2.722987022561873527e-02 5.300757266765043774e-02 -5.280452687759500108e-03 -7.178841188138559981e-02 -6.867033129526189938e-02 6.549509386024873758e-02 2.471861705965280875e-01 4.472101062079126832e-01 2.725659305427896584e-01
2.652926331397912341e-01 4.271520971641300235e-02 -6.340550362194341538e-02 -5.445163262178284030e-02 1.718519302833253909e-02 5.369420515054462023e-02 3.948980026361504497e-02 -2.237600557326494682e-02 -6.838259654054501535e-02 3.030827320036810074e-02 2.725659305427896584e-01 5.343973396482319949e-01
3.798355820547306139e-01 3.010370238891934003e-01 9.412466307821869271e-02 -5.025460241576100440e-02 -1.508303063059958891e-02 2.479568517676474654e-02 1.375295604884750784e-02 -2.066689775070541801e-02 -3.699889084469447365e-02 -4.816231437422983236e-02 6.480548635430011251e-02 2.356462894502379113e-01
3.010370238891934003e-01 4.812253742223980835e-01 1.939831551689713551e-01 3.509039606038957121e-02 -8.718185744980827545e-02 -7.021870123849988099e-02 3.480160099240800498e-02 5.569596190486789111e-02 3.005028030491252618e-05 -6.703347689005864640e-02 -3.060519232460406566e-02 1.062393381153353689e-01
9.412466307821869271e-02 1.939831551689713551e-01 1.790992772952913203e-01 2.545308850671937351e-01 -3.860865336753307314e-03 -7.707118358786559098e-02 -2.022617343291085003e-04 5.202791156103186987e-02 2.817099111138307577e-02 -4.899586296596761086e-03 -3.694966300056739400e-02 -1.995730596237418539e-02
-5.025460241576100440e-02 3.509039606038957121e-02 2.545308850671937351e-01 7.975217051533769475e-01 2.477628974788818605e-01 -6.786921375112294971e-03 -4.977628290990605830e-02 3.380891665992339853e-03 2.668458238689909792e-02 4.255846408229908145e-02 -1.216002744032191468e-02 -7.175084324071229203e-02
-1.508303063059958891e-02 -8.718185744980827545e-02 -3.860865336753307314e-03 2.477628974788818605e-01 2.993183292851606114e-01 2.529247420677226410e-01 4.494240472719319979e-02 -8.219450097944419609e-02 -6.385668380501699493e-02 -3.643694657494749023e-02 4.573548459196265931e-02 8.453526478865151794e-02
2.479568517676474654e-02 -7.021870123849988099e-02 -7.707118358786559098e-02 -6.786921375112294971e-03 2.529247420677226410e-01 5.155111239049129379e-01 2.425754017341654745e-01 -1.962992618231371167e-02 -6.229051198868559153e-02 -6.544058316586373603e-02 3.600611128219973617e-02 1.057629638784358395e-01
1.375295604884750784e-02 3.480160099240800498e-02 -2.022617343291085003e-04 -4.977628290990605830e-02 4.494240472719319979e-02 2.425754017341654745e-01 5.259919438559497173e-01 2.946879575942136231e-01 8.494408333045919135e-02 -8.850170973841928190e-03 -4.243489658529995406e-02 -3.110620293176765902e-02
-2.066689775070541801e-02 5.569596190486789111e-02 5.202791156103186987e-02 3.380891665992339853e-03 -8.219450097944419609e-02 -1.962992618231371167e-02 2.946879575942136231e-01 4.308573107403865787e-01 1.681427665851349951e-01 7.996765562015481499e-02 -3.857505173362110046e-02 -9.258921250862547914e-02
-3.699889084469447365e-02 3.005028030491252618e-05 2.817099111138307577e-02 2.668458238689909792e-02 -6.385668380501699493e-02 -6.229051198868559153e-02 8.494408333045919135e-02 1.681427665851349951e-01 1.299805681996013540e-01 1.969878327739907065e-01 8.181360849880967012e-02 -3.300633555637952354e-02
-4.816231437422983236e-02 -6.703347689005864640e-02 -4.899586296596761086e-03 4.255846408229908145e-02 -3.643694657494749023e-02 -6.544058316586373603e-02 -8.850170973841928190e-03 7.996765562015481499e-02 1.969878327739907065e-01 5.707287068155482146e-01 3.192933263339787220e-01 7.708444821425178284e-02
6.480548635430011251e-02 -3.060519232460406566e-02 -3.694966300056739400e-02 -1.216002744032191468e-02 4.573548459196265931e-02 3.600611128219973617e-02 -4.243489658529995406e-02 -3.857505173362110046e-02 8.181360849880967012e-02 3.192933263339787220e-01 3.571316958065013925e-01 2.145462918899282978e-01
2.356462894502379113e-01 1.062393381153353689e-01 -1.995730596237418539e-02 -7.175084324071229203e-02 8.453526478865151794e-02 1.057629638784358395e-01 -3.110620293176765902e-02 -9.258921250862547914e-02 -3.300633555637952354e-02 7.708444821425178284e-02 2.145462918899282978e-01 3.327983826661532474e-01
4.234474710138489417e-01 2.248181463826040283e-01 5.981901060753290825e-03 -5.201239124090362154e-02 -4.368532052926303588e-02 1.835469634494277247e-02 5.092113686745548817e-02 8.450648266965277849e-03 -6.399887779781683605e-02 -8.469823781366075943e-02 -1.177504531776670839e-02 2.855460823254147851e-01
2.248181463826040283e-01 5.052957916772311542e-01 2.993972463391046390e-01 7.277574900472848218e-02 -4.268608741167024406e-02 -4.240220644697573205e-02 1.973181552826038659e-02 3.953548719335032297e-02 1.167013304143696938e-02 -3.287284756597405599e-02 -6.057535020957366401e-02 2.750236146716471264e-02
5.981901060753290825e-03 2.993972463391046390e-01 4.768820853924950476e-01 1.903200259216416279e-01 6.443510137191404974e-02 -2.845800589245887566e-02 -5.250860558011007789e-02 -5.876784906386901645e-03 4.767169943689100742e-02 5.893557982903858961e-02 1.164160965371425181e-02 -8.715590070515383259e-02
-5.201239124090362154e-02 7.277574900472848218e-02 1.903200259216416279e-01 1.779092400430308529e-01 2.128919464277642948e-01 1.027876943298240142e-01 -5.281161530693240236e-02 -6.971832575779138286e-02 -6.046659579879487545e-03 5.243119007311131813e-02 5.126322871165107237e-02 -4.683200466134342793e-02
-4.368532052926303588e-02 -4.268608741167024406e-02 6.443510137191404974e-02 2.128919464277642948e-01 4.889632685364038167e-01 3.053727274515611323e-01 2.444057534697644668e-02 -8.672816728876710235e-02 -6.476430484815379196e-02 3.678750007510908290e-03 4.583410033059899524e-02 1.040610638022643891e-02
1.835469634494277247e-02 -4.240220644697573205e-02 -2.845800589245887566e-02 1.027876943298240142e-01 3.053727274515611323e-01 4.427332542937091331e-01 2.250619307671918590e-01 5.659084769930945724e-02 -3.083204079650380888e-02 -4.926766007321827651e-02 -2.322323182130120109e-02 3.470133573371177865e-02
5.092113686745548817e-02 1.973181552826038659e-02 -5.250860558011007789e-02 -5.281161530693240236e-02 2.444057534697644668e-02 2.250619307671918590e-01 4.362771865722493425e-01 2.850698523484401226e-01 1.141802241384786143e-01 -2.842257148786907564e-02 -7.310578080526854150e-02 2.950934539326372300e-03
8.450648266965277849e-03 3.953548719335032297e-02 -5.876784906386901645e-03 -6.971832575779138286e-02 -8.672816728876710235e-02 5.659084769930945724e-02 2.850698523484401226e-01 4.065603883866483192e-01 2.382539349768647841e-01 8.916092741243415720e-02 -1.445519108047402766e-02 -4.062149735593410110e-02
-6.399887779781683605e-02 1.167013304143696938e-02 4.767169943689100742e-02 -6.046659579879487545e-03 -6.476430484815379196e-02 -3.083204079650380888e-02 1.141802241384786143e-01 2.382539349768647841e-01 2.811033545322157989e-01 2.268643316011590416e-01 1.269666212505473069e-01 -4.652992373748792571e-02
-8.469823781366075943e-02 -3.287284756597405599e-02 5.893557982903858961e-02 5.243119007311131813e-02 3.678750007510908290e-03 -4.926766007321827651e-02 -2.842257148786907564e-02 8.916092741243415720e-02 2.268643316011590416e-01 3.146309944163737105e-01 2.659522095084780879e-01 2.510665060100474022e-02
-1.177504531776670839e-02 -6.057535020957366401e-02 1.164160965371425181e-02 5.126322871165107237e-02 4.583410033059899524e-02 -2.322323182130120109e-02 -7.310578080526854150e-02 -1.445519108047402766e-02 1.269666212505473069e-01 2.659522095084780879e-01 4.929155971547389825e-01 2.376434140541106854e-01
2.855460823254147851e-01 2.750236146716471264e-02 -8.715590070515383259e-02 -4.683200466134342793e-02 1.040610638022643891e-02 3.470133573371177865e-02 2.950934539326372300e-03 -4.062149735593410110e-02 -4.652992373748792571e-02 2.510665060100474022e-02 2.376434140541106854e-01 5.532813679810516527e-01
3.782380005309308735e-01 2.645527893321992785e-01 3.943141986835639948e-03 -7.473148004645235876e-02 -1.069649420972381554e-02 5.399503267823160119e-02 2.318026365332020999e-02 -4.253560900320053212e-02 -6.026889111829965284e-02 -5.859909581596973657e-03 1.161346915378359546e-01 2.469888347389865568e-01
2.645527893321992785e-01 5.302132269210670934e-01 2.542834959755409519e-01 1.284167427970663369e-03 -6.956544009305054566e-02 -2.493802024885040467e-03 5.288629765786978520e-02 4.308238322322256730e-02 -1.355806668551579053e-02 -5.883900398743417692e-02 -1.936402099909895896e-02 8.459517215737161200e-02
3.943141986835639948e-03 2.542834959755409519e-01 5.011153004864858929e-01 2.574535654957157416e-01 1.757874643302717241e-02 -7.283317061905825174e-02 -2.723839840310708638e-02 3.412742880681420704e-02 4.595977560774917176e-02 2.193645743026808627e-03 -5.577561062839214712e-02 -7.609251438393047073e-02
-7.473148004645235876e-02 1.284167427970663369e-03 2.574535654957157416e-01 4.610381985875598443e-01 2.534389050036495172e-01 6.757304286741707203e-03 -7.245402143602049094e-02 -5.207356368049083362e-02 1.516923137040043432e-02 4.892919383476872913e-02 9.846731274711546106e-03 -4.851763315948030147e-02
-1.069649420972381554e-02 -6.956544009305054566e-02 1.757874643302717241e-02 2.534389050036495172e-01 5.119989615813650419e-01 2.631180669097421543e-01 3.330344239719028321e-02 -6.402367296359209869e-02 -5.407817214795886118e-02 1.158236560188317076e-02 4.811146212593870458e-02 4.564378418472436749e-02
5.399503267823160119e-02 -2.493802024885040467e-03 -7.283317061905825174e-02 6.757304286741707203e-03 2.631180669097421543e-01 4.725578133687419191e-01 2.500934989317384893e-01 9.572478124603688021e-02 -2.686534080492481921e-02 -6.241526790379711698e-02 -9.420963818661851064e-03 4.346966608805828691e-02
2.318026365332020999e-02 5.288629765786978520e-02 -2.723839840310708638e-02 -7.245402143602049094e-02 3.330344239719028321e-02 2.500934989317384893e-01 3.566343695843325889e-01 2.585394996538350476e-01 1.096699037782594005e-01 -4.087791570580978640e-02 -7.016654263769012134e-02 -4.619027106990655079e-02
-4.253560900320053212e-02 4.308238322322256730e-02 3.412742880681420704e-02 -5.207356368049083362e-02 -6.402367296359209869e-02 9.572478124603688021e-02 2.585394996538350476e-01 3.451139120674490135e-01 2.459079193276347830e-01 8.387075867441778909e-02 -4.737441943776813519e-02 -9.256529139723268518e-02
-6.026889111829965284e-02 -1.355806668551579053e-02 4.595977560774917176e-02 1.516923137040043432e-02 -5.407817214795886118e-02 -2.686534080492481921e-02 1.096699037782594005e-01 2.459079193276347830e-01 3.649181554590626431e-01 2.743120397565475543e-01 8.443036340715766308e-02 -3.242450977711883175e-02
-5.859909581596973657e-03 -5.883900398743417692e-02 2.193645743026808627e-03 4.892919383476872913e-02 1.158236560188317076e-02 -6.241526790379711698e-02 -4.087791570580978640e-02 8.387075867441778909e-02 2.743120397565475543e-01 4.882982009393139755e-01 2.474638239934705553e-01 1.135336758835002458e-01
1.161346915378359546e-01 -1.936402099909895896e-02 -5.577561062839214712e-02 9.846731274711546106e-03 4.811146212593870458e-02 -9.420963818661851064e-03 -7.016654263769012134e-02 -4.737441943776813519e-02 8.443036340715766308e-02 2.474638239934705553e-01 2.691401744206011193e-01 2.299630281098448137e-01
2.469888347389865568e-01 8.459517215737161200e-02 -7.609251438393047073e-02 -4.851763315948030147e-02 4.564378418472436749e-02 4.346966608805828691e-02 -4.619027106990655079e-02 -9.256529139723268518e-02 -3.242450977711883175e-02 1.135336758835002458e-01 2.299630281098448137e-01 3.207336860531103673e-01
5.826521226469502102e-01 2.678659779741989766e-01 3.145846353701818587e-02 -6.242392214906121450e-02 -3.894564375283819657e-02 1.074458171617565481e-02 2.849493028956692070e-02 4.452487458020249617e-02 -1.279676861792121943e-02 -7.815911140333783869e-02 -1.647669075882573272e-03 2.662926244735043246e-01
2.678659779741989766e-01 4.352186146263419264e-01 2.292094856735334973e-01 1.006569705955319138e-01 -3.962221687879889653e-02 -9.479850886734107751e-02 -4.022615439780972968e-02 1.293685660669180795e-02 3.920320654857559206e-02 -9.302765391281702517e-03 -7.093020915854350572e-02 -1.254240594576759918e-02
3.145846353701818587e-02 2.292094856735334973e-01 3.097364965790093683e-01 2.749560448181717076e-01 9.922820098873437467e-02 -4.596411194528519928e-02 -4.637373568579769567e-02 -4.010403677264109262e-02 2.378958073463856293e-02 4.987719714503167923e-02 -1.816633538369110193e-02 -7.513958098480272296e-02
-6.242392214906121450e-02 1.006569705955319138e-01 2.749560448181717076e-01 4.589080857817255943e-01 2.571027444342144364e-01 9.771356283854222557e-02 3.027879149086104820e-03 -5.216682691800586524e-02 -1.614745262169668683e-02 4.987301894954537795e-02 3.339256359409088770e-02 -4.788792952945191556e-02
-3.894564375283819657e-02 -3.962221687879889653e-02 9.922820098873437467e-02 2.571027444342144364e-01 3.138980357081065931e-01 2.563888129486784351e-01 9.637242811788297725e-02 1.483943340633671337e-02 -3.877684794939385837e-02 -2.678629360456342978e-02 2.725839318854663892e-02 3.716333233730765434e-02
1.074458171617565481e-02 -9.479850886734107751e-02 -4.596411194528519928e-02 9.771356283854222557e-02 2.563888129486784351e-01 4.408194887252064875e-01 1.820079636651900368e-01 9.686282406028469405e-02 -2.316366462704250173e-02 -7.501833845358905906e-02 -4.801442365338487277e-03 7.150746547674621811e-02
2.849493028956692070e-02 -4.022615439780972968e-02 -4.637373568579769567e-02 3.027879149086104820e-03 9.637242811788297725e-02 1.820079636651900368e-01 1.253517757967226309e-01 1.706232951833781264e-01 7.669346532910567560e-02 -4.459547613741271510e-02 -3.975938638805417286e-02 2.653138437346939243e-02
4.452487458020249617e-02 1.293685660669180795e-02 -4.010403677264109262e-02 -5.216682691800586524e-02 1.483943340633671337e-02 9.686282406028469405e-02 1.706232951833781264e-01 4.495107288151553027e-01 2.977493695594043421e-01 2.168505697445705094e-02 -7.846765188577203842e-02 -2.747440441236612130e-02
-1.279676861792121943e-02 3.920320654857559206e-02 2.378958073463856293e-02 -1.614745262169668683e-02 -3.877684794939385837e-02 -2.316366462704250173e-02 7.669346532910567560e-02 2.977493695594043421e-01 5.043282929514105728e-01 2.291667073911287378e-01 2.101103223588582369e-02 -5.261984284354859903e-02
-7.815911140333783869e-02 -9.302765391281702517e-03 4.987719714503167923e-02 4.987301894954537795e-02 -2.678629360456342978e-02 -7.501833845358905906e-02 -4.459547613741271510e-02 2.168505697445705094e-02 2.291667073911287378e-01 4.350829203988659244e-01 2.714773259135137007e-01 3.902821574832548990e-02
-1.647669075882573272e-03 -7.093020915854350572e-02 -1.816633538369110193e-02 3.339256359409088770e-02 2.725839318854663892e-02 -4.801442365338487277e-03 -3.975938638805417286e-02 -7.846765188577203842e-02 2.101103223588582369e-02 2.714773259135137007e-01 5.008585547499068147e-01 2.464909751396923976e-01
