2.874236428189177461e-01 2.124901610950843955e-01 1.064482746930403984e-01 1.493645713072454251e-02 -4.920305219977987032e-02 -5.990869500978300566e-02 -5.214134620719101942e-02 1.375323815136085190e-02 1.052037592868375893e-01 2.131427552240959811e-01
2.124901610950843955e-01 4.001705615192334697e-01 2.106365350301607764e-01 1.106477244413248961e-01 3.318540632778501503e-02 -2.077973257878045626e-02 -5.712948821277796796e-02 -5.207019852095104429e-02 5.399472176875762079e-03 9.884672694266716242e-02
1.064482746930403984e-01 2.106365350301607764e-01 2.839836365677613772e-01 2.056240131996906750e-01 1.205853639789224024e-01 5.372878217609353829e-02 -8.931279441480623194e-03 -5.436496526284635700e-02 -5.390264876110846537e-02 -1.844211576219559161e-03
1.493645713072454251e-02 1.106477244413248961e-01 2.056240131996906750e-01 2.519990055302202547e-01 1.983253894476521562e-01 1.172081231813777435e-01 5.666513603439118918e-02 -1.780225049593816763e-02 -6.452411185102334412e-02 -6.036142401171556982e-02
-4.920305219977987032e-02 3.318540632778501503e-02 1.205853639789224024e-01 1.983253894476521562e-01 2.714861947171018364e-01 1.890252419865277589e-01 1.237854059651316840e-01 4.440591154817642716e-02 -4.339950418789597503e-02 -7.734459446766821233e-02
-5.990869500978300566e-02 -2.077973257878045626e-02 5.372878217609353829e-02 1.172081231813777435e-01 1.890252419865277589e-01 2.077661849455247622e-01 1.965152818229377596e-01 1.113919793137279624e-01 2.190393272802361457e-02 -4.841004148607561119e-02
-5.214134620719101942e-02 -5.712948821277796796e-02 -8.931279441480623194e-03 5.666513603439118918e-02 1.237854059651316840e-01 1.965152818229377596e-01 3.295779707525273716e-01 2.171311754322627074e-01 1.138621490869079766e-01 1.068446181846918058e-02
1.375323815136085190e-02 -5.207019852095104429e-02 -5.436496526284635700e-02 -1.780225049593816763e-02 4.440591154817642716e-02 1.113919793137279624e-01 2.171311754322627074e-01 3.306772519250851250e-01 2.182122797522024760e-01 1.083189583275578488e-01
1.052037592868375893e-01 5.399472176875762079e-03 -5.390264876110846537e-02 -6.452411185102334412e-02 -4.339950418789597503e-02 2.190393272802361457e-02 1.138621490869079766e-01 2.182122797522024760e-01 3.013739947867712932e-01 2.109592409987341988e-01
2.131427552240959811e-01 9.884672694266716242e-02 -1.844211576219559161e-03 -6.036142401171556982e-02 -7.734459446766821233e-02 -4.841004148607561119e-02 1.068446181846918058e-02 1.083189583275578488e-01 2.109592409987341988e-01 3.355415564368539050e-01
1.832313802494496269e-01 1.653956919157890115e-01 1.066184476643529944e-01 4.075335150679668117e-02 -3.770163877469169533e-02 -6.623403758158330490e-02 -4.396714489546033749e-02 2.149936576314258330e-02 1.103197695057323985e-01 1.882087798373406617e-01
1.653956919157890115e-01 2.293445281554654658e-01 2.097410402521882045e-01 1.247761004434983917e-01 1.954385643685170940e-02 -5.418883078572160616e-02 -6.611205916342507982e-02 -3.938125792169108047e-02 4.364438455415435569e-02 1.158483781529564133e-01
1.066184476643529944e-01 2.097410402521882045e-01 3.964852878530044644e-01 2.150665603894494904e-01 1.004161415767650112e-01 3.575533907272797785e-04 -4.479038262471449205e-02 -5.925818803669746782e-02 -2.245348120213352255e-02 4.203511155814043665e-02
4.075335150679668117e-02 1.247761004434983917e-01 2.150665603894494904e-01 3.096069811786578696e-01 2.092802548856874112e-01 1.001256346638623174e-01 2.480510141096162885e-02 -3.658615217739435987e-02 -4.905270797860198512e-02 -2.467462118144469682e-02
-3.770163877469169533e-02 1.954385643685170940e-02 1.004161415767650112e-01 2.092802548856874112e-01 2.590971488843610282e-01 2.054503336722659501e-01 1.119001677130827821e-01 3.623520414529914080e-02 -3.970552759860407344e-02 -6.624141874341996084e-02
-6.623403758158330490e-02 -5.418883078572160616e-02 3.575533907272797785e-04 1.001256346638623174e-01 2.054503336722659501e-01 3.959023378017738626e-01 1.976262849908558272e-01 1.066788242655252184e-01 6.384203610621804609e-03 -5.583476192367432811e-02
-4.396714489546033749e-02 -6.611205916342507982e-02 -4.479038262471449205e-02 2.480510141096162885e-02 1.119001677130827821e-01 1.976262849908558272e-01 2.130474416102775825e-01 1.986421323826800811e-01 9.348060818580609943e-02 1.412504844326645595e-02
2.149936576314258330e-02 -3.938125792169108047e-02 -5.925818803669746782e-02 -3.658615217739435987e-02 3.623520414529914080e-02 1.066788242655252184e-01 1.986421323826800811e-01 3.303761648488653946e-01 2.141222697264831831e-01 1.221271539845126403e-01
1.103197695057323985e-01 4.364438455415435569e-02 -2.245348120213352255e-02 -4.905270797860198512e-02 -3.970552759860407344e-02 6.384203610621804609e-03 9.348060818580609943e-02 2.141222697264831831e-01 3.650439156093189808e-01 2.243456858722597813e-01
1.882087798373406617e-01 1.158483781529564133e-01 4.203511155814043665e-02 -2.467462118144469682e-02 -6.624141874341996084e-02 -5.583476192367432811e-02 1.412504844326645595e-02 1.221271539845126403e-01 2.243456858722597813e-01 3.178648138088274733e-01
3.492094302013166729e-01 2.033133891680214689e-01 1.174578106626031904e-01 3.651106632067696589e-02 -3.198801336487264169e-02 -6.629936186987886448e-02 -4.947306716389568426e-02 2.024018297781420006e-02 1.171121996884353922e-01 2.137124069230167678e-01
2.033133891680214689e-01 2.309627687657832273e-01 1.922061446252067984e-01 1.120686391853920882e-01 3.749790379374053767e-02 -4.107308502205588019e-02 -6.811267088990891061e-02 -4.309502590826718577e-02 3.275039059053135027e-02 1.174881342315614585e-01
1.174578106626031904e-01 1.922061446252067984e-01 2.655395072626797193e-01 2.096628602920230233e-01 1.220753418361836956e-01 2.429794944401508783e-02 -5.047197971493083690e-02 -6.615792692361992244e-02 -3.227550748550653964e-02 4.395433917932400902e-02
3.651106632067696589e-02 1.120686391853920882e-01 2.096628602920230233e-01 3.194437535348899626e-01 2.194703242585843150e-01 1.125612209375317363e-01 1.170211895764497294e-02 -5.194007954779507330e-02 -6.582398023384047892e-02 -3.118373884664706747e-02
-3.198801336487264169e-02 3.749790379374053767e-02 1.220753418361836956e-01 2.194703242585843150e-01 3.341459805746199718e-01 2.109808022618178125e-01 1.028755270908413705e-01 1.560556757327648605e-02 -4.876334536570942763e-02 -5.970281700195195773e-02
-6.629936186987886448e-02 -4.107308502205588019e-02 2.429794944401508783e-02 1.125612209375317363e-01 2.109808022618178125e-01 2.749377108074837484e-01 2.094197084200405956e-01 1.121522179090410354e-01 2.232244440449541317e-02 -4.613706551911442993e-02
-4.947306716389568426e-02 -6.811267088990891061e-02 -5.047197971493083690e-02 1.170211895764497294e-02 1.028755270908413705e-01 2.094197084200405956e-01 3.556890912474353628e-01 2.150406707890176738e-01 1.152209262658406841e-01 1.885696256812411514e-02
2.024018297781420006e-02 -4.309502590826718577e-02 -6.615792692361992244e-02 -5.194007954779507330e-02 1.560556757327648605e-02 1.121522179090410354e-01 2.150406707890176738e-01 2.751128305421403075e-01 2.093336730320246586e-01 1.028284326641946689e-01
1.171121996884353922e-01 3.275039059053135027e-02 -3.227550748550653964e-02 -6.582398023384047892e-02 -4.876334536570942763e-02 2.232244440449541317e-02 1.152209262658406841e-01 2.093336730320246586e-01 3.309658293986169064e-01 2.074552538241034860e-01
2.137124069230167678e-01 1.174881342315614585e-01 4.395433917932400902e-02 -3.118373884664706747e-02 -5.970281700195195773e-02 -4.613706551911442993e-02 1.885696256812411514e-02 1.028284326641946689e-01 2.074552538241034860e-01 2.639930976650350924e-01
2.296281153949938092e-01 2.013413368490085120e-01 1.131244920929879161e-01 4.093779011489548370e-02 -3.304256031449240988e-02 -6.490922782261229762e-02 -6.144682691110207873e-02 -6.710946004261437309e-03 1.017082934933480898e-01 1.989307222354264604e-01
2.013413368490085120e-01 3.224833740772465318e-01 2.141587574531582661e-01 1.283593716949829600e-01 3.303551206443029742e-02 -3.654846691659179025e-02 -6.905943959866479853e-02 -6.337826473794934412e-02 2.930692849659181920e-03 9.098388853965702627e-02
1.131244920929879161e-01 2.141587574531582661e-01 3.028318599457331395e-01 2.174251553717716778e-01 1.117842697654654049e-01 3.633716141647909403e-02 -2.838760676467833380e-02 -5.990540865471599696e-02 -4.697171687154221009e-02 1.454413521653954988e-02
4.093779011489548370e-02 1.283593716949829600e-01 2.174251553717716778e-01 2.894534366652234403e-01 1.969415052286019319e-01 1.165828557005847976e-01 5.086379803740789102e-02 -1.199199705284884065e-02 -5.590620262564662685e-02 -4.085562534011033531e-02
-3.304256031449240988e-02 3.303551206443029742e-02 1.117842697654654049e-01 1.969415052286019319e-01 2.570547257154539578e-01 2.036434420987009997e-01 1.296284750934817986e-01 6.059076716623437719e-02 -2.988076077369991243e-02 -5.978073423950269055e-02
-6.490922782261229762e-02 -3.654846691659179025e-02 3.633716141647909403e-02 1.165828557005847976e-01 2.036434420987009997e-01 2.636100776412148572e-01 2.048165684504365258e-01 1.239660189576713978e-01 2.533549963308763531e-02 -4.698588728010950899e-02
-6.144682691110207873e-02 -6.905943959866479853e-02 -2.838760676467833380e-02 5.086379803740789102e-02 1.296284750934817986e-01 2.048165684504365258e-01 2.859764188280269348e-01 2.062847837818639896e-01 9.633714851657459999e-02 2.109595022710391427e-04
-6.710946004261437309e-03 -6.337826473794934412e-02 -5.990540865471599696e-02 -1.199199705284884065e-02 6.059076716623437719e-02 1.239660189576713978e-01 2.062847837818639896e-01 2.662653741915657069e-01 2.068408994099027454e-01 9.858332311718154273e-02
1.017082934933480898e-01 2.930692849659181920e-03 -4.697171687154221009e-02 -5.590620262564662685e-02 -2.988076077369991243e-02 2.533549963308763531e-02 9.633714851657459999e-02 2.068408994099027454e-01 3.749349996785176220e-01 2.190425050291403830e-01
1.989307222354264604e-01 9.098388853965702627e-02 1.454413521653954988e-02 -4.085562534011033531e-02 -5.978073423950269055e-02 -4.698588728010950899e-02 2.109595022710391427e-04 9.858332311718154273e-02 2.190425050291403830e-01 4.077616178620233622e-01
3.816495190012589855e-01 1.637288183662310992e-01 1.053367471602985744e-01 4.096203355554351583e-02 -2.897934936467592981e-02 -7.447958777512261874e-02 -6.310754136574539541e-02 -8.165985557520233709e-03 1.126070448419283637e-01 2.199693976951548890e-01
1.637288183662310992e-01 1.270873066674247098e-01 1.604372281633448249e-01 1.007288159360058694e-01 3.907868938754562732e-02 -2.989463916343445063e-02 -5.358686855535520210e-02 -4.343545749874717921e-02 1.156525544355047931e-02 9.015997690740852610e-02
1.053367471602985744e-01 1.604372281633448249e-01 3.242001529858287157e-01 2.244083227424412685e-01 1.342962630865511819e-01 2.374350501056111257e-02 -4.786368006372718892e-02 -7.073486851534038777e-02 -5.252530213225611866e-02 3.405307932485057004e-02
4.096203355554351583e-02 1.007288159360058694e-01 2.244083227424412685e-01 3.496947694025771547e-01 2.183655316354432274e-01 1.023602160340941480e-01 1.734153261247320388e-02 -4.036424703118259016e-02 -6.022276791749676950e-02 -2.267119544080577198e-02
-2.897934936467592981e-02 3.907868938754562732e-02 1.342962630865511819e-01 2.183655316354432274e-01 2.696610051413201870e-01 1.994672540755273449e-01 1.077942196266226116e-01 4.026552138502811212e-02 -2.425105502930427828e-02 -4.875964923138580154e-02
-7.447958777512261874e-02 -2.989463916343445063e-02 2.374350501056111257e-02 1.023602160340941480e-01 1.994672540755273449e-01 3.073452820674681396e-01 2.117052668724964948e-01 1.288815478164804240e-01 4.486455379678017108e-02 -4.750080415973410852e-02
-6.310754136574539541e-02 -5.358686855535520210e-02 -4.786368006372718892e-02 1.734153261247320388e-02 1.077942196266226116e-01 2.117052668724964948e-01 2.751102715335287940e-01 2.066075622096457953e-01 1.142021550130057489e-01 7.944903756904733022e-03
-8.165985557520233709e-03 -4.343545749874717921e-02 -7.073486851534038777e-02 -4.036424703118259016e-02 4.026552138502811212e-02 1.288815478164804240e-01 2.066075622096457953e-01 2.700514447509405613e-01 2.062757003619415663e-01 9.193554572488225884e-02
1.126070448419283637e-01 1.156525544355047931e-02 -5.252530213225611866e-02 -6.022276791749676950e-02 -2.425105502930427828e-02 4.486455379678017108e-02 1.142021550130057489e-01 2.062757003619415663e-01 3.450766833229613195e-01 2.200004901863568674e-01
2.199693976951548890e-01 9.015997690740852610e-02 3.405307932485057004e-02 -2.267119544080577198e-02 -4.875964923138580154e-02 -4.750080415973410852e-02 7.944903756904733022e-03 9.193554572488225884e-02 2.200004901863568674e-01 3.501235651266933480e-01
2.190343510690167528e-01 1.933798128320667054e-01 1.012521189680776756e-01 2.630932105309014696e-02 -3.949816843803390098e-02 -5.800833318058393889e-02 -4.565076815135817728e-02 2.795607367115329409e-02 1.154817530465669650e-01 2.065901001145850069e-01
1.933798128320667054e-01 3.595576295792447530e-01 2.111628922295910593e-01 1.202299632153003561e-01 1.757301040289113714e-02 -4.686231736049541186e-02 -7.246409109939981608e-02 -4.384902780388613697e-02 1.847013588260132400e-02 9.952205898351423885e-02
1.012521189680776756e-01 2.111628922295910593e-01 2.771944826377517046e-01 2.194589248993906172e-01 1.074879625373706543e-01 2.710459451770249467e-02 -4.098088043126620061e-02 -5.397237776836876638e-02 -4.041169519194223042e-02 1.851778208555613162e-02
2.630932105309014696e-02 1.202299632153003561e-01 2.194589248993906172e-01 3.321123008890397577e-01 2.026125828273754592e-01 1.112518479143178723e-01 3.472307493016936475e-02 -2.627843452898083118e-02 -6.120022489268838600e-02 -4.688775834551446586e-02
-3.949816843803390098e-02 1.757301040289113714e-02 1.074879625373706543e-01 2.026125828273754592e-01 2.833947576241484523e-01 2.094764835202674313e-01 1.256067228765233024e-01 4.332802560630009958e-02 -3.453342619673918645e-02 -6.052107434250665607e-02
-5.800833318058393889e-02 -4.686231736049541186e-02 2.710459451770249467e-02 1.112518479143178723e-01 2.094764835202674313e-01 2.539592711594341190e-01 2.070002671441586450e-01 1.074451233851285714e-01 2.634588645646839672e-02 -3.701318302459511572e-02
-4.565076815135817728e-02 -7.246409109939981608e-02 -4.098088043126620061e-02 3.472307493016936475e-02 1.256067228765233024e-01 2.070002671441586450e-01 3.478274887882666366e-01 1.954394718513839391e-01 1.013467680121049597e-01 1.870902722493380035e-02
2.795607367115329409e-02 -4.384902780388613697e-02 -5.397237776836876638e-02 -2.627843452898083118e-02 4.332802560630009958e-02 1.074451233851285714e-01 1.954394718513839391e-01 2.173487894516846208e-01 2.038555800076750080e-01 1.126538528435649250e-01
1.154817530465669650e-01 1.847013588260132400e-02 -4.041169519194223042e-02 -6.120022489268838600e-02 -3.453342619673918645e-02 2.634588645646839672e-02 1.013467680121049597e-01 2.038555800076750080e-01 3.539222840371271106e-01 2.177178143876551952e-01
2.065901001145850069e-01 9.952205898351423885e-02 1.851778208555613162e-02 -4.688775834551446586e-02 -6.052107434250665607e-02 -3.701318302459511572e-02 1.870902722493380035e-02 1.126538528435649250e-01 2.177178143876551952e-01 3.556486447642858706e-01
3.177521310274534772e-01 2.161532804294826748e-01 1.071319330973496409e-01 -6.760646247231911522e-03 -6.741301671741137258e-02 -5.092327706387864833e-02 -6.941319914284826281e-03 5.561789487899629347e-02 1.088225107252782653e-01 2.161430066081343471e-01
2.161532804294826748e-01 2.850695028145739940e-01 2.083196119197578411e-01 8.077498499764937390e-02 -2.164416168006098179e-02 -6.118473732983308044e-02 -5.102900084067781006e-02 -1.067144244457660790e-02 5.117160420912142405e-02 1.348890485866484912e-01
1.071319330973496409e-01 2.083196119197578411e-01 3.375927269841005884e-01 2.115797278541418636e-01 9.973797846721677018e-02 -1.999025946493422981e-02 -6.508367577885075528e-02 -6.918444926040798193e-02 -2.516563649036178407e-02 3.425870329208084708e-02
-6.760646247231911522e-03 8.077498499764937390e-02 2.115797278541418636e-01 4.302419952536348235e-01 2.137865362880992104e-01 8.480038963593000689e-02 -1.134346524788072425e-03 -4.744760103268504114e-02 -5.043459830012041872e-02 -5.067470169523288076e-02
-6.741301671741137258e-02 -2.164416168006098179e-02 9.973797846721677018e-02 2.137865362880992104e-01 3.402250841440821461e-01 2.064166856788792748e-01 1.045542037517532274e-01 3.889535706116088731e-02 -2.244290978739982637e-02 -6.773170369062275764e-02
-5.092327706387864833e-02 -6.118473732983308044e-02 -1.999025946493422981e-02 8.480038963593000689e-02 2.064166856788792748e-01 2.781977416506833389e-01 2.081778866750709223e-01 1.363984332647417419e-01 5.551526296610410222e-02 -2.351507862925241756e-03
-6.941319914284826281e-03 -5.102900084067781006e-02 -6.508367577885075528e-02 -1.134346524788072425e-03 1.045542037517532274e-01 2.081778866750709223e-01 2.750738552189446740e-01 2.151725821465270694e-01 1.112707580884096659e-01 6.134453574306618362e-02
5.561789487899629347e-02 -1.067144244457660790e-02 -6.918444926040798193e-02 -4.744760103268504114e-02 3.889535706116088731e-02 1.363984332647417419e-01 2.151725821465270694e-01 3.093414272015496125e-01 1.733035033654884427e-01 1.224109015369019421e-01
1.088225107252782653e-01 5.117160420912142405e-02 -2.516563649036178407e-02 -5.043459830012041872e-02 -2.244290978739982637e-02 5.551526296610410222e-02 1.112707580884096659e-01 1.733035033654884427e-01 1.531028427465426223e-01 1.647850222943144927e-01
2.161430066081343471e-01 1.348890485866484912e-01 3.425870329208084708e-02 -5.067470169523288076e-02 -6.773170369062275764e-02 -2.351507862925241756e-03 6.134453574306618362e-02 1.224109015369019421e-01 1.647850222943144927e-01 2.734026929584325583e-01
3.633814289643946815e-01 2.131085401620775865e-01 9.895303316395526183e-02 1.249220420228409727e-02 -4.349087298569587201e-02 -5.799310482105210496e-02 -3.382372455224554042e-02 3.373065031875868702e-02 1.169260656113885466e-01 2.209913202143864996e-01
2.131085401620775865e-01 3.175615727533830923e-01 2.138103518100655243e-01 1.183477957648343404e-01 3.730228426979879941e-02 -3.622136698920273845e-02 -6.413395001219776570e-02 -4.746277798604940645e-02 1.054731583925533345e-02 1.078626559576142951e-01
9.895303316395526183e-02 2.138103518100655243e-01 2.991446383719713054e-01 2.131446703020101752e-01 1.210141501674199260e-01 3.466728810510295161e-02 -3.965175716537579914e-02 -6.758664610973644238e-02 -5.923934231573517450e-02 2.558506841728630694e-04
1.249220420228409727e-02 1.183477957648343404e-01 2.131446703020101752e-01 2.887273731985194880e-01 2.047217171615450249e-01 1.100074182174216875e-01 2.483340625145334657e-02 -4.337178250945537133e-02 -7.228597233746392181e-02 -5.905878381005383315e-02
-4.349087298569587201e-02 3.730228426979879941e-02 1.210141501674199260e-01 2.047217171615450249e-01 2.771402389775962649e-01 2.082729543740616807e-01 1.165201801976048779e-01 3.181590497085283464e-02 -3.576609257271298054e-02 -6.652480016423735487e-02
-5.799310482105210496e-02 -3.622136698920273845e-02 3.466728810510295161e-02 1.100074182174216875e-01 2.082729543740616807e-01 2.915071348149239627e-01 2.163584896247766898e-01 1.208577462934378038e-01 4.144840580454443868e-02 -3.214665075207376321e-02
-3.382372455224554042e-02 -6.413395001219776570e-02 -3.965175716537579914e-02 2.483340625145334657e-02 1.165201801976048779e-01 2.163584896247766898e-01 3.555973154442101936e-01 2.071274822349632172e-01 1.158497772328280218e-01 3.631097908414152031e-02
3.373065031875868702e-02 -4.746277798604940645e-02 -6.758664610973644238e-02 -4.337178250945537133e-02 3.181590497085283464e-02 1.208577462934378038e-01 2.071274822349632172e-01 2.326139000551957214e-01 1.883171657027854495e-01 1.112294818457001538e-01
1.169260656113885466e-01 1.054731583925533345e-02 -5.923934231573517450e-02 -7.228597233746392181e-02 -3.576609257271298054e-02 4.144840580454443868e-02 1.158497772328280218e-01 1.883171657027854495e-01 2.558108529874235648e-01 2.084043130778210351e-01
2.209913202143864996e-01 1.078626559576142951e-01 2.558506841728630694e-04 -5.905878381005383315e-02 -6.652480016423735487e-02 -3.214665075207376321e-02 3.631097908414152031e-02 1.112294818457001538e-01 2.084043130778210351e-01 3.185155444323772844e-01
3.480162642960327180e-01 2.066054138271236629e-01 9.812239253962305729e-02 1.018504886254344328e-02 -4.678432772672246748e-02 -6.372629727465296823e-02 -3.608528968719922070e-02 8.157166938121662367e-03 1.121621326878836367e-01 2.154142540290949759e-01
2.066054138271236629e-01 2.483535117389706337e-01 2.055763156953239745e-01 1.073902379027987519e-01 3.010100646907696090e-02 -3.979557454055829280e-02 -4.864871397621137183e-02 -3.960173382311255735e-02 2.956666351957764824e-02 1.150538791266829258e-01
9.812239253962305729e-02 2.055763156953239745e-01 3.174031003595474409e-01 2.125742584098967158e-01 1.186561032155610124e-01 2.132850843162428095e-02 -3.332227052963938202e-02 -5.931669960084628990e-02 -4.445413975361059422e-02 1.948556908245197006e-02
1.018504886254344328e-02 1.073902379027987519e-01 2.125742584098967158e-01 3.676635408250944481e-01 2.142628314354546593e-01 1.087831388887471884e-01 2.980460973762006152e-02 -2.769577688452340425e-02 -5.157418057906631298e-02 -3.954603220812821784e-02
-4.678432772672246748e-02 3.010100646907696090e-02 1.186561032155610124e-01 2.142628314354546593e-01 2.338359274262122589e-01 1.943575070884627776e-01 9.191237833763862830e-02 3.181340156891451776e-02 -2.679971542535187351e-02 -5.740278541854670902e-02
-6.372629727465296823e-02 -3.979557454055829280e-02 2.132850843162428095e-02 1.087831388887471884e-01 1.943575070884627776e-01 3.275883422760710317e-01 1.822492834498477265e-01 1.087138840048375021e-01 3.373211339573861656e-02 -3.807573659928067955e-02
-3.608528968719922070e-02 -4.864871397621137183e-02 -3.332227052963938202e-02 2.980460973762006152e-02 9.191237833763862830e-02 1.822492834498477265e-01 1.568727337497786145e-01 1.727889491382143816e-01 8.479549161826202552e-02 1.873570895176638468e-02
8.157166938121662367e-03 -3.960173382311255735e-02 -5.931669960084628990e-02 -2.769577688452340425e-02 3.181340156891451776e-02 1.087138840048375021e-01 1.727889491382143816e-01 4.408845345608339850e-01 1.798449877885804626e-01 9.141134087089580751e-02
1.121621326878836367e-01 2.956666351957764824e-02 -4.445413975361059422e-02 -5.157418057906631298e-02 -2.679971542535187351e-02 3.373211339573861656e-02 8.479549161826202552e-02 1.798449877885804626e-01 2.148238603604574748e-01 2.104039221232082979e-01
2.154142540290949759e-01 1.150538791266829258e-01 1.948556908245197006e-02 -3.954603220812821784e-02 -5.740278541854670902e-02 -3.807573659928067955e-02 1.873570895176638468e-02 9.141134087089580751e-02 2.104039221232082979e-01 3.445581844069993682e-01
3.966317965110873200e-01 2.234717773732287360e-01 1.122906490315698919e-01 2.333929212606699471e-02 -2.743649950991997391e-02 -5.733217940216855935e-02 -5.433797676070635518e-02 3.419469398275302129e-03 8.323619122425535144e-02 1.943641511455489745e-01
2.234717773732287360e-01 3.398108511011079802e-01 1.841178368841976665e-01 8.674246861604517633e-02 2.580780987103697965e-02 -3.646266484431999466e-02 -6.714174882795494181e-02 -3.945069363071784102e-02 2.641912355758210817e-02 1.237764128972493605e-01
1.122906490315698919e-01 1.841178368841976665e-01 1.571078460664770415e-01 1.679472995571191507e-01 9.506590623552396702e-02 3.662852950248182693e-02 -2.450585373575416698e-02 -4.537420851909455821e-02 -2.795719978834450628e-02 4.114921071337820924e-02
2.333929212606699471e-02 8.674246861604517633e-02 1.679472995571191507e-01 3.969110753631942545e-01 2.140592631463838491e-01 1.341894383304339522e-01 3.928417169852135848e-02 -4.136918392438944381e-02 -6.752643543242049795e-02 -3.178159353999066017e-02
-2.743649950991997391e-02 2.580780987103697965e-02 9.506590623552396702e-02 2.140592631463838491e-01 2.693866799033451387e-01 2.108728095314570672e-01 1.018675032389554647e-01 1.117573346628258912e-02 -5.170809602441107933e-02 -4.910570112958551059e-02
-5.733217940216855935e-02 -3.646266484431999466e-02 3.662852950248182693e-02 1.341894383304339522e-01 2.108728095314570672e-01 2.639223578735612197e-01 1.874415501812159712e-01 9.439826484164368092e-02 1.767226685807975900e-02 -3.429547043334037204e-02
-5.433797676070635518e-02 -6.714174882795494181e-02 -2.450585373575416698e-02 3.928417169852135848e-02 1.018675032389554647e-01 1.874415501812159712e-01 2.818091555989460928e-01 2.235396170390663295e-01 1.357884666516614436e-01 2.666768399984429869e-02
3.419469398275302129e-03 -3.945069363071784102e-02 -4.537420851909455821e-02 -4.136918392438944381e-02 1.117573346628258912e-02 9.439826484164368092e-02 2.235396170390663295e-01 3.595188168850182997e-01 2.238106725556381904e-01 9.612606995280632838e-02
8.323619122425535144e-02 2.641912355758210817e-02 -2.795719978834450628e-02 -6.752643543242049795e-02 -5.170809602441107933e-02 1.767226685807975900e-02 1.357884666516614436e-01 2.238106725556381904e-01 3.524806769111002991e-01 1.798083965555146158e-01
1.943641511455489745e-01 1.237764128972493605e-01 4.114921071337820924e-02 -3.178159353999066017e-02 -4.910570112958551059e-02 -3.429547043334037204e-02 2.666768399984429869e-02 9.612606995280632838e-02 1.798083965555146158e-01 1.824207437861645187e-01
3.290751638880484164e-01 2.121116244744711832e-01 9.890374208601801498e-02 2.345127617552548310e-02 -3.533701561048069317e-02 -5.966441836417916977e-02 -5.514930842307769199e-02 -4.929185445859936635e-03 1.100139573489924000e-01 2.187357191724084160e-01
2.121116244744711832e-01 2.910880265370613951e-01 2.085238189210943116e-01 1.249086284393229745e-01 5.995656355856257558e-02 -3.944057028463357484e-03 -5.486950834310010128e-02 -5.578336757990130096e-02 1.063777055556164655e-02 1.082144232257715583e-01
9.890374208601801498e-02 2.085238189210943116e-01 2.937745558421552272e-01 2.105523822448381599e-01 1.336857380596039035e-01 6.329793458601262746e-02 -1.238293902691183293e-02 -5.445103499007392100e-02 -5.363134140356093371e-02 5.489847474624210549e-03
2.345127617552548310e-02 1.249086284393229745e-01 2.105523822448381599e-01 2.722481297127387623e-01 2.011122987084504599e-01 1.176739514799543251e-01 4.385693612763928717e-02 -2.372212176236721329e-02 -6.557798345378354488e-02 -4.957875560790839242e-02
-3.533701561048069317e-02 5.995656355856257558e-02 1.336857380596039035e-01 2.011122987084504599e-01 2.316394091659583210e-01 1.730358392280564039e-01 1.074801004111639174e-01 3.696684594749939656e-02 -4.456922351479938871e-02 -6.959431318391166854e-02
-5.966441836417916977e-02 -3.944057028463357484e-03 6.329793458601262746e-02 1.176739514799543251e-01 1.730358392280564039e-01 2.123387383225231184e-01 2.030975958648809643e-01 1.191142591860616662e-01 1.987496393752890764e-02 -5.594035215139427086e-02
-5.514930842307769199e-02 -5.486950834310010128e-02 -1.238293902691183293e-02 4.385693612763928717e-02 1.074801004111639174e-01 2.030975958648809643e-01 3.423553578976205047e-01 2.223655029307615716e-01 1.119430021844580181e-01 -5.887069604371393192e-03
-4.929185445859936635e-03 -5.578336757990130096e-02 -5.445103499007392100e-02 -2.372212176236721329e-02 3.696684594749939656e-02 1.191142591860616662e-01 2.223655029307615716e-01 3.775649806886640647e-01 2.084572374650376925e-01 8.084666683871075121e-02
1.100139573489924000e-01 1.063777055556164655e-02 -5.363134140356093371e-02 -6.557798345378354488e-02 -4.456922351479938871e-02 1.987496393752890764e-02 1.119430021844580181e-01 2.084572374650376925e-01 2.629762508598327830e-01 2.075023420994711598e-01
2.187357191724084160e-01 1.082144232257715583e-01 5.489847474624210549e-03 -4.957875560790839242e-02 -6.959431318391166854e-02 -5.594035215139427086e-02 -5.887069604371393192e-03 8.084666683871075121e-02 2.075023420994711598e-01 3.869393870853951034e-01
3.588473403322444688e-01 2.203526578826444093e-01 9.544099928934617061e-02 -1.120156587387870044e-02 -6.398971802354022631e-02 -6.641485753995543528e-02 -2.871539607164748029e-02 3.499271321538187374e-02 1.143745394771299023e-01 2.102726970201317935e-01
2.203526578826444093e-01 3.158903570786760762e-01 2.118171844362788103e-01 9.762352627518880444e-02 5.404629084778601010e-03 -5.094989979614478193e-02 -5.799824712962612511e-02 -3.343490200758055669e-02 3.938506808041617596e-02 1.204520168951857817e-01
9.544099928934617061e-02 2.118171844362788103e-01 3.587411181272445182e-01 2.185600446652512518e-01 1.177691259058303991e-01 2.806448845808356615e-02 -3.790280342788617668e-02 -6.356532377476960260e-02 -4.732044697510080083e-02 4.694518828357505807e-03
-1.120156587387870044e-02 9.762352627518880444e-02 2.185600446652512518e-01 3.377923434778624112e-01 2.138755466941626437e-01 1.124838637932831092e-01 3.210004551017295316e-02 -3.420313474110736607e-02 -6.263895818046585906e-02 -5.959991867822514444e-02
-6.398971802354022631e-02 5.404629084778601010e-03 1.177691259058303991e-01 2.138755466941626437e-01 2.614999856561132652e-01 1.960773480211930042e-01 1.108042985622280652e-01 4.080303290109608266e-02 -3.003617315339034491e-02 -6.836600963004998976e-02
-6.641485753995543528e-02 -5.094989979614478193e-02 2.806448845808356615e-02 1.124838637932831092e-01 1.960773480211930042e-01 2.702452214427172317e-01 2.052016235895270657e-01 1.274323795165170914e-01 4.310979625906147250e-02 -2.823619746059113228e-02
-2.871539607164748029e-02 -5.799824712962612511e-02 -3.790280342788617668e-02 3.210004551017295316e-02 1.108042985622280652e-01 2.052016235895270657e-01 2.719712232038590249e-01 2.164872610093897531e-01 1.195774257725321921e-01 4.426179759453795215e-02
3.499271321538187374e-02 -3.343490200758055669e-02 -6.356532377476960260e-02 -3.420313474110736607e-02 4.080303290109608266e-02 1.274323795165170914e-01 2.164872610093897531e-01 3.458302537649299291e-01 2.003484025065534746e-01 1.129269998793755031e-01
1.143745394771299023e-01 3.938506808041617596e-02 -4.732044697510080083e-02 -6.263895818046585906e-02 -3.003617315339034491e-02 4.310979625906147250e-02 1.195774257725321921e-01 2.003484025065534746e-01 2.248671644677313619e-01 1.887323299659391940e-01
2.102726970201317935e-01 1.204520168951857817e-01 4.694518828357505807e-03 -5.959991867822514444e-02 -6.836600963004998976e-02 -2.823619746059113228e-02 4.426179759453795215e-02 1.129269998793755031e-01 1.887323299659391940e-01 2.543149924486213798e-01
4.112362005536950305e-01 2.168053210283312215e-01 1.116179440515489008e-01 1.161107433539970007e-02 -3.778652008402034329e-02 -6.177840009940979704e-02 -4.243406701299465983e-02 -8.465594575907960107e-03 7.234349566193580550e-02 1.998630250609558234e-01
2.168053210283312215e-01 3.338740034115466049e-01 2.088710177789802058e-01 9.442391179428046011e-02 2.375599455211849925e-02 -3.516609183703083008e-02 -5.235202080935503349e-02 -5.795862308851293387e-02 -1.572352395226413180e-02 1.019021683764211039e-01
1.116179440515489008e-01 2.088710177789802058e-01 2.296946939040682145e-01 1.907818175529800708e-01 1.065366833843899297e-01 5.060697404187462084e-02 -1.365507244715194468e-02 -5.994448164270695101e-02 -5.816521977750617467e-02 1.311122794513168606e-02
1.161107433539970007e-02 9.442391179428046011e-02 1.907818175529800708e-01 3.368229313696828320e-01 2.093169129317088706e-01 1.403391312798488721e-01 4.976560330539074595e-02 -1.990968840125273767e-02 -5.360873905280444385e-02 -4.652881176366516214e-02
-3.778652008402034329e-02 2.375599455211849925e-02 1.065366833843899297e-01 2.093169129317088706e-01 2.338637659464384566e-01 2.105235882115710222e-01 9.709011645175516514e-02 3.557977321873050797e-02 -1.900867719964126346e-02 -5.079916133419522944e-02
-6.177840009940979704e-02 -3.516609183703083008e-02 5.060697404187462084e-02 1.403391312798488721e-01 2.105235882115710222e-01 3.229952765571429962e-01 1.664254240779930172e-01 1.010884042213875122e-01 3.852465172232309720e-02 -3.200083761053471032e-02
-4.243406701299465983e-02 -5.235202080935503349e-02 -1.365507244715194468e-02 4.976560330539074595e-02 9.709011645175516514e-02 1.664254240779930172e-01 1.554269939156702751e-01 1.804963377300209948e-01 1.110259201118396072e-01 3.870333970693685954e-02
-8.465594575907960107e-03 -5.795862308851293387e-02 -5.994448164270695101e-02 -1.990968840125273767e-02 3.557977321873050797e-02 1.010884042213875122e-01 1.804963377300209948e-01 3.425692710504503191e-01 2.227681455078539263e-01 1.275155690902580186e-01
7.234349566193580550e-02 -1.572352395226413180e-02 -5.816521977750617467e-02 -5.360873905280444385e-02 -1.900867719964126346e-02 3.852465172232309720e-02 1.110259201118396072e-01 2.227681455078539263e-01 3.549756825633654245e-01 2.196766194640921155e-01
1.998630250609558234e-01 1.019021683764211039e-01 1.311122794513168606e-02 -4.652881176366516214e-02 -5.079916133419522944e-02 -3.200083761053471032e-02 3.870333970693685954e-02 1.275155690902580186e-01 2.196766194640921155e-01 2.785411807279351004e-01
3.319150207283991239e-01 2.128667101502344505e-01 8.631012184819655819e-02 1.820279430193178123e-03 -4.904750825596384395e-02 -6.082260976110866191e-02 -3.740907315425738566e-02 1.612648535738371580e-02 1.080677159573691093e-01 2.182792828136363716e-01
2.128667101502344505e-01 2.835916022233164746e-01 2.091235764956687060e-01 1.157791786909401766e-01 3.590622095604541208e-02 -3.038299302751727368e-02 -5.579466535357188728e-02 -4.435913117498894997e-02 2.451782412645617942e-02 1.151691868534806262e-01
8.631012184819655819e-02 2.091235764956687060e-01 3.277029074281505583e-01 2.196721121912326435e-01 1.242186170439489451e-01 3.688297792858846735e-02 -3.347973178757732149e-02 -6.092216132113529442e-02 -4.696931950400324435e-02 1.275921560687894940e-03
1.820279430193178123e-03 1.157791786909401766e-01 2.196721121912326435e-01 3.507470064650161090e-01 2.052785913488583414e-01 1.050470377357231172e-01 2.831843295599846544e-02 -3.110890930975908353e-02 -5.649380642865776264e-02 -5.298669927504269517e-02
-4.904750825596384395e-02 3.590622095604541208e-02 1.242186170439489451e-01 2.052785913488583414e-01 2.096878670448685256e-01 1.778612853112632453e-01 1.034730421009415480e-01 4.326431960346385774e-02 -2.312400313671825886e-02 -6.302831482620449566e-02
-6.082260976110866191e-02 -3.038299302751727368e-02 3.688297792858846735e-02 1.050470377357231172e-01 1.778612853112632453e-01 2.859186651446986027e-01 2.143818909914537163e-01 1.362930979670445297e-01 4.139362494044135365e-02 -3.915362440935081512e-02
-3.740907315425738566e-02 -5.579466535357188728e-02 -3.347973178757732149e-02 2.831843295599846544e-02 1.034730421009415480e-01 2.143818909914537163e-01 2.619073428657114344e-01 2.118771851164859554e-01 9.997009347313395855e-02 1.794711690635278703e-02
1.612648535738371580e-02 -4.435913117498894997e-02 -6.092216132113529442e-02 -3.110890930975908353e-02 4.326431960346385774e-02 1.362930979670445297e-01 2.118771851164859554e-01 3.782039428017649474e-01 1.810023172359093158e-01 8.638259495176095482e-02
1.080677159573691093e-01 2.451782412645617942e-02 -4.696931950400324435e-02 -5.649380642865776264e-02 -2.312400313671825886e-02 4.139362494044135365e-02 9.997009347313395855e-02 1.810023172359093158e-01 1.772073233129575764e-01 1.898699772425913312e-01
2.182792828136363716e-01 1.151691868534806262e-01 1.275921560687894940e-03 -5.298669927504269517e-02 -6.302831482620449566e-02 -3.915362440935081512e-02 1.794711690635278703e-02 8.638259495176095482e-02 1.898699772425913312e-01 3.931183219851162036e-01
3.016500204560498277e-01 2.166360581450675893e-01 1.126796117035864797e-01 2.494519158425172189e-02 -4.243280410546094311e-02 -5.632159643476987443e-02 -2.802365891792941294e-02 3.705888691894139442e-02 1.153101409017744522e-01 2.094322561792491544e-01
2.166360581450675893e-01 2.914724749322002983e-01 2.117798200976996059e-01 1.054221351648513549e-01 2.815749378787853890e-02 -3.641689783090160115e-02 -6.099911695753180985e-02 -4.652056193664066974e-02 1.563694076828241186e-02 9.940384328994728014e-02
1.126796117035864797e-01 2.117798200976996059e-01 3.913202260592357762e-01 1.887073436691077966e-01 9.920124907296426486e-02 1.839392602716120179e-02 -4.536722639729377782e-02 -6.968783791486311829e-02 -5.147575009675660340e-02 5.188132955969135263e-03
2.494519158425172189e-02 1.054221351648513549e-01 1.887073436691077966e-01 1.865302769869685851e-01 1.902501423259660707e-01 1.037120772585929801e-01 3.110411681520198687e-02 -3.731223480654187463e-02 -5.913786688937020669e-02 -4.448076503498564482e-02
-4.243280410546094311e-02 2.815749378787853890e-02 9.920124907296426486e-02 1.902501423259660707e-01 3.447282495465950336e-01 2.173660430639073604e-01 1.278546537444053000e-01 2.677278234402945614e-02 -4.019086931184645550e-02 -6.494608258522348299e-02
-5.632159643476987443e-02 -3.641689783090160115e-02 1.839392602716120179e-02 1.037120772585929801e-01 2.173660430639073604e-01 3.321849810687839133e-01 2.208962901814258972e-01 1.095431680729174462e-01 3.114027018421325343e-02 -3.471466297421185732e-02
-2.802365891792941294e-02 -6.099911695753180985e-02 -4.536722639729377782e-02 3.110411681520198687e-02 1.278546537444053000e-01 2.208962901814258972e-01 2.810778528446459812e-01 1.944851201600240609e-01 1.114256434976779175e-01 4.072096164836741528e-02
3.705888691894139442e-02 -4.652056193664066974e-02 -6.968783791486311829e-02 -3.731223480654187463e-02 2.677278234402945614e-02 1.095431680729174462e-01 1.944851201600240609e-01 2.568798687756956856e-01 2.018890128781940796e-01 1.233293095473319001e-01
1.153101409017744522e-01 1.563694076828241186e-02 -5.147575009675660340e-02 -5.913786688937020669e-02 -4.019086931184645550e-02 3.114027018421325343e-02 1.114256434976779175e-01 2.018890128781940796e-01 2.647021359492208181e-01 2.137471621120782261e-01
2.094322561792491544e-01 9.940384328994728014e-02 5.188132955969135263e-03 -4.448076503498564482e-02 -6.494608258522348299e-02 -3.471466297421185732e-02 4.072096164836741528e-02 1.233293095473319001e-01 2.137471621120782261e-01 3.494539133806010556e-01
3.231251330321944781e-01 2.208585658572354560e-01 1.263741957668531868e-01 3.158988051657386775e-02 -4.307544503900331140e-02 -6.648334709339112636e-02 -4.209647671028769744e-02 2.507770384441086395e-02 1.043289197527080131e-01 2.024217106502970709e-01
2.208585658572354560e-01 3.342104542692533875e-01 2.143463299902517716e-01 1.085974534561733595e-01 2.472770408612324361e-02 -4.030792683877202492e-02 -6.280006863907432180e-02 -4.435310781545847431e-02 2.047036089666370851e-02 1.129920475875850483e-01
1.263741957668531868e-01 2.143463299902517716e-01 2.723175669251960418e-01 1.957175154665024008e-01 1.114242542374478673e-01 3.675564737630048623e-02 -3.623369332819829924e-02 -6.771533874501020622e-02 -4.788015564119892098e-02 2.914793263495260578e-02
3.158988051657386775e-02 1.085974534561733595e-01 1.957175154665024008e-01 2.586063068926812702e-01 2.117837164252904247e-01 1.262748498669096775e-01 3.298927066651088230e-02 -4.683616046379025788e-02 -6.864774790608035859e-02 -3.966016238740767419e-02
-4.307544503900331140e-02 2.472770408612324361e-02 1.114242542374478673e-01 2.117837164252904247e-01 3.299990694970569849e-01 2.190673064622946087e-01 1.143304245345979908e-01 1.740024834576385515e-02 -4.774628816919238017e-02 -6.513794792595851979e-02
-6.648334709339112636e-02 -4.030792683877202492e-02 3.675564737630048623e-02 1.262748498669096775e-01 2.190673064622946087e-01 3.136877087425787303e-01 2.054160175218966988e-01 1.030498452360627815e-01 2.157634686953334435e-02 -4.331963094605018050e-02
-4.209647671028769744e-02 -6.280006863907432180e-02 -3.623369332819829924e-02 3.298927066651088230e-02 1.143304245345979908e-01 2.054160175218966988e-01 2.653562262983263365e-01 2.100297689153970415e-01 1.204307020701469166e-01 3.282119493420265766e-02
2.507770384441086395e-02 -4.435310781545847431e-02 -6.771533874501020622e-02 -4.683616046379025788e-02 1.740024834576385515e-02 1.030498452360627815e-01 2.100297689153970415e-01 3.323467967440066895e-01 2.194894697603383682e-01 1.192201694161652559e-01
