2.069768615504522236e-01 2.100251418743364629e-01 1.634550737473008941e-01 1.128654405490214924e-01 6.133028902152484751e-02 6.842906387893299240e-03 -4.945880678524906815e-02 -1.040574744900792659e-01 -1.509816161087854380e-01 -1.905478546059889700e-01
2.100251418743364629e-01 2.412257709547455109e-01 2.086542738567582767e-01 1.672005470190036369e-01 1.220469602679900845e-01 6.972196321040693978e-02 1.643704079817805835e-02 -4.492430025870834676e-02 -1.077138272611833369e-01 -1.679953077858085952e-01
1.634550737473008941e-01 2.086542738567582767e-01 2.005189319696146499e-01 1.782880807948730717e-01 1.490919279455250324e-01 1.102366194420117962e-01 7.172906433275165472e-02 1.841514772104907438e-02 -4.446865577971133299e-02 -1.096669709119718616e-01
1.128654405490214924e-01 1.672005470190036369e-01 1.782880807948730717e-01 1.772545391873735499e-01 1.651570238474304453e-01 1.405321088537485053e-01 1.171088038561236555e-01 7.397284589184627279e-02 1.473712559061447595e-02 -5.132362795160624880e-02
6.133028902152484751e-02 1.220469602679900845e-01 1.490919279455250324e-01 1.651570238474304453e-01 1.715332562485341605e-01 1.622242453157681230e-01 1.538991357872481758e-01 1.217785464508190918e-01 6.859820314666383034e-02 4.892890710551289248e-03
6.842906387893299240e-03 6.972196321040693978e-02 1.102366194420117962e-01 1.405321088537485053e-01 1.622242453157681230e-01 1.707651817556906371e-01 1.789883386550298050e-01 1.597899660214520123e-01 1.158791700310658479e-01 5.907092421827028067e-02
-4.945880678524906815e-02 1.643704079817805835e-02 7.172906433275165472e-02 1.171088038561236555e-01 1.538991357872481758e-01 1.789883386550298050e-01 2.069084435858115079e-01 2.018608694735067322e-01 1.666190244142429222e-01 1.158214547776005854e-01
-1.040574744900792659e-01 -4.492430025870834676e-02 1.841514772104907438e-02 7.397284589184627279e-02 1.217785464508190918e-01 1.597899660214520123e-01 2.018608694735067322e-01 2.167449221607777865e-01 1.977873699078893377e-01 1.611444007060968131e-01
-1.509816161087854380e-01 -1.077138272611833369e-01 -4.446865577971133299e-02 1.473712559061447595e-02 6.859820314666383034e-02 1.158791700310658479e-01 1.666190244142429222e-01 1.977873699078893377e-01 2.034936023046986509e-01 1.895637645752024369e-01
-1.905478546059889700e-01 -1.679953077858085952e-01 -1.096669709119718616e-01 -5.132362795160624880e-02 4.892890710551289248e-03 5.907092421827028067e-02 1.158214547776005854e-01 1.611444007060968131e-01 1.895637645752024369e-01 2.045784902823024609e-01
1.556212741740078953e-01 1.541562184338640118e-01 1.499694006018351122e-01 1.080101802217969947e-01 5.522020276513685960e-02 -8.254314580108085926e-04 -5.668551663445255129e-02 -1.127282102859813590e-01 -1.531290751704481035e-01 -1.657788074620112073e-01
1.541562184338640118e-01 1.746974776309708766e-01 1.910036299078437805e-01 1.588299508042231301e-01 1.126339803800757017e-01 6.277443403271640299e-02 -1.619198482901354832e-03 -6.363094623167886432e-02 -1.147874916837001713e-01 -1.440872028913277592e-01
1.499694006018351122e-01 1.910036299078437805e-01 2.311584919028573659e-01 2.102553145868783779e-01 1.710190945753128633e-01 1.278645324637535108e-01 5.555406044029593399e-02 -1.189484291069862164e-02 -7.403546752165938993e-02 -1.202547147504118979e-01
1.080101802217969947e-01 1.588299508042231301e-01 2.102553145868783779e-01 2.110029050354626512e-01 1.907051932577141506e-01 1.654771079456536786e-01 1.024492132483634521e-01 4.608356480689064505e-02 -1.226765186710688897e-02 -6.520458507620018052e-02
5.522020276513685960e-02 1.126339803800757017e-01 1.710190945753128633e-01 1.907051932577141506e-01 1.953160210732692303e-01 1.925337418451423532e-01 1.440291183144549736e-01 1.035668494447017085e-01 5.401509949080209039e-02 -1.700476891281386396e-03
-8.254314580108085926e-04 6.277443403271640299e-02 1.278645324637535108e-01 1.654771079456536786e-01 1.925337418451423532e-01 2.159107268806151891e-01 1.844045369035895721e-01 1.612293907526121950e-01 1.216655981289397476e-01 6.437539750170050146e-02
-5.668551663445255129e-02 -1.619198482901354832e-03 5.555406044029593399e-02 1.024492132483634521e-01 1.440291183144549736e-01 1.844045369035895721e-01 1.808368512619141222e-01 1.820291599391650195e-01 1.615713864445830761e-01 1.155452903105165380e-01
-1.127282102859813590e-01 -6.363094623167886432e-02 -1.189484291069862164e-02 4.608356480689064505e-02 1.035668494447017085e-01 1.612293907526121950e-01 1.820291599391650195e-01 2.094035291355907658e-01 2.075366921075857407e-01 1.699568078675368632e-01
-1.531290751704481035e-01 -1.147874916837001713e-01 -7.403546752165938993e-02 -1.226765186710688897e-02 5.401509949080209039e-02 1.216655981289397476e-01 1.615713864445830761e-01 2.075366921075857407e-01 2.271993492558690986e-01 2.028685515973109865e-01
-1.657788074620112073e-01 -1.440872028913277592e-01 -1.202547147504118979e-01 -6.520458507620018052e-02 -1.700476891281386396e-03 6.437539750170050146e-02 1.155452903105165380e-01 1.699568078675368632e-01 2.028685515973109865e-01 1.988533736494432214e-01
2.082952956802437416e-01 1.828616163364569502e-01 1.560116730408997454e-01 1.204161368775757412e-01 6.867471890080811825e-02 4.693168833223761854e-03 -6.160002374805551018e-02 -1.177729357145628486e-01 -1.673061592987367674e-01 -1.926661163164866686e-01
1.828616163364569502e-01 1.785766255642265710e-01 1.703100789779354030e-01 1.517539612617844758e-01 1.139874334650449461e-01 5.874860557738140199e-02 -1.021364841016358634e-03 -6.079253664932680878e-02 -1.159951353651041406e-01 -1.532627563185693376e-01
1.560116730408997454e-01 1.703100789779354030e-01 1.829890748017508617e-01 1.827145149298519122e-01 1.589649762538105082e-01 1.123616664806209864e-01 5.946195458100109188e-02 -3.511209473284017824e-03 -6.442137128007509317e-02 -1.135754909407680757e-01
1.204161368775757412e-01 1.517539612617844758e-01 1.827145149298519122e-01 2.039851697723381041e-01 1.971107656082829174e-01 1.616521420460610148e-01 1.183802528326041298e-01 5.568955231789263216e-02 -7.716369890119144891e-03 -6.685208664573930037e-02
6.867471890080811825e-02 1.139874334650449461e-01 1.589649762538105082e-01 1.971107656082829174e-01 2.121933523186251280e-01 1.940798460803246916e-01 1.660914517072267782e-01 1.110579849394922047e-01 5.286598439962812007e-02 -9.566789979060068283e-03
4.693168833223761854e-03 5.874860557738140199e-02 1.123616664806209864e-01 1.616521420460610148e-01 1.940798460803246916e-01 2.002332514023701382e-01 1.936993668577422500e-01 1.540882681931619869e-01 1.091141979459706174e-01 5.198866085715508900e-02
-6.160002374805551018e-02 -1.021364841016358634e-03 5.946195458100109188e-02 1.183802528326041298e-01 1.660914517072267782e-01 1.936993668577422500e-01 2.126425163142419694e-01 1.918348724232890878e-01 1.623832641429227286e-01 1.130760488343311304e-01
-1.177729357145628486e-01 -6.079253664932680878e-02 -3.511209473284017824e-03 5.568955231789263216e-02 1.110579849394922047e-01 1.540882681931619869e-01 1.918348724232890878e-01 1.968675654141489040e-01 1.893423693084697879e-01 1.558417932634231784e-01
-1.673061592987367674e-01 -1.159951353651041406e-01 -6.442137128007509317e-02 -7.716369890119144891e-03 5.286598439962812007e-02 1.091141979459706174e-01 1.623832641429227286e-01 1.893423693084697879e-01 2.064113841495741064e-01 1.908407668434945748e-01
-1.926661163164866686e-01 -1.532627563185693376e-01 -1.135754909407680757e-01 -6.685208664573930037e-02 -9.566789979060068283e-03 5.198866085715508900e-02 1.130760488343311304e-01 1.558417932634231784e-01 1.908407668434945748e-01 1.978057645824795874e-01
1.889733996212809852e-01 1.785745061639407716e-01 1.494729994026272601e-01 1.090688564306216413e-01 6.089859564221056232e-02 9.290721364742749941e-03 -4.660906425559248334e-02 -1.046470442868865924e-01 -1.629301591068524069e-01 -1.991332847506730730e-01
1.785745061639407716e-01 1.960500116259548120e-01 1.875325004387789207e-01 1.606458211260764213e-01 1.201743762571137741e-01 7.360595343463634255e-02 1.897410706086365487e-02 -4.302203319848219021e-02 -1.088740005487931345e-01 -1.617879829609638886e-01
1.494729994026272601e-01 1.875325004387789207e-01 2.015659140618006884e-01 1.908601381690696874e-01 1.612982462949588414e-01 1.237252421215422060e-01 7.597820383723059845e-02 1.710157143664338755e-02 -4.889743375286596111e-02 -1.115751841120593557e-01
1.090688564306216413e-01 1.606458211260764213e-01 1.908601381690696874e-01 1.988935712266797495e-01 1.831453805808282431e-01 1.570792957031176829e-01 1.196469478357364558e-01 6.915491673334739353e-02 9.490723960953085722e-03 -5.606002455926465539e-02
6.089859564221056232e-02 1.201743762571137741e-01 1.612982462949588414e-01 1.831453805808282431e-01 1.847665428739124205e-01 1.732804072393381301e-01 1.491119185223112598e-01 1.109863246727973429e-01 6.300236387617386136e-02 1.281891571911115534e-03
9.290721364742749941e-03 7.360595343463634255e-02 1.237252421215422060e-01 1.570792957031176829e-01 1.732804072393381301e-01 1.794808064062277109e-01 1.711091797594991304e-01 1.474352549852301353e-01 1.134136205715595563e-01 5.882840334788168313e-02
-4.660906425559248334e-02 1.897410706086365487e-02 7.597820383723059845e-02 1.196469478357364558e-01 1.491119185223112598e-01 1.711091797594991304e-01 1.825398161111007056e-01 1.770903689758811794e-01 1.602647170865690862e-01 1.165672839878488243e-01
-1.046470442868865924e-01 -4.302203319848219021e-02 1.710157143664338755e-02 6.915491673334739353e-02 1.109863246727973429e-01 1.474352549852301353e-01 1.770903689758811794e-01 1.948823202947941591e-01 1.997775033503478570e-01 1.713780191230468986e-01
-1.629301591068524069e-01 -1.088740005487931345e-01 -4.889743375286596111e-02 9.490723960953085722e-03 6.300236387617386136e-02 1.134136205715595563e-01 1.602647170865690862e-01 1.997775033503478570e-01 2.317133526602097593e-01 2.229583550137518300e-01
-1.991332847506730730e-01 -1.617879829609638886e-01 -1.115751841120593557e-01 -5.606002455926465539e-02 1.281891571911115534e-03 5.882840334788168313e-02 1.165672839878488243e-01 1.713780191230468986e-01 2.229583550137518300e-01 2.411342651180400365e-01
2.134350689108019117e-01 1.668736961758415238e-01 1.503591229852393185e-01 1.171565105170735699e-01 6.426972713045583929e-02 5.770547536420631875e-03 -5.697494752654029548e-02 -1.194186036557151054e-01 -1.790879122837232551e-01 -2.114749530406689060e-01
1.668736961758415238e-01 1.496017162313209581e-01 1.565094688391349409e-01 1.438056930809628042e-01 1.063149191417749051e-01 6.157003351685005205e-02 7.295038852633021695e-03 -5.026061569886043634e-02 -1.072455967911482705e-01 -1.475335206947495370e-01
1.503591229852393185e-01 1.565094688391349409e-01 1.888037281708448423e-01 1.944091101918810072e-01 1.649364783097045095e-01 1.254083998421037793e-01 7.017109982025829251e-02 7.751879114200131704e-03 -5.656401928762867098e-02 -1.116872524307439135e-01
1.171565105170735699e-01 1.438056930809628042e-01 1.944091101918810072e-01 2.201989536612279919e-01 2.029774064131417144e-01 1.728071500951943729e-01 1.226957036736575080e-01 6.293284593360677637e-02 -8.756480699692161061e-04 -6.428377753889796820e-02
6.426972713045583929e-02 1.063149191417749051e-01 1.649364783097045095e-01 2.029774064131417144e-01 2.048901572419961903e-01 1.907766767928482099e-01 1.541670634099431281e-01 1.068934611372670679e-01 5.453456908035870382e-02 -6.183997458166851785e-03
5.770547536420631875e-03 6.157003351685005205e-02 1.254083998421037793e-01 1.728071500951943729e-01 1.907766767928482099e-01 1.970151516257588886e-01 1.777377152537496785e-01 1.461314650405154403e-01 1.084494739463223029e-01 5.419351968768892913e-02
-5.697494752654029548e-02 7.295038852633021695e-03 7.017109982025829251e-02 1.226957036736575080e-01 1.541670634099431281e-01 1.777377152537496785e-01 1.817160978083222633e-01 1.715985878947610122e-01 1.537849065404258420e-01 1.121715770739884627e-01
-1.194186036557151054e-01 -5.026061569886043634e-02 7.751879114200131704e-03 6.293284593360677637e-02 1.068934611372670679e-01 1.461314650405154403e-01 1.715985878947610122e-01 1.872327907384005730e-01 1.926519848989413919e-01 1.666108451721943773e-01
-1.790879122837232551e-01 -1.072455967911482705e-01 -5.656401928762867098e-02 -8.756480699692161061e-04 5.453456908035870382e-02 1.084494739463223029e-01 1.537849065404258420e-01 1.926519848989413919e-01 2.247177523130104992e-01 2.167157287252808873e-01
-2.114749530406689060e-01 -1.475335206947495370e-01 -1.116872524307439135e-01 -6.428377753889796820e-02 -6.183997458166851785e-03 5.419351968768892913e-02 1.121715770739884627e-01 1.666108451721943773e-01 2.167157287252808873e-01 2.323885832983155209e-01
1.857638534687193754e-01 1.852880762989720931e-01 1.518940289349327843e-01 1.108689842295822597e-01 5.584974441138536305e-02 -1.636992020942093853e-03 -5.879396409256114342e-02 -1.069787249527514028e-01 -1.576053597194045641e-01 -1.861442108998617451e-01
1.852880762989720931e-01 2.105545757641382465e-01 1.948077124814657779e-01 1.673340919677357430e-01 1.177121554925296271e-01 6.181377983543435289e-02 3.826636009994313983e-03 -5.550833394366809503e-02 -1.168043008542338640e-01 -1.626752247205700552e-01
1.518940289349327843e-01 1.948077124814657779e-01 2.027639204839877252e-01 1.948393317957562709e-01 1.587685423153993025e-01 1.136301891342786641e-01 6.482778778904771388e-02 4.747817532134376156e-03 -5.692170902894315432e-02 -1.121232310462305787e-01
1.108689842295822597e-01 1.673340919677357430e-01 1.948393317957562709e-01 2.095493700568070161e-01 1.898168910912828022e-01 1.575167325918667149e-01 1.201221375118634582e-01 6.288153153283240759e-02 4.553514670733216189e-03 -5.672277516637429934e-02
5.584974441138536305e-02 1.177121554925296271e-01 1.587685423153993025e-01 1.898168910912828022e-01 1.919303794441147570e-01 1.779900926118233861e-01 1.569043217188741401e-01 1.101126262126932431e-01 6.324506721206871185e-02 4.856183863242767226e-03
-1.636992020942093853e-03 6.181377983543435289e-02 1.136301891342786641e-01 1.575167325918667149e-01 1.779900926118233861e-01 1.856937464103260438e-01 1.832086950854997509e-01 1.494491102787367243e-01 1.164548893781075095e-01 6.473089284361616125e-02
-5.879396409256114342e-02 3.826636009994313983e-03 6.482778778904771388e-02 1.201221375118634582e-01 1.569043217188741401e-01 1.832086950854997509e-01 2.019328758536239332e-01 1.834007875883770233e-01 1.653655547893881916e-01 1.218619779926186919e-01
-1.069787249527514028e-01 -5.550833394366809503e-02 4.747817532134376156e-03 6.288153153283240759e-02 1.101126262126932431e-01 1.494491102787367243e-01 1.834007875883770233e-01 1.866017527577856772e-01 1.882835770569913081e-01 1.600983803998972110e-01
-1.576053597194045641e-01 -1.168043008542338640e-01 -5.692170902894315432e-02 4.553514670733216189e-03 6.324506721206871185e-02 1.164548893781075095e-01 1.653655547893881916e-01 1.882835770569913081e-01 2.130403190779538436e-01 2.013677005793524932e-01
-1.861442108998617451e-01 -1.626752247205700552e-01 -1.121232310462305787e-01 -5.672277516637429934e-02 4.856183863242767226e-03 6.473089284361616125e-02 1.218619779926186919e-01 1.600983803998972110e-01 2.013677005793524932e-01 2.121692066825443534e-01
1.994190641540186382e-01 1.867828519288795286e-01 1.587869999184902126e-01 1.122168983449576690e-01 3.791535479865811714e-02 -3.159643283310476641e-02 -8.792785254320863164e-02 -1.291703877322802063e-01 -1.485202640896733095e-01 -1.817220781439399802e-01
1.867828519288795286e-01 1.975062014541855981e-01 1.928821411308070388e-01 1.671530135782460236e-01 9.945223891324209142e-02 2.963125905691250256e-02 -3.069996608883152414e-02 -7.906141420746123916e-02 -1.112585048518349579e-01 -1.539994737411111980e-01
1.587869999184902126e-01 1.928821411308070388e-01 2.193737457179756878e-01 2.214276116596414767e-01 1.656070493693027612e-01 1.000092095289942529e-01 3.928915631806383785e-02 -1.427562799012142142e-02 -5.999201266699076551e-02 -1.115012983264590668e-01
1.122168983449576690e-01 1.671530135782460236e-01 2.214276116596414767e-01 2.581965453008358002e-01 2.220397081923537741e-01 1.673980730487877322e-01 1.124319582200633549e-01 5.888996108562833537e-02 2.889662127891081279e-03 -5.348305712788786054e-02
3.791535479865811714e-02 9.945223891324209142e-02 1.656070493693027612e-01 2.220397081923537741e-01 2.196441342117427808e-01 1.912876950599460835e-01 1.558629512476290557e-01 1.157467935368700490e-01 6.400518471481568550e-02 1.732932930214051842e-02
-3.159643283310476641e-02 2.963125905691250256e-02 1.000092095289942529e-01 1.673980730487877322e-01 1.912876950599460835e-01 1.924079325219957837e-01 1.791110021258233709e-01 1.547530498918713027e-01 1.115228587052331105e-01 7.800314122132696870e-02
-8.792785254320863164e-02 -3.069996608883152414e-02 3.928915631806383785e-02 1.124319582200633549e-01 1.558629512476290557e-01 1.791110021258233709e-01 1.879597702499151146e-01 1.792994919374333307e-01 1.453659215088539403e-01 1.243529519695699276e-01
-1.291703877322802063e-01 -7.906141420746123916e-02 -1.427562799012142142e-02 5.888996108562833537e-02 1.157467935368700490e-01 1.547530498918713027e-01 1.792994919374333307e-01 1.869938101992792423e-01 1.641419731510580515e-01 1.551185509553147934e-01
-1.485202640896733095e-01 -1.112585048518349579e-01 -5.999201266699076551e-02 2.889662127891081279e-03 6.400518471481568550e-02 1.115228587052331105e-01 1.453659215088539403e-01 1.641419731510580515e-01 1.570017588560192467e-01 1.613688856179013031e-01
-1.817220781439399802e-01 -1.539994737411111980e-01 -1.115012983264590668e-01 -5.348305712788786054e-02 1.732932930214051842e-02 7.800314122132696870e-02 1.243529519695699276e-01 1.551185509553147934e-01 1.613688856179013031e-01 1.814970373340329679e-01
2.286850956137718160e-01 2.086614750567011289e-01 1.674002383525199922e-01 1.140211248118142146e-01 5.522032205995369009e-02 -4.701619815898794470e-03 -6.304665350986242423e-02 -1.105934611669429635e-01 -1.593138870320580935e-01 -2.051458648859191547e-01
2.086614750567011289e-01 2.130829479624585243e-01 1.918352405109270686e-01 1.545120156152470781e-01 1.081927967770674182e-01 5.686266159297652389e-02 1.895593481620789361e-03 -5.423865099071868701e-02 -1.119462924940990145e-01 -1.685306566052897914e-01
1.674002383525199922e-01 1.918352405109270686e-01 1.958408302250677635e-01 1.795028235069161260e-01 1.501384507386427924e-01 1.121905963802279915e-01 6.615381153162921968e-02 7.217670038837545841e-03 -5.395055865241385473e-02 -1.159440170686677624e-01
1.140211248118142146e-01 1.545120156152470781e-01 1.795028235069161260e-01 1.876434961223265585e-01 1.783729544033615111e-01 1.564979025719643313e-01 1.226544870387727137e-01 6.605885957991591839e-02 6.816532888445484863e-03 -5.553315445291842622e-02
5.522032205995369009e-02 1.081927967770674182e-01 1.501384507386427924e-01 1.783729544033615111e-01 1.916275701734299897e-01 1.878505322362388208e-01 1.679034415351162712e-01 1.171871703666375053e-01 6.406820570063109788e-02 6.011301201580122530e-03
-4.701619815898794470e-03 5.686266159297652389e-02 1.121905963802279915e-01 1.564979025719643313e-01 1.878505322362388208e-01 2.047070242761210301e-01 2.006400963022088868e-01 1.584929972700639678e-01 1.143292374048790611e-01 6.429729290140596965e-02
-6.304665350986242423e-02 1.895593481620789361e-03 6.615381153162921968e-02 1.226544870387727137e-01 1.679034415351162712e-01 2.006400963022088868e-01 2.158135317970401590e-01 1.865315094145974795e-01 1.545723787598054788e-01 1.161580106243863542e-01
-1.105934611669429635e-01 -5.423865099071868701e-02 7.217670038837545841e-03 6.605885957991591839e-02 1.171871703666375053e-01 1.584929972700639678e-01 1.865315094145974795e-01 1.790998013327447236e-01 1.669872479412355948e-01 1.476153368103771402e-01
-1.593138870320580935e-01 -1.119462924940990145e-01 -5.395055865241385473e-02 6.816532888445484863e-03 6.406820570063109788e-02 1.143292374048790611e-01 1.545723787598054788e-01 1.669872479412355948e-01 1.777648613063555760e-01 1.794547692144116691e-01
-2.051458648859191547e-01 -1.685306566052897914e-01 -1.159440170686677624e-01 -5.553315445291842622e-02 6.011301201580122530e-03 6.429729290140596965e-02 1.161580106243863542e-01 1.476153368103771402e-01 1.794547692144116691e-01 2.057348411906840813e-01
1.985802621702206228e-01 1.797747640961518401e-01 1.572775746397588326e-01 1.226004830549531910e-01 6.593878077371077839e-02 7.057333733305987816e-03 -5.490963806925842905e-02 -1.254648916109207812e-01 -1.527506996111894499e-01 -1.886336096195679879e-01
1.797747640961518401e-01 1.846391927227849783e-01 1.822434451761728302e-01 1.635749665858199642e-01 1.153716128032082899e-01 6.470491386878578222e-02 4.007254585684725569e-03 -5.860584211745999833e-02 -1.018050279805780417e-01 -1.507916625566501356e-01
1.572775746397588326e-01 1.822434451761728302e-01 2.018961606978943446e-01 2.000863376420325412e-01 1.605369638362705298e-01 1.183404522521204622e-01 6.019772485716365362e-02 6.688199476146024225e-03 -5.106115551341601499e-02 -1.117388896113773872e-01
1.226004830549531910e-01 1.635749665858199642e-01 2.000863376420325412e-01 2.181367247008826615e-01 1.913689158766617437e-01 1.607475655086117450e-01 1.096141303203692630e-01 6.944029839368535961e-02 2.470978489939031596e-03 -6.477470805896315409e-02
6.593878077371077839e-02 1.153716128032082899e-01 1.605369638362705298e-01 1.913689158766617437e-01 1.858172661863588815e-01 1.738572791755426949e-01 1.390242700401839171e-01 1.192194422433789369e-01 5.537660966052698752e-02 -6.092378584645086539e-03
7.057333733305987816e-03 6.470491386878578222e-02 1.183404522521204622e-01 1.607475655086117450e-01 1.738572791755426949e-01 1.833826221409596557e-01 1.668681339031286015e-01 1.683984671626340968e-01 1.084219648403134395e-01 5.384051241893885592e-02
-5.490963806925842905e-02 4.007254585684725569e-03 6.019772485716365362e-02 1.096141303203692630e-01 1.390242700401839171e-01 1.668681339031286015e-01 1.742228194049071921e-01 1.994085176539936999e-01 1.502821648788671971e-01 1.091643049572019325e-01
-1.254648916109207812e-01 -5.860584211745999833e-02 6.688199476146024225e-03 6.944029839368535961e-02 1.192194422433789369e-01 1.683984671626340968e-01 1.994085176539936999e-01 2.549546760994102490e-01 2.116221125096964251e-01 1.792969370848580546e-01
-1.527506996111894499e-01 -1.018050279805780417e-01 -5.106115551341601499e-02 2.470978489939031596e-03 5.537660966052698752e-02 1.084219648403134395e-01 1.502821648788671971e-01 2.116221125096964251e-01 1.955708117992099038e-01 1.864410113415091996e-01
-1.886336096195679879e-01 -1.507916625566501356e-01 -1.117388896113773872e-01 -6.477470805896315409e-02 -6.092378584645086539e-03 5.384051241893885592e-02 1.091643049572019325e-01 1.792969370848580546e-01 1.864410113415091996e-01 2.027994640773717883e-01
2.184765118045027266e-01 1.969561501986760166e-01 1.545295576095856438e-01 1.296598093963265419e-01 7.156107818525156428e-02 7.984791506949648690e-03 -5.827384183076661506e-02 -1.218187424708909172e-01 -1.657861038020308764e-01 -1.861725554924859027e-01
1.969561501986760166e-01 1.969035499922304200e-01 1.722371509676590973e-01 1.659061231280637427e-01 1.173053549381659066e-01 6.149494857838667256e-02 8.275123168859843323e-04 -6.189038757468268842e-02 -1.147930393504222185e-01 -1.509609730069596811e-01
1.545295576095856438e-01 1.722371509676590973e-01 1.702984580726727426e-01 1.841384235325136398e-01 1.495066387092640336e-01 1.065622652790635394e-01 5.767251333032830107e-02 2.517604363225815853e-03 -5.361173437989848883e-02 -1.011912152464739811e-01
1.296598093963265419e-01 1.659061231280637427e-01 1.841384235325136398e-01 2.218442239262149174e-01 1.979850509196223185e-01 1.628721277728207850e-01 1.201329653821148757e-01 6.669748903645542071e-02 1.470424665524210301e-03 -6.288938303612810754e-02
7.156107818525156428e-02 1.173053549381659066e-01 1.495066387092640336e-01 1.979850509196223185e-01 1.951972279372759800e-01 1.787843726995624327e-01 1.533800095541649755e-01 1.151253095945430349e-01 5.739421226299121909e-02 -7.675884005304584035e-03
7.984791506949648690e-03 6.149494857838667256e-02 1.065622652790635394e-01 1.628721277728207850e-01 1.787843726995624327e-01 1.851927265320749694e-01 1.802260855299971931e-01 1.595133622343862245e-01 1.120759321774409817e-01 4.962133574057368129e-02
-5.827384183076661506e-02 8.275123168859843323e-04 5.767251333032830107e-02 1.201329653821148757e-01 1.533800095541649755e-01 1.802260855299971931e-01 1.993042493866803433e-01 1.989358245186067797e-01 1.639739974006599321e-01 1.066777358563751471e-01
-1.218187424708909172e-01 -6.189038757468268842e-02 2.517604363225815853e-03 6.669748903645542071e-02 1.151253095945430349e-01 1.595133622343862245e-01 1.989358245186067797e-01 2.229911611860798670e-01 2.048369683581355571e-01 1.570962712298528408e-01
-1.657861038020308764e-01 -1.147930393504222185e-01 -5.361173437989848883e-02 1.470424665524210301e-03 5.739421226299121909e-02 1.120759321774409817e-01 1.639739974006599321e-01 2.048369683581355571e-01 2.105235588896889609e-01 1.818064390819914555e-01
-1.861725554924859027e-01 -1.509609730069596811e-01 -1.011912152464739811e-01 -6.288938303612810754e-02 -7.675884005304584035e-03 4.962133574057368129e-02 1.066777358563751471e-01 1.570962712298528408e-01 1.818064390819914555e-01 1.792683322725794060e-01
2.117733112529914807e-01 1.945852440993479093e-01 1.621413417935963774e-01 1.192521693178595910e-01 6.899088786201977574e-02 1.541606469531474691e-02 -4.400336530256573897e-02 -1.057790536156928696e-01 -1.551011697617634688e-01 -2.041099797603266319e-01
1.945852440993479093e-01 2.025361053351330543e-01 1.884937050973161665e-01 1.584715811899804483e-01 1.173524093193424739e-01 7.240212008909449604e-02 2.217331078132473571e-02 -3.951740062776748497e-02 -1.014913054018983796e-01 -1.645235313067507366e-01
1.621413417935963774e-01 1.884937050973161665e-01 1.948247768761233734e-01 1.797554542615657502e-01 1.499199654293922324e-01 1.158937962599412841e-01 7.787188663189577309e-02 2.169985551134362423e-02 -4.618638817381484629e-02 -1.163397123508111836e-01
1.192521693178595910e-01 1.584715811899804483e-01 1.797554542615657502e-01 1.821250130174221216e-01 1.661346249429312416e-01 1.448658385524010384e-01 1.207540560130958840e-01 7.437822917501316078e-02 7.284139471139370811e-03 -6.332334477575039811e-02
6.899088786201977574e-02 1.173524093193424739e-01 1.499199654293922324e-01 1.661346249429312416e-01 1.669590473788717944e-01 1.607781899826496719e-01 1.520510546460389079e-01 1.184347813271068861e-01 5.754556398254744021e-02 -7.656875880751172134e-03
1.541606469531474691e-02 7.240212008909449604e-02 1.158937962599412841e-01 1.448658385524010384e-01 1.607781899826496719e-01 1.724072982541636212e-01 1.809937315343647102e-01 1.612946918712876432e-01 1.079067234928529906e-01 4.994852614518950629e-02
-4.400336530256573897e-02 2.217331078132473571e-02 7.787188663189577309e-02 1.207540560130958840e-01 1.520510546460389079e-01 1.809937315343647102e-01 2.111742810365435097e-01 2.081077909258294556e-01 1.629961608514950144e-01 1.131735247442818004e-01
-1.057790536156928696e-01 -3.951740062776748497e-02 2.169985551134362423e-02 7.437822917501316078e-02 1.184347813271068861e-01 1.612946918712876432e-01 2.081077909258294556e-01 2.284920117499803505e-01 2.013388595494031152e-01 1.686407683496544685e-01
-1.551011697617634688e-01 -1.014913054018983796e-01 -4.618638817381484629e-02 7.284139471139370811e-03 5.754556398254744021e-02 1.079067234928529906e-01 1.629961608514950144e-01 2.013388595494031152e-01 2.039253405751881576e-01 1.987606265674035366e-01
-2.041099797603266319e-01 -1.645235313067507366e-01 -1.163397123508111836e-01 -6.332334477575039811e-02 -7.656875880751172134e-03 4.994852614518950629e-02 1.131735247442818004e-01 1.686407683496544685e-01 1.987606265674035366e-01 2.257828145235828143e-01
2.138876044219281125e-01 2.026047376882540441e-01 1.716173858414287157e-01 1.160055894601036142e-01 4.987022649894547188e-02 -1.301052748756364660e-02 -7.034319549573198049e-02 -1.208865184941730064e-01 -1.513129685700569660e-01 -1.842340074929103844e-01
2.026047376882540441e-01 2.171588599325731950e-01 2.079144356094121959e-01 1.667334799864964578e-01 1.080952675497404009e-01 4.966442185615350946e-02 -7.373028208219350836e-03 -6.190462715622504358e-02 -1.066051395067375007e-01 -1.545824215154628922e-01
1.716173858414287157e-01 2.079144356094121959e-01 2.258068989979845065e-01 2.045049512793430391e-01 1.586036522441598429e-01 1.098310439747495898e-01 5.844695441058199437e-02 4.880634638259927563e-03 -5.076747045584586310e-02 -1.100955395683821531e-01
1.160055894601036142e-01 1.667334799864964578e-01 2.045049512793430391e-01 2.097735232919291648e-01 1.845926397851272993e-01 1.525256400183125083e-01 1.141537196706751273e-01 6.968066461545613377e-02 1.175975252472612372e-02 -5.010573507504107599e-02
4.987022649894547188e-02 1.080952675497404009e-01 1.586036522441598429e-01 1.845926397851272993e-01 1.850503649806148065e-01 1.738753215105391658e-01 1.523685600265536899e-01 1.215406431320980585e-01 6.868014676029969567e-02 1.222146244316671924e-02
-1.301052748756364660e-02 4.966442185615350946e-02 1.098310439747495898e-01 1.525256400183125083e-01 1.738753215105391658e-01 1.848836620652217488e-01 1.809533089755748225e-01 1.639087934268028124e-01 1.176194104728439938e-01 6.863375881683982105e-02
-7.034319549573198049e-02 -7.373028208219350836e-03 5.844695441058199437e-02 1.141537196706751273e-01 1.523685600265536899e-01 1.809533089755748225e-01 1.963717302661594499e-01 1.943135647691196233e-01 1.564180778388900295e-01 1.167389233789179193e-01
-1.208865184941730064e-01 -6.190462715622504358e-02 4.880634638259927563e-03 6.968066461545613377e-02 1.215406431320980585e-01 1.639087934268028124e-01 1.943135647691196233e-01 2.099362202799302524e-01 1.837203282882306499e-01 1.555735225885453987e-01
-1.513129685700569660e-01 -1.066051395067375007e-01 -5.076747045584586310e-02 1.175975252472612372e-02 6.868014676029969567e-02 1.176194104728439938e-01 1.564180778388900295e-01 1.837203282882306499e-01 1.773849680638081849e-01 1.676340675845725547e-01
-1.842340074929103844e-01 -1.545824215154628922e-01 -1.100955395683821531e-01 -5.010573507504107599e-02 1.222146244316671924e-02 6.863375881683982105e-02 1.167389233789179193e-01 1.555735225885453987e-01 1.676340675845725547e-01 1.797461676998507729e-01
2.399957515806382669e-01 2.084018181446091744e-01 1.596911197877735888e-01 1.152929842785257591e-01 5.967823873495765874e-02 5.126690065057765318e-03 -5.117171145042109098e-02 -1.167296809227732629e-01 -1.741490397251103384e-01 -2.109166056221241647e-01
2.084018181446091744e-01 2.066148247097628343e-01 1.820101608945506877e-01 1.576797112165313763e-01 1.137615714589869653e-01 6.845669020848657582e-02 1.212319302298345280e-02 -4.802911279168633335e-02 -1.093960341879584297e-01 -1.607480312969333525e-01
1.596911197877735888e-01 1.820101608945506877e-01 1.848269906447108646e-01 1.824369521703195218e-01 1.530419485273836200e-01 1.199514789168772133e-01 6.880448705757338801e-02 1.934654843708551175e-02 -4.009120001891033902e-02 -1.003195033042029727e-01
1.152929842785257591e-01 1.576797112165313763e-01 1.824369521703195218e-01 2.022429249501018211e-01 1.869887108779658136e-01 1.648658739227290559e-01 1.183915501282121890e-01 7.886683717018719286e-02 2.193986816650577917e-02 -4.575425303324222315e-02
5.967823873495765874e-02 1.137615714589869653e-01 1.530419485273836200e-01 1.869887108779658136e-01 1.897405959636303263e-01 1.818679600315472877e-01 1.459088922145247991e-01 1.203961051542325189e-01 7.374765224064630531e-02 9.201995480351736825e-03
5.126690065057765318e-03 6.845669020848657582e-02 1.199514789168772133e-01 1.648658739227290559e-01 1.818679600315472877e-01 1.902708446793477948e-01 1.665835460577509974e-01 1.553150472740504329e-01 1.197424315057250138e-01 6.050960352644461915e-02
-5.117171145042109098e-02 1.212319302298345280e-02 6.880448705757338801e-02 1.183915501282121890e-01 1.459088922145247991e-01 1.665835460577509974e-01 1.616061052282729837e-01 1.680328379726052923e-01 1.491244029338541499e-01 1.037197953106191450e-01
-1.167296809227732629e-01 -4.802911279168633335e-02 1.934654843708551175e-02 7.886683717018719286e-02 1.203961051542325189e-01 1.553150472740504329e-01 1.680328379726052923e-01 1.962120102960789869e-01 1.946760122566328355e-01 1.600020503773562919e-01
-1.741490397251103384e-01 -1.093960341879584297e-01 -4.009120001891033902e-02 2.193986816650577917e-02 7.374765224064630531e-02 1.197424315057250138e-01 1.491244029338541499e-01 1.946760122566328355e-01 2.163604437768261168e-01 2.004416665217741977e-01
-2.109166056221241647e-01 -1.607480312969333525e-01 -1.003195033042029727e-01 -4.575425303324222315e-02 9.201995480351736825e-03 6.050960352644461915e-02 1.037197953106191450e-01 1.600020503773562919e-01 2.004416665217741977e-01 2.121295081706311425e-01
2.082411888914625642e-01 1.912494506852946419e-01 1.610493810385046354e-01 1.166725872027557787e-01 5.677022630828175431e-02 -7.556664376022317929e-04 -5.870956701788340726e-02 -1.160204804576350224e-01 -1.520480741149936310e-01 -2.018912483984427186e-01
1.912494506852946419e-01 2.004741637223629303e-01 1.917148859339252720e-01 1.630483491872227186e-01 1.107182676031130963e-01 6.143972777469475233e-02 6.204449474195222053e-03 -5.185464757381980094e-02 -1.023471769157240918e-01 -1.633766229084190613e-01
1.610493810385046354e-01 1.917148859339252720e-01 2.073025195531393583e-01 1.968734493042076927e-01 1.550309169182744196e-01 1.166795518335063120e-01 6.795347810024834900e-02 1.337851438050537828e-02 -4.777833408771135076e-02 -1.157121509732499109e-01
1.166725872027557787e-01 1.630483491872227186e-01 1.968734493042076927e-01 2.079979759797780936e-01 1.813707516263121655e-01 1.570993506086473812e-01 1.191066628444364117e-01 7.335005481804440786e-02 8.439272104333320895e-03 -5.940217613783067147e-02
5.677022630828175431e-02 1.107182676031130963e-01 1.550309169182744196e-01 1.813707516263121655e-01 1.764297011538302207e-01 1.706812686183764860e-01 1.487819201090001264e-01 1.181525954099631737e-01 5.993212330471787280e-02 2.971996916551541447e-03
-7.556664376022317929e-04 6.143972777469475233e-02 1.166795518335063120e-01 1.570993506086473812e-01 1.706812686183764860e-01 1.850932141529349484e-01 1.796454066110567127e-01 1.632968215882698859e-01 1.105057351991910741e-01 6.345014523204571544e-02
-5.870956701788340726e-02 6.204449474195222053e-03 6.795347810024834900e-02 1.191066628444364117e-01 1.487819201090001264e-01 1.796454066110567127e-01 1.940871525568182987e-01 1.949194291328364137e-01 1.519340189023868914e-01 1.186733254123707032e-01
-1.160204804576350224e-01 -5.185464757381980094e-02 1.337851438050537828e-02 7.335005481804440786e-02 1.181525954099631737e-01 1.632968215882698859e-01 1.949194291328364137e-01 2.166266530468519691e-01 1.872287922740513699e-01 1.701589189725719042e-01
-1.520480741149936310e-01 -1.023471769157240918e-01 -4.777833408771135076e-02 8.439272104333320895e-03 5.993212330471787280e-02 1.105057351991910741e-01 1.519340189023868914e-01 1.872287922740513699e-01 1.825141632065558073e-01 1.883161126464977242e-01
-2.018912483984427186e-01 -1.633766229084190613e-01 -1.157121509732499109e-01 -5.940217613783067147e-02 2.971996916551541447e-03 6.345014523204571544e-02 1.186733254123707032e-01 1.701589189725719042e-01 1.883161126464977242e-01 2.212332677362662536e-01
2.069788128112733938e-01 1.934955761806923524e-01 1.675756078902660984e-01 1.051214439859385202e-01 5.156625974188322470e-02 -6.856302575105875999e-03 -6.216039260103817243e-02 -1.115137019229690829e-01 -1.577216181157845010e-01 -1.976899742807801397e-01
1.934955761806923524e-01 2.044997838908311771e-01 1.994722387920004614e-01 1.489381270016740255e-01 1.099963791522888812e-01 5.775084897594398581e-02 -2.059877843160840352e-04 -5.731727149216243877e-02 -1.130604673121268500e-01 -1.650223051819623976e-01
1.675756078902660984e-01 1.994722387920004614e-01 2.191642313669692754e-01 1.847525970120509342e-01 1.629527145032407809e-01 1.199146300305066470e-01 6.286628386436049487e-02 1.334668668930070416e-03 -6.116945487928594771e-02 -1.225864261586605553e-01
1.051214439859385202e-01 1.489381270016740255e-01 1.847525970120509342e-01 1.776154135688531033e-01 1.793381311496624608e-01 1.549154603873239278e-01 1.110499490501537928e-01 5.888120592913075046e-02 3.693631201734013780e-03 -5.372813065680039774e-02
5.156625974188322470e-02 1.099963791522888812e-01 1.629527145032407809e-01 1.793381311496624608e-01 2.063945504821031729e-01 1.993308007064863441e-01 1.650119525637336326e-01 1.181672506286520763e-01 6.659616600664632069e-02 9.542232292105179772e-03
-6.856302575105875999e-03 5.775084897594398581e-02 1.199146300305066470e-01 1.549154603873239278e-01 1.993308007064863441e-01 2.133575861902298754e-01 1.941597447061950699e-01 1.586577679004606278e-01 1.173497438676666393e-01 6.864021610585906152e-02
-6.216039260103817243e-02 -2.059877843160840352e-04 6.286628386436049487e-02 1.110499490501537928e-01 1.650119525637336326e-01 1.941597447061950699e-01 1.955092964709113368e-01 1.769735219547387273e-01 1.509831753317518455e-01 1.164189839651627451e-01
-1.115137019229690829e-01 -5.731727149216243877e-02 1.334668668930070416e-03 5.888120592913075046e-02 1.181672506286520763e-01 1.586577679004606278e-01 1.769735219547387273e-01 1.793819944387127774e-01 1.719354171688921018e-01 1.542245693116862659e-01
-1.577216181157845010e-01 -1.130604673121268500e-01 -6.116945487928594771e-02 3.693631201734013780e-03 6.659616600664632069e-02 1.173497438676666393e-01 1.509831753317518455e-01 1.719354171688921018e-01 1.860383674366168083e-01 1.873219723966812189e-01
-1.976899742807801397e-01 -1.650223051819623976e-01 -1.225864261586605553e-01 -5.372813065680039774e-02 9.542232292105179772e-03 6.864021610585906152e-02 1.164189839651627451e-01 1.542245693116862659e-01 1.873219723966812189e-01 2.110599633434993572e-01
2.065174303269375344e-01 1.979995215388456464e-01 1.607645757642866546e-01 1.146990572636893135e-01 6.405793009941782024e-02 4.105594880692213337e-03 -5.687941617521913296e-02 -1.157033220011462471e-01 -1.598757098602371918e-01 -1.859617667133968422e-01
1.979995215388456464e-01 2.112858400673089387e-01 1.902745049024382740e-01 1.574906723190790392e-01 1.186792414663724732e-01 6.354528250697866198e-02 9.615033859356920953e-04 -6.237989687934305388e-02 -1.178555352523814742e-01 -1.598807736743204089e-01
1.607645757642866546e-01 1.902745049024382740e-01 1.916032244952293462e-01 1.779801259016547677e-01 1.563330134069670918e-01 1.133625728678505917e-01 5.801505506858627148e-02 -8.305929177602719730e-04 -5.999746243622741670e-02 -1.119450078253857589e-01
1.146990572636893135e-01 1.574906723190790392e-01 1.779801259016547677e-01 1.869635595282141405e-01 1.849810371391767960e-01 1.565036737733997430e-01 1.112744721950993942e-01 6.046503070151283687e-02 1.255736139192594218e-03 -5.781327471708610360e-02
6.405793009941782024e-02 1.186792414663724732e-01 1.563330134069670918e-01 1.849810371391767960e-01 2.056155817534165431e-01 1.939465705797972506e-01 1.604648901348233458e-01 1.194739441166762645e-01 6.275300626203639265e-02 -9.961088750600882984e-04
4.105594880692213337e-03 6.354528250697866198e-02 1.133625728678505917e-01 1.565036737733997430e-01 1.939465705797972506e-01 2.042070438900940310e-01 1.885088292173244529e-01 1.629530400829757308e-01 1.161819294406212927e-01 5.651250135306725569e-02
-5.687941617521913296e-02 9.615033859356920953e-04 5.801505506858627148e-02 1.112744721950993942e-01 1.604648901348233458e-01 1.885088292173244529e-01 1.956845531131274074e-01 1.898847356638771466e-01 1.579904597411777301e-01 1.084669767130358176e-01
-1.157033220011462471e-01 -6.237989687934305388e-02 -8.305929177602719730e-04 6.046503070151283687e-02 1.194739441166762645e-01 1.629530400829757308e-01 1.898847356638771466e-01 2.073149514327001786e-01 1.931313001692233078e-01 1.559874565685807346e-01
