2.813436366098071018e-01 2.956480530379923533e-01 1.074584745307136657e-01 -1.097560322367286539e-02 -6.816620312294559281e-02 -7.541930944001695725e-02 -7.361032674812204024e-02 9.351176824808175858e-03 1.344822599910618366e-01 2.547244561114965777e-01
2.956480530379923533e-01 5.078172458067555795e-01 3.110692437760878004e-01 1.624021036824873088e-01 6.700249590583118309e-02 -6.568551904050974437e-03 -7.093054942159063292e-02 -8.535690097517445452e-02 -1.504837403797077387e-02 1.238701626619033991e-01
1.074584745307136657e-01 3.110692437760878004e-01 2.600157562480981954e-01 1.988652126700626299e-01 1.476179138231647481e-01 8.078033459743287625e-02 2.981406660277847662e-02 -4.656055482911167220e-02 -8.325282178197845884e-02 -4.231055223136166721e-02
-1.097560322367286539e-02 1.624021036824873088e-01 1.988652126700626299e-01 2.041089298078406222e-01 1.904982735928054671e-01 1.396102518205663556e-01 1.146738347164571181e-01 1.434670580431317462e-02 -8.946875683058524986e-02 -1.200974455410071112e-01
-6.816620312294559281e-02 6.700249590583118309e-02 1.476179138231647481e-01 1.904982735928054671e-01 2.068097616431454622e-01 1.755195636120808755e-01 1.807358833203428494e-01 8.118195432275472634e-02 -5.758707894476332301e-02 -1.339257969492638756e-01
-7.541930944001695725e-02 -6.568551904050974437e-03 8.078033459743287625e-02 1.396102518205663556e-01 1.755195636120808755e-01 1.762271690194228135e-01 2.210199890580487048e-01 1.533394528777294874e-01 1.704044187034927868e-02 -8.207642785489538406e-02
-7.361032674812204024e-02 -7.093054942159063292e-02 2.981406660277847662e-02 1.146738347164571181e-01 1.807358833203428494e-01 2.210199890580487048e-01 3.372001682420204260e-01 3.014986031422211554e-01 1.410082830756118621e-01 -5.006711464075217118e-03
9.351176824808175858e-03 -8.535690097517445452e-02 -4.656055482911167220e-02 1.434670580431317462e-02 8.118195432275472634e-02 1.533394528777294874e-01 3.014986031422211554e-01 3.559058960620715695e-01 2.656907461239408352e-01 1.483378496011397152e-01
1.344822599910618366e-01 -1.504837403797077387e-02 -8.325282178197845884e-02 -8.946875683058524986e-02 -5.758707894476332301e-02 1.704044187034927868e-02 1.410082830756118621e-01 2.656907461239408352e-01 3.079923627289471444e-01 2.841888197950961925e-01
2.547244561114965777e-01 1.238701626619033991e-01 -4.231055223136166721e-02 -1.200974455410071112e-01 -1.339257969492638756e-01 -8.207642785489538406e-02 -5.006711464075217118e-03 1.483378496011397152e-01 2.841888197950961925e-01 3.625790738318934725e-01
9.095190415047742227e-02 1.007876928486531043e-01 1.310262172758381860e-01 5.031492338856577429e-02 -3.341483525231551954e-02 -8.778807580308076175e-02 -2.372429637262693514e-02 6.045713663079815142e-02 1.365060261624905791e-01 1.395504250843139227e-01
1.007876928486531043e-01 1.719447253522908003e-01 2.831400014930940401e-01 1.623628625293946359e-01 1.720126585242295544e-02 -8.613190835978887239e-02 -5.847399346279766319e-02 -1.738145707834335210e-02 5.175853835440590023e-02 9.483603502822574027e-02
1.310262172758381860e-01 2.831400014930940401e-01 5.207960719295747776e-01 3.388608871550212176e-01 1.118498861380688159e-01 -4.613553295136282179e-02 -7.409385289271255837e-02 -7.800888054045217179e-02 -1.422830640953179522e-02 6.993224444885881574e-02
5.031492338856577429e-02 1.623628625293946359e-01 3.388608871550212176e-01 2.779206988425215741e-01 1.776036438690823671e-01 1.242542099879559991e-01 2.316689077258209800e-02 -3.949938352791378116e-02 -5.532705970545997304e-02 -1.409266376814710675e-02
-3.341483525231551954e-02 1.720126585242295544e-02 1.118498861380688159e-01 1.776036438690823671e-01 2.364886212247833686e-01 3.147113458249398699e-01 1.463048355654151533e-01 4.000957613836328419e-02 -5.666058856288330031e-02 -7.828271054188049027e-02
-8.778807580308076175e-02 -8.613190835978887239e-02 -4.613553295136282179e-02 1.242542099879559991e-01 3.147113458249398699e-01 5.245994689057010829e-01 2.811189666745194105e-01 1.451053674168220620e-01 -1.793818669069452768e-02 -1.032369536846010488e-01
-2.372429637262693514e-02 -5.847399346279766319e-02 -7.409385289271255837e-02 2.316689077258209800e-02 1.463048355654151533e-01 2.811189666745194105e-01 1.879788740861760843e-01 1.687224210442506145e-01 1.028104989561598737e-01 2.256880633167698824e-02
6.045713663079815142e-02 -1.738145707834335210e-02 -7.800888054045217179e-02 -3.949938352791378116e-02 4.000957613836328419e-02 1.451053674168220620e-01 1.687224210442506145e-01 2.828914925446326389e-01 3.077514172194069086e-01 2.000077719840229751e-01
1.365060261624905791e-01 5.175853835440590023e-02 -1.422830640953179522e-02 -5.532705970545997304e-02 -5.666058856288330031e-02 -1.793818669069452768e-02 1.028104989561598737e-01 3.077514172194069086e-01 4.263145626520411513e-01 3.241331186467027448e-01
1.395504250843139227e-01 9.483603502822574027e-02 6.993224444885881574e-02 -1.409266376814710675e-02 -7.828271054188049027e-02 -1.032369536846010488e-01 2.256880633167698824e-02 2.000077719840229751e-01 3.241331186467027448e-01 2.801135803118024459e-01
3.837645863739652663e-01 2.467583599394304050e-01 1.628731335081645415e-01 7.353826770911511823e-02 -3.254173213354394356e-02 -9.509958506277579882e-02 -9.996610968976053779e-02 2.172888402963676566e-02 1.864407064682158943e-01 2.842413664471603596e-01
2.467583599394304050e-01 1.934210573377737052e-01 1.729578198960832203e-01 1.402156839686030387e-01 5.752454338574812531e-02 -4.017718961039504211e-02 -9.990476767262763957e-02 -4.463813362228774562e-02 5.381072880945594189e-02 1.497134231346490263e-01
1.628731335081645415e-01 1.729578198960832203e-01 2.148507510168065071e-01 2.402219945602035445e-01 1.769869835808474956e-01 3.723151262852516380e-02 -7.519059161583213635e-02 -8.416268016082137371e-02 -4.049776162061576729e-02 5.699332398338423367e-02
7.353826770911511823e-02 1.402156839686030387e-01 2.402219945602035445e-01 3.356296361487434710e-01 3.089815647074016791e-01 1.466717112087467245e-01 2.797343506334336316e-03 -7.999510713723129163e-02 -1.017314207410260352e-01 -2.551739304974209865e-02
-3.254173213354394356e-02 5.752454338574812531e-02 1.769869835808474956e-01 3.089815647074016791e-01 3.551692902832856991e-01 2.438130317135730474e-01 1.408471092814385095e-01 4.439426926649841718e-03 -8.204729472628236042e-02 -7.561522571440677798e-02
-9.509958506277579882e-02 -4.017718961039504211e-02 3.723151262852516380e-02 1.466717112087467245e-01 2.438130317135730474e-01 2.579116422606424486e-01 2.671076333985584750e-01 1.388073641162368976e-01 3.018172486705182275e-02 -5.275510020609984474e-02
-9.996610968976053779e-02 -9.990476767262763957e-02 -7.519059161583213635e-02 2.797343506334336316e-03 1.408471092814385095e-01 2.671076333985584750e-01 3.980421048064993195e-01 2.886133099081857889e-01 1.790003440680162372e-01 1.648889453768809243e-02
2.172888402963676566e-02 -4.463813362228774562e-02 -8.416268016082137371e-02 -7.999510713723129163e-02 4.439426926649841718e-03 1.388073641162368976e-01 2.886133099081857889e-01 2.755747929170614952e-01 2.492439893708315590e-01 1.204054310083135931e-01
1.864407064682158943e-01 5.381072880945594189e-02 -4.049776162061576729e-02 -1.017314207410260352e-01 -8.204729472628236042e-02 3.018172486705182275e-02 1.790003440680162372e-01 2.492439893708315590e-01 3.213616794410251720e-01 2.444376117716749452e-01
2.842413664471603596e-01 1.497134231346490263e-01 5.699332398338423367e-02 -2.551739304974209865e-02 -7.561522571440677798e-02 -5.275510020609984474e-02 1.648889453768809243e-02 1.204054310083135931e-01 2.444376117716749452e-01 2.642744594141969716e-01
2.127977949872350560e-01 2.118422478966347500e-01 1.423388989420638351e-01 4.994662008411899362e-02 -3.191977561814476200e-02 -8.372457940293467904e-02 -9.439529680227101704e-02 -3.771373129068138902e-02 1.027161245741788353e-01 2.601623463998085084e-01
2.118422478966347500e-01 3.160520472899841504e-01 2.879630051539165958e-01 1.878678287385247003e-01 6.035785241688886027e-02 -3.843124080581093033e-02 -1.010295617984054983e-01 -1.061204315131436815e-01 -3.465115064231996667e-02 1.378303584971210527e-01
1.423388989420638351e-01 2.879630051539165958e-01 3.229041402739070699e-01 2.652260250677836995e-01 1.530175552048595455e-01 5.862806063882978341e-02 -1.885484456348620122e-02 -7.245301196094740270e-02 -8.326680954941070856e-02 1.982367989925883436e-02
4.994662008411899362e-02 1.878678287385247003e-01 2.652260250677836995e-01 2.755429793647813375e-01 2.138226878251117125e-01 1.548115289577698395e-01 9.094539671705673123e-02 1.228963323515260345e-02 -6.476837491586276419e-02 -6.291819945688795213e-02
-3.191977561814476200e-02 6.035785241688886027e-02 1.530175552048595455e-01 2.138226878251117125e-01 2.174970401121097130e-01 2.074221867640250461e-01 1.744230996817084656e-01 9.879695476122454800e-02 -7.730664473213761517e-03 -9.434750564633903602e-02
-8.372457940293467904e-02 -3.843124080581093033e-02 5.862806063882978341e-02 1.548115289577698395e-01 2.074221867640250461e-01 2.423680506892779696e-01 2.398744056780412748e-01 1.754552252167154158e-01 6.074932763501485200e-02 -8.982660418287854998e-02
-9.439529680227101704e-02 -1.010295617984054983e-01 -1.885484456348620122e-02 9.094539671705673123e-02 1.744230996817084656e-01 2.398744056780412748e-01 2.726794945543299931e-01 2.352673002708472461e-01 1.443126931541272862e-01 -3.392587149395074470e-02
-3.771373129068138902e-02 -1.061204315131436815e-01 -7.245301196094740270e-02 1.228963323515260345e-02 9.879695476122454800e-02 1.754552252167154158e-01 2.352673002708472461e-01 2.570221409036027582e-01 2.473726716985657770e-01 1.055477905581832521e-01
1.027161245741788353e-01 -3.465115064231996667e-02 -8.326680954941070856e-02 -6.476837491586276419e-02 -7.730664473213761517e-03 6.074932763501485200e-02 1.443126931541272862e-01 2.473726716985657770e-01 3.882648093312616178e-01 3.499640190644129345e-01
2.601623463998085084e-01 1.378303584971210527e-01 1.982367989925883436e-02 -6.291819945688795213e-02 -9.434750564633903602e-02 -8.982660418287854998e-02 -3.392587149395074470e-02 1.055477905581832521e-01 3.499640190644129345e-01 4.948715024935144147e-01
4.049266015085074555e-01 1.755646010365345955e-01 1.556442501966650849e-01 8.148373739104258773e-02 -3.817477511193459461e-02 -1.288510779776865511e-01 -1.229534092164368264e-01 -3.640788543517828324e-02 1.440824874367551689e-01 3.382983474201424201e-01
1.755646010365345955e-01 1.015425780929540001e-01 1.399666469370195732e-01 1.251911800281867437e-01 3.829478517907525248e-02 -3.857562854222119919e-02 -7.008860735068742076e-02 -5.713946867925471379e-02 2.784537165046512171e-03 1.109946709724004416e-01
1.556442501966650849e-01 1.399666469370195732e-01 2.765720833992694194e-01 3.110645736282902085e-01 1.731149618142125424e-01 4.042354314660628889e-02 -5.704774222954548529e-02 -9.852121627709237162e-02 -8.557775627927630135e-02 3.919441725983999203e-02
8.148373739104258773e-02 1.251911800281867437e-01 3.110645736282902085e-01 4.070429438461541372e-01 2.789730174744387559e-01 1.528465300793146742e-01 2.543834570338619067e-02 -5.821197032388436554e-02 -9.826438661022963983e-02 -2.585407751937469564e-02
-3.817477511193459461e-02 3.829478517907525248e-02 1.731149618142125424e-01 2.789730174744387559e-01 2.558159433191806720e-01 2.228896601951696477e-01 1.381641666918552447e-01 5.753150211024012084e-02 -1.431025467158651698e-02 -5.705049544158669050e-02
-1.288510779776865511e-01 -3.857562854222119919e-02 4.042354314660628889e-02 1.528465300793146742e-01 2.228896601951696477e-01 2.865781571470297773e-01 2.484103262197033257e-01 1.789149364068385040e-01 9.051061237318158703e-02 -5.788905038465061437e-02
-1.229534092164368264e-01 -7.008860735068742076e-02 -5.704774222954548529e-02 2.543834570338619067e-02 1.381641666918552447e-01 2.484103262197033257e-01 2.645701818574309194e-01 2.325939424720530058e-01 1.737109915506616642e-01 -1.863731604112029479e-03
-3.640788543517828324e-02 -5.713946867925471379e-02 -9.852121627709237162e-02 -5.821197032388436554e-02 5.753150211024012084e-02 1.789149364068385040e-01 2.325939424720530058e-01 2.539759990053183092e-01 2.572930744300561678e-01 1.064724087510958983e-01
1.440824874367551689e-01 2.784537165046512171e-03 -8.557775627927630135e-02 -9.826438661022963983e-02 -1.431025467158651698e-02 9.051061237318158703e-02 1.737109915506616642e-01 2.572930744300561678e-01 3.669533700533794685e-01 2.878219033602875676e-01
3.382983474201424201e-01 1.109946709724004416e-01 3.919441725983999203e-02 -2.585407751937469564e-02 -5.705049544158669050e-02 -5.788905038465061437e-02 -1.863731604112029479e-03 1.064724087510958983e-01 2.878219033602875676e-01 3.820221417707746481e-01
2.035467292893730074e-01 2.330458220503759947e-01 1.269286462175490127e-01 2.825299703878434224e-02 -4.637063270803510467e-02 -7.601449135945562152e-02 -7.086493542801407253e-02 1.914814777215673863e-02 1.477711808984901454e-01 2.290877738412393783e-01
2.330458220503759947e-01 3.805687154360190005e-01 2.881643672620699537e-01 1.852344317928363293e-01 3.268912779773963662e-02 -7.460675517925223488e-02 -1.371423234366477562e-01 -6.912529527211763725e-02 2.842378672307343743e-02 1.567432685238362156e-01
1.269286462175490127e-01 2.881643672620699537e-01 2.872262220775190777e-01 2.649419257947570605e-01 1.380175823843688976e-01 2.755439329794145617e-02 -5.071148892686810211e-02 -6.469710197621374170e-02 -6.078687470237884721e-02 1.835140124078810803e-02
2.825299703878434224e-02 1.852344317928363293e-01 2.649419257947570605e-01 3.374459328934610869e-01 2.518427211033005819e-01 1.555307364961381333e-01 8.200682671112616284e-02 -1.730024376401574637e-02 -9.883840648121150485e-02 -8.418427550907592316e-02
-4.637063270803510467e-02 3.268912779773963662e-02 1.380175823843688976e-01 2.518427211033005819e-01 2.493376505063871207e-01 2.146876191430872327e-01 1.886772138588570791e-01 6.137308628072453420e-02 -4.463208627141602297e-02 -9.491581846950833401e-02
-7.601449135945562152e-02 -7.460675517925223488e-02 2.755439329794145617e-02 1.555307364961381333e-01 2.146876191430872327e-01 2.430871683210166501e-01 2.698380167004924557e-01 1.404562292304794846e-01 4.383829184586097300e-02 -5.188002809513124480e-02
-7.086493542801407253e-02 -1.371423234366477562e-01 -5.071148892686810211e-02 8.200682671112616284e-02 1.886772138588570791e-01 2.698380167004924557e-01 3.568865486002629206e-01 2.307841092905370262e-01 1.597783748957878891e-01 2.912584513121861673e-02
1.914814777215673863e-02 -6.912529527211763725e-02 -6.469710197621374170e-02 -1.730024376401574637e-02 6.137308628072453420e-02 1.404562292304794846e-01 2.307841092905370262e-01 2.013496374763925623e-01 2.236772767791634364e-01 1.453515106753949515e-01
1.477711808984901454e-01 2.842378672307343743e-02 -6.078687470237884721e-02 -9.883840648121150485e-02 -4.463208627141602297e-02 4.383829184586097300e-02 1.597783748957878891e-01 2.236772767791634364e-01 3.651514460020633956e-01 3.308378020165610445e-01
2.290877738412393783e-01 1.567432685238362156e-01 1.835140124078810803e-02 -8.418427550907592316e-02 -9.491581846950833401e-02 -5.188002809513124480e-02 2.912584513121861673e-02 1.453515106753949515e-01 3.308378020165610445e-01 3.753999493975026525e-01
3.522900502336242523e-01 2.910224185489251880e-01 1.593393165096357589e-01 -4.343222792831863410e-02 -1.062997260218871837e-01 -5.025263466326631429e-02 2.817095328481983643e-02 1.005316259277445334e-01 1.304472460469554007e-01 2.612899523369614507e-01
2.910224185489251880e-01 2.904092685404574548e-01 2.327174214618214498e-01 8.433029949878949327e-02 -6.554078057578920091e-02 -8.724607305642599619e-02 -5.075897041874749549e-02 6.385195893880312411e-03 6.851126187837450199e-02 1.893636479051983290e-01
1.593393165096357589e-01 2.327174214618214498e-01 3.158552230420088036e-01 3.161831453862031793e-01 7.673946269402505405e-02 -6.085189358343316701e-02 -9.980678863251743471e-02 -8.478780878861844061e-02 -1.235810286523697510e-02 6.593099131073215657e-02
-4.343222792831863410e-02 8.433029949878949327e-02 3.161831453862031793e-01 5.642933379768961810e-01 3.209659294942001084e-01 9.227825232461026039e-02 -3.115632520411635090e-02 -8.478130129140910853e-02 -6.762386945673312666e-02 -8.082939707519321004e-02
-1.062997260218871837e-01 -6.554078057578920091e-02 7.673946269402505405e-02 3.209659294942001084e-01 3.199141160365308600e-01 2.295470662292221631e-01 1.520685090005210460e-01 8.798785931789061820e-02 6.024356094489317220e-03 -6.332067137764660347e-02
-5.025263466326631429e-02 -8.724607305642599619e-02 -6.085189358343316701e-02 9.227825232461026039e-02 2.295470662292221631e-01 2.673352319740799343e-01 2.531547723553406737e-01 2.096365418505776179e-01 8.358175889233618316e-02 1.898566769355655368e-02
2.817095328481983643e-02 -5.075897041874749549e-02 -9.980678863251743471e-02 -3.115632520411635090e-02 1.520685090005210460e-01 2.531547723553406737e-01 2.879349005261313543e-01 2.684284102978146680e-01 1.329053608995956759e-01 9.272415906163669619e-02
1.005316259277445334e-01 6.385195893880312411e-03 -8.478780878861844061e-02 -8.478130129140910853e-02 8.798785931789061820e-02 2.096365418505776179e-01 2.684284102978146680e-01 2.768517104939209883e-01 1.550950107823576840e-01 1.451434968899663336e-01
1.304472460469554007e-01 6.851126187837450199e-02 -1.235810286523697510e-02 -6.762386945673312666e-02 6.024356094489317220e-03 8.358175889233618316e-02 1.329053608995956759e-01 1.550950107823576840e-01 1.058429721929041167e-01 1.327292455184270470e-01
2.612899523369614507e-01 1.893636479051983290e-01 6.593099131073215657e-02 -8.082939707519321004e-02 -6.332067137764660347e-02 1.898566769355655368e-02 9.272415906163669619e-02 1.451434968899663336e-01 1.327292455184270470e-01 2.192731889834404480e-01
4.141854190871086527e-01 2.844204926151048252e-01 1.222251626046644696e-01 4.035961999022054554e-03 -5.954472301822864161e-02 -7.438372883384863909e-02 -4.253506889911101707e-02 4.377344592792976885e-02 1.611982919843870654e-01 3.189574815920172002e-01
2.844204926151048252e-01 3.151160249129527635e-01 2.587143634355772992e-01 1.662457465490680408e-01 6.523283166329385541e-02 -3.091552857205219496e-02 -9.463883500323440334e-02 -5.862527313444716032e-02 8.272809510312773701e-03 1.323603833568789967e-01
1.222251626046644696e-01 2.587143634355772992e-01 3.089281931851604046e-01 2.676213120123556166e-01 1.740532466064473871e-01 5.199193103502101898e-02 -6.176789081064960885e-02 -9.214872065356138897e-02 -9.155097244018839397e-02 -3.127424726453367082e-02
4.035961999022054554e-03 1.662457465490680408e-01 2.676213120123556166e-01 2.844630911437555643e-01 2.324592777621191098e-01 1.389666662701696809e-01 3.241397267550478328e-02 -5.292530305700675342e-02 -1.044755572518954179e-01 -1.048813650250343121e-01
-5.954472301822864161e-02 6.523283166329385541e-02 1.740532466064473871e-01 2.324592777621191098e-01 2.473925627653603687e-01 2.215505998244558516e-01 1.644049474880195094e-01 3.877264542474254810e-02 -4.784000081123782055e-02 -9.740783699411226237e-02
-7.438372883384863909e-02 -3.091552857205219496e-02 5.199193103502101898e-02 1.389666662701696809e-01 2.215505998244558516e-01 2.882685052135424142e-01 3.069808461909802055e-01 1.574623966339314673e-01 5.405250382781522089e-02 -2.971037650915289013e-02
-4.253506889911101707e-02 -9.463883500323440334e-02 -6.176789081064960885e-02 3.241397267550478328e-02 1.644049474880195094e-01 3.069808461909802055e-01 4.104235627309129608e-01 2.594544641601632673e-01 1.616492978546031911e-01 6.910160473911074186e-02
4.377344592792976885e-02 -5.862527313444716032e-02 -9.214872065356138897e-02 -5.292530305700675342e-02 3.877264542474254810e-02 1.574623966339314673e-01 2.594544641601632673e-01 2.005793895889358136e-01 1.695984557457481945e-01 1.342262367582710558e-01
1.611982919843870654e-01 8.272809510312773701e-03 -9.155097244018839397e-02 -1.044755572518954179e-01 -4.784000081123782055e-02 5.405250382781522089e-02 1.616492978546031911e-01 1.695984557457481945e-01 2.005811830668748907e-01 2.256423456387481319e-01
3.189574815920172002e-01 1.323603833568789967e-01 -3.127424726453367082e-02 -1.048813650250343121e-01 -9.740783699411226237e-02 -2.971037650915289013e-02 6.910160473911074186e-02 1.342262367582710558e-01 2.256423456387481319e-01 3.300620683053981375e-01
3.682890659067256101e-01 2.443394757167490772e-01 1.383066042235862603e-01 2.125614636634411136e-02 -6.195139052066107876e-02 -1.117128459532948648e-01 -6.542180572979469644e-02 -2.412798723282532851e-02 1.260691931874481364e-01 3.312660717934324262e-01
2.443394757167490772e-01 2.030204365156254298e-01 1.800715489538357028e-01 1.329521339482680198e-01 3.768727519191179126e-02 -2.318277835029697309e-02 -4.365616311130194466e-02 -7.115429771328132813e-02 4.768790397294488115e-02 1.926862579112486040e-01
1.383066042235862603e-01 1.800715489538357028e-01 2.565676232657577716e-01 2.904564384498838914e-01 1.702312037120650712e-01 9.563739820434723204e-02 -1.121390146865861590e-03 -8.459384508585324203e-02 -1.479864421899118078e-02 6.863106182267171562e-02
2.125614636634411136e-02 1.329521339482680198e-01 2.904564384498838914e-01 4.077639301587080989e-01 2.792987268272590362e-01 2.060638403584048872e-01 5.474578159915136077e-02 -4.996676156466502844e-02 -5.600271902612988240e-02 -5.106508225127720513e-02
-6.195139052066107876e-02 3.768727519191179126e-02 1.702312037120650712e-01 2.792987268272590362e-01 2.203956308856341861e-01 1.920317360730029455e-01 8.284117623776802997e-02 3.897151693503930758e-02 -3.630611764612357018e-02 -9.399777814824100686e-02
-1.117128459532948648e-01 -2.318277835029697309e-02 9.563739820434723204e-02 2.060638403584048872e-01 1.920317360730029455e-01 2.046071178234584731e-01 1.298067785885666514e-01 1.623846483980423416e-01 5.875953370192006989e-03 -1.077398777026095655e-01
-6.542180572979469644e-02 -4.365616311130194466e-02 -1.121390146865861590e-03 5.474578159915136077e-02 8.284117623776802997e-02 1.298067785885666514e-01 1.382005722570003869e-01 2.757618738401516612e-01 8.882096065036136634e-02 -2.129353933289235279e-02
-2.412798723282532851e-02 -7.115429771328132813e-02 -8.459384508585324203e-02 -4.996676156466502844e-02 3.897151693503930758e-02 1.623846483980423416e-01 2.757618738401516612e-01 6.795782434293291541e-01 2.883347136405926547e-01 1.030436302995016429e-01
1.260691931874481364e-01 4.768790397294488115e-02 -1.479864421899118078e-02 -5.600271902612988240e-02 -3.630611764612357018e-02 5.875953370192006989e-03 8.882096065036136634e-02 2.883347136405926547e-01 1.806281743535714801e-01 1.785669449780194484e-01
3.312660717934324262e-01 1.926862579112486040e-01 6.863106182267171562e-02 -5.106508225127720513e-02 -9.399777814824100686e-02 -1.077398777026095655e-01 -2.129353933289235279e-02 1.030436302995016429e-01 1.785669449780194484e-01 3.409492054041853293e-01
4.898473608058848683e-01 3.542119446470723410e-01 1.315609448582209517e-01 2.682966466755739438e-02 -5.517206153354653475e-02 -9.674245527113811693e-02 -9.032603162054345103e-02 -8.745177052996069150e-03 1.363880215055719713e-01 2.448482582094320958e-01
3.542119446470723410e-01 2.900401891580558500e-01 1.436592943959191793e-01 1.209383644662274382e-01 2.497838418330712573e-02 -4.525983103839112398e-02 -8.311878494573704534e-02 -6.145048260297895221e-02 4.360770452865693481e-02 1.557509615551396220e-01
1.315609448582209517e-01 1.436592943959191793e-01 1.257730293542354827e-01 2.139449577756919463e-01 1.278948278992964038e-01 5.098466890339681257e-02 -1.456344144830766692e-02 -5.506772411274897527e-02 -3.190350091289141654e-02 3.480951721463269866e-02
2.682966466755739438e-02 1.209383644662274382e-01 2.139449577756919463e-01 4.933798886746406653e-01 3.430867352814802596e-01 2.010188975441921655e-01 6.303051441727491877e-02 -6.454586343430510076e-02 -1.083993484346616187e-01 -4.537698860392110067e-02
-5.517206153354653475e-02 2.497838418330712573e-02 1.278948278992964038e-01 3.430867352814802596e-01 2.697105547434199835e-01 1.903181277611147304e-01 1.101842892330561485e-01 2.155001181334209939e-02 -4.824083024540043452e-02 -5.321878821688849626e-02
-9.674245527113811693e-02 -4.525983103839112398e-02 5.098466890339681257e-02 2.010188975441921655e-01 1.903181277611147304e-01 1.822583921238608018e-01 1.742534540007438792e-01 1.417586189253669804e-01 5.144741458028068148e-02 -3.084028496419634682e-02
-9.032603162054345103e-02 -8.311878494573704534e-02 -1.456344144830766692e-02 6.303051441727491877e-02 1.101842892330561485e-01 1.742534540007438792e-01 2.523216952889252851e-01 2.930376579138987414e-01 1.892033488238100969e-01 2.436653129782564986e-02
-8.745177052996069150e-03 -6.145048260297895221e-02 -5.506772411274897527e-02 -6.454586343430510076e-02 2.155001181334209939e-02 1.417586189253669804e-01 2.930376579138987414e-01 4.201577994320887521e-01 3.281340723333932563e-01 1.103916688742378194e-01
1.363880215055719713e-01 4.360770452865693481e-02 -3.190350091289141654e-02 -1.083993484346616187e-01 -4.824083024540043452e-02 5.144741458028068148e-02 1.892033488238100969e-01 3.281340723333932563e-01 3.164956574034482606e-01 1.678278049134732663e-01
2.448482582094320958e-01 1.557509615551396220e-01 3.480951721463269866e-02 -4.537698860392110067e-02 -5.321878821688849626e-02 -3.084028496419634682e-02 2.436653129782564986e-02 1.103916688742378194e-01 1.678278049134732663e-01 1.600154330154384685e-01
3.269101126670557189e-01 2.356611876144653617e-01 1.308664083457196647e-01 4.693077379963214030e-02 -1.293585734853689231e-02 -5.724522331146963960e-02 -9.341098354859012076e-02 -3.572167733537198742e-02 1.257050861643013995e-01 3.325328962775736530e-01
2.356611876144653617e-01 2.852414354263920204e-01 2.603672220722959008e-01 1.925427299197091380e-01 1.052663915652235077e-01 2.929192391435342727e-02 -4.548695364119656470e-02 -8.519373812145203395e-02 -9.437508426774146239e-03 1.297883187288949025e-01
1.308664083457196647e-01 2.603672220722959008e-01 3.032546005255165045e-01 2.621727361194658990e-01 1.751716580661844547e-01 9.886190928454355320e-02 2.644707513104375962e-02 -6.675945637580851799e-02 -7.893572501227590077e-02 -2.225016714167872903e-02
4.693077379963214030e-02 1.925427299197091380e-01 2.621727361194658990e-01 2.534844781921239409e-01 1.872578799112285530e-01 1.310258674637284626e-01 8.545875991782697634e-02 -1.483115761538252725e-02 -8.576636890645780720e-02 -9.459702538392607274e-02
-1.293585734853689231e-02 1.052663915652235077e-01 1.751716580661844547e-01 1.872578799112285530e-01 1.567971381605611225e-01 1.347702072694156039e-01 1.313507708253692230e-01 5.656673153877791321e-02 -4.803702493609447732e-02 -1.043739481742390063e-01
-5.724522331146963960e-02 2.929192391435342727e-02 9.886190928454355320e-02 1.310258674637284626e-01 1.347702072694156039e-01 1.537453704513986330e-01 2.066559229141682885e-01 1.635253405907505786e-01 1.536759838821484189e-02 -9.104449946014078754e-02
-9.341098354859012076e-02 -4.548695364119656470e-02 2.644707513104375962e-02 8.545875991782697634e-02 1.313507708253692230e-01 2.066559229141682885e-01 3.520505602894451469e-01 3.524009269631822594e-01 1.277903695558618158e-01 -4.928402195113738837e-02
-3.572167733537198742e-02 -8.519373812145203395e-02 -6.675945637580851799e-02 -1.483115761538252725e-02 5.656673153877791321e-02 1.635253405907505786e-01 3.524009269631822594e-01 4.416011097133594188e-01 2.491778862731149902e-01 1.006651175398128872e-01
1.257050861643013995e-01 -9.437508426774146239e-03 -7.893572501227590077e-02 -8.576636890645780720e-02 -4.803702493609447732e-02 1.536759838821484189e-02 1.277903695558618158e-01 2.491778862731149902e-01 2.507138892344788483e-01 2.717130087756625123e-01
3.325328962775736530e-01 1.297883187288949025e-01 -2.225016714167872903e-02 -9.459702538392607274e-02 -1.043739481742390063e-01 -9.104449946014078754e-02 -4.928402195113738837e-02 1.006651175398128872e-01 2.717130087756625123e-01 4.762013053396677575e-01
4.233878143727962673e-01 3.135673621728307103e-01 1.190874689870836667e-01 -6.313350683542960640e-02 -1.165265393861678461e-01 -9.867656612055054899e-02 -3.112567648371095119e-02 6.426760184222934935e-02 1.440367512992301868e-01 2.676665485696835822e-01
3.135673621728307103e-01 3.251661738105289801e-01 2.608393550529531923e-01 1.081798794389612489e-01 -7.589818710874614294e-03 -6.257123247464878302e-02 -7.068952392805320784e-02 -4.221271398259338753e-02 3.990591594972332096e-02 1.548878567871536105e-01
1.190874689870836667e-01 2.608393550529531923e-01 3.901775204009496623e-01 3.222306246539135000e-01 1.667258515447385125e-01 4.687086900976829285e-02 -4.354405133015799845e-02 -9.878240730811985171e-02 -6.185050835522717255e-02 -8.737072146337765063e-04
-6.313350683542960640e-02 1.081798794389612489e-01 3.222306246539135000e-01 3.681390081407372450e-01 2.564691862759681529e-01 1.508720958085167374e-01 4.835821922695214548e-02 -3.864267066658871874e-02 -7.545341600303795415e-02 -9.495496993970660438e-02
-1.165265393861678461e-01 -7.589818710874614294e-03 1.667258515447385125e-01 2.564691862759681529e-01 2.297611011301609329e-01 1.887907875585233264e-01 1.330904044469981284e-01 7.306266767774294291e-02 -1.314220421528460719e-02 -8.147863813216904560e-02
-9.867656612055054899e-02 -6.257123247464878302e-02 4.687086900976829285e-02 1.508720958085167374e-01 1.887907875585233264e-01 2.146677026464298421e-01 2.145941612034049650e-01 1.946637441173754701e-01 7.192524907818459434e-02 -2.435646108582343108e-02
-3.112567648371095119e-02 -7.068952392805320784e-02 -4.354405133015799845e-02 4.835821922695214548e-02 1.330904044469981284e-01 2.145941612034049650e-01 2.748572301584473188e-01 3.027388005936657578e-01 1.603062509855894546e-01 5.722603862059271601e-02
6.426760184222934935e-02 -4.221271398259338753e-02 -9.878240730811985171e-02 -3.864267066658871874e-02 7.306266767774294291e-02 1.946637441173754701e-01 3.027388005936657578e-01 3.856308479372023701e-01 2.380537974157513892e-01 1.448467740424738692e-01
1.440367512992301868e-01 3.990591594972332096e-02 -6.185050835522717255e-02 -7.545341600303795415e-02 -1.314220421528460719e-02 7.192524907818459434e-02 1.603062509855894546e-01 2.380537974157513892e-01 1.801060524471482793e-01 1.582944576304484985e-01
2.676665485696835822e-01 1.548878567871536105e-01 -8.737072146337765063e-04 -9.495496993970660438e-02 -8.147863813216904560e-02 -2.435646108582343108e-02 5.722603862059271601e-02 1.448467740424738692e-01 1.582944576304484985e-01 2.081065489555919967e-01
5.189313782834913402e-01 3.442300198051721494e-01 1.348689377833047209e-01 5.851255691613318349e-03 -6.573728500055552038e-02 -1.071346187598880978e-01 -6.653173516069167681e-02 -3.666625608071140408e-02 8.658030482124115523e-02 2.773713263119589878e-01
3.442300198051721494e-01 3.051829761387842566e-01 1.927277077528160021e-01 1.341498030141710096e-01 4.489704158550757856e-02 -1.906279976589676448e-02 -5.458108675324045700e-02 -1.055133324492615737e-01 -5.785456716445801228e-02 1.144001511151586103e-01
1.348689377833047209e-01 1.927277077528160021e-01 1.986471047519247080e-01 2.294072425321979358e-01 1.552634045973920740e-01 1.020284085976027599e-01 9.144206479932529691e-03 -6.874486347977361300e-02 -9.067097281116906493e-02 -6.975328611264951240e-03
5.851255691613318349e-03 1.341498030141710096e-01 2.294072425321979358e-01 3.435863102293644777e-01 2.743522948663195127e-01 2.293762354845284013e-01 8.128087855755986024e-02 -9.344543023871261164e-03 -8.276242016214664654e-02 -7.260648997317226128e-02
-6.573728500055552038e-02 4.489704158550757856e-02 1.552634045973920740e-01 2.743522948663195127e-01 2.495699165120903729e-01 2.371753625646493280e-01 1.125664669677211710e-01 6.445644552358137380e-02 -7.965433651149428709e-03 -6.125444634096763319e-02
-1.071346187598880978e-01 -1.906279976589676448e-02 1.020284085976027599e-01 2.293762354845284013e-01 2.371753625646493280e-01 2.592654507779400541e-01 1.522978853233684093e-01 1.490742666089971413e-01 8.133846907730099551e-02 -3.084988279547616619e-02
-6.653173516069167681e-02 -5.458108675324045700e-02 9.144206479932529691e-03 8.128087855755986024e-02 1.125664669677211710e-01 1.522978853233684093e-01 1.212905306087208313e-01 1.740018680403431772e-01 1.506267913622630072e-01 3.775076742551346926e-02
-3.666625608071140408e-02 -1.055133324492615737e-01 -6.874486347977361300e-02 -9.344543023871261164e-03 6.445644552358137380e-02 1.490742666089971413e-01 1.740018680403431772e-01 3.269272243815385393e-01 3.395788506938226536e-01 1.558646707369570894e-01
8.658030482124115523e-02 -5.785456716445801228e-02 -9.067097281116906493e-02 -8.276242016214664654e-02 -7.965433651149428709e-03 8.133846907730099551e-02 1.506267913622630072e-01 3.395788506938226536e-01 4.123419877208271966e-01 2.547279205411384084e-01
2.773713263119589878e-01 1.144001511151586103e-01 -6.975328611264951240e-03 -7.260648997317226128e-02 -6.125444634096763319e-02 -3.084988279547616619e-02 3.775076742551346926e-02 1.558646707369570894e-01 2.547279205411384084e-01 2.642571205953180846e-01
3.289762542537899015e-01 2.282958761724770969e-01 1.123399695822702993e-01 9.152430667916695503e-03 -4.834257842810941314e-02 -8.513765720309576790e-02 -6.730566654708408647e-02 -5.451660425487316053e-03 1.217797838891623435e-01 3.479633844722891944e-01
2.282958761724770969e-01 2.499963827454784737e-01 2.363364919632595096e-01 1.739454376806934821e-01 5.372612700327480950e-02 -2.632299924371915567e-02 -7.300111290727481772e-02 -8.494156434585040105e-02 1.801275100263260293e-02 1.676659681611460673e-01
1.123399695822702993e-01 2.363364919632595096e-01 3.297881391388709504e-01 3.221102238134936346e-01 1.635518046902663114e-01 6.805518618015379828e-02 -2.347683234864543847e-02 -9.156592874374624991e-02 -5.245422341558773210e-02 -1.547586075999615122e-03
9.152430667916695503e-03 1.739454376806934821e-01 3.221102238134936346e-01 3.743375905663038905e-01 2.252945077830643961e-01 1.512947254282006049e-01 5.593241572598917771e-02 -2.800027467111240731e-02 -6.699194694315313559e-02 -1.057370345356017094e-01
-4.834257842810941314e-02 5.372612700327480950e-02 1.635518046902663114e-01 2.252945077830643961e-01 1.676435994602981927e-01 1.585755423379561491e-01 1.173426756501397411e-01 7.658734500800826184e-02 -1.461058300562799103e-02 -9.398104085222461213e-02
-8.513765720309576790e-02 -2.632299924371915567e-02 6.805518618015379828e-02 1.512947254282006049e-01 1.585755423379561491e-01 2.125103107865747576e-01 2.170764424248806390e-01 2.155121067302713245e-01 5.210201032587077896e-02 -7.030757927313976974e-02
-6.730566654708408647e-02 -7.300111290727481772e-02 -2.347683234864543847e-02 5.593241572598917771e-02 1.173426756501397411e-01 2.170764424248806390e-01 2.732929329859062895e-01 3.211680426848581016e-01 1.259367899329787432e-01 8.298574332780916940e-03
-5.451660425487316053e-03 -8.494156434585040105e-02 -9.156592874374624991e-02 -2.800027467111240731e-02 7.658734500800826184e-02 2.155121067302713245e-01 3.211680426848581016e-01 4.372291842456735300e-01 2.182216225410111010e-01 1.326884414592739425e-01
1.217797838891623435e-01 1.801275100263260293e-02 -5.245422341558773210e-02 -6.699194694315313559e-02 -1.461058300562799103e-02 5.210201032587077896e-02 1.259367899329787432e-01 2.182216225410111010e-01 1.674192030197021452e-01 2.197193099201875666e-01
3.479633844722891944e-01 1.676659681611460673e-01 -1.547586075999615122e-03 -1.057370345356017094e-01 -9.398104085222461213e-02 -7.030757927313976974e-02 8.298574332780916940e-03 1.326884414592739425e-01 2.197193099201875666e-01 4.588064027974033676e-01
2.880259132472249295e-01 2.157176880891841231e-01 1.468397813396421780e-01 1.585189710142520872e-02 -6.956336767156404144e-02 -7.630155786695230757e-02 -1.656472509175115765e-02 6.891198883548915743e-02 1.733653579155054469e-01 2.932436916511511615e-01
2.157176880891841231e-01 2.840939340405922997e-01 3.278326532789576087e-01 1.325786659062543615e-01 2.534085633307767149e-02 -5.757417303124182789e-02 -7.620803538948114908e-02 -4.476168089492992691e-02 1.873899944730444966e-02 1.221106822392313412e-01
1.468397813396421780e-01 3.278326532789576087e-01 4.859210436561424151e-01 2.471704795070943927e-01 1.494971002542427319e-01 1.246988510368229712e-02 -8.224271410858433051e-02 -1.126823111995969573e-01 -9.765297364423075610e-02 -2.011059665275824471e-02
1.585189710142520872e-02 1.325786659062543615e-01 2.471704795070943927e-01 1.698357019715792116e-01 1.837079495357797354e-01 1.211662568805568219e-01 3.393254594550267067e-02 -3.135994252633112628e-02 -6.787395795233960860e-02 -6.690737890352418948e-02
-6.956336767156404144e-02 2.534085633307767149e-02 1.494971002542427319e-01 1.837079495357797354e-01 3.256667193985331998e-01 3.134872120149752583e-01 1.947944910317055967e-01 6.619545658571247826e-02 -3.252696110359205861e-02 -9.829607557894690095e-02
-7.630155786695230757e-02 -5.757417303124182789e-02 1.246988510368229712e-02 1.211662568805568219e-01 3.134872120149752583e-01 3.691493028946972732e-01 2.782281783136247300e-01 1.532620976759464515e-01 5.088967934733430731e-02 -3.513545174998303211e-02
-1.656472509175115765e-02 -7.620803538948114908e-02 -8.224271410858433051e-02 3.393254594550267067e-02 1.947944910317055967e-01 2.782281783136247300e-01 2.559141447697678151e-01 1.865833109331209438e-01 1.283964160449503344e-01 7.001535460537088029e-02
6.891198883548915743e-02 -4.476168089492992691e-02 -1.126823111995969573e-01 -3.135994252633112628e-02 6.619545658571247826e-02 1.532620976759464515e-01 1.865833109331209438e-01 1.849389474391740229e-01 1.843064148932381241e-01 1.724896460343490201e-01
1.733653579155054469e-01 1.873899944730444966e-02 -9.765297364423075610e-02 -6.787395795233960860e-02 -3.252696110359205861e-02 5.088967934733430731e-02 1.283964160449503344e-01 1.843064148932381241e-01 2.429651866976506591e-01 2.844742921382251710e-01
2.932436916511511615e-01 1.221106822392313412e-01 -2.011059665275824471e-02 -6.690737890352418948e-02 -9.829607557894690095e-02 -3.513545174998303211e-02 7.001535460537088029e-02 1.724896460343490201e-01 2.844742921382251710e-01 3.934891058846413658e-01
3.284150561767403831e-01 3.144992843683627193e-01 1.752559814286756001e-01 4.201843953129490855e-02 -6.006523347079296971e-02 -9.308389778838431494e-02 -5.060995247507565908e-02 3.393004927823708300e-02 1.379545477480353943e-01 2.200597932184173711e-01
3.144992843683627193e-01 3.732153627137471119e-01 2.628694972874147662e-01 1.409811321546228235e-01 3.836801501736274156e-02 -5.050285118145030061e-02 -8.568811660608756375e-02 -7.189702027868885570e-02 2.210176246414337006e-02 1.517831333312051889e-01
1.752559814286756001e-01 2.628694972874147662e-01 2.390164012689219297e-01 1.915484344818397799e-01 1.487730665670632391e-01 5.402409242928560285e-02 -3.895278432656072709e-02 -9.550680181014203907e-02 -6.244604776346405345e-02 3.990588345819130744e-02
4.201843953129490855e-02 1.409811321546228235e-01 1.915484344818397799e-01 2.262939656942230815e-01 2.556194520882510979e-01 1.746324344301913856e-01 4.481987106971513368e-02 -6.254269933950079574e-02 -9.543558431848399304e-02 -4.473372933207200863e-02
-6.006523347079296971e-02 3.836801501736274156e-02 1.487730665670632391e-01 2.556194520882510979e-01 3.643544737172039749e-01 3.064860786813271010e-01 1.547064298106176072e-01 1.551129350457388506e-02 -8.032902891957158231e-02 -9.196256464267840713e-02
-9.308389778838431494e-02 -5.050285118145030061e-02 5.402409242928560285e-02 1.746324344301913856e-01 3.064860786813271010e-01 3.172623874688252910e-01 2.252838833875865365e-01 1.355281376363466905e-01 2.393984856567425018e-02 -5.390558794212613192e-02
-5.060995247507565908e-02 -8.568811660608756375e-02 -3.895278432656072709e-02 4.481987106971513368e-02 1.547064298106176072e-01 2.252838833875865365e-01 2.409426807897815659e-01 2.485174823269732103e-01 1.648334734115496358e-01 4.355259938598715630e-02
