1.992990364251973068e-01 2.566493991052776202e-01 1.823728140425278366e-01 1.211978587534653790e-01 7.591224332844104250e-02 3.571712203246357742e-02 7.098071360395767117e-03 -2.306961998877486014e-02 -5.043935047087513834e-02 -7.800008561065713275e-02 -8.669090784968222496e-02 -1.334949084645928041e-01
2.566493991052776202e-01 3.455787182920633249e-01 2.493060657131801472e-01 1.714353285872131094e-01 1.167451346302769699e-01 6.998419058611771160e-02 4.572358257085272493e-02 1.222551252568838259e-02 -2.594204693905075715e-02 -6.715625548992742999e-02 -9.424679136584845907e-02 -1.633579418496094726e-01
1.823728140425278366e-01 2.493060657131801472e-01 1.874132977846945103e-01 1.340532165398774511e-01 9.750866563257248876e-02 6.719520213172579248e-02 5.835065381607462687e-02 3.780247513610857091e-02 8.170401218260315082e-03 -2.553795912315058592e-02 -5.589470195693496679e-02 -1.113320244689709471e-01
1.211978587534653790e-01 1.714353285872131094e-01 1.340532165398774511e-01 1.026706571639326021e-01 8.247699892489387952e-02 6.687178027942211611e-02 7.234119068695882282e-02 6.316237679502015312e-02 4.038688826738184162e-02 1.250882309532207887e-02 -2.207740348097816940e-02 -6.716629419414961444e-02
7.591224332844104250e-02 1.167451346302769699e-01 9.750866563257248876e-02 8.247699892489387952e-02 7.622868018453926586e-02 7.351550808246047619e-02 9.361927788270638096e-02 9.437959522653388555e-02 7.559220115523590522e-02 5.034816137551809123e-02 8.128564075276298664e-03 -3.186850404854442431e-02
3.571712203246357742e-02 6.998419058611771160e-02 6.719520213172579248e-02 6.687178027942211611e-02 7.351550808246047619e-02 8.370304011360460428e-02 1.196099378754425374e-01 1.301136514790856569e-01 1.138168663360633326e-01 8.962966784635142958e-02 3.794519008472134469e-02 9.632951758889837963e-04
7.098071360395767117e-03 4.572358257085272493e-02 5.835065381607462687e-02 7.234119068695882282e-02 9.361927788270638096e-02 1.196099378754425374e-01 1.833842555297107713e-01 2.072159558635964793e-01 1.877306660882316625e-01 1.565534913974124809e-01 7.927977584872346328e-02 3.375129361045909465e-02
-2.306961998877486014e-02 1.222551252568838259e-02 3.780247513610857091e-02 6.316237679502015312e-02 9.437959522653388555e-02 1.301136514790856569e-01 2.072159558635964793e-01 2.434105062724916668e-01 2.260208161833014984e-01 1.937804231633575569e-01 1.053615995133131145e-01 6.001227269853300766e-02
-5.043935047087513834e-02 -2.594204693905075715e-02 8.170401218260315082e-03 4.038688826738184162e-02 7.559220115523590522e-02 1.138168663360633326e-01 1.877306660882316625e-01 2.260208161833014984e-01 2.197123825941509623e-01 1.947110743942722100e-01 1.119718223975518512e-01 7.577411429683722499e-02
-7.800008561065713275e-02 -6.715625548992742999e-02 -2.553795912315058592e-02 1.250882309532207887e-02 5.034816137551809123e-02 8.962966784635142958e-02 1.565534913974124809e-01 1.937804231633575569e-01 1.947110743942722100e-01 1.814946996058137696e-01 1.116805951664959773e-01 8.854192402545039975e-02
-8.669090784968222496e-02 -9.424679136584845907e-02 -5.589470195693496679e-02 -2.207740348097816940e-02 8.128564075276298664e-03 3.794519008472134469e-02 7.927977584872346328e-02 1.053615995133131145e-01 1.119718223975518512e-01 1.116805951664959773e-01 7.819870070364765002e-02 7.721209364598466407e-02
-1.334949084645928041e-01 -1.633579418496094726e-01 -1.113320244689709471e-01 -6.716629419414961444e-02 -3.186850404854442431e-02 9.632951758889837963e-04 3.375129361045909465e-02 6.001227269853300766e-02 7.577411429683722499e-02 8.854192402545039975e-02 7.721209364598466407e-02 9.890602533015409314e-02
2.632431964360808507e-01 2.080540030227415182e-01 1.618984149573884090e-01 1.504156671695960346e-01 7.268626474808834170e-02 2.701140367254428049e-02 -1.733401687828830390e-02 -5.462066748696198931e-02 -9.018341817409694650e-02 -1.026527166385724776e-01 -1.453248621307288158e-01 -2.103628523752719692e-01
2.080540030227415182e-01 1.749682481284051683e-01 1.466345413311830326e-01 1.486096280317089069e-01 8.388236722576725146e-02 5.518679620338713676e-02 2.440992418791835400e-02 -9.401684066098953130e-03 -4.191753832877906372e-02 -6.353079468284263120e-02 -1.038661787321974728e-01 -1.601727900714659814e-01
1.618984149573884090e-01 1.466345413311830326e-01 1.371307233394651881e-01 1.543100064793020143e-01 9.986389827587571766e-02 8.733078304381855506e-02 6.913662267656603411e-02 3.742131251074302944e-02 6.612238027511208906e-03 -2.578038918893833104e-02 -6.610244665630335414e-02 -1.168305505279056689e-01
1.504156671695960346e-01 1.486096280317089069e-01 1.543100064793020143e-01 1.914282750300806413e-01 1.366515672722746766e-01 1.381734538666490320e-01 1.289733018769411710e-01 9.277275885938865430e-02 5.738083516986871441e-02 7.291239782735243515e-03 -4.166818992999153648e-02 -9.802209531863420588e-02
7.268626474808834170e-02 8.388236722576725146e-02 9.986389827587571766e-02 1.366515672722746766e-01 1.094357284829170773e-01 1.258438353216912442e-01 1.302863349885118316e-01 1.055576817417754332e-01 8.123556764579029088e-02 3.633450126021250254e-02 8.827759108882026785e-04 -3.603691070246139994e-02
2.701140367254428049e-02 5.518679620338713676e-02 8.733078304381855506e-02 1.381734538666490320e-01 1.258438353216912442e-01 1.640156251111528074e-01 1.838836127212776783e-01 1.599776300000414764e-01 1.361884418828474552e-01 7.837104415285386927e-02 4.186135716882126434e-02 9.043185260633742478e-03
-1.733401687828830390e-02 2.440992418791835400e-02 6.913662267656603411e-02 1.289733018769411710e-01 1.302863349885118316e-01 1.838836127212776783e-01 2.190442691111599005e-01 1.986517071154514369e-01 1.770712521500203418e-01 1.112490065387951588e-01 7.635306503281705237e-02 4.988766284616097391e-02
-5.462066748696198931e-02 -9.401684066098953130e-03 3.742131251074302944e-02 9.277275885938865430e-02 1.055576817417754332e-01 1.599776300000414764e-01 1.986517071154514369e-01 1.901315191476880273e-01 1.770469966531964257e-01 1.179004555461269227e-01 9.181077785382199541e-02 7.682816118274030104e-02
-9.018341817409694650e-02 -4.191753832877906372e-02 6.612238027511208906e-03 5.738083516986871441e-02 8.123556764579029088e-02 1.361884418828474552e-01 1.770712521500203418e-01 1.770469966531964257e-01 1.742318755479223547e-01 1.229709478286481888e-01 1.059655895007328291e-01 1.022876522117169701e-01
-1.026527166385724776e-01 -6.353079468284263120e-02 -2.578038918893833104e-02 7.291239782735243515e-03 3.633450126021250254e-02 7.837104415285386927e-02 1.112490065387951588e-01 1.179004555461269227e-01 1.229709478286481888e-01 9.473306301223319292e-02 9.225739987276385112e-02 1.014352829754815444e-01
-1.453248621307288158e-01 -1.038661787321974728e-01 -6.610244665630335414e-02 -4.166818992999153648e-02 8.827759108882026785e-04 4.186135716882126434e-02 7.635306503281705237e-02 9.181077785382199541e-02 1.059655895007328291e-01 9.225739987276385112e-02 1.044217464762032532e-01 1.299366087564302052e-01
-2.103628523752719692e-01 -1.601727900714659814e-01 -1.168305505279056689e-01 -9.802209531863420588e-02 -3.603691070246139994e-02 9.043185260633742478e-03 4.988766284616097391e-02 7.682816118274030104e-02 1.022876522117169701e-01 1.014352829754815444e-01 1.299366087564302052e-01 1.772157301766937310e-01
1.957133354979539996e-01 1.843446321195936766e-01 1.777462060871496385e-01 1.172365175862442876e-01 6.739150955701124490e-02 1.145782659475197592e-02 -3.339190659308227671e-02 -7.524446275377472126e-02 -1.000819874536165999e-01 -1.141846098759840833e-01 -1.225591420063819048e-01 -1.485228219963253549e-01
1.843446321195936766e-01 1.911897592949862168e-01 2.030937261798088644e-01 1.521044080527613751e-01 1.131016692506805477e-01 5.583367916871573994e-02 9.160159508414391499e-03 -2.830689453924838811e-02 -5.615834355905505171e-02 -7.726196603013685271e-02 -9.533550448371724828e-02 -1.290242573525905434e-01
1.777462060871496385e-01 2.030937261798088644e-01 2.398415522649647580e-01 1.986850514756223762e-01 1.706415858160167387e-01 1.093753963066309287e-01 5.880503811285260618e-02 2.508576459898548966e-02 -7.351478195938817954e-03 -3.755122828974465088e-02 -6.770583988778416940e-02 -1.115998194431498669e-01
1.172365175862442876e-01 1.521044080527613751e-01 1.986850514756223762e-01 1.851087749016323281e-01 1.792926393366051085e-01 1.325023308334535577e-01 9.299639984956761807e-02 7.346323960049790103e-02 4.628331940045081472e-02 1.584098739703526659e-02 -1.797723126331089022e-02 -5.960710071005773797e-02
6.739150955701124490e-02 1.131016692506805477e-01 1.706415858160167387e-01 1.792926393366051085e-01 1.961788314519300747e-01 1.611092619207999399e-01 1.297879136750205720e-01 1.222479611687825041e-01 9.843038146019009171e-02 6.623546313043338074e-02 2.734927120265698286e-02 -1.437836326199882532e-02
1.145782659475197592e-02 5.583367916871573994e-02 1.093753963066309287e-01 1.325023308334535577e-01 1.611092619207999399e-01 1.461800186751455177e-01 1.300423954870415788e-01 1.345654491449813916e-01 1.187396753456096826e-01 9.212428352582135993e-02 5.787139626630073697e-02 2.565132875136280285e-02
-3.339190659308227671e-02 9.160159508414391499e-03 5.880503811285260618e-02 9.299639984956761807e-02 1.297879136750205720e-01 1.300423954870415788e-01 1.280001699963534967e-01 1.432852614798341140e-01 1.342234128676988436e-01 1.119989769250254175e-01 8.150707343161252283e-02 5.718361434056649234e-02
-7.524446275377472126e-02 -2.830689453924838811e-02 2.508576459898548966e-02 7.346323960049790103e-02 1.222479611687825041e-01 1.345654491449813916e-01 1.432852614798341140e-01 1.712844494459291045e-01 1.672125738928998129e-01 1.452634042323817098e-01 1.130624513655266311e-01 9.148996115206156632e-02
-1.000819874536165999e-01 -5.615834355905505171e-02 -7.351478195938817954e-03 4.628331940045081472e-02 9.843038146019009171e-02 1.187396753456096826e-01 1.342234128676988436e-01 1.672125738928998129e-01 1.702606281845243097e-01 1.527878688971449073e-01 1.239475120385433171e-01 1.077149380771319775e-01
-1.141846098759840833e-01 -7.726196603013685271e-02 -3.755122828974465088e-02 1.584098739703526659e-02 6.623546313043338074e-02 9.212428352582135993e-02 1.119989769250254175e-01 1.452634042323817098e-01 1.527878688971449073e-01 1.432351566789745179e-01 1.216349172947452928e-01 1.126717887602918799e-01
-1.225591420063819048e-01 -9.533550448371724828e-02 -6.770583988778416940e-02 -1.797723126331089022e-02 2.734927120265698286e-02 5.787139626630073697e-02 8.150707343161252283e-02 1.130624513655266311e-01 1.239475120385433171e-01 1.216349172947452928e-01 1.104223334505775034e-01 1.107545336748965992e-01
-1.485228219963253549e-01 -1.290242573525905434e-01 -1.115998194431498669e-01 -5.960710071005773797e-02 -1.437836326199882532e-02 2.565132875136280285e-02 5.718361434056649234e-02 9.148996115206156632e-02 1.077149380771319775e-01 1.126717887602918799e-01 1.107545336748965992e-01 1.225849901570278955e-01
9.586017519889114546e-02 1.029941400797351053e-01 1.192097441976196076e-01 1.080655965645541117e-01 5.907319984351114273e-02 1.171905301179485426e-03 -4.763113571334910007e-02 -8.310813300698319250e-02 -8.840469884617881136e-02 -9.607612841318718955e-02 -9.306865263881974881e-02 -9.233297433495477047e-02
1.029941400797351053e-01 1.308110025322658521e-01 1.739113334273198475e-01 1.785073036646495914e-01 1.195612319264675316e-01 3.536335382794171533e-02 -8.801225816858992967e-03 -4.194028941457991766e-02 -5.499029197437545202e-02 -6.786864939882829295e-02 -7.396558750154683115e-02 -8.446702616545335995e-02
1.192097441976196076e-01 1.739113334273198475e-01 2.558752944931464990e-01 2.812395043096914682e-01 2.043827812568664304e-01 8.073767801716698334e-02 3.912350870490853560e-02 6.517223453605320779e-03 -1.746096983843785019e-02 -3.815270529376957320e-02 -5.614830182164406991e-02 -8.120751408390862458e-02
1.080655965645541117e-01 1.785073036646495914e-01 2.812395043096914682e-01 3.321812710175162109e-01 2.533489423423543330e-01 1.133304870238666384e-01 8.454372665756837435e-02 6.062130033521249961e-02 2.990612944332942530e-02 5.126452239737440061e-03 -2.221168518329934977e-02 -5.767954338985625123e-02
5.907319984351114273e-02 1.195612319264675316e-01 2.043827812568664304e-01 2.533489423423543330e-01 2.073314032512851846e-01 1.035173862518374566e-01 9.799219327975122740e-02 9.120321259707607486e-02 6.482439514102278366e-02 4.478099580800302959e-02 1.815970843796076845e-02 -1.467562490858873199e-02
1.171905301179485426e-03 3.536335382794171533e-02 8.073767801716698334e-02 1.133304870238666384e-01 1.035173862518374566e-01 6.325063748728382285e-02 7.953524463915366549e-02 8.931463747172349588e-02 7.404824239379137474e-02 6.348346744431954125e-02 4.536510824372742834e-02 2.473607882129146007e-02
-4.763113571334910007e-02 -8.801225816858992967e-03 3.912350870490853560e-02 8.454372665756837435e-02 9.799219327975122740e-02 7.953524463915366549e-02 1.282682217869286490e-01 1.605490859140867310e-01 1.420283357168922456e-01 1.305714500476677642e-01 1.049493036501250864e-01 7.826586063259108328e-02
-8.310813300698319250e-02 -4.194028941457991766e-02 6.517223453605320779e-03 6.062130033521249961e-02 9.120321259707607486e-02 8.931463747172349588e-02 1.605490859140867310e-01 2.107098932549542614e-01 1.905119094822408099e-01 1.784183960143504999e-01 1.473429570835180502e-01 1.165302366668604650e-01
-8.840469884617881136e-02 -5.499029197437545202e-02 -1.746096983843785019e-02 2.990612944332942530e-02 6.482439514102278366e-02 7.404824239379137474e-02 1.420283357168922456e-01 1.905119094822408099e-01 1.780801642557579001e-01 1.705198847041842491e-01 1.432168293570948436e-01 1.163749358552280400e-01
-9.607612841318718955e-02 -6.786864939882829295e-02 -3.815270529376957320e-02 5.126452239737440061e-03 4.478099580800302959e-02 6.348346744431954125e-02 1.305714500476677642e-01 1.784183960143504999e-01 1.705198847041842491e-01 1.688476553019989113e-01 1.447477910499637976e-01 1.205252407437032436e-01
-9.306865263881974881e-02 -7.396558750154683115e-02 -5.614830182164406991e-02 -2.221168518329934977e-02 1.815970843796076845e-02 4.536510824372742834e-02 1.049493036501250864e-01 1.473429570835180502e-01 1.432168293570948436e-01 1.447477910499637976e-01 1.281027265049224373e-01 1.103794192257678830e-01
-9.233297433495477047e-02 -8.446702616545335995e-02 -8.120751408390862458e-02 -5.767954338985625123e-02 -1.467562490858873199e-02 2.473607882129146007e-02 7.826586063259108328e-02 1.165302366668604650e-01 1.163749358552280400e-01 1.205252407437032436e-01 1.103794192257678830e-01 1.006815549150490430e-01
2.269877702705380695e-01 1.950357472341821552e-01 1.289548804687808969e-01 1.083860370377463106e-01 6.468384269615393145e-02 3.125079794801161048e-02 -3.989202588587837175e-03 -3.882345794497867736e-02 -8.191723891722105244e-02 -1.101644639017845817e-01 -1.765151568169349983e-01 -2.160706448615515585e-01
1.950357472341821552e-01 1.855777434968410022e-01 1.392829668224742912e-01 1.389778581435220650e-01 1.034759722695397788e-01 7.837882946619409430e-02 4.104280522352023869e-02 5.992015028095814579e-03 -3.109220867407368194e-02 -6.625638160874722238e-02 -1.269529395671815386e-01 -1.708386555096333970e-01
1.289548804687808969e-01 1.392829668224742912e-01 1.224938351317771401e-01 1.427048075818386219e-01 1.214377716000421548e-01 1.084067821046920399e-01 7.569966311375528334e-02 4.689481679686494098e-02 2.237487685245632962e-02 -1.290875214231005166e-02 -5.760263008295002374e-02 -9.788539689699604640e-02
1.083860370377463106e-01 1.389778581435220650e-01 1.427048075818386219e-01 1.886088602335596054e-01 1.741174984901459610e-01 1.678521723029766932e-01 1.291579944024546789e-01 9.718224734309535706e-02 7.662922491703104411e-02 3.100119956971769675e-02 -1.248082982128456697e-02 -6.170737944838523142e-02
6.468384269615393145e-02 1.034759722695397788e-01 1.214377716000421548e-01 1.741174984901459610e-01 1.718292527581106177e-01 1.742092498659868482e-01 1.403162069307299920e-01 1.133627167259056157e-01 1.008314305581308745e-01 5.836569671093507633e-02 2.692734409293524173e-02 -1.706096893215442931e-02
3.125079794801161048e-02 7.837882946619409430e-02 1.084067821046920399e-01 1.678521723029766932e-01 1.742092498659868482e-01 1.862037277540914970e-01 1.556968753752917545e-01 1.318722095752102585e-01 1.253346432201865035e-01 8.344763266722642070e-02 6.053434062976186664e-02 1.910367843370126134e-02
-3.989202588587837175e-03 4.104280522352023869e-02 7.569966311375528334e-02 1.291579944024546789e-01 1.403162069307299920e-01 1.556968753752917545e-01 1.365714198436523974e-01 1.215148909227913299e-01 1.220601169400985925e-01 8.883470255750208766e-02 7.766544414828605025e-02 4.661323893082335718e-02
-3.882345794497867736e-02 5.992015028095814579e-03 4.689481679686494098e-02 9.718224734309535706e-02 1.133627167259056157e-01 1.318722095752102585e-01 1.215148909227913299e-01 1.154917681648190142e-01 1.237011684941596856e-01 9.786677766837934000e-02 9.783157896028171763e-02 7.559473393694700338e-02
-8.191723891722105244e-02 -3.109220867407368194e-02 2.237487685245632962e-02 7.662922491703104411e-02 1.008314305581308745e-01 1.253346432201865035e-01 1.220601169400985925e-01 1.237011684941596856e-01 1.419337774125621343e-01 1.211169667768810243e-01 1.334958678030367940e-01 1.176396671598972377e-01
-1.101644639017845817e-01 -6.625638160874722238e-02 -1.290875214231005166e-02 3.100119956971769675e-02 5.836569671093507633e-02 8.344763266722642070e-02 8.883470255750208766e-02 9.786677766837934000e-02 1.211169667768810243e-01 1.137376526930267973e-01 1.385521525655151187e-01 1.350135211744076247e-01
-1.765151568169349983e-01 -1.269529395671815386e-01 -5.760263008295002374e-02 -1.248082982128456697e-02 2.692734409293524173e-02 6.053434062976186664e-02 7.766544414828605025e-02 9.783157896028171763e-02 1.334958678030367940e-01 1.385521525655151187e-01 1.863358799632803542e-01 1.965588580958220200e-01
-2.160706448615515585e-01 -1.708386555096333970e-01 -9.788539689699604640e-02 -6.170737944838523142e-02 -1.706096893215442931e-02 1.910367843370126134e-02 4.661323893082335718e-02 7.559473393694700338e-02 1.176396671598972377e-01 1.350135211744076247e-01 1.965588580958220200e-01 2.242283122777432025e-01
1.713899986908570539e-01 1.431743752950216941e-01 1.174445081962622317e-01 8.193780517398019381e-02 1.616419826437305585e-02 -3.062217244355897386e-02 -6.048490964531967606e-02 -7.921746410414004513e-02 -7.903302257901556604e-02 -1.254564576697090317e-01 -1.768868243706454013e-01 -1.777871748904861493e-01
1.431743752950216941e-01 1.430848373690751241e-01 1.522813985409217918e-01 1.524034033178132130e-01 8.273793019258979253e-02 2.465420582750801892e-02 -1.318240759975040748e-02 -3.724851493647247241e-02 -4.733117658821554830e-02 -8.409524698100269424e-02 -1.249920162463402235e-01 -1.337764618655558624e-01
1.174445081962622317e-01 1.522813985409217918e-01 2.101933073849588385e-01 2.587199285920551706e-01 1.775057171226740726e-01 9.991482605791587868e-02 4.882739424521565647e-02 1.588110150130623427e-02 -8.959047322953448203e-03 -3.641765302677753974e-02 -6.758692972641762442e-02 -8.757741525835843754e-02
8.193780517398019381e-02 1.524034033178132130e-01 2.587199285920551706e-01 3.644946302307863206e-01 2.735001540014501686e-01 1.777463330448582068e-01 1.148472840271327899e-01 7.413397505430643908e-02 3.443302071429149569e-02 1.903920231308771360e-02 4.008161421114876362e-04 -3.118522875922824511e-02
1.616419826437305585e-02 8.273793019258979253e-02 1.775057171226740726e-01 2.735001540014501686e-01 2.250854221828463286e-01 1.599888759878403954e-01 1.162113108616963375e-01 8.754664975427556284e-02 5.370377701216647037e-02 5.483206637018870483e-02 5.460349437931637934e-02 2.812554686628724460e-02
-3.062217244355897386e-02 2.465420582750801892e-02 9.991482605791587868e-02 1.777463330448582068e-01 1.599888759878403954e-01 1.263234490237837016e-01 1.020749365217826776e-01 8.554013695750900537e-02 5.996210798399703723e-02 7.206795538500891662e-02 8.421157517280822291e-02 6.462405637705007089e-02
-6.048490964531967606e-02 -1.318240759975040748e-02 4.882739424521565647e-02 1.148472840271327899e-01 1.162113108616963375e-01 1.020749365217826776e-01 9.138989638142575034e-02 8.322947535548873288e-02 6.341769712971324913e-02 8.260318560078425132e-02 1.026134803621530506e-01 8.752270213621900219e-02
-7.921746410414004513e-02 -3.724851493647247241e-02 1.588110150130623427e-02 7.413397505430643908e-02 8.754664975427556284e-02 8.554013695750900537e-02 8.322947535548873288e-02 8.088147320477802327e-02 6.523240082837093723e-02 8.916476214492445596e-02 1.143154926137264910e-01 1.019203211872266035e-01
-7.903302257901556604e-02 -4.733117658821554830e-02 -8.959047322953448203e-03 3.443302071429149569e-02 5.370377701216647037e-02 5.996210798399703723e-02 6.341769712971324913e-02 6.523240082837093723e-02 5.559604306496623155e-02 7.941375185881123511e-02 1.044533121444845836e-01 9.557452616074700591e-02
-1.254564576697090317e-01 -8.409524698100269424e-02 -3.641765302677753974e-02 1.903920231308771360e-02 5.483206637018870483e-02 7.206795538500891662e-02 8.260318560078425132e-02 8.916476214492445596e-02 7.941375185881123511e-02 1.177271483678134639e-01 1.579616190913301077e-01 1.466766570123695657e-01
-1.768868243706454013e-01 -1.249920162463402235e-01 -6.758692972641762442e-02 4.008161421114876362e-04 5.460349437931637934e-02 8.421157517280822291e-02 1.026134803621530506e-01 1.143154926137264910e-01 1.044533121444845836e-01 1.579616190913301077e-01 2.164349593599548260e-01 2.031685528295872345e-01
-1.777871748904861493e-01 -1.337764618655558624e-01 -8.757741525835843754e-02 -3.118522875922824511e-02 2.812554686628724460e-02 6.462405637705007089e-02 8.752270213621900219e-02 1.019203211872266035e-01 9.557452616074700591e-02 1.466766570123695657e-01 2.031685528295872345e-01 1.973988347387531650e-01
1.726641134110409870e-01 1.450981364026631137e-01 1.230398823606821679e-01 1.075223056585658254e-01 9.229434935691128994e-02 4.805590638413418519e-02 1.287682704937469051e-02 -2.561124795509275853e-02 -6.870765501324375968e-02 -1.033521156929257251e-01 -1.546348465480664180e-01 -1.982816862114092082e-01
1.450981364026631137e-01 1.360624707760479390e-01 1.284470678966676549e-01 1.249361181032338231e-01 1.197748564378245395e-01 7.597342668036738411e-02 4.787298096264402947e-02 2.207450045836348296e-02 -1.436835991799450749e-02 -5.483021283152372111e-02 -1.058633087942437573e-01 -1.518155756466103290e-01
1.230398823606821679e-01 1.284470678966676549e-01 1.345201164186580201e-01 1.422948652824532478e-01 1.460362783397192166e-01 1.013634665442706834e-01 7.851117858295965368e-02 6.307705453927957284e-02 3.200015824922694541e-02 -1.393859797687953261e-02 -6.576156069700836437e-02 -1.146628527234655748e-01
1.075223056585658254e-01 1.249361181032338231e-01 1.422948652824532478e-01 1.619089420089597497e-01 1.745277193928438109e-01 1.271977455504803567e-01 1.077393411006134505e-01 1.005458929448570654e-01 7.320587685411922285e-02 2.128683716306637580e-02 -3.282916028326129942e-02 -8.605377931557191273e-02
9.229434935691128994e-02 1.197748564378245395e-01 1.460362783397192166e-01 1.745277193928438109e-01 1.969026360201633907e-01 1.485181192963699603e-01 1.325729774352705503e-01 1.328338678785462024e-01 1.090632896803542529e-01 5.248095868986818457e-02 -2.935229375513631177e-03 -5.942906669122134666e-02
4.805590638413418519e-02 7.597342668036738411e-02 1.013634665442706834e-01 1.271977455504803567e-01 1.485181192963699603e-01 1.180492832341242804e-01 1.123794833908021429e-01 1.205404215571202614e-01 1.078764902061628145e-01 6.487336903784243769e-02 2.610303140805693076e-02 -1.507581807480680783e-02
1.287682704937469051e-02 4.787298096264402947e-02 7.851117858295965368e-02 1.077393411006134505e-01 1.325729774352705503e-01 1.123794833908021429e-01 1.168692673454748698e-01 1.358474884699563678e-01 1.320584038080638012e-01 9.297658248362311584e-02 6.244066337041569159e-02 2.780707719726285831e-02
-2.561124795509275853e-02 2.207450045836348296e-02 6.307705453927957284e-02 1.005458929448570654e-01 1.328338678785462024e-01 1.205404215571202614e-01 1.358474884699563678e-01 1.705068257524795516e-01 1.769798854250584919e-01 1.371922762999291390e-01 1.118764577959109607e-01 8.019776118238547413e-02
-6.870765501324375968e-02 -1.436835991799450749e-02 3.200015824922694541e-02 7.320587685411922285e-02 1.090632896803542529e-01 1.078764902061628145e-01 1.320584038080638012e-01 1.769798854250584919e-01 1.971447928122362636e-01 1.654805960946741372e-01 1.520078732213612505e-01 1.300929385243882741e-01
-1.033521156929257251e-01 -5.483021283152372111e-02 -1.393859797687953261e-02 2.128683716306637580e-02 5.248095868986818457e-02 6.487336903784243769e-02 9.297658248362311584e-02 1.371922762999291390e-01 1.654805960946741372e-01 1.551272490334600351e-01 1.614511095866756341e-01 1.575770853760538326e-01
-1.546348465480664180e-01 -1.058633087942437573e-01 -6.576156069700836437e-02 -3.282916028326129942e-02 -2.935229375513631177e-03 2.610303140805693076e-02 6.244066337041569159e-02 1.118764577959109607e-01 1.520078732213612505e-01 1.614511095866756341e-01 1.920708453369755486e-01 2.085324374916324164e-01
-1.982816862114092082e-01 -1.518155756466103290e-01 -1.146628527234655748e-01 -8.605377931557191273e-02 -5.942906669122134666e-02 -1.507581807480680783e-02 2.780707719726285831e-02 8.019776118238547413e-02 1.300929385243882741e-01 1.575770853760538326e-01 2.085324374916324164e-01 2.481734578503791422e-01
1.023879240618491143e-01 1.111665649308143100e-01 9.446758158264166594e-02 1.274355966117639294e-01 5.206561843007992407e-02 -3.825156052139408805e-03 -4.976547978913498788e-02 -6.544293769831641128e-02 -7.162201587466929253e-02 -1.199616031328837734e-01 -1.047015466948747059e-01 -9.847078755596808119e-02
1.111665649308143100e-01 1.302951527281758226e-01 1.220395131885602114e-01 1.815346561886979626e-01 9.093547256230086195e-02 3.549541089498514657e-02 -1.541919773503043489e-02 -4.383523589063230419e-02 -5.998012055876801585e-02 -1.092554049146464007e-01 -1.000596830946758053e-01 -9.985383021424434902e-02
9.446758158264166594e-02 1.220395131885602114e-01 1.299959200300336570e-01 2.148522233870537312e-01 1.235640705563358088e-01 8.215727384194126959e-02 3.732575482048632043e-02 -2.097328767273782136e-03 -2.881749945530896057e-02 -6.794253779606218568e-02 -6.915987835638680303e-02 -7.667583006981060212e-02
1.274355966117639294e-01 1.815346561886979626e-01 2.148522233870537312e-01 3.858828687320411399e-01 2.380363800629822779e-01 1.899015738732103831e-01 1.270674432504134976e-01 5.073823488016684924e-02 -5.189034320218113665e-03 -5.400206050414796399e-02 -6.941075288459098991e-02 -9.117771534853456872e-02
5.206561843007992407e-02 9.093547256230086195e-02 1.235640705563358088e-01 2.380363800629822779e-01 1.666231391564350073e-01 1.608555400959316428e-01 1.341115509502698866e-01 7.824007011235359355e-02 3.417448899509518273e-02 1.865160878562590122e-02 -2.616909587207871032e-03 -2.419765364862556251e-02
-3.825156052139408805e-03 3.549541089498514657e-02 8.215727384194126959e-02 1.899015738732103831e-01 1.608555400959316428e-01 1.965278243743466269e-01 1.961791200709750993e-01 1.379630231824071351e-01 8.773301193411089938e-02 9.942070905520791757e-02 6.393425694588349140e-02 3.418825566090712142e-02
-4.976547978913498788e-02 -1.541919773503043489e-02 3.732575482048632043e-02 1.270674432504134976e-01 1.341115509502698866e-01 1.961791200709750993e-01 2.206284424529701971e-01 1.688706087204305262e-01 1.202029717945033577e-01 1.526861069860695475e-01 1.102372328305699367e-01 7.789107204415668395e-02
-6.544293769831641128e-02 -4.383523589063230419e-02 -2.097328767273782136e-03 5.073823488016684924e-02 7.824007011235359355e-02 1.379630231824071351e-01 1.688706087204305262e-01 1.394229345400615216e-01 1.075198100100904497e-01 1.459084210913821900e-01 1.102762028486365120e-01 8.465126022331523337e-02
-7.162201587466929253e-02 -5.998012055876801585e-02 -2.881749945530896057e-02 -5.189034320218113665e-03 3.417448899509518273e-02 8.773301193411089938e-02 1.202029717945033577e-01 1.075198100100904497e-01 9.128908204579430641e-02 1.327837672596728635e-01 1.038087362508055139e-01 8.389887063340716045e-02
-1.199616031328837734e-01 -1.092554049146464007e-01 -6.794253779606218568e-02 -5.400206050414796399e-02 1.865160878562590122e-02 9.942070905520791757e-02 1.526861069860695475e-01 1.459084210913821900e-01 1.327837672596728635e-01 2.032430469802715689e-01 1.619248489913771016e-01 1.342820378128166681e-01
-1.047015466948747059e-01 -1.000596830946758053e-01 -6.915987835638680303e-02 -6.941075288459098991e-02 -2.616909587207871032e-03 6.393425694588349140e-02 1.102372328305699367e-01 1.102762028486365120e-01 1.038087362508055139e-01 1.619248489913771016e-01 1.325829797306241342e-01 1.131363883403250226e-01
-9.847078755596808119e-02 -9.985383021424434902e-02 -7.667583006981060212e-02 -9.117771534853456872e-02 -2.419765364862556251e-02 3.418825566090712142e-02 7.789107204415668395e-02 8.465126022331523337e-02 8.389887063340716045e-02 1.342820378128166681e-01 1.131363883403250226e-01 1.011206851673967233e-01
1.942677134338566258e-01 1.896190731520995265e-01 1.411831872377954378e-01 7.345981785964461608e-02 4.694622169101862752e-02 1.835898352599083308e-02 -6.580294981342674210e-03 -2.934185032885507083e-02 -5.391105416652287874e-02 -9.457180171165033289e-02 -1.680025751743126072e-01 -2.180207372354784345e-01
1.896190731520995265e-01 2.133835997162749076e-01 1.811386830466633346e-01 1.167624102942647069e-01 1.100563975110041004e-01 8.442468322853609319e-02 5.434554378729183899e-02 2.172622478150675052e-02 -1.398383139266448465e-02 -5.911176387485480438e-02 -1.297546987971806565e-01 -1.880762610487340947e-01
1.411831872377954378e-01 1.811386830466633346e-01 1.737701418939200937e-01 1.285524673577582710e-01 1.417462106944855360e-01 1.245451693682766009e-01 9.655354386099447572e-02 6.254303913016949490e-02 2.504450008682172074e-02 -1.391278733643822041e-02 -6.652548014241567442e-02 -1.195401515987341845e-01
7.345981785964461608e-02 1.167624102942647069e-01 1.285524673577582710e-01 1.101867116222410847e-01 1.377530791559541112e-01 1.309355062789375468e-01 1.098767679146989557e-01 8.143632999064912004e-02 5.026266934585180146e-02 2.436252146469388563e-02 -2.988418768656263269e-03 -4.079611388118542514e-02
4.694622169101862752e-02 1.100563975110041004e-01 1.417462106944855360e-01 1.377530791559541112e-01 1.894156208261005836e-01 1.888205386109506612e-01 1.646943087640240777e-01 1.290842938756137093e-01 9.053827706346570525e-02 6.505066513203972001e-02 4.766218961674517640e-02 7.608793087704880664e-03
1.835898352599083308e-02 8.442468322853609319e-02 1.245451693682766009e-01 1.309355062789375468e-01 1.888205386109506612e-01 1.962087193135999275e-01 1.755291863486667936e-01 1.411257991168055614e-01 1.038636894137606320e-01 8.314217977845200780e-02 7.626911727775267935e-02 4.217504855690773491e-02
-6.580294981342674210e-03 5.434554378729183899e-02 9.655354386099447572e-02 1.098767679146989557e-01 1.646943087640240777e-01 1.755291863486667936e-01 1.627135806970938237e-01 1.343518398188644214e-01 1.026753090177960903e-01 8.815831422320460908e-02 9.041140241139816736e-02 6.492200033901603107e-02
-2.934185032885507083e-02 2.172622478150675052e-02 6.254303913016949490e-02 8.143632999064912004e-02 1.290842938756137093e-01 1.411257991168055614e-01 1.343518398188644214e-01 1.153229912966878129e-01 9.239893940892342228e-02 8.538018383231413266e-02 9.623303326694179760e-02 8.086086082017515664e-02
-5.391105416652287874e-02 -1.398383139266448465e-02 2.504450008682172074e-02 5.026266934585180146e-02 9.053827706346570525e-02 1.038636894137606320e-01 1.026753090177960903e-01 9.239893940892342228e-02 7.975423070016388061e-02 8.145360893897990451e-02 1.019971258645820389e-01 9.780724115438962918e-02
-9.457180171165033289e-02 -5.911176387485480438e-02 -1.391278733643822041e-02 2.436252146469388563e-02 6.505066513203972001e-02 8.314217977845200780e-02 8.815831422320460908e-02 8.538018383231413266e-02 8.145360893897990451e-02 9.417073951802601428e-02 1.310842330315926119e-01 1.393110612898355027e-01
-1.680025751743126072e-01 -1.297546987971806565e-01 -6.652548014241567442e-02 -2.988418768656263269e-03 4.766218961674517640e-02 7.626911727775267935e-02 9.041140241139816736e-02 9.623303326694179760e-02 1.019971258645820389e-01 1.310842330315926119e-01 1.982862761888637970e-01 2.247302273632685310e-01
-2.180207372354784345e-01 -1.880762610487340947e-01 -1.195401515987341845e-01 -4.079611388118542514e-02 7.608793087704880664e-03 4.217504855690773491e-02 6.492200033901603107e-02 8.086086082017515664e-02 9.780724115438962918e-02 1.393110612898355027e-01 2.247302273632685310e-01 2.725196747931715735e-01
1.359240089274212082e-01 1.758944153105351793e-01 1.528932166434074369e-01 9.860188161441689469e-02 4.508409322618957271e-02 -6.156533425022464763e-03 -3.960695980620376755e-02 -6.530049015754582631e-02 -8.828294046282135488e-02 -1.105541334445636487e-01 -9.753397420158005371e-02 -1.086392540302936333e-01
1.758944153105351793e-01 2.456536474502848677e-01 2.302906058028804381e-01 1.710309554801712206e-01 1.129185743589643937e-01 4.416550996335975171e-02 -9.982670947255923785e-03 -4.895281048756169873e-02 -8.122627795149930940e-02 -1.113161240869740415e-01 -1.064198944514117284e-01 -1.296572168154971338e-01
1.528932166434074369e-01 2.302906058028804381e-01 2.394194418507939737e-01 2.022044584379893428e-01 1.642228042397164689e-01 1.005584364318774793e-01 3.989689815509785131e-02 -1.556183946726016638e-03 -3.362329297999095551e-02 -6.225625153084025226e-02 -7.146585606343570929e-02 -1.014584411713775475e-01
9.860188161441689469e-02 1.710309554801712206e-01 2.022044584379893428e-01 2.023132819877418997e-01 1.972184776359199310e-01 1.508371178147155933e-01 9.285804374158145025e-02 5.585108795386428682e-02 2.992904098290047332e-02 8.266612666497627493e-03 -1.651119084788705421e-02 -4.964400924011135030e-02
4.508409322618957271e-02 1.129185743589643937e-01 1.642228042397164689e-01 1.972184776359199310e-01 2.275957216804267991e-01 1.992797509538390410e-01 1.439439662533291420e-01 1.112673764728568243e-01 9.151032437111701612e-02 7.697687680005371735e-02 3.738015579527417809e-02 1.453173563609405118e-03
-6.156533425022464763e-03 4.416550996335975171e-02 1.005584364318774793e-01 1.508371178147155933e-01 1.992797509538390410e-01 1.947043530799467403e-01 1.540608378754754482e-01 1.317118517639330189e-01 1.207251399008389126e-01 1.146035874610482896e-01 7.165092976892124821e-02 4.108089511948717631e-02
-3.960695980620376755e-02 -9.982670947255923785e-03 3.989689815509785131e-02 9.285804374158145025e-02 1.439439662533291420e-01 1.540608378754754482e-01 1.329973835785235592e-01 1.228812879504821709e-01 1.203566729222883824e-01 1.210690354989435585e-01 8.273336141527515286e-02 6.073272092725424953e-02
-6.530049015754582631e-02 -4.895281048756169873e-02 -1.556183946726016638e-03 5.585108795386428682e-02 1.112673764728568243e-01 1.317118517639330189e-01 1.228812879504821709e-01 1.224807965572614621e-01 1.268783907852220894e-01 1.329247863376925576e-01 9.536849208090732166e-02 7.792048930569500653e-02
-8.828294046282135488e-02 -8.122627795149930940e-02 -3.362329297999095551e-02 2.992904098290047332e-02 9.151032437111701612e-02 1.207251399008389126e-01 1.203566729222883824e-01 1.268783907852220894e-01 1.381975495052857605e-01 1.494521313213570402e-01 1.103460226212865797e-01 9.523876832352155819e-02
-1.105541334445636487e-01 -1.113161240869740415e-01 -6.225625153084025226e-02 8.266612666497627493e-03 7.697687680005371735e-02 1.146035874610482896e-01 1.210690354989435585e-01 1.329247863376925576e-01 1.494521313213570402e-01 1.666724460336334590e-01 1.258611703312319807e-01 1.126886709278760446e-01
-9.753397420158005371e-02 -1.064198944514117284e-01 -7.146585606343570929e-02 -1.651119084788705421e-02 3.738015579527417809e-02 7.165092976892124821e-02 8.273336141527515286e-02 9.536849208090732166e-02 1.103460226212865797e-01 1.258611703312319807e-01 9.879379779193539490e-02 9.320431651569099918e-02
-1.086392540302936333e-01 -1.296572168154971338e-01 -1.014584411713775475e-01 -4.964400924011135030e-02 1.453173563609405118e-03 4.108089511948717631e-02 6.073272092725424953e-02 7.792048930569500653e-02 9.523876832352155819e-02 1.126886709278760446e-01 9.320431651569099918e-02 9.524757155674584697e-02
3.027569688730635256e-01 2.323110576180518749e-01 1.602822129678636298e-01 1.341494480348736085e-01 8.885380330865608189e-02 6.223869673088391896e-02 2.570968793255416773e-02 -1.162327904227340464e-03 -4.205944913521656586e-02 -9.390119690700765576e-02 -1.683882726774875993e-01 -2.324624562658148819e-01
2.323110576180518749e-01 1.948018029153180397e-01 1.469292436027468396e-01 1.356411102443005334e-01 9.991770530471538736e-02 8.216144441449634017e-02 5.044158192898233473e-02 4.339386943245232553e-02 1.837683329221802275e-02 -2.980815921222269849e-02 -9.682213856193597201e-02 -1.625158475492131660e-01
1.602822129678636298e-01 1.469292436027468396e-01 1.229994179096217388e-01 1.244802130123246336e-01 9.899890112391811214e-02 8.903746467242783236e-02 6.331916800850950766e-02 7.067416598324798016e-02 5.921566348694025372e-02 1.850191725596433273e-02 -3.669423717982292499e-02 -9.755276582229366333e-02
1.341494480348736085e-01 1.356411102443005334e-01 1.244802130123246336e-01 1.365025679668688541e-01 1.147454940982021998e-01 1.089864789906071219e-01 8.329545234024010592e-02 1.022948589716408674e-01 9.880983149431696311e-02 5.707047364548974849e-02 1.708653279170972445e-03 -6.578438101208564093e-02
8.885380330865608189e-02 9.991770530471538736e-02 9.899890112391811214e-02 1.147454940982021998e-01 1.011653865857039952e-01 1.001575128459598757e-01 8.014665544689975052e-02 1.036474958301759064e-01 1.063928574128002180e-01 7.228392604845558511e-02 2.812700601081753737e-02 -3.022267066135710112e-02
6.223869673088391896e-02 8.216144441449634017e-02 8.903746467242783236e-02 1.089864789906071219e-01 1.001575128459598757e-01 1.034744643557503341e-01 8.641531107041999782e-02 1.166560479810074547e-01 1.248491421439639204e-01 9.275073578287765241e-02 5.252965231413469355e-02 -4.901747161728028240e-03
2.570968793255416773e-02 5.044158192898233473e-02 6.331916800850950766e-02 8.329545234024010592e-02 8.014665544689975052e-02 8.641531107041999782e-02 7.628107866851216445e-02 1.082976680487939269e-01 1.205984188713429273e-01 9.573459613876592056e-02 6.611260998613041617e-02 1.992842148300194224e-02
-1.162327904227340464e-03 4.339386943245232553e-02 7.067416598324798016e-02 1.022948589716408674e-01 1.036474958301759064e-01 1.166560479810074547e-01 1.082976680487939269e-01 1.613981123912034688e-01 1.858662986956454433e-01 1.546370607902800287e-01 1.197244495897145378e-01 5.967441419262308616e-02
-4.205944913521656586e-02 1.837683329221802275e-02 5.921566348694025372e-02 9.880983149431696311e-02 1.063928574128002180e-01 1.248491421439639204e-01 1.205984188713429273e-01 1.858662986956454433e-01 2.230097621223679494e-01 1.936913613243413934e-01 1.625446119256049315e-01 1.009377447001270078e-01
-9.390119690700765576e-02 -2.980815921222269849e-02 1.850191725596433273e-02 5.707047364548974849e-02 7.228392604845558511e-02 9.275073578287765241e-02 9.573459613876592056e-02 1.546370607902800287e-01 1.936913613243413934e-01 1.828304823776676358e-01 1.719802765358799390e-01 1.313674917624023664e-01
-1.683882726774875993e-01 -9.682213856193597201e-02 -3.669423717982292499e-02 1.708653279170972445e-03 2.812700601081753737e-02 5.252965231413469355e-02 6.611260998613041617e-02 1.197244495897145378e-01 1.625446119256049315e-01 1.719802765358799390e-01 1.901257217120509435e-01 1.777956152124580969e-01
-2.324624562658148819e-01 -1.625158475492131660e-01 -9.755276582229366333e-02 -6.578438101208564093e-02 -3.022267066135710112e-02 -4.901747161728028240e-03 1.992842148300194224e-02 5.967441419262308616e-02 1.009377447001270078e-01 1.313674917624023664e-01 1.777956152124580969e-01 2.046542341218721417e-01
