4.990318209751137268e-01 2.474419299323142030e-01 -5.409518431407112603e-03 -5.624457317758765895e-02 1.607559485718605685e-03 3.011467505355493179e-02 9.143156109902795734e-05 -3.015366651773940948e-02 8.659880830759585915e-04 5.642542381547686892e-02 -3.319314766679040424e-03 -2.480358130937420080e-01
2.474419299323142030e-01 5.113746250786879166e-01 2.480739665185948128e-01 -3.518524631788348504e-04 -5.658457311841338239e-02 -6.564689700745850089e-04 3.021255251566169059e-02 -1.622786079005838415e-04 -3.016804340176608423e-02 1.188462448193431309e-03 5.638397351786762074e-02 1.612805168732419671e-03
-5.409518431407112603e-03 2.480739665185948128e-01 4.973627491318710625e-01 2.473892510136729561e-01 2.018902485604066009e-03 -5.616321780852949475e-02 -2.543395669995462266e-03 3.010188685160536393e-02 1.239120981033064485e-03 -3.020686001726202718e-02 -1.135682133433100127e-03 5.646774249088291203e-02
-5.624457317758765895e-02 -3.518524631788348504e-04 2.473892510136729561e-01 4.975932178397813876e-01 2.478601073712495828e-01 1.730285340910032651e-03 -5.643183478536635544e-02 -8.176981484175817761e-05 3.016567481963790612e-02 -5.912473918975552460e-04 -3.013008395324865557e-02 -9.626183031297664509e-04
1.607559485718605685e-03 -5.658457311841338239e-02 2.018902485604066009e-03 2.478601073712495828e-01 4.997256775369175452e-01 2.472724569702731412e-01 3.106799817245665604e-03 -5.624751231377911331e-02 -5.524702077975544466e-04 3.011264554019611739e-02 3.373723395646253953e-05 -3.018908457891151392e-02
3.011467505355493179e-02 -6.564689700745850089e-04 -5.616321780852949475e-02 1.730285340910032651e-03 2.472724569702731412e-01 4.933215232431639174e-01 2.480920835545153968e-01 -1.358086727838549081e-03 -5.648498281439000984e-02 1.475122909095622934e-03 3.017373594187271191e-02 1.501545578412312421e-04
9.143156109902795734e-05 3.021255251566169059e-02 -2.543395669995462266e-03 -5.643183478536635544e-02 3.106799817245665604e-03 2.480920835545153968e-01 5.035761984268694036e-01 2.472654020751601789e-01 -2.168680140844855830e-03 -5.610105302223331730e-02 1.717605432487666860e-03 3.012028515643763726e-02
-3.015366651773940948e-02 -1.622786079005838415e-04 3.010188685160536393e-02 -8.176981484175817761e-05 -5.624751231377911331e-02 -1.358086727838549081e-03 2.472654020751601789e-01 5.030939658436400785e-01 2.479006065352201138e-01 -1.645979001348479593e-03 -5.653767637167528282e-02 -1.011029282564808451e-03
8.659880830759585915e-04 -3.016804340176608423e-02 1.239120981033064485e-03 3.016567481963790612e-02 -5.524702077975544466e-04 -5.648498281439000984e-02 -2.168680140844855830e-03 2.479006065352201138e-01 4.996079265122285729e-01 2.472378744778006010e-01 -1.377447425551285142e-03 -5.624303190991598866e-02
5.642542381547686892e-02 1.188462448193431309e-03 -3.020686001726202718e-02 -5.912473918975552460e-04 3.011264554019611739e-02 1.475122909095622934e-03 -5.610105302223331730e-02 -1.645979001348479593e-03 2.472378744778006010e-01 5.059736704128013907e-01 2.482114577025370805e-01 3.748423888894980918e-03
-3.319314766679040424e-03 5.638397351786762074e-02 -1.135682133433100127e-03 -3.013008395324865557e-02 3.373723395646253953e-05 3.017373594187271191e-02 1.717605432487666860e-03 -5.653767637167528282e-02 -1.377447425551285142e-03 2.482114577025370805e-01 4.912284489525903797e-01 2.472319531754313959e-01
-2.480358130937420080e-01 1.612805168732419671e-03 5.646774249088291203e-02 -9.626183031297664509e-04 -3.018908457891151392e-02 1.501545578412312421e-04 3.012028515643763726e-02 -1.011029282564808451e-03 -5.624303190991598866e-02 3.748423888894980918e-03 2.472319531754313959e-01 4.981101760463301220e-01
5.074401037725571051e-01 2.477624957886291335e-01 9.087653983373602390e-04 -5.632554698158938333e-02 8.342365286317674020e-04 3.015520254850063281e-02 -5.763275227634302679e-04 -3.011890064929697783e-02 1.023316001601882064e-03 5.632470205483933179e-02 1.082397924234860219e-03 -2.475142995541809998e-01
2.477624957886291335e-01 4.982467464325451290e-01 2.474860797176132166e-01 1.459763290647749347e-03 -5.636512489365487488e-02 -2.232498804319109006e-03 3.010138151766621195e-02 9.082502874792617361e-04 -3.011776250184029086e-02 -6.449565022894393398e-04 5.634713580646169562e-02 3.906641662748739328e-03
9.087653983373602390e-04 2.474860797176132166e-01 4.942737849625004065e-01 2.477309277494278428e-01 -2.459877829075979815e-03 -5.644994634397723643e-02 1.084956030951456443e-03 3.014044944883821978e-02 -1.001553006886796767e-03 -3.010569491829821753e-02 -1.309341620754319365e-04 5.628063217934665963e-02
-5.632554698158938333e-02 1.459763290647749347e-03 2.477309277494278428e-01 5.099083077196149283e-01 2.478227303807540860e-01 3.066170699508274228e-03 -5.629519262400338453e-02 -5.542196359100822964e-04 3.007300666082001264e-02 -7.516636515254035769e-05 -3.011051446082935179e-02 -1.061309110318829239e-03
8.342365286317674020e-04 -5.636512489365487488e-02 -2.459877829075979815e-03 2.478227303807540860e-01 4.902133243081397973e-01 2.476619247337900620e-01 4.347294483023099519e-04 -5.633465511211208782e-02 1.646811828547403191e-04 3.012248339194741747e-02 9.478246914142738136e-04 -3.008641051401357569e-02
3.015520254850063281e-02 -2.232498804319109006e-03 -5.644994634397723643e-02 3.066170699508274228e-03 2.476619247337900620e-01 5.016540754924527779e-01 2.475223624118220722e-01 -2.163421988833790031e-03 -5.620872394365764024e-02 1.685010038142948242e-03 3.012329502768628514e-02 -3.070854477154070844e-04
-5.763275227634302679e-04 3.010138151766621195e-02 1.084956030951456443e-03 -5.629519262400338453e-02 4.347294483023099519e-04 2.475223624118220722e-01 5.037473119136994804e-01 2.476844797355616801e-01 -7.351347094195325848e-04 -5.639242251333814737e-02 -1.096023208878572864e-03 3.008045366897436207e-02
-3.011890064929697783e-02 9.082502874792617361e-04 3.014044944883821978e-02 -5.542196359100822964e-04 -5.633465511211208782e-02 -2.163421988833790031e-03 2.476844797355616801e-01 4.982932735933495727e-01 2.474280601284844505e-01 -1.184364311516874612e-03 -5.626091802915285378e-02 -7.008895904073591827e-04
1.023316001601882064e-03 -3.011776250184029086e-02 -1.001553006886796767e-03 3.007300666082001264e-02 1.646811828547403191e-04 -5.620872394365764024e-02 -7.351347094195325848e-04 2.474280601284844505e-01 5.050282676428721196e-01 2.478934693559496638e-01 2.827829465852834193e-03 -5.630870860540943684e-02
5.632470205483933179e-02 -6.449565022894393398e-04 -3.010569491829821753e-02 -7.516636515254035769e-05 3.012248339194741747e-02 1.685010038142948242e-03 -5.639242251333814737e-02 -1.184364311516874612e-03 2.478934693559496638e-01 4.937017269243526574e-01 2.473798820972642476e-01 2.828670123743930176e-03
1.082397924234860219e-03 5.634713580646169562e-02 -1.309341620754319365e-04 -3.011051446082935179e-02 9.478246914142738136e-04 3.012329502768628514e-02 -1.096023208878572864e-03 -5.626091802915285378e-02 2.827829465852834193e-03 2.473798820972642476e-01 4.974624431340314845e-01 2.478065298756232659e-01
-2.475142995541809998e-01 3.906641662748739328e-03 5.628063217934665963e-02 -1.061309110318829239e-03 -3.008641051401357569e-02 -3.070854477154070844e-04 3.008045366897436207e-02 -7.008895904073591827e-04 -5.630870860540943684e-02 2.828670123743930176e-03 2.478065298756232659e-01 5.000306341038642799e-01
5.051793902898127353e-01 2.474758692698252049e-01 -6.830897857098459317e-04 -5.622300376134815175e-02 4.026584381246827663e-04 3.003668525125979122e-02 -2.438390574729752799e-04 -3.005157225634089158e-02 7.910655050518053660e-04 5.629272812419536254e-02 -1.429225553321211879e-03 -2.478039164550662199e-01
2.474758692698252049e-01 4.969276910377473655e-01 2.476687409204516854e-01 -1.697524321057309596e-03 -5.627428134602897175e-02 1.513394528188418721e-03 3.007242465686080918e-02 -2.855080711804105424e-04 -3.005413693761736782e-02 4.998164105219286661e-04 5.626538131103588081e-02 1.339651757875395333e-03
-6.830897857098459317e-04 2.476687409204516854e-01 5.058883476024043091e-01 2.475713435270636142e-01 -3.247096404758878854e-04 -5.627966258917146275e-02 -1.094917253404180716e-04 3.006333217120352175e-02 -2.748320432504445946e-04 -3.008620687786860148e-02 3.784304719135781142e-04 5.636667848971275985e-02
-5.622300376134815175e-02 -1.697524321057309596e-03 2.475713435270636142e-01 4.967163634870795930e-01 2.475730442227646599e-01 -1.263503566513418230e-03 -5.627942434676030253e-02 -4.939787239316446171e-04 3.006651796541202903e-02 2.655006541659250992e-04 -3.007891615885415273e-02 -1.574684601334279052e-03
4.026584381246827663e-04 -5.627428134602897175e-02 -3.247096404758878854e-04 2.475730442227646599e-01 5.041849589134828058e-01 2.476199155178696321e-01 6.202485385879716404e-04 -5.624936001869564051e-02 5.091769998773166498e-05 3.004939092129249936e-02 -8.244236578584980546e-05 -3.007660302397030527e-02
3.003668525125979122e-02 1.513394528188418721e-03 -5.627966258917146275e-02 -1.263503566513418230e-03 2.476199155178696321e-01 4.986125592050461575e-01 2.475598558552466466e-01 2.257317308168443892e-03 -5.626161009297819815e-02 -7.905946196545270577e-04 3.006934192813663642e-02 1.589056991940040672e-03
-2.438390574729752799e-04 3.007242465686080918e-02 -1.094917253404180716e-04 -5.627942434676030253e-02 6.202485385879716404e-04 2.475598558552466466e-01 4.957988900782913655e-01 2.475745327280962360e-01 -7.075823509618099638e-04 -5.622182768635562017e-02 3.707434413468905501e-04 3.004455514471950084e-02
-3.005157225634089158e-02 -2.855080711804105424e-04 3.006333217120352175e-02 -4.939787239316446171e-04 -5.624936001869564051e-02 2.257317308168443892e-03 2.475745327280962360e-01 5.024394712257540530e-01 2.475652914865250631e-01 -8.308256503491515815e-04 -5.626892882920697669e-02 -8.466805611202718202e-04
7.910655050518053660e-04 -3.005413693761736782e-02 -2.748320432504445946e-04 3.006651796541202903e-02 5.091769998773166498e-05 -5.626161009297819815e-02 -7.075823509618099638e-04 2.475652914865250631e-01 5.004926415274582041e-01 2.475099911352675597e-01 1.407638248380883687e-04 -5.620391406009958568e-02
5.629272812419536254e-02 4.998164105219286661e-04 -3.008620687786860148e-02 2.655006541659250992e-04 3.004939092129249936e-02 -7.905946196545270577e-04 -5.622182768635562017e-02 -8.308256503491515815e-04 2.475099911352675597e-01 5.004105516974242107e-01 2.476377321791935482e-01 2.395336059562840417e-03
-1.429225553321211879e-03 5.626538131103588081e-02 3.784304719135781142e-04 -3.007891615885415273e-02 -8.244236578584980546e-05 3.006934192813663642e-02 3.707434413468905501e-04 -5.626892882920697669e-02 1.407638248380883687e-04 2.476377321791935482e-01 4.971113532661110557e-01 2.474457052158778869e-01
-2.478039164550662199e-01 1.339651757875395333e-03 5.636667848971275985e-02 -1.574684601334279052e-03 -3.007660302397030527e-02 1.589056991940040672e-03 3.004455514471950084e-02 -8.466805611202718202e-04 -5.620391406009958568e-02 2.395336059562840417e-03 2.474457052158778869e-01 4.962377816694157895e-01
4.987380878055012179e-01 2.477242271682031372e-01 1.247117577874273884e-03 -5.658754304870610569e-02 2.524228404235066749e-03 3.029571623527205909e-02 7.078595810016319236e-04 -3.011779802536705686e-02 4.612910212793587669e-04 5.623057714976330973e-02 -1.236639338323589944e-03 -2.474809129447272660e-01
2.477242271682031372e-01 4.968001254004683620e-01 2.476857053622573135e-01 -2.500145007630113179e-03 -5.617557640939965791e-02 2.242109627767274738e-03 3.029350508305912737e-02 -1.212237450268195248e-03 -3.017613850197483141e-02 1.179786735232227039e-03 5.635788499706244348e-02 -1.630739380171317143e-03
1.247117577874273884e-03 2.476857053622573135e-01 5.037249716697881352e-01 2.478557119413168919e-01 -6.531337009022253337e-03 -5.679677482473801525e-02 -6.818012274592095620e-04 3.024510309716602063e-02 -6.218461616258398909e-04 -3.015111405777399362e-02 1.139629381243197027e-03 5.635595357331311950e-02
-5.658754304870610569e-02 -2.500145007630113179e-03 2.478557119413168919e-01 5.073215663061036995e-01 2.473760027827845986e-01 -1.632556664035345224e-03 -5.663521593053667119e-02 2.717631655460153793e-04 3.031521076600435238e-02 -7.089022982718819893e-05 -3.031198273740409038e-02 -3.529020725248613235e-04
2.524228404235066749e-03 -5.617557640939965791e-02 -6.531337009022253337e-03 2.473760027827845986e-01 5.070989031071659880e-01 2.489169062243901664e-01 7.807067019087538841e-03 -5.666854576916947189e-02 -2.256591687363989143e-03 3.022999283918555158e-02 1.505552126699759036e-03 -3.013395852954652010e-02
3.029571623527205909e-02 2.242109627767274738e-03 -5.679677482473801525e-02 -1.632556664035345224e-03 2.489169062243901664e-01 4.823412875675902045e-01 2.474424686399505080e-01 9.825761658763417210e-04 -5.633341496158802281e-02 -5.421801587104121793e-04 3.018811303440976923e-02 9.675987289647560319e-04
7.078595810016319236e-04 3.029350508305912737e-02 -6.818012274592095620e-04 -5.663521593053667119e-02 7.807067019087538841e-03 2.474424686399505080e-01 5.028141865308313196e-01 2.479165334360468320e-01 -3.192172088056441110e-03 -5.644558953272024726e-02 1.573302833331632162e-03 3.023024842734248901e-02
-3.011779802536705686e-02 -1.212237450268195248e-03 3.024510309716602063e-02 2.717631655460153793e-04 -5.666854576916947189e-02 9.825761658763417210e-04 2.479165334360468320e-01 5.050288824816798749e-01 2.474606146657500061e-01 3.402375701392619349e-04 -5.625287098713604300e-02 -7.064102613069917587e-04
4.612910212793587669e-04 -3.017613850197483141e-02 -6.218461616258398909e-04 3.031521076600435238e-02 -2.256591687363989143e-03 -5.633341496158802281e-02 -3.192172088056441110e-03 2.474606146657500061e-01 4.974966334657435763e-01 2.477221239360196114e-01 -1.107856866996749512e-04 -5.636113655070228157e-02
5.623057714976330973e-02 1.179786735232227039e-03 -3.015111405777399362e-02 -7.089022982718819893e-05 3.022999283918555158e-02 -5.421801587104121793e-04 -5.644558953272024726e-02 3.402375701392619349e-04 2.477221239360196114e-01 5.015489923488083424e-01 2.474662315271042579e-01 7.511477914292994523e-04
-1.236639338323589944e-03 5.635788499706244348e-02 1.139629381243197027e-03 -3.031198273740409038e-02 1.505552126699759036e-03 3.018811303440976923e-02 1.573302833331632162e-03 -5.625287098713604300e-02 -1.107856866996749512e-04 2.474662315271042579e-01 4.985765995234641146e-01 2.476864362705799016e-01
-2.474809129447272660e-01 -1.630739380171317143e-03 5.635595357331311950e-02 -3.529020725248613235e-04 -3.013395852954652010e-02 9.675987289647560319e-04 3.023024842734248901e-02 -7.064102613069917587e-04 -5.636113655070228157e-02 7.511477914292994523e-04 2.476864362705799016e-01 4.985097637928848080e-01
5.019929874282029747e-01 2.474221535450213394e-01 -4.354017704145588365e-04 -5.624122096096935419e-02 7.420845154072863541e-04 3.005862438578258897e-02 -9.338304776686050506e-04 -3.013046183945627954e-02 4.278469774828606680e-04 5.638953629763844566e-02 1.808549520960388117e-03 -2.477027611780832639e-01
2.474221535450213394e-01 5.032655046464736825e-01 2.478096662856975607e-01 2.569497652370879986e-03 -5.638852140209976022e-02 -1.195369781084411505e-03 3.013950557347359893e-02 1.270780627670452289e-03 -3.006160056354375762e-02 -1.342573577379058310e-03 5.614829270600300154e-02 2.071516775637439502e-03
-4.354017704145588365e-04 2.478096662856975607e-01 4.918666885873480554e-01 2.475461938236864501e-01 -8.843326985195191798e-04 -5.622155860807567795e-02 9.959810495712658786e-04 3.005469131740346606e-02 -7.164621905545332653e-05 -3.008706961718483203e-02 -1.156801932051182815e-03 5.635441539392838095e-02
-5.624122096096935419e-02 2.569497652370879986e-03 2.475461938236864501e-01 5.058808448933964641e-01 2.476991600974613739e-01 -3.395202458140688089e-04 -5.633539878077559182e-02 -4.516932827602114313e-04 3.007558293915824771e-02 1.235102234988236843e-04 -3.004927298036338609e-02 3.131692570023500346e-04
7.420845154072863541e-04 -5.638852140209976022e-02 -8.843326985195191798e-04 2.476991600974613739e-01 4.969166737151450297e-01 2.474449095565797174e-01 -8.946117967045144441e-04 -5.620031247798308593e-02 -3.552068134399428458e-04 3.004470420802113698e-02 1.233919357362848069e-03 -3.010255327095559194e-02
3.005862438578258897e-02 -1.195369781084411505e-03 -5.622155860807567795e-02 -3.395202458140688089e-04 2.474449095565797174e-01 5.035436880987909092e-01 2.477331922321967528e-01 1.113723366729138433e-03 -5.630646035339025718e-02 -1.736378048660361015e-04 3.008067288689177110e-02 -1.414966795668486370e-04
-9.338304776686050506e-04 3.013950557347359893e-02 9.959810495712658786e-04 -5.633539878077559182e-02 -8.946117967045144441e-04 2.477331922321967528e-01 4.981562194356438100e-01 2.473991576134194625e-01 1.473660721600332339e-03 -5.620258912604741280e-02 -1.978839317568342748e-03 3.008148672893030257e-02
-3.013046183945627954e-02 1.270780627670452289e-03 3.005469131740346606e-02 -4.516932827602114313e-04 -5.620031247798308593e-02 1.113723366729138433e-03 2.473991576134194625e-01 4.960118870899321020e-01 2.477614716055361876e-01 -6.123717146945272015e-04 -5.641466861843787151e-02 6.567973008464062521e-04
4.278469774828606680e-04 -3.006160056354375762e-02 -7.164621905545332653e-05 3.007558293915824771e-02 -3.552068134399428458e-04 -5.630646035339025718e-02 1.473660721600332339e-03 2.477614716055361876e-01 5.051698367069508144e-01 2.474596922087355377e-01 2.408000407601949139e-03 -5.623763976553936700e-02
5.638953629763844566e-02 -1.342573577379058310e-03 -3.008706961718483203e-02 1.235102234988236843e-04 3.004470420802113698e-02 -1.736378048660361015e-04 -5.620258912604741280e-02 -6.123717146945272015e-04 2.474596922087355377e-01 4.924823418499053584e-01 2.478678071073182054e-01 -5.153234595513325744e-04
1.808549520960388117e-03 5.614829270600300154e-02 -1.156801932051182815e-03 -3.004927298036338609e-02 1.233919357362848069e-03 3.008067288689177110e-02 -1.978839317568342748e-03 -5.641466861843787151e-02 2.408000407601949139e-03 2.478678071073182054e-01 5.033561428061755771e-01 2.474149759688104022e-01
-2.477027611780832639e-01 2.071516775637439502e-03 5.635441539392838095e-02 3.131692570023500346e-04 -3.010255327095559194e-02 -1.414966795668486370e-04 3.008148672893030257e-02 6.567973008464062521e-04 -5.623763976553936700e-02 -5.153234595513325744e-04 2.474149759688104022e-01 5.013571847420258409e-01
5.003981547011309150e-01 2.474802871247162583e-01 1.933924306169675393e-03 -5.644226591396247356e-02 2.057099979219659085e-03 3.014079362934749678e-02 -9.165912623844425355e-04 -3.018786816574584031e-02 5.668887217746010083e-04 5.646661313035633567e-02 3.282740672432169979e-04 -2.477368714944970240e-01
2.474802871247162583e-01 4.969544604374923624e-01 2.478268570500134493e-01 -1.261217297895464613e-03 -5.640553077433209384e-02 1.633432356880995659e-03 3.024561527850110412e-02 -1.129936014176361261e-03 -3.030949105658293716e-02 -1.235808088686891730e-03 5.627549017086048294e-02 -5.116748037501327954e-04
1.933924306169675393e-03 2.478268570500134493e-01 4.992453883169786777e-01 2.476492014382543072e-01 -6.061554493475422231e-03 -5.632916894735090496e-02 1.989479891528664855e-03 3.019099268801486019e-02 -1.219092380185274067e-03 -3.030271504003630503e-02 8.428527830381972712e-04 5.643297546717131186e-02
-5.644226591396247356e-02 -1.261217297895464613e-03 2.476492014382543072e-01 5.114816371300393572e-01 2.478770266493521834e-01 -1.839071672128097384e-03 -5.671271450829180882e-02 6.115222663237595722e-04 3.056802027627025797e-02 1.500877700986143985e-03 -3.027784186253030391e-02 -4.079923983869452112e-04
2.057099979219659085e-03 -5.640553077433209384e-02 -6.061554493475422231e-03 2.478770266493521834e-01 4.998088750864257412e-01 2.477412268162227926e-01 2.076713135947975963e-03 -5.641658477072653693e-02 -1.137768954256014207e-03 3.015589752952338790e-02 1.568822663742210164e-03 -3.018161242760101365e-02
3.014079362934749678e-02 1.633432356880995659e-03 -5.632916894735090496e-02 -1.839071672128097384e-03 2.477412268162227926e-01 4.977669983476970539e-01 2.477614679697631161e-01 2.897011794933408279e-04 -5.657449596837532679e-02 -2.906104869805697585e-03 3.016928298113523768e-02 1.280179595627571566e-03
-9.165912623844425355e-04 3.024561527850110412e-02 1.989479891528664855e-03 -5.671271450829180882e-02 2.076713135947975963e-03 2.477614679697631161e-01 4.981204513867948380e-01 2.475114129909328220e-01 4.632953085545832121e-04 -5.632069078130508277e-02 -1.048394203426576601e-03 3.018855610455507127e-02
-3.018786816574584031e-02 -1.129936014176361261e-03 3.019099268801486019e-02 6.115222663237595722e-04 -5.641658477072653693e-02 2.897011794933408279e-04 2.475114129909328220e-01 5.040288798470898834e-01 2.479921723966986846e-01 5.647289785278768008e-03 -5.645099172231056450e-02 -1.430195133001546399e-03
5.668887217746010083e-04 -3.030949105658293716e-02 -1.219092380185274067e-03 3.056802027627025797e-02 -1.137768954256014207e-03 -5.657449596837532679e-02 4.632953085545832121e-04 2.479921723966986846e-01 4.882490617119076282e-01 2.475759318464860192e-01 1.456413500664928938e-03 -5.646424298968925892e-02
5.646661313035633567e-02 -1.235808088686891730e-03 -3.030271504003630503e-02 1.500877700986143985e-03 3.015589752952338790e-02 -2.906104869805697585e-03 -5.632069078130508277e-02 5.647289785278768008e-03 2.475759318464860192e-01 4.998622755783451721e-01 2.479528460054801764e-01 -2.887387138037180584e-03
3.282740672432169979e-04 5.627549017086048294e-02 8.428527830381972712e-04 -3.027784186253030391e-02 1.568822663742210164e-03 3.016928298113523768e-02 -1.048394203426576601e-03 -5.645099172231056450e-02 1.456413500664928938e-03 2.479528460054801764e-01 5.052650452317328789e-01 2.474533849098692062e-01
-2.477368714944970240e-01 -5.116748037501327954e-04 5.643297546717131186e-02 -4.079923983869452112e-04 -3.018161242760101365e-02 1.280179595627571566e-03 3.018855610455507127e-02 -1.430195133001546399e-03 -5.646424298968925892e-02 -2.887387138037180584e-03 2.474533849098692062e-01 4.988187722242897748e-01
4.983841934289059417e-01 2.476215186251363165e-01 1.307495249835388586e-03 -5.626237622987642628e-02 -4.604730602688017569e-04 3.008495780008330067e-02 1.115310151634967602e-03 -3.000946563083066454e-02 -8.190614166389284870e-04 5.621927818727222304e-02 3.156658784275041298e-03 -2.475911319061118721e-01
2.476215186251363165e-01 4.986764431246915041e-01 2.474808899564986953e-01 1.360699592017829227e-03 -5.619819593965896115e-02 4.543566915738430582e-04 3.004753368894675855e-02 6.698555467005533337e-04 -3.007317561307722500e-02 -1.893521275668534013e-04 5.629389648146677222e-02 4.465799573137672202e-06
1.307495249835388586e-03 2.474808899564986953e-01 4.985799190975984674e-01 2.476434129133953665e-01 -4.391026303304806531e-04 -5.632328840218099597e-02 -9.037761164099734727e-04 3.003974687084533593e-02 3.266689207453454293e-04 -3.003133590797189140e-02 -9.776268456897759061e-04 5.626381228737512008e-02
-5.626237622987642628e-02 1.360699592017829227e-03 2.476434129133953665e-01 4.988489221999405365e-01 2.474377921233050781e-01 -2.216755117579891077e-03 -5.624622826615147120e-02 -2.351124594263495518e-04 3.007342158182606945e-02 -3.718331996561022139e-04 -3.008926012706828260e-02 7.271118520847121534e-04
-4.604730602688017569e-04 -5.619819593965896115e-02 -4.391026303304806531e-04 2.474377921233050781e-01 5.063603722690358522e-01 2.478623724656010552e-01 2.300298683182959956e-03 -5.629263080213536830e-02 -5.968598433507303277e-04 3.005204586284610652e-02 8.455435129900278762e-04 -3.004750772365517505e-02
3.008495780008330067e-02 4.543566915738430582e-04 -5.632328840218099597e-02 -2.216755117579891077e-03 2.478623724656010552e-01 4.944986034579783585e-01 2.473608800357236515e-01 2.650988056997180368e-03 -5.625456766623038868e-02 -3.629756903569157037e-04 3.006867738295423628e-02 1.963155774402982885e-04
1.115310151634967602e-03 3.004753368894675855e-02 -9.037761164099734727e-04 -5.624622826615147120e-02 2.300298683182959956e-03 2.473608800357236515e-01 4.969455419081265646e-01 2.477935558085873624e-01 -1.324181852765163184e-03 -5.630775674005020215e-02 -4.843266669232038887e-05 3.009206464127507641e-02
-3.000946563083066454e-02 6.698555467005533337e-04 3.003974687084533593e-02 -2.351124594263495518e-04 -5.629263080213536830e-02 2.650988056997180368e-03 2.477935558085873624e-01 5.016929147544845202e-01 2.474377604857652957e-01 -1.706477191455905247e-03 -5.622759909473938611e-02 8.943893251732305642e-04
-8.190614166389284870e-04 -3.007317561307722500e-02 3.266689207453454293e-04 3.007342158182606945e-02 -5.968598433507303277e-04 -5.625456766623038868e-02 -1.324181852765163184e-03 2.474377604857652957e-01 5.038765051661804328e-01 2.476755565141179338e-01 1.536270510066885600e-03 -5.629337424245429294e-02
5.621927818727222304e-02 -1.893521275668534013e-04 -3.003133590797189140e-02 -3.718331996561022139e-04 3.005204586284610652e-02 -3.629756903569157037e-04 -5.630775674005020215e-02 -1.706477191455905247e-03 2.476755565141179338e-01 4.960962697558056744e-01 2.475049295951194384e-01 -3.107126868982564710e-04
3.156658784275041298e-03 5.629389648146677222e-02 -9.776268456897759061e-04 -3.008926012706828260e-02 8.455435129900278762e-04 3.006867738295423628e-02 -4.843266669232038887e-05 -5.622759909473938611e-02 1.536270510066885600e-03 2.475049295951194384e-01 4.998862276371742741e-01 2.476216315235254539e-01
-2.475911319061118721e-01 4.465799573137672202e-06 5.626381228737512008e-02 7.271118520847121534e-04 -3.004750772365517505e-02 1.963155774402982885e-04 3.009206464127507641e-02 8.943893251732305642e-04 -5.629337424245429294e-02 -3.107126868982564710e-04 2.476216315235254539e-01 5.061540872000430680e-01
4.976036096649806839e-01 2.482382796222676047e-01 1.361688849130360864e-03 -5.707328700942683464e-02 2.380034538252705483e-03 3.049202384946719108e-02 -1.414055457171271759e-03 -3.019682760409029415e-02 2.022555809669763843e-04 5.621802640148350350e-02 -2.999714235608241797e-03 -2.471840096129158115e-01
2.482382796222676047e-01 5.049833303023233411e-01 2.470944633516836686e-01 2.196689811191747388e-03 -5.656651425212212703e-02 -1.325182418209041018e-03 3.030650542915480639e-02 -1.042707960023515033e-03 -3.043548794264374843e-02 -4.116800514245757409e-04 5.666685970023502272e-02 2.510896905436219798e-04
1.361688849130360864e-03 2.470944633516836686e-01 4.855591081191684699e-01 2.493177110706650268e-01 -6.037124148978756030e-03 -5.707291776409714745e-02 2.851526739554036127e-03 3.032192797804185436e-02 -1.115050166894106850e-03 -3.020743378315711089e-02 2.103849711749466739e-03 5.617046447744410143e-02
-5.707328700942683464e-02 2.196689811191747388e-03 2.493177110706650268e-01 5.209181211239979348e-01 2.475824520370812354e-01 5.245353054213128252e-04 -5.631880464709514145e-02 1.906272926478106561e-03 3.048180823149710533e-02 -1.898887373482326373e-04 -3.052958368842901421e-02 1.010238557035125599e-03
2.380034538252705483e-03 -5.656651425212212703e-02 -6.037124148978756030e-03 2.475824520370812354e-01 4.893585109836371960e-01 2.481947716586137553e-01 2.280533457802232274e-04 -5.669620987923926214e-02 -1.011872061758470115e-03 3.034621169149980327e-02 2.810165616224267679e-04 -3.030740350234824992e-02
3.049202384946719108e-02 -1.325182418209041018e-03 -5.707291776409714745e-02 5.245353054213128252e-04 2.481947716586137553e-01 5.033551394898997389e-01 2.471809346514834416e-01 -4.545511597955201322e-03 -5.646871762195360134e-02 -1.232312438691127968e-04 3.033964624064357241e-02 -4.963676332676784757e-04
-1.414055457171271759e-03 3.030650542915480639e-02 2.851526739554036127e-03 -5.631880464709514145e-02 2.280533457802232274e-04 2.471809346514834416e-01 5.050312676586389271e-01 2.483302459384030547e-01 2.089092343569209399e-03 -5.669675276466326630e-02 1.335363824689582142e-04 3.035091310202708142e-02
-3.019682760409029415e-02 -1.042707960023515033e-03 3.032192797804185436e-02 1.906272926478106561e-03 -5.669620987923926214e-02 -4.545511597955201322e-03 2.483302459384030547e-01 5.006408517139727676e-01 2.472923874296641955e-01 4.873626041674675689e-03 -5.642362944043672474e-02 -1.903092340784891083e-03
2.022555809669763843e-04 -3.043548794264374843e-02 -1.115050166894106850e-03 3.048180823149710533e-02 -1.011872061758470115e-03 -5.646871762195360134e-02 2.089092343569209399e-03 2.472923874296641955e-01 4.859934517584690306e-01 2.485943733290803814e-01 -2.756752530174478005e-03 -5.671925883627265685e-02
5.621802640148350350e-02 -4.116800514245757409e-04 -3.020743378315711089e-02 -1.898887373482326373e-04 3.034621169149980327e-02 -1.232312438691127968e-04 -5.669675276466326630e-02 4.873626041674675689e-03 2.485943733290803814e-01 5.118452433191371664e-01 2.472653653774175009e-01 -7.129080083768946086e-04
-2.999714235608241797e-03 5.666685970023502272e-02 2.103849711749466739e-03 -3.052958368842901421e-02 2.810165616224267679e-04 3.033964624064357241e-02 1.335363824689582142e-04 -5.642362944043672474e-02 -2.756752530174478005e-03 2.472653653774175009e-01 4.965313440901531483e-01 2.480757940276168139e-01
-2.471840096129158115e-01 2.510896905436219798e-04 5.617046447744410143e-02 1.010238557035125599e-03 -3.030740350234824992e-02 -4.963676332676784757e-04 3.035091310202708142e-02 -1.903092340784891083e-03 -5.671925883627265685e-02 -7.129080083768946086e-04 2.480757940276168139e-01 4.981800217756520155e-01
4.958229451053328130e-01 2.475352710176461080e-01 -2.246047285430364387e-03 -5.631483740793785664e-02 -8.024176065769546111e-04 3.009439620506696236e-02 1.896164637952169486e-05 -3.012962135212931061e-02 -3.128045238142934496e-04 5.640490608030163111e-02 3.530827016619659479e-03 -2.477717071790926928e-01
2.475352710176461080e-01 5.039991396468062046e-01 2.476129307209039565e-01 -8.110491601710785418e-04 -5.640791418132638790e-02 7.597798411318717592e-04 3.015451212823255095e-02 -5.788941587129309719e-04 -3.019129122949628860e-02 -7.336576796652281504e-04 5.627310284145188579e-02 -4.631780827725243653e-04
-2.246047285430364387e-03 2.476129307209039565e-01 5.037010294280411804e-01 2.477656113979764818e-01 4.004946844500917660e-03 -5.634571031034373012e-02 -1.210546217223062299e-03 3.012983661514660391e-02 1.112043855074645263e-03 -3.010578176886487961e-02 -2.801330093980274397e-03 5.635968987694605498e-02
-5.631483740793785664e-02 -8.110491601710785418e-04 2.477656113979764818e-01 4.897390431919891873e-01 2.477579202777032974e-01 -7.381957998713536973e-04 -5.632873835442396560e-02 4.951031485114136630e-04 3.013180247079027055e-02 8.461958388137759239e-04 -3.009224141398615660e-02 -2.261033004782521567e-04
-8.024176065769546111e-04 -5.640791418132638790e-02 4.004946844500917660e-03 2.477579202777032974e-01 5.048775687567625958e-01 2.474810150313695445e-01 -1.667582354371115920e-03 -5.624193040607156080e-02 4.756001778660332762e-04 3.010215623789586764e-02 8.067571458293247046e-04 -3.016886613938087047e-02
3.009439620506696236e-02 7.597798411318717592e-04 -5.634571031034373012e-02 -7.381957998713536973e-04 2.474810150313695445e-01 5.007672290930573755e-01 2.476743206959577670e-01 -1.499008589608954783e-04 -5.636090773524402714e-02 -1.410481416507833969e-03 3.008604267353534589e-02 4.860219404651319329e-04
1.896164637952169486e-05 3.015451212823255095e-02 -1.210546217223062299e-03 -5.632873835442396560e-02 -1.667582354371115920e-03 2.476743206959577670e-01 5.004238922660901867e-01 2.474801622048253269e-01 5.277004341703711836e-04 -5.620510128650563209e-02 -1.804390827009773931e-03 3.015903429950114734e-02
-3.012962135212931061e-02 -5.788941587129309719e-04 3.012983661514660391e-02 4.951031485114136630e-04 -5.624193040607156080e-02 -1.499008589608954783e-04 2.474801622048253269e-01 4.998032040635016493e-01 2.477389023752999409e-01 3.038977685047307507e-03 -5.635689835972665374e-02 -5.807433716491436360e-04
-3.128045238142934496e-04 -3.019129122949628860e-02 1.112043855074645263e-03 3.013180247079027055e-02 4.756001778660332762e-04 -5.636090773524402714e-02 5.277004341703711836e-04 2.477389023752999409e-01 4.964721932386855219e-01 2.473738157305531982e-01 3.156478833507229704e-03 -5.643467666539989103e-02
5.640490608030163111e-02 -7.336576796652281504e-04 -3.010578176886487961e-02 8.461958388137759239e-04 3.010215623789586764e-02 -1.410481416507833969e-03 -5.620510128650563209e-02 3.038977685047307507e-03 2.473738157305531982e-01 4.945763251818385831e-01 2.480598564213237212e-01 -2.038689741041297548e-03
3.530827016619659479e-03 5.627310284145188579e-02 -2.801330093980274397e-03 -3.009224141398615660e-02 8.067571458293247046e-04 3.008604267353534589e-02 -1.804390827009773931e-03 -5.635689835972665374e-02 3.156478833507229704e-03 2.480598564213237212e-01 5.030379863896016213e-01 2.474442508707404009e-01
-2.477717071790926928e-01 -4.631780827725243653e-04 5.635968987694605498e-02 -2.261033004782521567e-04 -3.016886613938087047e-02 4.860219404651319329e-04 3.015903429950114734e-02 -5.807433716491436360e-04 -5.643467666539989103e-02 -2.038689741041297548e-03 2.474442508707404009e-01 5.067794436383252776e-01
4.966188632685442639e-01 2.479239529404729248e-01 -2.870965586978962893e-03 -5.632970275321334819e-02 1.404707261926118212e-03 3.003778644790209423e-02 -1.385989923551608684e-03 -3.004959223311626584e-02 6.976210216213936345e-04 5.624022761189427511e-02 -3.233140468366708497e-03 -2.475807948129901959e-01
2.479239529404729248e-01 5.057919715139052030e-01 2.474531970751711885e-01 -2.049130782720094603e-03 -5.624038251917538866e-02 2.059057674975702922e-03 3.008312904122706355e-02 -1.206755800197998468e-03 -3.016621145277154081e-02 1.627072992645388436e-03 5.643135910556554280e-02 -9.702359327763455943e-04
-2.870965586978962893e-03 2.474531970751711885e-01 5.020951654423839727e-01 2.476485289416331392e-01 -4.908377188042991127e-05 -5.629365604977920601e-02 5.560848885656834726e-04 3.014429558256463693e-02 3.415675736536510345e-04 -3.014327832870361545e-02 1.425800884421152921e-04 5.640903198026922527e-02
-5.632970275321334819e-02 -2.049130782720094603e-03 2.476485289416331392e-01 4.985523166824801233e-01 2.475463667734483231e-01 -2.139752267699899114e-03 -5.630513285503091492e-02 3.848527270082055703e-04 3.012649425667400516e-02 -2.930293490145602971e-04 -3.016171033199004786e-02 -6.212951804555088327e-04
1.404707261926118212e-03 -5.624038251917538866e-02 -4.908377188042991127e-05 2.475463667734483231e-01 5.035334869819305670e-01 2.475862294588715984e-01 -1.088157359959882617e-03 -5.636254667003452734e-02 -5.351055825961530902e-04 3.012528955208549492e-02 -6.704466243865518996e-05 -3.015865751430883007e-02
3.003778644790209423e-02 2.059057674975702922e-03 -5.629365604977920601e-02 -2.139752267699899114e-03 2.475862294588715984e-01 5.019277095519649734e-01 2.477173979815678329e-01 1.610270295085089193e-03 -5.630090147154702407e-02 -8.491815061534653455e-04 3.013311994538166866e-02 1.383808679953305075e-03
-1.385989923551608684e-03 3.008312904122706355e-02 5.560848885656834726e-04 -5.630513285503091492e-02 -1.088157359959882617e-03 2.477173979815678329e-01 4.967733132286902276e-01 2.475370533540121043e-01 2.099473667794131762e-03 -5.625425255526540769e-02 -1.405063697847425261e-04 3.008872477879131688e-02
-3.004959223311626584e-02 -1.206755800197998468e-03 3.014429558256463693e-02 3.848527270082055703e-04 -5.636254667003452734e-02 1.610270295085089193e-03 2.475370533540121043e-01 4.984023761039347855e-01 2.475912656381679677e-01 -3.720338808592860320e-05 -5.631337022739880266e-02 -1.039180904983329819e-03
6.976210216213936345e-04 -3.016621145277154081e-02 3.415675736536510345e-04 3.012649425667400516e-02 -5.351055825961530902e-04 -5.630090147154702407e-02 2.099473667794131762e-03 2.475912656381679677e-01 4.980467882931327583e-01 2.475546515854397112e-01 -1.793138561716627749e-03 -5.632330505172874341e-02
5.624022761189427511e-02 1.627072992645388436e-03 -3.014327832870361545e-02 -2.930293490145602971e-04 3.012528955208549492e-02 -8.491815061534653455e-04 -5.625425255526540769e-02 -3.720338808592860320e-05 2.475546515854397112e-01 5.061196953712363555e-01 2.477383930298631964e-01 2.114211887307797938e-03
-3.233140468366708497e-03 5.643135910556554280e-02 1.425800884421152921e-04 -3.016171033199004786e-02 -6.704466243865518996e-05 3.013311994538166866e-02 -1.405063697847425261e-04 -5.631337022739880266e-02 -1.793138561716627749e-03 2.477383930298631964e-01 4.943524209026441962e-01 2.475511398846625966e-01
-2.475807948129901959e-01 -9.702359327763455943e-04 5.640903198026922527e-02 -6.212951804555088327e-04 -3.015865751430883007e-02 1.383808679953305075e-03 3.008872477879131688e-02 -1.039180904983329819e-03 -5.632330505172874341e-02 2.114211887307797938e-03 2.475511398846625966e-01 4.977858926591620103e-01
5.088707050376133356e-01 2.477242707476341732e-01 -2.641859744120440053e-04 -5.641740687401136656e-02 1.836578576072497220e-04 3.022354622651171607e-02 1.410824508252962587e-04 -3.018066190578716848e-02 -6.382051644097811241e-05 5.635705074774470524e-02 7.536318771006163611e-04 -2.476652667556304699e-01
2.477242707476341732e-01 4.995887700379284535e-01 2.477411048434690899e-01 2.356951357812712977e-03 -5.641609650643987506e-02 -1.388447756462030287e-03 3.022139595517474644e-02 2.791327264092116796e-03 -3.012860101919334621e-02 -2.324943035957011996e-03 5.630684607990689428e-02 4.406063658429719594e-03
-2.641859744120440053e-04 2.477411048434690899e-01 4.942280854195041373e-01 2.475707014385951366e-01 -2.291288390698644709e-04 -5.631425339342591846e-02 -8.977579294036766360e-05 3.013787185775414906e-02 2.279986834555062548e-04 -3.014110849834531619e-02 -5.061981835625830152e-04 5.639849746693530175e-02
-5.641740687401136656e-02 2.356951357812712977e-03 2.475707014385951366e-01 5.044035534166873003e-01 2.477055886155842823e-01 2.949413241293582892e-04 -5.641273083343051331e-02 -2.645706476108211722e-03 3.015675224413062044e-02 1.129299398031431440e-03 -3.014447842202420957e-02 -1.060760188385935108e-03
1.836578576072497220e-04 -5.641609650643987506e-02 -2.291288390698644709e-04 2.477055886155842823e-01 4.954495813494874112e-01 2.475944670679389448e-01 7.531319305314193710e-04 -5.637977980752012508e-02 -2.984210870348691065e-04 3.016756952500549913e-02 3.988858254309985904e-04 -3.019779747013213306e-02
3.022354622651171607e-02 -1.388447756462030287e-03 -5.631425339342591846e-02 2.949413241293582892e-04 2.475944670679389448e-01 5.048320727043189571e-01 2.477123092295083484e-01 4.753353097597593294e-03 -5.642047994497344232e-02 -1.090663296401631283e-03 3.018526921731599574e-02 6.023745770706643958e-04
1.410824508252962587e-04 3.022139595517474644e-02 -8.977579294036766360e-05 -5.641273083343051331e-02 7.531319305314193710e-04 2.477123092295083484e-01 4.882115488349709764e-01 2.479280133814549258e-01 -1.683346896872105723e-04 -5.647788858611794277e-02 1.919782996733225989e-06 3.024994860195837770e-02
-3.018066190578716848e-02 2.791327264092116796e-03 3.013787185775414906e-02 -2.645706476108211722e-03 -5.637977980752012508e-02 4.753353097597593294e-03 2.479280133814549258e-01 5.032766609830441329e-01 2.476200153794443359e-01 -2.638617362001022260e-03 -5.634547663958936609e-02 1.367997038981605407e-03
-6.382051644097811241e-05 -3.012860101919334621e-02 2.279986834555062548e-04 3.015675224413062044e-02 -2.984210870348691065e-04 -5.642047994497344232e-02 -1.683346896872105723e-04 2.476200153794443359e-01 5.041288264696939248e-01 2.476115113191639239e-01 2.841843644421125983e-04 -5.631021348780498870e-02
5.635705074774470524e-02 -2.324943035957011996e-03 -3.014110849834531619e-02 1.129299398031431440e-03 3.016756952500549913e-02 -1.090663296401631283e-03 -5.647788858611794277e-02 -2.638617362001022260e-03 2.476115113191639239e-01 4.974709489077043800e-01 2.476167271413644011e-01 2.379107996611055931e-05
7.536318771006163611e-04 5.630684607990689428e-02 -5.061981835625830152e-04 -3.014447842202420957e-02 3.988858254309985904e-04 3.018526921731599574e-02 1.919782996733225989e-06 -5.634547663958936609e-02 2.841843644421125983e-04 2.476167271413644011e-01 5.019944049452449431e-01 2.475789554842680595e-01
