1.476355109980798386e-01 4.348114972950453683e-01 9.167888053937106596e-02 1.491602229514360847e-02 3.804142196805255951e-04 6.660522413431877592e-03 7.048261471631293851e-02 4.295173445632274878e-02 8.464457809458869608e-03 1.097337299230779217e-01 2.585126074062368134e-02 4.643335459345195732e-02
3.163036199281264449e-01 7.215031007274523567e-02 4.212494669140660897e-02 2.117001116521850246e-01 3.161083454386485331e-02 5.414291838467485268e-02 9.388343977834801013e-02 4.509388003736448242e-02 3.279596944551385618e-02 5.467126467283920863e-03 1.171408660165785751e-02 8.301275639682920149e-02
1.603779599664650890e-01 1.337395215769272006e-01 2.738628427797674125e-01 1.329413421232804593e-01 1.808588358946177643e-01 5.021933226432589298e-02 1.205411498669972485e-02 1.083831376412507617e-02 6.947122177433438621e-03 4.957606906509866990e-03 6.172062930920138579e-03 2.703094462892814340e-02
8.728161225121863764e-03 5.048250506089452250e-02 2.829777764774815685e-01 4.045518757323469661e-01 2.319865098260011083e-01 9.329492134125923902e-03 4.498093250783883126e-03 4.024316938696615234e-03 9.446323977988033832e-04 4.990023659227139138e-04 4.561260837779432991e-04 1.521508507048214588e-03
2.034100862247026908e-01 1.420305010923008371e-01 4.585611759794332859e-02 1.419094175036409444e-01 6.260829896203061462e-02 5.380995327513114074e-02 1.462960164187807575e-02 7.104829436777140503e-03 1.761450346436625042e-02 1.737519073423449828e-02 1.092050071126766109e-01 1.844464929543181420e-01
2.806339167061731865e-02 5.810799946339172128e-02 1.966036033729068877e-01 4.739202038928319594e-01 1.769463541027490594e-01 3.356150268472665038e-02 5.839055969630010078e-03 1.415736738210583061e-03 2.329329860268785669e-04 1.580785676140739884e-03 1.048411630204814336e-02 1.324431714072044942e-02
7.929689102055878513e-02 2.082045315432320617e-02 1.092647373477474877e-02 1.772097232629688685e-02 4.126222952551972245e-02 1.164468540159972233e-02 2.194558296237776596e-02 1.074361195954936093e-01 1.928880058000282116e-01 7.338252525232841217e-02 1.216022746311026526e-01 3.010737865955964709e-01
2.557571286841683672e-04 2.001739818222091419e-03 1.549270825036652525e-02 4.687899274510165526e-01 4.416355457199588885e-02 1.645157800624166000e-01 2.478831692428467570e-01 4.341317958974217489e-02 3.521750929412835462e-03 8.639089243185458719e-03 1.116584892931299974e-03 2.067588191797417011e-04
1.170369983707866962e-01 2.489941318203101606e-01 1.379039221755434808e-01 1.414789446879846993e-02 1.286021586621876635e-02 5.275191478669756864e-03 1.683097173366123692e-03 7.254928468787327214e-04 1.290859732619431804e-03 1.100209881343469816e-02 1.277356241995009078e-01 3.213444730538729810e-01
3.187999914609339347e-02 2.459912330522006918e-01 2.122577353945496459e-01 1.433657193952048159e-01 2.372442037975822648e-01 1.067494975449669870e-01 1.494766552854723436e-02 2.320668930363591845e-03 6.395172785287243184e-04 7.055555905222021720e-04 4.888878170715393575e-04 3.409316524369002989e-03
3.677497704612305851e-01 7.538210861531180473e-02 8.215873383868206592e-03 3.037264748317995700e-03 6.609113605180862248e-04 1.058603086458757662e-03 2.387853789716602119e-03 4.022597430432657550e-02 1.340765122470569670e-01 9.887026828173002546e-02 1.405311499272987319e-01 1.278037097941658318e-01
2.429018958802368205e-02 2.209735630215751978e-02 4.331960319624869257e-03 8.388214651695587859e-03 2.996366110156175461e-02 1.585115008840025652e-01 4.727171821858554279e-02 2.909330751293216499e-01 8.671715047801278886e-02 7.390248137628718794e-02 2.304765908866456825e-01 2.311610106408141727e-02
1.940594683855496883e-01 1.782037295268940613e-01 5.371279150469710634e-02 2.104822176500074221e-02 5.930460873251498788e-02 2.423752427518000574e-01 1.126422695181115985e-01 5.116562352709920491e-02 9.127462792051326684e-03 4.203338941095406504e-03 1.873257026379613471e-02 5.542467229138983709e-02
1.637957857557258146e-02 6.180072129284578698e-03 2.807230413311418045e-03 2.906484543398861042e-03 1.718854274105679689e-02 5.717825356304136186e-02 1.917597861817230409e-01 1.614511468636078417e-01 6.505438327427084944e-02 5.010068607850529793e-02 3.124575575224528556e-01 1.165362781137746773e-01
5.698331847975302705e-02 1.627933162760905605e-02 2.050688838694653821e-02 3.763363156419061856e-02 1.715910330867117389e-02 2.588006572410185904e-02 4.980792728977982697e-02 1.562983819111044281e-01 9.143154777946610468e-02 1.045585303058380044e-01 1.569713813910265099e-01 2.664898922315129259e-01
1.734449154939606552e-01 2.506497395070065859e-01 2.143783623416171263e-02 1.220484032004320353e-02 1.463713427689319890e-02 2.210417566019821922e-01 6.233612273897395917e-02 1.923258032321968278e-02 9.400692794175967426e-02 8.789963442118439718e-02 1.822102506969261460e-02 2.488748707112210107e-02
8.401970895218000002e-02 1.128267800463220033e-01 3.884820678937703220e-02 4.314250022349152419e-03 6.492705076688825086e-03 3.995514702972662729e-02 1.316895203530587533e-01 7.046900587953919270e-02 1.155334733202838249e-02 3.047603572971509245e-02 2.915353451746382496e-01 1.778199476143765556e-01
5.525759254222621132e-03 2.737983121220464999e-02 3.667519423018330560e-01 8.650502407914931191e-02 1.062699080731001854e-02 2.667764806742434214e-02 2.783239058776874053e-01 1.512490076038973119e-01 2.907675075956320243e-02 1.296580718639123858e-02 2.483869951967926891e-03 2.433462898349205306e-03
4.738021258294762561e-02 3.099920313382638626e-01 9.745770799317692024e-02 2.851287361252578118e-02 1.501523808377956959e-01 6.835013569040443437e-02 1.264062204926710842e-01 6.884684692345172108e-02 8.312960150755570668e-03 3.387448752292277453e-03 1.025374609756490515e-02 8.094743552815016063e-02
4.943349454873608058e-03 1.901672060645695364e-03 2.637061638891817061e-03 2.615658529134207502e-02 3.861348935176000530e-01 8.600481527962802741e-02 2.819610200278368714e-02 4.130745084709883802e-02 1.539991615616417842e-01 1.826213137642876405e-01 6.876777433171125942e-02 1.732982024949589889e-02
1.629444892877586828e-02 7.254273744383515909e-02 6.567732611001270149e-02 1.088471917071557604e-01 2.441274992781443387e-02 7.971705930912154070e-02 3.561905058758777637e-02 2.674922302611185479e-02 2.055224608325737501e-01 2.539021685558634500e-01 5.561771780509586205e-02 5.509786576605178038e-02
1.199650006677368532e-03 1.214773898097220098e-02 3.753188468731697564e-02 5.880024529302889380e-02 6.963144163599044312e-02 3.071012684275109539e-01 4.977987722758030198e-02 4.797865902714761044e-02 2.894280604175974991e-01 9.772821547385328322e-02 2.645177530250582623e-02 2.221183519818713519e-03
1.466385076543019195e-01 1.746586317744730499e-01 2.005174319930978499e-01 2.547891807560048044e-02 2.268670221142367197e-04 1.621105080589590325e-02 2.796044784779577394e-03 8.920814782845800175e-05 1.445725415842702205e-03 7.886639896686205298e-03 5.483165744419667142e-02 3.692193169851831214e-01
8.908322835973106479e-03 7.363177381690716623e-03 2.426616877070787021e-02 9.563748296136466431e-02 1.908819030744861589e-01 2.128640402062013937e-01 3.000138167565016278e-01 6.366996393806885479e-02 3.294643691008075637e-02 4.197736700315868319e-02 9.218255659514198314e-03 1.225306450225196672e-02
2.070090956172436769e-01 1.698571273792770508e-01 6.918430059058583437e-02 9.463184193683284173e-03 2.975244146310960895e-03 4.196775685969676055e-04 1.886520572485049095e-04 4.803696966755974414e-04 7.841390675281922559e-03 6.956234595142848920e-02 3.813954595998962360e-01 8.162315252377147501e-02
1.155801624759099713e-02 5.710179743147606596e-02 9.113578977171719886e-02 8.699748636426433979e-02 1.044846482329105236e-01 8.503523678252036810e-02 2.236072358404375682e-01 1.707573471638848261e-01 1.410818470127813695e-01 2.290970500504356175e-02 3.164992643971378111e-03 2.165897503401975014e-03
4.192716061994422594e-02 1.535499622062143008e-02 1.330995682465091826e-02 5.375676069973087112e-02 1.488875732674155572e-01 6.640155924063975701e-02 7.655032447985894717e-02 1.176096971681178383e-01 4.468904790903863861e-02 8.776918999083491157e-02 2.414935243768563111e-01 9.225020920227573751e-02
3.514638987562229006e-02 3.666495537093555045e-03 2.417095310853891420e-03 8.929345804422655214e-03 2.182631556737575640e-02 6.408990297686123494e-02 1.069899297177677594e-01 1.990161137732207319e-01 4.523714784011113876e-02 5.639088882329436336e-02 3.881525523234680142e-02 4.174751195410301152e-01
1.693064741080497482e-01 9.275756102768382971e-02 2.444540599353433458e-02 1.137419632731434191e-02 1.723175910783834169e-02 7.273742724814130298e-03 9.126954036952595120e-03 3.180021629090490354e-02 5.905118671491593751e-02 3.289931129515420438e-01 1.703077206546887712e-01 7.833167006176088021e-02
3.353490841909874398e-02 1.088123547900562982e-02 1.936457611453221150e-02 2.969016744777837336e-02 1.286607064569244840e-01 2.237695124428407123e-01 1.125922088682916877e-01 1.251824007595420118e-02 2.002991203988250396e-02 4.230277856001253556e-02 2.527934625478417408e-01 1.138622915478374464e-01
1.106605155679451623e-03 7.850491408805804552e-03 5.530285097830706792e-02 4.183843200740061108e-01 1.666575475081108829e-02 3.576466992769344183e-02 2.388497266864888502e-01 1.100105927263022587e-01 8.122285100342725717e-02 1.854773357343060536e-02 1.388382781931527324e-02 2.410575895732750430e-03
4.682792222480675060e-02 1.063488103077247504e-01 5.717241622846677696e-02 9.827953552502484424e-02 1.811191770035258386e-01 1.207174584307165732e-01 9.833421332175806828e-02 1.004187162853774073e-01 8.087561948521915234e-02 6.494889649471405346e-02 1.806795439168552148e-02 2.688928030098037408e-02
5.095027884580962535e-03 5.582073732044994831e-03 2.766011518396949143e-02 4.831919789801792514e-02 1.649355227720736283e-01 1.998281871233794360e-01 3.822011641381904690e-02 3.596339756075551258e-02 1.176014788317117366e-01 2.571209515698300030e-01 7.920914136145154605e-02 2.046478966836586325e-02
2.778361186839619495e-02 2.180167046632189992e-02 4.301492246171420564e-02 1.720358464040467883e-01 1.848403239506098833e-02 4.579383947452856513e-02 3.642592342687581697e-01 3.241731833304075522e-02 1.612002408126512326e-02 7.855407635959678336e-02 1.319814603478917103e-01 4.775396353937921140e-02
1.128552553734877284e-01 2.736472903836944734e-02 3.466177195030237246e-02 3.449318713257004676e-01 8.885066507729086349e-02 6.906941198510923620e-03 7.866308585253846495e-04 2.391484466943817958e-03 1.282150430176119335e-02 2.588833407795430863e-02 1.443919745340340177e-01 1.981488377971197534e-01
3.960075963990956037e-03 1.264691479394057690e-02 4.336399363978424987e-02 2.191086930157801205e-01 1.548063570533849409e-01 1.569764142358560377e-01 1.976681935043021199e-01 6.019244048932959057e-02 4.882401286581335847e-02 7.599413336354442217e-02 1.493127823953243477e-02 1.152749283474133538e-02
2.127126330472350613e-01 6.353989137258204967e-02 1.032939130969909997e-02 2.236359220304856218e-03 1.713446059231064260e-03 4.342073818797843009e-03 3.749637909804793418e-02 2.922767709039776340e-01 1.587035497054643807e-01 5.354244610356368068e-03 1.081047888615504354e-02 2.004847819681486731e-01
3.420294285948343588e-02 1.631347261560851802e-01 2.024602001985892352e-01 1.306355037032430055e-01 3.231558907286753712e-02 3.024372982886536915e-03 5.814343779771446227e-04 1.178089873206000131e-03 8.913678403005772383e-03 4.213531827486674541e-02 1.503622022184961660e-01 2.310559418792930697e-01
6.111859516164618727e-03 1.028774764826995147e-01 3.271832771113037386e-01 3.692164266223163516e-02 2.499977081549199787e-02 1.394796816071891196e-02 5.330709221362810168e-02 2.982332646159565614e-01 7.997452852513782517e-02 2.269313384896102376e-02 2.887449847630983377e-02 4.875487571396652613e-03
2.812311792807919986e-02 1.486961686304821492e-02 8.517441709927950355e-03 4.008319912585665140e-02 2.072272697052381374e-01 2.160766669690217801e-01 4.692868053975782217e-02 7.953418126158121049e-02 1.115250676655671208e-01 1.445722900240330733e-01 5.313564625335003011e-02 4.940682195453868775e-02
2.526565294678545515e-01 9.708666976653133884e-02 2.967468547353965813e-02 1.561647298877801016e-02 2.006712491687694389e-01 7.175219863616177918e-02 1.529655389405591703e-01 6.689925662755102920e-02 1.616725064799924561e-02 1.075242513587290789e-02 1.263886974822346285e-02 7.311885339815982210e-02
1.254669210561659004e-02 3.458300402954673364e-02 4.075952232447949686e-01 5.459541034865544179e-02 3.203945136691287339e-03 1.674808083940861709e-04 4.881941434140414475e-05 3.356060077606969365e-04 3.470171982866740879e-03 1.811519181451518370e-02 4.139060285051110455e-01 5.143242660170588287e-02
1.842366987863331904e-02 6.469137852655747027e-03 1.038012667194584612e-02 7.931401715496765037e-02 2.227954720065283833e-01 1.993395601819714369e-01 1.378672946130071186e-01 2.902662711555766273e-01 2.034116126451794571e-02 5.835829274405615261e-03 1.521584708925365981e-03 7.445875236865024359e-03
2.486850019787909677e-02 1.721513537243302139e-02 1.542807385934062171e-02 1.721563578913527098e-02 4.041767065791130285e-03 1.099024583626822919e-02 1.513564428851456659e-02 3.486142458024552027e-02 1.207072782576574521e-01 2.453353971565068181e-01 3.924857090806921356e-01 1.017151885155362090e-01
2.945817184371752329e-01 1.238327889094183454e-01 2.278773827275685712e-02 5.756151792206612092e-03 6.253833873165785644e-03 7.135476206182088735e-03 5.215675645502476469e-03 1.041610753611038956e-02 3.042195718889449327e-02 2.193986587979603886e-01 9.252352487286510940e-02 1.816763684677624446e-01
2.609459382985349768e-02 1.749636505256585983e-01 2.886117321113948475e-01 4.847651996643356082e-02 2.136940817660690564e-02 5.999720918312240886e-02 2.456431716211865401e-01 7.453350567802870252e-02 1.503658522543450601e-02 1.295400109388200952e-02 1.641358137699783920e-02 1.590604121140051785e-02
1.741540819387258536e-03 8.578828155013006268e-04 7.014847638158740531e-03 8.753493277875218359e-02 3.323595268193693109e-01 5.523679904263412849e-02 1.614837906152727653e-01 1.181357680234036145e-01 1.674261495244195597e-01 2.298573697230597151e-02 3.251484491594994891e-02 1.270818003484519565e-02
1.230217000155487371e-02 3.102444664320531606e-02 2.413021748467737426e-01 2.508754696881171919e-01 2.568000944796519983e-02 3.441721808616166663e-03 6.019792512118705453e-03 2.597644524803283464e-02 1.158425122985209665e-01 4.143658993497829901e-02 2.154667710712243056e-01 3.063189649889276264e-02
1.692284693971285170e-01 1.658301671946354472e-01 1.205226980834549350e-01 1.320624449996335992e-01 3.871542757329968221e-02 4.900990125778550803e-03 1.165435219926507816e-03 9.244628755275611761e-04 2.076408940829462587e-03 4.714918381701981021e-03 2.179540312289260373e-02 3.380631740851913203e-01
7.916913654787890173e-04 3.977537959681975988e-03 2.706530461286899697e-02 4.208094465100039039e-01 6.172196323307085203e-02 7.702966819764892059e-02 3.070092271385895244e-01 7.054549952426818205e-02 2.311783310312607448e-02 4.926986463190799470e-03 1.335063465636804770e-03 1.669778426435668695e-03
1.103358570076654888e-01 1.833802920951014062e-02 1.852394466782069423e-03 7.052487350274105372e-03 4.525311318564180507e-02 2.021009355913764433e-02 8.264963450329931849e-02 1.547047257303398315e-01 1.067097270948726695e-01 4.761317790178094117e-02 5.811353275334046192e-02 3.471672272373555468e-01
7.005100879240436750e-03 6.511375416427952686e-03 2.477515782752834350e-02 2.667360437382172017e-02 1.133590717586419189e-01 2.830292068377132098e-01 6.559675730975987606e-02 2.136275164768665080e-01 1.769260374332349284e-01 5.267329242687605884e-02 2.029993823531488217e-02 9.522941024574047703e-03
3.397820231387554263e-03 2.644705145193844420e-02 1.285581465273624158e-01 8.679075368093182308e-02 8.658261114374224410e-02 1.038567793844871745e-01 5.613714852762391461e-02 1.940669065175082766e-02 2.241237899921160598e-02 2.873816157382605985e-01 1.642779674255944178e-01 1.475103623770886857e-02
5.641575564712307533e-03 6.316686963951014672e-04 1.964768639751889793e-04 5.430309855654156387e-04 4.344636727417244305e-03 3.556964264277823196e-02 9.636620205401159878e-02 2.710018369020234519e-01 2.170461257269571398e-01 1.401758818400712925e-01 1.472447081471412456e-01 8.123821384895169029e-02
1.204884286719088426e-01 1.543742668256809294e-02 1.148844890994624168e-02 1.616973648307990473e-03 2.787198056307929085e-03 2.968487164017546195e-03 3.588482272155554820e-02 4.351739634710115601e-01 1.590138418795566944e-01 1.462284261201716173e-01 2.737660175023027068e-02 4.153538092441780988e-02
5.740352057029036309e-02 2.298772102834045761e-02 2.810791690427650452e-02 2.628046390295566206e-02 8.535397435085767537e-02 5.029805914624248947e-02 1.546553117990677115e-02 9.298146504287550795e-02 3.149110460028806679e-01 4.444250603814162148e-02 4.738242036303505489e-02 2.143853754701973702e-01
1.444928823765724742e-02 6.627670775111407786e-02 3.742779157436337822e-01 9.756246657538394929e-02 3.780723277474841160e-01 5.832352397285119061e-02 8.179638935748087883e-03 7.306625959349808113e-04 1.069110070343066700e-04 3.886542115796786322e-05 2.350149362879962677e-04 1.746677075712530728e-03
1.367931241232215045e-01 6.354807244354288009e-02 1.548208310067214835e-02 6.944499070361018905e-03 2.335368397198079541e-03 2.621982153811092901e-03 1.666381096368675305e-02 8.397250701307486243e-03 3.618983977815180830e-02 4.181960939618493134e-01 8.569952679390774319e-02 2.071283485122903389e-01
1.999866758013680353e-03 2.441100500335317532e-04 1.553528909816071030e-05 1.563206212385589349e-04 3.602322884955203985e-03 3.855842827758027003e-02 4.266978991884740058e-01 4.508717181783851446e-02 3.511538721516264255e-02 3.947225583486472233e-01 4.754777758431655982e-02 6.252621964641668501e-03
5.439592411838048425e-02 2.536304452069756965e-01 1.475207434030516643e-02 2.610444166730177366e-03 6.584838574534698438e-04 6.186308724679145422e-04 1.020031360923625424e-03 3.524067066500244198e-03 4.630625770394981855e-02 2.549699687579757845e-01 1.283678309505679460e-01 2.391458415977698870e-01
1.704353267906093261e-02 3.459279621799637300e-02 2.440269488520514229e-01 1.284719683013018920e-01 2.200326709763542055e-02 5.350550281900007601e-03 1.981384967770057071e-02 1.950443558166315150e-01 2.433883077244360649e-01 3.704898086172782323e-02 1.058294872559135784e-02 4.263249376396668899e-02
2.403110036614145850e-01 2.751993618738179936e-01 1.396368501817858987e-01 1.054599715880989719e-01 2.686320240036827942e-02 6.481468157180235619e-03 1.788282264161755600e-03 3.274173244777066685e-03 8.346135002661488403e-03 1.592791562415374340e-02 6.569870817943253283e-02 1.110129278221471949e-01
5.271917432446768595e-03 2.637858275563801508e-02 7.533619975574491062e-03 2.535031117166842290e-02 2.308095663052186775e-01 6.785055028786100839e-02 7.398604217899362734e-02 8.520166424689887275e-02 1.258216276141862766e-01 3.149932513457911476e-01 3.288154850827340603e-02 3.921318177449369460e-03
3.111596232821003949e-02 2.951433937331466445e-02 2.409963170677803523e-02 7.976179629359632026e-03 7.248993916524757580e-03 3.033608285930509962e-02 3.260617533970006088e-02 1.229333560273474929e-01 8.794965011389795084e-02 1.736233352114845974e-01 3.436281103559061245e-01 1.089681831381716925e-01
5.042003740156986852e-02 1.622878501788779793e-02 4.717955707976696604e-03 1.270041415208428802e-02 4.960332148072965630e-02 2.242333027172307147e-01 6.723821822914780033e-02 1.527085241913672675e-01 2.052143083462274614e-02 8.494011469121823948e-03 6.152721704033776995e-02 3.316067817579237409e-01
3.680545125588741140e-03 1.894711440632077144e-03 2.658715242741453537e-04 4.201052071660465147e-04 2.085808428640019505e-03 7.207681009128627178e-03 2.070288755170026501e-02 4.185719159553454027e-02 1.221365530267986277e-01 3.265342478159662942e-01 4.439692449696174825e-01 2.924515230495328133e-02
1.013803741689572142e-03 7.912692467755791381e-03 5.084322357431640682e-02 4.578877252054114333e-01 2.378866350960871234e-01 7.984014766869816648e-02 1.156490777331318220e-01 4.311949069328330220e-02 3.743868548771644468e-03 9.657070882169781038e-04 6.382496545273631024e-04 4.993785281106592365e-04
6.347422069628649854e-02 8.396731653275302243e-02 1.231995241088691545e-01 1.545068618854222309e-01 5.612599632608028521e-02 6.421537342874409152e-03 1.815830759716748760e-03 3.950402482678051167e-04 1.338893133644455165e-03 2.720355736641297262e-02 3.816491018981151284e-01 9.990211970155740695e-02
1.748295923375304400e-02 3.306885311568989044e-02 2.123490680331257263e-01 2.734983530996383527e-02 8.831177277852059193e-02 2.257256281242855239e-02 2.992973594224964881e-02 4.457509983637924361e-02 1.185673031355717610e-01 2.158428527337030722e-01 1.567234577545461305e-01 3.322649931406827795e-02
1.850074280659522452e-01 9.732441618688272844e-02 9.044995597503904805e-02 1.282594057970598903e-02 7.112280649425366252e-03 2.694204479586463814e-03 4.126835243334764369e-02 3.811807197390382762e-01 6.879737916097922179e-02 1.694124848700199679e-02 2.012481501490014091e-02 7.627325922814062742e-02
1.326240670243495267e-03 5.085823545488614081e-03 1.509911590329206937e-02 7.989738236485600942e-02 1.536432951027298655e-01 1.576157525429789930e-01 1.594204456948859205e-01 1.358437561721416997e-01 1.081135658166834934e-01 1.567622736081631107e-01 2.442264908350812169e-02 2.769699495029010437e-03
1.182419766639757931e-02 1.236494776048475356e-03 1.054168133544096907e-02 6.764139559493772234e-04 1.192090780333982360e-03 1.214198931721994709e-02 7.941872799898430646e-02 9.191236577674086194e-02 8.250072546684321384e-02 2.908112261217677963e-01 2.743759518063104696e-01 1.433681349979631092e-01
2.106515818705278348e-02 1.995992892462350801e-02 2.792227377294470569e-02 1.194740181191676909e-01 1.790788087552816765e-01 9.184570277721729181e-02 7.082333205308261048e-02 8.699187068626930419e-02 7.873038186079656109e-02 2.292405750178945489e-01 5.750387384092477822e-02 1.736407600474485641e-02
3.531929000029949625e-03 4.206661032377119317e-04 3.766414259133992631e-04 3.406753137475327774e-03 5.308282975825921735e-02 3.637984009111882022e-01 2.222250761331840407e-01 2.530388601340909926e-01 4.458999762477336426e-02 1.297498980922116678e-02 3.310797626627440954e-02 9.445879696352436558e-03
2.369899552197383130e-01 1.175872310452965863e-01 2.900335171629581446e-02 4.124985221537918502e-03 1.647943162260578475e-03 1.385862645912720086e-03 1.205630589609341021e-03 7.533077492376067004e-03 3.379039121602854523e-02 1.740008719565555029e-01 2.692531771280377018e-01 1.234775226063508369e-01
5.597691361530408817e-04 7.682623373235969444e-03 1.084812479447718470e-01 3.252347179930490939e-01 6.669182079319123380e-02 9.325428013641630376e-02 2.781999364355736137e-01 9.274275955341905464e-02 2.366394233599774383e-02 2.837157444869933300e-03 5.218531830201019687e-04 1.298916703024280720e-04
2.395866432632228274e-02 4.054899051900715673e-02 2.542248694156518107e-01 1.508524240912563208e-01 2.066522208129903393e-02 1.304791782862719379e-02 1.075374310490959245e-01 2.681319309541557727e-01 4.033531706644219450e-02 4.057360862422335762e-02 2.522050199089922312e-02 1.490312205302014512e-02
3.629438540287739049e-03 1.933155207958049682e-02 3.112683172993991471e-02 1.166446098941815307e-01 2.979150622387324310e-01 8.312562705069787006e-02 9.484186832161986547e-02 1.554101128201764437e-01 1.602787191556174773e-01 1.995802613758860741e-02 1.217439335954903154e-02 5.563758672028811317e-03
5.450549776105492739e-02 2.998847959024141668e-02 3.057826534995312928e-02 5.064389032391838213e-03 1.683980625695426963e-03 7.193063062505848128e-03 3.717517774480888493e-02 4.207459219927268679e-01 3.859851708003066151e-02 6.366213366801307116e-02 1.557104486919258235e-01 1.550941254006520942e-01
1.149815144066614614e-01 4.700354695976488584e-02 2.039311530726437352e-02 3.781656162421856426e-02 3.280959496110388840e-02 7.283371633377727639e-02 2.107324358261780384e-01 7.153247239782890843e-02 2.008435406217889962e-02 3.956444366599490281e-02 2.573318582858776238e-01 7.491638616915134719e-02
1.051435560463348518e-01 1.743923652281129666e-01 1.539479193261721335e-01 5.296521994129094191e-02 2.175984720916216975e-01 2.010338884900502721e-01 2.301557303771501264e-02 2.870950632133407315e-02 1.040694064687675523e-02 4.644231435926339698e-03 9.720475880605473212e-03 1.842185155395977686e-02
9.336954588624311879e-02 2.171391386097554915e-02 1.982349693798171608e-02 4.032366637685720623e-02 1.235968814882759254e-01 1.772861012145404147e-01 8.231041502507048524e-02 4.323690486763406837e-02 2.094108241987934979e-02 3.337292528334103586e-02 1.418603642256635322e-01 2.021647024135378723e-01
1.088463144580481268e-01 5.710534152434063038e-02 4.833203291604400154e-02 1.685811650231169162e-02 3.649565807297270280e-03 1.042231789413793032e-03 1.432721137191102093e-03 4.572480813662002652e-03 4.218702638779425751e-02 3.841743710144923107e-01 2.076876485236173464e-01 1.241121491257876491e-01
7.416909426448404542e-03 8.451092889574056410e-02 2.966911589775489411e-01 8.803804828032925356e-02 2.085251727658279583e-02 1.186430800697382132e-02 9.830526050115128214e-03 3.927286653526870785e-02 8.271877377739110526e-02 2.414780642370025487e-01 1.063075758288108685e-01 1.101832270778838746e-02
5.698471020736355780e-02 1.717355567098499680e-01 3.124992623066835673e-01 3.726765974662165498e-02 2.674863514384902274e-02 1.223200046552926253e-02 1.727734589585869923e-02 8.227964125095809517e-03 2.524153367521711142e-02 1.148889618630334758e-01 1.018367732766302935e-01 1.150595965842678703e-01
1.543021633811529278e-02 1.325980944051541321e-02 9.601309971688900061e-03 1.016238735474350383e-02 1.162590407314412558e-02 1.326237725444205373e-01 2.071109891767101696e-01 3.815150578818889415e-01 1.322756703476570816e-01 3.655722791605531957e-02 3.726392599869376987e-02 1.257372895636714449e-02
2.770216710918098346e-02 5.389971294195617865e-03 1.225783214739821231e-03 3.120232010444602992e-04 1.370898076781883429e-04 6.007717167013210645e-04 2.493507581640488652e-03 1.722092424163880822e-02 8.201428756680294307e-02 3.050954213605376886e-01 3.266304199789031859e-01 2.311776329269366326e-01
3.167903542002112327e-02 1.774288944239135052e-02 5.155309931976270743e-03 2.213891278731951640e-04 1.369711369289742901e-03 4.089974628600198496e-03 1.109041399052978984e-04 7.597666243888881628e-03 1.021744907186855067e-01 3.093783168537784234e-01 1.196195720444471478e-01 4.008607400791428521e-01
1.207436787311143428e-01 2.489882168023898334e-01 9.217007467201528137e-02 1.186675696854495692e-02 7.851497231107139319e-03 5.013138862831702236e-03 3.282101172975244313e-03 5.691064814393900426e-03 4.586773130061439635e-02 4.295766987617438692e-02 1.228918345964580688e-01 2.926762349713810663e-01
1.434712567846327669e-01 2.840250870450664600e-01 2.459228758140031834e-01 1.165202041459044158e-01 1.837430925115193098e-02 1.713904562713980395e-02 4.241690774157588946e-03 2.992376402035231212e-03 1.037851737315891726e-02 3.611857537004699303e-02 7.187938430142697122e-02 4.893667711127583364e-02
9.282746160369677313e-03 8.870849126319729772e-02 3.372577877129895318e-01 7.521014429558722791e-02 5.665122542584222209e-02 1.405909514713816200e-01 1.496798103534084934e-01 2.332640611305312334e-02 4.915319292659836928e-03 6.638058710924829575e-02 3.688130447701694348e-02 1.111522632524603038e-02
9.399839365031439214e-03 2.196284952496056070e-02 1.621829325854242665e-01 2.436862028861263296e-01 5.650496202355621833e-02 3.905707727647311778e-03 8.185808856914642689e-03 7.164863606768235964e-03 4.779424991551142754e-02 3.778828429701220903e-01 4.772575497402657685e-02 1.360398556391137319e-02
7.322063406813597575e-02 9.323798332759812568e-02 1.355179405148165470e-02 3.672740820988027854e-03 6.130392797639597300e-04 1.800596090346155643e-04 1.055278679337693943e-03 5.493482610433504144e-03 2.638501735398573328e-02 4.069158123696026697e-01 8.288097689216875064e-02 2.927931809374692551e-01
1.004780670791615566e-02 1.310086234607683586e-01 3.385707860235806499e-01 3.923282016010710971e-02 5.217709167396368530e-02 3.650155937113756799e-02 7.249046383408039307e-02 1.132566042291721087e-01 4.729353494711134587e-02 4.556244541205180243e-02 9.798632561830006305e-02 1.587193856181073892e-02
1.437811840056280044e-01 1.153679964376581463e-01 1.395469355769393127e-01 3.729012517831048479e-02 1.184617181659754562e-02 5.417680147516980640e-03 7.753742712658282313e-03 2.053355461402898291e-02 6.180824885729689633e-02 2.751496437397087449e-02 1.281840971950007901e-01 3.009552990843936127e-01
3.449176488657486050e-01 1.046222943221622736e-01 1.823793100628626901e-02 5.784634367577308478e-02 3.213295654504828569e-01 1.022550811192196318e-01 9.597436799762307583e-03 1.354304030178695231e-03 1.101790828839834717e-03 1.470147644888373812e-03 3.013056047597644643e-03 3.425440020906017624e-02
1.907787957454048500e-01 5.151217255069913126e-01 1.708945755710181702e-01 2.376495813726579864e-02 1.118467817320039324e-02 1.932188089585204971e-03 8.825250090752491221e-04 8.417972564458580699e-04 1.716856176593174656e-03 3.809209972542735179e-03 1.365487725732936024e-02 6.541781310454838905e-02
1.006170565923468763e-01 1.607495669423681661e-01 3.824204732500585679e-02 8.714397831539846817e-02 5.699374177718107698e-02 6.809792183400159050e-03 2.070771547510430466e-02 2.519509697782205682e-01 1.768347435705060755e-01 7.325482661913840232e-02 1.669820583987074308e-02 9.997355581459491103e-03
2.159514292827245489e-03 5.572800021151610994e-03 1.502624065981065377e-02 3.628626594191698695e-02 6.680765657199383423e-02 2.926090589972006328e-01 5.313353719615217935e-02 2.189222927855262457e-02 7.847515919456778122e-02 3.816392496369610532e-01 4.272196805046332702e-02 3.676320158402045235e-03
2.259854911346996509e-03 4.005097524345920196e-04 3.008300912530734888e-04 4.871954623366877603e-03 3.508352321721520256e-02 4.687625756054709936e-02 2.546773759460590481e-01 1.713614298954256321e-01 2.660280036914151047e-01 1.375239415230349316e-01 6.906188303322136068e-02 1.155443575468043625e-02
