1.476355109980798386e-01 2.192493934743823258e-01 1.110678893939340689e-01 4.551384097798641393e-02 6.849699503485835381e-03 -2.720986387760909384e-02 -9.007902850421040108e-02 -7.036438999434874164e-02 3.141917612211485300e-02 1.129260231531194203e-01 5.617116167325800907e-02 7.964367675942427005e-02
2.192493934743823258e-01 4.348114972950453683e-01 1.849185878451443665e-01 6.874120946904382912e-02 1.219486466514281206e-02 -3.186273938926579424e-02 -1.082077120450517793e-01 -8.465017241185848751e-02 3.800043586393210548e-02 1.363026109815073106e-01 6.957795192981958143e-02 1.058634339343219599e-01
1.110678893939340689e-01 1.849185878451443665e-01 9.167888053937106596e-02 3.625174247575574382e-02 5.759987426081105560e-03 -2.001105011225668556e-02 -6.670543462227451759e-02 -5.213243349204839394e-02 2.328754215926687188e-02 8.366763034074788108e-02 4.169397548267647635e-02 5.935281769905111082e-02
4.551384097798641393e-02 6.874120946904382912e-02 3.625174247575574382e-02 1.491602229514360847e-02 2.208771823422274808e-03 -9.015508680839563749e-03 -2.979871843703949669e-02 -2.327753095539029579e-02 1.037751885876891586e-02 3.731224103640109341e-02 1.841369997535368883e-02 2.548625373572572378e-02
6.849699503485835381e-03 1.219486466514281206e-02 5.759987426081105560e-03 2.208771823422274808e-03 3.804142196805255951e-04 -1.081890271710037130e-03 -3.651932940402649076e-03 -2.855000970040460183e-03 1.282891059606757660e-03 4.598903538053230981e-03 2.327927756627508511e-03 3.457672993956753017e-03
-2.720986387760909384e-02 -3.186273938926579424e-02 -2.001105011225668556e-02 -9.015508680839563749e-03 -1.081890271710037130e-03 6.660522413431877592e-03 2.165294956922980685e-02 1.690179262263402996e-02 -7.493853642294296714e-03 -2.700089714870397214e-02 -1.305853406604063661e-02 -1.699812462397409796e-02
-9.007902850421040108e-02 -1.082077120450517793e-01 -6.670543462227451759e-02 -2.979871843703949669e-02 -3.651932940402649076e-03 2.165294956922980685e-02 7.048261471631293851e-02 5.502003792773618729e-02 -2.440590748170118340e-02 -8.792069341638274194e-02 -4.259081980049504029e-02 -5.572611094710790136e-02
-7.036438999434874164e-02 -8.465017241185848751e-02 -5.213243349204839394e-02 -2.327753095539029579e-02 -2.855000970040460183e-03 1.690179262263402996e-02 5.502003792773618729e-02 4.295173445632274878e-02 -1.904871729226349786e-02 -6.862677272074882429e-02 -3.324655548802910726e-02 -4.350911946647863238e-02
3.141917612211485300e-02 3.800043586393210548e-02 2.328754215926687188e-02 1.037751885876891586e-02 1.282891059606757660e-03 -7.493853642294296714e-03 -2.440590748170118340e-02 -1.904871729226349786e-02 8.464457809458869608e-03 3.047264455319720344e-02 1.477171787395113040e-02 1.936917507796243054e-02
1.129260231531194203e-01 1.363026109815073106e-01 8.366763034074788108e-02 3.731224103640109341e-02 4.598903538053230981e-03 -2.700089714870397214e-02 -8.792069341638274194e-02 -6.862677272074882429e-02 3.047264455319720344e-02 1.097337299230779217e-01 5.318221719590864038e-02 6.968771256528254188e-02
5.617116167325800907e-02 6.957795192981958143e-02 4.169397548267647635e-02 1.841369997535368883e-02 2.327927756627508511e-03 -1.305853406604063661e-02 -4.259081980049504029e-02 -3.324655548802910726e-02 1.477171787395113040e-02 5.318221719590864038e-02 2.585126074062368134e-02 3.417340232862881022e-02
7.964367675942427005e-02 1.058634339343219599e-01 5.935281769905111082e-02 2.548625373572572378e-02 3.457672993956753017e-03 -1.699812462397409796e-02 -5.572611094710790136e-02 -4.350911946647863238e-02 1.936917507796243054e-02 6.968771256528254188e-02 3.417340232862881022e-02 4.643335459345195732e-02
3.163036199281264449e-01 1.466497793881071376e-01 7.449553461359956219e-02 1.024588791479827954e-01 3.949505229256361494e-02 5.147535307897958129e-02 6.893172398811900359e-02 5.109494518980665922e-02 4.961820021263774194e-02 2.936767768729568392e-02 5.897564674822407954e-02 1.614283738012846636e-01
1.466497793881071376e-01 7.215031007274523567e-02 4.397735675678532408e-02 7.234409059267099540e-02 2.785180664001197723e-02 3.601247811485966399e-02 4.765583342113599574e-02 3.436278363536282576e-02 3.176104152485162424e-02 1.651498143393112863e-02 2.878192291855172572e-02 7.581151746399708569e-02
7.449553461359956219e-02 4.397735675678532408e-02 4.212494669140660897e-02 8.997833629138735079e-02 3.462303181784685130e-02 4.444058489024445974e-02 5.803630899278947736e-02 4.046123706149465371e-02 3.500348439305021875e-02 1.462423851948988461e-02 1.768293032327728637e-02 4.053681623379697813e-02
1.024588791479827954e-01 7.234409059267099540e-02 8.997833629138735079e-02 2.117001116521850246e-01 8.144270254400845510e-02 1.043433256493365713e-01 1.357564930792004021e-01 9.369064867196517932e-02 7.934329895676694999e-02 3.041869223616829043e-02 2.937028410537983678e-02 5.907981686426305029e-02
3.949505229256361494e-02 2.785180664001197723e-02 3.462303181784685130e-02 8.144270254400845510e-02 3.161083454386485331e-02 4.099492035935073386e-02 5.356186219944354676e-02 3.699639783965327777e-02 3.133224309934241891e-02 1.197233558515412542e-02 1.144353609334802617e-02 2.286531528948076292e-02
5.147535307897958129e-02 3.601247811485966399e-02 4.444058489024445974e-02 1.043433256493365713e-01 4.099492035935073386e-02 5.414291838467485268e-02 7.118669076340115864e-02 4.924189630884237556e-02 4.172487001425678743e-02 1.589734139913178551e-02 1.506143321469043984e-02 2.992087862715757385e-02
6.893172398811900359e-02 4.765583342113599574e-02 5.803630899278947736e-02 1.357564930792004021e-01 5.356186219944354676e-02 7.118669076340115864e-02 9.388343977834801013e-02 6.500720248801028500e-02 5.513736641140393885e-02 2.104560676877358788e-02 2.005299458572181240e-02 4.000427489435552653e-02
5.109494518980665922e-02 3.436278363536282576e-02 4.046123706149465371e-02 9.369064867196517932e-02 3.699639783965327777e-02 4.924189630884237556e-02 6.500720248801028500e-02 4.509388003736448242e-02 3.834926322796677889e-02 1.476894487480437564e-02 1.446032884905615323e-02 2.939202020621017875e-02
4.961820021263774194e-02 3.176104152485162424e-02 3.500348439305021875e-02 7.934329895676694999e-02 3.133224309934241891e-02 4.172487001425678743e-02 5.513736641140393885e-02 3.834926322796677889e-02 3.279596944551385618e-02 1.287661556689556272e-02 1.332910962348478334e-02 2.807772540601997241e-02
2.936767768729568392e-02 1.651498143393112863e-02 1.462423851948988461e-02 3.041869223616829043e-02 1.197233558515412542e-02 1.589734139913178551e-02 2.104560676877358788e-02 1.476894487480437564e-02 1.287661556689556272e-02 5.467126467283920863e-03 6.838803882371313238e-03 1.592942607688000584e-02
5.897564674822407954e-02 2.878192291855172572e-02 1.768293032327728637e-02 2.937028410537983678e-02 1.144353609334802617e-02 1.506143321469043984e-02 2.005299458572181240e-02 1.446032884905615323e-02 1.332910962348478334e-02 6.838803882371313238e-03 1.171408660165785751e-02 3.066452783247991531e-02
1.614283738012846636e-01 7.581151746399708569e-02 4.053681623379697813e-02 5.907981686426305029e-02 2.286531528948076292e-02 2.992087862715757385e-02 4.000427489435552653e-02 2.939202020621017875e-02 2.807772540601997241e-02 1.592942607688000584e-02 3.066452783247991531e-02 8.301275639682920149e-02
1.603779599664650890e-01 1.411553914337913829e-01 1.757211836154637385e-01 1.234318151166507310e-01 1.383902256215063242e-01 7.565583637350023483e-02 3.866207975776012745e-02 3.804667783830697342e-02 3.118028280503442815e-02 2.703883030146349287e-02 3.098907745300134853e-02 6.561682810213617656e-02
1.411553914337913829e-01 1.337395215769272006e-01 1.783644547248398882e-01 1.189169017723730182e-01 1.268150885755288948e-01 6.858291363850632649e-02 3.482394168938187512e-02 3.407500951193646876e-02 2.783465350892532983e-02 2.404675631368669020e-02 2.741489640126880747e-02 5.779651089169141054e-02
1.757211836154637385e-01 1.783644547248398882e-01 2.738628427797674125e-01 1.752409897959018026e-01 1.774657663647474515e-01 9.405680826838727637e-02 4.698230690442635471e-02 4.524824381618415547e-02 3.658026125769856668e-02 3.119360541886913307e-02 3.491073799006868400e-02 7.250761468954391997e-02
1.234318151166507310e-01 1.189169017723730182e-01 1.752409897959018026e-01 1.329413421232804593e-01 1.478561083684405697e-01 7.763092470860222249e-02 3.802361939678452346e-02 3.584161634672164420e-02 2.851108544606341388e-02 2.378975802517592844e-02 2.578165043689498170e-02 5.210512929538994170e-02
1.383902256215063242e-01 1.268150885755288948e-01 1.774657663647474515e-01 1.478561083684405697e-01 1.808588358946177643e-01 9.485432213747360675e-02 4.605377962989673502e-02 4.297649202702483878e-02 3.391133729749909453e-02 2.797508463618470637e-02 2.978730990637055986e-02 5.926395494912312101e-02
7.565583637350023483e-02 6.858291363850632649e-02 9.405680826838727637e-02 7.763092470860222249e-02 9.485432213747360675e-02 5.021933226432589298e-02 2.451399487262485161e-02 2.299290988541902170e-02 1.820067262076394132e-02 1.507341966766148275e-02 1.614404847110580132e-02 3.228624466262024206e-02
3.866207975776012745e-02 3.482394168938187512e-02 4.698230690442635471e-02 3.802361939678452346e-02 4.605377962989673502e-02 2.451399487262485161e-02 1.205411498669972485e-02 1.138634063269534924e-02 9.054281739109052568e-03 7.541440916137140058e-03 8.145911564545822020e-03 1.641186482077184108e-02
3.804667783830697342e-02 3.407500951193646876e-02 4.524824381618415547e-02 3.584161634672164420e-02 4.297649202702483878e-02 2.299290988541902170e-02 1.138634063269534924e-02 1.083831376412507617e-02 8.661039893756940569e-03 7.258327244751238555e-03 7.911062136928404334e-03 1.606223986855975089e-02
3.118028280503442815e-02 2.783465350892532983e-02 3.658026125769856668e-02 2.851108544606341388e-02 3.391133729749909453e-02 1.820067262076394132e-02 9.054281739109052568e-03 8.661039893756940569e-03 6.947122177433438621e-03 5.849503078776475615e-03 6.419477469371222267e-03 1.310956007018993820e-02
2.703883030146349287e-02 2.404675631368669020e-02 3.119360541886913307e-02 2.378975802517592844e-02 2.797508463618470637e-02 1.507341966766148275e-02 7.541440916137140058e-03 7.258327244751238555e-03 5.849503078776475615e-03 4.957606906509866990e-03 5.492467233982667452e-03 1.130538597791673656e-02
3.098907745300134853e-02 2.741489640126880747e-02 3.491073799006868400e-02 2.578165043689498170e-02 2.978730990637055986e-02 1.614404847110580132e-02 8.145911564545822020e-03 7.911062136928404334e-03 6.419477469371222267e-03 5.492467233982667452e-03 6.172062930920138579e-03 1.285289333253629776e-02
6.561682810213617656e-02 5.779651089169141054e-02 7.250761468954391997e-02 5.210512929538994170e-02 5.926395494912312101e-02 3.228624466262024206e-02 1.641186482077184108e-02 1.606223986855975089e-02 1.310956007018993820e-02 1.130538597791673656e-02 1.285289333253629776e-02 2.703094462892814340e-02
8.728161225121863764e-03 2.093912142506047791e-02 4.887265212669979902e-02 5.278490292433433984e-02 4.169869021708681039e-02 8.606659403028257480e-03 6.164687637932420722e-03 5.877717730021856518e-03 2.853368250034308586e-03 2.077214813019821141e-03 1.989824140205853718e-03 3.640918104312121373e-03
2.093912142506047791e-02 5.048250506089452250e-02 1.184784047110518240e-01 1.252061889357483360e-01 9.771942138924274990e-02 2.026991515930845478e-02 1.462701092169547967e-02 1.398922437066280056e-02 6.797973617876277609e-03 4.953492327679313682e-03 4.751667856359638800e-03 8.711547780997556598e-03
4.887265212669979902e-02 1.184784047110518240e-01 2.829777764774815685e-01 2.932989464654202072e-01 2.226827059516175433e-01 4.643222779647115939e-02 3.375887627409528136e-02 3.238542033411494908e-02 1.575326250660832872e-02 1.148972697282215141e-02 1.103709097171098885e-02 2.027611388838750778e-02
5.278490292433433984e-02 1.252061889357483360e-01 2.932989464654202072e-01 4.045518757323469661e-01 2.786712825182315889e-01 5.623467768783438347e-02 3.891792966695434286e-02 3.657923660852449577e-02 1.768422656364672385e-02 1.282704609189383796e-02 1.222599911853898547e-02 2.221564000021308133e-02
4.169869021708681039e-02 9.771942138924274990e-02 2.226827059516175433e-01 2.786712825182315889e-01 2.319865098260011083e-01 4.635275663081366709e-02 3.155884188832520920e-02 2.945270552666780575e-02 1.420576052578292718e-02 1.028163148726290478e-02 9.768043574433948883e-03 1.766545105873392613e-02
8.606659403028257480e-03 2.026991515930845478e-02 4.643222779647115939e-02 5.623467768783438347e-02 4.635275663081366709e-02 9.329492134125923902e-03 6.421221049188722066e-03 6.020122686716975965e-03 2.907545227836528818e-03 2.106866044467655460e-03 2.004947733732624117e-03 3.634556260454697898e-03
6.164687637932420722e-03 1.462701092169547967e-02 3.375887627409528136e-02 3.891792966695434286e-02 3.155884188832520920e-02 6.421221049188722066e-03 4.498093250783883126e-03 4.247887157926867434e-03 2.055909980862349103e-03 1.492490219167304059e-03 1.423933996484732243e-03 2.590719734942151416e-03
5.877717730021856518e-03 1.398922437066280056e-02 3.238542033411494908e-02 3.657923660852449577e-02 2.945270552666780575e-02 6.020122686716975965e-03 4.247887157926867434e-03 4.024316938696615234e-03 1.949456064101208301e-03 1.416327946301516958e-03 1.352761454844684337e-03 2.465062812313669523e-03
2.853368250034308586e-03 6.797973617876277609e-03 1.575326250660832872e-02 1.768422656364672385e-02 1.420576052578292718e-02 2.907545227836528818e-03 2.055909980862349103e-03 1.949456064101208301e-03 9.446323977988033832e-04 6.864806473225581324e-04 6.559167822379778287e-04 1.195867252464094099e-03
2.077214813019821141e-03 4.953492327679313682e-03 1.148972697282215141e-02 1.282704609189383796e-02 1.028163148726290478e-02 2.106866044467655460e-03 1.492490219167304059e-03 1.416327946301516958e-03 6.864806473225581324e-04 4.990023659227139138e-04 4.769565420998051549e-04 8.700201545369750083e-04
1.989824140205853718e-03 4.751667856359638800e-03 1.103709097171098885e-02 1.222599911853898547e-02 9.768043574433948883e-03 2.004947733732624117e-03 1.423933996484732243e-03 1.352761454844684337e-03 6.559167822379778287e-04 4.769565420998051549e-04 4.561260837779432991e-04 8.326348523727245508e-04
3.640918104312121373e-03 8.711547780997556598e-03 2.027611388838750778e-02 2.221564000021308133e-02 1.766545105873392613e-02 3.634556260454697898e-03 2.590719734942151416e-03 2.465062812313669523e-03 1.195867252464094099e-03 8.700201545369750083e-04 8.326348523727245508e-04 1.521508507048214588e-03
2.034100862247026908e-01 1.610171351140071150e-01 8.245976644139285661e-02 1.254098789756938337e-01 8.270700043950626745e-02 7.727723673484712674e-02 4.138522572093018825e-02 3.081453933821031929e-02 5.132929108788070877e-02 5.359604279769007718e-02 1.356957417107711172e-01 1.833673621783112606e-01
1.610171351140071150e-01 1.420305010923008371e-01 7.638457980624877020e-02 1.209347246782834645e-01 7.952561354259390924e-02 7.378027280557666878e-02 3.899931157522196212e-02 2.804364702834604220e-02 4.495811918280977204e-02 4.454155176161162660e-02 1.085219949545238871e-01 1.423250538511362240e-01
8.245976644139285661e-02 7.638457980624877020e-02 4.585611759794332859e-02 7.846862594464160123e-02 5.184906100390222761e-02 4.799010755032073750e-02 2.511202862908116368e-02 1.754066410853671529e-02 2.718631637672761295e-02 2.560806663836383279e-02 5.996649273805110258e-02 7.491620827054755460e-02
1.254098789756938337e-01 1.209347246782834645e-01 7.846862594464160123e-02 1.419094175036409444e-01 9.408336256512167539e-02 8.697933124626265611e-02 4.523913473267597574e-02 3.103417151639718818e-02 4.704877078545636332e-02 4.277276245582095626e-02 9.719446924645219754e-02 1.167030300135861870e-01
8.270700043950626745e-02 7.952561354259390924e-02 5.184906100390222761e-02 9.408336256512167539e-02 6.260829896203061462e-02 5.798413598558125465e-02 3.017171850112113779e-02 2.071231369459320543e-02 3.142472600099263658e-02 2.858184599585723851e-02 6.496821224787266424e-02 7.770473899951849117e-02
7.727723673484712674e-02 7.378027280557666878e-02 4.799010755032073750e-02 8.697933124626265611e-02 5.798413598558125465e-02 5.380995327513114074e-02 2.802905448596051952e-02 1.928919695842186421e-02 2.935258684161883014e-02 2.680402666713655249e-02 6.113277374108948281e-02 7.312702771215567887e-02
4.138522572093018825e-02 3.899931157522196212e-02 2.511202862908116368e-02 4.523913473267597574e-02 3.017171850112113779e-02 2.802905448596051952e-02 1.462960164187807575e-02 1.012014032755440343e-02 1.549619481606224689e-02 1.427853847136448424e-02 3.281294366842710253e-02 3.942159478089924535e-02
3.081453933821031929e-02 2.804364702834604220e-02 1.754066410853671529e-02 3.103417151639718818e-02 2.071231369459320543e-02 1.928919695842186421e-02 1.012014032755440343e-02 7.104829436777140503e-03 1.107117568262200660e-02 1.045787234741768490e-02 2.452624244439566975e-02 2.982182445820800304e-02
5.132929108788070877e-02 4.495811918280977204e-02 2.718631637672761295e-02 4.704877078545636332e-02 3.142472600099263658e-02 2.935258684161883014e-02 1.549619481606224689e-02 1.107117568262200660e-02 1.761450346436625042e-02 1.711696903581531870e-02 4.104207147550286566e-02 5.052751016872700229e-02
5.359604279769007718e-02 4.454155176161162660e-02 2.560806663836383279e-02 4.277276245582095626e-02 2.858184599585723851e-02 2.680402666713655249e-02 1.427853847136448424e-02 1.045787234741768490e-02 1.711696903581531870e-02 1.737519073423449828e-02 4.302298660574179617e-02 5.390600915632285522e-02
1.356957417107711172e-01 1.085219949545238871e-01 5.996649273805110258e-02 9.719446924645219754e-02 6.496821224787266424e-02 6.113277374108948281e-02 3.281294366842710253e-02 2.452624244439566975e-02 4.104207147550286566e-02 4.302298660574179617e-02 1.092050071126766109e-01 1.385688483018208961e-01
1.833673621783112606e-01 1.423250538511362240e-01 7.491620827054755460e-02 1.167030300135861870e-01 7.770473899951849117e-02 7.312702771215567887e-02 3.942159478089924535e-02 2.982182445820800304e-02 5.052751016872700229e-02 5.390600915632285522e-02 1.385688483018208961e-01 1.844464929543181420e-01
2.806339167061731865e-02 4.028000129620327996e-02 7.251264813859642500e-02 9.531472186139852698e-02 6.750812174524434273e-02 3.026392445687887955e-02 1.273725181041258925e-02 6.291096055238167700e-03 2.554534055234230182e-03 6.656687572179583769e-03 1.714385490344583901e-02 1.927309959248519125e-02
4.028000129620327996e-02 5.810799946339172128e-02 1.054454620069703308e-01 1.393716594057252955e-01 9.686491319495255103e-02 4.336776097765424748e-02 1.825384491694476141e-02 9.016075206594739710e-03 3.660732307870451230e-03 9.538612055753993568e-03 2.456686554694835489e-02 2.762771846164882236e-02
7.251264813859642500e-02 1.054454620069703308e-01 1.966036033729068877e-01 2.684977283154213468e-01 1.766919153087039285e-01 7.841321940728290807e-02 3.290790134864698263e-02 1.622624257042536849e-02 6.580056125349005407e-03 1.713283269898738248e-02 4.412438741720253743e-02 4.964385075392180324e-02
9.531472186139852698e-02 1.393716594057252955e-01 2.684977283154213468e-01 4.739202038928319594e-01 2.595779047843167486e-01 1.088640389740445497e-01 4.454351744369659111e-02 2.165626142260551265e-02 8.706214630999152548e-03 2.255913597299901222e-02 5.805933095666634264e-02 6.527791829152648773e-02
6.750812174524434273e-02 9.686491319495255103e-02 1.766919153087039285e-01 2.595779047843167486e-01 1.769463541027490594e-01 7.624166620854870569e-02 3.145805073880501151e-02 1.536345884247175032e-02 6.194514381274100756e-03 1.607703134306735088e-02 4.137629452774153893e-02 4.646071514605489006e-02
3.026392445687887955e-02 4.336776097765424748e-02 7.841321940728290807e-02 1.088640389740445497e-01 7.624166620854870569e-02 3.356150268472665038e-02 1.396335771506683823e-02 6.850689857312991515e-03 2.770089515466083764e-03 7.201077950137113257e-03 1.853762263260752552e-02 2.082179148763705842e-02
1.273725181041258925e-02 1.825384491694476141e-02 3.290790134864698263e-02 4.454351744369659111e-02 3.145805073880501151e-02 1.396335771506683823e-02 5.839055969630010078e-03 2.872741805987769417e-03 1.163622846209469690e-03 3.027946586263099808e-03 7.796156650238361685e-03 8.759195033120472512e-03
6.291096055238167700e-03 9.016075206594739710e-03 1.622624257042536849e-02 2.165626142260551265e-02 1.536345884247175032e-02 6.850689857312991515e-03 2.872741805987769417e-03 1.415736738210583061e-03 5.740599247103189782e-04 1.494708514325804359e-03 3.848892772014499662e-03 4.325066394112160248e-03
2.554534055234230182e-03 3.660732307870451230e-03 6.580056125349005407e-03 8.706214630999152548e-03 6.194514381274100756e-03 2.770089515466083764e-03 1.163622846209469690e-03 5.740599247103189782e-04 2.329329860268785669e-04 6.067395938605875698e-04 1.562472055296598109e-03 1.755954311125157213e-03
6.656687572179583769e-03 9.538612055753993568e-03 1.713283269898738248e-02 2.255913597299901222e-02 1.607703134306735088e-02 7.201077950137113257e-03 3.027946586263099808e-03 1.494708514325804359e-03 6.067395938605875698e-04 1.580785676140739884e-03 4.070995023701028115e-03 4.575365899618385503e-03
1.714385490344583901e-02 2.456686554694835489e-02 4.412438741720253743e-02 5.805933095666634264e-02 4.137629452774153893e-02 1.853762263260752552e-02 7.796156650238361685e-03 3.848892772014499662e-03 1.562472055296598109e-03 4.070995023701028115e-03 1.048411630204814336e-02 1.178320818740675666e-02
1.927309959248519125e-02 2.762771846164882236e-02 4.964385075392180324e-02 6.527791829152648773e-02 4.646071514605489006e-02 2.082179148763705842e-02 8.759195033120472512e-03 4.325066394112160248e-03 1.755954311125157213e-03 4.575365899618385503e-03 1.178320818740675666e-02 1.324431714072044942e-02
7.929689102055878513e-02 3.956672947585088140e-02 2.528099067780150214e-02 2.727732882773107811e-02 3.867380992996261035e-02 1.970953685992576226e-02 2.539739232229279789e-02 5.435067673892807205e-02 7.373371120501004405e-02 5.896903708809836386e-02 9.459581397146776816e-02 1.523467390488325857e-01
3.956672947585088140e-02 2.082045315432320617e-02 1.433488012521532545e-02 1.650334317748699750e-02 2.401491935333763261e-02 1.241199910496218646e-02 1.631936422474020848e-02 3.526863154677906120e-02 4.751266551280898531e-02 3.447001510244225575e-02 4.870337392538645616e-02 7.392223394293148675e-02
2.528099067780150214e-02 1.433488012521532545e-02 1.092647373477474877e-02 1.356731386797911491e-02 2.029397149132326078e-02 1.064035395237729678e-02 1.427181013268972315e-02 3.113818719050374245e-02 4.168714670968342445e-02 2.736729259827008071e-02 3.278070200705260340e-02 4.526235183438941795e-02
2.727732882773107811e-02 1.650334317748699750e-02 1.356731386797911491e-02 1.772097232629688685e-02 2.696028763551052559e-02 1.425731880265260036e-02 1.934751115782937236e-02 4.244383502867035696e-02 5.663682793972135004e-02 3.502554341607890670e-02 3.708851255726307306e-02 4.686058889622550516e-02
3.867380992996261035e-02 2.401491935333763261e-02 2.029397149132326078e-02 2.696028763551052559e-02 4.126222952551972245e-02 2.188690001377279967e-02 2.982404231138489209e-02 6.555534630334279578e-02 8.740518121018886477e-02 5.301665562249553709e-02 5.365155550223205116e-02 6.526848352695928390e-02
1.970953685992576226e-02 1.241199910496218646e-02 1.064035395237729678e-02 1.425731880265260036e-02 2.188690001377279967e-02 1.164468540159972233e-02 1.593525428600093413e-02 3.510420231232093402e-02 4.683018959034938866e-02 2.811869645889857397e-02 2.773361389721638176e-02 3.294625813601848724e-02
2.539739232229279789e-02 1.631936422474020848e-02 1.427181013268972315e-02 1.934751115782937236e-02 2.982404231138489209e-02 1.593525428600093413e-02 2.194558296237776596e-02 4.850520214516704925e-02 6.477264730230437861e-02 3.836840801364496678e-02 3.650947042528568387e-02 4.186461904728637495e-02
5.435067673892807205e-02 3.526863154677906120e-02 3.113818719050374245e-02 4.244383502867035696e-02 6.555534630334279578e-02 3.510420231232093402e-02 4.850520214516704925e-02 1.074361195954936093e-01 1.435938375142722934e-01 8.451976276686257172e-02 7.903316480149280565e-02 8.898068104279768797e-02
7.373371120501004405e-02 4.751266551280898531e-02 4.168714670968342445e-02 5.663682793972135004e-02 8.740518121018886477e-02 4.683018959034938866e-02 6.477264730230437861e-02 1.435938375142722934e-01 1.928880058000282116e-01 1.140271510475126954e-01 1.074703322461941501e-01 1.215079334306642389e-01
5.896903708809836386e-02 3.447001510244225575e-02 2.736729259827008071e-02 3.502554341607890670e-02 5.301665562249553709e-02 2.811869645889857397e-02 3.836840801364496678e-02 8.451976276686257172e-02 1.140271510475126954e-01 7.338252525232841217e-02 8.163159190021723743e-02 1.044401628379800079e-01
9.459581397146776816e-02 4.870337392538645616e-02 3.278070200705260340e-02 3.708851255726307306e-02 5.365155550223205116e-02 2.773361389721638176e-02 3.650947042528568387e-02 7.903316480149280565e-02 1.074703322461941501e-01 8.163159190021723743e-02 1.216022746311026526e-01 1.811894722060960194e-01
1.523467390488325857e-01 7.392223394293148675e-02 4.526235183438941795e-02 4.686058889622550516e-02 6.526848352695928390e-02 3.294625813601848724e-02 4.186461904728637495e-02 8.898068104279768797e-02 1.215079334306642389e-01 1.044401628379800079e-01 1.811894722060960194e-01 3.010737865955964709e-01
2.557571286841683672e-04 6.713099971078737320e-04 1.527360698958606664e-03 7.449121547513787300e-03 3.281926112643971521e-03 5.933973880608572546e-03 7.097308222518985098e-03 2.972408123813508225e-03 8.476882889930964678e-04 1.329800059791491325e-03 4.802144014387825727e-04 2.152995715419438313e-04
6.713099971078737320e-04 2.001739818222091419e-03 5.243430644118278125e-03 2.730162925093454138e-02 9.260558149447331577e-03 1.305399313277676686e-02 1.513721559267608777e-02 6.344733055433579572e-03 1.812034343921159040e-03 2.847737987872702402e-03 1.033587890698285400e-03 4.869419599157027642e-04
1.527360698958606664e-03 5.243430644118278125e-03 1.549270825036652525e-02 8.450536389639663748e-02 2.293072546155040456e-02 2.244723379223234616e-02 2.440507284772851920e-02 1.024748047221759467e-02 2.935824778805706629e-03 4.631931303522119486e-03 1.699544296217184343e-03 8.831986412658189524e-04
7.449121547513787300e-03 2.730162925093454138e-02 8.450536389639663748e-02 4.687899274510165526e-01 1.164786997176876365e-01 9.126141909017140841e-02 9.386825960388323065e-02 3.947852172510063484e-02 1.134260231970867991e-02 1.795908623496863393e-02 6.653988512572041672e-03 3.744091295611891475e-03
3.281926112643971521e-03 9.260558149447331577e-03 2.293072546155040456e-02 1.164786997176876365e-01 4.416355457199588885e-02 6.944922538834989723e-02 8.163174885239059264e-02 3.420113076072258534e-02 9.760901104668599088e-03 1.532629111747206216e-02 5.548738943549884166e-03 2.551443811602114968e-03
5.933973880608572546e-03 1.305399313277676686e-02 2.244723379223234616e-02 9.126141909017140841e-02 6.944922538834989723e-02 1.645157800624166000e-01 2.014123029430301415e-01 8.429352294454847683e-02 2.401198099397374927e-02 3.761440969960135744e-02 1.352835629906747397e-02 5.817698514222981523e-03
7.097308222518985098e-03 1.513721559267608777e-02 2.440507284772851920e-02 9.386825960388323065e-02 8.163174885239059264e-02 2.014123029430301415e-01 2.478831692428467570e-01 1.037344231924459542e-01 2.954507214719630931e-02 4.627297023794482711e-02 1.663386946192339788e-02 7.114352570276241162e-03
2.972408123813508225e-03 6.344733055433579572e-03 1.024748047221759467e-02 3.947852172510063484e-02 3.420113076072258534e-02 8.429352294454847683e-02 1.037344231924459542e-01 4.341317958974217489e-02 1.236481643735119935e-02 1.936573617927032920e-02 6.961543106308179865e-03 2.977874021950942945e-03
8.476882889930964678e-04 1.812034343921159040e-03 2.935824778805706629e-03 1.134260231970867991e-02 9.760901104668599088e-03 2.401198099397374927e-02 2.954507214719630931e-02 1.236481643735119935e-02 3.521750929412835462e-03 5.515821849563905081e-03 1.982858745921516931e-03 8.483949130311376017e-04
1.329800059791491325e-03 2.847737987872702402e-03 4.631931303522119486e-03 1.795908623496863393e-02 1.532629111747206216e-02 3.761440969960135744e-02 4.627297023794482711e-02 1.936573617927032920e-02 5.515821849563905081e-03 8.639089243185458719e-03 3.105718565398041253e-03 1.329232348265052500e-03
4.802144014387825727e-04 1.033587890698285400e-03 1.699544296217184343e-03 6.653988512572041672e-03 5.548738943549884166e-03 1.352835629906747397e-02 1.663386946192339788e-02 6.961543106308179865e-03 1.982858745921516931e-03 3.105718565398041253e-03 1.116584892931299974e-03 4.783055746784994986e-04
2.152995715419438313e-04 4.869419599157027642e-04 8.831986412658189524e-04 3.744091295611891475e-03 2.551443811602114968e-03 5.817698514222981523e-03 7.114352570276241162e-03 2.977874021950942945e-03 8.483949130311376017e-04 1.329232348265052500e-03 4.783055746784994986e-04 2.067588191797417011e-04
1.170369983707866962e-01 1.522105857372182958e-01 1.120432222506191622e-01 3.660486665291797642e-02 3.576295410175896888e-02 2.319991761535247082e-02 1.332846062323670908e-02 8.993196200187410227e-03 1.178142158383532409e-02 3.299447895521769730e-02 1.084081322928481528e-01 1.678433246704441606e-01
1.522105857372182958e-01 2.489941318203101606e-01 1.839439648225752455e-01 5.883137924894638049e-02 5.572227672979516294e-02 3.550734585348513245e-02 1.985630357217295014e-02 1.241194693318761234e-02 1.425203084101411485e-02 3.673411328496072048e-02 1.139087588899049125e-01 1.658457649912449816e-01
1.120432222506191622e-01 1.839439648225752455e-01 1.379039221755434808e-01 4.410510311142078199e-02 4.176373891276329714e-02 2.660017027958194030e-02 1.486242095704227821e-02 9.267031831798295399e-03 1.059317363852203125e-02 2.722964899424880694e-02 8.428947270528173996e-02 1.220374959711346408e-01
3.660486665291797642e-02 5.883137924894638049e-02 4.410510311142078199e-02 1.414789446879846993e-02 1.344933159618253229e-02 8.582347070902534431e-03 4.808085057347904340e-03 3.021642888512314669e-03 3.506549113688936601e-03 9.109925894974415378e-03 2.842400253625008283e-02 4.141808666118176885e-02
3.576295410175896888e-02 5.572227672979516294e-02 4.176373891276329714e-02 1.344933159618253229e-02 1.286021586621876635e-02 8.229599657923712674e-03 4.628873352957330392e-03 2.942918357514480790e-03 3.489635246474170546e-03 9.200421666975466470e-03 2.901549193121145606e-02 4.264368257324351041e-02
2.319991761535247082e-02 3.550734585348513245e-02 2.660017027958194030e-02 8.582347070902534431e-03 8.229599657923712674e-03 5.275191478669756864e-03 2.974219197443163983e-03 1.903963424883385689e-03 2.285870883722398821e-03 6.076278228919045239e-03 1.927463962067062220e-02 2.846054484437618090e-02
1.332846062323670908e-02 1.985630357217295014e-02 1.486242095704227821e-02 4.808085057347904340e-03 4.628873352957330392e-03 2.974219197443163983e-03 1.683097173366123692e-03 1.088824527746796739e-03 1.331671143686573473e-03 3.582205294977416823e-03 1.145772320036932829e-02 1.702929844044126506e-02
8.993196200187410227e-03 1.241194693318761234e-02 9.267031831798295399e-03 3.021642888512314669e-03 2.942918357514480790e-03 1.903963424883385689e-03 1.088824527746796739e-03 7.254928468787327214e-04 9.322040087869726223e-04 2.584059680096768060e-03 8.433632735676106773e-03 1.272737250739914422e-02
1.178142158383532409e-02 1.425203084101411485e-02 1.059317363852203125e-02 3.506549113688936601e-03 3.489635246474170546e-03 2.285870883722398821e-03 1.331671143686573473e-03 9.322040087869726223e-04 1.290859732619431804e-03 3.729130813190950980e-03 1.249362176085030279e-02 1.920528108122378577e-02
3.299447895521769730e-02 3.673411328496072048e-02 2.722964899424880694e-02 9.109925894974415378e-03 9.200421666975466470e-03 6.076278228919045239e-03 3.582205294977416823e-03 2.584059680096768060e-03 3.729130813190950980e-03 1.100209881343469816e-02 3.733103264259990395e-02 5.784333653848345441e-02
1.084081322928481528e-01 1.139087588899049125e-01 8.428947270528173996e-02 2.842400253625008283e-02 2.901549193121145606e-02 1.927463962067062220e-02 1.145772320036932829e-02 8.433632735676106773e-03 1.249362176085030279e-02 3.733103264259990395e-02 1.277356241995009078e-01 1.989079287847323463e-01
1.678433246704441606e-01 1.658457649912449816e-01 1.220374959711346408e-01 4.141808666118176885e-02 4.264368257324351041e-02 2.846054484437618090e-02 1.702929844044126506e-02 1.272737250739914422e-02 1.920528108122378577e-02 5.784333653848345441e-02 1.989079287847323463e-01 3.213444730538729810e-01
3.187999914609339347e-02 8.821641472282726326e-02 7.951844144607789211e-02 5.595310549541154810e-02 5.813223766508102824e-02 3.996848033054260785e-02 1.563492208419822033e-02 6.477842864107486234e-03 3.692439664928473878e-03 4.254185593015186173e-03 3.840347422871705566e-03 1.039075804672483574e-02
8.821641472282726326e-02 2.459912330522006918e-01 2.191920235819479201e-01 1.482454619803507956e-01 1.486544289486568526e-01 1.025275953653861510e-01 4.036814626613390022e-02 1.684871409135465722e-02 9.722642425204097716e-03 1.137207961578162035e-02 1.045146157545300339e-02 2.858887422413489143e-02
7.951844144607789211e-02 2.191920235819479201e-01 2.122577353945496459e-01 1.522620137852364608e-01 1.577612861337820416e-01 1.074282032203562331e-01 4.180725708202613633e-02 1.722223296712976914e-02 9.713921258076940388e-03 1.103568838858385789e-02 9.778492366449868453e-03 2.612050694535275608e-02
5.595310549541154810e-02 1.482454619803507956e-01 1.522620137852364608e-01 1.433657193952048159e-01 1.729292944381971009e-01 1.157079285325512130e-01 4.379369767881140241e-02 1.746216765844652019e-02 9.290661431272627391e-03 9.745339778169985478e-03 7.742861322607679474e-03 1.916545590521853693e-02
5.813223766508102824e-02 1.486544289486568526e-01 1.577612861337820416e-01 1.729292944381971009e-01 2.372442037975822648e-01 1.581771910289329897e-01 5.905591688456264532e-02 2.316091504052569111e-02 1.194651920519523153e-02 1.196161179665515203e-02 8.834675555996806054e-03 2.061798222029877919e-02
3.996848033054260785e-02 1.025275953653861510e-01 1.074282032203562331e-01 1.157079285325512130e-01 1.581771910289329897e-01 1.067494975449669870e-01 3.989511939876527746e-02 1.565652802652427178e-02 8.088027109844599799e-03 8.119948411467819982e-03 6.026925384881818941e-03 1.413007280988900355e-02
1.563492208419822033e-02 4.036814626613390022e-02 4.180725708202613633e-02 4.379369767881140241e-02 5.905591688456264532e-02 3.989511939876527746e-02 1.494766552854723436e-02 5.880562089386012249e-03 3.052029693527026112e-03 3.086388582268512724e-03 2.318530392189769446e-03 5.491962572439206686e-03
6.477842864107486234e-03 1.684871409135465722e-02 1.722223296712976914e-02 1.746216765844652019e-02 2.316091504052569111e-02 1.565652802652427178e-02 5.880562089386012249e-03 2.320668930363591845e-03 1.211473783697464583e-03 1.236112736952624507e-03 9.421090313659042335e-04 2.258666870843690014e-03
3.692439664928473878e-03 9.722642425204097716e-03 9.713921258076940388e-03 9.290661431272627391e-03 1.194651920519523153e-02 8.088027109844599799e-03 3.052029693527026112e-03 1.211473783697464583e-03 6.395172785287243184e-04 6.635515615390486215e-04 5.191897777468035702e-04 1.271308259572715175e-03
4.254185593015186173e-03 1.137207961578162035e-02 1.103568838858385789e-02 9.745339778169985478e-03 1.196161179665515203e-02 8.119948411467819982e-03 3.086388582268512724e-03 1.236112736952624507e-03 6.635515615390486215e-04 7.055555905222021720e-04 5.725680996537857361e-04 1.441485835105548027e-03
3.840347422871705566e-03 1.045146157545300339e-02 9.778492366449868453e-03 7.742861322607679474e-03 8.834675555996806054e-03 6.026925384881818941e-03 2.318530392189769446e-03 9.421090313659042335e-04 5.191897777468035702e-04 5.725680996537857361e-04 4.888878170715393575e-04 1.275842438779574428e-03
1.039075804672483574e-02 2.858887422413489143e-02 2.612050694535275608e-02 1.916545590521853693e-02 2.061798222029877919e-02 1.413007280988900355e-02 5.491962572439206686e-03 2.258666870843690014e-03 1.271308259572715175e-03 1.441485835105548027e-03 1.275842438779574428e-03 3.409316524369002989e-03
3.677497704612305851e-01 1.626033702360663302e-01 5.130090711610098275e-02 2.782692087416510640e-02 1.128525575268567518e-02 1.187625941326894870e-02 1.640579857991236734e-02 6.614345948664589192e-02 1.194891914417878093e-01 1.065362112820880114e-01 1.440421686294446058e-01 1.902377431852688427e-01
1.626033702360663302e-01 7.538210861531180473e-02 2.447659311986578878e-02 1.383910702652542922e-02 5.838615531708490729e-03 6.449421166220124790e-03 9.108394995253260573e-03 3.689769152149327547e-02 6.683975197728247997e-02 5.894171476560000622e-02 7.670191352882085867e-02 9.133114381072413024e-02
5.130090711610098275e-02 2.447659311986578878e-02 8.215873383868206592e-03 4.855341445744581867e-03 2.128748762984051992e-03 2.455065984703596639e-03 3.531547483631563948e-03 1.436158532545997457e-02 2.607604642547171198e-02 2.281322545557159728e-02 2.882674941803812368e-02 3.133631009549536772e-02
2.782692087416510640e-02 1.383910702652542922e-02 4.855341445744581867e-03 3.037264748317995700e-03 1.393188904491557238e-03 1.683243159148161512e-03 2.466812442135422542e-03 1.007028099306984947e-02 1.832577504955524433e-02 1.590183075338329199e-02 1.948196682928025891e-02 1.906041034089037481e-02
1.128525575268567518e-02 5.838615531708490729e-03 2.128748762984051992e-03 1.393188904491557238e-03 6.609113605180862248e-04 8.245076122161639799e-04 1.223113622411312008e-03 5.005472878301266311e-03 9.121923437210462809e-03 7.871674895812292780e-03 9.443562979913000532e-03 8.549079138615706813e-03
1.187625941326894870e-02 6.449421166220124790e-03 2.455065984703596639e-03 1.683243159148161512e-03 8.245076122161639799e-04 1.058603086458757662e-03 1.586928442237975009e-03 6.508022162304089898e-03 1.187433675842101966e-02 1.019656253501952450e-02 1.200573116433141865e-02 1.008947389630677517e-02
1.640579857991236734e-02 9.108394995253260573e-03 3.531547483631563948e-03 2.466812442135422542e-03 1.223113622411312008e-03 1.586928442237975009e-03 2.387853789716602119e-03 9.799955486912044489e-03 1.788814811144656333e-02 1.533268310058542860e-02 1.792953298157833053e-02 1.464606724047588446e-02
6.614345948664589192e-02 3.689769152149327547e-02 1.436158532545997457e-02 1.007028099306984947e-02 5.005472878301266311e-03 6.508022162304089898e-03 9.799955486912044489e-03 4.022597430432657550e-02 7.343162426441818269e-02 6.291667749923549047e-02 7.346935554350848829e-02 5.967035219923848971e-02
1.194891914417878093e-01 6.683975197728247997e-02 2.607604642547171198e-02 1.832577504955524433e-02 9.121923437210462809e-03 1.187433675842101966e-02 1.788814811144656333e-02 7.343162426441818269e-02 1.340765122470569670e-01 1.148755530678131631e-01 1.340731323068438119e-01 1.085222129548767261e-01
1.065362112820880114e-01 5.894171476560000622e-02 2.281322545557159728e-02 1.590183075338329199e-02 7.871674895812292780e-03 1.019656253501952450e-02 1.533268310058542860e-02 6.291667749923549047e-02 1.148755530678131631e-01 9.887026828173002546e-02 1.162936035581388361e-01 9.528276157315118677e-02
1.440421686294446058e-01 7.670191352882085867e-02 2.882674941803812368e-02 1.948196682928025891e-02 9.443562979913000532e-03 1.200573116433141865e-02 1.792953298157833053e-02 7.346935554350848829e-02 1.340731323068438119e-01 1.162936035581388361e-01 1.405311499272987319e-01 1.208352838344109031e-01
1.902377431852688427e-01 9.133114381072413024e-02 3.133631009549536772e-02 1.906041034089037481e-02 8.549079138615706813e-03 1.008947389630677517e-02 1.464606724047588446e-02 5.967035219923848971e-02 1.085222129548767261e-01 9.528276157315118677e-02 1.208352838344109031e-01 1.278037097941658318e-01
2.429018958802368205e-02 2.311647582787842992e-02 1.008495250461900056e-02 1.314688531232287641e-02 2.329602916889026570e-02 5.113461180974219339e-02 2.579555276248579956e-02 5.272605196776661285e-02 3.675140946616966414e-02 4.136331343107890052e-02 7.385271423074059316e-02 2.356413740272469623e-02
