2.812712076875287792e-01 2.934268134185517574e-01 1.300277858628655636e-01 1.253259167567789302e-02 -3.925026565084785424e-02 -4.100204059658612427e-02 -5.562656531961857054e-02 -2.818440419144509212e-02 3.073636652467377078e-02 7.134567556091828133e-02 7.556972846488677065e-02 1.638133452761713904e-01
2.934268134185517574e-01 5.104819952461410182e-01 2.464134711681635337e-01 1.059411962210570213e-01 4.100287022902485146e-02 6.022693182457457967e-03 -1.393798387134388347e-02 -2.497388945405369653e-02 -1.632997176581119786e-02 1.423981415808745453e-03 4.032897399325079124e-02 1.383421612781053911e-01
1.300277858628655636e-01 2.464134711681635337e-01 2.089077714931745489e-01 1.531139534199464358e-01 1.146472072109429169e-01 6.184999864498759437e-02 5.298364928741729207e-02 8.653435651485335417e-03 -4.585508427306346502e-02 -6.587980054766394422e-02 -1.946996163500194083e-02 3.128274074104556157e-02
1.253259167567789302e-02 1.059411962210570213e-01 1.531139534199464358e-01 1.637906189296810533e-01 1.509087237969922168e-01 9.382746931845996341e-02 9.685445634637548928e-02 4.166166285124602020e-02 -4.651616535411300796e-02 -9.058201467982140986e-02 -5.146700602198205077e-02 -3.988145018363853378e-02
-3.925026565084785424e-02 4.100287022902485146e-02 1.146472072109429169e-01 1.509087237969922168e-01 1.593341290344639227e-01 1.116763119139177612e-01 1.348606846132220372e-01 7.858269033728941533e-02 -2.446927995618342760e-02 -8.759070238588044510e-02 -5.884179983932932845e-02 -6.591744969159202272e-02
-4.100204059658612427e-02 6.022693182457457967e-03 6.184999864498759437e-02 9.382746931845996341e-02 1.116763119139177612e-01 1.034235473973278696e-01 1.662945539799783323e-01 1.182512384646998843e-01 2.705479449703617617e-02 -4.588181834768585710e-02 -3.812643479071479991e-02 -4.959354702757154398e-02
-5.562656531961857054e-02 -1.393798387134388347e-02 5.298364928741729207e-02 9.685445634637548928e-02 1.348606846132220372e-01 1.662945539799783323e-01 3.455600891586165790e-01 2.696192572908397977e-01 1.274485826045140269e-01 -5.027245638127218232e-03 -2.960290133403565421e-02 -5.348430113290859877e-02
-2.818440419144509212e-02 -2.497388945405369653e-02 8.653435651485335417e-03 4.166166285124602020e-02 7.858269033728941533e-02 1.182512384646998843e-01 2.696192572908397977e-01 3.600663832309970447e-01 2.421215547253165457e-01 1.265132897134165768e-01 3.183081983871061116e-02 -5.338945727775163373e-03
3.073636652467377078e-02 -1.632997176581119786e-02 -4.585508427306346502e-02 -4.651616535411300796e-02 -2.446927995618342760e-02 2.705479449703617617e-02 1.274485826045140269e-01 2.421215547253165457e-01 2.895280520212838438e-01 2.506573085351041508e-01 9.878010237509469993e-02 6.391489709683437215e-02
7.134567556091828133e-02 1.423981415808745453e-03 -6.587980054766394422e-02 -9.058201467982140986e-02 -8.759070238588044510e-02 -4.588181834768585710e-02 -5.027245638127218232e-03 1.265132897134165768e-01 2.506573085351041508e-01 3.824984100410505627e-01 1.525521464773515468e-01 1.083167834233517424e-01
7.556972846488677065e-02 4.032897399325079124e-02 -1.946996163500194083e-02 -5.146700602198205077e-02 -5.884179983932932845e-02 -3.812643479071479991e-02 -2.960290133403565421e-02 3.183081983871061116e-02 9.878010237509469993e-02 1.525521464773515468e-01 7.538654688931209491e-02 7.603934556864311300e-02
1.638133452761713904e-01 1.383421612781053911e-01 3.128274074104556157e-02 -3.988145018363853378e-02 -6.591744969159202272e-02 -4.959354702757154398e-02 -5.348430113290859877e-02 -5.338945727775163373e-03 6.391489709683437215e-02 1.083167834233517424e-01 7.603934556864311300e-02 1.197512488704182282e-01
4.432745550548183866e-01 2.476528744928415404e-01 1.021979057663816304e-01 2.653299550658711620e-02 -4.786695149958872242e-03 -3.060128945094243297e-02 -3.634585264133648880e-02 -1.579362442254310384e-02 1.369030017113330444e-02 5.587258392611652025e-02 1.477754483032635291e-01 2.885232054822456371e-01
2.476528744928415404e-01 2.010139656168492550e-01 1.240036039077631047e-01 1.064535448635619413e-01 4.404523847589541380e-02 3.062296373175724465e-02 -1.047655073412244453e-02 -3.297345887418895449e-02 -4.466775717524140710e-02 2.839822340426382055e-03 7.048359562164586978e-02 1.690369993085869826e-01
1.021979057663816304e-01 1.240036039077631047e-01 1.303988950770703648e-01 1.946775451888822228e-01 8.561264905666071678e-02 7.913501747218412707e-02 2.088382129793134659e-02 -3.191508019068239888e-02 -7.168844244869951310e-02 -3.517916367942432870e-02 -2.133733618904432982e-03 4.983136471092164399e-02
2.653299550658711620e-02 1.064535448635619413e-01 1.946775451888822228e-01 4.329486776865570929e-01 1.688420861032794984e-01 1.479985077772830171e-01 6.510113009210199975e-02 -2.594724362181205501e-02 -9.593405694629028591e-02 -6.631598622992675163e-02 -5.514456264301543370e-02 -2.882574008474285410e-02
-4.786695149958872242e-03 4.404523847589541380e-02 8.561264905666071678e-02 1.688420861032794984e-01 9.949159612093555483e-02 1.380592995283991264e-01 9.870878478595854211e-02 3.143880881232664903e-02 -2.640113203568483086e-02 -3.045655081471646680e-02 -3.547549134096000117e-02 -3.046676462217662307e-02
-3.060128945094243297e-02 3.062296373175724465e-02 7.913501747218412707e-02 1.479985077772830171e-01 1.380592995283991264e-01 2.711522219586672833e-01 2.457348940166712570e-01 1.358967659712083942e-01 4.452761678686305291e-02 -9.045118948311798440e-03 -3.787222670424876536e-02 -5.000940538588048018e-02
-3.634585264133648880e-02 -1.047655073412244453e-02 2.088382129793134659e-02 6.510113009210199975e-02 9.870878478595854211e-02 2.457348940166712570e-01 3.562115194298898224e-01 2.400073341262317084e-01 1.604653777764556422e-01 5.429004308712780114e-02 6.703162986276271079e-03 -2.595092096208408833e-02
-1.579362442254310384e-02 -3.297345887418895449e-02 -3.191508019068239888e-02 -2.594724362181205501e-02 3.143880881232664903e-02 1.358967659712083942e-01 2.400073341262317084e-01 2.469614583956742104e-01 2.321023637798677042e-01 9.930315126902400369e-02 5.028838640628836842e-02 1.536123188873376663e-02
1.369030017113330444e-02 -4.466775717524140710e-02 -7.168844244869951310e-02 -9.593405694629028591e-02 -2.640113203568483086e-02 4.452761678686305291e-02 1.604653777764556422e-01 2.321023637798677042e-01 3.441816602019572291e-01 1.564538010578778726e-01 9.783295725275732713e-02 6.140622270551532313e-02
5.587258392611652025e-02 2.839822340426382055e-03 -3.517916367942432870e-02 -6.631598622992675163e-02 -3.045655081471646680e-02 -9.045118948311798440e-03 5.429004308712780114e-02 9.930315126902400369e-02 1.564538010578778726e-01 8.742691621088702347e-02 7.771166713244133384e-02 7.913365416619724813e-02
1.477754483032635291e-01 7.048359562164586978e-02 -2.133733618904432982e-03 -5.514456264301543370e-02 -3.547549134096000117e-02 -3.787222670424876536e-02 6.703162986276271079e-03 5.028838640628836842e-02 9.783295725275732713e-02 7.771166713244133384e-02 1.100242949113360291e-01 1.576250334163902256e-01
2.885232054822456371e-01 1.690369993085869826e-01 4.983136471092164399e-02 -2.882574008474285410e-02 -3.046676462217662307e-02 -5.000940538588048018e-02 -2.595092096208408833e-02 1.536123188873376663e-02 6.140622270551532313e-02 7.913365416619724813e-02 1.576250334163902256e-01 2.769142393353591913e-01
3.674455462664304450e-01 2.383653020031234471e-01 1.549349989964691199e-01 6.177191115089660303e-03 -8.813820524105628329e-02 -9.262617653492571934e-02 -5.104759895552977988e-02 -9.698064689601056110e-03 3.373736848057991289e-02 7.824669022480440495e-02 1.162063937169778849e-01 1.955685403669041866e-01
2.383653020031234471e-01 2.430642344066954175e-01 2.356136265597317536e-01 9.455436466444849808e-02 1.158669738094761717e-03 -4.174095336552311603e-02 -4.246590713514286630e-02 -4.059571755275569183e-02 -1.711735558382969716e-02 1.793518900540464964e-02 5.882193245395122422e-02 1.214232680474890552e-01
1.549349989964691199e-01 2.356136265597317536e-01 3.963106033926409033e-01 2.274973860992971220e-01 1.409465827512438874e-01 5.058401668461801060e-02 -8.865183720708658122e-03 -5.288645817883404210e-02 -5.794449767740857127e-02 -4.211859046671219409e-02 -2.261061706580930458e-03 5.424794903216943048e-02
6.177191115089660303e-03 9.455436466444849808e-02 2.274973860992971220e-01 2.408376133560981569e-01 2.372439843513220736e-01 1.413872263152788078e-01 5.684348770679341356e-02 7.689468786048502848e-05 -3.445077838788151992e-02 -5.027532515699641852e-02 -4.502072521467335997e-02 -3.178373813584448038e-02
-8.813820524105628329e-02 1.158669738094761717e-03 1.409465827512438874e-01 2.372439843513220736e-01 3.660830193096936691e-01 2.334018810572806857e-01 1.214324834052019908e-01 6.498538126940690829e-02 9.362604641020524920e-03 -3.298413239368465366e-02 -5.921559741814710898e-02 -7.972788483043016794e-02
-9.262617653492571934e-02 -4.174095336552311603e-02 5.058401668461801060e-02 1.413872263152788078e-01 2.334018810572806857e-01 2.075501986154631162e-01 1.387683333895529114e-01 1.185957334745706693e-01 6.960264606683343180e-02 2.416450627650187227e-02 -2.251458191855196245e-02 -6.146403211922503440e-02
-5.104759895552977988e-02 -4.246590713514286630e-02 -8.865183720708658122e-03 5.684348770679341356e-02 1.214324834052019908e-01 1.387683333895529114e-01 1.361704696253188684e-01 1.707924315054746567e-01 1.305087561847382283e-01 8.892816318485499694e-02 3.313609748067650879e-02 -1.211031176628342074e-02
-9.698064689601056110e-03 -4.059571755275569183e-02 -5.288645817883404210e-02 7.689468786048502848e-05 6.498538126940690829e-02 1.185957334745706693e-01 1.707924315054746567e-01 2.901435143247799164e-01 2.408634521436865683e-01 1.820912553480236729e-01 1.021575495324313909e-01 4.186476071631665269e-02
3.373736848057991289e-02 -1.711735558382969716e-02 -5.794449767740857127e-02 -3.445077838788151992e-02 9.362604641020524920e-03 6.960264606683343180e-02 1.305087561847382283e-01 2.408634521436865683e-01 2.660992177375803847e-01 2.187463115461898144e-01 1.321735668276542708e-01 7.532658753186605161e-02
7.824669022480440495e-02 1.793518900540464964e-02 -4.211859046671219409e-02 -5.027532515699641852e-02 -3.298413239368465366e-02 2.416450627650187227e-02 8.892816318485499694e-02 1.820912553480236729e-01 2.187463115461898144e-01 2.261291966423938649e-01 1.504835849341934206e-01 1.036827671116297422e-01
1.162063937169778849e-01 5.882193245395122422e-02 -2.261061706580930458e-03 -4.502072521467335997e-02 -5.921559741814710898e-02 -2.251458191855196245e-02 3.313609748067650879e-02 1.021575495324313909e-01 1.321735668276542708e-01 1.504835849341934206e-01 1.224782031857445802e-01 1.094067591248915061e-01
1.955685403669041866e-01 1.214232680474890552e-01 5.424794903216943048e-02 -3.178373813584448038e-02 -7.972788483043016794e-02 -6.146403211922503440e-02 -1.211031176628342074e-02 4.186476071631665269e-02 7.532658753186605161e-02 1.036827671116297422e-01 1.094067591248915061e-01 1.376881831371576381e-01
1.858376691056528029e-01 1.665717206463286915e-01 1.455056944511628481e-01 4.638614647207420141e-05 -8.393837052354580219e-02 -3.260272186108326142e-02 -4.887045034920738801e-02 -2.560668538849862619e-02 2.046356053844287926e-02 7.844944055727169629e-02 1.225187262885974460e-01 1.626025118916257506e-01
1.665717206463286915e-01 1.935406468546090886e-01 2.222007892727040912e-01 7.190961297061324031e-02 -5.280567269181511703e-02 -2.971103235957201633e-02 -6.077479706236430662e-02 -4.808551167857985642e-02 -4.534214412074086611e-03 4.767857708523848270e-02 9.271530420782771176e-02 1.324947758713003743e-01
1.455056944511628481e-01 2.222007892727040912e-01 3.924421838633371240e-01 2.450317309242172614e-01 6.064294058044322061e-02 -7.921171569797359757e-03 -5.954689335335233702e-02 -6.194552421999835468e-02 -2.653801276896685865e-02 1.680753490346428153e-02 6.225686160479676490e-02 1.017244780348516286e-01
4.638614647207420141e-05 7.190961297061324031e-02 2.450317309242172614e-01 4.883028678422219326e-01 2.988498405354848564e-01 6.579093124247142876e-02 3.219650030692036702e-02 3.100502885526415422e-03 -1.354736763767863672e-02 -3.013133781478340850e-02 -3.368722619142173330e-02 -2.729141254321958143e-02
-8.393837052354580219e-02 -5.280567269181511703e-02 6.064294058044322061e-02 2.988498405354848564e-01 4.184615326848927230e-01 1.032038956422145631e-01 9.092040309363537409e-02 5.996956188447780112e-02 1.479866403379234176e-02 -3.178753601073532747e-02 -6.540551172760643295e-02 -8.328359718856256921e-02
-3.260272186108326142e-02 -2.971103235957201633e-02 -7.921171569797359757e-03 6.579093124247142876e-02 1.032038956422145631e-01 3.435965275978396238e-02 5.977813684436564939e-02 6.306673382162475416e-02 3.647235752226392347e-02 1.789875928229533314e-02 -6.945118882518161972e-03 -2.433054665861548657e-02
-4.887045034920738801e-02 -6.077479706236430662e-02 -5.954689335335233702e-02 3.219650030692036702e-02 9.092040309363537409e-02 5.977813684436564939e-02 1.858914411147956636e-01 2.335260968642577928e-01 1.515818726677264916e-01 1.154042838562705092e-01 4.110533404145728237e-02 -1.579292522758085279e-02
-2.560668538849862619e-02 -4.808551167857985642e-02 -6.194552421999835468e-02 3.100502885526415422e-03 5.996956188447780112e-02 6.306673382162475416e-02 2.335260968642577928e-01 3.549958748795533636e-01 2.228137124871267527e-01 1.764896860228484521e-01 8.647378647712489208e-02 1.735881496417604822e-02
2.046356053844287926e-02 -4.534214412074086611e-03 -2.653801276896685865e-02 -1.354736763767863672e-02 1.479866403379234176e-02 3.647235752226392347e-02 1.515818726677264916e-01 2.228137124871267527e-01 1.955027633890356054e-01 1.887898249595712508e-01 1.120042759168215357e-01 5.546143506273111534e-02
7.844944055727169629e-02 4.767857708523848270e-02 1.680753490346428153e-02 -3.013133781478340850e-02 -3.178753601073532747e-02 1.789875928229533314e-02 1.154042838562705092e-01 1.764896860228484521e-01 1.887898249595712508e-01 2.327115467640685775e-01 1.641025354012803361e-01 1.116072572936963880e-01
1.225187262885974460e-01 9.271530420782771176e-02 6.225686160479676490e-02 -3.368722619142173330e-02 -6.540551172760643295e-02 -6.945118882518161972e-03 4.110533404145728237e-02 8.647378647712489208e-02 1.120042759168215357e-01 1.641025354012803361e-01 1.553707941880455579e-01 1.396985751649362228e-01
1.626025118916257506e-01 1.324947758713003743e-01 1.017244780348516286e-01 -2.729141254321958143e-02 -8.328359718856256921e-02 -2.433054665861548657e-02 -1.579292522758085279e-02 1.735881496417604822e-02 5.546143506273111534e-02 1.116072572936963880e-01 1.396985751649362228e-01 1.625830265540034181e-01
3.475858167662668197e-01 2.634382367944401171e-01 1.033731280146281545e-01 4.299825383161673398e-02 -6.842262738839302236e-03 -4.181996636226023578e-02 -4.845575125980748632e-02 -4.407622112886693672e-02 -3.854356461182176230e-02 2.086092738328626517e-02 1.260403227576298857e-01 2.550405676250767639e-01
2.634382367944401171e-01 3.376117186959064487e-01 1.557217667399612426e-01 1.182186341250865691e-01 4.511734905580702670e-02 -7.065375606979079452e-03 -4.585087318067727902e-02 -6.592198810791474739e-02 -9.147094815290517100e-02 -4.240675446572059193e-02 4.387125785270986657e-03 1.434566760783640982e-01
1.033731280146281545e-01 1.557217667399612426e-01 1.090892348759349012e-01 1.563678147067850688e-01 9.018883955012516052e-02 5.854333817612190211e-02 1.121441777525059372e-02 -2.235272908223344401e-02 -5.257217333458138325e-02 -3.625915585446086442e-02 -3.406283555153730158e-02 3.203214004121913983e-02
4.299825383161673398e-02 1.182186341250865691e-01 1.563678147067850688e-01 3.567165145046261587e-01 2.233022867104915710e-01 1.798241585792377806e-01 8.954106254323696001e-02 1.893435025896312435e-02 -3.216745791837687801e-02 -3.970892932596602198e-02 -6.701030423954694448e-02 -3.055236047852940770e-02
-6.842262738839302236e-03 4.511734905580702670e-02 9.018883955012516052e-02 2.233022867104915710e-01 1.969123608681053739e-01 2.088821017404119129e-01 1.187150212315804948e-01 5.389526364114565621e-02 2.230046041801912043e-02 -7.812783232199362396e-03 -3.858221516987686561e-02 -3.879244387003780853e-02
-4.181996636226023578e-02 -7.065375606979079452e-03 5.854333817612190211e-02 1.798241585792377806e-01 2.088821017404119129e-01 3.060547644255356414e-01 1.862337468709276966e-01 1.046983140263042511e-01 8.416108472518543659e-02 2.814291340553994394e-02 -4.002457281305502393e-03 -3.839934078010447116e-02
-4.845575125980748632e-02 -4.585087318067727902e-02 1.121441777525059372e-02 8.954106254323696001e-02 1.187150212315804948e-01 1.862337468709276966e-01 1.419465966465998652e-01 1.079537693212593158e-01 1.223062464648121545e-01 5.789095053137986724e-02 4.096408536987345556e-02 -1.115338573884834192e-02
-4.407622112886693672e-02 -6.592198810791474739e-02 -2.235272908223344401e-02 1.893435025896312435e-02 5.389526364114565621e-02 1.046983140263042511e-01 1.079537693212593158e-01 1.235973232622780554e-01 1.827446002923382995e-01 9.249848377827349366e-02 8.223151469319973927e-02 1.970444548337291213e-02
-3.854356461182176230e-02 -9.147094815290517100e-02 -5.257217333458138325e-02 -3.216745791837687801e-02 2.230046041801912043e-02 8.416108472518543659e-02 1.223062464648121545e-01 1.827446002923382995e-01 3.208663343851408944e-01 1.639702617761643055e-01 1.545335579909024870e-01 6.754879543823942567e-02
2.086092738328626517e-02 -4.240675446572059193e-02 -3.625915585446086442e-02 -3.970892932596602198e-02 -7.812783232199362396e-03 2.814291340553994394e-02 5.789095053137986724e-02 9.249848377827349366e-02 1.639702617761643055e-01 1.157253623336623738e-01 1.623124119524156361e-01 1.016608405441969676e-01
1.260403227576298857e-01 4.387125785270986657e-03 -3.406283555153730158e-02 -6.701030423954694448e-02 -3.858221516987686561e-02 -4.002457281305502393e-03 4.096408536987345556e-02 8.223151469319973927e-02 1.545335579909024870e-01 1.623124119524156361e-01 3.250177732693195765e-01 2.449125605718122101e-01
2.550405676250767639e-01 1.434566760783640982e-01 3.203214004121913983e-02 -3.055236047852940770e-02 -3.879244387003780853e-02 -3.839934078010447116e-02 -1.115338573884834192e-02 1.970444548337291213e-02 6.754879543823942567e-02 1.016608405441969676e-01 2.449125605718122101e-01 3.188761999666248625e-01
2.613229024993002358e-01 1.794983029614166947e-01 1.083169704746950873e-01 7.522478528424362404e-03 -5.896537862006387409e-02 -5.508075817883541225e-02 -3.922869617257690456e-02 -2.048979389407839385e-02 1.597863711101676215e-02 8.911253697785920247e-02 1.804018712741762287e-01 2.187819672104608093e-01
1.794983029614166947e-01 1.967268056241443797e-01 2.004132148045280337e-01 1.025687976249609196e-01 -4.245397703393995192e-02 -7.975466417632932903e-02 -7.922057730058190694e-02 -7.201854767586371442e-02 -1.555894439261960686e-02 1.975121005795466012e-02 7.331947495732085707e-02 1.181088059781769117e-01
1.083169704746950873e-01 2.004132148045280337e-01 3.314164034675938231e-01 2.791543578440974782e-01 5.954212480429694337e-02 -4.974889029012885544e-02 -7.937394286606525018e-02 -8.715165861455421992e-02 -3.329435218744558611e-02 -3.370614757136685541e-02 -1.822090052170027147e-02 3.381292801218124117e-02
7.522478528424362404e-03 1.025687976249609196e-01 2.791543578440974782e-01 5.395777200831024523e-01 2.660502179638964959e-01 9.157994153259962911e-02 1.536254086004866168e-02 -1.347744597752311216e-02 -1.311676856700062788e-02 -3.333745943670947398e-02 -5.040830654079224427e-02 -3.370627228491445554e-02
-5.896537862006387409e-02 -4.245397703393995192e-02 5.954212480429694337e-02 2.660502179638964959e-01 3.335868990234855391e-01 2.074305667064360870e-01 1.369683698707716835e-01 1.119056880364280304e-01 3.593311733583531842e-02 2.409415635858071572e-02 1.828061907250589941e-03 -3.099711630095241741e-02
-5.508075817883541225e-02 -7.975466417632932903e-02 -4.974889029012885544e-02 9.157994153259962911e-02 2.074305667064360870e-01 1.958298832096668218e-01 1.693801120418566564e-01 1.550121876200297455e-01 5.406364383132585688e-02 5.140872418869126687e-02 3.916504902062781235e-02 -5.068032399027413634e-03
-3.922869617257690456e-02 -7.922057730058190694e-02 -7.937394286606525018e-02 1.536254086004866168e-02 1.369683698707716835e-01 1.693801120418566564e-01 1.920669780681248384e-01 1.905669073291332283e-01 6.691904949800009383e-02 6.756104596268039386e-02 6.170985364663766903e-02 1.695351876844491609e-02
-2.048979389407839385e-02 -7.201854767586371442e-02 -8.715165861455421992e-02 -1.347744597752311216e-02 1.119056880364280304e-01 1.550121876200297455e-01 1.905669073291332283e-01 2.047235917804022254e-01 7.389353233870306348e-02 8.133571245941910444e-02 8.411057996481191568e-02 3.864023792954128511e-02
1.597863711101676215e-02 -1.555894439261960686e-02 -3.329435218744558611e-02 -1.311676856700062788e-02 3.593311733583531842e-02 5.406364383132585688e-02 6.691904949800009383e-02 7.389353233870306348e-02 3.131884959139820401e-02 4.808490680207490320e-02 6.577558237613653769e-02 4.170553162808252751e-02
8.911253697785920247e-02 1.975121005795466012e-02 -3.370614757136685541e-02 -3.333745943670947398e-02 2.409415635858071572e-02 5.140872418869126687e-02 6.756104596268039386e-02 8.133571245941910444e-02 4.808490680207490320e-02 1.109120310416401856e-01 1.856692966696179004e-01 1.302162791584662305e-01
1.804018712741762287e-01 7.331947495732085707e-02 -1.822090052170027147e-02 -5.040830654079224427e-02 1.828061907250589941e-03 3.916504902062781235e-02 6.170985364663766903e-02 8.411057996481191568e-02 6.577558237613653769e-02 1.856692966696179004e-01 3.572781062765006954e-01 2.446292181928411968e-01
2.187819672104608093e-01 1.181088059781769117e-01 3.381292801218124117e-02 -3.370627228491445554e-02 -3.099711630095241741e-02 -5.068032399027413634e-03 1.695351876844491609e-02 3.864023792954128511e-02 4.170553162808252751e-02 1.302162791584662305e-01 2.446292181928411968e-01 2.452398293346431668e-01
2.341413640683330244e-01 1.639204182651559094e-01 9.598372477846947581e-02 4.995770723655609119e-02 2.082941166146053125e-02 -1.391622613614116460e-02 -4.583813499389152724e-02 -7.186719855531382983e-02 -5.135652289866762116e-02 3.833839626702734149e-02 1.664034093481253085e-01 2.603370296572533604e-01
1.639204182651559094e-01 1.729490770464212623e-01 1.542535562877928590e-01 1.289870596056830188e-01 1.089583238235714985e-01 3.520560219986205996e-02 -1.605229159098411559e-02 -6.046947486807070782e-02 -6.464277482150632137e-02 -1.366592131073815844e-02 6.409807132091881188e-02 1.369455295840610876e-01
9.598372477846947581e-02 1.542535562877928590e-01 1.913330247201729672e-01 1.926439268992763409e-01 1.809530966053166656e-01 8.166059179216447750e-02 2.522363536834915099e-02 -2.164338422171959916e-02 -4.555507805013330608e-02 -3.795237512826794141e-02 -1.421277012409316760e-02 3.967605445204431397e-02
4.995770723655609119e-02 1.289870596056830188e-01 1.926439268992763409e-01 2.378779146086427432e-01 2.520052210739590626e-01 1.195077882453885465e-01 5.979275263124574080e-02 1.800471386046656463e-02 -1.726250727839150415e-02 -4.033081946789462274e-02 -5.350173707387349820e-02 -1.877660664902541104e-02
2.082941166146053125e-02 1.089583238235714985e-01 1.809530966053166656e-01 2.520052210739590626e-01 3.788161742880136185e-01 1.706929645698141984e-01 9.536337772864086904e-02 5.860045603297825423e-02 1.716318402166634380e-02 -3.018092084370495656e-02 -6.894198689042596584e-02 -5.163891248367846742e-02
-1.391622613614116460e-02 3.520560219986205996e-02 8.166059179216447750e-02 1.195077882453885465e-01 1.706929645698141984e-01 9.791163677867067983e-02 8.388946671973490643e-02 9.090586595768249123e-02 6.695474551005750619e-02 1.614210926966348075e-02 -3.052455449662363346e-02 -4.445686583637185885e-02
-4.583813499389152724e-02 -1.605229159098411559e-02 2.522363536834915099e-02 5.979275263124574080e-02 9.536337772864086904e-02 8.388946671973490643e-02 1.205330132859685072e-01 1.785678645179299417e-01 1.549054865845722051e-01 7.731120479819507396e-02 4.971398318277443600e-03 -4.672357524192328332e-02
-7.186719855531382983e-02 -6.046947486807070782e-02 -2.164338422171959916e-02 1.800471386046656463e-02 5.860045603297825423e-02 9.090586595768249123e-02 1.785678645179299417e-01 3.151958938037462410e-01 2.826675433943390270e-01 1.598955869001854879e-01 5.563856020872125219e-02 -4.073867950966261753e-02
-5.135652289866762116e-02 -6.464277482150632137e-02 -4.555507805013330608e-02 -1.726250727839150415e-02 1.716318402166634380e-02 6.695474551005750619e-02 1.549054865845722051e-01 2.826675433943390270e-01 3.742097907502420773e-01 2.130554248559898833e-01 1.072968775837940536e-01 4.758814864212696297e-03
3.833839626702734149e-02 -1.366592131073815844e-02 -3.795237512826794141e-02 -4.033081946789462274e-02 -3.018092084370495656e-02 1.614210926966348075e-02 7.731120479819507396e-02 1.598955869001854879e-01 2.130554248559898833e-01 1.767696277144881201e-01 1.631573947794513479e-01 1.091874389216197644e-01
1.664034093481253085e-01 6.409807132091881188e-02 -1.421277012409316760e-02 -5.350173707387349820e-02 -6.894198689042596584e-02 -3.052455449662363346e-02 4.971398318277443600e-03 5.563856020872125219e-02 1.072968775837940536e-01 1.631573947794513479e-01 2.734316182512495086e-01 2.726573148583311124e-01
2.603370296572533604e-01 1.369455295840610876e-01 3.967605445204431397e-02 -1.877660664902541104e-02 -5.163891248367846742e-02 -4.445686583637185885e-02 -4.672357524192328332e-02 -4.073867950966261753e-02 4.758814864212696297e-03 1.091874389216197644e-01 2.726573148583311124e-01 4.268308646840560661e-01
1.523698702876917777e-01 1.839666096395480288e-01 6.276222932317494785e-02 4.115160018282772170e-02 -6.911873000231210469e-04 -3.031340573366424554e-02 -2.540349174958356215e-02 2.368531893982659710e-03 2.816439628067746864e-02 1.044555996689071481e-01 1.010390607369035104e-01 1.198755957197228939e-01
1.839666096395480288e-01 2.689035672201036675e-01 1.218333403321488345e-01 1.597963575869373876e-01 4.372291485919546639e-02 -3.791918874064865996e-02 -5.490674883870674122e-02 -2.704461294743596561e-02 1.522822376470259025e-02 8.672992355629474681e-02 9.224290386030951916e-02 1.238692203337821429e-01
6.276222932317494785e-02 1.218333403321488345e-01 9.810218358386429971e-02 2.187255988179888921e-01 8.330428053048566372e-02 4.485770415792308605e-03 -3.247739983261530017e-02 -3.321872615490739644e-02 -1.014268612304059132e-02 -5.465748697643541551e-04 1.040948766300930396e-02 2.827932665650484401e-02
4.115160018282772170e-02 1.597963575869373876e-01 2.187255988179888921e-01 6.667233510423022924e-01 2.523383888098580385e-01 7.801987355057987683e-02 -2.985376397931734094e-02 -6.656757264146544173e-02 -4.194900999801861458e-02 -7.824317859305658651e-02 -4.877877916601228159e-02 -1.870502197998046706e-02
-6.911873000231210469e-04 4.372291485919546639e-02 8.330428053048566372e-02 2.523383888098580385e-01 1.485415280689149631e-01 1.481279284317164879e-01 9.137644500365875444e-02 3.462941204656884431e-02 -3.457634942669791846e-03 -3.722306828708547843e-02 -2.862722588072332333e-02 -2.009189894431005763e-02
-3.031340573366424554e-02 -3.791918874064865996e-02 4.485770415792308605e-03 7.801987355057987683e-02 1.481279284317164879e-01 3.691282752381653265e-01 3.115923578880558931e-01 1.888462557721772572e-01 4.723866172080194714e-02 3.197825241487907855e-03 -9.714710344664551772e-03 -1.913663710989144812e-02
-2.540349174958356215e-02 -5.490674883870674122e-02 -3.247739983261530017e-02 -2.985376397931734094e-02 9.137644500365875444e-02 3.115923578880558931e-01 4.240563014281996113e-01 2.420417276188760181e-01 6.766187400176343347e-02 3.720372206705544610e-02 1.276546404031684429e-02 -3.453448195058655013e-03
2.368531893982659710e-03 -2.704461294743596561e-02 -3.321872615490739644e-02 -6.656757264146544173e-02 3.462941204656884431e-02 1.888462557721772572e-01 2.420417276188760181e-01 1.677041284211437389e-01 5.843634189186935890e-02 7.085062864796272397e-02 3.823088536369061152e-02 2.166854375005335467e-02
2.816439628067746864e-02 1.522822376470259025e-02 -1.014268612304059132e-02 -4.194900999801861458e-02 -3.457634942669791846e-03 4.723866172080194714e-02 6.766187400176343347e-02 5.843634189186935890e-02 3.982806380124843254e-02 1.104669475610479956e-01 5.707497666247884904e-02 3.796057349097443218e-02
1.044555996689071481e-01 8.672992355629474681e-02 -5.465748697643541551e-04 -7.824317859305658651e-02 -3.722306828708547843e-02 3.197825241487907855e-03 3.720372206705544610e-02 7.085062864796272397e-02 1.104669475610479956e-01 4.237509007815705164e-01 2.002257746009640238e-01 1.261648188211945409e-01
1.010390607369035104e-01 9.224290386030951916e-02 1.040948766300930396e-02 -4.877877916601228159e-02 -2.862722588072332333e-02 -9.714710344664551772e-03 1.276546404031684429e-02 3.823088536369061152e-02 5.707497666247884904e-02 2.002257746009640238e-01 1.303986338687526669e-01 1.065857340627664740e-01
1.198755957197228939e-01 1.238692203337821429e-01 2.827932665650484401e-02 -1.870502197998046706e-02 -2.009189894431005763e-02 -1.913663710989144812e-02 -3.453448195058655013e-03 2.166854375005335467e-02 3.796057349097443218e-02 1.261648188211945409e-01 1.065857340627664740e-01 1.104931962580450872e-01
1.981550608300871041e-01 2.163788474819084429e-01 1.562501625444751852e-01 4.598126643429101962e-02 -3.648091983590784348e-03 -2.647051801622520018e-02 -3.250170611499571260e-02 -2.419142010712160840e-02 -9.566924032761755636e-05 3.857706509779040838e-02 1.248132136158238148e-01 2.004245164115786570e-01
2.163788474819084429e-01 4.201300401366819814e-01 3.125112215034180907e-01 1.119889190904119619e-01 4.212783667310358166e-02 -1.515076228107444661e-02 -4.426096341415219904e-02 -5.744372809167824778e-02 -4.740419230399772060e-02 -4.139669270081428737e-02 -3.138897705536231736e-02 4.941397247687610850e-02
1.562501625444751852e-01 3.125112215034180907e-01 3.788709899083013699e-01 1.392439959968977958e-01 8.154868219035035781e-02 1.876819309937088551e-02 -1.796340013881761802e-02 -4.232099081514113792e-02 -4.608537951981617892e-02 -5.516622712297817449e-02 -7.352540857899939053e-02 -1.364778875843401448e-02
4.598126643429101962e-02 1.119889190904119619e-01 1.392439959968977958e-01 7.787710471210219920e-02 1.164422806764600082e-01 8.183807703800272115e-02 5.493241675958483727e-02 2.831248374354806627e-02 2.608352166614402376e-03 -1.663035010740320646e-02 -3.756749488197081571e-02 -2.143660070406661761e-02
-3.648091983590784348e-03 4.212783667310358166e-02 8.154868219035035781e-02 1.164422806764600082e-01 3.175042736900819396e-01 2.569484037724021341e-01 1.978098306375108140e-01 1.375820261287468704e-01 6.023859631655312241e-02 1.128735264723043120e-02 -2.767615731766784326e-02 -3.563918692741156746e-02
-2.647051801622520018e-02 -1.515076228107444661e-02 1.876819309937088551e-02 8.183807703800272115e-02 2.569484037724021341e-01 2.752349452068284519e-01 2.274744053852683912e-01 1.594154386788608768e-01 7.559452534637109422e-02 2.813172391502410941e-02 -1.604159228433648917e-03 -2.080214683210266507e-02
-3.250170611499571260e-02 -4.426096341415219904e-02 -1.796340013881761802e-02 5.493241675958483727e-02 1.978098306375108140e-01 2.274744053852683912e-01 2.378470885862253859e-01 1.724083564379676470e-01 8.487352131271946876e-02 4.046658649751428555e-02 2.167633146375043396e-02 -1.999251686046510466e-03
-2.419142010712160840e-02 -5.744372809167824778e-02 -4.232099081514113792e-02 2.831248374354806627e-02 1.375820261287468704e-01 1.594154386788608768e-01 1.724083564379676470e-01 1.364808037027841758e-01 7.366798080295586248e-02 4.712923084031685195e-02 4.993136841841407103e-02 2.757479809376900751e-02
-9.566924032761755636e-05 -4.740419230399772060e-02 -4.608537951981617892e-02 2.608352166614402376e-03 6.023859631655312241e-02 7.559452534637109422e-02 8.487352131271946876e-02 7.366798080295586248e-02 4.933141890045446981e-02 4.884928492138155415e-02 7.982275932171463417e-02 6.267775994934672579e-02
3.857706509779040838e-02 -4.139669270081428737e-02 -5.516622712297817449e-02 -1.663035010740320646e-02 1.128735264723043120e-02 2.813172391502410941e-02 4.046658649751428555e-02 4.712923084031685195e-02 4.884928492138155415e-02 7.781457843445566125e-02 1.612066234167928158e-01 1.377925386385146500e-01
1.248132136158238148e-01 -3.138897705536231736e-02 -7.352540857899939053e-02 -3.756749488197081571e-02 -2.767615731766784326e-02 -1.604159228433648917e-03 2.167633146375043396e-02 4.993136841841407103e-02 7.982275932171463417e-02 1.612066234167928158e-01 3.724787446074915298e-01 3.176337219852796157e-01
2.004245164115786570e-01 4.941397247687610850e-02 -1.364778875843401448e-02 -2.143660070406661761e-02 -3.563918692741156746e-02 -2.080214683210266507e-02 -1.999251686046510466e-03 2.757479809376900751e-02 6.267775994934672579e-02 1.377925386385146500e-01 3.176337219852796157e-01 4.582749512844997986e-01
1.411030155071245351e-01 2.109866539994326717e-01 1.474127308903299127e-01 2.202244692138440735e-02 -6.019462956364529660e-02 -6.410391936891675357e-02 -1.266033098290450000e-02 3.276343540616141747e-02 5.976969012760707106e-02 8.357652422983029294e-02 6.721185996354336889e-02 9.260508903730853281e-02
2.109866539994326717e-01 4.217451831328092871e-01 3.010494439349324369e-01 1.160137242821458886e-01 -3.565405211754485437e-02 -8.153922326382799513e-02 -5.090525919957286649e-02 -1.678670595853678713e-02 9.667812681239182707e-03 3.201307544787015957e-02 4.750585376985906605e-02 1.030711279473754960e-01
1.474127308903299127e-01 3.010494439349324369e-01 3.762385702264970933e-01 2.107012089671092270e-01 7.299187230441316065e-02 -8.479705265620652785e-03 -3.669836456004285652e-02 -4.331621158726382814e-02 -3.820720636176085788e-02 -3.143010354437431042e-02 4.038937206314464901e-03 5.616392794591276716e-02
2.202244692138440735e-02 1.160137242821458886e-01 2.107012089671092270e-01 2.625928724317508900e-01 2.431356796824284128e-01 1.556220764262083445e-01 4.528521713190671732e-02 -2.243547350169591836e-02 -5.441021161393701927e-02 -7.160417470224736403e-02 -4.169985618729540877e-02 -2.226015297632818329e-02
-6.019462956364529660e-02 -3.565405211754485437e-02 7.299187230441316065e-02 2.431356796824284128e-01 3.987444759362446245e-01 2.876613725183351233e-01 1.347879149694006240e-01 4.137746320081013562e-02 -1.175751611632937579e-02 -4.217551001455409343e-02 -4.052784789269699844e-02 -5.421000549142052788e-02
-6.410391936891675357e-02 -8.153922326382799513e-02 -8.479705265620652785e-03 1.556220764262083445e-01 2.876613725183351233e-01 3.339885462860291421e-01 1.835967262061899974e-01 1.002679408075982104e-01 5.222158291415624626e-02 2.745734216832828450e-02 -3.213397435136923670e-03 -3.324928893225408133e-02
-1.266033098290450000e-02 -5.090525919957286649e-02 -3.669836456004285652e-02 4.528521713190671732e-02 1.347879149694006240e-01 1.835967262061899974e-01 1.487657275340892316e-01 1.300971525909428439e-01 1.111346634831499175e-01 1.034272253161111488e-01 5.018507434109016618e-02 2.171603010647093351e-02
3.276343540616141747e-02 -1.678670595853678713e-02 -4.331621158726382814e-02 -2.243547350169591836e-02 4.137746320081013562e-02 1.002679408075982104e-01 1.300971525909428439e-01 1.638262410170935601e-01 1.687925170911014350e-01 1.729456068949398739e-01 9.605867833190166738e-02 6.803712605278547376e-02
5.976969012760707106e-02 9.667812681239182707e-03 -3.820720636176085788e-02 -5.441021161393701927e-02 -1.175751611632937579e-02 5.222158291415624626e-02 1.111346634831499175e-01 1.687925170911014350e-01 2.071228899773365217e-01 2.372197306944125172e-01 1.271947249426848003e-01 9.396040790752499539e-02
8.357652422983029294e-02 3.201307544787015957e-02 -3.143010354437431042e-02 -7.160417470224736403e-02 -4.217551001455409343e-02 2.745734216832828450e-02 1.034272253161111488e-01 1.729456068949398739e-01 2.372197306944125172e-01 3.625652343452964166e-01 1.770307454243763012e-01 1.230440295076819096e-01
6.721185996354336889e-02 4.750585376985906605e-02 4.038937206314464901e-03 -4.169985618729540877e-02 -4.052784789269699844e-02 -3.213397435136923670e-03 5.018507434109016618e-02 9.605867833190166738e-02 1.271947249426848003e-01 1.770307454243763012e-01 9.992618723116622470e-02 8.080904289429467757e-02
9.260508903730853281e-02 1.030711279473754960e-01 5.616392794591276716e-02 -2.226015297632818329e-02 -5.421000549142052788e-02 -3.324928893225408133e-02 2.171603010647093351e-02 6.803712605278547376e-02 9.396040790752499539e-02 1.230440295076819096e-01 8.080904289429467757e-02 8.338105637456644237e-02
4.834892775743234172e-01 2.750184568353959413e-01 1.064805795710419556e-01 4.106784064811044160e-02 3.676543327988420710e-03 -1.696026077387060085e-02 -2.388097204846608909e-02 -6.802565051724968059e-02 -6.363214561017130344e-02 -3.457953973928404659e-03 1.121727077252363536e-01 2.651315893507185661e-01
2.750184568353959413e-01 2.647673079372611094e-01 1.482906096123972617e-01 1.310517378691938850e-01 7.528092182379296504e-02 6.679322779408516930e-02 1.080763156949821231e-02 -3.098133370420769889e-02 -5.915386436829073169e-02 -4.822730204778638563e-02 1.100827557693654247e-03 1.324210689073581082e-01
1.064805795710419556e-01 1.482906096123972617e-01 1.297361569092793654e-01 1.722289079096435971e-01 1.079542485216208880e-01 1.048720128630271503e-01 3.618360406140231494e-02 2.309781494167832683e-02 -1.265028366923950237e-02 -3.996214018845872101e-02 -5.075485755050418435e-02 1.386195976787814310e-02
4.106784064811044160e-02 1.310517378691938850e-01 1.722289079096435971e-01 3.002007737537363274e-01 1.878305626164711306e-01 1.802235751859498081e-01 7.154229735400499668e-02 7.696819392797524251e-02 2.520897876816474009e-02 -4.022312520080059683e-02 -9.497437380316700595e-02 -5.582876471507793037e-02
3.676543327988420710e-03 7.528092182379296504e-02 1.079542485216208880e-01 1.878305626164711306e-01 1.456210717830702384e-01 1.622364158958649605e-01 6.755913515186319496e-02 8.294736850228552616e-02 4.500236636667433177e-02 -1.352866077100325047e-02 -6.877607045760375515e-02 -5.479930160169191322e-02
-1.696026077387060085e-02 6.679322779408516930e-02 1.048720128630271503e-01 1.802235751859498081e-01 1.622364158958649605e-01 2.126298324735940160e-01 9.376756931389455818e-02 1.297499014284044794e-01 8.885090319084608390e-02 1.195904630356746899e-02 -6.606943917276619782e-02 -6.818443834727960784e-02
-2.388097204846608909e-02 1.080763156949821231e-02 3.618360406140231494e-02 7.154229735400499668e-02 6.755913515186319496e-02 9.376756931389455818e-02 5.156368231571463456e-02 9.697285225378612927e-02 8.728212357800396726e-02 4.278990298500785772e-02 -1.488227109833434401e-03 -2.695254837915194226e-02
-6.802565051724968059e-02 -3.098133370420769889e-02 2.309781494167832683e-02 7.696819392797524251e-02 8.294736850228552616e-02 1.297499014284044794e-01 9.697285225378612927e-02 2.415471892294784317e-01 2.521984309451752448e-01 1.588682029052870259e-01 7.663479486718423328e-02 -2.063262583385978149e-02
-6.363214561017130344e-02 -5.915386436829073169e-02 -1.265028366923950237e-02 2.520897876816474009e-02 4.500236636667433177e-02 8.885090319084608390e-02 8.728212357800396726e-02 2.521984309451752448e-01 3.597708203830458085e-01 2.379962860531950886e-01 1.552146624254677199e-01 2.709392149869260108e-02
-3.457953973928404659e-03 -4.822730204778638563e-02 -3.996214018845872101e-02 -4.022312520080059683e-02 -1.352866077100325047e-02 1.195904630356746899e-02 4.278990298500785772e-02 1.588682029052870259e-01 2.379962860531950886e-01 2.338396483840366191e-01 2.129099624096832399e-01 9.596625920893434025e-02
1.121727077252363536e-01 1.100827557693654247e-03 -5.075485755050418435e-02 -9.497437380316700595e-02 -6.877607045760375515e-02 -6.606943917276619782e-02 -1.488227109833434401e-03 7.663479486718423328e-02 1.552146624254677199e-01 2.129099624096832399e-01 3.101071425826936734e-01 2.109428319534821239e-01
