1.544351529687720825e-01 6.772481360363650227e-01 1.162745301482139004e-01 1.470054791326129255e-02 2.192091671897772407e-03 5.264347993021695855e-04 1.872930297114210703e-03 3.653418739852811684e-03 3.369051038579986071e-03 4.423109895910235477e-03 2.348061791407085944e-03 1.895653469932368287e-02
3.525828374995204628e-01 9.625142668999481232e-02 5.592139126149160006e-02 2.203980404899129053e-01 2.805943341837878122e-02 3.494903266895642291e-02 5.259895242847766744e-02 2.473823038255109838e-02 1.940826344355995117e-02 4.737164211942104797e-03 1.404037678269052201e-02 9.631485072252356228e-02
1.315693599280528536e-01 1.520638113411205139e-01 3.585551375820560938e-01 1.522525061334202845e-01 1.413137824235988216e-01 3.094477956884874453e-02 5.349837554017172064e-03 3.121610000703984970e-03 1.709837933679226674e-03 1.509815912885006592e-03 3.066960326389288512e-03 1.854256129522786206e-02
2.923583628301525822e-03 2.724373915483104674e-02 2.384161709440523191e-01 5.248909708196516366e-01 1.986255822641464774e-01 6.041393228642067889e-03 1.088992375766584079e-03 3.609978510687509006e-04 4.946652532115014978e-05 2.133139942113962569e-05 4.042594838746932633e-05 2.973458604099851960e-04
2.926084137906224680e-01 1.797531021215681979e-01 3.372427724640353341e-02 4.877327617245148100e-02 1.511405851103715670e-02 9.862828972259303148e-03 2.853458964145271122e-03 2.457488409256365636e-03 1.064562439672384064e-02 1.728976247949310513e-02 1.334858470431971589e-01 2.534318618928420586e-01
2.555537068686738675e-03 1.695113567931755966e-02 1.446405352390416899e-01 6.777911351362518877e-01 1.421437486648558790e-01 1.408584486193224794e-02 1.237464666337429429e-03 1.333493691633587364e-04 6.199180963390491883e-06 9.856025410323132705e-06 8.845827438224411086e-05 3.567358336574793717e-04
1.090344499107959442e-01 2.617970023898240350e-02 8.252142280713300332e-03 6.465988938757466498e-03 1.094114145475139251e-02 3.398694866897525833e-03 8.668771301097010634e-03 5.199542880555474422e-02 1.194867382718599047e-01 7.856939183817403249e-02 1.821469721136445008e-01 3.948605799787719972e-01
4.141071104438154814e-04 5.497560923488355525e-03 3.695948630932581469e-02 8.679574344808949071e-01 6.270393657803932652e-02 1.911494176803441719e-02 6.643464412763742423e-03 6.295513912843242813e-04 2.507397795589151547e-05 1.770464494296927128e-05 5.992904821409184948e-06 3.074549800489142571e-05
1.493344426461986063e-01 1.990126320329911325e-01 8.320096067071339196e-02 6.846111910793614350e-03 4.020519219456172161e-03 1.326169943098925216e-03 4.444829719443885835e-04 3.507065456931386248e-04 1.208019138212857455e-03 1.227913734549743695e-02 1.483685513779786080e-01 3.936082661974217300e-01
3.096084439645533509e-02 2.537079724193657126e-01 2.637199813866909492e-01 1.701378481842235335e-01 1.958350162087319490e-01 7.157278548025129694e-02 8.828984747830516053e-03 1.191668628764170831e-03 2.920589627767372284e-04 3.456286194773242060e-04 3.531457607457833383e-04 3.054065204686932239e-03
5.464963978882301232e-01 1.207034259597793979e-01 1.243885197745307238e-02 3.300180791492034887e-03 3.667276366495260268e-04 1.584224631724943857e-04 1.890759386511123503e-04 3.318936428499019882e-03 1.557171842733293815e-02 2.542470635295941694e-02 9.000437710347064524e-02 1.820271790323103600e-01
1.205704791923259238e-02 1.013086782107891666e-02 2.431610218321238106e-03 6.752754327441287327e-03 2.854108889548095940e-02 1.626863618589436955e-01 5.832287730778527857e-02 3.569735580339200021e-01 1.132724007242432163e-01 7.142000221171806995e-02 1.628693649482275130e-01 1.454206573360765885e-02
2.163087580696331780e-01 2.051470743379271711e-01 7.089525845160996043e-02 2.833271726515668859e-02 5.477798858480117244e-02 1.937510274661159992e-01 8.746155885418546716e-02 4.019926004713972323e-02 8.326060274961452623e-03 5.493190139758991064e-03 2.405367707262042951e-02 6.525342943609002688e-02
2.107400508835263059e-02 8.531666714244039162e-03 3.430424115944174027e-03 2.366742393917774072e-03 1.155380540642543530e-02 3.890431852280575031e-02 1.386760751157222193e-01 1.354585514444087146e-01 7.621577259853543063e-02 6.993513663549352777e-02 3.552731570884819501e-01 1.385803448756685874e-01
7.281808141750539809e-02 1.583527388643278522e-02 1.021711273839947740e-02 1.217037546468159939e-02 4.914998174367289988e-03 8.004080746457023152e-03 1.945048152720994794e-02 7.693994632196544947e-02 7.040187645040889286e-02 1.334197921494015004e-01 2.301360103315606143e-01 3.456919707916099593e-01
1.789673826690283964e-01 2.536208709536262873e-01 2.272930753630431067e-02 1.393408903521179895e-02 1.388551066830747555e-02 1.960493149707191463e-01 5.624621128204117249e-02 1.893984206452825614e-02 9.855095305704544839e-02 9.645493335991246753e-02 2.222001243150888497e-02 2.840157197176638310e-02
1.155014067297257252e-01 9.926653338968133289e-02 2.564946659321996544e-02 1.715900480720602885e-03 5.264833446216952290e-04 1.535726494949881489e-03 5.302436437188224640e-03 4.986145055859089043e-03 4.572652394776955884e-03 4.015375592574216973e-02 4.124251406110040485e-01 2.883643525425102494e-01
5.524724115631919792e-03 2.529963272750198819e-02 3.371618401385823027e-01 8.276706371723685507e-02 1.281923590384825146e-02 3.063775872459617577e-02 2.906302562520821642e-01 1.601794343232562923e-01 3.245125640347750612e-02 1.601738327505052364e-02 3.438261001660162207e-03 3.073153417076170818e-03
7.712097086680212710e-02 4.120833481746756788e-01 1.477658073669673722e-01 3.156213320039642778e-02 8.212097969132384212e-02 2.587333313073022709e-02 3.455738448315576195e-02 1.743258877963613576e-02 2.751680849438944369e-03 3.226161585291504024e-03 1.756346460663381348e-02 1.479421472649479763e-01
5.133373658600236950e-04 1.487426774426883324e-03 6.469239942373718882e-03 5.585704578453425106e-02 6.456391404116298416e-01 2.084775706484904290e-01 4.969991346325041554e-02 1.248822675240416485e-02 1.047266764688465149e-02 6.478114872504124599e-03 1.865022523145035572e-03 5.522938144964568584e-04
6.351012433146882574e-03 7.237053183444721455e-03 3.752720084570987120e-03 5.292304856700071405e-03 2.213324163488218210e-03 1.502682483886690762e-02 1.693014344355195724e-02 3.822812818641777716e-02 3.418315153688544772e-01 4.140239271534462695e-01 9.135113297257252407e-02 5.776191331493939901e-02
1.501828745871142167e-03 1.672310123430898951e-02 5.167236178806060981e-02 7.829201175052100115e-02 8.474209691353162821e-02 3.466380134748039410e-01 6.501663783666035423e-02 4.816285885869944772e-02 2.179585543832419925e-01 6.931438526454303251e-02 1.824829967120471935e-02 1.729850078553164198e-03
9.468476053611697696e-02 3.850682766291357861e-02 2.664719407340135349e-02 1.224800453585805915e-02 5.058071694784937317e-02 3.423621381494275639e-01 5.019837631886923252e-02 7.214959430842324446e-03 3.259284179667372872e-03 5.626219335307729510e-03 4.202891455914082447e-02 3.266426042706054855e-01
1.252656002553312808e-03 1.970260024150240555e-03 1.109584454297750031e-02 6.165592490974679263e-02 1.788244927607759993e-01 2.817568191108543729e-01 3.685021482231249923e-01 6.252931225346908262e-02 1.752250233657113090e-02 1.168520829680041659e-02 1.710672949646641159e-03 1.494158589329489494e-03
1.550922457676667809e-01 8.360977985648514188e-02 2.618241357318188550e-02 3.025551805752157292e-03 8.024811728099473041e-04 1.353384384431314212e-04 1.554869813124787944e-04 7.234537517002296095e-04 1.222833271159338986e-02 1.013527944079483101e-01 4.995328796228463153e-01 1.171592419102602811e-01
2.053505898977319409e-03 1.013302033532382899e-02 2.084302886837476054e-02 3.199424827994882398e-02 6.828053036638905005e-02 9.950651460784426527e-02 3.170161075994084587e-01 2.405112220751978724e-01 1.790395033637935951e-01 2.698421991449640595e-02 2.890126355075664857e-03 7.479723351700958475e-04
4.844039302231868682e-02 1.690572369835963845e-02 1.109978186618814679e-02 3.658778564065187644e-02 9.957484466515348354e-02 4.978806589391147203e-02 7.034605680351796453e-02 1.277489641449957025e-01 5.876276791076219530e-02 1.096669772019827904e-01 2.671193250637490801e-01 1.039593140884089717e-01
6.138178488705514635e-02 8.163053026624282615e-03 2.826085672214046461e-03 3.819360291134455028e-03 6.486032679494647263e-03 1.838106038047986404e-02 3.498298749255595447e-02 7.984398165083092525e-02 3.311001695287479896e-02 9.536709049472523458e-02 7.891954233422890375e-02 5.767190041377819876e-01
5.311933388333974632e-02 1.813909733442816211e-02 3.354291276575075038e-03 1.146731246258604229e-03 1.842249076752346029e-03 1.673764863211537951e-03 5.836896077901325419e-03 3.407607738761218863e-02 8.486476427607606010e-02 4.774733787699673160e-01 2.559067059869114535e-01 6.256670982096615430e-02
9.115085454935533890e-03 8.910220545717445137e-03 3.566014876174111725e-02 6.194795952650468396e-02 2.281534773217207546e-01 3.494276544595713574e-01 1.967074800715703786e-01 2.182741815813370873e-02 1.379934358013147101e-02 1.035899520740154317e-02 4.359326409803471886e-02 2.049895281453726140e-02
1.441909660497714581e-03 8.974750978419640535e-03 5.872899128809588865e-02 4.301023246280147316e-01 1.969563327361173455e-02 3.915094221563337334e-02 2.317411950059691528e-01 1.033783430180247043e-01 7.444338188123107714e-02 1.691956543162234650e-02 1.291263256593910141e-02 2.510330052940840800e-03
3.078176633316822425e-02 7.874473779354013159e-02 5.416212211142622940e-02 1.146239578533603115e-01 2.242055965410656715e-01 1.546443718313055271e-01 1.142375921861689958e-01 9.492073859879435194e-02 6.262911828884558385e-02 4.343286501448699599e-02 1.125775871574602113e-02 1.635937473209217105e-02
6.430689138345551878e-03 5.453866668009081133e-03 2.229374666062392679e-02 3.781792408792778587e-02 1.315401565713911203e-01 1.699978659378383883e-01 4.150114549133360892e-02 5.053962477061833825e-02 1.415806911983687189e-01 2.792152025096582557e-01 8.903244359521962636e-02 2.459664337066613110e-02
2.562362953728087450e-02 2.141512635849128487e-02 4.436673501939700226e-02 1.812827236681565091e-01 2.139342966420448161e-02 4.965156548144605830e-02 3.701506098836468972e-01 3.462911786638709494e-02 1.745829811594463293e-02 7.341562670292033077e-02 1.179626300965440910e-01 4.265050760558056209e-02
1.564945262616768140e-01 4.184615160956925428e-02 3.004575888598087080e-02 2.258107360179343048e-01 5.627337003016194550e-02 4.543849872123638042e-03 8.589663588393294143e-04 3.827586177505565377e-03 1.961168406311141268e-02 3.528699640969283624e-02 1.804592910253773885e-01 2.449410832880265509e-01
2.001457150788531290e-03 9.711821795403311613e-03 4.032622211003836221e-02 2.251457709021549014e-01 1.949660493163448416e-01 2.051794063332312290e-01 2.118841468170428455e-01 4.999870122073764300e-02 2.493574804972199452e-02 2.725570914380744114e-02 4.810274987495128871e-03 3.784692173233515297e-03
2.134582888280912583e-01 6.400155296020067219e-02 1.055973423278938617e-02 2.429069408692327223e-03 1.903591991878787488e-03 4.409371528046997224e-03 3.716551015446338535e-02 2.891455886826671540e-01 1.579410863502266615e-01 5.675867191711899198e-03 1.134829142360964209e-02 2.019620472476218453e-01
3.926155086176320863e-02 2.322346009071557804e-01 2.666242267681042666e-01 1.707352715930595122e-01 4.333265285736929984e-02 4.044237135020884236e-03 6.205302278345033217e-04 6.226696211909900965e-04 3.883009406487582076e-03 1.933480069301735105e-02 7.692234873483284885e-02 1.423841011941640589e-01
6.370594127999091617e-03 1.021803533143893772e-01 3.236157012361592367e-01 3.797401778407363121e-02 2.881880748374045925e-02 1.604062947133569339e-02 5.413236192956717707e-02 2.934574256788358704e-01 7.888934003041284115e-02 2.288607442586806928e-02 3.018943060538637965e-02 5.445263912232218249e-03
1.265557667693152991e-02 1.015609528777898334e-02 1.072889219916244898e-02 5.728350526044065361e-02 2.771691785897435478e-01 2.988566479490755712e-01 7.099218139946607276e-02 7.917766894906827502e-02 7.105369577361202171e-02 7.012652393145700491e-02 2.237862981748520164e-02 1.942140416577889384e-02
1.781114704862683529e-01 7.365203981080807594e-02 2.923871303891869070e-02 2.038725885954708814e-02 2.401579606622637475e-01 8.710878216987427702e-02 1.866018437329636792e-01 8.602690257717637845e-02 2.203885880358078669e-02 1.332828708781066615e-02 1.089705839551917410e-02 5.245082437526925323e-02
1.264819697633584594e-02 8.581280884282424526e-02 7.294396002895687792e-01 1.496591303284145191e-01 1.206877472178347240e-02 7.930935557443580079e-04 6.818242298866876851e-05 1.493960086040217825e-05 4.510100904421749692e-05 2.442585749633706610e-04 6.340863361060794512e-03 2.865050316411546331e-03
4.068443571529953284e-03 2.373348196703748726e-03 7.485744012093193539e-03 7.133591305593817156e-02 2.321305259491348583e-01 2.520699909201755684e-01 1.611215646489377318e-01 2.477636209122582311e-01 1.594149631765584552e-02 3.584848235313129079e-03 5.391841862482454027e-04 1.585319994011282103e-03
1.378628818483261000e-02 3.118213779272684897e-03 8.564447191958723862e-04 4.231416869667193291e-04 1.097392569004001779e-04 5.554814356339026794e-04 1.871380677433797171e-03 1.007561888588403079e-02 6.634728544810762629e-02 2.572805902345542406e-01 5.402214183414032478e-01 1.053543973498146658e-01
4.100378000496650577e-01 1.599956352338069709e-01 2.507729524794577447e-02 3.992082541359752261e-03 1.870389807994809594e-03 1.205859403066265358e-03 7.779587874903161554e-04 1.984318132333465906e-03 8.325369115184954455e-03 7.674768430969476640e-02 6.659389571587731593e-02 2.433917116555809335e-01
4.988473417534244891e-02 3.317683549938270637e-01 4.840370859182596130e-01 8.311114748190467916e-02 1.331081237054876527e-02 4.489397458262189486e-03 6.183339971850208318e-03 1.570983138896325402e-03 5.512170139693333987e-04 1.737818326888460442e-03 6.521925525923451088e-03 1.683318362432715751e-02
1.066118380585234999e-03 8.076166159289975164e-04 7.185423695127040808e-03 8.963812985940432243e-02 3.435784253886307038e-01 7.311585213857429988e-02 1.941053428882703602e-01 1.144367050754364484e-01 1.339083387408279702e-01 1.627745670531274141e-02 1.891957670028943453e-02 6.961013811612810215e-03
6.676640035854998836e-03 5.380940462633995724e-02 4.365845494220371159e-01 4.472080320870981396e-01 4.862821735185947347e-02 3.949762412366741339e-03 5.687878777572740515e-04 1.679853063464311854e-04 2.454400793454448548e-04 1.213214772784816284e-04 1.083709728099765349e-03 9.561495956156810128e-04
2.456854733781449196e-01 1.713940438729696925e-01 7.028024653063216776e-02 4.673146151480988414e-02 1.074279492072354597e-02 1.189282061622898030e-03 3.085926901585929840e-04 4.347409368374180547e-04 1.657656017573999521e-03 5.257902628276816918e-03 2.719061920525155454e-02 4.191271862429984396e-01
1.580645518949059820e-03 9.305688663007270073e-03 4.784962622936703158e-02 5.996250972886872921e-01 1.157575100909132571e-01 6.348325132708484975e-02 1.283381561147042826e-01 2.421134641818966163e-02 6.553108042495573229e-03 1.335214600996523096e-03 5.403805215080719968e-04 1.419975184097274287e-03
2.299849262024527274e-01 4.132938287679824296e-02 2.174808227001085760e-03 5.610126598650403773e-04 1.035038103520870322e-03 4.511314742648526652e-04 2.465399160769021422e-03 7.711336645426056409e-03 1.359876989902920538e-02 2.762872358706256609e-02 1.007723138721947215e-01 5.722871572916156113e-01
4.252125020168752781e-03 4.253476816303133554e-03 1.791322132427059649e-02 2.285638838025027403e-02 1.083423345681778782e-01 2.936543664516406693e-01 8.524196600487687903e-02 2.324365138020951793e-01 1.655068360513026471e-01 4.440494548386098028e-02 1.498129022102127721e-02 6.156535876032001586e-03
3.961465243346760229e-03 2.478724408815565980e-02 1.160512295547781458e-01 7.904728931298726780e-02 8.150157180318513828e-02 1.026527421696037667e-01 6.047076220704614841e-02 2.451430994032733485e-02 2.552112903396109092e-02 2.951224961950356107e-01 1.702194063231772803e-01 1.615035412839578230e-02
1.805069990095860407e-03 1.828384330290066682e-04 7.471843550314248529e-05 3.300011913605420638e-04 3.286861561200428439e-03 3.128310788348951516e-02 1.043964637393815786e-01 3.425806186801820807e-01 2.865664513782855694e-01 1.247509156705510491e-01 7.517961249471249996e-02 2.956334054220895180e-02
4.561987644650033970e-04 4.126697894570175828e-05 3.997057124420097475e-05 5.480074242223313084e-05 7.758074998586593409e-04 3.356301594606592165e-03 5.738053740331937325e-02 6.846192387547087588e-01 1.862551324081730963e-01 6.185765140396068396e-02 4.395853049903832716e-03 7.672408283919329372e-04
5.071251204031383686e-02 1.875382769729741494e-02 2.142459088955682781e-02 2.010660318150307019e-02 6.781969432275869458e-02 4.491378679683853681e-02 1.771018806226343570e-02 1.059558428320362955e-01 3.436537768167015061e-01 5.542830568910347283e-02 5.339911974220980240e-02 2.001217519294170299e-01
1.228722893298882235e-02 6.231203772288117920e-02 3.802405814972367737e-01 1.263654001348782918e-01 3.591736533347621441e-01 5.092353979866962033e-02 6.536292584856819195e-03 5.383700716185454418e-04 7.204764569408073267e-05 2.605336093675484193e-05 1.660440976130342307e-04 1.358750817864010172e-03
1.541386803706081780e-03 3.415494417174923551e-04 3.402297580202883007e-04 2.596374511920637208e-03 1.796777841868713380e-02 8.177951062877615585e-02 3.109900264183947938e-01 6.826403856672853820e-02 4.468182421774392205e-02 4.204450266897953870e-01 4.114987537457259759e-02 9.902379169936843459e-03
1.965431399206105239e-05 5.525552615654205724e-06 1.637119364241803498e-05 6.209635829613488825e-04 1.298035991952182361e-02 1.009978456301575678e-01 7.677304615087418016e-01 9.644090369969005039e-02 8.548366499196078522e-03 1.158226372166774702e-02 9.709767535908638871e-04 8.630762422278970844e-05
5.018121500913891309e-02 1.411447427459243398e-01 7.641237812020655953e-03 1.211124693596028973e-03 3.022128540341841377e-04 3.533813485098317216e-04 7.914297081874156802e-04 3.330911824034288055e-03 4.661662981674637163e-02 2.721352922241413452e-01 1.698290085290238283e-01 3.064628134346426558e-01
9.957754327272774070e-03 7.729383121706982426e-03 4.081815381709972407e-02 2.275286024979822699e-02 6.434150669840788331e-03 7.101132806561339002e-03 3.933087213869618237e-02 3.291526473583173962e-01 3.919966314162522947e-01 7.611978235467073417e-02 2.152697852704377537e-02 4.707965321273985260e-02
2.908689907098099270e-01 3.589434568431186245e-01 1.335891466829474128e-01 6.383826118230284674e-02 1.191011235484170858e-02 2.075149486783554528e-03 3.958794828635389977e-04 6.110821288216793318e-04 2.000964142374485940e-03 5.996423598512063552e-03 3.575258088037255866e-02 9.401795250725175634e-02
2.492021147090872114e-03 7.032314422813888515e-03 1.847648351297711319e-03 6.541530663344198408e-03 6.531726960635766965e-02 3.072632773360794295e-02 7.187533422153555285e-02 1.367714472835248052e-01 2.085785385667539293e-01 4.169567057851528147e-01 4.685211870123332650e-02 5.008743517287068611e-03
2.418846286365025633e-02 9.159039853798504882e-03 3.615895605745972959e-03 7.207242266153678079e-04 4.757724628257205767e-04 2.357584376051060759e-03 4.877203733099881242e-03 3.217669375174365964e-02 5.526734131044828274e-02 2.238863038289388152e-01 5.025864103646314751e-01 1.406885676224511883e-01
1.887161272018345742e-02 8.432973200099256467e-03 5.582742553158852837e-03 2.143215703960346663e-02 7.667081374916152881e-02 3.139379614374604444e-01 1.042109881274344840e-01 2.613657017946461325e-01 3.717694402939009102e-02 8.344558828347562601e-03 2.556560391880492028e-02 1.184079426017101144e-01
2.659889172000557810e-03 6.192466808026967154e-04 4.051932328435833169e-05 1.476551009697784925e-05 5.700983145624902073e-05 3.276978373468361324e-04 1.909745278816563172e-03 9.194377538420183543e-03 5.927321954574865659e-02 3.211818953209784056e-01 5.723614310852993547e-01 3.236020287574940812e-02
4.268880067416269469e-04 6.250658615910852783e-03 6.325771301170586558e-02 6.868555579932127397e-01 2.120786548769452162e-01 2.280465788087535778e-02 7.030721837268483904e-03 1.153157643425854620e-03 6.348787338873458207e-05 1.075639175554077114e-05 1.359703038545424091e-05 5.414883838413409310e-05
8.170342930095207679e-02 3.510949661113389741e-02 1.892056075838405987e-02 1.278946583916174690e-02 3.514273147376394991e-03 3.943959575044683665e-04 2.207705361852252499e-04 3.323295209188672009e-04 2.711135681989342971e-03 5.013299326964509167e-02 5.884252463633643515e-01 2.057459030133844124e-01
1.188931311575327186e-02 4.999779440407490193e-03 1.720088368533147921e-02 2.553821717139163547e-03 1.188462408203157412e-02 6.974955400216345872e-03 2.631864683861988297e-02 6.740905285122228419e-02 2.022616662517350561e-01 3.444698499705544648e-01 2.543632853496132773e-01 4.967412129737598658e-02
1.039062736204545909e-02 4.202433693249330547e-03 3.828628709735499257e-03 1.159103104342526893e-03 3.558684964926884381e-03 6.467459559105727049e-03 9.337309075722846630e-02 6.391525297966769159e-01 1.732985423531564206e-01 4.429947246732594129e-02 1.156546018403097759e-02 8.703967048175670004e-03
8.315940141585309630e-04 3.616081153795718504e-03 1.221679653853279326e-02 7.112946146666543346e-02 1.555836399951032734e-01 1.902275209695749036e-01 2.080409367033185797e-01 1.538177544559543586e-01 8.936947953035606629e-02 9.936180814767936464e-02 1.424339375093770788e-02 1.561533273923320590e-03
1.366607935791127638e-02 7.550505454703254626e-02 3.509048626419452588e-01 4.202534476573237254e-02 5.530771303050159918e-03 1.245375750024151030e-03 3.418709010052352858e-03 8.315003127796476157e-03 2.752962322234596415e-02 2.035783314248935660e-01 1.967940907287877295e-01 7.148675412042822253e-02
1.932931494843697154e-02 1.879443685358157118e-02 2.648626368929912073e-02 1.135350505306129409e-01 1.775363350760031378e-01 1.034909173952556216e-01 9.002096869959393122e-02 1.050025227391109262e-01 7.941309623312159394e-02 2.011840582196176841e-01 4.976094842159686782e-02 1.544608719376974401e-02
8.142203561362524808e-03 1.142564197339746967e-03 4.811596745221983422e-04 1.630689324230767071e-03 2.984635308367551698e-02 2.719827744081468879e-01 1.271988074523020817e-01 7.236701895656108552e-02 2.822577601586709339e-02 1.204929576419042081e-01 2.957088794486197325e-01 4.278081623546813039e-02
1.902147531075982223e-01 7.285570425369404524e-02 1.496634963153949116e-02 1.827346042622859110e-03 6.392640582813742577e-04 6.131903875169614476e-04 8.281397824322286882e-04 6.625971297627744096e-03 3.412478900729115638e-02 1.921367830856029191e-01 3.342736340235883952e-01 1.508940753222048903e-01
6.483565527113355730e-04 8.673989416678681147e-03 1.198568035383550667e-01 3.564022174231801787e-01 9.088259280972568743e-02 1.028204139348312535e-01 2.311887185114169518e-01 7.035390839157470988e-02 1.673100269970847695e-02 1.932670313710122163e-03 3.743282226106414527e-04 1.349981854972191178e-04
2.750753667321990253e-02 4.219380171908943683e-02 2.543869039568230628e-01 1.539154125977311438e-01 2.323279279953887472e-02 1.464444861930758353e-02 1.042395654958958029e-01 2.529845266546487670e-01 3.893700700266989473e-02 4.181731608563932917e-02 2.819267471764921526e-02 1.794801367778709605e-02
3.391139916101374059e-03 2.504759679340693226e-02 4.591450329772764349e-02 1.688844227336073200e-01 4.019841154539663952e-01 1.208693679221470862e-01 8.377500289514978882e-02 7.756501258284792533e-02 5.938742745855633137e-02 6.669518601999450437e-03 3.968998958004173877e-03 2.542893386485491243e-03
1.577541113260082228e-02 7.202288503197507366e-03 7.253260983922130492e-03 2.007842263098689670e-03 2.942872450009424712e-03 1.919682245232456202e-02 7.072912955091785470e-02 6.013326762344822773e-01 7.516731113036692613e-02 6.434805251004860338e-02 7.839227359045493337e-02 5.565205919857647843e-02
1.640320714081311415e-01 6.865674786373070215e-02 2.568550460301870578e-02 3.468688489258898305e-02 2.305438067283867298e-02 4.308940520895300497e-02 1.219626068903377769e-01 4.710912596615986214e-02 2.051482447322663244e-02 4.956746140427606417e-02 3.034236349456921888e-01 9.821735167104635178e-02
7.697385237625056775e-02 1.432055739445571296e-01 1.550792906524687820e-01 7.041431610248190254e-02 2.535775994478772777e-01 2.165926097649467641e-01 2.438009787328919084e-02 2.763267549458621811e-02 9.194317590551132763e-03 3.575418093572538519e-03 6.615187693256656745e-03 1.275906096616178168e-02
1.042955573731857155e-01 2.693562018420789239e-02 2.327126012347892695e-02 3.790459995244178232e-02 1.049900011501738173e-01 1.484732313751572774e-01 7.255664543202622330e-02 4.394313703879227512e-02 2.619860891735459330e-02 4.065642889047935832e-02 1.555253077853696042e-01 2.152496017773324888e-01
2.491696888808207083e-02 5.499976296879195876e-03 2.035881414085490091e-03 4.571329200223734571e-04 1.090984017158157411e-04 1.263696254616647019e-04 8.066101427111375347e-04 5.267344528625806516e-03 5.928330776256542090e-02 5.521498137308966658e-01 2.742834190942103900e-01 7.506407719474435247e-02
1.101757467064785716e-02 1.047770052553010783e-01 3.355584894307546140e-01 1.115890902442415733e-01 3.314310414567045449e-02 2.146252343252539121e-02 1.227373912947161277e-02 3.407785939727684538e-02 6.344388143714638217e-02 1.798715409603419690e-01 8.187514107937682306e-02 1.091005081724575124e-02
6.254952528489897412e-02 2.876460585080183319e-01 4.686322426950444431e-01 5.816177039215950084e-02 3.017310564395276479e-02 7.317681574365638743e-03 4.634844469709498670e-03 1.181326819258171623e-03 2.520643338495495017e-03 1.293680578189739666e-02 1.907075500876198940e-02 4.517524048343806581e-02
4.485159256880943447e-04 2.754984987200110322e-04 3.493564885022663012e-04 1.116299960351858000e-03 4.233034417362666231e-03 7.602774472641792014e-02 2.166687221664961305e-01 5.348581927266007341e-01 1.382715346018989211e-01 1.951735346873657850e-02 7.200169908864728456e-03 1.033577110360310016e-03
1.837678611514858423e-02 2.458486566206580931e-03 3.680568026796023247e-04 6.256633976127655102e-05 2.417278597631166153e-05 1.387331566926988159e-04 8.659963884583067074e-04 8.380157785119562303e-03 5.726612342547585111e-02 3.060333969923186848e-01 4.059400125523462965e-01 2.000855110898162315e-01
2.173344520522856732e-02 9.329847673839226224e-03 7.109182569894044630e-03 1.823350937703439173e-02 1.220380701256415096e-01 3.079135328224205659e-01 3.943722773359426004e-02 4.223698422171968947e-03 1.449336294833878519e-02 6.404848099762833202e-02 7.082345330106909476e-02 3.206161888231394141e-01
1.507140380892980080e-01 2.130312267640095403e-01 6.415663561590428943e-02 6.772422856780827873e-03 3.099554122932805886e-03 1.610007745863117467e-03 1.162839576828422197e-03 2.780464662029029539e-03 2.694809344166827769e-02 3.567176458688448015e-02 1.339547993737791876e-01 3.600981531640220501e-01
1.397702395330001068e-01 3.799404753546750113e-01 3.075574317359892618e-01 1.082332433670700478e-01 1.180359302731581739e-02 5.722354341838066343e-03 8.846872944923893454e-04 3.356275807954852905e-04 1.020734331177316611e-03 4.699795376848193811e-03 1.515807219849127363e-02 2.487374585830737228e-02
1.899722005229183969e-02 1.016761988836867303e-01 3.489584263069501757e-01 7.472074910720488683e-02 2.404853498851752466e-02 3.089209917527228899e-02 4.659995747795721288e-02 4.405347748615967562e-02 9.398701062993575217e-02 1.417383094941297439e-01 5.286529834375374576e-02 2.146271805414056225e-02
1.060120412780826867e-02 2.250875573398396917e-02 1.612512814792070315e-01 2.411641793908768650e-01 5.621201980834727996e-02 4.096976350201103796e-03 9.163652444508105233e-03 7.535591768044989924e-03 4.794709112475141477e-02 3.764572260501722889e-01 4.827213458975017357e-02 1.478988713234865963e-02
5.604726056752918489e-02 5.136393770687244092e-02 6.565542307794465862e-03 1.551121553173041368e-03 2.663265413548958046e-04 1.331733346507873810e-04 1.082169641426193856e-03 6.060818684689386719e-03 2.928491507821328124e-02 4.446979864209130717e-01 1.139775093947856255e-01 2.889692387685978137e-01
1.775786394812542759e-02 2.688882261399372919e-01 5.619283441469156148e-01 7.268402186780102692e-02 4.676208447555507686e-02 1.044422378614932173e-02 5.439148860005901115e-03 4.025243188972551546e-03 1.334743451175344261e-03 1.570653879377188452e-03 5.407379907172570055e-03 3.758066348813040962e-03
1.897271054811895952e-01 8.954883211207771698e-02 6.316212532983916939e-02 1.254156500791659204e-02 2.906131868232532476e-03 1.065140614188427341e-03 1.681774428358573251e-03 6.069285647385058539e-03 2.551642839385253464e-02 2.354843834783161560e-02 1.654581990071951336e-01 4.187749737619330115e-01
3.420619981957453426e-01 1.099188758463579413e-01 2.272335622059672156e-02 6.135406607265570661e-02 3.142643296525481911e-01 9.905549040615971301e-02 9.316503614895259994e-03 1.381411488236970308e-03 1.233081644701003541e-03 1.608045834393226608e-03 3.057894385406409281e-03 3.402494663830386845e-02
1.182701131758094604e-01 7.373456261818679414e-01 1.196364895150006935e-01 7.670425715760802871e-03 1.117711001856155168e-03 7.960507169769539594e-05 1.000758999690144660e-05 4.319216153553368869e-06 1.644099468467646804e-05 1.197059022406028197e-04 1.237039492119278595e-03 1.449251614281264755e-02
4.233144001008862581e-03 4.174672332655130803e-03 1.041778411653060312e-03 3.320723507334652838e-03 4.299858083527465479e-03 3.580713340125054114e-03 3.576385354302316633e-02 4.177949403287378738e-01 3.338700036678923788e-01 1.602890710344510028e-01 2.885917434658528957e-02 2.772067403005960655e-03
1.955821476343214821e-03 6.388706797946415179e-04 4.194720874709972945e-04 6.647157048705704075e-04 1.571053016504140058e-03 9.902710675878783828e-03 6.914109920869751860e-03 2.881022092365422699e-02 1.855161485887261152e-01 6.551335046241707483e-01 9.876080345001664318e-02 9.712568851700286235e-03
1.172053534451676215e-03 1.747364587501596203e-04 1.228493367796254705e-04 2.135274155548072192e-03 1.782596903908962790e-02 3.343996596702650259e-02 2.282971669510390766e-01 2.107376468199414488e-01 3.163326668028055844e-01 1.312137349070013892e-01 5.130596098995049426e-02 7.241975037616301888e-03
