1.544351529687720825e-01 3.208809801513781146e-01 1.335160556572732582e-01 4.752339981863497320e-02 1.835332653007791179e-02 8.985305144069900829e-03 1.692632577979416575e-02 2.363411121993435476e-02 2.270014916126866789e-02 2.602727635643798526e-02 1.900509531220206591e-02 5.406643664050189008e-02
3.208809801513781146e-01 6.772481360363650227e-01 2.790461378928706382e-01 9.896421859679824240e-02 3.814286832800364152e-02 1.864277734541494591e-02 3.508526665067208949e-02 4.898195658831688143e-02 4.704762056280811788e-02 5.395159049072221352e-02 3.941981417203905408e-02 1.121984825096597055e-01
1.335160556572732582e-01 2.790461378928706382e-01 1.162745301482139004e-01 4.130969168265510860e-02 1.593415417269974238e-02 7.794113300841228748e-03 1.467601152544663855e-02 2.049058885721702014e-02 1.967998446048222286e-02 2.256186411980785206e-02 1.646465570009279789e-02 4.679599554277860674e-02
4.752339981863497320e-02 9.896421859679824240e-02 4.130969168265510860e-02 1.470054791326129255e-02 5.674818426379663223e-03 2.777907202314681967e-03 5.233237253764502425e-03 7.307200824639259462e-03 7.017878057761861230e-03 8.044415822927650575e-03 5.867128622486044581e-03 1.666761095182507299e-02
1.835332653007791179e-02 3.814286832800364152e-02 1.593415417269974238e-02 5.674818426379663223e-03 2.192091671897772407e-03 1.073787774351057326e-03 2.023791410764327978e-03 2.826042651167077688e-03 2.714062649620993008e-03 3.110674211340244688e-03 2.267654128752375105e-03 6.439660589102430728e-03
8.985305144069900829e-03 1.864277734541494591e-02 7.794113300841228748e-03 2.777907202314681967e-03 1.073787774351057326e-03 5.264347993021695855e-04 9.927597000277544725e-04 1.386435706227625089e-03 1.331434442530164035e-03 1.525716946561106718e-03 1.111437553646839370e-03 3.154413694458237452e-03
1.692632577979416575e-02 3.508526665067208949e-02 1.467601152544663855e-02 5.233237253764502425e-03 2.023791410764327978e-03 9.927597000277544725e-04 1.872930297114210703e-03 2.615816956529918615e-03 2.511950936061972933e-03 2.878092293621085842e-03 2.095471114929185752e-03 5.944578693260407255e-03
2.363411121993435476e-02 4.898195658831688143e-02 2.049058885721702014e-02 7.307200824639259462e-03 2.826042651167077688e-03 1.386435706227625089e-03 2.615816956529918615e-03 3.653418739852811684e-03 3.508334488417986716e-03 4.019615623490100514e-03 2.926314139793376699e-03 8.300930673884156577e-03
2.270014916126866789e-02 4.704762056280811788e-02 1.967998446048222286e-02 7.017878057761861230e-03 2.714062649620993008e-03 1.331434442530164035e-03 2.511950936061972933e-03 3.508334488417986716e-03 3.369051038579986071e-03 3.860121162031537705e-03 2.810382904534354694e-03 7.972541024285430961e-03
2.602727635643798526e-02 5.395159049072221352e-02 2.256186411980785206e-02 8.044415822927650575e-03 3.110674211340244688e-03 1.525716946561106718e-03 2.878092293621085842e-03 4.019615623490100514e-03 3.860121162031537705e-03 4.423109895910235477e-03 3.221046402020927377e-03 9.139493081044395423e-03
1.900509531220206591e-02 3.941981417203905408e-02 1.646465570009279789e-02 5.867128622486044581e-03 2.267654128752375105e-03 1.111437553646839370e-03 2.095471114929185752e-03 2.926314139793376699e-03 2.810382904534354694e-03 3.221046402020927377e-03 2.348061791407085944e-03 6.668627677602401160e-03
5.406643664050189008e-02 1.121984825096597055e-01 4.679599554277860674e-02 1.666761095182507299e-02 6.439660589102430728e-03 3.154413694458237452e-03 5.944578693260407255e-03 8.300930673884156577e-03 7.972541024285430961e-03 9.139493081044395423e-03 6.668627677602401160e-03 1.895653469932368287e-02
3.525828374995204628e-01 1.808695077101917237e-01 1.204727905041900748e-01 2.072001450574646464e-01 7.417240794340590471e-02 8.314730198079275936e-02 1.026321487605480753e-01 7.199821326421602941e-02 6.672419055501277452e-02 3.697432167078040788e-02 6.925232063132194527e-02 1.835363837613714078e-01
1.808695077101917237e-01 9.625142668999481232e-02 6.866544908648491985e-02 1.237379282463753893e-01 4.425075200399341407e-02 4.946611299383273791e-02 6.087236520497144032e-02 4.239049346544526697e-02 3.871416165713960356e-02 2.057678613748670921e-02 3.664987741073236216e-02 9.530368904455586987e-02
1.204727905041900748e-01 6.866544908648491985e-02 5.592139126149160006e-02 1.088275216453598038e-01 3.884565845812645163e-02 4.322706195737426038e-02 5.294338912728312890e-02 3.645118762134282042e-02 3.252357097138679903e-02 1.609907132233694485e-02 2.601480498422204662e-02 6.501027854471433387e-02
2.072001450574646464e-01 1.237379282463753893e-01 1.088275216453598038e-01 2.203980404899129053e-01 7.856162931685731210e-02 8.718387642091648959e-02 1.065161510901875691e-01 7.293064298207289908e-02 6.432676534075343344e-02 3.066417800423057449e-02 4.672026642786682865e-02 1.136697059734885218e-01
7.417240794340590471e-02 4.425075200399341407e-02 3.884565845812645163e-02 7.856162931685731210e-02 2.805943341837878122e-02 3.123388762059672169e-02 3.820843356969583215e-02 2.616665589519180657e-02 2.307878467566250660e-02 1.099323780113893416e-02 1.673209334290344172e-02 4.069786415452220085e-02
8.314730198079275936e-02 4.946611299383273791e-02 4.322706195737426038e-02 8.718387642091648959e-02 3.123388762059672169e-02 3.494903266895642291e-02 4.284852353331449620e-02 2.935823821981749238e-02 2.589757832347166361e-02 1.232886760756591801e-02 1.875378522170068063e-02 4.561980979482301718e-02
1.026321487605480753e-01 6.087236520497144032e-02 5.294338912728312890e-02 1.065161510901875691e-01 3.820843356969583215e-02 4.284852353331449620e-02 5.259895242847766744e-02 3.605420097860675965e-02 3.181948885337456540e-02 1.516403088553035412e-02 2.310983658341601160e-02 5.627536864507330649e-02
7.199821326421602941e-02 4.239049346544526697e-02 3.645118762134282042e-02 7.293064298207289908e-02 2.616665589519180657e-02 2.935823821981749238e-02 3.605420097860675965e-02 2.473823038255109838e-02 2.187083968599063538e-02 1.047835496041486097e-02 1.610761942091176388e-02 3.938343898950502631e-02
6.672419055501277452e-02 3.871416165713960356e-02 3.252357097138679903e-02 6.432676534075343344e-02 2.307878467566250660e-02 2.589757832347166361e-02 3.181948885337456540e-02 2.187083968599063538e-02 1.940826344355995117e-02 9.406989486008134060e-03 1.472948679131928437e-02 3.631817987776546353e-02
3.697432167078040788e-02 2.057678613748670921e-02 1.609907132233694485e-02 3.066417800423057449e-02 1.099323780113893416e-02 1.232886760756591801e-02 1.516403088553035412e-02 1.047835496041486097e-02 9.406989486008134060e-03 4.737164211942104797e-03 7.851789381468139706e-03 1.984266978873303403e-02
6.925232063132194527e-02 3.664987741073236216e-02 2.601480498422204662e-02 4.672026642786682865e-02 1.673209334290344172e-02 1.875378522170068063e-02 2.310983658341601160e-02 1.610761942091176388e-02 1.472948679131928437e-02 7.851789381468139706e-03 1.404037678269052201e-02 3.656157998621969996e-02
1.835363837613714078e-01 9.530368904455586987e-02 6.501027854471433387e-02 1.136697059734885218e-01 4.069786415452220085e-02 4.561980979482301718e-02 5.627536864507330649e-02 3.938343898950502631e-02 3.631817987776546353e-02 1.984266978873303403e-02 3.656157998621969996e-02 9.631485072252356228e-02
1.315693599280528536e-01 1.403720037689827338e-01 2.104931378204552006e-01 1.378884435184691004e-01 1.317778714339000734e-01 6.196647993437601892e-02 2.592150564923663067e-02 1.993218913176764834e-02 1.483036548443531291e-02 1.401299946190378426e-02 2.004894854145379199e-02 4.936513352781647657e-02
1.403720037689827338e-01 1.520638113411205139e-01 2.307721023671318594e-01 1.499783092368804083e-01 1.423664301187592129e-01 6.683443734699562322e-02 2.792574755716684815e-02 2.144285902451058268e-02 1.593272092570783768e-02 1.502566086871774328e-02 2.144896247709515355e-02 5.272108350596643733e-02
2.104931378204552006e-01 2.307721023671318594e-01 3.585551375820560938e-01 2.307020334609092838e-01 2.172598454701606674e-01 1.017648137621890575e-01 4.244932541198797454e-02 3.252656186360950580e-02 2.411980367761554916e-02 2.268311868030693096e-02 3.227693838768624923e-02 7.915854088848023329e-02
1.378884435184691004e-01 1.499783092368804083e-01 2.307020334609092838e-01 1.522525061334202845e-01 1.454028203454084123e-01 6.803543959572530553e-02 2.831324100218824205e-02 2.162873380266357518e-02 1.599308278843419168e-02 1.498602040532836209e-02 2.124453122737032448e-02 5.197311151829570042e-02
1.317778714339000734e-01 1.423664301187592129e-01 2.172598454701606674e-01 1.454028203454084123e-01 1.413137824235988216e-01 6.607507509597788931e-02 2.744399723062608543e-02 2.091372135261655371e-02 1.542980362016794192e-02 1.441721116238691910e-02 2.037843343002176608e-02 4.975872869223357808e-02
6.196647993437601892e-02 6.683443734699562322e-02 1.017648137621890575e-01 6.803543959572530553e-02 6.607507509597788931e-02 3.094477956884874453e-02 1.286054482747897576e-02 9.806767436470777144e-03 7.239131226110870690e-03 6.768638237769302943e-03 9.574435633471527901e-03 2.339041538146526683e-02
2.592150564923663067e-02 2.792574755716684815e-02 4.244932541198797454e-02 2.831324100218824205e-02 2.744399723062608543e-02 1.286054482747897576e-02 5.349837554017172064e-03 4.083778754350762992e-03 3.017195768911579232e-03 2.824215024041214044e-03 3.999645562168608996e-03 9.779006553699638032e-03
1.993218913176764834e-02 2.144285902451058268e-02 3.252656186360950580e-02 2.162873380266357518e-02 2.091372135261655371e-02 9.806767436470777144e-03 4.083778754350762992e-03 3.121610000703984970e-03 2.308986429329078216e-03 2.164449628534895718e-03 3.070029562999462315e-03 7.513971915069871804e-03
1.483036548443531291e-02 1.593272092570783768e-02 2.411980367761554916e-02 1.599308278843419168e-02 1.542980362016794192e-02 7.239131226110870690e-03 3.017195768911579232e-03 2.308986429329078216e-03 1.709837933679226674e-03 1.605130023245199353e-03 2.280209237256488383e-03 5.586649241437573882e-03
1.401299946190378426e-02 1.502566086871774328e-02 2.268311868030693096e-02 1.498602040532836209e-02 1.441721116238691910e-02 6.768638237769302943e-03 2.824215024041214044e-03 2.164449628534895718e-03 1.605130023245199353e-03 1.509815912885006592e-03 2.149351148881011985e-03 5.273529142711693915e-03
2.004894854145379199e-02 2.144896247709515355e-02 3.227693838768624923e-02 2.124453122737032448e-02 2.037843343002176608e-02 9.574435633471527901e-03 3.999645562168608996e-03 3.070029562999462315e-03 2.280209237256488383e-03 2.149351148881011985e-03 3.066960326389288512e-03 7.536822003486156121e-03
4.936513352781647657e-02 5.272108350596643733e-02 7.915854088848023329e-02 5.197311151829570042e-02 4.975872869223357808e-02 2.339041538146526683e-02 9.779006553699638032e-03 7.513971915069871804e-03 5.586649241437573882e-03 5.273529142711693915e-03 7.536822003486156121e-03 1.854256129522786206e-02
2.923583628301525822e-03 8.922808083333191864e-03 2.636539894392741362e-02 3.876162215857852089e-02 2.390420649426110850e-02 4.179102837523937866e-03 1.779283916300964351e-03 1.025749393408413764e-03 3.798787663453885664e-04 2.495730324275519671e-04 3.436959537596064301e-04 9.322971719669891598e-04
8.922808083333191864e-03 2.724373915483104674e-02 8.053219539256992188e-02 1.181747390059294939e-01 7.279693552213198360e-02 1.273141248402313505e-02 5.423383493769345226e-03 3.127616626018085190e-03 1.158469330734555923e-03 7.612357229727769944e-04 1.048544781950240447e-03 2.844751091243398651e-03
2.636539894392741362e-02 8.053219539256992188e-02 2.384161709440523191e-01 3.492621037767016379e-01 2.146819419203939150e-01 3.755858042276721820e-02 1.600734345318599594e-02 9.234088793792488009e-03 3.420763068109956319e-03 2.248149679070526007e-03 3.097190589118367036e-03 8.404100208919799281e-03
3.876162215857852089e-02 1.181747390059294939e-01 3.492621037767016379e-01 5.248909708196516366e-01 3.197710198332730513e-01 5.582267333896441530e-02 2.371644380518395795e-02 1.365351682457461961e-02 5.053245587623550125e-03 3.317203875061869225e-03 4.564129878901869788e-03 1.237128786255647234e-02
2.390420649426110850e-02 7.279693552213198360e-02 2.146819419203939150e-01 3.197710198332730513e-01 1.986255822641464774e-01 3.463160364260032403e-02 1.468596863274413550e-02 8.445012516636084612e-03 3.123977452228332043e-03 2.049532649981896174e-03 2.818141472433534703e-03 7.634523908376834520e-03
4.179102837523937866e-03 1.273141248402313505e-02 3.755858042276721820e-02 5.582267333896441530e-02 3.463160364260032403e-02 6.041393228642067889e-03 2.563642596874267116e-03 1.474802951095888345e-03 5.456583172234906118e-04 3.580661267203059982e-04 4.924660563482552694e-04 1.334394232824214800e-03
1.779283916300964351e-03 5.423383493769345226e-03 1.600734345318599594e-02 2.371644380518395795e-02 1.468596863274413550e-02 2.563642596874267116e-03 1.088992375766584079e-03 6.268668525603597781e-04 2.319971291956382997e-04 1.522896107623078130e-04 2.095284187451628972e-04 5.679175328147523108e-04
1.025749393408413764e-03 3.127616626018085190e-03 9.234088793792488009e-03 1.365351682457461961e-02 8.445012516636084612e-03 1.474802951095888345e-03 6.268668525603597781e-04 3.609978510687509006e-04 1.336256557302872166e-04 8.773478306864348141e-05 1.207391698629232035e-04 3.273238127092580421e-04
3.798787663453885664e-04 1.158469330734555923e-03 3.420763068109956319e-03 5.053245587623550125e-03 3.123977452228332043e-03 5.456583172234906118e-04 2.319971291956382997e-04 1.336256557302872166e-04 4.946652532115014978e-05 3.248162572385992250e-05 4.470572138865683135e-05 1.212085599363577602e-04
2.495730324275519671e-04 7.612357229727769944e-04 2.248149679070526007e-03 3.317203875061869225e-03 2.049532649981896174e-03 3.580661267203059982e-04 1.522896107623078130e-04 8.773478306864348141e-05 3.248162572385992250e-05 2.133139942113962569e-05 2.936336229633704835e-05 7.962081467622121828e-05
3.436959537596064301e-04 1.048544781950240447e-03 3.097190589118367036e-03 4.564129878901869788e-03 2.818141472433534703e-03 4.924660563482552694e-04 2.095284187451628972e-04 1.207391698629232035e-04 4.470572138865683135e-05 2.936336229633704835e-05 4.042594838746932633e-05 1.096320236129461084e-04
9.322971719669891598e-04 2.844751091243398651e-03 8.404100208919799281e-03 1.237128786255647234e-02 7.634523908376834520e-03 1.334394232824214800e-03 5.679175328147523108e-04 3.273238127092580421e-04 1.212085599363577602e-04 7.962081467622121828e-05 1.096320236129461084e-04 2.973458604099851960e-04
2.926084137906224680e-01 2.272833519769379973e-01 9.815349443478579849e-02 1.168509127071907239e-01 6.501102618765483565e-02 5.254285813309642061e-02 2.832762363208098100e-02 2.636358562180028328e-02 5.486352145992977325e-02 6.977851213920074902e-02 1.931797503283291806e-01 2.684001695952260569e-01
2.272833519769379973e-01 1.797531021215681979e-01 7.761017922843632677e-02 9.242282752183772487e-02 5.137039507842498104e-02 4.146990981652544372e-02 2.231849180119134871e-02 2.069595796680580302e-02 4.295104140303904194e-02 5.443236684700612782e-02 1.502839478653610339e-01 2.081048248356768826e-01
9.815349443478579849e-02 7.761017922843632677e-02 3.372427724640353341e-02 4.040633191074959746e-02 2.247167772500258121e-02 1.814103477588757674e-02 9.756991636846484850e-03 9.035486126498716575e-03 1.873594310777936325e-02 2.372325688589004694e-02 6.546378942766688247e-02 9.036974790598227558e-02
1.168509127071907239e-01 9.242282752183772487e-02 4.040633191074959746e-02 4.877327617245148100e-02 2.714063994152241671e-02 2.190884284414630623e-02 1.177343391358794816e-02 1.088326070964192212e-02 2.254116986005225490e-02 2.850480928136426770e-02 7.859481967554926563e-02 1.081415544306508353e-01
6.501102618765483565e-02 5.137039507842498104e-02 2.247167772500258121e-02 2.714063994152241671e-02 1.511405851103715670e-02 1.220597068915635179e-02 6.560613926250497170e-03 6.066767793985128332e-03 1.256913400451387629e-02 1.589962226492246111e-02 4.385050784765433252e-02 6.028972333653186133e-02
5.254285813309642061e-02 4.146990981652544372e-02 1.814103477588757674e-02 2.190884284414630623e-02 1.220597068915635179e-02 9.862828972259303148e-03 5.303126404249042247e-03 4.907321270678713897e-03 1.017233211447408220e-02 1.287483742432095693e-02 3.552279175051502313e-02 4.881527125748836432e-02
2.832762363208098100e-02 2.231849180119134871e-02 9.756991636846484850e-03 1.177343391358794816e-02 6.560613926250497170e-03 5.303126404249042247e-03 2.853458964145271122e-03 2.644187484732563216e-03 5.486775940404231208e-03 6.952138613922771194e-03 1.919659010419397932e-02 2.637194877316673819e-02
2.636358562180028328e-02 2.069595796680580302e-02 9.035486126498716575e-03 1.088326070964192212e-02 6.066767793985128332e-03 4.907321270678713897e-03 2.644187484732563216e-03 2.457488409256365636e-03 5.110513066488111579e-03 6.490678673649812741e-03 1.795228228409091742e-02 2.464745356393583525e-02
5.486352145992977325e-02 4.295104140303904194e-02 1.873594310777936325e-02 2.254116986005225490e-02 1.256913400451387629e-02 1.017233211447408220e-02 5.486775940404231208e-03 5.110513066488111579e-03 1.064562439672384064e-02 1.354558451305666253e-02 3.751425292277693613e-02 5.147190390843397328e-02
6.977851213920074902e-02 5.443236684700612782e-02 2.372325688589004694e-02 2.850480928136426770e-02 1.589962226492246111e-02 1.287483742432095693e-02 6.952138613922771194e-03 6.490678673649812741e-03 1.354558451305666253e-02 1.728976247949310513e-02 4.798997458475852407e-02 6.578845915221723240e-02
1.931797503283291806e-01 1.502839478653610339e-01 6.546378942766688247e-02 7.859481967554926563e-02 4.385050784765433252e-02 3.552279175051502313e-02 1.919659010419397932e-02 1.795228228409091742e-02 3.751425292277693613e-02 4.798997458475852407e-02 1.334858470431971589e-01 1.828621788271707072e-01
2.684001695952260569e-01 2.081048248356768826e-01 9.036974790598227558e-02 1.081415544306508353e-01 6.028972333653186133e-02 4.881527125748836432e-02 2.637194877316673819e-02 2.464745356393583525e-02 5.147190390843397328e-02 6.578845915221723240e-02 1.828621788271707072e-01 2.534318618928420586e-01
2.555537068686738675e-03 6.580864774356300941e-03 1.920617642635747552e-02 4.125623456389744537e-02 1.901347448014512401e-02 5.992860605325221399e-03 1.777221629109450567e-03 5.835540806513615829e-04 1.258361409694423835e-04 1.586887096624864726e-04 4.754214314739727758e-04 9.547760407602579697e-04
6.580864774356300941e-03 1.695113567931755966e-02 4.948793934803363825e-02 1.063052470921794640e-01 4.893929728916525390e-02 1.542576383287327588e-02 4.575034909719105994e-03 1.502316775425871151e-03 3.239680358525043411e-04 4.085713852471191333e-04 1.224087168737930751e-03 2.458435200610223879e-03
1.920617642635747552e-02 4.948793934803363825e-02 1.446405352390416899e-01 3.109669993578784153e-01 1.428171058691643514e-01 4.500886805570729343e-02 1.334905036490416884e-02 4.383507129451322953e-03 9.452880301911722278e-04 1.192161759066042402e-03 3.571815507373830335e-03 7.174026107088450101e-03
4.125623456389744537e-02 1.063052470921794640e-01 3.109669993578784153e-01 6.777911351362518877e-01 3.083306618808141497e-01 9.694544853217723634e-02 2.872231105276250654e-02 9.425869687087447615e-03 2.031954619256630228e-03 2.561461765115197881e-03 7.673601302288521851e-03 1.541143227395998412e-02
1.901347448014512401e-02 4.893929728916525390e-02 1.428171058691643514e-01 3.083306618808141497e-01 1.421437486648558790e-01 4.472464270891696875e-02 1.325100352423395217e-02 4.348492233832498312e-03 9.373754754236620843e-04 1.181500284902163534e-03 3.539142234606505993e-03 7.106027802331345462e-03
5.992860605325221399e-03 1.542576383287327588e-02 4.500886805570729343e-02 9.694544853217723634e-02 4.472464270891696875e-02 1.408584486193224794e-02 4.174572425215010429e-03 1.370164455509541865e-03 2.953843931738043757e-04 3.723593160720582869e-04 1.115422965591549671e-03 2.239655890439613654e-03
1.777221629109450567e-03 4.575034909719105994e-03 1.334905036490416884e-02 2.872231105276250654e-02 1.325100352423395217e-02 4.174572425215010429e-03 1.237464666337429429e-03 4.062046043551662423e-04 8.757697438226190413e-05 1.104101793084033659e-04 3.307502498790314098e-04 6.641410549992209263e-04
5.835540806513615829e-04 1.502316775425871151e-03 4.383507129451322953e-03 9.425869687087447615e-03 4.348492233832498312e-03 1.370164455509541865e-03 4.062046043551662423e-04 1.333493691633587364e-04 2.875122147031645433e-05 3.624982146225566495e-05 1.085941911666748946e-04 2.180619486322724239e-04
1.258361409694423835e-04 3.239680358525043411e-04 9.452880301911722278e-04 2.031954619256630228e-03 9.373754754236620843e-04 2.953843931738043757e-04 8.757697438226190413e-05 2.875122147031645433e-05 6.199180963390491883e-06 7.816335433466272282e-06 2.341586000308310960e-05 4.702098758512195776e-05
1.586887096624864726e-04 4.085713852471191333e-04 1.192161759066042402e-03 2.561461765115197881e-03 1.181500284902163534e-03 3.723593160720582869e-04 1.104101793084033659e-04 3.624982146225566495e-05 7.816335433466272282e-06 9.856025410323132705e-06 2.952693961588621116e-05 5.929432106443059442e-05
4.754214314739727758e-04 1.224087168737930751e-03 3.571815507373830335e-03 7.673601302288521851e-03 3.539142234606505993e-03 1.115422965591549671e-03 3.307502498790314098e-04 1.085941911666748946e-04 2.341586000308310960e-05 2.952693961588621116e-05 8.845827438224411086e-05 1.776389159109368113e-04
9.547760407602579697e-04 2.458435200610223879e-03 7.174026107088450101e-03 1.541143227395998412e-02 7.106027802331345462e-03 2.239655890439613654e-03 6.641410549992209263e-04 2.180619486322724239e-04 4.702098758512195776e-05 5.929432106443059442e-05 1.776389159109368113e-04 3.567358336574793717e-04
1.090344499107959442e-01 5.322924623712486925e-02 2.956643527590882559e-02 2.569598526802315333e-02 3.300324181561667403e-02 1.824628513192209228e-02 2.886325047795616772e-02 7.043251145973403182e-02 1.071669255051414527e-01 8.980091736388111368e-02 1.396301947959308065e-01 2.061514887797898377e-01
5.322924623712486925e-02 2.617970023898240350e-02 1.463954811966755067e-02 1.280724671444512242e-02 1.650637453057016840e-02 9.143400293168372703e-03 1.449216806518179371e-02 3.538594062416020036e-02 5.378645687967405220e-02 4.466101529086070193e-02 6.859350355358118101e-02 1.001080547616695904e-01
2.956643527590882559e-02 1.463954811966755067e-02 8.252142280713300332e-03 7.275678220194347831e-03 9.415124875887340497e-03 5.226923503003038166e-03 8.303445323736174596e-03 2.028960828453289442e-02 3.080526436679840302e-02 2.532135450928926779e-02 3.836727011561957140e-02 5.533863144382501764e-02
2.569598526802315333e-02 1.280724671444512242e-02 7.275678220194347831e-03 6.465988938757466498e-03 8.401726115364157449e-03 4.674640174356500463e-03 7.442896808856682214e-03 1.820009296326709214e-02 2.760110950669452529e-02 2.245929584937145923e-02 3.356814340229003629e-02 4.785901728901209573e-02
3.300324181561667403e-02 1.650637453057016840e-02 9.415124875887340497e-03 8.401726115364157449e-03 1.094114145475139251e-02 6.094761342003037624e-03 9.715860610264460268e-03 2.376768000116770418e-02 3.602326489796880971e-02 2.915748850120142288e-02 4.326427820656340850e-02 6.130688182838568007e-02
1.824628513192209228e-02 9.143400293168372703e-03 5.226923503003038166e-03 4.674640174356500463e-03 6.094761342003037624e-03 3.398694866897525833e-03 5.424299930474016027e-03 1.327536861523077004e-02 2.011645833102129050e-02 1.622966576745358408e-02 2.397486597375127898e-02 3.384502224872740217e-02
2.886325047795616772e-02 1.449216806518179371e-02 8.303445323736174596e-03 7.442896808856682214e-03 9.715860610264460268e-03 5.424299930474016027e-03 8.668771301097010634e-03 2.122731025913047673e-02 3.215994650273380773e-02 2.585775103319934778e-02 3.801973233741916258e-02 5.346004596056824071e-02
7.043251145973403182e-02 3.538594062416020036e-02 2.028960828453289442e-02 1.820009296326709214e-02 2.376768000116770418e-02 1.327536861523077004e-02 2.122731025913047673e-02 5.199542880555474422e-02 7.877344442337219643e-02 6.325963742771549547e-02 9.286359451848749669e-02 1.303994603076578107e-01
1.071669255051414527e-01 5.378645687967405220e-02 3.080526436679840302e-02 2.760110950669452529e-02 3.602326489796880971e-02 2.011645833102129050e-02 3.215994650273380773e-02 7.877344442337219643e-02 1.194867382718599047e-01 9.608668532728423251e-02 1.413032517855775938e-01 1.986183679936521507e-01
8.980091736388111368e-02 4.466101529086070193e-02 2.532135450928926779e-02 2.245929584937145923e-02 2.915748850120142288e-02 1.622966576745358408e-02 2.585775103319934778e-02 6.325963742771549547e-02 9.608668532728423251e-02 7.856939183817403249e-02 1.178752651158933018e-01 1.678501122525595801e-01
1.396301947959308065e-01 6.859350355358118101e-02 3.836727011561957140e-02 3.356814340229003629e-02 4.326427820656340850e-02 2.397486597375127898e-02 3.801973233741916258e-02 9.286359451848749669e-02 1.413032517855775938e-01 1.178752651158933018e-01 1.821469721136445008e-01 2.641199693064495424e-01
2.061514887797898377e-01 1.001080547616695904e-01 5.533863144382501764e-02 4.785901728901209573e-02 6.130688182838568007e-02 3.384502224872740217e-02 5.346004596056824071e-02 1.303994603076578107e-01 1.986183679936521507e-01 1.678501122525595801e-01 2.641199693064495424e-01 3.948605799787719972e-01
4.141071104438154814e-04 1.508666418900033888e-03 3.907302594395541118e-03 1.888141998297133278e-02 5.092071375917227131e-03 2.812919292228132848e-03 1.657983228416072975e-03 5.103762091402037383e-04 1.018560178351934139e-04 8.559173227014625412e-05 4.980552149564769222e-05 1.128300198232917869e-04
1.508666418900033888e-03 5.497560923488355525e-03 1.424489169061547364e-02 6.886755964433158295e-02 1.855858112587779885e-02 1.024557055698341497e-02 6.037915842505584864e-03 1.858625908008838075e-03 3.709263911368252320e-04 3.117014253286229646e-04 1.813949368740462565e-04 4.109991942361437703e-04
3.907302594395541118e-03 1.424489169061547364e-02 3.695948630932581469e-02 1.789070430689259639e-01 4.811602604226309504e-02 2.652429014141034769e-02 1.562518161153921004e-02 4.809624251376141447e-03 9.598470374784429842e-04 8.066056761967515393e-04 4.694947634238739098e-04 1.064116475432099439e-03
1.888141998297133278e-02 6.886755964433158295e-02 1.789070430689259639e-01 8.679574344808949071e-01 2.328042005262459802e-01 1.281340950024553171e-01 7.545267808019408273e-02 2.322404402244473975e-02 4.634703305382932050e-03 3.894811538762929428e-03 2.267412746256748136e-03 5.140665513220324737e-03
5.092071375917227131e-03 1.855858112587779885e-02 4.811602604226309504e-02 2.328042005262459802e-01 6.270393657803932652e-02 3.458077974290055256e-02 2.037291384659068935e-02 6.271068562946203843e-03 1.251503756621406534e-03 1.051681585683456217e-03 6.120811252243582232e-04 1.387037704116651522e-03
2.812919292228132848e-03 1.024557055698341497e-02 2.652429014141034769e-02 1.281340950024553171e-01 3.458077974290055256e-02 1.911494176803441719e-02 1.126737562947951847e-02 3.468430280714474446e-03 6.921942185727840381e-04 5.816541790522070056e-04 3.384285700664244512e-04 7.665494700050466508e-04
1.657983228416072975e-03 6.037915842505584864e-03 1.562518161153921004e-02 7.545267808019408273e-02 2.037291384659068935e-02 1.126737562947951847e-02 6.643464412763742423e-03 2.045086278760868334e-03 4.081381687180115139e-04 3.429561637187792571e-04 1.995276814628986592e-04 4.518720254595189056e-04
5.103762091402037383e-04 1.858625908008838075e-03 4.809624251376141447e-03 2.322404402244473975e-02 6.271068562946203843e-03 3.468430280714474446e-03 2.045086278760868334e-03 6.295513912843242813e-04 1.256397635998053835e-04 1.055743690567339605e-04 6.142154551058336750e-05 1.391006603323610767e-04
1.018560178351934139e-04 3.709263911368252320e-04 9.598470374784429842e-04 4.634703305382932050e-03 1.251503756621406534e-03 6.921942185727840381e-04 4.081381687180115139e-04 1.256397635998053835e-04 2.507397795589151547e-05 2.106952991326563633e-05 1.225793008112985454e-05 2.776039057074033951e-05
8.559173227014625412e-05 3.117014253286229646e-04 8.066056761967515393e-04 3.894811538762929428e-03 1.051681585683456217e-03 5.816541790522070056e-04 3.429561637187792571e-04 1.055743690567339605e-04 2.106952991326563633e-05 1.770464494296927128e-05 1.030036592922339484e-05 2.332739154174247792e-05
4.980552149564769222e-05 1.813949368740462565e-04 4.694947634238739098e-04 2.267412746256748136e-03 6.120811252243582232e-04 3.384285700664244512e-04 1.995276814628986592e-04 6.142154551058336750e-05 1.225793008112985454e-05 1.030036592922339484e-05 5.992904821409184948e-06 1.357321942942822257e-05
1.128300198232917869e-04 4.109991942361437703e-04 1.064116475432099439e-03 5.140665513220324737e-03 1.387037704116651522e-03 7.665494700050466508e-04 4.518720254595189056e-04 1.391006603323610767e-04 2.776039057074033951e-05 2.332739154174247792e-05 1.357321942942822257e-05 3.074549800489142571e-05
1.493344426461986063e-01 1.692588560313175172e-01 1.090431369433986220e-01 3.137008355053381992e-02 2.413999754709024448e-02 1.390470359766892566e-02 8.087140753279879052e-03 7.216323934396464898e-03 1.335073361084478452e-02 4.234508707247762460e-02 1.462991064408980524e-01 2.373722166696881630e-01
1.692588560313175172e-01 1.990126320329911325e-01 1.284629051409351963e-01 3.685490657205876819e-02 2.823129158345180634e-02 1.620361686595781295e-02 9.359033551237436882e-03 8.223788487049077389e-03 1.498893758979786238e-02 4.714924072562584612e-02 1.617627889074739200e-01 2.602218918890856769e-01
1.090431369433986220e-01 1.284629051409351963e-01 8.320096067071339196e-02 2.386193234746039615e-02 1.826945078694904717e-02 1.048181112563719049e-02 6.049776688217491441e-03 5.307695949449475065e-03 9.660142235320041265e-03 3.036567837385974189e-02 1.041242734784317281e-01 1.673228533945766427e-01
3.137008355053381992e-02 3.685490657205876819e-02 2.386193234746039615e-02 6.846111910793614350e-03 5.244211806680981920e-03 3.009701701721755399e-03 1.738070456221473773e-03 1.526774300418083262e-03 2.782245047205082755e-03 8.752014619278276897e-03 3.002903025072550108e-02 4.827385608167121533e-02
2.413999754709024448e-02 2.823129158345180634e-02 1.826945078694904717e-02 5.244211806680981920e-03 4.020519219456172161e-03 2.308606696893227526e-03 1.334453057526606510e-03 1.174700486224422797e-03 2.145179452958934779e-03 6.756200975028787276e-03 2.320493376282976167e-02 3.732860010379086130e-02
1.390470359766892566e-02 1.620361686595781295e-02 1.048181112563719049e-02 3.009701701721755399e-03 2.308606696893227526e-03 1.326169943098925216e-03 7.671672057569121819e-04 6.764964235554926089e-04 1.237498586393336519e-03 3.901257466949569278e-03 1.341020156973362493e-02 2.158367261589052080e-02
8.087140753279879052e-03 9.359033551237436882e-03 6.049776688217491441e-03 1.738070456221473773e-03 1.334453057526606510e-03 7.671672057569121819e-04 4.444829719443885835e-04 3.933067556441638911e-04 7.219132823312367567e-04 2.280218582179704273e-03 7.850568176031070405e-03 1.264758595759100240e-02
7.216323934396464898e-03 8.223788487049077389e-03 5.307695949449475065e-03 1.526774300418083262e-03 1.174700486224422797e-03 6.764964235554926089e-04 3.933067556441638911e-04 3.507065456931386248e-04 6.485515681385337549e-04 2.057103980787643605e-03 7.107063948376532089e-03 1.147135874918055881e-02
1.335073361084478452e-02 1.498893758979786238e-02 9.660142235320041265e-03 2.782245047205082755e-03 2.145179452958934779e-03 1.237498586393336519e-03 7.219132823312367567e-04 6.485515681385337549e-04 1.208019138212857455e-03 3.847048891811004866e-03 1.333502568973167143e-02 2.155496229770467731e-02
4.234508707247762460e-02 4.714924072562584612e-02 3.036567837385974189e-02 8.752014619278276897e-03 6.756200975028787276e-03 3.901257466949569278e-03 2.280218582179704273e-03 2.057103980787643605e-03 3.847048891811004866e-03 1.227913734549743695e-02 4.264226458437531120e-02 6.895767447066246392e-02
1.462991064408980524e-01 1.617627889074739200e-01 1.041242734784317281e-01 3.002903025072550108e-02 2.320493376282976167e-02 1.341020156973362493e-02 7.850568176031070405e-03 7.107063948376532089e-03 1.333502568973167143e-02 4.264226458437531120e-02 1.483685513779786080e-01 2.400257016552055089e-01
2.373722166696881630e-01 2.602218918890856769e-01 1.673228533945766427e-01 4.827385608167121533e-02 3.732860010379086130e-02 2.158367261589052080e-02 1.264758595759100240e-02 1.147135874918055881e-02 2.155496229770467731e-02 6.895767447066246392e-02 2.400257016552055089e-01 3.936082661974217300e-01
3.096084439645533509e-02 8.852502516957942713e-02 8.959464159639798919e-02 7.029460931610548302e-02 7.275441009159100414e-02 4.402017060811402177e-02 1.556316615810280149e-02 5.763781118153232796e-03 2.897878794745840751e-03 3.212466612126633862e-03 3.292245433832638284e-03 9.717177305290309111e-03
8.852502516957942713e-02 2.537079724193657126e-01 2.556168657827632140e-01 1.993358407120917886e-01 2.054314161747201051e-01 1.243094762630637673e-01 4.397757161679786975e-02 1.630056704103579474e-02 8.210285279325196112e-03 9.126891059587628058e-03 9.383931686377621276e-03 2.774869710818498453e-02
8.959464159639798919e-02 2.556168657827632140e-01 2.637199813866909492e-01 2.078190960217442540e-01 2.154565795344841050e-01 1.302390069625389279e-01 4.600674255496042808e-02 1.701935328589065932e-02 8.533475528991765757e-03 9.416802219129681573e-03 9.593318031808718838e-03 2.820433242921148442e-02
7.029460931610548302e-02 1.993358407120917886e-01 2.078190960217442540e-01 1.701378481842235335e-01 1.803003808965389365e-01 1.088723993540802043e-01 3.833330828430919074e-02 1.412165028549852014e-02 7.016629562535696765e-03 7.633711861842810281e-03 7.646735223120647816e-03 2.226337130709197393e-02
7.275441009159100414e-02 2.054314161747201051e-01 2.154565795344841050e-01 1.803003808965389365e-01 1.958350162087319490e-01 1.182112910296637398e-01 4.151054591023374540e-02 1.524202075084728734e-02 7.521441165676521351e-03 8.095613830984099007e-03 8.006934302660750902e-03 2.314281787733518669e-02
4.402017060811402177e-02 1.243094762630637673e-01 1.302390069625389279e-01 1.088723993540802043e-01 1.182112910296637398e-01 7.157278548025129694e-02 2.513147522242289988e-02 9.226165084790126023e-03 4.551761481366130638e-03 4.898124538284397318e-03 4.843944919687368997e-03 1.400110087600982441e-02
1.556316615810280149e-02 4.397757161679786975e-02 4.600674255496042808e-02 3.833330828430919074e-02 4.151054591023374540e-02 2.513147522242289988e-02 8.828984747830516053e-03 3.242689365399175749e-03 1.601257334886584636e-03 1.725622016832856513e-03 1.709587753620553808e-03 4.946714888902915309e-03
5.763781118153232796e-03 1.630056704103579474e-02 1.701935328589065932e-02 1.412165028549852014e-02 1.524202075084728734e-02 9.226165084790126023e-03 3.242689365399175749e-03 1.191668628764170831e-03 5.891690444894711991e-04 6.361522813866307561e-04 6.317167194426420111e-04 1.830413206698681960e-03
2.897878794745840751e-03 8.210285279325196112e-03 8.533475528991765757e-03 7.016629562535696765e-03 7.521441165676521351e-03 4.551761481366130638e-03 1.601257334886584636e-03 5.891690444894711991e-04 2.920589627767372284e-04 3.166700212310944807e-04 3.160600931729111787e-04 9.185432885004728241e-04
3.212466612126633862e-03 9.126891059587628058e-03 9.416802219129681573e-03 7.633711861842810281e-03 8.095613830984099007e-03 4.898124538284397318e-03 1.725622016832856513e-03 6.361522813866307561e-04 3.166700212310944807e-04 3.456286194773242060e-04 3.477130142669264358e-04 1.015264176877686423e-03
3.292245433832638284e-03 9.383931686377621276e-03 9.593318031808718838e-03 7.646735223120647816e-03 8.006934302660750902e-03 4.843944919687368997e-03 1.709587753620553808e-03 6.317167194426420111e-04 3.160600931729111787e-04 3.477130142669264358e-04 3.531457607457833383e-04 1.036851235824481129e-03
9.717177305290309111e-03 2.774869710818498453e-02 2.820433242921148442e-02 2.226337130709197393e-02 2.314281787733518669e-02 1.400110087600982441e-02 4.946714888902915309e-03 1.830413206698681960e-03 9.185432885004728241e-04 1.015264176877686423e-03 1.036851235824481129e-03 3.054065204686932239e-03
5.464963978882301232e-01 2.551023011114039174e-01 8.158840010176640622e-02 4.180576048914712989e-02 1.388421902688805921e-02 9.069900642777180971e-03 9.852334715112641764e-03 4.122138225117429056e-02 8.924966590859700899e-02 1.142028333333169748e-01 2.155543093150268374e-01 3.111008844705483445e-01
2.551023011114039174e-01 1.207034259597793979e-01 3.869830436207824520e-02 1.986916275149274574e-02 6.606190641360488655e-03 4.322250782078632461e-03 4.700924152407655494e-03 1.967340093596207581e-02 4.259680175364588539e-02 5.447814648158316730e-02 1.026827561680226097e-01 1.472033836664620454e-01
8.158840010176640622e-02 3.869830436207824520e-02 1.243885197745307238e-02 6.400109563335695112e-03 2.130326739117065823e-03 1.395886080862157510e-03 1.519930291149058270e-03 6.362548182667279728e-03 1.377741257123256229e-02 1.761694270481448110e-02 3.318476678113023437e-02 4.739845978993208198e-02
4.180576048914712989e-02 1.986916275149274574e-02 6.400109563335695112e-03 3.300180791492034887e-03 1.099747764268294795e-03 7.217042028877735174e-04 7.867737499601624909e-04 3.294376434950699491e-03 7.134289947338190788e-03 9.120463932033466559e-03 1.716872308200409827e-02 2.443427262852174847e-02
1.388421902688805921e-02 6.606190641360488655e-03 2.130326739117065823e-03 1.099747764268294795e-03 3.667276366495260268e-04 2.408834864089190605e-04 2.627907847274253434e-04 1.100536322062895499e-03 2.383454105981960749e-03 3.046524323840734284e-03 5.732455152381127697e-03 8.141429175487827768e-03
9.069900642777180971e-03 4.322250782078632461e-03 1.395886080862157510e-03 7.217042028877735174e-04 2.408834864089190605e-04 1.584224631724943857e-04 1.730027827674818902e-04 7.246794471347117348e-04 1.569565382627491519e-03 2.005636725242732933e-03 3.771292331061255540e-03 5.340832986311210874e-03
9.852334715112641764e-03 4.700924152407655494e-03 1.519930291149058270e-03 7.867737499601624909e-04 2.627907847274253434e-04 1.730027827674818902e-04 1.890759386511123503e-04 7.921517666446787828e-04 1.715791903629540916e-03 2.191894625998529710e-03 4.119056268183604944e-03 5.820186381085301966e-03
4.122138225117429056e-02 1.967340093596207581e-02 6.362548182667279728e-03 3.294376434950699491e-03 1.100536322062895499e-03 7.246794471347117348e-04 7.921517666446787828e-04 3.318936428499019882e-03 7.188862553549710266e-03 9.183048939796187998e-03 1.725464890116789468e-02 2.436845716351718205e-02
8.924966590859700899e-02 4.259680175364588539e-02 1.377741257123256229e-02 7.134289947338190788e-03 2.383454105981960749e-03 1.569565382627491519e-03 1.715791903629540916e-03 7.188862553549710266e-03 1.557171842733293815e-02 1.989166867077752504e-02 3.737580670977001113e-02 5.277628102764327089e-02
1.142028333333169748e-01 5.447814648158316730e-02 1.761694270481448110e-02 9.120463932033466559e-03 3.046524323840734284e-03 2.005636725242732933e-03 2.191894625998529710e-03 9.183048939796187998e-03 1.989166867077752504e-02 2.542470635295941694e-02 4.780088386836745667e-02 6.752467152193834810e-02
2.155543093150268374e-01 1.026827561680226097e-01 3.318476678113023437e-02 1.716872308200409827e-02 5.732455152381127697e-03 3.771292331061255540e-03 4.119056268183604944e-03 1.725464890116789468e-02 3.737580670977001113e-02 4.780088386836745667e-02 9.000437710347064524e-02 1.273237150811323826e-01
3.111008844705483445e-01 1.472033836664620454e-01 4.739845978993208198e-02 2.443427262852174847e-02 8.141429175487827768e-03 5.340832986311210874e-03 5.820186381085301966e-03 2.436845716351718205e-02 5.277628102764327089e-02 6.752467152193834810e-02 1.273237150811323826e-01 1.820271790323103600e-01
1.205704791923259238e-02 1.104267634340528118e-02 5.378855695153584096e-03 8.807484632860702184e-03 1.785774673128020032e-02 4.219742620466493399e-02 2.495256906307450132e-02 5.851711708405763629e-02 3.497023722780778776e-02 2.912053660785271156e-02 4.415788516048986534e-02 1.322046812805164305e-02
