4.972985652067826168e-01 2.467052697689640639e-01 -1.665299438091498441e-02 -5.661127438151132563e-02 5.090042702270111338e-03 3.111204096405098540e-02 2.221841470215605609e-04 -3.146439916802379333e-02 2.762453395672150643e-03 5.826633461273858505e-02 -1.027098822691174460e-02 -2.521366883954389015e-01
2.467052697689640639e-01 5.353753731864112630e-01 2.523669121200884935e-01 -1.520817626288082204e-03 -5.977004610246088728e-02 -1.900279581905338962e-03 3.204344494727556780e-02 -5.552021060172868290e-04 -3.161893247342682789e-02 3.748409582489262409e-03 5.792603216493389523e-02 4.993067529892794912e-03
-1.665299438091498441e-02 2.523669121200884935e-01 4.916624616977432471e-01 2.463762343518239861e-01 6.567135143550376433e-03 -5.594592065718834162e-02 -7.983610712837990384e-03 3.101610819160776494e-02 3.949140146482209464e-03 -3.198958884432359651e-02 -3.625014191743597750e-03 5.866439958776424601e-02
-5.661127438151132563e-02 -1.520817626288082204e-03 2.463762343518239861e-01 4.925658833860738772e-01 2.505334701677257581e-01 5.427667770747011088e-03 -5.832934250036561630e-02 -3.155529269330930838e-04 3.157732642071351542e-02 -1.827883308472627198e-03 -3.125717900941596405e-02 -3.049567767741629375e-03
5.090042702270111338e-03 -5.977004610246088728e-02 6.567135143550376433e-03 2.505334701677257581e-01 4.988450835374016457e-01 2.452687208007323927e-01 9.407899110453673067e-03 -5.668599387551794683e-02 -1.727425550496227693e-03 3.112410659375437760e-02 1.852868425145032596e-04 -3.181044613055443449e-02
3.111204096405098540e-02 -1.900279581905338962e-03 -5.594592065718834162e-02 5.427667770747011088e-03 2.452687208007323927e-01 4.794016379960786556e-01 2.525882565604909979e-01 -3.911717229635154960e-03 -5.883183781476133967e-02 4.535435233051433174e-03 3.166823122134854868e-02 5.195761661268168390e-04
2.221841470215605609e-04 3.204344494727556780e-02 -7.983610712837990384e-03 -5.832934250036561630e-02 9.407899110453673067e-03 2.525882565604909979e-01 5.111592202725926404e-01 2.452173054099565097e-01 -6.776393726419610575e-03 -5.537728222822840135e-02 5.222926112148283846e-03 3.118175439326698745e-02
-3.146439916802379333e-02 -5.552021060172868290e-04 3.101610819160776494e-02 -3.155529269330930838e-04 -5.668599387551794683e-02 -3.911717229635154960e-03 2.452173054099565097e-01 5.095627509344828887e-01 2.509006076576073552e-01 -5.358863902119539828e-03 -5.930876778192341325e-02 -3.113383978775562718e-03
2.762453395672150643e-03 -3.161893247342682789e-02 3.949140146482209464e-03 3.157732642071351542e-02 -1.727425550496227693e-03 -5.883183781476133967e-02 -6.776393726419610575e-03 2.509006076576073552e-01 4.989850773330991029e-01 2.449821800553535767e-01 -3.833868544524234121e-03 -5.662639517037112297e-02
5.826633461273858505e-02 3.748409582489262409e-03 -3.198958884432359651e-02 -1.827883308472627198e-03 3.112410659375437760e-02 4.535435233051433174e-03 -5.537728222822840135e-02 -5.358863902119539828e-03 2.449821800553535767e-01 5.185306884991998100e-01 2.536490613597436883e-01 1.136822860389181088e-02
-1.027098822691174460e-02 5.792603216493389523e-02 -3.625014191743597750e-03 -3.125717900941596405e-02 1.852868425145032596e-04 3.166823122134854868e-02 5.222926112148283846e-03 -5.930876778192341325e-02 -3.833868544524234121e-03 2.536490613597436883e-01 4.727244457777536324e-01 2.448724483904886895e-01
-2.521366883954389015e-01 4.993067529892794912e-03 5.866439958776424601e-02 -3.049567767741629375e-03 -3.181044613055443449e-02 5.195761661268168390e-04 3.118175439326698745e-02 -3.113383978775562718e-03 -5.662639517037112297e-02 1.136822860389181088e-02 2.448724483904886895e-01 4.938888121723687963e-01
5.227231781096333130e-01 2.496202019778245851e-01 2.684950295485491727e-03 -5.737235657815078355e-02 2.628942091911249009e-03 3.150361628177683615e-02 -1.806311604160293956e-03 -3.116992893475362472e-02 3.177801793099196189e-03 5.739473579826489397e-02 3.272368829526854216e-03 -2.474342679407511292e-01
2.496202019778245851e-01 4.946605195132210975e-01 2.472105196265098337e-01 4.266529170424505912e-03 -5.775045609659512635e-02 -6.924361911191135102e-03 3.099945483777780467e-02 2.841713314361971401e-03 -3.114985846830876232e-02 -2.014339545635337667e-03 5.757345378955289888e-02 1.191711701877322047e-02
2.684950295485491727e-03 2.472105196265098337e-01 4.825945989678377401e-01 2.493115179373501245e-01 -7.457148537776817250e-03 -5.851441060154542045e-02 3.328454481007508785e-03 3.135948986278612460e-02 -3.114716239915400926e-03 -3.104791167854151906e-02 -3.739838287025140954e-04 5.699603340580804839e-02
-5.737235657815078355e-02 4.266529170424505912e-03 2.493115179373501245e-01 5.303780144406847752e-01 2.501869109492850796e-01 9.318109722839081760e-03 -5.710584606977107958e-02 -1.716864697127176969e-03 3.073894731549386972e-02 -1.802505593812967800e-04 -3.107198609561247563e-02 -3.365985381264501898e-03
2.628942091911249009e-03 -5.775045609659512635e-02 -7.457148537776817250e-03 2.501869109492850796e-01 4.699703798708441682e-01 2.486890524665346658e-01 1.448226003616042736e-03 -5.745672665897733067e-02 4.770523056540270984e-04 3.118860159692308370e-02 2.986106147677712597e-03 -3.084959621235105337e-02
3.150361628177683615e-02 -6.924361911191135102e-03 -5.851441060154542045e-02 9.318109722839081760e-03 2.486890524665346658e-01 5.050450934745056575e-01 2.475256710854334408e-01 -6.614782267847006333e-03 -5.634358369249023446e-02 5.158968932473976393e-03 3.121514640749831204e-02 -9.139038947435888793e-04
-1.806311604160293956e-03 3.099945483777780467e-02 3.328454481007508785e-03 -5.710584606977107958e-02 1.448226003616042736e-03 2.475256710854334408e-01 5.113888759093088154e-01 2.489407080370861503e-01 -2.375189844529600105e-03 -5.798421138467400870e-02 -3.368777758673214846e-03 3.079690998540076524e-02
-3.116992893475362472e-02 2.841713314361971401e-03 3.135948986278612460e-02 -1.716864697127176969e-03 -5.745672665897733067e-02 -6.614782267847006333e-03 2.489407080370861503e-01 4.949200068624440840e-01 2.466775486414690688e-01 -3.447703309940029683e-03 -5.681238741035821160e-02 -2.183900945607889204e-03
3.177801793099196189e-03 -3.114985846830876232e-02 -3.114716239915400926e-03 3.073894731549386972e-02 4.770523056540270984e-04 -5.634358369249023446e-02 -2.375189844529600105e-03 2.466775486414690688e-01 5.153314659087937510e-01 2.508087060460343909e-01 8.565294509262287928e-03 -5.721560776566542161e-02
5.739473579826489397e-02 -2.014339545635337667e-03 -3.104791167854151906e-02 -1.802505593812967800e-04 3.118860159692308370e-02 5.158968932473976393e-03 -5.798421138467400870e-02 -3.447703309940029683e-03 2.508087060460343909e-01 4.806680266188790851e-01 2.462291448565731289e-01 8.639772435866039865e-03
3.272368829526854216e-03 5.757345378955289888e-02 -3.739838287025140954e-04 -3.107198609561247563e-02 2.986106147677712597e-03 3.121514640749831204e-02 -3.368777758673214846e-03 -5.681238741035821160e-02 8.565294509262287928e-03 2.462291448565731289e-01 4.921369957643584869e-01 2.500407484070561459e-01
-2.474342679407511292e-01 1.191711701877322047e-02 5.699603340580804839e-02 -3.365985381264501898e-03 -3.084959621235105337e-02 -9.139038947435888793e-04 3.079690998540076524e-02 -2.183900945607889204e-03 -5.721560776566542161e-02 8.639772435866039865e-03 2.500407484070561459e-01 5.001828445595108974e-01
5.157556250308945600e-01 2.470862371196315965e-01 -2.257122943028900056e-03 -5.645225039877241335e-02 1.314778107250721712e-03 3.040355122695220791e-02 -7.653188608284488539e-04 -3.054453541697081664e-02 2.402165307340694070e-03 5.709010758238593913e-02 -4.271527518474730820e-03 -2.500309900986353862e-01
2.470862371196315965e-01 4.907823838210976786e-01 2.488200053413302526e-01 -5.168562311223582305e-03 -5.692423022225709395e-02 4.652917600416481628e-03 3.073979752461467735e-02 -8.961506846938964866e-04 -3.057134571402331247e-02 1.569607837977163344e-03 5.684732646374109771e-02 3.951751073309072229e-03
-2.257122943028900056e-03 2.488200053413302526e-01 5.179177962908698696e-01 2.479263224472997296e-01 -1.111638595430429217e-03 -5.696651808391930971e-02 -3.126170534311656390e-04 3.065354948312704053e-02 -8.437393338862611211e-04 -3.086456255581861846e-02 1.122041439142338866e-03 5.776385219697594692e-02
-5.645225039877241335e-02 -5.168562311223582305e-03 2.479263224472997296e-01 4.901572817096263579e-01 2.479674899313660807e-01 -3.805076081591130671e-03 -5.697807846913887503e-02 -1.519477659495998591e-03 3.068699476278924712e-02 8.212674180240588182e-04 -3.079871676958034418e-02 -4.829970216111233346e-03
1.314778107250721712e-03 -5.692423022225709395e-02 -1.111638595430429217e-03 2.479674899313660807e-01 5.126747990274274080e-01 2.483669387658745398e-01 1.863590210574002284e-03 -5.669620754602781865e-02 1.567971037667074356e-04 3.052772306933770191e-02 -2.287799418264476956e-04 -3.077259184688948060e-02
3.040355122695220791e-02 4.652917600416481628e-03 -5.696651808391930971e-02 -3.805076081591130671e-03 2.483669387658745398e-01 4.957820517897751911e-01 2.478431215927505149e-01 6.838231773503736927e-03 -5.681523713048379498e-02 -2.427650001129007858e-03 3.071121595356399864e-02 4.909789521382434963e-03
-7.653188608284488539e-04 3.073979752461467735e-02 -3.126170534311656390e-04 -5.697807846913887503e-02 1.863590210574002284e-03 2.478431215927505149e-01 4.872950609536536026e-01 2.479610186389780146e-01 -2.102930955312055841e-03 -5.645165320770963169e-02 1.086949185309079744e-03 3.048581327108993572e-02
-3.054453541697081664e-02 -8.961506846938964866e-04 3.065354948312704053e-02 -1.519477659495998591e-03 -5.669620754602781865e-02 6.838231773503736927e-03 2.479610186389780146e-01 5.073198235245591770e-01 2.478916142052368654e-01 -2.482680145145032408e-03 -5.688020880466277546e-02 -2.624325958804647058e-03
2.402165307340694070e-03 -3.057134571402331247e-02 -8.437393338862611211e-04 3.068699476278924712e-02 1.567971037667074356e-04 -5.681523713048379498e-02 -2.102930955312055841e-03 2.478916142052368654e-01 5.014579062636366213e-01 2.473848358637454059e-01 4.823514522979510492e-04 -5.628659241993543005e-02
5.709010758238593913e-02 1.569607837977163344e-03 -3.086456255581861846e-02 8.212674180240588182e-04 3.052772306933770191e-02 -2.427650001129007858e-03 -5.645165320770963169e-02 -2.482680145145032408e-03 2.473848358637454059e-01 5.011977811750264467e-01 2.485391098882121230e-01 7.314980696186038946e-03
-4.271527518474730820e-03 5.684732646374109771e-02 1.122041439142338866e-03 -3.079871676958034418e-02 -2.287799418264476956e-04 3.071121595356399864e-02 1.086949185309079744e-03 -5.688020880466277546e-02 4.823514522979510492e-04 2.485391098882121230e-01 4.911982701146823116e-01 2.468092807617234541e-01
-2.500309900986353862e-01 3.951751073309072229e-03 5.776385219697594692e-02 -4.829970216111233346e-03 -3.077259184688948060e-02 4.909789521382434963e-03 3.048581327108993572e-02 -2.624325958804647058e-03 -5.628659241993543005e-02 7.314980696186038946e-03 2.468092807617234541e-01 4.884612202987076435e-01
4.960810966409985312e-01 2.494378977509849604e-01 3.684079234511065774e-03 -5.983310493462516005e-02 8.518522271203884597e-03 3.281397027873374922e-02 2.218339240204206080e-03 -3.114240485613794726e-02 1.472650114768760512e-03 5.649005904299456149e-02 -3.835446710046630167e-03 -2.470327902854460578e-01
2.494378977509849604e-01 4.904161377934812549e-01 2.488381881710587940e-01 -8.307516096691948751e-03 -5.581231596047295240e-02 7.202760104934717925e-03 3.279086595843695023e-02 -3.856058983954843266e-03 -3.172812880532165092e-02 3.674943683173631775e-03 5.775386072658549030e-02 -4.993519471682012975e-03
3.684079234511065774e-03 2.488381881710587940e-01 5.120566946807860731e-01 2.505436659651646414e-01 -2.140037168518765104e-02 -6.179762070790328909e-02 -2.262505578752518291e-03 3.232979476823279880e-02 -1.952574180184627958e-03 -3.143850610981322596e-02 3.526855310316302783e-03 5.761623952780917102e-02
-5.983310493462516005e-02 -8.307516096691948751e-03 2.505436659651646414e-01 5.237210260612130686e-01 2.462665501774835564e-01 -4.219156963850518444e-03 -6.014044492159913158e-02 6.429147119134879769e-04 3.298985720185922815e-02 -4.421793124229165400e-05 -3.299143607106007348e-02 -1.396568638233385137e-03
8.518522271203884597e-03 -5.581231596047295240e-02 -2.140037168518765104e-02 2.462665501774835564e-01 5.239760915289839449e-01 2.598947259551818156e-01 2.473493209563518147e-02 -6.044835760719662054e-02 -7.376208670566112603e-03 3.210686966862513064e-02 5.118217005993809174e-03 -3.118083302927008096e-02
3.281397027873374922e-02 7.202760104934717925e-03 -6.179762070790328909e-02 -4.219156963850518444e-03 2.598947259551818156e-01 4.426929669831438652e-01 2.460331397107503870e-01 3.836609693372188597e-03 -5.727770752480991490e-02 -2.083636178906018294e-03 3.176439113430790800e-02 3.320594754494605744e-03
2.218339240204206080e-03 3.279086595843695023e-02 -2.262505578752518291e-03 -6.014044492159913158e-02 2.473493209563518147e-02 2.460331397107503870e-01 5.078866958141493582e-01 2.513341539692265370e-01 -9.626907840507466230e-03 -5.860708274053752498e-02 4.839110886909950629e-03 3.225417978757814941e-02
-3.114240485613794726e-02 -3.856058983954843266e-03 3.232979476823279880e-02 6.429147119134879769e-04 -6.044835760719662054e-02 3.836609693372188597e-03 2.513341539692265370e-01 5.151240871853295378e-01 2.467557797269410158e-01 1.111434441922771934e-03 -5.667648864011321647e-02 -2.285133156023081129e-03
1.472650114768760512e-03 -3.172812880532165092e-02 -1.952574180184627958e-03 3.298985720185922815e-02 -7.376208670566112603e-03 -5.727770752480991490e-02 -9.626907840507466230e-03 2.467557797269410158e-01 4.924275440406461479e-01 2.494594689159136403e-01 -2.981552571570070947e-04 -5.779584385321400591e-02
5.649005904299456149e-02 3.674943683173631775e-03 -3.143850610981322596e-02 -4.421793124229165400e-05 3.210686966862513064e-02 -2.083636178906018294e-03 -5.860708274053752498e-02 1.111434441922771934e-03 2.494594689159136403e-01 5.045933643106391697e-01 2.468794680177677503e-01 2.375791287345004055e-03
-3.835446710046630167e-03 5.775386072658549030e-02 3.526855310316302783e-03 -3.299143607106007348e-02 5.118217005993809174e-03 3.176439113430790800e-02 4.839110886909950629e-03 -5.667648864011321647e-02 -2.981552571570070947e-04 2.468794680177677503e-01 4.956371275845310453e-01 2.490992992821104146e-01
-2.470327902854460578e-01 -4.993519471682012975e-03 5.761623952780917102e-02 -1.396568638233385137e-03 -3.118083302927008096e-02 3.320594754494605744e-03 3.225417978757814941e-02 -2.285133156023081129e-03 -5.779584385321400591e-02 2.375791287345004055e-03 2.490992992821104146e-01 4.953871673761587324e-01
5.061407370767198044e-01 2.465967939174315005e-01 -1.235716096020189180e-03 -5.661682590666498871e-02 2.250762263495188244e-03 3.060873550488403538e-02 -2.863796261436755107e-03 -3.126992003234795037e-02 1.273615373702383785e-03 5.797647886548335655e-02 5.655695935470857541e-03 -2.491331407277982968e-01
2.465967939174315005e-01 5.100563218088234319e-01 2.500770235786036189e-01 7.749458214889552200e-03 -5.796325811397089189e-02 -3.612487093200361654e-03 3.135213182700800905e-02 3.904852343574429646e-03 -3.063757471758991879e-02 -4.108448937998613465e-03 5.578037645578713677e-02 6.409727753478252493e-03
-1.235716096020189180e-03 2.500770235786036189e-01 4.752630018643424492e-01 2.476853872762799225e-01 -2.597250911990128981e-03 -5.643802047608533629e-02 2.990648186051187742e-03 3.057386211588420180e-02 -2.108874146794723894e-04 -3.087111450954418967e-02 -3.552609967507307752e-03 5.765169593066200859e-02
-5.661682590666498871e-02 7.749458214889552200e-03 2.476853872762799225e-01 5.177919339292496037e-01 2.491018027736380813e-01 -1.107083918792908100e-03 -5.748298937154111554e-02 -1.361510841355306842e-03 3.076547873719803761e-02 3.675257528319045112e-04 -3.052489772644463584e-02 9.353860360336162683e-04
2.250762263495188244e-03 -5.796325811397089189e-02 -2.597250911990128981e-03 2.491018027736380813e-01 4.906795315097064458e-01 2.467950384728932467e-01 -2.602565049669094618e-03 -5.625218909980626153e-02 -1.103749343421582410e-03 3.048398005177073780e-02 3.801952368385722036e-03 -3.101136500924997486e-02
3.060873550488403538e-02 -3.612487093200361654e-03 -5.643802047608533629e-02 -1.107083918792908100e-03 2.467950384728932467e-01 5.106806293452685885e-01 2.494058569148831506e-01 3.367091542170481261e-03 -5.721865242873633989e-02 -5.531140143150850910e-04 3.080954593610265441e-02 -4.067616842885255868e-04
-2.863796261436755107e-03 3.135213182700800905e-02 2.990648186051187742e-03 -5.748298937154111554e-02 -2.602565049669094618e-03 2.494058569148831506e-01 4.943195211963705704e-01 2.463757743041826431e-01 4.475372571595041295e-03 -5.626809876921226583e-02 -6.057345133336163728e-03 3.081820885338532046e-02
-3.126992003234795037e-02 3.904852343574429646e-03 3.057386211588420180e-02 -1.361510841355306842e-03 -5.625218909980626153e-02 3.367091542170481261e-03 2.463757743041826431e-01 4.878340660315332311e-01 2.496681027338839010e-01 -1.684040854031146946e-03 -5.819890991647977407e-02 1.953769005217844117e-03
1.273615373702383785e-03 -3.063757471758991879e-02 -2.108874146794723894e-04 3.076547873719803761e-02 -1.103749343421582410e-03 -5.721865242873633989e-02 4.475372571595041295e-03 2.496681027338839010e-01 5.155647620814037824e-01 2.469136564898792852e-01 7.229806147791098883e-03 -5.658705680824179657e-02
5.797647886548335655e-02 -4.108448937998613465e-03 -3.087111450954418967e-02 3.675257528319045112e-04 3.048398005177073780e-02 -5.531140143150850910e-04 -5.626809876921226583e-02 -1.684040854031146946e-03 2.469136564898792852e-01 4.771011465057353185e-01 2.506059020372594093e-01 -1.442325095511433342e-03
5.655695935470857541e-03 5.578037645578713677e-02 -3.552609967507307752e-03 -3.052489772644463584e-02 3.801952368385722036e-03 3.080954593610265441e-02 -6.057345133336163728e-03 -5.819890991647977407e-02 7.229806147791098883e-03 2.506059020372594093e-01 5.103576266896490132e-01 2.465371799577028289e-01
-2.491331407277982968e-01 6.409727753478252493e-03 5.765169593066200859e-02 9.353860360336162683e-04 -3.101136500924997486e-02 -4.067616842885255868e-04 3.081820885338532046e-02 1.953769005217844117e-03 -5.658705680824179657e-02 -1.442325095511433342e-03 2.465371799577028289e-01 5.042107219612599334e-01
5.012275149811648012e-01 2.471088645172493659e-01 5.782845836765923911e-03 -5.851730761633220507e-02 6.749918108893634278e-03 3.136073938680958295e-02 -3.161794274283364140e-03 -3.181449994865451214e-02 2.100016077869333933e-03 5.882437599223525049e-02 1.063707184230762263e-03 -2.495651966156352819e-01
2.471088645172493659e-01 4.908461120254725696e-01 2.503966865952478305e-01 -4.423841048257322155e-03 -5.809827625150128239e-02 5.463511313110122787e-03 3.241442470417880972e-02 -3.948064683240952791e-03 -3.312126729426912580e-02 -3.885565111653123058e-03 5.703303539659361487e-02 -1.496196314795839553e-03
5.782845836765923911e-03 2.503966865952478305e-01 4.981402422692586818e-01 2.484932916548241999e-01 -1.898458042906887161e-02 -5.735689898532769088e-02 6.612328482326899556e-03 3.184296171363059508e-02 -4.274149154542899835e-03 -3.304812088378866752e-02 2.568472615526009965e-03 5.852779233681441873e-02
-5.851730761633220507e-02 -4.423841048257322155e-03 2.484932916548241999e-01 5.364247689668214525e-01 2.506586981387892710e-01 -6.484518645841860773e-03 -6.119218192501368891e-02 2.565947871185100902e-03 3.579732337076968474e-02 5.240690875809583815e-03 -3.281710938938096900e-02 -1.663675682583833949e-03
6.749918108893634278e-03 -5.809827625150128239e-02 -1.898458042906887161e-02 2.506586981387892710e-01 4.996560682910968776e-01 2.496506298501339760e-01 6.753768295568847446e-03 -5.845729397646076686e-02 -4.318045289571812231e-03 3.148424884365602638e-02 5.341365045621343337e-03 -3.174809407785061932e-02
3.136073938680958295e-02 5.463511313110122787e-03 -5.735689898532769088e-02 -6.484518645841860773e-03 2.496506298501339760e-01 4.932001282941270159e-01 2.497150169617973203e-01 7.451737335606690386e-04 -5.982830604067233132e-02 -9.463844445932824423e-03 3.165801309613205938e-02 4.325485136096802671e-03
-3.161794274283364140e-03 3.241442470417880972e-02 6.612328482326899556e-03 -6.119218192501368891e-02 6.753768295568847446e-03 2.497150169617973203e-01 4.939191351423189991e-01 2.475834634774725929e-01 2.389976306920981071e-03 -5.729592422886422426e-02 -3.609299389232472483e-03 3.183622472285695115e-02
-3.181449994865451214e-02 -3.948064683240952791e-03 3.184296171363059508e-02 2.565947871185100902e-03 -5.845729397646076686e-02 7.451737335606690386e-04 2.475834634774725929e-01 5.120814654337315641e-01 2.516977103424983264e-01 1.772913983401088953e-02 -5.853153872109649603e-02 -4.793028401661655717e-03
2.100016077869333933e-03 -3.312126729426912580e-02 -4.274149154542899835e-03 3.579732337076968474e-02 -4.318045289571812231e-03 -5.982830604067233132e-02 2.389976306920981071e-03 2.516977103424983264e-01 4.628101547379531722e-01 2.478428884732301052e-01 4.858876165131778731e-03 -5.873100369747652483e-02
5.882437599223525049e-02 -3.885565111653123058e-03 -3.304812088378866752e-02 5.240690875809583815e-03 3.148424884365602638e-02 -9.463844445932824423e-03 -5.729592422886422426e-02 1.772913983401088953e-02 2.478428884732301052e-01 4.990876879105029529e-01 2.515114137834002506e-01 -8.742006345271263051e-03
1.063707184230762263e-03 5.703303539659361487e-02 2.568472615526009965e-03 -3.281710938938096900e-02 5.341365045621343337e-03 3.165801309613205938e-02 -3.609299389232472483e-03 -5.853153872109649603e-02 4.858876165131778731e-03 2.515114137834002506e-01 5.160819690394937709e-01 2.468643300970773391e-01
-2.495651966156352819e-01 -1.496196314795839553e-03 5.852779233681441873e-02 -1.663675682583833949e-03 -3.174809407785061932e-02 4.325485136096802671e-03 3.183622472285695115e-02 -4.793028401661655717e-03 -5.873100369747652483e-02 -8.742006345271263051e-03 2.468643300970773391e-01 4.965247529080523137e-01
4.951395340124749023e-01 2.483933320603235184e-01 3.946314058326724772e-03 -5.681890949878823371e-02 -1.367341212200734197e-03 3.085009400592568854e-02 3.426745733950240132e-03 -3.015867615448030239e-02 -2.546353903426478923e-03 5.642415687891705334e-02 9.584553115733029927e-03 -2.481138447163594440e-01
2.483933320603235184e-01 4.959800628975201131e-01 2.471276707907913983e-01 4.117937528801259191e-03 -5.623849689185853040e-02 1.331606158749284487e-03 3.051067218195714290e-02 2.067213288639431403e-03 -3.074384065409231648e-02 -5.821338408752586152e-04 5.710215693769444406e-02 3.153444394341582864e-05
3.946314058326724772e-03 2.471276707907913983e-01 4.957108983309559402e-01 2.485896022964381169e-01 -1.361064742136843019e-03 -5.736474033548151497e-02 -2.768111283181115892e-03 3.043393003148395226e-02 1.030737307603119077e-03 -3.036209174187754628e-02 -3.008594451870141417e-03 5.683272935350772853e-02
-5.681890949878823371e-02 4.117937528801259191e-03 2.485896022964381169e-01 4.965714950483487433e-01 2.467290441168789594e-01 -6.645225108902347473e-03 -5.666951814895929140e-02 -7.319849530075485042e-04 3.074883924372905780e-02 -1.128125683308706714e-03 -3.089492829875414848e-02 2.215952416211806972e-03
-1.367341212200734197e-03 -5.623849689185853040e-02 -1.361064742136843019e-03 2.467290441168789594e-01 5.193208113018902283e-01 2.505515607382234888e-01 6.933795871609681541e-03 -5.708373347423080502e-02 -1.846559576456547648e-03 3.054923616597087638e-02 2.622641833887037754e-03 -3.051342643487279377e-02
3.085009400592568854e-02 1.331606158749284487e-03 -5.736474033548151497e-02 -6.645225108902347473e-03 2.505515607382234888e-01 4.831598745547525109e-01 2.460438635298721199e-01 8.034904435172633003e-03 -5.674708593939814527e-02 -1.121642902223870869e-03 3.070507547652981048e-02 5.834604233934023157e-04
3.426745733950240132e-03 3.051067218195714290e-02 -2.768111283181115892e-03 -5.666951814895929140e-02 6.933795871609681541e-03 2.460438635298721199e-01 4.906217472185904760e-01 2.499325785798831578e-01 -3.937095086650140019e-03 -5.722662387821855767e-02 -1.932372315969333831e-04 3.091834047131616914e-02
-3.015867615448030239e-02 2.067213288639431403e-03 3.043393003148395226e-02 -7.319849530075485042e-04 -5.708373347423080502e-02 8.034904435172633003e-03 2.499325785798831578e-01 5.051777629283146220e-01 2.467423088903376582e-01 -5.159925672753049551e-03 -5.650946011292336951e-02 2.776740122870426271e-03
-2.546353903426478923e-03 -3.074384065409231648e-02 1.030737307603119077e-03 3.074883924372905780e-02 -1.846559576456547648e-03 -5.674708593939814527e-02 -3.937095086650140019e-03 2.467423088903376582e-01 5.117342275811235242e-01 2.488717525533634956e-01 4.611897574021840696e-03 -5.709781726311358163e-02
5.642415687891705334e-02 -5.821338408752586152e-04 -3.036209174187754628e-02 -1.128125683308706714e-03 3.054923616597087638e-02 -1.121642902223870869e-03 -5.722662387821855767e-02 -5.159925672753049551e-03 2.488717525533634956e-01 4.882375806781116823e-01 2.473481398511840346e-01 -9.948982855823330917e-04
9.584553115733029927e-03 5.710215693769444406e-02 -3.008594451870141417e-03 -3.089492829875414848e-02 2.622641833887037754e-03 3.070507547652981048e-02 -1.932372315969333831e-04 -5.650946011292336951e-02 4.611897574021840696e-03 2.473481398511840346e-01 4.996686983356230516e-01 2.483804473993748152e-01
-2.481138447163594440e-01 3.153444394341582864e-05 5.683272935350772853e-02 2.215952416211806972e-03 -3.051342643487279377e-02 5.834604233934023157e-04 3.091834047131616914e-02 2.776740122870426271e-03 -5.709781726311358163e-02 -9.948982855823330917e-04 2.483804473993748152e-01 5.186773071123366163e-01
4.917156461079263963e-01 2.543150896936832717e-01 6.378735663712088721e-03 -6.423626612962463067e-02 7.995514376075677984e-03 3.460488871523213772e-02 -4.858262526279237548e-03 -3.171728556442646174e-02 1.556840749220287897e-03 5.641895782752212596e-02 -9.943465566344306811e-03 -2.443570917821893673e-01
2.543150896936832717e-01 5.145759413917707636e-01 2.435296623514655034e-01 5.268365042499214765e-03 -5.923245267137562664e-02 -3.766409496547344117e-03 3.281505276941634047e-02 -3.688111156750642407e-03 -3.424429641418579029e-02 -1.589520477064459850e-03 6.077187932788594149e-02 9.060497791505892334e-04
6.378735663712088721e-03 2.435296623514655034e-01 4.525714704646034425e-01 2.633149043108826692e-01 -1.935048531755909421e-02 -6.417418631780424931e-02 9.477628032606152247e-03 3.284825140700808888e-02 -4.635951649715319006e-03 -3.206558860033857650e-02 7.932722604828404064e-03 5.605028970430407653e-02
-6.423626612962463067e-02 5.268365042499214765e-03 2.633149043108826692e-01 5.691523961779315632e-01 2.468345655875918698e-01 -4.320480230784057036e-04 -5.701773470076179628e-02 6.896305310808975922e-03 3.457433586263411462e-02 -4.088835547050710152e-04 -3.505212782538957850e-02 2.568031212819599750e-03
7.995514376075677984e-03 -5.923245267137562664e-02 -1.935048531755909421e-02 2.468345655875918698e-01 4.677413726480078582e-01 2.541983551909235972e-01 8.765033467862004980e-04 -6.109236872764443882e-02 -3.749379558847796765e-03 3.326849340388846055e-02 1.177982387534115202e-03 -3.280331618027280266e-02
3.460488871523213772e-02 -3.766409496547344117e-03 -6.417418631780424931e-02 -4.320480230784057036e-04 2.541983551909235972e-01 5.112202033132949852e-01 2.440897009407661244e-01 -1.433142821883476650e-02 -5.864678008215849780e-02 -3.529158043681364203e-04 3.318939783579519937e-02 -1.394138314306621589e-03
-4.858262526279237548e-03 3.281505276941634047e-02 9.477628032606152247e-03 -5.701773470076179628e-02 8.765033467862004980e-04 2.440897009407661244e-01 5.158046566871162808e-01 2.551309832936404787e-01 6.745336715721189126e-03 -6.086188861286911944e-02 3.083515848715422049e-04 3.331172704648818067e-02
-3.171728556442646174e-02 -3.688111156750642407e-03 3.284825140700808888e-02 6.896305310808975922e-03 -6.109236872764443882e-02 -1.433142821883476650e-02 2.551309832936404787e-01 5.013366853440393012e-01 2.449957976610347976e-01 1.518739007786387187e-02 -5.810081548102048743e-02 -6.330514178448933341e-03
1.556840749220287897e-03 -3.424429641418579029e-02 -4.635951649715319006e-03 3.457433586263411462e-02 -3.749379558847796765e-03 -5.864678008215849780e-02 6.745336715721189126e-03 2.449957976610347976e-01 4.553527922651067206e-01 2.572365345009558490e-01 -7.700529164213000197e-03 -6.110715749385224604e-02
5.641895782752212596e-02 -1.589520477064459850e-03 -3.206558860033857650e-02 -4.088835547050710152e-04 3.326849340388846055e-02 -3.529158043681364203e-04 -6.086188861286911944e-02 1.518739007786387187e-02 2.572365345009558490e-01 5.369768646409680546e-01 2.449715932362765136e-01 -2.453632119658578914e-03
-9.943465566344306811e-03 6.077187932788594149e-02 7.932722604828404064e-03 -3.505212782538957850e-02 1.177982387534115202e-03 3.318939783579519937e-02 3.083515848715422049e-04 -5.810081548102048743e-02 -7.700529164213000197e-03 2.449715932362765136e-01 4.893573004337919419e-01 2.527361594759708341e-01
-2.443570917821893673e-01 9.060497791505892334e-04 5.605028970430407653e-02 2.568031212819599750e-03 -3.280331618027280266e-02 -1.394138314306621589e-03 3.331172704648818067e-02 -6.330514178448933341e-03 -6.110715749385224604e-02 -2.453632119658578914e-03 2.527361594759708341e-01 4.941946705254193772e-01
4.875255968262485196e-01 2.476519893460176758e-01 -6.914506336907038676e-03 -5.729799424295423105e-02 -2.492277232488512156e-03 3.094057215081749690e-02 9.224438903788215660e-05 -3.126138709021019507e-02 -1.052480417889642330e-03 5.809775820870042434e-02 1.092423865420746182e-02 -2.497163314874250861e-01
2.476519893460176758e-01 5.122762758988597120e-01 2.483032234832916463e-01 -2.421114027012627630e-03 -5.814060498934392474e-02 2.369273868258951147e-03 3.149832251616203893e-02 -1.837913813732593941e-03 -3.185475393960417873e-02 -2.286005846317730114e-03 5.693103335282261035e-02 -1.121634705389352440e-03
-6.914506336907038676e-03 2.483032234832916463e-01 5.113812720039659920e-01 2.496741434073610211e-01 1.230055121807402223e-02 -5.757812443607901454e-02 -3.800968101922388986e-03 3.127028469230488245e-02 3.596825649856706750e-03 -3.102352787150878047e-02 -8.787058901411324424e-03 5.769462941140125062e-02
-5.729799424295423105e-02 -2.421114027012627630e-03 2.496741434073610211e-01 4.684910485802243896e-01 2.495465718036296021e-01 -2.060977364130501220e-03 -5.740610320453677640e-02 1.419938845039737333e-03 3.128592711601289184e-02 2.724143147386268605e-03 -3.090567826944894472e-02 -7.762898083596586098e-04
-2.492277232488512156e-03 -5.814060498934392474e-02 1.230055121807402223e-02 2.495465718036296021e-01 5.148085937208423113e-01 2.471688180974267457e-01 -5.068299939148515967e-03 -5.666149456247299154e-02 1.388074374764967965e-03 3.102485738450869515e-02 2.569498099013437994e-03 -3.163567496345081470e-02
3.094057215081749690e-02 2.369273868258951147e-03 -5.757812443607901454e-02 -2.060977364130501220e-03 2.471688180974267457e-01 5.023267184109574401e-01 2.488464257959848713e-01 -4.364007631727833065e-04 -5.770487684413551366e-02 -4.423559011400244982e-03 3.084280273363024932e-02 1.587138928102426166e-03
9.224438903788215660e-05 3.149832251616203893e-02 -3.800968101922388986e-03 -5.740610320453677640e-02 -5.068299939148515967e-03 2.488464257959848713e-01 5.012177184162558419e-01 2.471495714943918454e-01 1.782919767344793172e-03 -5.630577395663058371e-02 -5.592239219737930693e-03 3.154844351884796005e-02
-3.126138709021019507e-02 -1.837913813732593941e-03 3.127028469230488245e-02 1.419938845039737333e-03 -5.666149456247299154e-02 -4.364007631727833065e-04 2.471495714943918454e-01 4.993037090529229838e-01 2.494255550878118899e-01 9.405183701948829911e-03 -5.764911420817886434e-02 -1.885027052343563134e-03
-1.052480417889642330e-03 -3.185475393960417873e-02 3.596825649856706750e-03 3.128592711601289184e-02 1.388074374764967965e-03 -5.770487684413551366e-02 1.782919767344793172e-03 2.494255550878118899e-01 4.890288726858003088e-01 2.461905013284900745e-01 9.606678439154943752e-03 -5.842970039333408167e-02
5.809775820870042434e-02 -2.286005846317730114e-03 -3.102352787150878047e-02 2.724143147386268605e-03 3.102485738450869515e-02 -4.423559011400244982e-03 -5.630577395663058371e-02 9.405183701948829911e-03 2.461905013284900745e-01 4.831120136174169022e-01 2.523129469145810599e-01 -6.148945387191146611e-03
1.092423865420746182e-02 5.693103335282261035e-02 -8.787058901411324424e-03 -3.090567826944894472e-02 2.569498099013437994e-03 3.084280273363024932e-02 -5.592239219737930693e-03 -5.764911420817886434e-02 9.606678439154943752e-03 2.523129469145810599e-01 5.096032153853907731e-01 2.468235376674595416e-01
-2.497163314874250861e-01 -1.121634705389352440e-03 5.769462941140125062e-02 -7.762898083596586098e-04 -3.163567496345081470e-02 1.587138928102426166e-03 3.154844351884796005e-02 -1.885027052343563134e-03 -5.842970039333408167e-02 -6.148945387191146611e-03 2.468235376674595416e-01 5.209249654011494091e-01
4.894990311363687230e-01 2.511076937768457751e-01 -8.739479118064516147e-03 -5.741856406163060866e-02 4.383568643679168139e-03 3.040052946080705476e-02 -4.373926207383759673e-03 -3.051966957981120873e-02 2.318204000542212467e-03 5.659592334061657598e-02 -1.011129867992222563e-02 -2.480507038225432948e-01
2.511076937768457751e-01 5.179358363215192940e-01 2.468759585385717492e-01 -6.443197424731966078e-03 -5.662855809583502986e-02 6.456887177857964163e-03 3.082871986415820081e-02 -3.812150841640952505e-03 -3.160816067284900888e-02 5.066116070395341314e-03 5.836954944314715066e-02 -2.848005031485714884e-03
-8.739479118064516147e-03 2.468759585385717492e-01 5.065862514861765309e-01 2.486557266283554168e-01 -3.390565999514939897e-04 -5.711144619788263016e-02 1.770500044422671426e-03 3.141079193106191547e-02 1.045666401173668721e-03 -3.139824815639263161e-02 4.835738987144783249e-04 5.817656976046070572e-02
-5.741856406163060866e-02 -6.443197424731966078e-03 2.486557266283554168e-01 4.958228049257302761e-01 2.477179374515445509e-01 -6.591760705903115802e-03 -5.720345763014648977e-02 1.224973196061210530e-03 3.124261894732576622e-02 -9.449570691125279420e-04 -3.156826578744725831e-02 -1.987920683572537775e-03
4.383568643679168139e-03 -5.662855809583502986e-02 -3.390565999514939897e-04 2.477179374515445509e-01 5.108316917337710761e-01 2.480863579278899111e-01 -3.327620556566446459e-03 -5.774971528136923354e-02 -1.661716834374203124e-03 3.123812569515146270e-02 -1.986497177247264004e-04 -3.154672129187764684e-02
3.040052946080705476e-02 6.456887177857964163e-03 -5.711144619788263016e-02 -6.591760705903115802e-03 2.480863579278899111e-01 5.059353498994625387e-01 2.492481167335136583e-01 4.876973752539153981e-03 -5.716922503339305628e-02 -2.581872023087353456e-03 3.129828905867607092e-02 4.376793067931656310e-03
-4.373926207383759673e-03 3.082871986415820081e-02 1.770500044422671426e-03 -5.720345763014648977e-02 -3.327620556566446459e-03 2.492481167335136583e-01 4.901443063823044399e-01 2.476518571732773955e-01 6.467279959304498074e-03 -5.676256793816305407e-02 -5.717760387180909846e-04 3.089102153062203010e-02
-3.051966957981120873e-02 -3.812150841640952505e-03 3.141079193106191547e-02 1.224973196061210530e-03 -5.774971528136923354e-02 4.876973752539153981e-03 2.476518571732773955e-01 4.950823081022258099e-01 2.481162594056181836e-01 -1.023867598493718371e-04 -5.728532945152188527e-02 -3.287795000502624892e-03
2.318204000542212467e-03 -3.160816067284900888e-02 1.045666401173668721e-03 3.124261894732576622e-02 -1.661716834374203124e-03 -5.716922503339305628e-02 6.467279959304498074e-03 2.481162594056181836e-01 4.940217094354593663e-01 2.478073550605050801e-01 -5.261844298736878880e-03 -5.738598435643674917e-02
5.659592334061657598e-02 5.066116070395341314e-03 -3.139824815639263161e-02 -9.449570691125279420e-04 3.123812569515146270e-02 -2.581872023087353456e-03 -5.676256793816305407e-02 -1.023867598493718371e-04 2.478073550605050801e-01 5.184868426225268667e-01 2.494247575355696411e-01 6.501542692302933642e-03
-1.011129867992222563e-02 5.836954944314715066e-02 4.835738987144783249e-04 -3.156826578744725831e-02 -1.986497177247264004e-04 3.129828905867607092e-02 -5.717760387180909846e-04 -5.728532945152188527e-02 -5.261844298736878880e-03 2.494247575355696411e-01 4.826062303786267105e-01 2.477669952848250423e-01
-2.480507038225432948e-01 -2.848005031485714884e-03 5.817656976046070572e-02 -1.987920683572537775e-03 -3.154672129187764684e-02 4.376793067931656310e-03 3.089102153062203010e-02 -3.287795000502624892e-03 -5.738598435643674917e-02 6.501542692302933642e-03 2.477669952848250423e-01 4.930476375758090501e-01
5.274601383159049917e-01 2.493086717582492506e-01 -9.175088005743657366e-04 -5.827891581797814413e-02 5.990915799998192777e-04 3.219596684842875728e-02 4.756669287902553405e-04 -3.178508838177745988e-02 -4.160361584992821118e-04 5.770880854342191196e-02 2.641941799121476104e-03 -2.487593304015280060e-01
2.493086717582492506e-01 4.988739584963592932e-01 2.494900080937346165e-01 7.118542608137803408e-03 -5.825251619961700766e-02 -4.318584789104839942e-03 3.214925300787715295e-02 9.027261879399627736e-03 -3.126117935229362488e-02 -7.410850994468163276e-03 5.721283348122445378e-02 1.368167061391636907e-02
-9.175088005743657366e-04 2.494900080937346165e-01 4.823447030211117648e-01 2.479757572135294907e-01 -4.056938482459664617e-04 -5.734837631944650349e-02 -5.926361168789367681e-04 3.132093770097542362e-02 8.362965942607040581e-04 -3.137259609668070770e-02 -1.655607033320851632e-03 5.806598147262724552e-02
-5.827891581797814413e-02 7.118542608137803408e-03 2.479757572135294907e-01 5.132602264029997308e-01 2.491491608144525693e-01 8.556377363342429487e-04 -5.818991512306663505e-02 -8.445712252419339955e-03 3.152032163398695019e-02 3.692304584707324644e-03 -3.141444062817322358e-02 -3.485171015809665224e-03
5.990915799998192777e-04 -5.825251619961700766e-02 -4.056938482459664617e-04 2.491491608144525693e-01 4.859688514425141159e-01 2.482304527484382461e-01 2.893720987108602122e-03 -5.783569892217992059e-02 -1.081903442990649966e-03 3.161725288852618859e-02 1.321001777677863762e-03 -3.191928772198179831e-02
3.219596684842875728e-02 -4.318584789104839942e-03 -5.734837631944650349e-02 8.556377363342429487e-04 2.482304527484382461e-01 5.144544491301807909e-01 2.491241462541249896e-01 1.478247801255572896e-02 -5.825849959068951645e-02 -3.551464395204867366e-03 3.180139976877627978e-02 2.051371332453894025e-03
4.756669287902553405e-04 3.214925300787715295e-02 -5.926361168789367681e-04 -5.818991512306663505e-02 2.893720987108602122e-03 2.491241462541249896e-01 4.632056978757879140e-01 2.510658561611215367e-01 -2.149918383745413279e-04 -5.881395892284857485e-02 -1.066869214323308958e-04 3.243851741860196564e-02
-3.178508838177745988e-02 9.027261879399627736e-03 3.132093770097542362e-02 -8.445712252419339955e-03 -5.783569892217992059e-02 1.478247801255572896e-02 2.510658561611215367e-01 5.101662278378547022e-01 2.484472806093174502e-01 -8.246822747268581222e-03 -5.763687642648995801e-02 4.433212029184301420e-03
-4.160361584992821118e-04 -3.126117935229362488e-02 8.362965942607040581e-04 3.152032163398695019e-02 -1.081903442990649966e-03 -5.825849959068951645e-02 -2.149918383745413279e-04 2.484472806093174502e-01 5.127040730326917206e-01 2.483217816201640504e-01 6.734625353099340725e-04 -5.730945693933912899e-02
5.770880854342191196e-02 -7.410850994468163276e-03 -3.137259609668070770e-02 3.692304584707324644e-03 3.161725288852618859e-02 -3.551464395204867366e-03 -5.881395892284857485e-02 -8.246822747268581222e-03 2.483217816201640504e-01 4.925378588256446033e-01 2.483779383082924119e-01 -4.825900572642122244e-05
2.641941799121476104e-03 5.721283348122445378e-02 -1.655607033320851632e-03 -3.141444062817322358e-02 1.321001777677863762e-03 3.180139976877627978e-02 -1.066869214323308958e-04 -5.763687642648995801e-02 6.734625353099340725e-04 2.483779383082924119e-01 5.062158612439364713e-01 2.480572716508133158e-01
