3.948573926956981950e-01 2.670079816749827417e-01 7.444470254346710614e-02 -6.623528199401462757e-02 -7.973052272441094601e-02 -8.067176765948357378e-03 7.437978182084950540e-02 6.116436117637264608e-02 -8.595324787411190437e-02 -2.603867915822665191e-01
2.670079816749827417e-01 4.646658302808402974e-01 2.736094631681523781e-01 7.557856697446097005e-02 -5.495123320480542473e-02 -8.063447129525336265e-02 -1.914489427453917175e-02 6.546735732352279569e-02 6.796099259450617824e-02 -5.944486746542401723e-02
7.444470254346710614e-02 2.736094631681523781e-01 3.858466911314615277e-01 2.505368127847684701e-01 1.012767971639481623e-01 -3.197144988553703854e-02 -7.896142759716667792e-02 -2.301435210061388709e-02 7.382842041300730074e-02 7.407824899213293068e-02
-6.623528199401462757e-02 7.557856697446097005e-02 2.505368127847684701e-01 3.725847351420298881e-01 2.709667805836161181e-01 1.169943077526395536e-01 -3.537826458474885305e-02 -8.341627645196079965e-02 -1.540500462283079380e-02 7.404662285250451781e-02
-7.973052272441094601e-02 -5.495123320480542473e-02 1.012767971639481623e-01 2.709667805836161181e-01 3.791766342132079082e-01 2.552742539908341435e-01 9.505047757420923005e-02 -4.787115761719035884e-02 -7.962122866794206499e-02 -4.780371824698920538e-03
-8.067176765948357378e-03 -8.063447129525336265e-02 -3.197144988553703854e-02 1.169943077526395536e-01 2.552742539908341435e-01 3.401737443318219034e-01 2.550271484257727317e-01 9.405095746466318740e-02 -5.931886875845698154e-02 -8.028492893778078898e-02
7.437978182084950540e-02 -1.914489427453917175e-02 -7.896142759716667792e-02 -3.537826458474885305e-02 9.505047757420923005e-02 2.550271484257727317e-01 4.152738746884686583e-01 2.771538095179536532e-01 7.391529256981442531e-02 -7.147784479195642970e-02
6.116436117637264608e-02 6.546735732352279569e-02 -2.301435210061388709e-02 -8.341627645196079965e-02 -4.787115761719035884e-02 9.405095746466318740e-02 2.771538095179536532e-01 4.194102773377871296e-01 2.560145353379923439e-01 7.223786752713651227e-02
-8.595324787411190437e-02 6.796099259450617824e-02 7.382842041300730074e-02 -1.540500462283079380e-02 -7.962122866794206499e-02 -5.931886875845698154e-02 7.391529256981442531e-02 2.560145353379923439e-01 4.022591940228484320e-01 2.732958408510952064e-01
-2.603867915822665191e-01 -5.944486746542401723e-02 7.407824899213293068e-02 7.404662285250451781e-02 -4.780371824698920538e-03 -8.028492893778078898e-02 -7.147784479195642970e-02 7.223786752713651227e-02 2.732958408510952064e-01 4.257516261558389470e-01
3.244481342362361409e-01 2.468166709116554336e-01 9.123114506777962873e-02 -5.988866001163090091e-02 -8.091171153945701799e-02 -4.038318376293119978e-04 8.451173280474431893e-02 6.889222845886089353e-02 -8.807225040889415935e-02 -2.608693237245286456e-01
2.468166709116554336e-01 3.584773027927765643e-01 2.648401986765268612e-01 7.880647815399288714e-02 -6.427770541877056432e-02 -7.283011817313127245e-02 2.009624774527618563e-02 8.697336127608636114e-02 3.668062737157229414e-02 -1.172819940872281697e-01
9.123114506777962873e-02 2.648401986765268612e-01 4.580195816135278486e-01 2.766413628639371458e-01 6.948227514076227296e-02 -6.566096753923432450e-02 -6.921760403049367905e-02 6.419284138471219661e-03 6.668525412000371466e-02 3.399808697166847166e-02
-5.988866001163090091e-02 7.880647815399288714e-02 2.766413628639371458e-01 4.055838616257358975e-01 2.463921716417197261e-01 7.542754117260816460e-02 -6.161305533383167055e-02 -8.231856410251586764e-02 3.569384888437644298e-03 8.505294369100052654e-02
-8.091171153945701799e-02 -6.427770541877056432e-02 6.948227514076227296e-02 2.463921716417197261e-01 3.818101943687156608e-01 2.792620724821369138e-01 9.047411999132043414e-02 -6.306339708512677389e-02 -7.130600154105040667e-02 1.911493813667053399e-02
-4.038318376293119978e-04 -7.283011817313127245e-02 -6.566096753923432450e-02 7.542754117260816460e-02 2.792620724821369138e-01 4.564782710493461293e-01 2.645611219747660003e-01 7.759633907548027509e-02 -5.595596263492137040e-02 -6.940167209353922950e-02
8.451173280474431893e-02 2.009624774527618563e-02 -6.921760403049367905e-02 -6.161305533383167055e-02 9.047411999132043414e-02 2.645611219747660003e-01 3.492378011291850104e-01 2.530055267293627175e-01 8.617260548672024678e-02 -6.506788605058089203e-02
6.889222845886089353e-02 8.697336127608636114e-02 6.419284138471219661e-03 -8.231856410251586764e-02 -6.306339708512677389e-02 7.759633907548027509e-02 2.530055267293627175e-01 4.197293508588850752e-01 2.732888946294600441e-01 6.289874692981262116e-02
-8.807225040889415935e-02 3.668062737157229414e-02 6.668525412000371466e-02 3.569384888437644298e-03 -7.130600154105040667e-02 -5.595596263492137040e-02 8.617260548672024678e-02 2.732888946294600441e-01 4.344360521046904400e-01 2.636331918925165496e-01
-2.608693237245286456e-01 -1.172819940872281697e-01 3.399808697166847166e-02 8.505294369100052654e-02 1.911493813667053399e-02 -6.940167209353922950e-02 -6.506788605058089203e-02 6.289874692981262116e-02 2.636331918925165496e-01 4.117794502209005669e-01
4.270387988058298445e-01 2.687162639626020089e-01 1.001155927529183698e-01 -4.523596351585834618e-02 -8.255853244342173380e-02 -7.541980531501727390e-03 7.634806528473209175e-02 5.813371209377040522e-02 -7.891629985692569238e-02 -2.639593618005528497e-01
2.687162639626020089e-01 3.580625287818576252e-01 2.538159940864943009e-01 9.442918795681007338e-02 -5.267035485898404618e-02 -7.763715194756998228e-02 -3.655086958714769997e-03 7.757592685343997485e-02 6.025663166321447439e-02 -9.116790713516252642e-02
1.001155927529183698e-01 2.538159940864943009e-01 3.753674709082540639e-01 2.651843703870051527e-01 8.875054658727940526e-02 -6.254213492034300936e-02 -8.243141177099143346e-02 1.001517791958546691e-02 8.748041174062888559e-02 4.920615845910903535e-02
-4.523596351585834618e-02 9.442918795681007338e-02 2.651843703870051527e-01 4.102259162082173005e-01 2.707922222310733540e-01 7.584577793298537263e-02 -6.507646647404644047e-02 -6.969461109587096748e-02 1.162318558607500739e-02 7.510701995554745769e-02
-8.255853244342173380e-02 -5.267035485898404618e-02 8.875054658727940526e-02 2.707922222310733540e-01 4.190419489373634065e-01 2.587573725337055652e-01 7.895476012428202794e-02 -6.184456971437773953e-02 -7.962850799149599756e-02 5.478492971998870018e-03
-7.541980531501727390e-03 -7.763715194756998228e-02 -6.254213492034300936e-02 7.584577793298537263e-02 2.587573725337055652e-01 3.895308117230155132e-01 2.704089560887140142e-01 8.236813571835532866e-02 -6.643157806776094076e-02 -7.560617526881772965e-02
7.634806528473209175e-02 -3.655086958714769997e-03 -8.243141177099143346e-02 -6.507646647404644047e-02 7.895476012428202794e-02 2.704089560887140142e-01 4.327676107163681563e-01 2.639783136969273691e-01 7.656290205980910424e-02 -6.006295646431444174e-02
5.813371209377040522e-02 7.757592685343997485e-02 1.001517791958546691e-02 -6.969461109587096748e-02 -6.184456971437773953e-02 8.236813571835532866e-02 2.639783136969273691e-01 3.861130798573629841e-01 2.661823472651392297e-01 8.960418392854849201e-02
-7.891629985692569238e-02 6.025663166321447439e-02 8.748041174062888559e-02 1.162318558607500739e-02 -7.962850799149599756e-02 -6.643157806776094076e-02 7.656290205980910424e-02 2.661823472651392297e-01 4.206848375691546460e-01 2.643216970095138563e-01
-2.639593618005528497e-01 -9.116790713516252642e-02 4.920615845910903535e-02 7.510701995554745769e-02 5.478492971998870018e-03 -7.560617526881772965e-02 -6.006295646431444174e-02 8.960418392854849201e-02 2.643216970095138563e-01 3.811669964925762377e-01
3.685197596286374222e-01 2.603002844670282423e-01 9.434257920984903678e-02 -5.798026810100696121e-02 -8.401939685408060798e-02 -1.396824784037398876e-02 7.485640849618414860e-02 7.752965280945510462e-02 -6.341526445485995422e-02 -2.600005909077615085e-01
2.603002844670282423e-01 4.102208833133125232e-01 2.716342797800558317e-01 8.303491114442274057e-02 -5.903096569324388365e-02 -8.361248188491458844e-02 -1.279070931601465275e-02 7.525056168276053614e-02 7.081560990332746997e-02 -7.603368580473025828e-02
9.434257920984903678e-02 2.716342797800558317e-01 3.995359041152968804e-01 2.611617889486655408e-01 9.135214537521672840e-02 -4.465921035326403388e-02 -7.851766907693036313e-02 -1.880013977266608086e-02 6.759381367947787933e-02 5.522321585223610718e-02
-5.798026810100696121e-02 8.303491114442274057e-02 2.611617889486655408e-01 3.959230098462079850e-01 2.653414181996930910e-01 1.027121445736655370e-01 -4.397458204156860784e-02 -8.655265064315205426e-02 -1.771990250738194120e-02 7.503538479735030742e-02
-8.401939685408060798e-02 -5.903096569324388365e-02 9.135214537521672840e-02 2.653414181996930910e-01 3.745409301125190993e-01 2.591125573882631650e-01 9.767663900573005098e-02 -4.632038915231342924e-02 -7.722213642434833103e-02 4.351367177735458378e-03
-1.396824784037398876e-02 -8.361248188491458844e-02 -4.465921035326403388e-02 1.027121445736655370e-01 2.591125573882631650e-01 3.736973126747260565e-01 2.641829059433732363e-01 1.022628098112525474e-01 -4.914258818717678889e-02 -7.301344509545934502e-02
7.485640849618414860e-02 -1.279070931601465275e-02 -7.851766907693036313e-02 -4.397458204156860784e-02 9.767663900573005098e-02 2.641829059433732363e-01 3.877573028529587851e-01 2.654723154434028842e-01 8.200104032601307491e-02 -7.064037767356604047e-02
7.752965280945510462e-02 7.525056168276053614e-02 -1.880013977266608086e-02 -8.655265064315205426e-02 -4.632038915231342924e-02 1.022628098112525474e-01 2.654723154434028842e-01 3.901877412346205221e-01 2.574505852863541167e-01 5.772993289513790593e-02
-6.341526445485995422e-02 7.081560990332746997e-02 6.759381367947787933e-02 -1.771990250738194120e-02 -7.722213642434833103e-02 -4.914258818717678889e-02 8.200104032601307491e-02 2.574505852863541167e-01 4.368999940646398628e-01 2.766560175229055840e-01
-2.600005909077615085e-01 -7.603368580473025828e-02 5.522321585223610718e-02 7.503538479735030742e-02 4.351367177735458378e-03 -7.301344509545934502e-02 -7.064037767356604047e-02 5.772993289513790593e-02 2.766560175229055840e-01 4.627171621570694837e-01
4.477521605585630393e-01 2.451680434305305301e-01 9.478892049156850685e-02 -3.771751220901795043e-02 -8.125985005141980744e-02 -1.832579299956847707e-02 7.158999523694239975e-02 7.973747121460857123e-02 -4.810604198884166349e-02 -2.822742098776374053e-01
2.451680434305305301e-01 2.733512535280883116e-01 2.369132453366810109e-01 1.030974717246748718e-01 -4.973201564267391156e-02 -7.966632293784554897e-02 -8.908724099386575168e-03 7.844337022654584990e-02 6.443812275647020638e-02 -9.638309262766175944e-02
9.478892049156850685e-02 2.369132453366810109e-01 4.075036817212976947e-01 2.850590112678073051e-01 7.773298684665913560e-02 -6.826682849565141042e-02 -8.178268268051974710e-02 6.070840713124541280e-03 7.740428246926288336e-02 4.023287098494995884e-02
-3.771751220901795043e-02 1.030974717246748718e-01 2.850590112678073051e-01 4.332961676004357110e-01 2.515473611340971472e-01 6.866552899165406787e-02 -5.423293667633623250e-02 -6.792292038556452249e-02 -4.192746100594420613e-04 6.810125423347322682e-02
-8.125985005141980744e-02 -4.973201564267391156e-02 7.773298684665913560e-02 2.515473611340971472e-01 3.885640819976475813e-01 2.676127440258311285e-01 1.031514069305014131e-01 -5.526268177805605808e-02 -8.612069639256542120e-02 4.739764143711710544e-03
-1.832579299956847707e-02 -7.966632293784554897e-02 -6.826682849565141042e-02 6.866552899165406787e-02 2.676127440258311285e-01 4.097437656403415396e-01 2.706131064027444966e-01 8.259260858143997741e-02 -5.953917186610824253e-02 -6.499211880918756568e-02
7.158999523694239975e-02 -8.908724099386575168e-03 -8.178268268051974710e-02 -5.423293667633623250e-02 1.031514069305014131e-01 2.706131064027444966e-01 3.807829127713385220e-01 2.540687672831430377e-01 9.038040856683272894e-02 -5.627438383942411776e-02
7.973747121460857123e-02 7.844337022654584990e-02 6.070840713124541280e-03 -6.792292038556452249e-02 -5.526268177805605808e-02 8.259260858143997741e-02 2.540687672831430377e-01 3.884275455691699186e-01 2.739257795836421150e-01 6.694788520018918332e-02
-4.810604198884166349e-02 6.443812275647020638e-02 7.740428246926288336e-02 -4.192746100594420613e-04 -8.612069639256542120e-02 -5.953917186610824253e-02 9.038040856683272894e-02 2.739257795836421150e-01 4.399521012630929206e-01 2.522617680460075285e-01
-2.822742098776374053e-01 -9.638309262766175944e-02 4.023287098494995884e-02 6.810125423347322682e-02 4.739764143711710544e-03 -6.499211880918756568e-02 -5.627438383942411776e-02 6.694788520018918332e-02 2.522617680460075285e-01 4.306263293500279254e-01
3.580538439260581018e-01 2.673878259984464600e-01 9.688776556060073319e-02 -6.230093102330699906e-02 -8.349046479085589501e-02 -4.270811777325593550e-04 7.876689108623199931e-02 6.015745119211816927e-02 -8.266602450949110670e-02 -2.505108833149781167e-01
2.673878259984464600e-01 4.366682443786263357e-01 2.710198239418134536e-01 6.718329703114649110e-02 -6.753977687252876727e-02 -7.671836188682140678e-02 2.231791380995652024e-03 7.935765858346882640e-02 6.429183927809285770e-02 -7.699662116772390541e-02
9.688776556060073319e-02 2.710198239418134536e-01 3.892265507135985181e-01 2.569365779527088001e-01 8.799694281100158000e-02 -5.145374754464013961e-02 -7.634356021104396484e-02 -5.703490934634646015e-03 7.489256623321566275e-02 5.419685794671702528e-02
-6.230093102330699906e-02 6.718329703114649110e-02 2.569365779527088001e-01 4.232239192820095308e-01 2.767752884064501595e-01 9.153806386375833160e-02 -5.740591921773886830e-02 -8.446489767225903722e-02 -1.022182493651501746e-02 7.239771100275463334e-02
-8.349046479085589501e-02 -6.753977687252876727e-02 8.799694281100158000e-02 2.767752884064501595e-01 3.885883300449018973e-01 2.498466041114862923e-01 8.402315061429092846e-02 -5.087638869663530655e-02 -7.640558715067734263e-02 -1.602183196316974909e-03
-4.270811777325593550e-04 -7.671836188682140678e-02 -5.145374754464013961e-02 9.153806386375833160e-02 2.498466041114862923e-01 3.708621704819217157e-01 2.728289549272073788e-01 1.053040628478501967e-01 -5.021745510628802811e-02 -7.884074671464028072e-02
7.876689108623199931e-02 2.231791380995652024e-03 -7.634356021104396484e-02 -5.740591921773886830e-02 8.402315061429092846e-02 2.728289549272073788e-01 4.259232776456051695e-01 2.659459812488914610e-01 7.867999281124224420e-02 -6.209357571898854733e-02
6.015745119211816927e-02 7.935765858346882640e-02 -5.703490934634646015e-03 -8.446489767225903722e-02 -5.087638869663530655e-02 1.053040628478501967e-01 2.659459812488914610e-01 3.564412824541751124e-01 2.503251890078585506e-01 8.384024237031822979e-02
-8.266602450949110670e-02 6.429183927809285770e-02 7.489256623321566275e-02 -1.022182493651501746e-02 -7.640558715067734263e-02 -5.021745510628802811e-02 7.867999281124224420e-02 2.503251890078585506e-01 4.247727629652172654e-01 2.839854931081968736e-01
-2.505108833149781167e-01 -7.699662116772390541e-02 5.419685794671702528e-02 7.239771100275463334e-02 -1.602183196316974909e-03 -7.884074671464028072e-02 -6.209357571898854733e-02 8.384024237031822979e-02 2.839854931081968736e-01 4.262396181078885737e-01
4.105976216760578446e-01 2.624328052342000395e-01 7.418215500765681925e-02 -6.546373226129789669e-02 -5.676457069939332828e-02 3.025430196216020301e-02 7.561289077430752292e-02 2.822591538043763004e-02 -1.061238761881474618e-01 -2.740370153606266346e-01
2.624328052342000395e-01 3.968628237452671570e-01 2.597067812269083231e-01 6.222048244148956075e-02 -8.273730112476847254e-02 -7.560830962863542004e-02 2.673923528183492007e-02 8.734786032426933300e-02 4.565399946732639352e-02 -9.163634892077082705e-02
7.418215500765681925e-02 2.597067812269083231e-01 4.258910699720989124e-01 2.703792528848562027e-01 3.976204194306467987e-02 -8.512109607571852199e-02 -6.212139857668130816e-02 2.694400764618587116e-02 8.022472530421255466e-02 6.029762931040980045e-02
-6.546373226129789669e-02 6.222048244148956075e-02 2.703792528848562027e-01 4.802731765405753861e-01 2.668006733903401928e-01 6.260286457563714324e-02 -6.214224779663039822e-02 -7.064435161186312373e-02 -1.270240439820221213e-03 7.053128107748217468e-02
-5.676457069939332828e-02 -8.273730112476847254e-02 3.976204194306467987e-02 2.668006733903401928e-01 4.248750511647307881e-01 2.643071240726979076e-01 8.454996628587629903e-02 -5.472959841938777187e-02 -8.103229095427275097e-02 -3.273955655660585468e-02
3.025430196216020301e-02 -7.560830962863542004e-02 -8.512109607571852199e-02 6.260286457563714324e-02 2.643071240726979076e-01 3.916838778638830898e-01 2.572212802319484015e-01 9.266344933015047136e-02 -4.290591891547560627e-02 -8.808801354104617287e-02
7.561289077430752292e-02 2.673923528183492007e-02 -6.212139857668130816e-02 -6.214224779663039822e-02 8.454996628587629903e-02 2.572212802319484015e-01 3.835963565959636390e-01 2.728302829110116345e-01 1.097983641530824728e-01 -2.578153491297004163e-02
2.822591538043763004e-02 8.734786032426933300e-02 2.694400764618587116e-02 -7.064435161186312373e-02 -5.472959841938777187e-02 9.266344933015047136e-02 2.728302829110116345e-01 4.025892457289889093e-01 2.515060225618297451e-01 1.110251924441224558e-01
-1.061238761881474618e-01 4.565399946732639352e-02 8.022472530421255466e-02 -1.270240439820221213e-03 -8.103229095427275097e-02 -4.290591891547560627e-02 1.097983641530824728e-01 2.515060225618297451e-01 3.012726593145509391e-01 2.447243138429660569e-01
-2.740370153606266346e-01 -9.163634892077082705e-02 6.029762931040980045e-02 7.053128107748217468e-02 -3.273955655660585468e-02 -8.808801354104617287e-02 -2.578153491297004163e-02 1.110251924441224558e-01 2.447243138429660569e-01 3.823581173978855552e-01
4.377464999481242014e-01 2.671145806391497790e-01 7.427479005941514667e-02 -6.279636184104919749e-02 -7.846171884470398705e-02 7.487245083958335521e-05 7.554199261153479728e-02 5.289775960249191999e-02 -8.047686329413439310e-02 -2.662941836314712818e-01
2.671145806391497790e-01 4.146838397395604114e-01 2.637309429799948313e-01 8.311687981130298775e-02 -5.771314427024810956e-02 -7.764163532211114382e-02 -7.988302436705796384e-04 7.828169691435729605e-02 7.095095347310406697e-02 -6.410668308020864292e-02
7.427479005941514667e-02 2.637309429799948313e-01 3.995468562817640623e-01 2.647905108136047181e-01 9.505830923257306553e-02 -5.141160962102535315e-02 -7.845909739736986466e-02 -2.558745117990999206e-03 7.947339020431488932e-02 7.031822053741358658e-02
-6.279636184104919749e-02 8.311687981130298775e-02 2.647905108136047181e-01 3.902918901457810286e-01 2.668843440872742945e-01 9.231321479967896648e-02 -5.650996311346498380e-02 -8.033410565189390284e-02 -1.253143554431222773e-02 7.008790279194253292e-02
-7.846171884470398705e-02 -5.771314427024810956e-02 9.505830923257306553e-02 2.668843440872742945e-01 3.876554410927192107e-01 2.586303433139158781e-01 8.106317372298485480e-02 -5.991292059841886453e-02 -8.602430539424464617e-02 -1.221362719125312565e-02
7.487245083958335521e-05 -7.764163532211114382e-02 -5.141160962102535315e-02 9.231321479967896648e-02 2.586303433139158781e-01 3.951568274369045008e-01 2.701266384439594548e-01 8.722754261072056259e-02 -5.430543013255912516e-02 -7.781502793843306232e-02
7.554199261153479728e-02 -7.988302436705796384e-04 -7.845909739736986466e-02 -5.650996311346498380e-02 8.106317372298485480e-02 2.701266384439594548e-01 4.313644216055355640e-01 2.647248940618978641e-01 9.507896386492753482e-02 -4.433739480131903415e-02
5.289775960249191999e-02 7.828169691435729605e-02 -2.558745117990999206e-03 -8.033410565189390284e-02 -5.991292059841886453e-02 8.722754261072056259e-02 2.647248940618978641e-01 3.592113801051100008e-01 2.555457091112379175e-01 1.007815143190191054e-01
-8.047686329413439310e-02 7.095095347310406697e-02 7.947339020431488932e-02 -1.253143554431222773e-02 -8.602430539424464617e-02 -5.430543013255912516e-02 9.507896386492753482e-02 2.555457091112379175e-01 3.722954598846494045e-01 2.658455504153061089e-01
-2.662941836314712818e-01 -6.410668308020864292e-02 7.031822053741358658e-02 7.008790279194253292e-02 -1.221362719125312565e-02 -7.781502793843306232e-02 -4.433739480131903415e-02 1.007815143190191054e-01 2.658455504153061089e-01 4.120473837598557232e-01
4.175960277459959125e-01 2.559833481691947688e-01 7.628574289955837584e-02 -5.438112478088883567e-02 -6.493899536196037769e-02 -2.805213099897175578e-03 6.778606298198511237e-02 6.683407835215007808e-02 -8.092365737181647645e-02 -2.845000837361485457e-01
2.559833481691947688e-01 3.657554174674489400e-01 2.577705537051016016e-01 9.782551273701957373e-02 -5.974844537638864667e-02 -9.450618225609266898e-02 -1.473484949200990456e-02 7.931773856962791303e-02 5.458944524198628551e-02 -9.324603643443746259e-02
7.628574289955837584e-02 2.577705537051016016e-01 4.035556545972667220e-01 2.785419181392345678e-01 7.101828785632367802e-02 -6.858684376252306703e-02 -7.497401174751054664e-02 -2.243388656626027228e-03 7.120595490005994510e-02 6.060156518037752155e-02
-5.438112478088883567e-02 9.782551273701957373e-02 2.785419181392345678e-01 4.319202287117722694e-01 2.509655477734904494e-01 8.651785143549822754e-02 -3.883951489035575994e-02 -7.476089033710658915e-02 3.053782684322662450e-04 8.305910890171228078e-02
-6.493899536196037769e-02 -5.974844537638864667e-02 7.101828785632367802e-02 2.509655477734904494e-01 3.732726342804075226e-01 2.769768259013790646e-01 1.110708598817552739e-01 -4.559268314179966419e-02 -7.559497461079819902e-02 -9.744998663534447381e-03
-2.805213099897175578e-03 -9.450618225609266898e-02 -6.858684376252306703e-02 8.651785143549822754e-02 2.769768259013790646e-01 4.130032868590457484e-01 2.469957687478903929e-01 7.481463466034027343e-02 -6.184435164508357563e-02 -8.456868780255374918e-02
6.778606298198511237e-02 -1.473484949200990456e-02 -7.497401174751054664e-02 -3.883951489035575994e-02 1.110708598817552739e-01 2.469957687478903929e-01 3.149832775946791452e-01 2.625134455007623879e-01 8.902365132226999767e-02 -6.030225621900962146e-02
6.683407835215007808e-02 7.931773856962791303e-02 -2.243388656626027228e-03 -7.476089033710658915e-02 -4.559268314179966419e-02 7.481463466034027343e-02 2.625134455007623879e-01 5.032121231999375777e-01 2.826268795797396427e-01 6.600065372024388477e-02
-8.092365737181647645e-02 5.458944524198628551e-02 7.120595490005994510e-02 3.053782684322662450e-04 -7.559497461079819902e-02 -6.184435164508357563e-02 8.902365132226999767e-02 2.826268795797396427e-01 3.554905547753752781e-01 2.400455697871318184e-01
-2.845000837361485457e-01 -9.324603643443746259e-02 6.060156518037752155e-02 8.305910890171228078e-02 -9.744998663534447381e-03 -8.456868780255374918e-02 -6.030225621900962146e-02 6.600065372024388477e-02 2.400455697871318184e-01 4.212107947680730491e-01
4.499944878672895721e-01 2.898296322898873956e-01 8.928192349019090091e-02 -5.219533640586988821e-02 -7.164306211510193534e-02 -1.260166166359820081e-03 6.679780669955980021e-02 5.242073238467082064e-02 -7.411152090259315317e-02 -2.519952261175349983e-01
2.898296322898873956e-01 4.036495644777344793e-01 2.360215216534501947e-01 8.643660312729425921e-02 -4.473146528093955437e-02 -8.085775095112200661e-02 -1.918520863529446854e-02 7.230255448119102257e-02 6.104508424223108881e-02 -8.930101879891466643e-02
8.928192349019090091e-02 2.360215216534501947e-01 3.120608856058147418e-01 2.634218798900856973e-01 1.009375626958838174e-01 -6.045576687422470064e-02 -8.685164050088622911e-02 1.238656704815946363e-04 8.166867420593434956e-02 5.507755945536287751e-02
-5.219533640586988821e-02 8.643660312729425921e-02 2.634218798900856973e-01 4.601183760959446367e-01 2.784625430908870825e-01 7.051292554970367554e-02 -6.051714166087663466e-02 -6.819102579762112426e-02 1.675612961519750213e-02 8.324859959335922932e-02
-7.164306211510193534e-02 -4.473146528093955437e-02 1.009375626958838174e-01 2.784625430908870825e-01 3.822156776696024605e-01 2.491687703149724209e-01 9.621948575772125423e-02 -4.678930589657526173e-02 -7.202690501946784618e-02 -1.473144865078208519e-05
-1.260166166359820081e-03 -8.085775095112200661e-02 -6.045576687422470064e-02 7.051292554970367554e-02 2.491687703149724209e-01 3.872148854419076858e-01 2.733566767589126756e-01 8.262636779456200564e-02 -7.692493585065612871e-02 -9.031230257050081034e-02
6.679780669955980021e-02 -1.918520863529446854e-02 -8.685164050088622911e-02 -6.051714166087663466e-02 9.621948575772125423e-02 2.733566767589126756e-01 4.048139470921657268e-01 2.561872697057865911e-01 5.773090949214738227e-02 -6.874423657112721520e-02
5.242073238467082064e-02 7.230255448119102257e-02 1.238656704815946363e-04 -6.819102579762112426e-02 -4.678930589657526173e-02 8.262636779456200564e-02 2.561872697057865911e-01 4.337705186949393221e-01 2.799218010060572914e-01 9.294125552366931664e-02
-7.411152090259315317e-02 6.104508424223108881e-02 8.166867420593434956e-02 1.675612961519750213e-02 -7.202690501946784618e-02 -7.692493585065612871e-02 5.773090949214738227e-02 2.799218010060572914e-01 4.303642028242164463e-01 2.546346155747729600e-01
-2.519952261175349983e-01 -8.930101879891466643e-02 5.507755945536287751e-02 8.324859959335922932e-02 -1.473144865078208519e-05 -9.031230257050081034e-02 -6.874423657112721520e-02 9.294125552366931664e-02 2.546346155747729600e-01 3.357974542303833188e-01
4.113866401704298070e-01 2.605198115220043187e-01 8.659471189988320050e-02 -5.316062924993109062e-02 -8.126611765667164644e-02 -2.570139830913389933e-02 6.295877719465997613e-02 6.926587244454440739e-02 -7.166770884898432392e-02 -2.715949247936036981e-01
2.605198115220043187e-01 4.015330066657214481e-01 2.680538398788964161e-01 9.276513303632447083e-02 -4.913935134301865293e-02 -8.828117781542524356e-02 -2.881264378279991406e-02 7.008942758305258813e-02 7.352317737634408989e-02 -6.585495509645641898e-02
8.659471189988320050e-02 2.680538398788964161e-01 3.921182061860248869e-01 2.610906345415077157e-01 9.934733659183525578e-02 -3.356465147688737077e-02 -7.721781293899568355e-02 -1.526598985478940136e-02 7.615545674280824184e-02 6.698831877784341970e-02
-5.316062924993109062e-02 9.276513303632447083e-02 2.610906345415077157e-01 3.804890376164280497e-01 2.621673583463069446e-01 1.166698934944763177e-01 -2.945159940126478026e-02 -8.029041815973504692e-02 -1.305621980994742595e-02 7.351463206504414705e-02
-8.126611765667164644e-02 -4.913935134301865293e-02 9.934733659183525578e-02 2.621673583463069446e-01 3.566332969844511203e-01 2.563871669751254245e-01 1.011545378923082994e-01 -5.352581215772762857e-02 -8.261040656774906732e-02 -9.683649234802356280e-05
-2.570139830913389933e-02 -8.828117781542524356e-02 -3.356465147688737077e-02 1.166698934944763177e-01 2.563871669751254245e-01 3.501272812194249351e-01 2.560880740063554151e-01 8.001973012555163578e-02 -6.813188502062642038e-02 -7.463982047592174207e-02
6.295877719465997613e-02 -2.881264378279991406e-02 -7.721781293899568355e-02 -2.945159940126478026e-02 1.011545378923082994e-01 2.560880740063554151e-01 4.174982592988609742e-01 2.765013147126132442e-01 6.951388219593973572e-02 -7.125989779592228901e-02
6.926587244454440739e-02 7.008942758305258813e-02 -1.526598985478940136e-02 -8.029041815973504692e-02 -5.352581215772762857e-02 8.001973012555163578e-02 2.765013147126132442e-01 4.455305788236187947e-01 2.588042452781860181e-01 6.323185421798507844e-02
-7.166770884898432392e-02 7.352317737634408989e-02 7.615545674280824184e-02 -1.305621980994742595e-02 -8.261040656774906732e-02 -6.813188502062642038e-02 6.951388219593973572e-02 2.588042452781860181e-01 3.914846924567867981e-01 2.657174811035787343e-01
-2.715949247936036981e-01 -6.585495509645641898e-02 6.698831877784341970e-02 7.351463206504414705e-02 -9.683649234802356280e-05 -7.463982047592174207e-02 -7.125989779592228901e-02 6.323185421798507844e-02 2.657174811035787343e-01 4.531990005782495778e-01
4.361868718870329786e-01 2.668455224985743501e-01 5.874909989951691835e-02 -7.271246877509346396e-02 -6.673032428911462866e-02 1.466724851696607664e-02 7.689025594273313224e-02 4.564911277863135247e-02 -9.470553032587139541e-02 -2.700919105876374848e-01
2.668455224985743501e-01 4.142032146806451376e-01 2.614282591999877448e-01 6.803765645748589830e-02 -6.909086915562726028e-02 -7.912560789469233469e-02 2.148357431302259576e-03 7.815405920258905459e-02 5.595615653281894863e-02 -8.287913330195177675e-02
5.874909989951691835e-02 2.614282591999877448e-01 4.391639163336216178e-01 2.718828522990565655e-01 7.251194103548633252e-02 -6.354438787292956969e-02 -7.635915085234573629e-02 1.308122767393321735e-03 7.685926187942027088e-02 6.992521634832399302e-02
-7.271246877509346396e-02 6.803765645748589830e-02 2.718828522990565655e-01 4.196578156699836692e-01 2.598615035250880778e-01 9.276341261197919297e-02 -4.554643677901996923e-02 -7.652477145125335944e-02 -1.105872749818301130e-02 7.247530162080974281e-02
-6.673032428911462866e-02 -6.909086915562726028e-02 7.251194103548633252e-02 2.598615035250880778e-01 3.795065111575877670e-01 2.665026417712167417e-01 1.023657368151644625e-01 -5.063586156092610147e-02 -8.538469220667810333e-02 -2.353932818700992663e-02
1.466724851696607664e-02 -7.912560789469233469e-02 -6.354438787292956969e-02 9.276341261197919297e-02 2.665026417712167417e-01 3.813570819978869819e-01 2.587755183449117480e-01 8.457165739991612252e-02 -5.512561279379611656e-02 -8.575587986814739438e-02
7.689025594273313224e-02 2.148357431302259576e-03 -7.635915085234573629e-02 -4.554643677901996923e-02 1.023657368151644625e-01 2.587755183449117480e-01 3.832917781068554408e-01 2.671131510073897486e-01 9.477165985344179755e-02 -4.655143934785753446e-02
4.564911277863135247e-02 7.815405920258905459e-02 1.308122767393321735e-03 -7.652477145125335944e-02 -5.063586156092610147e-02 8.457165739991612252e-02 2.671131510073897486e-01 4.255143739659044688e-01 2.670902824323239111e-01 9.869652468175608984e-02
-9.470553032587139541e-02 5.595615653281894863e-02 7.685926187942027088e-02 -1.105872749818301130e-02 -8.538469220667810333e-02 -5.512561279379611656e-02 9.477165985344179755e-02 2.670902824323239111e-01 3.535523448586446738e-01 2.501579999875082061e-01
-2.700919105876374848e-01 -8.287913330195177675e-02 6.992521634832399302e-02 7.247530162080974281e-02 -2.353932818700992663e-02 -8.575587986814739438e-02 -4.655143934785753446e-02 9.869652468175608984e-02 2.501579999875082061e-01 3.675660913418341003e-01
4.680996487486269175e-01 2.741127412775002381e-01 6.548476332288016843e-02 -6.393553089824879909e-02 -6.677749699579291209e-02 3.901680077215319460e-03 7.008587052083192770e-02 7.135106170094680789e-02 -5.393867897914522008e-02 -2.671292400863172212e-01
2.741127412775002381e-01 4.078785391609067723e-01 2.521135715794248777e-01 9.455880365649962926e-02 -4.821463943098969890e-02 -8.475929712723798137e-02 -2.287052484842996142e-02 6.747895789753319273e-02 7.264879469261657785e-02 -6.769164899660480572e-02
6.548476332288016843e-02 2.521135715794248777e-01 3.706691999241917834e-01 2.734086157220659286e-01 9.409406769231591638e-02 -5.655279981964216746e-02 -8.448778994971917200e-02 -2.736591689972234231e-02 6.510531225705540326e-02 7.369726522185504614e-02
-6.393553089824879909e-02 9.455880365649962926e-02 2.734086157220659286e-01 4.167320148132719337e-01 2.572194703038771513e-01 8.481584396091829126e-02 -4.196114456534018322e-02 -8.142976112302219294e-02 -1.421708653044118781e-02 8.003086654688029711e-02
-6.677749699579291209e-02 -4.821463943098969890e-02 9.409406769231591638e-02 2.572194703038771513e-01 3.694100320725495212e-01 2.680883921713761442e-01 1.129431145632295297e-01 -3.024721836537903538e-02 -7.461250633297475399e-02 -1.448647363261235284e-02
3.901680077215319460e-03 -8.475929712723798137e-02 -5.655279981964216746e-02 8.481584396091829126e-02 2.680883921713761442e-01 4.110701315778523823e-01 2.579232659768324054e-01 1.008270296739524619e-01 -4.750888661544826197e-02 -8.624714468705177439e-02
7.008587052083192770e-02 -2.287052484842996142e-02 -8.448778994971917200e-02 -4.196114456534018322e-02 1.129431145632295297e-01 2.579232659768324054e-01 3.099416742920819701e-01 2.448007719239655988e-01 9.126605655364458669e-02 -5.810110419353362032e-02
7.135106170094680789e-02 6.747895789753319273e-02 -2.736591689972234231e-02 -8.142976112302219294e-02 -3.024721836537903538e-02 1.008270296739524619e-01 2.448007719239655988e-01 4.109562336185496045e-01 2.816721613215028563e-01 7.695165916224090685e-02
-5.393867897914522008e-02 7.264879469261657785e-02 6.510531225705540326e-02 -1.421708653044118781e-02 -7.461250633297475399e-02 -4.750888661544826197e-02 9.126605655364458669e-02 2.816721613215028563e-01 4.347383225896518932e-01 2.547567622911703911e-01
-2.671292400863172212e-01 -6.769164899660480572e-02 7.369726522185504614e-02 8.003086654688029711e-02 -1.448647363261235284e-02 -8.624714468705177439e-02 -5.810110419353362032e-02 7.695165916224090685e-02 2.547567622911703911e-01 4.005042032023150012e-01
4.096807827830889481e-01 2.554235192696606704e-01 7.650545390391887135e-02 -5.913696926413469779e-02 -7.118056020333829448e-02 -6.482071333381141109e-03 6.803042205430950840e-02 6.111976452360349393e-02 -8.327297285185833453e-02 -2.801898105667366412e-01
2.554235192696606704e-01 3.999907607314336921e-01 2.658507809680431544e-01 8.299343913398458950e-02 -6.467180803234209852e-02 -9.262668881329044757e-02 -1.021494295655060378e-02 8.255061657765176697e-02 6.698860980853012237e-02 -7.145451060592888926e-02
7.650545390391887135e-02 2.658507809680431544e-01 4.119003725936264404e-01 2.704830984973827235e-01 8.027153430349738550e-02 -5.563863214662870260e-02 -7.124660933519764983e-02 -2.251818953176869080e-03 7.354239379532995224e-02 6.696723873965348961e-02
-5.913696926413469779e-02 8.299343913398458950e-02 2.704830984973827235e-01 4.211445594470842324e-01 2.595706865860875068e-01 1.028363087262827297e-01 -3.876129661968215345e-02 -8.270116395318470592e-02 -1.473808820243724393e-02 7.276731863729896110e-02
-7.118056020333829448e-02 -6.467180803234209852e-02 8.027153430349738550e-02 2.595706865860875068e-01 3.530666610535069250e-01 2.631234345734809188e-01 9.920202577045929282e-02 -5.318295767469195801e-02 -8.080194651405733786e-02 -1.442655138220334116e-02
-6.482071333381141109e-03 -9.262668881329044757e-02 -5.563863214662870260e-02 1.028363087262827297e-01 2.631234345734809188e-01 3.905648386116661319e-01 2.567927635283481225e-01 8.212440071006923969e-02 -5.715783855599095020e-02 -8.344623077391918886e-02
6.803042205430950840e-02 -1.021494295655060378e-02 -7.124660933519764983e-02 -3.876129661968215345e-02 9.920202577045929282e-02 2.567927635283481225e-01 3.816123900798013557e-01 2.739783363438550445e-01 9.280987843544462323e-02 -5.434180340204015913e-02
6.111976452360349393e-02 8.255061657765176697e-02 -2.251818953176869080e-03 -8.270116395318470592e-02 -5.318295767469195801e-02 8.212440071006923969e-02 2.739783363438550445e-01 4.453296304031304498e-01 2.597488122314226544e-01 7.985129382699401868e-02
-8.327297285185833453e-02 6.698860980853012237e-02 7.354239379532995224e-02 -1.473808820243724393e-02 -8.080194651405733786e-02 -5.715783855599095020e-02 9.280987843544462323e-02 2.597488122314226544e-01 3.363825538933233328e-01 2.551664834926059000e-01
-2.801898105667366412e-01 -7.145451060592888926e-02 6.696723873965348961e-02 7.276731863729896110e-02 -1.442655138220334116e-02 -8.344623077391918886e-02 -5.434180340204015913e-02 7.985129382699401868e-02 2.551664834926059000e-01 4.503274504033339953e-01
4.074405460977366666e-01 2.495845729052735273e-01 6.957101371477229790e-02 -6.273797554337592897e-02 -7.981696222445533451e-02 3.813676229745852769e-03 8.653005212176456684e-02 6.174045952512097896e-02 -8.653344313426092338e-02 -2.759065276455164861e-01
2.495845729052735273e-01 3.951291430027265017e-01 2.799443490488517927e-01 9.217085460461922619e-02 -5.774326538247873120e-02 -7.283918290284706332e-02 8.524128897711771846e-03 7.631328365175767126e-02 5.867670740028115700e-02 -7.595110716627469227e-02
6.957101371477229790e-02 2.799443490488517927e-01 4.532569194037381899e-01 2.603985385143018361e-01 8.035808970777869042e-02 -5.370852422113479852e-02 -7.642137662770667750e-02 -6.374399605193410354e-03 7.389973000428347316e-02 6.827272180385281219e-02
-6.273797554337592897e-02 9.217085460461922619e-02 2.603985385143018361e-01 3.339764185358551352e-01 2.514708016120353884e-01 9.356104966042322335e-02 -5.832695548317344547e-02 -8.316457514800004724e-02 -1.261893810772171318e-02 7.564089358101278027e-02
-7.981696222445533451e-02 -5.774326538247873120e-02 8.035808970777869042e-02 2.514708016120353884e-01 4.223075600046896083e-01 2.789589471027829615e-01 7.536951407520189883e-02 -6.559093911875196747e-02 -8.425594825582095881e-02 -1.521482062973343770e-03
3.813676229745852769e-03 -7.283918290284706332e-02 -5.370852422113479852e-02 9.356104966042322335e-02 2.789589471027829615e-01 4.171061810313289597e-01 2.562134189080965685e-01 8.477309369966556929e-02 -4.473672538020427580e-02 -7.029232832458470748e-02
8.653005212176456684e-02 8.524128897711771846e-03 -7.642137662770667750e-02 -5.832695548317344547e-02 7.536951407520189883e-02 2.562134189080965685e-01 3.927269373700378319e-01 2.674895820261000701e-01 1.094338290943311781e-01 -4.796871859589654785e-02
6.174045952512097896e-02 7.631328365175767126e-02 -6.374399605193410354e-03 -8.316457514800004724e-02 -6.559093911875196747e-02 8.477309369966556929e-02 2.674895820261000701e-01 3.746953004355566552e-01 2.599890247185507874e-01 8.379410824965244364e-02
-8.653344313426092338e-02 5.867670740028115700e-02 7.389973000428347316e-02 -1.261893810772171318e-02 -8.425594825582095881e-02 -4.473672538020427580e-02 1.094338290943311781e-01 2.599890247185507874e-01 3.759975507796305960e-01 2.619212913189681857e-01
-2.759065276455164861e-01 -7.595110716627469227e-02 6.827272180385281219e-02 7.564089358101278027e-02 -1.521482062973343770e-03 -7.029232832458470748e-02 -4.796871859589654785e-02 8.379410824965244364e-02 2.619212913189681857e-01 4.273634433386975795e-01
4.120914278426485167e-01 2.698959181803924356e-01 7.949233553224949178e-02 -5.986244078456308404e-02 -7.668590179658313355e-02 4.340438433786614550e-03 8.111562404135444493e-02 5.701696878500926019e-02 -8.833203341419898491e-02 -2.619903809725976362e-01
2.698959181803924356e-01 4.185411489169457155e-01 2.650556433022604463e-01 9.153638530107334470e-02 -4.983725173616219972e-02 -7.631467072577884092e-02 -4.646968789880114026e-03 7.327959887736268385e-02 5.614132166598866103e-02 -8.424881764604322254e-02
7.949233553224949178e-02 2.650556433022604463e-01 3.857984832352895910e-01 2.604580617634477679e-01 9.270862337438175171e-02 -5.754112337945501560e-02 -8.448799046538768565e-02 -5.882719935430557462e-03 7.974850110114858892e-02 6.428177755674971405e-02
-5.986244078456308404e-02 9.153638530107334470e-02 2.604580617634477679e-01 3.768118219021265869e-01 2.640305843884455661e-01 8.451341871731955779e-02 -6.183693740711901365e-02 -7.841661254619361476e-02 6.457788112031890605e-03 8.426455773109051139e-02
-7.668590179658313355e-02 -4.983725173616219972e-02 9.270862337438175171e-02 2.640305843884455661e-01 4.151194988715717349e-01 2.703806084085749184e-01 8.460695309889548765e-02 -5.794747882296175101e-02 -7.467266127969450495e-02 4.047968570384185075e-03
4.340438433786614550e-03 -7.631467072577884092e-02 -5.754112337945501560e-02 8.451341871731955779e-02 2.703806084085749184e-01 4.072214801064328316e-01 2.613154949389525084e-01 8.367132808181060311e-02 -6.023227033570757033e-02 -8.082462831139165804e-02
8.111562404135444493e-02 -4.646968789880114026e-03 -8.448799046538768565e-02 -6.183693740711901365e-02 8.460695309889548765e-02 2.613154949389525084e-01 3.847795629596686973e-01 2.631047743668691319e-01 8.329925094208695535e-02 -6.285876454131321400e-02
