9.735128057100697618e-02 2.921320781373353270e-01 7.820548402778898511e-02 2.516551148380120895e-02 3.904808852900989308e-02 5.793822927603355794e-02 1.128940527727012588e-01 2.660859543102995356e-02 3.020915393057130305e-02 1.474610842851799830e-01 5.352451154422419727e-02 3.946193001131758499e-02
1.968367595231691192e-01 8.923439641552716184e-02 5.182081132036760185e-02 9.249424127593799949e-02 3.924653796145360918e-02 8.046320011164424801e-02 1.314496134865238974e-01 9.568840914898224526e-02 7.476712095875137631e-02 2.475264920417819675e-02 3.132408974226287557e-02 9.192217085120148179e-02
1.165250986363147029e-01 1.138678642580413930e-01 1.690821549802536961e-01 1.092430917629347437e-01 1.251636095223106204e-01 7.118637985508928512e-02 4.771018578431469870e-02 6.614801151367266652e-02 5.947035761569187395e-02 4.348414264642715826e-02 3.137537550082877130e-02 4.674372792412073013e-02
2.288011945616272649e-02 4.314634605499743925e-02 1.412831057761438913e-01 2.378725250108838507e-01 1.158165063371505432e-01 2.103040689889778062e-02 6.807619755365529324e-02 1.385099076424372577e-01 8.797769176613035036e-02 6.567162339294674300e-02 3.517517466476964560e-02 2.256039544582442991e-02
1.482146811634162953e-01 1.054578426275586261e-01 5.526548886137075400e-02 1.161378471150964764e-01 9.056897005833747238e-02 9.136273463076380330e-02 4.606578692593815694e-02 3.001525154631243947e-02 4.235155135545196070e-02 3.539154841065735024e-02 9.657196414446914123e-02 1.425963331606276141e-01
9.861310724795535609e-02 7.400364732878639273e-02 1.161700228402822721e-01 2.888706852319242180e-01 1.093758631183498475e-01 3.164805296112706279e-02 1.282404291354307356e-02 9.124698241512154556e-03 7.013550856025261432e-03 3.378031006559911037e-02 1.105244728145649280e-01 1.080515463803303350e-01
9.211050462965625352e-02 5.140573879756889231e-02 4.512927227169359623e-02 6.178237050349893317e-02 8.988767294513333450e-02 3.957759998206143714e-02 4.242336855711928423e-02 8.789697922159932231e-02 1.162188662875718870e-01 7.499827703688410896e-02 1.123703568213779702e-01 1.861989929458352233e-01
6.497694422591781052e-03 1.757599941807361579e-02 4.506291389354043914e-02 3.750134683596113572e-01 7.638669512618220803e-02 1.392536893318429003e-01 1.936688601236369045e-01 7.243369093541417170e-02 1.905537606845759610e-02 3.695405571889748275e-02 1.236852152316494056e-02 5.729035078586909926e-03
1.082816680303071155e-01 1.440066424610730589e-01 1.127141545053385735e-01 4.600014083508520424e-02 8.405167700811506937e-02 7.072603957692187582e-02 4.208109898426193318e-02 2.126011005539012177e-02 1.377828197680456938e-02 2.836589256165437598e-02 1.196068418252822230e-01 2.091274521797661379e-01
5.874403932025928227e-02 1.925262003967810887e-01 1.723563528947066603e-01 1.270390418992163595e-01 1.823861438074561581e-01 1.304492220486511145e-01 4.750634443055255091e-02 2.247547114529501594e-02 1.683094965485772837e-02 2.000563461893407197e-02 1.078636580603233378e-02 1.889423397725756640e-02
2.502295113257129722e-01 9.912154958092789236e-02 2.825855473111103106e-02 1.878482647224396368e-02 8.927206848597176933e-03 1.095298584351112915e-02 1.311537336263630081e-02 7.064524648718625843e-02 1.490061463812362708e-01 1.159264056458337300e-01 1.149472739838546531e-01 1.200849193371488349e-01
7.215348947091486387e-02 7.741714322736922838e-02 3.062455157372752368e-02 3.643858981976844102e-02 5.772529939352823158e-02 1.301778986131340854e-01 6.561862978218396814e-02 1.726630720889341664e-01 9.464355965004928040e-02 8.188450956527221214e-02 1.355508099659011312e-01 4.510244684921691644e-02
1.541481200820076503e-01 1.429705957329239774e-01 7.027315494403013618e-02 4.211112099998678970e-02 7.092619189740867469e-02 1.605334233357073037e-01 1.149338726352635842e-01 7.399603091275937239e-02 2.866417488990250645e-02 2.022887175578916980e-02 4.336017756173865534e-02 7.785426525248223539e-02
4.730023109286300709e-02 3.513599592855417425e-02 2.438609209321916660e-02 1.948655774773987853e-02 4.324552881526841364e-02 7.959058732159096650e-02 1.488159480565688642e-01 1.292152390018717067e-01 7.632168813294737397e-02 6.951529608598687460e-02 2.002155075862985245e-01 1.267713281370907996e-01
7.009333141466261852e-02 4.204187668235164627e-02 5.696720337164099673e-02 8.220305647883247024e-02 5.267846728163036452e-02 5.646463280556433123e-02 6.520274934297101699e-02 1.059441614577166513e-01 7.964033487469207584e-02 9.368916047466693819e-02 1.292538028391253813e-01 1.658212229761454326e-01
1.504619394392563425e-01 1.750870041849975356e-01 4.210848953636044112e-02 3.337892346132169397e-02 2.523189229582856880e-02 1.133189772000440937e-01 6.884614132040332846e-02 4.488759638808310914e-02 1.236097124139827613e-01 1.214466200597181106e-01 4.954615698251593758e-02 5.207654671748802866e-02
8.863221378133356865e-02 8.190270947208060093e-02 3.968001423530760630e-02 1.302967532113932965e-02 2.444774760442183781e-02 8.081772561772411489e-02 1.649387021817060872e-01 1.084821622275298492e-01 3.167118062249216215e-02 4.278022399797141995e-02 1.730968839502312617e-01 1.505207609880621633e-01
3.220901420434573587e-02 5.047249080639047703e-02 2.136829100460758690e-01 1.014578641623751915e-01 3.311317336768678649e-02 4.543297649927364318e-02 1.799737915665615973e-01 1.494622939787582372e-01 7.084226634009849199e-02 5.959619060768567983e-02 3.163239364351132926e-02 3.212463477723681571e-02
7.349235477738702560e-02 1.997931673175029066e-01 1.021163952578536677e-01 4.511904462900952206e-02 1.104520706744824277e-01 8.795014309010319720e-02 1.329889433026233692e-01 9.000983652210603481e-02 2.511264931467230635e-02 1.539162782002818745e-02 2.659494249360281476e-02 9.097882480062827182e-02
2.153345783994228130e-02 1.410914352843047753e-02 1.541828455966769845e-02 5.059828402467302783e-02 2.668811627475383697e-01 1.233746629284649399e-01 5.512933263428816677e-02 5.563942402907880169e-02 1.233456142630928593e-01 1.461778597339694896e-01 8.690386436937530545e-02 4.088890934147865197e-02
3.234163957866165173e-02 8.309929039319464972e-02 8.708457819735460070e-02 1.069490066908750370e-01 4.328540293170848874e-02 7.551749584739338161e-02 4.896866858400129863e-02 4.409423065517488471e-02 1.561890572940406174e-01 1.855944585964602878e-01 7.389318270664524402e-02 6.298298852449028817e-02
1.097789657315318551e-02 4.829737036894589386e-02 9.743715152343963848e-02 1.122148666600081557e-01 9.106753939636702544e-02 1.622866195424857438e-01 6.293314381398180946e-02 6.726295122793918280e-02 1.812440512636125656e-01 1.059101107655919943e-01 4.858485033300378314e-02 1.178344853147127690e-02
1.148235760191792243e-01 7.791663445729969661e-02 6.635003981829212805e-02 4.085121720555832947e-02 7.745863751874883241e-02 2.144331092439135944e-01 7.525738210171983855e-02 2.883612894484911121e-02 2.144511372274342242e-02 2.229251605316931797e-02 5.967213193315940023e-02 2.006635129813672536e-01
5.576409122903642351e-02 3.534593978107514189e-02 4.399012908077733208e-02 7.909876681517423458e-02 1.210182323413807326e-01 1.479059933977137642e-01 1.684832851721512759e-01 7.049628590571872799e-02 6.466851283766261727e-02 9.199507022613746809e-02 5.063210658332384373e-02 7.060158662984858391e-02
1.497291379064906169e-01 1.613637953658768887e-01 1.085896142861091512e-01 3.849346207685012261e-02 2.316030019550155764e-02 8.343297661789246186e-03 5.414812696649658717e-03 6.121841610761918732e-03 2.870906221734125310e-02 1.056635302940490823e-01 2.670393358490613100e-01 9.737180983951912450e-02
3.349815263905670665e-02 9.047356047897958664e-02 1.202461254067038326e-01 1.053784097631389194e-01 9.615076561601265670e-02 8.084026951548194118e-02 1.544476126296406571e-01 1.447125751058273568e-01 1.150826552931517310e-01 3.562687097626259652e-02 1.183912275632104279e-02 1.170387981942292398e-02
6.742639152365265121e-02 4.016665775662679738e-02 3.464833407047439306e-02 6.911985799104233830e-02 1.201740060297414175e-01 8.013677842555420872e-02 8.359097615900745737e-02 9.866553894996919760e-02 6.077039152189938481e-02 8.958882986717883745e-02 1.568350841050141775e-01 9.887715359983895169e-02
6.539320849161486815e-02 2.200703377208200473e-02 1.973255082811545269e-02 3.615645703061549920e-02 5.532922772147291779e-02 9.232641507798694525e-02 1.090164939593279148e-01 1.279851447280352106e-01 5.395530551190413915e-02 7.315632177725639451e-02 7.410921904770212398e-02 2.708326220538866402e-01
1.109334689621490205e-01 9.115519900263927000e-02 5.396760978975655154e-02 4.681080630198684867e-02 6.494607458907444841e-02 3.963335753820750734e-02 3.675029729734032719e-02 6.073290247120653740e-02 7.885377646349037151e-02 2.074715897810333887e-01 1.353916929434461069e-01 7.335322485966958017e-02
5.993812850712589707e-02 3.551070009065010469e-02 4.945339375880683508e-02 5.845681369074529066e-02 1.272891157391629335e-01 1.698922440578905513e-01 1.055085069295507716e-01 2.975566127341035261e-02 3.977661010081003090e-02 5.691125121424483319e-02 1.565326076733715155e-01 1.109749669642311476e-01
1.797918979143072957e-02 4.106520759676219462e-02 9.983516297249339644e-02 2.630776893706743280e-01 3.620174078320692601e-02 4.658741156141517348e-02 1.386663459849820090e-01 1.129614765482560984e-01 1.096844700245630105e-01 5.600128102607652980e-02 5.426107756369272228e-02 2.367894677644700324e-02
6.723629830026386922e-02 1.001879182175851313e-01 7.114578723485763534e-02 9.146618400099487678e-02 1.248596765582355161e-01 1.019502540982018535e-01 9.274757905544270264e-02 9.586471381910867395e-02 8.747940878327824243e-02 7.663262553068203586e-02 3.951459931436579476e-02 5.091495508698369588e-02
2.453145621763819575e-02 2.527858690109659537e-02 5.741458573846033864e-02 7.490343063180518457e-02 1.359272958816041266e-01 1.368911109663620840e-01 5.352601602268687586e-02 5.694881305813259686e-02 1.136913096686003044e-01 1.782017009063313062e-01 9.561193367478312832e-02 4.707376033249943692e-02
6.433155646328839183e-02 5.366810493008750127e-02 6.906168692417803678e-02 1.321923229309951431e-01 4.095788777680053200e-02 5.821339931269627760e-02 1.579556988316615229e-01 4.366515532821420298e-02 4.109950354447459986e-02 1.059294025019184154e-01 1.466326945304549934e-01 8.629258692523072982e-02
1.127909589326611117e-01 5.618302455853675659e-02 6.018244797446344746e-02 2.129663159683404805e-01 1.009023809208845768e-01 2.229843818557383089e-02 9.192200298282103207e-03 2.007888445057712593e-02 4.762915376200302364e-02 5.907433780016833197e-02 1.387042001445629724e-01 1.599976570039464974e-01
2.281742050181917100e-02 3.347455497453753065e-02 5.705574084994569084e-02 1.408237169978573400e-01 1.259987217825371264e-01 1.209256251555819173e-01 1.257214062530946919e-01 7.380166794780534945e-02 8.411385662621170822e-02 1.165243336781786321e-01 5.174327071363500619e-02 4.699968451879596443e-02
1.838817174170504221e-01 9.789854106691915636e-02 3.668811525708447208e-02 1.958541315759489490e-02 1.902688726606677899e-02 2.359558551276689370e-02 6.987020533830320956e-02 2.250828100788901387e-01 1.419547632481704680e-01 1.506085805334001632e-02 2.117778490285655846e-02 1.461773187009572650e-01
4.582247262309502300e-02 2.329318569200423128e-01 1.976647116564507756e-01 1.888203390472700527e-01 1.542268493298854237e-01 4.907408966395071515e-02 9.497084698052913471e-03 6.665132356112016439e-04 1.798474575001295095e-02 4.025196170759988423e-02 3.745585903777556847e-02 2.560351633025304691e-02
2.113914289150386344e-02 1.052325617943797031e-01 2.059258610132387868e-01 6.566287177515493789e-02 6.332928578564857303e-02 4.163968517758368654e-02 6.949275787102379698e-02 1.783255084772533416e-01 9.715539130557451775e-02 5.748279560871120270e-02 6.901782383410344501e-02 2.559631446582444000e-02
6.032800573526957144e-02 4.249291987819441702e-02 2.891182771288640721e-02 6.087584685624870817e-02 1.561830541608716372e-01 1.580560612112390517e-01 6.355700142622440485e-02 7.525612069051131059e-02 9.175381492104167647e-02 1.114097274420093875e-01 7.306140759574744625e-02 7.811421236975610305e-02
1.727180334804083173e-01 1.030851260358538746e-01 5.022325029574202515e-02 2.731699669232508232e-02 1.132333091179497236e-01 8.426120574658993445e-02 1.463066690190669705e-01 9.770006741401635053e-02 4.645800006060543663e-02 3.743275881018152951e-02 3.487970047694036180e-02 8.638488285032047687e-02
5.125439469705914824e-02 7.405356464757140156e-02 3.078178138250822204e-01 9.987172430389371081e-02 1.753371347026449686e-02 3.587581774418167023e-03 2.547921734427378588e-03 5.813414011382543600e-03 1.964314950290987211e-02 4.099771849848146688e-02 2.788060352568870748e-01 9.807296827762257418e-02
1.411194524268143402e-01 6.035035249488887588e-02 3.717631200949461645e-02 7.906620358390697989e-02 1.398969327299915411e-01 1.438224714892783196e-01 1.109853813570736425e-01 1.284854955538695109e-01 2.751139302460522962e-02 2.388867292391407687e-02 2.347874284866768857e-02 8.421858955749522702e-02
4.633855177465871777e-02 6.356314524587941550e-02 8.407684775556939494e-02 9.496061936036896689e-02 3.895699248944395343e-02 5.271963769369807096e-02 4.333985782855426933e-02 4.362032857357481253e-02 7.481107006953496841e-02 1.432858888264766373e-01 2.276530987764878722e-01 8.667396160575302488e-02
1.922603868550449568e-01 1.131901428299955936e-01 4.876442778245019399e-02 3.767120489371911241e-02 6.220361109275739792e-02 7.434266730443964133e-02 5.142466424485334087e-02 4.572422731007692864e-02 4.733684942038279136e-02 1.149946100120062542e-01 7.760165026187512693e-02 1.344855579923987798e-01
5.401100441045409567e-02 1.573509010720119949e-01 2.044698909290377509e-01 6.851945031104400563e-02 3.946973728781794782e-02 6.437998111543923041e-02 1.418623788229611549e-01 8.081975723821567537e-02 4.042923110373850687e-02 4.624272744998338819e-02 5.404916062714702762e-02 4.839577963214932582e-02
1.788490946378609031e-02 9.268130094517684769e-03 2.171377835205685544e-02 9.731323042554565483e-02 2.082466333438958428e-01 7.674870654972926198e-02 1.221371087592524607e-01 1.074620340135023222e-01 1.353762222754304190e-01 5.557720737412188972e-02 9.082408303033587260e-02 5.744795631782571854e-02
2.692488293199657087e-02 5.138769298908570787e-02 1.980829502795947161e-01 2.002288234132237887e-01 4.521841940254424375e-02 1.471777214252641131e-02 2.413837068507699093e-02 5.793895517716533133e-02 1.314813138220995437e-01 6.772361605862442513e-02 1.385141519424875067e-01 4.364305115557492315e-02
1.512212449691575644e-01 1.260107577637238907e-01 1.184896271528431966e-01 1.461270766094455720e-01 7.975968993705145893e-02 2.821499404046601267e-02 1.812920343939825388e-02 1.984758354095196575e-02 2.671586619874984775e-02 2.787977494526498734e-02 4.282336835536841579e-02 2.147808130475789001e-01
2.143574731105868034e-02 3.048199001859370344e-02 5.977943894050311707e-02 2.838419335646003017e-01 9.530034316994152876e-02 8.190312134729203775e-02 1.712803400956076638e-01 9.146365442574949656e-02 6.378858981796384220e-02 3.635689039727620780e-02 2.674065787863311172e-02 3.762729303278036785e-02
1.289027436389354742e-01 3.952205542822381790e-02 8.749038207138352258e-03 1.684801480590939621e-02 5.268723881622804084e-02 4.057632120984248913e-02 9.507439404271419980e-02 1.348242513566398904e-01 1.016115146259713997e-01 6.089738744719706831e-02 7.851026736724350807e-02 2.417967730539562210e-01
4.851032826235281148e-02 4.207401294875047493e-02 7.186960593861735358e-02 5.883870645083736500e-02 1.041043454607232799e-01 1.546593180761208219e-01 7.145168245533728424e-02 1.346559632408907692e-01 1.289505787163615635e-01 7.606849505460211436e-02 5.840012550512933137e-02 5.041683789027708029e-02
1.470466257878689370e-02 3.915738305028163002e-02 1.032174465308702965e-01 9.509409777850821865e-02 9.875196923156748241e-02 1.058760623686588881e-01 7.448701335531085488e-02 4.525850091115288243e-02 4.531846684796943941e-02 1.963653090179648120e-01 1.475452067531049516e-01 3.422388157582391399e-02
2.005300746692355307e-02 6.284372606037315692e-03 4.007631115712663623e-03 6.606948763496349117e-03 2.022687753536147465e-02 7.008623494622456818e-02 1.204228144713216653e-01 1.963430656630889004e-01 1.587207706326571044e-01 1.325157242003126568e-01 1.567706038734318907e-01 1.079619487254322718e-01
1.706787750713411878e-01 6.016222280748560747e-02 5.607286449843792986e-02 1.719594140467615301e-02 1.809955599536772902e-02 1.241017701246479796e-02 5.335980710614305483e-02 2.874423542694521938e-01 1.231691244725466039e-01 7.689359358304632963e-02 4.019541708251513079e-02 8.432016669652339647e-02
6.649663455565672787e-02 4.990594429843490942e-02 6.556398107324840074e-02 6.568590058224160755e-02 1.199557086039765574e-01 8.553177607968098783e-02 3.870335349722965612e-02 9.050383167119854799e-02 1.700333768383458510e-01 6.163957310153108521e-02 6.142014762422487451e-02 1.245597720742308290e-01
6.580730444072052654e-02 1.173674239957429727e-01 2.472687438619565747e-01 1.136546782602063516e-01 2.590500630961894979e-01 1.021339688949153279e-01 3.843760906978391234e-02 1.160129842579901358e-02 5.932495235347910734e-03 4.389716676980603624e-03 1.003755348592114821e-02 2.431914455643664763e-02
2.270080476006289955e-02 1.179029990854893462e-02 9.128740409825506635e-03 2.120385754832005906e-02 5.686059414439627313e-02 1.193710610007857609e-01 2.158728892382343334e-01 8.125616463408977252e-02 6.492247032671086271e-02 2.636374594437825292e-01 8.226336424680266712e-02 5.099229433844049142e-02
2.345370727907548913e-02 6.689315650868976268e-03 1.107395024192102916e-03 3.079601764326643596e-03 2.095919269216380693e-02 8.351647295018146955e-02 3.269208146571819240e-01 8.332917079291302098e-02 6.251372071907600192e-02 2.625920549897388101e-01 8.968524717309202254e-02 3.615330630718961713e-02
8.010321832150782417e-02 1.819910688541832577e-01 3.707479528057644469e-02 2.426438172559909623e-02 2.085642934400543796e-02 2.559122573794178276e-02 2.329494976213102725e-02 2.282039122389694849e-02 7.849873349788008547e-02 1.986698662280261540e-01 1.324643841892658713e-01 1.743705558349864237e-01
4.132610755715013240e-02 5.556412942011495354e-02 1.628762717847023755e-01 1.167221534571867558e-01 4.192756567751668162e-02 2.111619359401947782e-02 4.088293831771468156e-02 1.637877328311694025e-01 1.913053780822451255e-01 6.481571797845749050e-02 3.351821148200631595e-02 6.615759981771679454e-02
1.574261313794609873e-01 1.743665546537790101e-01 1.180271113937076122e-01 1.045453609434763287e-01 5.426620815377262291e-02 3.060720972899252587e-02 2.065742550594398472e-02 3.327124471126548244e-02 5.032485755225264701e-02 5.519571436831306743e-02 9.418901104951166170e-02 1.071231705595240835e-01
2.773779758122278324e-02 6.469541677870535579e-02 2.964752454187523020e-02 4.449642603738071522e-02 1.473242352415633782e-01 8.304878852601452199e-02 8.981730220643294182e-02 1.023924984002705096e-01 1.347473406893850978e-01 2.035351305148760948e-01 5.284285825381329627e-02 1.971468122846024851e-02
5.573114076661214028e-02 6.830620732482101110e-02 6.970322153635939710e-02 4.001021348629150293e-02 3.409282593398520883e-02 6.309881491491683980e-02 5.438063201094685967e-02 9.299882759169660063e-02 7.630767888139761146e-02 1.291984707369099317e-01 2.130845871810127801e-01 1.030873796350500471e-01
7.668132163483662445e-02 4.943795672489018078e-02 2.840156807921451892e-02 4.232402249051001736e-02 7.764390164985109088e-02 1.695950409945803927e-01 8.892432107740749769e-02 1.263015699844237116e-01 4.057124966031259994e-02 2.660186693378331635e-02 7.622820561013227136e-02 1.972889751600577224e-01
1.493596308779925746e-02 1.767048717659949059e-02 1.087816658676625525e-02 2.334060864598272445e-02 5.888729846821053049e-02 9.682303661179157694e-02 1.170352885445734292e-01 9.157419459081475588e-02 9.223845059705455818e-02 1.766565086119108452e-01 2.591507910286077743e-01 4.080920604988865635e-02
1.080169083681266004e-02 2.242846996079033220e-02 6.810753156148541265e-02 3.030867717949232709e-01 1.441436120837735757e-01 8.763366016035958883e-02 1.623415625205540946e-01 1.098508713313254559e-01 3.133174605922933731e-02 2.281008919109901723e-02 2.238956160851853644e-02 1.507443289112869386e-02
7.868311860699028770e-02 8.858278212386860861e-02 1.256239943922761448e-01 1.470793896647334398e-01 7.785968351056254955e-02 2.080878901696420896e-02 1.029793659895205868e-02 4.463732469714122401e-03 7.354972786096571936e-03 4.739043274686687013e-02 2.618758848455664534e-01 1.299792832374085938e-01
3.892053777406525444e-02 4.421138512909855017e-02 1.108442144045559824e-01 4.131036439481475253e-02 9.576263512306909531e-02 5.297074674497936897e-02 6.531459917273577109e-02 7.429901760057108784e-02 1.189879525698736701e-01 1.657386139255431212e-01 1.350692399249650566e-01 5.657069323572824771e-02
1.398778273101058955e-01 1.024815587159039199e-01 8.870044242524890987e-02 2.775255514561080980e-02 2.108272612766916992e-02 1.364572560700853809e-02 6.735335902765732241e-02 2.631472472439538857e-01 1.080178883297273629e-01 4.692473246986583052e-02 3.979123453333645311e-02 8.122470306391194050e-02
1.108367360731691426e-02 2.409976319199823996e-02 4.142126936744830457e-02 1.013655268440436519e-01 1.406769128944292402e-01 1.309079941590818308e-01 1.246958112708679012e-01 1.213010590738480277e-01 1.156509670484160701e-01 1.326395199160532723e-01 4.290710952327962679e-02 1.325039310321710420e-02
3.331493506649559067e-02 9.810976924376302311e-02 2.351528150311048004e-01 7.151507819491803586e-02 2.619956775740444818e-02 1.544095149408509192e-02 2.688866247187348540e-02 3.547742772336350686e-02 5.454709238927859388e-02 1.627513561694483579e-01 1.592092434926831168e-01 8.139310096558199925e-02
5.523334745940491203e-02 5.217605235377183875e-02 5.292009155466372017e-02 1.068592872515914949e-01 1.314130987776819803e-01 9.199008867196817318e-02 8.148069006899369415e-02 9.104412292912417159e-02 8.354478248011060204e-02 1.399655758261990623e-01 6.970452478403602048e-02 4.366833784245431616e-02
1.140687506894799558e-01 7.133827235039146009e-02 2.469281286931965941e-02 1.765026069675858884e-03 3.114302262651059972e-02 1.254219665150552443e-01 7.306174679943748529e-02 1.128332857849898702e-01 9.509588160242936350e-02 1.294055181640526853e-01 1.345996794904061322e-01 8.657403703825192198e-02
1.638237005481831265e-01 1.260208861149586523e-01 6.464092809320230726e-02 2.762159295676281864e-02 2.475997223069673417e-02 2.529087593204720069e-02 1.750766302556899801e-02 3.443377903234359771e-02 6.638151910472499251e-02 1.545386426552792236e-01 1.841025269983264656e-01 1.108779133079057233e-01
5.455509999834609082e-03 2.387501618762848110e-02 1.287970401067513870e-01 2.402129160325433554e-01 9.183950815767293052e-02 1.015986763408317506e-01 1.999419764775164088e-01 1.216793874278423865e-01 5.833302091352508129e-02 1.748170608468883891e-02 7.376337073932965824e-03 3.408905197231791931e-03
6.301654816467591735e-02 6.558121041791446781e-02 1.663642544244925414e-01 1.226782764241029638e-01 3.994306446934695748e-02 2.950619545926040643e-02 8.843402812556823422e-02 1.492590263358707647e-01 6.154623977498256682e-02 8.236101039030463422e-02 7.401640782026117082e-02 5.729373819321950667e-02
2.350022490006157400e-02 5.518922635192215903e-02 6.652284073545305931e-02 1.230823058580501200e-01 1.888898239951729563e-01 8.957778545086414468e-02 9.314965390487442431e-02 1.247422346785754393e-01 1.232441682868281319e-01 4.136520840738492494e-02 4.049505151409646397e-02 3.024147591671657448e-02
7.834981261465706615e-02 6.437018835992194821e-02 6.412772084597270772e-02 2.419061793112669764e-02 1.650932968998966577e-02 3.566910762483629233e-02 7.334238398847747753e-02 2.733963918594954912e-01 6.910170177208002640e-02 6.967348652818858290e-02 1.100497209839123858e-01 1.212195378013418146e-01
1.205037621122944935e-01 7.632716026392320774e-02 4.974797155242830643e-02 6.819185286510831556e-02 6.092537696270480807e-02 8.516817313514965515e-02 1.399684139877458711e-01 7.625121898080597371e-02 3.900661800123442213e-02 5.130949945118211397e-02 1.449153885308179512e-01 8.768456415660481895e-02
1.044479215105867248e-01 1.335502632526208711e-01 1.164675744611146230e-01 6.645926551362871249e-02 1.478313054154992423e-01 1.434266614874038503e-01 4.849179879583936925e-02 7.298343468681253721e-02 4.856796968006554110e-02 3.228151814644170114e-02 4.076370724853294741e-02 4.472857980145417134e-02
9.609306480282758800e-02 4.376730338537870857e-02 4.211727769087401929e-02 5.832577939949557672e-02 1.074413462399500252e-01 1.324086016501723750e-01 8.819274993943733432e-02 6.256260618580902766e-02 4.381738274851272597e-02 5.433241898064572473e-02 1.207886639939630968e-01 1.501528049829336797e-01
1.011324452383501604e-01 1.022516677876017799e-01 1.163083759231555991e-01 6.968331116854863116e-02 2.961287171615541516e-02 1.343572455785739875e-02 1.139322321628150059e-02 1.552152720603025560e-02 5.719443550976308077e-02 2.451811259220014749e-01 1.507215032981966407e-01 8.756378845605825023e-02
2.116150955538955228e-02 9.060903850337385934e-02 2.002278299833317732e-01 1.101935255194611968e-01 5.469772887602276229e-02 4.347808353716679092e-02 3.560132737066877551e-02 6.914742727596817629e-02 9.869952392413555708e-02 1.612652102335445092e-01 9.130404180846740658e-02 2.361475341246992848e-02
6.684449247642493264e-02 1.442855713792259853e-01 2.015686403673286609e-01 6.081512599458809010e-02 5.754051751627035222e-02 4.144367006059095082e-02 5.010244779622256839e-02 3.089189814447527646e-02 4.867054666311216443e-02 1.064586233116861791e-01 9.756677974552460664e-02 9.381168654455049327e-02
9.267351745192277390e-02 9.140457713161878606e-02 6.410559559395601070e-02 4.033460282383753009e-02 1.928638385320453202e-02 6.636500573990349039e-02 1.264770639340382086e-01 2.260821763942321427e-01 9.671688528706509635e-02 4.732844210005507368e-02 6.927731181601654020e-02 5.994843787414947528e-02
6.220136117733873760e-02 4.198403519516367977e-02 3.247728307657184871e-02 2.348878902367749696e-02 1.597255856272055893e-02 2.559180227116437251e-02 3.380974239586425484e-02 6.534265380402411172e-02 1.132425945057502631e-01 1.988994875207074631e-01 2.131469192773070009e-01 1.738427731897105033e-01
3.716141847042067625e-02 3.292929813484155033e-02 3.355446569900233378e-02 4.928497751115257924e-02 1.344991351839933125e-01 2.044423190602046858e-01 5.736822674416715284e-02 1.848784169919124448e-02 4.514097702257442724e-02 1.078838336318858754e-01 9.984206875811242610e-02 1.794054380844538610e-01
1.073358844120995276e-01 1.495174868121653955e-01 8.915164709390863140e-02 3.636761130842396800e-02 4.708986672183379518e-02 4.647384312357463743e-02 3.508363859931196149e-02 3.325272045640047247e-02 8.910752993790840848e-02 7.691887872042324492e-02 1.150196679483347639e-01 1.746812248656149924e-01
1.057687879319156032e-01 1.770506132294620560e-01 1.627135193379272982e-01 9.261296104607931456e-02 3.473943223101666478e-02 4.254018529160356193e-02 2.537873048113906821e-02 2.599266321485385264e-02 5.149345154032822919e-02 9.472636362094201401e-02 1.167315872093759588e-01 7.025170486535667336e-02
3.628656546416759304e-02 9.718181241905272938e-02 1.993969364935186950e-01 8.395026621659015809e-02 4.589789417348777434e-02 5.421704163785820429e-02 7.106021376397742007e-02 7.166704719388214406e-02 1.063967364273531863e-01 1.256289451262692369e-01 6.875349652696012559e-02 3.956304455688310073e-02
3.952540303860484910e-02 4.847167551035824057e-02 1.459687725781115275e-01 1.811767086642284141e-01 7.231670505602884325e-02 1.675013279853004508e-02 3.566483343754685287e-02 3.116416530606151702e-02 7.393289917995561622e-02 2.279965566753361372e-01 7.825377782333478582e-02 4.877836993190338977e-02
9.959251153751452756e-02 1.522305947054547470e-01 6.282820375861958295e-02 3.928913666185222808e-02 1.689425145104274384e-02 8.603204752799586269e-03 1.733941037389978568e-02 3.165896855879061361e-02 5.312871615801310898e-02 2.499812325284160031e-01 1.017732583794958845e-01 1.666805111341014278e-01
2.523627811375497160e-02 1.335538145190283410e-01 2.355817885414080992e-01 6.476129876070305103e-02 6.404554559517153245e-02 5.358286089666346869e-02 8.434198634438971887e-02 1.109141442802651367e-01 6.900073147940981311e-02 5.985373251710662812e-02 7.336505247124497364e-02 2.576276648085423088e-02
1.192597618020546646e-01 9.783308918872625493e-02 1.083593485036357662e-01 5.839360776173441181e-02 3.876719511883590374e-02 3.149091870264663501e-02 3.947094688831541409e-02 5.941304957884763205e-02 9.365349904706256334e-02 5.199329752527675347e-02 1.128511816077337748e-01 1.885141042751300733e-01
2.321257145779553333e-01 1.247939655410150450e-01 4.717830425785039805e-02 8.174252900595309346e-02 2.199273674844782755e-01 1.195933034447440174e-01 3.168223519925315174e-02 1.620034665845110008e-02 2.309795787302642428e-02 2.387997120995022371e-02 1.969901179631261892e-02 6.007929295101072792e-02
1.106657756651204388e-01 3.115978640914689457e-01 1.049133418221920577e-01 3.672015406501415169e-02 4.661160084210667909e-02 3.571562354940488460e-02 4.805063374242449920e-02 5.972419810758563402e-02 6.919483676474104394e-02 5.785947955411262222e-02 5.207347777216904394e-02 6.687301402366012393e-02
8.752983512652195985e-02 1.273550323434395615e-01 6.336420353370071645e-02 1.003210008403929154e-01 7.053580941962199480e-02 1.916692797698742873e-02 3.506826171387183999e-02 1.750662485650873457e-01 1.679205546670409777e-01 9.652984602326822317e-02 3.540118479435021281e-02 2.174109499571690030e-02
2.071274576150420460e-02 3.537254007622958607e-02 5.665423082862517529e-02 7.852781217598597818e-02 8.402702532896072496e-02 1.501436049245276072e-01 5.562847134370368929e-02 4.329388482079702533e-02 1.111285470630193339e-01 2.701125007485050689e-01 7.395891412918285945e-02 2.043972279895910071e-02
1.824249284463714399e-02 7.218494161446345654e-03 4.942754222715310328e-03 2.359548409865172211e-02 7.703606756670240696e-02 8.089244968396969160e-02 1.793623745649885470e-01 1.392006911505750122e-01 1.784103960761255769e-01 1.416661540975156508e-01 1.076330254154398702e-01 4.179961611723294335e-02
