9.735128057100697618e-02 1.636356318928892384e-01 8.202349161188580984e-02 2.652843459929055125e-02 -3.105532910939166804e-03 -1.731044194734154135e-02 -2.946388994790289859e-02 -1.350275529699302909e-02 1.809036623635913721e-02 3.792698401220203491e-02 3.000081539552255580e-02 4.886270820219600769e-02
1.636356318928892384e-01 2.921320781373353270e-01 1.495198370984932024e-01 5.835742806558195245e-02 1.403278137832834546e-02 -6.655722313456144054e-03 -1.899382544777140219e-02 -8.597140882178713403e-03 1.470164786563118477e-02 2.847648737164969190e-02 2.985613527885645421e-02 6.989917834239403605e-02
8.202349161188580984e-02 1.495198370984932024e-01 7.820548402778898511e-02 3.421516609388851327e-02 1.426553510784653138e-02 5.160678538656028776e-03 2.089635519102050684e-03 1.210886243042207230e-03 1.842723287789755238e-03 1.529147671698669357e-03 7.621102168976322776e-03 3.095644654654356939e-02
2.652843459929055125e-02 5.835742806558195245e-02 3.421516609388851327e-02 2.516551148380120895e-02 2.510755099771191587e-02 2.563753170559503886e-02 3.333137642677250212e-02 1.576212618517734004e-02 -1.532447373123239226e-02 -3.591761554275108709e-02 -1.856353178672640047e-02 -1.811892457211309671e-03
-3.105532910939166804e-03 1.403278137832834546e-02 1.426553510784653138e-02 2.510755099771191587e-02 3.904808852900989308e-02 4.650758488875675334e-02 6.377176851948482272e-02 3.014835997220320293e-02 -3.098066648313045623e-02 -7.092927050440722692e-02 -4.120435902156197733e-02 -2.418092898959663811e-02
-1.731044194734154135e-02 -6.655722313456144054e-03 5.160678538656028776e-03 2.563753170559503886e-02 4.650758488875675334e-02 5.793822927603355794e-02 8.059645288784481054e-02 3.830017384949106068e-02 -3.921800145065945653e-02 -8.966910278865064532e-02 -5.316761187650219378e-02 -3.550689779725232920e-02
-2.946388994790289859e-02 -1.899382544777140219e-02 2.089635519102050684e-03 3.333137642677250212e-02 6.377176851948482272e-02 8.059645288784481054e-02 1.128940527727012588e-01 5.396359631594072059e-02 -5.451353830812048773e-02 -1.249422451827706254e-01 -7.450061144699120230e-02 -5.142450270564005721e-02
-1.350275529699302909e-02 -8.597140882178713403e-03 1.210886243042207230e-03 1.576212618517734004e-02 3.014835997220320293e-02 3.830017384949106068e-02 5.396359631594072059e-02 2.660859543102995356e-02 -2.456838436072456694e-02 -5.753374774510718048e-02 -3.427254667290372675e-02 -2.359079164826305072e-02
1.809036623635913721e-02 1.470164786563118477e-02 1.842723287789755238e-03 -1.532447373123239226e-02 -3.098066648313045623e-02 -3.921800145065945653e-02 -5.451353830812048773e-02 -2.456838436072456694e-02 3.020915393057130305e-02 6.624628968754678326e-02 3.971837230042576938e-02 2.827242927380113971e-02
3.792698401220203491e-02 2.847648737164969190e-02 1.529147671698669357e-03 -3.591761554275108709e-02 -7.092927050440722692e-02 -8.966910278865064532e-02 -1.249422451827706254e-01 -5.753374774510718048e-02 6.624628968754678326e-02 1.474610842851799830e-01 8.814834984151451169e-02 6.191652499714427049e-02
3.000081539552255580e-02 2.985613527885645421e-02 7.621102168976322776e-03 -1.856353178672640047e-02 -4.120435902156197733e-02 -5.316761187650219378e-02 -7.450061144699120230e-02 -3.427254667290372675e-02 3.971837230042576938e-02 8.814834984151451169e-02 5.352451154422419727e-02 4.008984420976652308e-02
4.886270820219600769e-02 6.989917834239403605e-02 3.095644654654356939e-02 -1.811892457211309671e-03 -2.418092898959663811e-02 -3.550689779725232920e-02 -5.142450270564005721e-02 -2.359079164826305072e-02 2.827242927380113971e-02 6.191652499714427049e-02 4.008984420976652308e-02 3.946193001131758499e-02
1.968367595231691192e-01 1.307656288563970315e-01 9.055618513777721756e-02 1.009631397891963822e-01 5.526617181404631929e-02 6.143180503242633844e-02 7.158274270111422699e-02 6.403310524407117288e-02 6.502429722583472071e-02 5.054784999178540961e-02 7.390479705266769783e-02 1.334777123326825743e-01
1.307656288563970315e-01 8.923439641552716184e-02 6.433461337588172735e-02 7.449836832073059023e-02 4.157330827621680963e-02 4.712653327895469785e-02 5.495396021347744714e-02 4.834773912296204401e-02 4.777335741445298822e-02 3.556346924112898517e-02 4.988297757023187062e-02 8.870785612058916525e-02
9.055618513777721756e-02 6.433461337588172735e-02 5.182081132036760185e-02 6.604626131587434945e-02 3.910510882807182592e-02 4.727226487198109284e-02 5.598768369932854982e-02 4.797898122348144556e-02 4.484297376525932938e-02 2.993792026484319233e-02 3.703511366236580948e-02 6.222706099923351608e-02
1.009631397891963822e-01 7.449836832073059023e-02 6.604626131587434945e-02 9.249424127593799949e-02 5.785345073419106282e-02 7.391571934935703414e-02 8.892813410622123216e-02 7.514752292548632084e-02 6.771054655088423746e-02 4.144756871001629983e-02 4.519123742865718829e-02 7.079637941961441916e-02
5.526617181404631929e-02 4.157330827621680963e-02 3.910510882807182592e-02 5.785345073419106282e-02 3.924653796145360918e-02 5.410106416363456849e-02 6.686878780917386578e-02 5.644359621453220316e-02 4.985760735148961342e-02 2.861812154469336317e-02 2.775431382054097812e-02 4.005818350756718688e-02
6.143180503242633844e-02 4.712653327895469785e-02 4.727226487198109284e-02 7.391571934935703414e-02 5.410106416363456849e-02 8.046320011164424801e-02 1.020119571167140693e-01 8.623669243404931406e-02 7.516547425609163002e-02 4.099739496767404456e-02 3.556863605755090918e-02 4.662198691356062713e-02
7.158274270111422699e-02 5.495396021347744714e-02 5.598768369932854982e-02 8.892813410622123216e-02 6.686878780917386578e-02 1.020119571167140693e-01 1.314496134865238974e-01 1.116101445730226099e-01 9.717056717758376649e-02 5.229477240931620918e-02 4.384096647205458497e-02 5.546840352960474146e-02
6.403310524407117288e-02 4.834773912296204401e-02 4.797898122348144556e-02 7.514752292548632084e-02 5.644359621453220316e-02 8.623669243404931406e-02 1.116101445730226099e-01 9.568840914898224526e-02 8.391825496174337706e-02 4.550700532760321854e-02 3.869745534798011560e-02 4.952796793290813182e-02
6.502429722583472071e-02 4.777335741445298822e-02 4.484297376525932938e-02 6.771054655088423746e-02 4.985760735148961342e-02 7.516547425609163002e-02 9.717056717758376649e-02 8.391825496174337706e-02 7.476712095875137631e-02 4.152283766882987337e-02 3.706725500293450715e-02 4.948761996780842720e-02
5.054784999178540961e-02 3.556346924112898517e-02 2.993792026484319233e-02 4.144756871001629983e-02 2.861812154469336317e-02 4.099739496767404456e-02 5.229477240931620918e-02 4.550700532760321854e-02 4.152283766882987337e-02 2.475264920417819675e-02 2.513928911479150485e-02 3.702457981922659819e-02
7.390479705266769783e-02 4.988297757023187062e-02 3.703511366236580948e-02 4.519123742865718829e-02 2.775431382054097812e-02 3.556863605755090918e-02 4.384096647205458497e-02 3.869745534798011560e-02 3.706725500293450715e-02 2.513928911479150485e-02 3.132408974226287557e-02 5.195861249645630092e-02
1.334777123326825743e-01 8.870785612058916525e-02 6.222706099923351608e-02 7.079637941961441916e-02 4.005818350756718688e-02 4.662198691356062713e-02 5.546840352960474146e-02 4.952796793290813182e-02 4.948761996780842720e-02 3.702457981922659819e-02 5.195861249645630092e-02 9.192217085120148179e-02
1.165250986363147029e-01 1.110518744832376531e-01 1.215801901578854316e-01 8.973955082346984913e-02 8.820457291718651616e-02 6.772212419153197938e-02 5.757692014542976910e-02 6.956814850241564707e-02 6.805241491819240263e-02 6.108392013201256743e-02 5.587907255705933801e-02 7.245846831258062615e-02
1.110518744832376531e-01 1.138678642580413930e-01 1.315252302780640925e-01 9.572377994785197242e-02 8.977100935400786352e-02 6.580264571755650715e-02 5.373712367098733983e-02 6.341463379428055602e-02 6.159619107821328460e-02 5.534322999453072933e-02 5.113757381776821986e-02 6.749163056143681061e-02
1.215801901578854316e-01 1.315252302780640925e-01 1.690821549802536961e-01 1.268888707904645419e-01 1.178759943763517670e-01 8.294458191024081661e-02 6.443037617539072726e-02 7.326954761438937702e-02 6.979405455929499347e-02 6.179160345217391687e-02 5.629993895217006578e-02 7.361766521008872299e-02
8.973955082346984913e-02 9.572377994785197242e-02 1.268888707904645419e-01 1.092430917629347437e-01 1.104398121389961185e-01 7.857526678265792930e-02 6.016995236017261273e-02 6.702308361844784568e-02 6.243179132803679254e-02 5.354952260555295024e-02 4.628351170706077045e-02 5.681926538881783284e-02
8.820457291718651616e-02 8.977100935400786352e-02 1.178759943763517670e-01 1.104398121389961185e-01 1.251636095223106204e-01 9.211218610937479956e-02 7.143899417533693119e-02 7.964690904457785714e-02 7.347718466005986881e-02 6.170924259580420207e-02 5.107944968871307168e-02 5.896449023825948987e-02
6.772212419153197938e-02 6.580264571755650715e-02 8.294458191024081661e-02 7.857526678265792930e-02 9.211218610937479956e-02 7.118637985508928512e-02 5.706108149057424750e-02 6.483850287007171531e-02 6.011980342136154232e-02 5.037751861828813904e-02 4.120126632591317173e-02 4.650055825076335192e-02
5.757692014542976910e-02 5.373712367098733983e-02 6.443037617539072726e-02 6.016995236017261273e-02 7.143899417533693119e-02 5.706108149057424750e-02 4.771018578431469870e-02 5.559049773797432314e-02 5.204163443483005025e-02 4.377415458065200132e-02 3.576125827816091507e-02 4.007447792322001850e-02
6.956814850241564707e-02 6.341463379428055602e-02 7.326954761438937702e-02 6.702308361844784568e-02 7.964690904457785714e-02 6.483850287007171531e-02 5.559049773797432314e-02 6.614801151367266652e-02 6.246907970789175590e-02 5.281504500899199261e-02 4.330302595776600733e-02 4.859313665552895956e-02
6.805241491819240263e-02 6.159619107821328460e-02 6.979405455929499347e-02 6.243179132803679254e-02 7.347718466005986881e-02 6.011980342136154232e-02 5.204163443483005025e-02 6.246907970789175590e-02 5.947035761569187395e-02 5.059519510299066714e-02 4.179616128276216619e-02 4.729901379059958666e-02
6.108392013201256743e-02 5.534322999453072933e-02 6.179160345217391687e-02 5.354952260555295024e-02 6.170924259580420207e-02 5.037751861828813904e-02 4.377415458065200132e-02 5.281504500899199261e-02 5.059519510299066714e-02 4.348414264642715826e-02 3.642196799829192089e-02 4.192215134671574417e-02
5.587907255705933801e-02 5.113757381776821986e-02 5.629993895217006578e-02 4.628351170706077045e-02 5.107944968871307168e-02 4.120126632591317173e-02 3.576125827816091507e-02 4.330302595776600733e-02 4.179616128276216619e-02 3.642196799829192089e-02 3.137537550082877130e-02 3.736660218170975711e-02
7.245846831258062615e-02 6.749163056143681061e-02 7.361766521008872299e-02 5.681926538881783284e-02 5.896449023825948987e-02 4.650055825076335192e-02 4.007447792322001850e-02 4.859313665552895956e-02 4.729901379059958666e-02 4.192215134671574417e-02 3.736660218170975711e-02 4.674372792412073013e-02
2.288011945616272649e-02 2.931573354906293061e-02 4.520287613166984464e-02 5.195906559650141643e-02 4.051608458020783399e-02 2.082407128340008767e-02 3.644494539980509124e-02 5.081551086053040511e-02 4.054231736788877632e-02 3.527378749742106356e-02 2.628619698785262040e-02 2.192309961576875341e-02
2.931573354906293061e-02 4.314634605499743925e-02 7.437263918657394113e-02 8.931462535278197890e-02 6.363836635350414439e-02 2.743015455403442077e-02 4.045233301052531677e-02 5.439786306244198677e-02 4.332473041472689052e-02 3.792658340370226588e-02 2.881985454104537756e-02 2.534897044403620903e-02
4.520287613166984464e-02 7.437263918657394113e-02 1.412831057761438913e-01 1.762969988329570747e-01 1.189396325207795757e-01 4.452687303217355702e-02 5.417601049766463533e-02 6.917438246886949138e-02 5.487507575304259588e-02 4.838593224140284865e-02 3.767575779738689679e-02 3.526593176270274854e-02
5.195906559650141643e-02 8.931462535278197890e-02 1.762969988329570747e-01 2.378725250108838507e-01 1.592862587719346690e-01 5.566885510317214070e-02 5.994871747932106754e-02 7.334989771392932956e-02 5.779635827877218496e-02 5.104069695530334683e-02 4.019955791946275975e-02 3.875887604753153193e-02
4.051608458020783399e-02 6.363836635350414439e-02 1.189396325207795757e-01 1.592862587719346690e-01 1.158165063371505432e-01 4.404531647461314148e-02 5.467872003332988062e-02 6.988824581548022663e-02 5.512790087573436054e-02 4.820999227483645233e-02 3.693077285006438060e-02 3.333954033780607562e-02
2.082407128340008767e-02 2.743015455403442077e-02 4.452687303217355702e-02 5.566885510317214070e-02 4.404531647461314148e-02 2.103040689889778062e-02 3.409302181288480921e-02 4.655929571401048322e-02 3.692458493731122504e-02 3.202074542231116150e-02 2.381243724427466874e-02 1.984260167507842509e-02
3.644494539980509124e-02 4.045233301052531677e-02 5.417601049766463533e-02 5.994871747932106754e-02 5.467872003332988062e-02 3.409302181288480921e-02 6.807619755365529324e-02 9.664598872877466773e-02 7.689251985031245185e-02 6.639488371020549340e-02 4.858589562582216886e-02 3.860139147066828785e-02
5.081551086053040511e-02 5.439786306244198677e-02 6.917438246886949138e-02 7.334989771392932956e-02 6.988824581548022663e-02 4.655929571401048322e-02 9.664598872877466773e-02 1.385099076424372577e-01 1.103303260486293846e-01 9.523759852833527106e-02 6.953396446749345039e-02 5.483350362406094747e-02
4.054231736788877632e-02 4.332473041472689052e-02 5.487507575304259588e-02 5.779635827877218496e-02 5.512790087573436054e-02 3.692458493731122504e-02 7.689251985031245185e-02 1.103303260486293846e-01 8.797769176613035036e-02 7.598096921678268445e-02 5.549033988548100760e-02 4.376507402684154391e-02
3.527378749742106356e-02 3.792658340370226588e-02 4.838593224140284865e-02 5.104069695530334683e-02 4.820999227483645233e-02 3.202074542231116150e-02 6.639488371020549340e-02 9.523759852833527106e-02 7.598096921678268445e-02 6.567162339294674300e-02 4.800559828000075524e-02 3.793448900655124745e-02
2.628619698785262040e-02 2.881985454104537756e-02 3.767575779738689679e-02 4.019955791946275975e-02 3.693077285006438060e-02 2.381243724427466874e-02 4.858589562582216886e-02 6.953396446749345039e-02 5.549033988548100760e-02 4.800559828000075524e-02 3.517517466476964560e-02 2.794776729642532015e-02
2.192309961576875341e-02 2.534897044403620903e-02 3.526593176270274854e-02 3.875887604753153193e-02 3.333954033780607562e-02 1.984260167507842509e-02 3.860139147066828785e-02 5.483350362406094747e-02 4.376507402684154391e-02 3.793448900655124745e-02 2.794776729642532015e-02 2.256039544582442991e-02
1.482146811634162953e-01 1.192067578287185903e-01 7.283344384804656124e-02 8.290739692638252056e-02 6.841935993993999987e-02 6.843619149100929611e-02 5.144537126784822639e-02 4.639438788708515754e-02 6.162220697069421133e-02 6.348117244997301956e-02 1.110890479202569919e-01 1.408762377275508682e-01
1.192067578287185903e-01 1.054578426275586261e-01 7.003246282961728131e-02 8.544144780752765955e-02 7.106303564753768676e-02 7.020336937710972003e-02 5.118772229720119915e-02 4.373004121657757259e-02 5.477920323122422580e-02 5.285543670010410533e-02 8.810167687496731070e-02 1.100148905169029134e-01
7.283344384804656124e-02 7.003246282961728131e-02 5.526548886137075400e-02 7.634391097224593747e-02 6.531284030666315021e-02 6.448556299387001034e-02 4.581315294799995219e-02 3.699068367924471246e-02 4.309268531875599939e-02 3.752464104196638617e-02 5.691691282507697902e-02 6.713989736130682173e-02
8.290739692638252056e-02 8.544144780752765955e-02 7.634391097224593747e-02 1.161378471150964764e-01 1.015693193754689527e-01 1.006368277190400340e-01 7.065427796025269824e-02 5.536646763827468565e-02 6.173350244608631632e-02 4.990729495415893030e-02 6.968240053954992408e-02 7.720960299042363417e-02
6.841935993993999987e-02 7.106303564753768676e-02 6.531284030666315021e-02 1.015693193754689527e-01 9.056897005833747238e-02 9.050706129273182465e-02 6.364411493848998180e-02 4.977867318849934358e-02 5.519211713315602674e-02 4.393210546764690638e-02 6.003547512502239308e-02 6.487927040317245653e-02
6.843619149100929611e-02 7.020336937710972003e-02 6.448556299387001034e-02 1.006368277190400340e-01 9.050706129273182465e-02 9.136273463076380330e-02 6.457011707871465611e-02 5.077312841165514817e-02 5.656101196795720182e-02 4.511548907182598434e-02 6.162910433150576434e-02 6.602646986315525990e-02
5.144537126784822639e-02 5.118772229720119915e-02 4.581315294799995219e-02 7.065427796025269824e-02 6.364411493848998180e-02 6.457011707871465611e-02 4.606578692593815694e-02 3.669596679635343112e-02 4.148440685367003888e-02 3.367876163403902418e-02 4.683420662237980370e-02 5.044599331824665273e-02
4.639438788708515754e-02 4.373004121657757259e-02 3.699068367924471246e-02 5.536646763827468565e-02 4.977867318849934358e-02 5.077312841165514817e-02 3.669596679635343112e-02 3.001525154631243947e-02 3.495826183822980937e-02 2.943547369634761518e-02 4.245553935625172998e-02 4.645498329851016628e-02
6.162220697069421133e-02 5.477920323122422580e-02 4.309268531875599939e-02 6.173350244608631632e-02 5.519211713315602674e-02 5.656101196795720182e-02 4.148440685367003888e-02 3.495826183822980937e-02 4.235155135545196070e-02 3.734215341614947892e-02 5.624390158796653549e-02 6.279354314326428266e-02
6.348117244997301956e-02 5.285543670010410533e-02 3.752464104196638617e-02 4.990729495415893030e-02 4.393210546764690638e-02 4.511548907182598434e-02 3.367876163403902418e-02 2.943547369634761518e-02 3.734215341614947892e-02 3.539154841065735024e-02 5.673086916026844062e-02 6.537706478738050664e-02
1.110890479202569919e-01 8.810167687496731070e-02 5.691691282507697902e-02 6.968240053954992408e-02 6.003547512502239308e-02 6.162910433150576434e-02 4.683420662237980370e-02 4.245553935625172998e-02 5.624390158796653549e-02 5.673086916026844062e-02 9.657196414446914123e-02 1.147106073902290357e-01
1.408762377275508682e-01 1.100148905169029134e-01 6.713989736130682173e-02 7.720960299042363417e-02 6.487927040317245653e-02 6.602646986315525990e-02 5.044599331824665273e-02 4.645498329851016628e-02 6.279354314326428266e-02 6.537706478738050664e-02 1.147106073902290357e-01 1.425963331606276141e-01
9.861310724795535609e-02 8.192951750415213008e-02 7.720034219493514260e-02 8.160986136311587646e-02 6.293686243969448535e-02 4.363559606051554962e-02 3.258027602075397322e-02 2.926925127492405188e-02 2.607081063511047445e-02 5.725489609151329651e-02 1.035665236109095111e-01 1.026874791737139442e-01
8.192951750415213008e-02 7.400364732878639273e-02 8.040989217770283526e-02 9.600608911247175692e-02 6.677143864313936361e-02 4.188360865457643051e-02 2.905057979652312869e-02 2.487601267371736952e-02 2.150653268515616973e-02 4.665948024911663328e-02 8.414958343048729861e-02 8.363500063923495764e-02
7.720034219493514260e-02 8.040989217770283526e-02 1.161700228402822721e-01 1.664595567783525576e-01 1.030002323353416127e-01 5.552847412878818278e-02 3.341819491904430423e-02 2.559354194748145184e-02 2.043488109252634966e-02 4.280200486906787782e-02 7.646435866724170249e-02 7.609626161705942970e-02
8.160986136311587646e-02 9.600608911247175692e-02 1.664595567783525576e-01 2.888706852319242180e-01 1.707186306540577903e-01 8.398644079621908620e-02 4.520090407988677089e-02 3.096877435415665986e-02 2.244595724489546751e-02 4.477685261126546773e-02 7.883796445156826538e-02 7.815078575546138828e-02
6.293686243969448535e-02 6.677143864313936361e-02 1.030002323353416127e-01 1.707186306540577903e-01 1.093758631183498475e-01 5.648665579465468600e-02 3.194873253021695420e-02 2.301957460018412560e-02 1.746289564521166099e-02 3.567239081874612472e-02 6.321150931513183635e-02 6.240902094263368199e-02
4.363559606051554962e-02 4.188360865457643051e-02 5.552847412878818278e-02 8.398644079621908620e-02 5.648665579465468600e-02 3.164805296112706279e-02 1.934633643256064225e-02 1.495348041678843179e-02 1.200934490002196486e-02 2.521675802576104491e-02 4.502968802030743456e-02 4.442839486477547645e-02
3.258027602075397322e-02 2.905057979652312869e-02 3.341819491904430423e-02 4.520090407988677089e-02 3.194873253021695420e-02 1.934633643256064225e-02 1.282404291354307356e-02 1.056162301970062570e-02 8.879886132461241657e-03 1.903265907110265193e-02 3.418056815974106211e-02 3.373229766369949256e-02
2.926925127492405188e-02 2.487601267371736952e-02 2.559354194748145184e-02 3.096877435415665986e-02 2.301957460018412560e-02 1.495348041678843179e-02 1.056162301970062570e-02 9.124698241512154556e-03 7.917356479285958537e-03 1.719828250712055612e-02 3.099988221217721968e-02 3.060532268950099180e-02
2.607081063511047445e-02 2.150653268515616973e-02 2.043488109252634966e-02 2.244595724489546751e-02 1.746289564521166099e-02 1.200934490002196486e-02 8.879886132461241657e-03 7.917356479285958537e-03 7.013550856025261432e-03 1.536504580329937919e-02 2.776022212195513456e-02 2.741746377336169022e-02
5.725489609151329651e-02 4.665948024911663328e-02 4.280200486906787782e-02 4.477685261126546773e-02 3.567239081874612472e-02 2.521675802576104491e-02 1.903265907110265193e-02 1.719828250712055612e-02 1.536504580329937919e-02 3.378031006559911037e-02 6.109075464234497987e-02 6.034791778566032244e-02
1.035665236109095111e-01 8.414958343048729861e-02 7.646435866724170249e-02 7.883796445156826538e-02 6.321150931513183635e-02 4.502968802030743456e-02 3.418056815974106211e-02 3.099988221217721968e-02 2.776022212195513456e-02 6.109075464234497987e-02 1.105244728145649280e-01 1.092024843943817658e-01
1.026874791737139442e-01 8.363500063923495764e-02 7.609626161705942970e-02 7.815078575546138828e-02 6.240902094263368199e-02 4.442839486477547645e-02 3.373229766369949256e-02 3.060532268950099180e-02 2.741746377336169022e-02 6.034791778566032244e-02 1.092024843943817658e-01 1.080515463803303350e-01
9.211050462965625352e-02 6.611908936258625857e-02 5.530872412172112979e-02 5.762968546054560159e-02 6.543406906428186898e-02 4.254981727599134456e-02 4.278702346376307697e-02 6.029245142730681878e-02 7.210047090170794426e-02 6.873924312374898871e-02 9.546674063609064675e-02 1.279667570625569739e-01
6.611908936258625857e-02 5.140573879756889231e-02 4.620044593618623241e-02 5.045415155031144488e-02 5.837275957609049104e-02 3.789783894858381880e-02 3.760965280994070514e-02 5.188806297213582885e-02 5.959495306036818874e-02 5.228709135341150921e-02 6.717969445806311335e-02 8.823148532139399314e-02
5.530872412172112979e-02 4.620044593618623241e-02 4.512927227169359623e-02 5.180788747235122449e-02 6.117655045687196702e-02 3.986473505641876386e-02 3.944673263355159831e-02 5.382369740928130003e-02 5.989853809987689959e-02 4.832297875848813595e-02 5.625894102092429683e-02 7.118322029585191779e-02
5.762968546054560159e-02 5.045415155031144488e-02 5.180788747235122449e-02 6.178237050349893317e-02 7.410533628009466356e-02 4.856000884940712969e-02 4.823402735659155366e-02 6.570543113481462638e-02 7.201739933562559259e-02 5.510125100356442346e-02 5.944823189036287092e-02 7.249512066182850489e-02
6.543406906428186898e-02 5.837275957609049104e-02 6.117655045687196702e-02 7.410533628009466356e-02 8.988767294513333450e-02 5.926176870272750058e-02 5.928954213669911794e-02 8.108735270451276900e-02 8.858887119919131581e-02 6.625692940559357869e-02 6.871894000544441494e-02 8.177235894931227100e-02
4.254981727599134456e-02 3.789783894858381880e-02 3.986473505641876386e-02 4.856000884940712969e-02 5.926176870272750058e-02 3.957759998206143714e-02 4.031438781822080375e-02 5.590017388072580917e-02 6.148084366279949614e-02 4.561723269229314009e-02 4.619907477008079744e-02 5.368010641308636893e-02
4.278702346376307697e-02 3.760965280994070514e-02 3.944673263355159831e-02 4.823402735659155366e-02 5.928954213669911794e-02 4.031438781822080375e-02 4.242336855711928423e-02 6.029918117640803432e-02 6.726416421717834604e-02 4.971554437375368118e-02 4.911076163592541233e-02 5.520172238051184593e-02
6.029245142730681878e-02 5.188806297213582885e-02 5.382369740928130003e-02 6.570543113481462638e-02 8.108735270451276900e-02 5.590017388072580917e-02 6.029918117640803432e-02 8.789697922159932231e-02 9.962828962793260357e-02 7.399120516084287114e-02 7.247644168089761862e-02 7.972526669357071771e-02
7.210047090170794426e-02 5.959495306036818874e-02 5.989853809987689959e-02 7.201739933562559259e-02 8.858887119919131581e-02 6.148084366279949614e-02 6.726416421717834604e-02 9.962828962793260357e-02 1.162188662875718870e-01 8.870931491923111922e-02 8.920665356143053781e-02 9.828587656674275808e-02
6.873924312374898871e-02 5.228709135341150921e-02 4.832297875848813595e-02 5.510125100356442346e-02 6.625692940559357869e-02 4.561723269229314009e-02 4.971554437375368118e-02 7.399120516084287114e-02 8.870931491923111922e-02 7.499827703688410896e-02 8.441559696632912335e-02 9.771725506406944706e-02
9.546674063609064675e-02 6.717969445806311335e-02 5.625894102092429683e-02 5.944823189036287092e-02 6.871894000544441494e-02 4.619907477008079744e-02 4.911076163592541233e-02 7.247644168089761862e-02 8.920665356143053781e-02 8.441559696632912335e-02 1.123703568213779702e-01 1.395519605783018813e-01
1.279667570625569739e-01 8.823148532139399314e-02 7.118322029585191779e-02 7.249512066182850489e-02 8.177235894931227100e-02 5.368010641308636893e-02 5.520172238051184593e-02 7.972526669357071771e-02 9.828587656674275808e-02 9.771725506406944706e-02 1.395519605783018813e-01 1.861989929458352233e-01
6.497694422591781052e-03 1.021151299674520271e-02 1.423321744671658846e-02 3.709572548545492926e-02 2.076037265154353009e-02 2.675306095183472427e-02 3.014261791416249572e-02 1.870860563645266803e-02 9.815093491572132386e-03 1.392959271987212477e-02 8.215338269383993391e-03 5.866903584073931283e-03
1.021151299674520271e-02 1.757599941807361579e-02 2.689885052551457822e-02 7.360012801654522430e-02 3.538846999909531221e-02 3.648991596354064781e-02 3.881224519951010504e-02 2.427678816119059266e-02 1.295242295039372889e-02 1.867344374747745631e-02 1.120755999666270958e-02 8.423502243088588567e-03
1.423321744671658846e-02 2.689885052551457822e-02 4.506291389354043914e-02 1.285217056499183830e-01 5.431654016247726424e-02 4.237321064609583798e-02 4.074457933387387598e-02 2.582440840508696406e-02 1.418299509187503221e-02 2.098600423909100302e-02 1.295184990338405645e-02 1.049191553926751355e-02
3.709572548545492926e-02 7.360012801654522430e-02 1.285217056499183830e-01 3.750134683596113572e-01 1.495510938744042395e-01 9.835536210241817290e-02 8.688837313068295543e-02 5.570237984417259619e-02 3.135542759352159120e-02 4.738312284951125969e-02 2.988322000336426920e-02 2.553207544868249176e-02
2.076037265154353009e-02 3.538846999909531221e-02 5.431654016247726424e-02 1.495510938744042395e-01 7.638669512618220803e-02 7.973629593782879943e-02 8.313412963393015942e-02 5.145522072412124504e-02 2.722437189405604516e-02 3.898815378055214137e-02 2.330989156900713927e-02 1.736028215821795034e-02
2.675306095183472427e-02 3.648991596354064781e-02 4.237321064609583798e-02 9.835536210241817290e-02 7.973629593782879943e-02 1.392536893318429003e-01 1.609059050590584405e-01 9.807544339271778711e-02 5.027032780664100753e-02 6.985201169290371215e-02 4.039782254154686281e-02 2.720302404280090791e-02
3.014261791416249572e-02 3.881224519951010504e-02 4.074457933387387598e-02 8.688837313068295543e-02 8.313412963393015942e-02 1.609059050590584405e-01 1.936688601236369045e-01 1.181866310479723348e-01 6.038522949898101483e-02 8.361740230485650849e-02 4.812029363041010060e-02 3.186667673456632099e-02
1.870860563645266803e-02 2.427678816119059266e-02 2.582440840508696406e-02 5.570237984417259619e-02 5.145522072412124504e-02 9.807544339271778711e-02 1.181866310479723348e-01 7.243369093541417170e-02 3.709233665617858722e-02 5.145446295499687961e-02 2.963770896413642220e-02 1.967410874324553027e-02
9.815093491572132386e-03 1.295242295039372889e-02 1.418299509187503221e-02 3.135542759352159120e-02 2.722437189405604516e-02 5.027032780664100753e-02 6.038522949898101483e-02 3.709233665617858722e-02 1.905537606845759610e-02 2.650339324606282645e-02 1.529260127692113821e-02 1.020351355928583031e-02
1.392959271987212477e-02 1.867344374747745631e-02 2.098600423909100302e-02 4.738312284951125969e-02 3.898815378055214137e-02 6.985201169290371215e-02 8.361740230485650849e-02 5.145446295499687961e-02 2.650339324606282645e-02 3.695405571889748275e-02 2.135875434958938932e-02 1.432187661788799672e-02
8.215338269383993391e-03 1.120755999666270958e-02 1.295184990338405645e-02 2.988322000336426920e-02 2.330989156900713927e-02 4.039782254154686281e-02 4.812029363041010060e-02 2.963770896413642220e-02 1.529260127692113821e-02 2.135875434958938932e-02 1.236852152316494056e-02 8.341076349162051054e-03
5.866903584073931283e-03 8.423502243088588567e-03 1.049191553926751355e-02 2.553207544868249176e-02 1.736028215821795034e-02 2.720302404280090791e-02 3.186667673456632099e-02 1.967410874324553027e-02 1.020351355928583031e-02 1.432187661788799672e-02 8.341076349162051054e-03 5.729035078586909926e-03
1.082816680303071155e-01 1.115819373614670151e-01 8.988514991572396640e-02 5.465210838048395470e-02 7.009632283137184894e-02 6.433964545598291895e-02 5.089746048518228178e-02 3.831566341412728782e-02 3.380568071075014391e-02 5.037511707868534694e-02 1.027519705034556363e-01 1.388379341118291532e-01
1.115819373614670151e-01 1.440066424610730589e-01 1.228992432988231381e-01 7.436005991819219507e-02 9.394991703924063242e-02 8.457458105287682382e-02 6.515052186595680916e-02 4.664313634100802214e-02 3.714348078287131594e-02 4.915328289760546865e-02 9.323104251574487744e-02 1.230224263400976764e-01
8.988514991572396640e-02 1.228992432988231381e-01 1.127141545053385735e-01 7.028037876099543779e-02 9.052616807651253650e-02 8.152895690466052669e-02 6.237128148014199625e-02 4.384998824061103750e-02 3.341589187353569829e-02 4.160353807438002538e-02 7.543577712242743871e-02 9.622427278504012971e-02
5.465210838048395470e-02 7.436005991819219507e-02 7.028037876099543779e-02 4.600014083508520424e-02 6.127315654179650573e-02 5.563336726327345466e-02 4.260638890225247610e-02 2.983970890916120416e-02 2.244648600340356029e-02 2.737712109949028139e-02 4.874972412404474098e-02 6.044007388542761705e-02
7.009632283137184894e-02 9.394991703924063242e-02 9.052616807651253650e-02 6.127315654179650573e-02 8.405167700811506937e-02 7.689350224084323671e-02 5.901634371562868714e-02 4.131422277013210853e-02 3.094589565386301339e-02 3.745040793298411164e-02 6.615110975149915418e-02 8.041869906404253143e-02
6.433964545598291895e-02 8.457458105287682382e-02 8.152895690466052669e-02 5.563336726327345466e-02 7.689350224084323671e-02 7.072603957692187582e-02 5.444021198983314824e-02 3.823356604639999157e-02 2.880761742302239900e-02 3.513955816843097185e-02 6.239968491462624667e-02 7.567359586164673635e-02
5.089746048518228178e-02 6.515052186595680916e-02 6.237128148014199625e-02 4.260638890225247610e-02 5.901634371562868714e-02 5.444021198983314824e-02 4.208109898426193318e-02 2.972544367058208362e-02 2.266377186458668272e-02 2.810156274430881257e-02 5.049628226141289478e-02 6.145527529321240939e-02
3.831566341412728782e-02 4.664313634100802214e-02 4.384998824061103750e-02 2.983970890916120416e-02 4.131422277013210853e-02 3.823356604639999157e-02 2.972544367058208362e-02 2.126011005539012177e-02 1.662809252649012984e-02 2.133426888998754545e-02 3.927234147796363622e-02 4.828088437870490385e-02
3.380568071075014391e-02 3.714348078287131594e-02 3.341589187353569829e-02 2.244648600340356029e-02 3.094589565386301339e-02 2.880761742302239900e-02 2.266377186458668272e-02 1.662809252649012984e-02 1.377828197680456938e-02 1.897481654290555236e-02 3.657950945923658242e-02 4.588105212446078052e-02
5.037511707868534694e-02 4.915328289760546865e-02 4.160353807438002538e-02 2.737712109949028139e-02 3.745040793298411164e-02 3.513955816843097185e-02 2.810156274430881257e-02 2.133426888998754545e-02 1.897481654290555236e-02 2.836589256165437598e-02 5.735165072996398217e-02 7.339769120099030875e-02
1.027519705034556363e-01 9.323104251574487744e-02 7.543577712242743871e-02 4.874972412404474098e-02 6.615110975149915418e-02 6.239968491462624667e-02 5.049628226141289478e-02 3.927234147796363622e-02 3.657950945923658242e-02 5.735165072996398217e-02 1.196068418252822230e-01 1.552274204041100836e-01
1.388379341118291532e-01 1.230224263400976764e-01 9.622427278504012971e-02 6.044007388542761705e-02 8.041869906404253143e-02 7.567359586164673635e-02 6.145527529321240939e-02 4.828088437870490385e-02 4.588105212446078052e-02 7.339769120099030875e-02 1.552274204041100836e-01 2.091274521797661379e-01
5.874403932025928227e-02 1.052330820945868578e-01 9.541999304432283169e-02 6.955089172962831967e-02 6.632313217964375118e-02 5.671241694808620143e-02 3.720768952365603732e-02 2.803644503507208771e-02 2.622137388335786523e-02 3.020169066861418811e-02 2.361591625989512347e-02 3.288712783977094933e-02
1.052330820945868578e-01 1.925262003967810887e-01 1.746907993785677404e-01 1.216090691101561344e-01 1.087184421365155751e-01 9.175235825211404406e-02 6.078055271055373548e-02 4.643136909770755744e-02 4.401506070682685567e-02 5.126793322338025344e-02 4.074211998681230573e-02 5.791699822285587690e-02
9.541999304432283169e-02 1.746907993785677404e-01 1.723563528947066603e-01 1.277225965941251595e-01 1.162261303727112616e-01 9.521096767106300429e-02 6.127838619736365733e-02 4.560784148221717904e-02 4.232967560617879876e-02 4.858936506522015808e-02 3.801374709758163078e-02 5.308827936119369512e-02
6.955089172962831967e-02 1.216090691101561344e-01 1.277225965941251595e-01 1.270390418992163595e-01 1.378515385619216160e-01 1.117807402533904371e-01 6.788037027899307407e-02 4.719416422408365119e-02 4.102473441756492728e-02 4.466684847564462296e-02 3.258499435267091238e-02 4.152111792917526772e-02
6.632313217964375118e-02 1.087184421365155751e-01 1.162261303727112616e-01 1.378515385619216160e-01 1.823861438074561581e-01 1.511177386312380633e-01 8.969125654289318572e-02 6.022676768085840487e-02 5.035620463502640809e-02 5.290184747333356863e-02 3.653216808597048448e-02 4.278507981759700762e-02
5.671241694808620143e-02 9.175235825211404406e-02 9.521096767106300429e-02 1.117807402533904371e-01 1.511177386312380633e-01 1.304492220486511145e-01 7.808855704873091108e-02 5.260111095321146069e-02 4.401605154798545610e-02 4.620319349238495577e-02 3.177569229563142333e-02 3.692396918574569753e-02
3.720768952365603732e-02 6.078055271055373548e-02 6.127838619736365733e-02 6.788037027899307407e-02 8.969125654289318572e-02 7.808855704873091108e-02 4.750634443055255091e-02 3.240895307307598006e-02 2.742357010981349638e-02 2.903843867518355118e-02 2.018976086621124960e-02 2.385740469969408264e-02
2.803644503507208771e-02 4.643136909770755744e-02 4.560784148221717904e-02 4.719416422408365119e-02 6.022676768085840487e-02 5.260111095321146069e-02 3.240895307307598006e-02 2.247547114529501594e-02 1.929790910615803226e-02 2.067105058416806446e-02 1.458556370630107596e-02 1.762251032593918632e-02
2.622137388335786523e-02 4.401506070682685567e-02 4.232967560617879876e-02 4.102473441756492728e-02 5.035620463502640809e-02 4.401605154798545610e-02 2.742357010981349638e-02 1.929790910615803226e-02 1.683094965485772837e-02 1.824997600923643909e-02 1.307841214873321431e-02 1.616290723264372092e-02
3.020169066861418811e-02 5.126793322338025344e-02 4.858936506522015808e-02 4.466684847564462296e-02 5.290184747333356863e-02 4.620319349238495577e-02 2.903843867518355118e-02 2.067105058416806446e-02 1.824997600923643909e-02 2.000563461893407197e-02 1.453509682770705996e-02 1.831614088032816612e-02
2.361591625989512347e-02 4.074211998681230573e-02 3.801374709758163078e-02 3.258499435267091238e-02 3.653216808597048448e-02 3.177569229563142333e-02 2.018976086621124960e-02 1.458556370630107596e-02 1.307841214873321431e-02 1.453509682770705996e-02 1.078636580603233378e-02 1.399134548994055219e-02
3.288712783977094933e-02 5.791699822285587690e-02 5.308827936119369512e-02 4.152111792917526772e-02 4.278507981759700762e-02 3.692396918574569753e-02 2.385740469969408264e-02 1.762251032593918632e-02 1.616290723264372092e-02 1.831614088032816612e-02 1.399134548994055219e-02 1.889423397725756640e-02
2.502295113257129722e-01 1.545532421459381855e-01 7.890209419523609713e-02 5.828093521296084933e-02 3.544207059613915800e-02 3.347050952475182084e-02 3.160343236902554004e-02 6.736474107001289013e-02 9.363322049720661233e-02 8.925124650117351177e-02 1.151457300081708685e-01 1.605021942759937426e-01
1.545532421459381855e-01 9.912154958092789236e-02 5.178579011755757300e-02 3.920246623145219600e-02 2.436012577414978925e-02 2.356123753158406026e-02 2.272573486089592837e-02 4.904162538988880715e-02 6.845291822999560738e-02 6.360560106134811875e-02 7.697072889946265928e-02 1.007114581552458477e-01
7.890209419523609713e-02 5.178579011755757300e-02 2.825855473111103106e-02 2.240675238741886982e-02 1.449489929871843052e-02 1.462744856658645953e-02 1.463020621534394383e-02 3.222333061685942607e-02 4.542785003720802017e-02 4.123675331677342099e-02 4.606606026527231695e-02 5.401142518562871558e-02
5.828093521296084933e-02 3.920246623145219600e-02 2.240675238741886982e-02 1.878482647224396368e-02 1.270434747794288097e-02 1.338687974269948087e-02 1.385669317779907039e-02 3.108475171913804153e-02 4.422377463268413467e-02 3.943136874148581161e-02 4.102036180489383732e-02 4.262906230508355793e-02
3.544207059613915800e-02 2.436012577414978925e-02 1.449489929871843052e-02 1.270434747794288097e-02 8.927206848597176933e-03 9.736882122678366253e-03 1.034085341932772066e-02 2.350573949376697294e-02 3.366759122472293142e-02 2.970656482765916123e-02 2.944242001309095927e-02 2.770329735818156253e-02
3.347050952475182084e-02 2.356123753158406026e-02 1.462744856658645953e-02 1.338687974269948087e-02 9.736882122678366253e-03 1.095298584351112915e-02 1.188917399445851841e-02 2.732036149041950843e-02 3.935047699913068325e-02 3.445486074010333660e-02 3.284009433182916160e-02 2.816033602757757673e-02
3.160343236902554004e-02 2.272573486089592837e-02 1.463020621534394383e-02 1.385669317779907039e-02 1.034085341932772066e-02 1.188917399445851841e-02 1.311537336263630081e-02 3.037621150955067961e-02 4.393414303012550814e-02 3.829373201654616421e-02 3.555651795386104846e-02 2.840262702748840365e-02
6.736474107001289013e-02 4.904162538988880715e-02 3.222333061685942607e-02 3.108475171913804153e-02 2.350573949376697294e-02 2.732036149041950843e-02 3.037621150955067961e-02 7.064524648718625843e-02 1.024059509601703832e-01 8.908937598138041980e-02 8.170433451810926728e-02 6.290966354762728141e-02
9.363322049720661233e-02 6.845291822999560738e-02 4.542785003720802017e-02 4.422377463268413467e-02 3.366759122472293142e-02 3.935047699913068325e-02 4.393414303012550814e-02 1.024059509601703832e-01 1.490061463812362708e-01 1.298959345572003876e-01 1.187534322872487585e-01 8.968284399550849328e-02
8.925124650117351177e-02 6.360560106134811875e-02 4.123675331677342099e-02 3.943136874148581161e-02 2.970656482765916123e-02 3.445486074010333660e-02 3.829373201654616421e-02 8.908937598138041980e-02 1.298959345572003876e-01 1.159264056458337300e-01 1.093157612863356887e-01 8.490128436668763212e-02
1.151457300081708685e-01 7.697072889946265928e-02 4.606606026527231695e-02 4.102036180489383732e-02 2.944242001309095927e-02 3.284009433182916160e-02 3.555651795386104846e-02 8.170433451810926728e-02 1.187534322872487585e-01 1.093157612863356887e-01 1.149472739838546531e-01 1.013351067262724114e-01
1.605021942759937426e-01 1.007114581552458477e-01 5.401142518562871558e-02 4.262906230508355793e-02 2.770329735818156253e-02 2.816033602757757673e-02 2.840262702748840365e-02 6.290966354762728141e-02 8.968284399550849328e-02 8.490128436668763212e-02 1.013351067262724114e-01 1.200849193371488349e-01
7.215348947091486387e-02 7.427343554139891058e-02 4.576840222135823699e-02 4.658463968999650151e-02 5.309907925596518002e-02 7.319490797910613300e-02 4.957090141839638059e-02 7.425273201275883750e-02 6.264155522772026086e-02 6.785540953714537526e-02 9.237426522975569765e-02 5.595330082917682191e-02
