4.704531250590793801e-01 2.367806753323360436e-01 -5.481756586362492023e-02 -7.099706278424801342e-02 1.758442684960156988e-02 6.278120285445969173e-02 1.919288244813802807e-02 -8.167547314883864817e-02 -5.667500082591277362e-03 2.771523663867290210e-01
2.367806753323360436e-01 6.620061543533777293e-01 2.809911405103442394e-01 -1.685427106434872480e-02 -1.022446357959158059e-01 -1.341239480429683162e-02 5.733105348825247305e-02 1.663623831460962418e-02 -6.650981313647635895e-02 -2.982663543874061740e-02
-5.481756586362492023e-02 2.809911405103442394e-01 4.505984690733551012e-01 2.550860562711775303e-01 5.573502957428630444e-02 -6.340589492130870031e-02 -5.812395703607153852e-02 4.879432115941478854e-02 4.135148895024429172e-02 -7.630095397271755009e-02
-7.099706278424801342e-02 -1.685427106434872480e-02 2.550860562711775303e-01 4.537209302799489752e-01 2.754055118573370819e-01 3.939438517737846313e-02 -7.145319789366363916e-02 -1.487953166287613906e-02 5.223369089913973418e-02 1.202060339978273593e-02
1.758442684960156988e-02 -1.022446357959158059e-01 5.573502957428630444e-02 2.754055118573370819e-01 4.682555243850637927e-01 2.363588159161569835e-01 5.002585761052013441e-02 -7.228521095848665368e-02 -2.114273048540667166e-02 6.278156052014929878e-02
6.278120285445969173e-02 -1.341239480429683162e-02 -6.340589492130870031e-02 3.939438517737846313e-02 2.363588159161569835e-01 3.922361116237133016e-01 2.849282876705688805e-01 5.934243882761017566e-04 -8.754932417026148328e-02 5.573356816131420921e-03
1.919288244813802807e-02 5.733105348825247305e-02 -5.812395703607153852e-02 -7.145319789366363916e-02 5.002585761052013441e-02 2.849282876705688805e-01 5.410614864677195657e-01 2.426519098483583547e-01 -2.649399374911187710e-02 -6.688390850830186474e-02
-8.167547314883864817e-02 1.663623831460962418e-02 4.879432115941478854e-02 -1.487953166287613906e-02 -7.228521095848665368e-02 5.934243882761017566e-04 2.426519098483583547e-01 5.325826021274333577e-01 2.718708352095925429e-01 -1.098599942542916041e-02
-5.667500082591277362e-03 -6.650981313647635895e-02 4.135148895024429172e-02 5.223369089913973418e-02 -2.114273048540667166e-02 -8.754932417026148328e-02 -2.649399374911187710e-02 2.718708352095925429e-01 4.910077745193343612e-01 2.412145017036953498e-01
2.771523663867290210e-01 -2.982663543874061740e-02 -7.630095397271755009e-02 1.202060339978273593e-02 6.278156052014929878e-02 5.573356816131420921e-03 -6.688390850830186474e-02 -1.098599942542916041e-02 2.412145017036953498e-01 5.380778221109592252e-01
3.289027489423536066e-01 2.135003744227410571e-01 2.995027525922674960e-02 -8.247357683583815546e-02 -2.418822267841565579e-02 7.715640993978778450e-02 -1.681878775251708508e-02 -1.055492836334803869e-01 2.338669138831520056e-02 2.862969936049665209e-01
2.135003744227410571e-01 3.966986648160505391e-01 3.141599358139307574e-01 -5.622294636525165118e-02 -9.375075939048933826e-02 3.601703571125026981e-02 4.731501118693014207e-02 -2.345760158853041691e-02 -5.846729228221179964e-02 8.270454189684001145e-02
2.995027525922674960e-02 3.141599358139307574e-01 6.537629800968531857e-01 2.174565338773208345e-01 -1.254360276402797722e-02 -6.196973389535659349e-02 2.634044531666106942e-02 6.203190441828701496e-02 -2.659752709529949674e-02 -7.947141060426746173e-02
-8.247357683583815546e-02 -5.622294636525165118e-02 2.174565338773208345e-01 5.108872270006368232e-01 2.897106025279005959e-01 -1.066953093575320755e-02 -9.152126838017106414e-02 -1.809973167214255427e-02 6.433753259029624527e-02 -1.727654205210286259e-02
-2.418822267841565579e-02 -9.375075939048933826e-02 -1.254360276402797722e-02 2.897106025279005959e-01 4.532271324865910778e-01 2.333104322087329041e-01 -3.290690533015271091e-02 -7.275471588428880643e-02 2.657529265725952147e-02 4.419632409547850915e-02
7.715640993978778450e-02 3.601703571125026981e-02 -6.196973389535659349e-02 -1.066953093575320755e-02 2.333104322087329041e-01 6.512630123896578915e-01 2.940581669862605274e-01 1.403964681717441085e-02 -8.849463924602767040e-02 2.958171226535224671e-02
-1.681878775251708508e-02 4.731501118693014207e-02 2.634044531666106942e-02 -9.152126838017106414e-02 -3.290690533015271091e-02 2.940581669862605274e-01 3.762667432906071641e-01 2.402464379260231264e-01 8.310279413926768138e-03 -7.237160128663133740e-02
-1.055492836334803869e-01 -2.345760158853041691e-02 6.203190441828701496e-02 -1.809973167214255427e-02 -7.275471588428880643e-02 1.403964681717441085e-02 2.402464379260231264e-01 5.310508461584197981e-01 2.753856458829772591e-01 -6.721780565818016862e-02
2.338669138831520056e-02 -5.846729228221179964e-02 -2.659752709529949674e-02 6.433753259029624527e-02 2.657529265725952147e-02 -8.849463924602767040e-02 8.310279413926768138e-03 2.753856458829772591e-01 5.597312148577894275e-01 2.506054872713796566e-01
2.862969936049665209e-01 8.270454189684001145e-02 -7.947141060426746173e-02 -1.727654205210286259e-02 4.419632409547850915e-02 2.958171226535224671e-02 -7.237160128663133740e-02 -6.721780565818016862e-02 2.506054872713796566e-01 5.382094299610332699e-01
5.715350904180298564e-01 2.801723919073442204e-01 2.303910514229912804e-02 -7.053189667628564918e-02 -6.292797078880520319e-03 4.610793845438099919e-02 5.955667638290699367e-03 -6.337121922387156658e-02 -7.734312830640717798e-03 2.430158796923031495e-01
2.801723919073442204e-01 4.224833781137653510e-01 2.346148652468169615e-01 3.112701718241462495e-02 -6.951669589359701917e-02 -1.339370134659271204e-02 5.622038239752536609e-02 3.631688802575114977e-03 -8.057641164690616808e-02 -5.327425743394110375e-03
2.303910514229912804e-02 2.346148652468169615e-01 4.715876806237478958e-01 2.740341955765798199e-01 -1.467740858006414892e-02 -7.428741078261920372e-02 1.004781251096611983e-02 4.872092311492404876e-02 -1.299564958529791925e-02 -6.467672811529390220e-02
-7.053189667628564918e-02 3.112701718241462495e-02 2.740341955765798199e-01 5.162860190597395871e-01 2.410771989558525286e-01 -9.475505624311323510e-03 -6.364005680421500055e-02 1.315157076279820612e-02 4.634426021243857191e-02 -1.185288385253529392e-02
-6.292797078880520319e-03 -6.951669589359701917e-02 -1.467740858006414892e-02 2.410771989558525286e-01 5.359038037235522856e-01 2.651496526845656398e-01 -4.128239848490899630e-03 -7.377275673831569514e-02 4.535138927564101238e-03 5.168777755624166109e-02
4.610793845438099919e-02 -1.339370134659271204e-02 -7.428741078261920372e-02 -9.475505624311323510e-03 2.651496526845656398e-01 4.618231274663930908e-01 2.466761648305706989e-01 -1.254559032094804127e-02 -6.306983567765313270e-02 8.041151103560373672e-03
5.955667638290699367e-03 5.622038239752536609e-02 1.004781251096611983e-02 -6.364005680421500055e-02 -4.128239848490899630e-03 2.466761648305706989e-01 5.639527360128482325e-01 2.670936693641028370e-01 -8.156121021872145271e-03 -7.683545451382402247e-02
-6.337121922387156658e-02 3.631688802575114977e-03 4.872092311492404876e-02 1.315157076279820612e-02 -7.377275673831569514e-02 -1.254559032094804127e-02 2.670936693641028370e-01 4.591483700829427916e-01 2.448749172592257217e-01 4.140975732694198580e-03
-7.734312830640717798e-03 -8.057641164690616808e-02 -1.299564958529791925e-02 4.634426021243857191e-02 4.535138927564101238e-03 -6.306983567765313270e-02 -8.156121021872145271e-03 2.448749172592257217e-01 5.422604104535393432e-01 2.686480983488332974e-01
2.430158796923031495e-01 -5.327425743394110375e-03 -6.467672811529390220e-02 -1.185288385253529392e-02 5.168777755624166109e-02 8.041151103560373672e-03 -7.683545451382402247e-02 4.140975732694198580e-03 2.686480983488332974e-01 4.550193840454368477e-01
3.938258192208517472e-01 2.328098150606500716e-01 2.691248226422628120e-02 -6.624910620070879885e-02 -2.634380589832214722e-02 5.110816864567740980e-02 3.489471991766301268e-02 -7.164333999470028080e-02 -5.399262836123168430e-02 3.044449266644032037e-01
2.328098150606500716e-01 5.162892619519469095e-01 2.787097362162344050e-01 -1.241623106928403490e-02 -8.821200542038486192e-02 -7.607110859707747093e-03 5.689677951200711875e-02 1.882178592115128085e-02 -6.581336549086359844e-02 5.307835203908197949e-04
2.691248226422628120e-02 2.787097362162344050e-01 4.920386029073741674e-01 2.397517135789779541e-01 1.992606372606091011e-02 -6.043694933638513872e-02 -2.560342996502023433e-02 4.278391258272958020e-02 2.851818503000862898e-02 -9.158470847401560533e-02
-6.624910620070879885e-02 -1.241623106928403490e-02 2.397517135789779541e-01 5.009408005106672501e-01 2.754451545885341912e-01 2.319204327030500654e-02 -7.566432062283594273e-02 -2.604744763682425093e-02 5.444068158419910347e-02 4.382058107005371884e-03
-2.634380589832214722e-02 -8.821200542038486192e-02 1.992606372606091011e-02 2.754451545885341912e-01 4.562446866005049340e-01 2.341970042262633278e-01 2.961803573074820242e-02 -5.920696586976234577e-02 -2.162209464228656564e-02 6.894201455033603654e-02
5.110816864567740980e-02 -7.607110859707747093e-03 -6.043694933638513872e-02 2.319204327030500654e-02 2.341970042262633278e-01 4.666360362121708683e-01 2.788536366460054872e-01 2.957553200933262655e-02 -9.533439800936889530e-02 1.529498209843880435e-02
3.489471991766301268e-02 5.689677951200711875e-02 -2.560342996502023433e-02 -7.566432062283594273e-02 2.961803573074820242e-02 2.788536366460054872e-01 4.823800033329890269e-01 2.349516616251107193e-01 1.901058243299352628e-03 -7.001525574003852892e-02
-7.164333999470028080e-02 1.882178592115128085e-02 4.278391258272958020e-02 -2.604744763682425093e-02 -5.920696586976234577e-02 2.957553200933262655e-02 2.349516616251107193e-01 4.596155619523162317e-01 2.998211427804583495e-01 -4.921506272876969429e-02
-5.399262836123168430e-02 -6.581336549086359844e-02 2.851818503000862898e-02 5.444068158419910347e-02 -2.162209464228656564e-02 -9.533439800936889530e-02 1.901058243299352628e-03 2.998211427804583495e-01 5.724329870669350173e-01 2.104101199189164495e-01
3.044449266644032037e-01 5.307835203908197949e-04 -9.158470847401560533e-02 4.382058107005371884e-03 6.894201455033603654e-02 1.529498209843880435e-02 -7.001525574003852892e-02 -4.921506272876969429e-02 2.104101199189164495e-01 6.595962402442410166e-01
6.743113473635331534e-01 2.850422169556374175e-01 8.219870685400645915e-02 -7.617541428434326800e-02 -3.512011832785292414e-02 4.148643210584174179e-02 4.451147023012083648e-02 -4.088485812741701059e-02 -1.043071375581301891e-01 2.417569870390665898e-01
2.850422169556374175e-01 2.021310555000868647e-01 1.822140703433948739e-01 3.228159841979087036e-02 -5.396405835491704245e-02 -1.755261678440539486e-02 5.086854271747820455e-02 2.459672801998202818e-02 -8.836982129856038592e-02 1.324336189150120656e-02
8.219870685400645915e-02 1.822140703433948739e-01 5.013076350574654505e-01 2.914806666879549146e-01 -3.242821682042312109e-02 -8.640962401903068413e-02 2.344643964490118054e-02 6.393466306358075446e-02 -2.119318233679895816e-02 -7.040247657241142931e-02
-7.617541428434326800e-02 3.228159841979087036e-02 2.914806666879549146e-01 5.496110475078579416e-01 2.330386679520088378e-01 7.558530638841655727e-03 -6.051530047962559028e-02 -1.625041542304377779e-02 4.808787867307606767e-02 -2.504070421947036940e-03
-3.512011832785292414e-02 -5.396405835491704245e-02 -3.242821682042312109e-02 2.330386679520088378e-01 4.741948341089844976e-01 2.738370009794881543e-01 -2.827713306780492430e-03 -7.896627116200266583e-02 -9.833904407179378405e-04 5.841345272491436924e-02
4.148643210584174179e-02 -1.755261678440539486e-02 -8.640962401903068413e-02 7.558530638841655727e-03 2.738370009794881543e-01 5.139135250210122852e-01 2.358870517868664196e-01 1.616156622957299824e-02 -5.964272081951968452e-02 7.659849008311989810e-03
4.451147023012083648e-02 5.086854271747820455e-02 2.344643964490118054e-02 -6.051530047962559028e-02 -2.827713306780492430e-03 2.358870517868664196e-01 4.838211033014646612e-01 2.715705171441727406e-01 5.648496339696947900e-03 -8.667958935903402606e-02
-4.088485812741701059e-02 2.459672801998202818e-02 6.393466306358075446e-02 -1.625041542304377779e-02 -7.896627116200266583e-02 1.616156622957299824e-02 2.715705171441727406e-01 4.692674886682575153e-01 2.408653041528019401e-01 -3.622080034919788333e-02
-1.043071375581301891e-01 -8.836982129856038592e-02 -2.119318233679895816e-02 4.808787867307606767e-02 -9.833904407179378405e-04 -5.964272081951968452e-02 5.648496339696947900e-03 2.408653041528019401e-01 5.778505027063974842e-01 2.789236306876765048e-01
2.417569870390665898e-01 1.324336189150120656e-02 -7.040247657241142931e-02 -2.504070421947036940e-03 5.841345272491436924e-02 7.659849008311989810e-03 -8.667958935903402606e-02 -3.622080034919788333e-02 2.789236306876765048e-01 5.535914607649436991e-01
4.123182098036243803e-01 2.546777409497734679e-01 -1.133762300381759187e-02 -6.559173599059145432e-02 1.571739408850580250e-02 4.898533031899410251e-02 -5.573095010648353859e-03 -7.123538091094749891e-02 -1.710150469572679563e-02 2.701995439877635796e-01
2.546777409497734679e-01 5.701417371472253803e-01 2.620691580482313321e-01 -1.013933798700020553e-02 -7.328300757563420420e-02 -2.795545276973196956e-03 4.904783760548669241e-02 -4.156064153005076603e-03 -6.866070798587053936e-02 2.280362264463200658e-02
-1.133762300381759187e-02 2.620691580482313321e-01 4.690072358113768769e-01 2.467304514672878923e-01 -8.259698537778544999e-03 -6.478259624871537947e-02 -4.023541833484757177e-03 4.898693591437067174e-02 2.078676790218047729e-02 -7.914647696353033224e-02
-6.559173599059145432e-02 -1.013933798700020553e-02 2.467304514672878923e-01 5.400212659248955216e-01 2.657176009760552904e-01 1.090518892852994186e-02 -7.071258874878036393e-02 1.702051472698850763e-04 4.974262312700978433e-02 -1.119478731667840690e-02
1.571739408850580250e-02 -7.328300757563420420e-02 -8.259698537778544999e-03 2.657176009760552904e-01 4.774420282126340398e-01 2.413602076811673935e-01 1.628332834718150546e-02 -6.494575449811600121e-02 -2.750494989087969716e-02 5.644786773233736316e-02
4.898533031899410251e-02 -2.795545276973196956e-03 -6.478259624871537947e-02 1.090518892852994186e-02 2.413602076811673935e-01 4.538341680264104117e-01 2.687188539775265950e-01 -4.224625348463091797e-03 -8.107713274018701899e-02 1.802868440078244511e-02
-5.573095010648353859e-03 4.904783760548669241e-02 -4.023541833484757177e-03 -7.071258874878036393e-02 1.628332834718150546e-02 2.687188539775265950e-01 5.568661206163350030e-01 2.466119908775119274e-01 2.331227769071118894e-02 -6.846235579314480235e-02
-7.123538091094749891e-02 -4.156064153005076603e-03 4.898693591437067174e-02 1.702051472698850763e-04 -6.494575449811600121e-02 -4.224625348463091797e-03 2.466119908775119274e-01 4.169169036615890112e-01 2.758103938213155026e-01 -1.780156190983771258e-02
-1.710150469572679563e-02 -6.866070798587053936e-02 2.078676790218047729e-02 4.974262312700978433e-02 -2.750494989087969716e-02 -8.107713274018701899e-02 2.331227769071118894e-02 2.758103938213155026e-01 5.508040411093759747e-01 2.380648700291791986e-01
2.701995439877635796e-01 2.280362264463200658e-02 -7.914647696353033224e-02 -1.119478731667840690e-02 5.644786773233736316e-02 1.802868440078244511e-02 -6.846235579314480235e-02 -1.780156190983771258e-02 2.380648700291791986e-01 5.526482896865335670e-01
5.088548604315108470e-01 2.076134456850918519e-01 5.058227751546788553e-03 -5.170565407927701918e-02 3.764616523195216113e-02 1.792481588128955888e-02 -4.643122677797585640e-02 -3.296846744590922751e-02 9.179402304843617411e-02 3.109739097821186404e-01
2.076134456850918519e-01 4.888109620943190681e-01 3.110257860767641214e-01 -9.362163789481628418e-02 -2.635637958085352422e-02 4.538079412349027564e-02 2.360102660806841918e-02 -3.485984756205282031e-02 -5.156017387903978622e-02 -4.057286553516903545e-03
5.058227751546788553e-03 3.110257860767641214e-01 5.497778335713376929e-01 1.816079402736083814e-01 -5.634981040637151994e-02 -2.519593374364170052e-02 3.612180494631465205e-02 1.934116188659705526e-02 -5.040112767058178844e-02 -1.005211459589487322e-01
-5.170565407927701918e-02 -9.362163789481628418e-02 1.816079402736083814e-01 8.507371425452158187e-01 1.815821502889450045e-01 -9.529825642356576365e-02 -5.967625785786188214e-02 4.917892818097536339e-02 8.436934720614161498e-02 5.099352324133507586e-02
3.764616523195216113e-02 -2.635637958085352422e-02 -5.634981040637151994e-02 1.815821502889450045e-01 5.514527776535829151e-01 3.132128322712259827e-01 2.042654062871002152e-02 -1.011494408620095958e-01 -5.591156179269209797e-02 1.570787788068077687e-02
1.792481588128955888e-02 4.538079412349027564e-02 -2.519593374364170052e-02 -9.529825642356576365e-02 3.132128322712259827e-01 4.830788624365898731e-01 2.068004006865662714e-01 5.457763644136208805e-03 -4.836580787210405241e-02 -3.747692917316554351e-02
-4.643122677797585640e-02 2.360102660806841918e-02 3.612180494631465205e-02 -5.967625785786188214e-02 2.042654062871002152e-02 2.068004006865662714e-01 4.529604884644859997e-01 3.148216598350077611e-01 1.001749529953155221e-01 -3.046156251458010875e-02
-3.296846744590922751e-02 -3.485984756205282031e-02 1.934116188659705526e-02 4.917892818097536339e-02 -1.011494408620095958e-01 5.457763644136208805e-03 3.148216598350077611e-01 5.010698207683652594e-01 1.984381013842027031e-01 5.174628302929498713e-02
9.179402304843617411e-02 -5.156017387903978622e-02 -5.040112767058178844e-02 8.436934720614161498e-02 -5.591156179269209797e-02 -4.836580787210405241e-02 1.001749529953155221e-01 1.984381013842027031e-01 1.605610286649638008e-01 1.831101119036363523e-01
3.109739097821186404e-01 -4.057286553516903545e-03 -1.005211459589487322e-01 5.099352324133507586e-02 1.570787788068077687e-02 -3.747692917316554351e-02 -3.046156251458010875e-02 5.174628302929498713e-02 1.831101119036363523e-01 4.526962233696359972e-01
5.617544188952925399e-01 2.599858083637374140e-01 -1.775970996494023041e-02 -7.478942070832039768e-02 6.165232955326348935e-03 5.513206710903096469e-02 -1.084645672975266886e-02 -7.412972426966644990e-02 -1.215452022941381979e-02 2.467395224954834765e-01
2.599858083637374140e-01 5.047416804277534697e-01 2.498025180404564172e-01 7.357444067564352860e-03 -6.506270472379210856e-02 -1.377086617119658435e-02 4.832029503164883555e-02 1.883172882545655711e-03 -7.341060897781145900e-02 -3.549810377874569600e-02
-1.775970996494023041e-02 2.498025180404564172e-01 4.976885197451900167e-01 2.595927485386066991e-01 7.087149025097291485e-03 -6.981373785122901854e-02 3.439080956020280043e-04 5.073625970826865783e-02 1.610304954599582616e-02 -5.959961224610943464e-02
-7.478942070832039768e-02 7.357444067564352860e-03 2.595927485386066991e-01 4.863064992772676010e-01 2.452616643625389337e-01 1.659331469764330561e-02 -6.366882315916813639e-02 1.915204374411578776e-03 4.874830984739625395e-02 1.662782167161444558e-02
6.165232955326348935e-03 -6.506270472379210856e-02 7.087149025097291485e-03 2.452616643625389337e-01 4.862460958057009397e-01 2.618991348215118919e-01 -8.086907143008562407e-03 -7.377809247707291240e-02 -1.251889307469830973e-02 4.468734941194472954e-02
5.513206710903096469e-02 -1.377086617119658435e-02 -6.981373785122901854e-02 1.659331469764330561e-02 2.618991348215118919e-01 4.890895408235748087e-01 2.416899001584991158e-01 -2.054593685731295749e-02 -6.817512361109367980e-02 -7.118509818799768733e-03
-1.084645672975266886e-02 4.832029503164883555e-02 3.439080956020280043e-04 -6.366882315916813639e-02 -8.086907143008562407e-03 2.416899001584991158e-01 5.740906770285927330e-01 2.792511442404318478e-01 2.601317189510744809e-02 -6.916132273812715392e-02
-7.412972426966644990e-02 1.883172882545655711e-03 5.073625970826865783e-02 1.915204374411578776e-03 -7.377809247707291240e-02 -2.054593685731295749e-02 2.792511442404318478e-01 4.274323199988841471e-01 2.352057520169320848e-01 3.551786925927125083e-02
-1.215452022941381979e-02 -7.341060897781145900e-02 1.610304954599582616e-02 4.874830984739625395e-02 -1.251889307469830973e-02 -6.817512361109367980e-02 2.601317189510744809e-02 2.352057520169320848e-01 4.570415786786213297e-01 2.760864009837989963e-01
2.467395224954834765e-01 -3.549810377874569600e-02 -5.959961224610943464e-02 1.662782167161444558e-02 4.468734941194472954e-02 -7.118509818799768733e-03 -6.916132273812715392e-02 3.551786925927125083e-02 2.760864009837989963e-01 5.156086693191266335e-01
5.313276393682695442e-01 2.920623791162648697e-01 3.548836187670453834e-02 -9.109907659482391340e-02 -1.183027166733497705e-02 6.062190269487645333e-02 3.918306840872864266e-02 -3.973172197437793013e-02 5.451747328934431619e-03 2.133206003873144574e-01
2.920623791162648697e-01 4.511711657542387677e-01 2.254860170191074764e-01 -1.211284253312052556e-02 -5.178500934283061102e-02 3.275461273776990572e-03 4.186938814525062447e-02 1.972417476419209559e-02 -9.260289300978906402e-02 -2.756577497438952168e-02
3.548836187670453834e-02 2.254860170191074764e-01 4.821617810733379583e-01 2.870728724730118864e-01 -7.653685487221040772e-03 -9.337615288678099978e-02 -3.440850650492581486e-02 4.400159365824489466e-02 -3.063899575579490803e-02 -6.098906497012864664e-02
-9.109907659482391340e-02 -1.211284253312052556e-02 2.870728724730118864e-01 5.683014648445410266e-01 2.260385127807401640e-01 1.008305068590274571e-02 -4.458542297654849440e-02 -2.033921674226735893e-02 6.643825593095749327e-02 2.837988031567231784e-02
-1.183027166733497705e-02 -5.178500934283061102e-02 -7.653685487221040772e-03 2.260385127807401640e-01 4.162872658530520908e-01 3.036247562127416533e-01 9.044567919387809518e-02 -6.997534713932740402e-02 1.761074434772031891e-02 4.565074630731227878e-02
6.062190269487645333e-02 3.275461273776990572e-03 -9.337615288678099978e-02 1.008305068590274571e-02 3.036247562127416533e-01 5.247611988691300855e-01 2.098549039085505497e-01 9.666499738738641278e-04 -6.970123175964318407e-02 -1.899385542271791669e-02
3.918306840872864266e-02 4.186938814525062447e-02 -3.440850650492581486e-02 -4.458542297654849440e-02 9.044567919387809518e-02 2.098549039085505497e-01 2.170396378047356190e-01 2.706383639886966730e-01 -5.390848167734194063e-02 -8.534453082803292179e-02
-3.973172197437793013e-02 1.972417476419209559e-02 4.400159365824489466e-02 -2.033921674226735893e-02 -6.997534713932740402e-02 9.666499738738641278e-04 2.706383639886966730e-01 8.424005871622908259e-01 1.786222882936328027e-01 -4.283903089032412709e-02
5.451747328934431619e-03 -9.260289300978906402e-02 -3.063899575579490803e-02 6.643825593095749327e-02 1.761074434772031891e-02 -6.970123175964318407e-02 -5.390848167734194063e-02 1.786222882936328027e-01 3.988658652646300817e-01 3.178138887590055695e-01
2.133206003873144574e-01 -2.756577497438952168e-02 -6.098906497012864664e-02 2.837988031567231784e-02 4.565074630731227878e-02 -1.899385542271791669e-02 -8.534453082803292179e-02 -4.283903089032412709e-02 3.178138887590055695e-01 5.676833940057783856e-01
6.161410924617100049e-01 2.716651658004607950e-01 1.013549627728186492e-02 -8.384355243452591699e-02 2.567413919053060378e-02 5.805095339720921233e-02 -4.702694565757913059e-03 -7.448815222908762579e-02 4.347335251153856134e-02 2.604338091629827545e-01
2.716651658004607950e-01 5.004648630060603010e-01 2.210123643703594265e-01 6.333637421386653643e-02 -8.951718660197549582e-02 -4.160399363871591927e-02 5.797259755912560764e-02 3.930962525306226640e-02 -1.073684483380882571e-01 -3.685428250823839791e-02
1.013549627728186492e-02 2.210123643703594265e-01 2.887348540943114328e-01 2.992416718802707321e-01 -2.779523159783511485e-02 -8.385507702293572285e-02 1.152157325206858195e-03 6.302441425572641309e-02 -3.264479095501923722e-02 -6.399609113889664913e-02
-8.384355243452591699e-02 6.333637421386653643e-02 2.992416718802707321e-01 6.778342112098968419e-01 2.315704032494264319e-01 -2.054831472667053779e-02 -6.765510901171783997e-02 1.535376223383229377e-02 5.163972478426460955e-02 -1.272325955072621702e-02
2.567413919053060378e-02 -8.951718660197549582e-02 -2.779523159783511485e-02 2.315704032494264319e-01 4.682244269073515541e-01 2.748253996465750415e-01 3.507839280014310446e-02 -9.000298868720008061e-02 8.482635737354445385e-03 5.745848781017134227e-02
5.805095339720921233e-02 -4.160399363871591927e-02 -8.385507702293572285e-02 -2.054831472667053779e-02 2.748253996465750415e-01 4.754464624065993794e-01 2.457239651629016808e-01 -1.081667219127839877e-02 -6.602724103064708250e-02 9.255012764086332361e-03
-4.702694565757913059e-03 5.797259755912560764e-02 1.152157325206858195e-03 -6.765510901171783997e-02 3.507839280014310446e-02 2.457239651629016808e-01 4.897967745466796363e-01 2.755640851321884965e-01 -4.548314823251746464e-02 -7.738950981079134595e-02
-7.448815222908762579e-02 3.930962525306226640e-02 6.302441425572641309e-02 1.535376223383229377e-02 -9.000298868720008061e-02 -1.081667219127839877e-02 2.755640851321884965e-01 5.667241614458282672e-01 2.387531192918173617e-01 -5.603145641271225705e-03
4.347335251153856134e-02 -1.073684483380882571e-01 -3.264479095501923722e-02 5.163972478426460955e-02 8.482635737354445385e-03 -6.602724103064708250e-02 -4.548314823251746464e-02 2.387531192918173617e-01 5.590147237249294410e-01 2.765837406464058401e-01
2.604338091629827545e-01 -3.685428250823839791e-02 -6.399609113889664913e-02 -1.272325955072621702e-02 5.745848781017134227e-02 9.255012764086332361e-03 -7.738950981079134595e-02 -5.603145641271225705e-03 2.765837406464058401e-01 3.576184301966231494e-01
5.070657292191497190e-01 2.676108396481645668e-01 1.064509204652866296e-02 -8.348000005566066917e-02 -3.077293647680228242e-02 5.086580246932963928e-02 5.290780294642676712e-02 -7.432921990300261905e-02 -3.750976583002556958e-02 2.513742310793323220e-01
2.676108396481645668e-01 4.994159110404107205e-01 2.577775868628559564e-01 3.753328194696245457e-03 -8.176002922864311628e-02 -3.040416710241801435e-02 4.038640682959612760e-02 2.487512063692261591e-02 -6.750429423320168654e-02 -3.580239874916238407e-02
1.064509204652866296e-02 2.577775868628559564e-01 4.863142430151559115e-01 2.605631985896554315e-01 3.872152884839130671e-02 -6.195439214423489882e-02 -4.909744238501972946e-02 6.268647049346096067e-02 2.168236208186079608e-02 -8.551393167141510543e-02
-8.348000005566066917e-02 3.753328194696245457e-03 2.605631985896554315e-01 4.781638785046188334e-01 2.639815385505507317e-01 5.297303472384073952e-02 -6.480201771188785764e-02 -2.021405592082969188e-02 5.371419218337096513e-02 2.007882020065198531e-02
-3.077293647680228242e-02 -8.176002922864311628e-02 3.872152884839130671e-02 2.639815385505507317e-01 4.170344687552098861e-01 2.408298734590718915e-01 6.114268506480052823e-02 -1.013238559743593753e-01 -9.922084839924114053e-03 8.642032692693013551e-02
5.086580246932963928e-02 -3.040416710241801435e-02 -6.195439214423489882e-02 5.297303472384073952e-02 2.408298734590718915e-01 4.021447370214498718e-01 2.933657344283050472e-01 -2.298918331091712175e-02 -8.485515542947587309e-02 1.925946431333489667e-02
5.290780294642676712e-02 4.038640682959612760e-02 -4.909744238501972946e-02 -6.480201771188785764e-02 6.114268506480052823e-02 2.933657344283050472e-01 5.421466724429874207e-01 2.461826482305695118e-01 -3.999128817189327723e-02 -7.595679926542178717e-02
-7.432921990300261905e-02 2.487512063692261591e-02 6.268647049346096067e-02 -2.021405592082969188e-02 -1.013238559743593753e-01 -2.298918331091712175e-02 2.461826482305695118e-01 6.024417964910904200e-01 2.724027771462608771e-01 -3.051423992352378378e-02
-3.750976583002556958e-02 -6.750429423320168654e-02 2.168236208186079608e-02 5.371419218337096513e-02 -9.922084839924114053e-03 -8.485515542947587309e-02 -3.999128817189327723e-02 2.724027771462608771e-01 4.483317655399652324e-01 2.646284578604182758e-01
2.513742310793323220e-01 -3.580239874916238407e-02 -8.551393167141510543e-02 2.007882020065198531e-02 8.642032692693013551e-02 1.925946431333489667e-02 -7.595679926542178717e-02 -3.051423992352378378e-02 2.646284578604182758e-01 6.169407979699574884e-01
5.742278437539578562e-01 2.350718345544727250e-01 -3.078640838274201638e-02 -5.520351221505576111e-02 2.037966335100569598e-02 4.928490290865216589e-02 -4.288887764112055655e-03 -7.679487610651403173e-02 2.453432041289390839e-02 2.946746923755675374e-01
2.350718345544727250e-01 5.009744143959397045e-01 2.746895241593935721e-01 -3.643489363614674237e-02 -7.756519073875631221e-02 1.272070362317039884e-02 5.699798672958768242e-02 -9.822704416466664784e-03 -7.305830608887270428e-02 -1.852443593564179203e-02
-3.078640838274201638e-02 2.746895241593935721e-01 5.556025167008802335e-01 2.371795446972773114e-01 -1.420362307507203048e-02 -7.024791352515069587e-02 -7.008322877153222441e-03 5.270991652230311991e-02 -2.756429152453349768e-03 -8.491144746047325775e-02
-5.520351221505576111e-02 -3.643489363614674237e-02 2.371795446972773114e-01 5.334554430533964275e-01 2.802968420747257161e-01 1.285265942083008844e-02 -7.845268489990124550e-02 -9.527847658803729330e-03 5.805782619636446623e-02 3.501152084656118657e-02
2.037966335100569598e-02 -7.756519073875631221e-02 -1.420362307507203048e-02 2.802968420747257161e-01 4.604498893166059648e-01 2.389434931201868118e-01 2.872512135805274647e-02 -6.153025214816854049e-02 -8.980034772271485929e-03 4.619425945483323498e-02
4.928490290865216589e-02 1.272070362317039884e-02 -7.024791352515069587e-02 1.285265942083008844e-02 2.389434931201868118e-01 4.794592393321833179e-01 2.690857566837647208e-01 1.615684015442674960e-03 -8.138120264816940674e-02 -2.782005712809468984e-02
-4.288887764112055655e-03 5.699798672958768242e-02 -7.008322877153222441e-03 -7.845268489990124550e-02 2.872512135805274647e-02 2.690857566837647208e-01 4.767215553816235296e-01 2.395849550829931562e-01 -1.242119087347557348e-02 -6.659458026696643551e-02
-7.679487610651403173e-02 -9.822704416466664784e-03 5.270991652230311991e-02 -9.527847658803729330e-03 -6.153025214816854049e-02 1.615684015442674960e-03 2.395849550829931562e-01 5.653391394662201641e-01 2.838115982840372364e-01 3.909944271385815129e-02
2.453432041289390839e-02 -7.305830608887270428e-02 -2.756429152453349768e-03 5.805782619636446623e-02 -8.980034772271485929e-03 -8.138120264816940674e-02 -1.242119087347557348e-02 2.838115982840372364e-01 4.183321207601872205e-01 2.277543254194466793e-01
2.946746923755675374e-01 -1.852443593564179203e-02 -8.491144746047325775e-02 3.501152084656118657e-02 4.619425945483323498e-02 -2.782005712809468984e-02 -6.659458026696643551e-02 3.909944271385815129e-02 2.277543254194466793e-01 4.354378378390180160e-01
6.751360166890780778e-01 2.444743203155072542e-01 -2.069691598857886089e-02 -8.352162936834107987e-02 9.182960269598534897e-03 7.383350770687821529e-02 2.907267951116792801e-03 -8.747489647506451194e-02 -3.798487323827327150e-02 2.626386219173710290e-01
2.444743203155072542e-01 5.188787545613037233e-01 2.710804964144258866e-01 1.937918977376051899e-02 -8.312523765555163147e-02 -2.368850485607444656e-02 6.633961631386448010e-02 8.226760962525685172e-02 -6.775093133790602296e-02 -7.999850426466503794e-02
-2.069691598857886089e-02 2.710804964144258866e-01 4.318603327336527631e-01 2.611669558505637645e-01 1.250231622040485699e-02 -8.274047024472087897e-02 -2.266047315385286143e-02 4.680433352862421736e-02 1.698387100696269539e-02 -7.265612911946355001e-02
-8.352162936834107987e-02 1.937918977376051899e-02 2.611669558505637645e-01 5.470458396654434008e-01 2.600188551264404624e-01 6.451217822752439504e-03 -7.772006215047962130e-02 -6.166570020779124639e-02 5.638959801062781718e-02 4.118467434860181853e-02
9.182960269598534897e-03 -8.312523765555163147e-02 1.250231622040485699e-02 2.600188551264404624e-01 4.298850752246767826e-01 2.729712044877359300e-01 5.052749413527845429e-02 -6.152255889693038909e-02 -1.617734834913949621e-02 5.524338862134088590e-02
7.383350770687821529e-02 -2.368850485607444656e-02 -8.274047024472087897e-02 6.451217822752439504e-03 2.729712044877359300e-01 5.356023454499065917e-01 2.475646612570638061e-01 7.473088357152396499e-02 -8.063297134110708475e-02 -3.519499602561571711e-02
2.907267951116792801e-03 6.633961631386448010e-02 -2.266047315385286143e-02 -7.772006215047962130e-02 5.052749413527845429e-02 2.475646612570638061e-01 2.900267513081287718e-01 2.545139804887641688e-01 1.617883536021478760e-02 -8.965205724424034350e-02
-8.747489647506451194e-02 8.226760962525685172e-02 4.680433352862421736e-02 -6.166570020779124639e-02 -6.152255889693038909e-02 7.473088357152396499e-02 2.545139804887641688e-01 5.329247958210663327e-01 2.685956566754490460e-01 -3.777429426029042803e-02
-3.798487323827327150e-02 -6.775093133790602296e-02 1.698387100696269539e-02 5.638959801062781718e-02 -1.617734834913949621e-02 -8.063297134110708475e-02 1.617883536021478760e-02 2.685956566754490460e-01 5.625503078404247015e-01 2.681257081518750862e-01
2.626386219173710290e-01 -7.999850426466503794e-02 -7.265612911946355001e-02 4.118467434860181853e-02 5.524338862134088590e-02 -3.519499602561571711e-02 -8.965205724424034350e-02 -3.777429426029042803e-02 2.681257081518750862e-01 4.760897807063310117e-01
5.019829537640682071e-01 2.706377880437473848e-01 1.512966218064537745e-02 -8.034370993829734187e-02 -7.025940402197766027e-03 5.854833259843047338e-02 2.810296592002946986e-02 -7.719872614741019046e-02 -1.832286157589793976e-02 2.361206256837559692e-01
2.706377880437473848e-01 4.940398070359972027e-01 2.482849646993820492e-01 -2.384659983382878684e-02 -7.136728380966093910e-02 -4.017975093930111104e-03 5.062514075988704121e-02 1.688945609528728561e-04 -7.334961895211361549e-02 -3.809518918839049917e-02
1.512966218064537745e-02 2.482849646993820492e-01 5.050668757575106360e-01 2.596078488626761271e-01 -4.729655503657359018e-03 -7.929112350713224400e-02 -1.946622002700344398e-02 5.968186036254401888e-02 6.454828571792315881e-03 -7.203921515132991060e-02
-8.034370993829734187e-02 -2.384659983382878684e-02 2.596078488626761271e-01 5.577852226068862329e-01 2.637829704519613627e-01 2.965460711470654237e-02 -6.181775560767276828e-02 -1.620661855726146516e-02 4.713762470374292801e-02 3.794534599777180800e-02
-7.025940402197766027e-03 -7.136728380966093910e-02 -4.729655503657359018e-03 2.637829704519613627e-01 4.025344815244983332e-01 2.581064289727499350e-01 4.711345518081339057e-02 -8.716544139746090769e-02 -1.632824992034462644e-02 6.211802737238211747e-02
5.854833259843047338e-02 -4.017975093930111104e-03 -7.929112350713224400e-02 2.965460711470654237e-02 2.581064289727499350e-01 5.016744185898940334e-01 2.562832439254931760e-01 -1.704643739578702924e-02 -7.001488502859631868e-02 -1.328749876489935915e-02
2.810296592002946986e-02 5.062514075988704121e-02 -1.946622002700344398e-02 -6.181775560767276828e-02 4.711345518081339057e-02 2.562832439254931760e-01 4.470323270997099696e-01 2.730269399122229323e-01 -5.218321456149327235e-06 -9.309152508502918644e-02
-7.719872614741019046e-02 1.688945609528728561e-04 5.968186036254401888e-02 -1.620661855726146516e-02 -8.716544139746090769e-02 -1.704643739578702924e-02 2.730269399122229323e-01 6.153185361954488508e-01 2.530284407796856150e-01 2.068033078031137478e-02
-1.832286157589793976e-02 -7.334961895211361549e-02 6.454828571792315881e-03 4.713762470374292801e-02 -1.632824992034462644e-02 -7.001488502859631868e-02 -5.218321456149327235e-06 2.530284407796856150e-01 3.369663016698329905e-01 2.885605915924003284e-01
2.361206256837559692e-01 -3.809518918839049917e-02 -7.203921515132991060e-02 3.794534599777180800e-02 6.211802737238211747e-02 -1.328749876489935915e-02 -9.309152508502918644e-02 2.068033078031137478e-02 2.885605915924003284e-01 6.375990757561544875e-01
5.058444169609879193e-01 2.737552072089973754e-01 -2.090068203872365304e-02 -7.956851551408157530e-02 -1.771854400787756245e-02 5.090612753446020766e-02 -2.906943515338824939e-04 -6.705524531844785086e-02 -2.227442349498468671e-02 2.359839271971467256e-01
2.737552072089973754e-01 4.776113280012007634e-01 2.319599847112283619e-01 -2.562174815051138088e-02 -7.521776426114622216e-02 2.019255151308754076e-02 4.960531140909119063e-02 -1.269401815851697521e-02 -7.865406404711947075e-02 -1.219902966873617767e-03
-2.090068203872365304e-02 2.319599847112283619e-01 6.381574603176060068e-01 2.961193781362631006e-01 3.577855755611446253e-02 -8.215266521906575137e-02 -4.196494342153656368e-03 5.680134860297519905e-02 2.151407641312062802e-02 -6.000758094171257384e-02
-7.956851551408157530e-02 -2.562174815051138088e-02 2.961193781362631006e-01 3.492731097346364888e-01 2.370518324317242853e-01 8.373699672297988186e-03 -6.252922556886988947e-02 -1.088878632507982516e-02 4.558622605745139139e-02 1.722261559338931700e-02
-1.771854400787756245e-02 -7.521776426114622216e-02 3.577855755611446253e-02 2.370518324317242853e-01 5.414422172134671918e-01 2.673471613204312924e-01 -2.960427795464833090e-02 -8.286312981484521278e-02 -2.600964851216900232e-05 5.554436910590895143e-02
5.090612753446020766e-02 2.019255151308754076e-02 -8.215266521906575137e-02 8.373699672297988186e-03 2.673471613204312924e-01 5.215333420861983926e-01 2.473003681400270382e-01 1.491328811179298136e-02 -6.072017112471626843e-02 -1.807289607143910959e-02
-2.906943515338824939e-04 4.960531140909119063e-02 -4.196494342153656368e-03 -6.252922556886988947e-02 -2.960427795464833090e-02 2.473003681400270382e-01 4.937025408563686657e-01 2.669587168565731305e-01 2.767411630840778056e-02 -7.299464252057968894e-02
-6.705524531844785086e-02 -1.269401815851697521e-02 5.680134860297519905e-02 -1.088878632507982516e-02 -8.286312981484521278e-02 1.491328811179298136e-02 2.669587168565731305e-01 4.586429780927830380e-01 2.378011448712137044e-01 1.570737438289177695e-02
-2.227442349498468671e-02 -7.865406404711947075e-02 2.151407641312062802e-02 4.558622605745139139e-02 -2.600964851216900232e-05 -6.072017112471626843e-02 2.767411630840778056e-02 2.378011448712137044e-01 4.651450259064712212e-01 2.774398097984988043e-01
2.359839271971467256e-01 -1.219902966873617767e-03 -6.000758094171257384e-02 1.722261559338931700e-02 5.554436910590895143e-02 -1.807289607143910959e-02 -7.299464252057968894e-02 1.570737438289177695e-02 2.774398097984988043e-01 5.486475808302785362e-01
5.212328092702608329e-01 2.442705017742906604e-01 -1.957475564701031262e-02 -6.470502926980531422e-02 3.989939576732096614e-05 4.555501712492815436e-02 -3.199627875523877382e-03 -6.753148385787507979e-02 2.041914735146994203e-02 2.589386784299771427e-01
2.442705017742906604e-01 5.335072068488656560e-01 2.627243512519908952e-01 1.379711776526051925e-02 -6.614275343931641515e-02 -8.194873536482053748e-04 4.373264676292661080e-02 7.600152137655155279e-03 -6.406144425360454919e-02 -7.572609439851128721e-03
-1.957475564701031262e-02 2.627243512519908952e-01 4.765694624353861153e-01 2.430184935817529257e-01 1.858361876895341450e-02 -6.405216561471231695e-02 -7.079688529578138934e-03 4.470131889504937173e-02 -7.653631715082197598e-04 -6.642216464512315510e-02
-6.470502926980531422e-02 1.379711776526051925e-02 2.430184935817529257e-01 4.627615808312123824e-01 2.623783741088840937e-01 -1.251427060696005261e-02 -6.640105726791448171e-02 -2.124632108434655999e-04 4.534718429030053927e-02 -3.040017792150972314e-03
3.989939576732096614e-05 -6.614275343931641515e-02 1.858361876895341450e-02 2.623783741088840937e-01 5.316376441459633728e-01 2.452903936626425196e-01 -5.537489424633005447e-03 -6.302415784026565992e-02 1.075098953545726085e-02 4.382779214584767852e-02
4.555501712492815436e-02 -8.194873536482053748e-04 -6.405216561471231695e-02 -1.251427060696005261e-02 2.452903936626425196e-01 5.102062926769634910e-01 2.553315958760233872e-01 1.211484131481190517e-02 -6.726690009666916326e-02 -3.423651570049683450e-03
-3.199627875523877382e-03 4.373264676292661080e-02 -7.079688529578138934e-03 -6.640105726791448171e-02 -5.537489424633005447e-03 2.553315958760233872e-01 4.681214016303110181e-01 2.513162790452957429e-01 -1.342157635498849796e-02 -6.239422608321074093e-02
