4.988945989565414241e-01 1.571608694289239327e-01 -8.989602725828999084e-04 -1.381359891455932916e-02 8.899059270126493944e-05 4.466798415280493276e-03 5.003322267344104688e-05 -1.380466058276049249e-02 -1.109747831440810635e-04 1.571423317482427695e-01
1.571608694289239327e-01 5.020514021167536978e-01 1.572679616724200757e-01 2.535375502530970698e-04 -1.383082313796139828e-02 -6.633830946488998028e-05 4.465866837264790244e-03 -5.528875486751730654e-05 -1.380495284947001397e-02 3.554946764157896266e-04
-8.989602725828999084e-04 1.572679616724200757e-01 4.992306223838829937e-01 1.570942681723038192e-01 2.334019787311739568e-04 -1.379690437691155278e-02 -1.657582319382151152e-04 4.464174727369017021e-03 1.518415008601886086e-04 -1.382082406917468226e-02
-1.381359891455932916e-02 2.535375502530970698e-04 1.570942681723038192e-01 4.996333739148896558e-01 1.571541165702534937e-01 -5.803211217336344194e-06 -1.381388846413422918e-02 -1.808059589462440546e-07 4.464840706935323082e-03 -1.492006097544103151e-05
8.899059270126493944e-05 -1.383082313796139828e-02 2.334019787311739568e-04 1.571541165702534937e-01 5.002707140903546179e-01 1.570896481095044039e-01 5.775096446821501419e-04 -1.380639076001612467e-02 -4.451887943802183237e-05 4.466976479093517569e-03
4.466798415280493276e-03 -6.633830946488998028e-05 -1.379690437691155278e-02 -5.803211217336344194e-06 1.570896481095044039e-01 4.987172717929246879e-01 1.572379647307883821e-01 -3.164633936349695725e-04 -1.381716319208720761e-02 5.632798492249830040e-05
5.003322267344104688e-05 4.465866837264790244e-03 -1.657582319382151152e-04 -1.381388846413422918e-02 5.775096446821501419e-04 1.572379647307883821e-01 5.007555531561420636e-01 1.570862019343939320e-01 -2.365725298923686964e-04 -1.379498424589917054e-02
-1.380466058276049249e-02 -5.528875486751730654e-05 4.464174727369017021e-03 -1.808059589462440546e-07 -1.380639076001612467e-02 -3.164633936349695725e-04 1.570862019343939320e-01 5.004089067529546853e-01 1.571491519607545184e-01 1.482226609658835251e-04
-1.109747831440810635e-04 -1.380495284947001397e-02 1.518415008601886086e-04 4.464840706935323082e-03 -4.451887943802183237e-05 -1.381716319208720761e-02 -2.365725298923686964e-04 1.571491519607545184e-01 4.995640704872401638e-01 1.571023713820000889e-01
1.571423317482427695e-01 3.554946764157896266e-04 -1.382082406917468226e-02 -1.492006097544103151e-05 4.466976479093517569e-03 5.632798492249830040e-05 -1.379498424589917054e-02 1.482226609658835251e-04 1.571023713820000889e-01 5.004734863483271123e-01
4.982896900208947932e-01 1.570454123425217285e-01 4.369650259696308391e-04 -1.382076843795225149e-02 -3.451820989462222851e-05 4.477298717922479493e-03 9.396391947704544104e-05 -1.383816819138202273e-02 -2.694671562681306108e-04 1.573270028506834894e-01
1.570454123425217285e-01 4.990842079523194474e-01 1.573863128612202344e-01 -9.937615289308380541e-04 -1.383402929521918533e-02 9.878323529402886869e-05 4.470323907469636766e-03 -4.154686936758448471e-05 -1.381015444368045852e-02 9.037014532875583400e-04
4.369650259696308391e-04 1.573863128612202344e-01 5.021216494207102476e-01 1.570872213958372232e-01 1.315221754150921931e-04 -1.379883576723998397e-02 9.050312772811456782e-05 4.470706802449135424e-03 -1.188995871453911186e-04 -1.384254971221967993e-02
-1.382076843795225149e-02 -9.937615289308380541e-04 1.570872213958372232e-01 4.996209972544728428e-01 1.571847767569340970e-01 4.844289423315830626e-04 -1.383528994198235558e-02 -1.457315152442981458e-04 4.471880565065261201e-03 -2.020416845539032809e-05
-3.451820989462222851e-05 -1.383402929521918533e-02 1.315221754150921931e-04 1.571847767569340970e-01 4.987520964707826132e-01 1.571398240951606129e-01 -8.927931228391787315e-04 -1.381552618019607666e-02 9.975989518952438741e-05 4.468725400912104510e-03
4.477298717922479493e-03 9.878323529402886869e-05 -1.379883576723998397e-02 4.844289423315830626e-04 1.571398240951606129e-01 5.022684298573254491e-01 1.573349302474149891e-01 8.436063072302744242e-04 -1.383018895802987439e-02 -2.226554586467598823e-05
9.396391947704544104e-05 4.470323907469636766e-03 9.050312772811456782e-05 -1.383528994198235558e-02 -8.927931228391787315e-04 1.573349302474149891e-01 4.979160806259491090e-01 1.571055334108256429e-01 -1.157281940488592842e-04 -1.379655024014234642e-02
-1.383816819138202273e-02 -4.154686936758448471e-05 4.470706802449135424e-03 -1.457315152442981458e-04 -1.381552618019607666e-02 8.436063072302744242e-04 1.571055334108256429e-01 5.004460780005017817e-01 1.571920473503230775e-01 -5.296803712807659353e-04
-2.694671562681306108e-04 -1.381015444368045852e-02 -1.188995871453911186e-04 4.471880565065261201e-03 9.975989518952438741e-05 -1.383018895802987439e-02 -1.157281940488592842e-04 1.571920473503230775e-01 5.008296694348215450e-01 1.570676475957765994e-01
1.573270028506834894e-01 9.037014532875583400e-04 -1.384254971221967993e-02 -2.020416845539032809e-05 4.468725400912104510e-03 -2.226554586467598823e-05 -1.379655024014234642e-02 -5.296803712807659353e-04 1.570676475957765994e-01 5.006711009622322184e-01
5.014025751877562165e-01 1.572215799860354202e-01 4.834531211047996989e-04 -1.380969010904473798e-02 -5.534181733622071508e-05 4.461126037380804335e-03 -5.929472998648710252e-05 -1.379773422666548399e-02 3.006404536693499385e-04 1.571106273380570850e-01
1.572215799860354202e-01 4.988694564047844171e-01 1.570885161527712515e-01 2.224131073035966449e-04 -1.380113163789067378e-02 -5.565372611795712035e-06 4.464086336359343078e-03 9.072819394560647155e-05 -1.381597219048614003e-02 -5.443479774435265464e-04
4.834531211047996989e-04 1.570885161527712515e-01 4.997169456244824892e-01 1.571673078911590693e-01 -1.901905830155813625e-04 -1.380534887345090042e-02 1.745805192374778013e-05 4.461392715275250276e-03 -7.936441929559266608e-05 -1.380167712357233123e-02
-1.380969010904473798e-02 2.224131073035966449e-04 1.571673078911590693e-01 5.003056166203920796e-01 1.570973996182681576e-01 -2.363992373182197473e-04 -1.379790480111175999e-02 7.647263708999510749e-05 4.460804751292178280e-03 -9.933827308928450638e-06
-5.534181733622071508e-05 -1.380113163789067378e-02 -1.901905830155813625e-04 1.570973996182681576e-01 5.005716270612274865e-01 1.571494097668233447e-01 3.297583239338600786e-04 -1.380784962543729968e-02 -4.961469850061969310e-05 4.462167999251167444e-03
4.461126037380804335e-03 -5.565372611795712035e-06 -1.380534887345090042e-02 -2.363992373182197473e-04 1.571494097668233447e-01 4.990763940818379041e-01 1.571256687355427339e-01 -4.233138012215448710e-04 -1.379959126958561419e-02 7.446402807944531451e-05
-5.929472998648710252e-05 4.464086336359343078e-03 1.745805192374778013e-05 -1.379790480111175999e-02 3.297583239338600786e-04 1.571256687355427339e-01 5.011288049917191900e-01 1.571660991542489505e-01 3.000371235016030015e-04 -1.380905434721419606e-02
-1.379773422666548399e-02 9.072819394560647155e-05 4.461392715275250276e-03 7.647263708999510749e-05 -1.380784962543729968e-02 -4.233138012215448710e-04 1.571660991542489505e-01 4.990907812494252971e-01 1.571057682471811989e-01 -2.422780131318561306e-04
3.006404536693499385e-04 -1.381597219048614003e-02 -7.936441929559266608e-05 4.460804751292178280e-03 -4.961469850061969310e-05 -1.379959126958561419e-02 3.000371235016030015e-04 1.571057682471811989e-01 5.007894898885287827e-01 1.571598049548508791e-01
1.571106273380570850e-01 -5.443479774435265464e-04 -1.380167712357233123e-02 -9.933827308928450638e-06 4.462167999251167444e-03 7.446402807944531451e-05 -1.380905434721419606e-02 -2.422780131318561306e-04 1.571598049548508791e-01 4.990483088898567399e-01
4.982355050705660204e-01 1.570563905308816066e-01 -9.779538216518835142e-05 -1.378844326172808457e-02 1.902462990543651281e-05 4.463161810928701137e-03 1.167070241146795652e-04 -1.382870644882624837e-02 -8.021565007344561189e-04 1.573708398469889080e-01
1.570563905308816066e-01 5.004758188157785170e-01 1.571772771834979432e-01 -8.466079362686135083e-05 -1.381173822295108343e-02 -1.233484854028067744e-05 4.464584861850470071e-03 2.406056262278951328e-05 -1.380704492049311671e-02 7.205099630531296845e-04
-9.779538216518835142e-05 1.571772771834979432e-01 5.000430648476883455e-01 1.570704788997466239e-01 -6.756511919263114181e-05 -1.379112045934310742e-02 -4.216558757232823562e-05 4.461813622752213750e-03 1.015596063869206919e-04 -1.383279712333118118e-02
-1.378844326172808457e-02 -8.466079362686135083e-05 1.570704788997466239e-01 5.001936536134753419e-01 1.571743818862133546e-01 1.886070185912827341e-04 -1.380842044186151793e-02 -6.178132854791311543e-05 4.465316733798169353e-03 -8.915607698827508754e-05
1.902462990543651281e-05 -1.381173822295108343e-02 -6.756511919263114181e-05 1.571743818862133546e-01 4.996258795726225554e-01 1.570708754385610750e-01 1.085735953107532133e-04 -1.378943091871240312e-02 -9.477970326877482117e-05 4.469578275690757642e-03
4.463161810928701137e-03 -1.233484854028067744e-05 -1.379112045934310742e-02 1.886070185912827341e-04 1.570708754385610750e-01 4.998495851363335407e-01 1.571720956063335506e-01 6.765608333909509629e-05 -1.382406771626247359e-02 3.896177374496369804e-05
1.167070241146795652e-04 4.464584861850470071e-03 -4.216558757232823562e-05 -1.380842044186151793e-02 1.085735953107532133e-04 1.571720956063335506e-01 4.999975530427152592e-01 1.570609246512881807e-01 3.163005415483628388e-04 -1.380622765921105284e-02
-1.382870644882624837e-02 2.406056262278951328e-05 4.461813622752213750e-03 -6.178132854791311543e-05 -1.378943091871240312e-02 6.765608333909509629e-05 1.570609246512881807e-01 4.993165703216311258e-01 1.572534909565593553e-01 -3.490425246544309398e-04
-8.021565007344561189e-04 -1.380704492049311671e-02 1.015596063869206919e-04 4.465316733798169353e-03 -9.477970326877482117e-05 -1.382406771626247359e-02 3.163005415483628388e-04 1.572534909565593553e-01 5.004960026811646756e-01 1.570441216951388441e-01
1.573708398469889080e-01 7.205099630531296845e-04 -1.383279712333118118e-02 -8.915607698827508754e-05 4.469578275690757642e-03 3.896177374496369804e-05 -1.380622765921105284e-02 -3.490425246544309398e-04 1.570441216951388441e-01 5.017663668980456571e-01
5.020140719641887905e-01 1.575655867921047504e-01 1.539647630968123126e-03 -1.385546587696728955e-02 -1.434821831342978802e-04 4.469339853459439529e-03 4.413624712908974690e-05 -1.379875283320748311e-02 -2.769302784548593153e-04 1.570419368409243233e-01
1.575655867921047504e-01 4.965368448755686503e-01 1.572301480497054482e-01 -2.569552419475413293e-04 -1.382261132205416833e-02 2.666915552564964875e-05 4.474503191072435118e-03 2.006406671375006283e-04 -1.386479456184097278e-02 -7.453297299272710567e-04
1.539647630968123126e-03 1.572301480497054482e-01 5.008998781478690709e-01 1.571672557208360632e-01 -5.579066675343444725e-04 -1.381034969039792067e-02 1.139644240450273720e-04 4.471861684312296650e-03 -1.420003976593097600e-04 -1.384350736519073324e-02
-1.385546587696728955e-02 -2.569552419475413293e-04 1.571672557208360632e-01 5.010288326217273713e-01 1.571272184782435410e-01 2.360033548746806771e-04 -1.380163016383649521e-02 -7.623308053366765244e-05 4.469871100419447324e-03 2.960607898271652673e-05
-1.434821831342978802e-04 -1.382261132205416833e-02 -5.579066675343444725e-04 1.571272184782435410e-01 4.993307845202092365e-01 1.571383072401238978e-01 -1.194573077898207622e-04 -1.380471943375690368e-02 -4.540229114614076215e-05 4.471570356260676574e-03
4.469339853459439529e-03 2.666915552564964875e-05 -1.381034969039792067e-02 2.360033548746806771e-04 1.571383072401238978e-01 5.003784697123244696e-01 1.571078844761550353e-01 1.764629302033199213e-04 -1.380206294247836307e-02 -8.266242283856218079e-06
4.413624712908974690e-05 4.474503191072435118e-03 1.139644240450273720e-04 -1.380163016383649521e-02 -1.194573077898207622e-04 1.571078844761550353e-01 4.997207933857965023e-01 1.571361718208541258e-01 3.486503603686835068e-04 -1.381746218508198183e-02
-1.379875283320748311e-02 2.006406671375006283e-04 4.471861684312296650e-03 -7.623308053366765244e-05 -1.380471943375690368e-02 1.764629302033199213e-04 1.571361718208541258e-01 4.992341580235332699e-01 1.571496510411811154e-01 -3.407418304886772678e-04
-2.769302784548593153e-04 -1.386479456184097278e-02 -1.420003976593097600e-04 4.469871100419447324e-03 -4.540229114614076215e-05 -1.380206294247836307e-02 3.486503603686835068e-04 1.571496510411811154e-01 5.007914857273076947e-01 1.571683824117927064e-01
1.570419368409243233e-01 -7.453297299272710567e-04 -1.384350736519073324e-02 2.960607898271652673e-05 4.471570356260676574e-03 -8.266242283856218079e-06 -1.381746218508198183e-02 -3.407418304886772678e-04 1.571683824117927064e-01 5.000646810214562921e-01
4.982934020828148625e-01 1.571719940424745610e-01 -4.895766742707143796e-04 -1.380535422253979620e-02 1.167729341545131153e-04 4.462585128341952333e-03 -1.816528784811605656e-05 -1.381121196010640789e-02 -3.706255840323080530e-04 1.571985601071153038e-01
1.571719940424745610e-01 5.013558736936039040e-01 1.571493347449217648e-01 2.137821295248630918e-04 -1.380712773708483825e-02 -3.412144011055874950e-05 4.462471094730817781e-03 -2.201305084581305473e-05 -1.380573253692342177e-02 6.943850312506638948e-04
-4.895766742707143796e-04 1.571493347449217648e-01 4.992315407228018476e-01 1.571109342631599182e-01 -3.094242698783881756e-04 -1.379836981805980869e-02 -1.770125013022443364e-05 4.462432659274136702e-03 9.313043936739389198e-05 -1.381506610783427014e-02
-1.380535422253979620e-02 2.137821295248630918e-04 1.571109342631599182e-01 5.007795999451551960e-01 1.571561375741407085e-01 1.596580780931350623e-04 -1.380534246191214565e-02 2.526914820268205144e-05 4.462555767082786173e-03 -1.078196639403779830e-04
1.167729341545131153e-04 -1.380712773708483825e-02 -3.094242698783881756e-04 1.571561375741407085e-01 4.996884353363378883e-01 1.570996475061206543e-01 3.093731496944757218e-04 -1.380120685204997040e-02 -1.320192681720985524e-04 4.463865169521604240e-03
4.462585128341952333e-03 -3.412144011055874950e-05 -1.379836981805980869e-02 1.596580780931350623e-04 1.570996475061206543e-01 4.992371121658968347e-01 1.571686616132015324e-01 -4.781458048470246629e-04 -1.381704018731669953e-02 9.662229849271528363e-05
-1.816528784811605656e-05 4.462471094730817781e-03 -1.770125013022443364e-05 -1.380534246191214565e-02 3.093731496944757218e-04 1.571686616132015324e-01 5.013021009073348466e-01 1.571403181227395418e-01 6.330848845180264348e-04 -1.380393682065073416e-02
-1.381121196010640789e-02 -2.201305084581305473e-05 4.462432659274136702e-03 2.526914820268205144e-05 -1.380120685204997040e-02 -4.781458048470246629e-04 1.571403181227395418e-01 4.984345406673851286e-01 1.572076345561310151e-01 -3.619663309123158021e-04
-3.706255840323080530e-04 -1.380573253692342177e-02 9.313043936739389198e-05 4.462555767082786173e-03 -1.320192681720985524e-04 -1.381704018731669953e-02 6.330848845180264348e-04 1.572076345561310151e-01 5.008137559795470262e-01 1.570882694926122036e-01
1.571985601071153038e-01 6.943850312506638948e-04 -1.381506610783427014e-02 -1.078196639403779830e-04 4.463865169521604240e-03 9.662229849271528363e-05 -1.380393682065073416e-02 -3.619663309123158021e-04 1.570882694926122036e-01 5.008636384991222990e-01
5.005507497145731399e-01 1.571115294564492393e-01 3.038595657305582847e-04 -1.382402550300147227e-02 1.214214077300324914e-04 4.467744888750853349e-03 -2.471478570143935578e-05 -1.382214718302397782e-02 -8.739928717312224482e-05 1.571542597093824600e-01
1.571115294564492393e-01 4.994097314518506359e-01 1.571527494106589873e-01 1.058707087021309307e-04 -1.382098657528659652e-02 9.103605702682016976e-05 4.469740854366975429e-03 -1.182567563814373155e-04 -1.382052711239640380e-02 -2.808249601051626297e-04
3.038595657305582847e-04 1.571527494106589873e-01 4.995551646827915415e-01 1.571983731802682194e-01 -9.862369848596896048e-04 -1.381801898755898560e-02 1.221640794075468269e-04 4.470280490754901213e-03 -4.101556529352633033e-05 -1.381437592617735209e-02
-1.382402550300147227e-02 1.058707087021309307e-04 1.571983731802682194e-01 5.020415175161710986e-01 1.572217442932213050e-01 4.306004936338700580e-05 -1.383843750594380972e-02 -1.744532103977436118e-05 4.489186583162748170e-03 3.302429248483630545e-05
1.214214077300324914e-04 -1.382098657528659652e-02 -9.862369848596896048e-04 1.572217442932213050e-01 4.996516496844993216e-01 1.571402656676796628e-01 3.013182797538992630e-04 -1.380490358327205423e-02 -1.238470313009805879e-05 4.470162231232907568e-03
4.467744888750853349e-03 9.103605702682016976e-05 -1.381801898755898560e-02 4.306004936338700580e-05 1.571402656676796628e-01 4.995339294308036582e-01 1.571448215517483038e-01 6.185156529824465798e-05 -1.382590986322965523e-02 -1.537373726389879263e-04
-2.471478570143935578e-05 4.469740854366975429e-03 1.221640794075468269e-04 -1.383843750594380972e-02 3.013182797538992630e-04 1.571448215517483038e-01 4.997395154404726259e-01 1.570922967070231269e-01 -4.280316838555153422e-04 -1.381453607863371985e-02
-1.382214718302397782e-02 -1.182567563814373155e-04 4.470280490754901213e-03 -1.744532103977436118e-05 -1.380490358327205423e-02 6.185156529824465798e-05 1.570922967070231269e-01 5.012261227936919417e-01 1.572666444443955314e-01 9.666085390428449595e-04
-8.739928717312224482e-05 -1.382052711239640380e-02 -4.101556529352633033e-05 4.489186583162748170e-03 -1.238470313009805879e-05 -1.382590986322965523e-02 -4.280316838555153422e-04 1.572666444443955314e-01 4.978554858359018898e-01 1.571782472485398485e-01
1.571542597093824600e-01 -2.808249601051626297e-04 -1.381437592617735209e-02 3.302429248483630545e-05 4.470162231232907568e-03 -1.537373726389879263e-04 -1.381453607863371985e-02 9.666085390428449595e-04 1.571782472485398485e-01 5.004361334492435365e-01
5.008506859350201346e-01 1.571500968351397520e-01 -2.596152408772017979e-06 -1.380695679945239882e-02 -9.606642381986934794e-06 4.462812365721203350e-03 -8.313921771587064581e-05 -1.380676317442268083e-02 -1.187058569094073465e-04 1.571117952450321320e-01
1.571500968351397520e-01 4.998794501605052232e-01 1.571048281736360519e-01 6.352162988132632748e-05 -1.379576206328461847e-02 -5.410799055571453571e-05 4.460936543468087788e-03 2.003752055972432555e-05 -1.381001556576548148e-02 -4.404221318382237614e-04
-2.596152408772017979e-06 1.571048281736360519e-01 4.999221646706181743e-01 1.571378815193457401e-01 8.776842908739799533e-05 -1.380148417718845416e-02 -2.937273845478853172e-05 4.461926271680524171e-03 7.235156171300511502e-05 -1.379615766518330587e-02
-1.380695679945239882e-02 6.352162988132632748e-05 1.571378815193457401e-01 4.998647485788201283e-01 1.570990338031199030e-01 1.419089331211249080e-04 -1.379627835819553436e-02 6.435425253765823935e-05 4.461204532276478833e-03 6.868036877744155351e-05
-9.606642381986934794e-06 -1.379576206328461847e-02 8.776842908739799533e-05 1.570990338031199030e-01 4.998036192662612121e-01 1.571412620408325078e-01 5.194523355184124235e-05 -1.381065690137669652e-02 -4.155794373681433163e-05 4.460290980029454726e-03
4.462812365721203350e-03 -5.410799055571453571e-05 -1.380148417718845416e-02 1.419089331211249080e-04 1.571412620408325078e-01 4.997025211546068379e-01 1.571051785881247831e-01 -6.015467194829390504e-04 -1.380247803460462643e-02 -7.643790932432308798e-06
-8.313921771587064581e-05 4.460936543468087788e-03 -2.937273845478853172e-05 -1.379627835819553436e-02 5.194523355184124235e-05 1.571051785881247831e-01 5.013900316872774710e-01 1.572299769440947403e-01 4.754971544620157330e-04 -1.381075280534485410e-02
-1.380676317442268083e-02 2.003752055972432555e-05 4.461926271680524171e-03 6.435425253765823935e-05 -1.381065690137669652e-02 -6.015467194829390504e-04 1.572299769440947403e-01 4.989293082109942934e-01 1.570825127440118596e-01 3.423535571908786074e-04
-1.187058569094073465e-04 -1.381001556576548148e-02 7.235156171300511502e-05 4.461204532276478833e-03 -4.155794373681433163e-05 -1.380247803460462643e-02 4.754971544620157330e-04 1.570825127440118596e-01 4.994907323213277905e-01 1.571812142434803883e-01
1.571117952450321320e-01 -4.404221318382237614e-04 -1.379615766518330587e-02 6.868036877744155351e-05 4.460290980029454726e-03 -7.643790932432308798e-06 -1.381075280534485410e-02 3.423535571908786074e-04 1.571812142434803883e-01 5.001667380145680131e-01
5.004898372505162119e-01 1.571812173078188657e-01 4.561622757450156619e-04 -1.381355802555816678e-02 -1.299932224064500414e-05 4.476818533536603383e-03 2.376396087291839684e-04 -1.383428484438172477e-02 -1.958305507862891093e-04 1.570931355643533645e-01
1.571812173078188657e-01 4.990798756498315836e-01 1.571016951392373573e-01 1.950815968256784487e-05 -1.380411718805341775e-02 3.741183379956731147e-06 4.477007505541310065e-03 -5.225128620412654518e-05 -1.381525476339682569e-02 -2.543097807843043242e-04
4.561622757450156619e-04 1.571016951392373573e-01 4.998755182741324021e-01 1.571663923788456096e-01 -5.779761592328384054e-04 -1.381980834538617392e-02 5.919282252338551415e-05 4.481655399432247014e-03 -6.305534665024660566e-05 -1.380223723971448976e-02
-1.381355802555816678e-02 1.950815968256784487e-05 1.571663923788456096e-01 5.013558926451557873e-01 1.571583649683194195e-01 4.009138315627575923e-04 -1.381543063271493954e-02 -2.268588519939130580e-04 4.479193580384488102e-03 3.801393521218860523e-05
-1.299932224064500414e-05 -1.380411718805341775e-02 -5.779761592328384054e-04 1.571583649683194195e-01 4.987855819753576059e-01 1.571839350241911459e-01 -2.061385869525692548e-04 -1.388206873456721002e-02 2.011953868925131581e-04 4.477311243854652928e-03
4.476818533536603383e-03 3.741183379956731147e-06 -1.381980834538617392e-02 4.009138315627575923e-04 1.571839350241911459e-01 5.011636850246715680e-01 1.570989893623741529e-01 1.213934825028900513e-03 -1.387367443317401652e-02 -1.842967574014869317e-04
2.376396087291839684e-04 4.477007505541310065e-03 5.919282252338551415e-05 -1.381543063271493954e-02 -2.061385869525692548e-04 1.570989893623741529e-01 4.967104035520537031e-01 1.577244029951787585e-01 -1.756998130942902855e-03 -1.389580427333055555e-02
-1.383428484438172477e-02 -5.225128620412654518e-05 4.481655399432247014e-03 -2.268588519939130580e-04 -1.388206873456721002e-02 1.213934825028900513e-03 1.577244029951787585e-01 5.043822013343468580e-01 1.573871434279802139e-01 8.966688057785339450e-04
-1.958305507862891093e-04 -1.381525476339682569e-02 -6.305534665024660566e-05 4.479193580384488102e-03 2.011953868925131581e-04 -1.387367443317401652e-02 -1.756998130942902855e-03 1.573871434279802139e-01 4.974076760802896846e-01 1.571892303598300678e-01
1.570931355643533645e-01 -2.543097807843043242e-04 -1.380223723971448976e-02 3.801393521218860523e-05 4.477311243854652928e-03 -1.842967574014869317e-04 -1.389580427333055555e-02 8.966688057785339450e-04 1.571892303598300678e-01 5.007493282136346036e-01
5.020293251672748314e-01 1.571690735330929511e-01 -1.271024964788330111e-04 -1.384040316943194876e-02 1.051250444381712085e-04 4.471418157594481309e-03 -6.410846498826905664e-05 -1.382027674887443755e-02 1.018973404074269545e-03 1.572762313671843271e-01
1.571690735330929511e-01 5.003780613574164704e-01 1.571741731371139594e-01 1.207169431595283941e-03 -1.383586420635195963e-02 -1.588335819599000719e-04 4.470896645124393387e-03 1.315717174043810498e-04 -1.383392509448645724e-02 -8.823494060104058968e-04
-1.271024964788330111e-04 1.571741731371139594e-01 4.971708308977045299e-01 1.574493654999014058e-01 -1.076350785699673298e-03 -1.383938142139666712e-02 9.826380705298801469e-05 4.474856787796453218e-03 -9.453609018968372850e-05 -1.382135185505303440e-02
-1.384040316943194876e-02 1.207169431595283941e-03 1.574493654999014058e-01 5.026734280754699968e-01 1.571403971996793436e-01 2.095114205323603523e-04 -1.380323151188493982e-02 -6.687036844546341758e-05 4.470509756347808283e-03 -4.503012239061071533e-05
1.051250444381712085e-04 -1.383586420635195963e-02 -1.076350785699673298e-03 1.571403971996793436e-01 4.992189376326106043e-01 1.571537925780668588e-01 3.245039823048331438e-04 -1.381398313461086949e-02 1.796077399737492438e-05 4.471026876667861041e-03
4.471418157594481309e-03 -1.588335819599000719e-04 -1.383938142139666712e-02 2.095114205323603523e-04 1.571537925780668588e-01 4.995548041485564084e-01 1.571015929664450472e-01 9.731991818315614221e-05 -1.380269291803508727e-02 7.639323981517201880e-05
-6.410846498826905664e-05 4.470896645124393387e-03 9.826380705298801469e-05 -1.380323151188493982e-02 3.245039823048331438e-04 1.571015929664450472e-01 4.997466708897055909e-01 1.571783900588596961e-01 -4.793561061236873214e-04 -1.381799304751515217e-02
-1.382027674887443755e-02 1.315717174043810498e-04 4.474856787796453218e-03 -6.687036844546341758e-05 -1.381398313461086949e-02 9.731991818315614221e-05 1.571783900588596961e-01 5.008264977502823179e-01 1.570965285911117004e-01 -2.911047908933641834e-04
1.018973404074269545e-03 -1.383392509448645724e-02 -9.453609018968372850e-05 4.470509756347808283e-03 1.796077399737492438e-05 -1.380269291803508727e-02 -4.793561061236873214e-04 1.570965285911117004e-01 5.008302131334985141e-01 1.572340849945200181e-01
1.572762313671843271e-01 -8.823494060104058968e-04 -1.382135185505303440e-02 -4.503012239061071533e-05 4.471026876667861041e-03 7.639323981517201880e-05 -1.381799304751515217e-02 -2.911047908933641834e-04 1.572340849945200181e-01 4.975712309474746853e-01
4.997455493771457147e-01 1.571095622113145018e-01 7.152488084034554303e-05 -1.380002988462362620e-02 -2.199251498227286516e-05 4.465064109327957637e-03 1.548758967047213372e-04 -1.381454904922838414e-02 -5.628169302046258371e-04 1.571595294308121005e-01
1.571095622113145018e-01 4.999094784112701473e-01 1.571403424948366323e-01 -2.096542690435384063e-05 -1.380917687293331877e-02 -5.807536621422385145e-05 4.462232317496883822e-03 -2.713459724253933399e-05 -1.380225542883565040e-02 1.804928811898051308e-05
7.152488084034554303e-05 1.571403424948366323e-01 5.000294331359912414e-01 1.571018184570512899e-01 -3.303419030380823004e-05 -1.379702587027920035e-02 -1.317891183270032197e-04 4.466677010723655097e-03 8.393377478019682474e-05 -1.381264413013882919e-02
-1.380002988462362620e-02 -2.096542690435384063e-05 1.571018184570512899e-01 5.001300052161756771e-01 1.571583460662157039e-01 2.963306879205802316e-04 -1.381363240731640386e-02 -4.336239298090981294e-05 4.464483348048295039e-03 8.599612427225716577e-06
-2.199251498227286516e-05 -1.380917687293331877e-02 -3.303419030380823004e-05 1.571583460662157039e-01 4.995593079480371568e-01 1.570834439367183588e-01 5.004241597452929128e-04 -1.382017654763021373e-02 1.619537816803595187e-05 4.471194813495973225e-03
4.465064109327957637e-03 -5.807536621422385145e-05 -1.379702587027920035e-02 2.963306879205802316e-04 1.570834439367183588e-01 4.990222471512447133e-01 1.572459478723096105e-01 -2.974490003192941561e-04 -1.381981135627361953e-02 1.873126494805499873e-05
1.548758967047213372e-04 4.462232317496883822e-03 -1.317891183270032197e-04 -1.381363240731640386e-02 5.004241597452929128e-04 1.572459478723096105e-01 5.005352853078842701e-01 1.571046200719213304e-01 -5.237824250622674822e-04 -1.380697511074273354e-02
-1.381454904922838414e-02 -2.713459724253933399e-05 4.466677010723655097e-03 -4.336239298090981294e-05 -1.382017654763021373e-02 -2.974490003192941561e-04 1.571046200719213304e-01 5.011756667062644555e-01 1.571827208339606763e-01 5.518856846043456582e-04
-5.628169302046258371e-04 -1.380225542883565040e-02 8.393377478019682474e-05 4.464483348048295039e-03 1.619537816803595187e-05 -1.381981135627361953e-02 -5.237824250622674822e-04 1.571827208339606763e-01 4.985156571769253087e-01 1.571593511178016045e-01
1.571595294308121005e-01 1.804928811898051308e-05 -1.381264413013882919e-02 8.599612427225716577e-06 4.471194813495973225e-03 1.873126494805499873e-05 -1.380697511074273354e-02 5.518856846043456582e-04 1.571593511178016045e-01 5.013773695690537657e-01
5.011233679402803398e-01 1.570697914289884145e-01 8.724366298285674264e-05 -1.379093739284659864e-02 5.572446419170880402e-05 4.462848532359914994e-03 -1.741373026831422120e-05 -1.381882890843454809e-02 3.897878712689106968e-04 1.572553529109279591e-01
1.570697914289884145e-01 4.995523935046283226e-01 1.571697457334635950e-01 -3.047848288438624684e-04 -1.381203813838288025e-02 2.534325912363082794e-05 4.463803635030351782e-03 -3.983163880341982106e-05 -1.380426842101438456e-02 -4.807277164889413312e-04
8.724366298285674264e-05 1.571697457334635950e-01 5.006121197738030437e-01 1.570847406394842993e-01 -1.798607019070169949e-04 -1.380138561475501187e-02 -2.506633322539589194e-05 4.463240428407591782e-03 -4.189432219238193450e-05 -1.382129706722160303e-02
-1.379093739284659864e-02 -3.047848288438624684e-04 1.570847406394842993e-01 5.003414979176906696e-01 1.571931179163706949e-01 2.833677539323079409e-04 -1.381009515211380906e-02 -8.195298236427430859e-05 4.464766523962996475e-03 1.443392420823969903e-04
5.572446419170880402e-05 -1.381203813838288025e-02 -1.798607019070169949e-04 1.571931179163706949e-01 4.994180590844039536e-01 1.570798811491782299e-01 1.697950024403072165e-04 -1.379337821104418930e-02 5.028274113363592496e-05 4.461881667329892741e-03
4.462848532359914994e-03 2.534325912363082794e-05 -1.380138561475501187e-02 2.833677539323079409e-04 1.570798811491782299e-01 4.998355168919940139e-01 1.571569139449408570e-01 9.987611086341566030e-05 -1.381425455633439672e-02 -6.955012653320307413e-05
-1.741373026831422120e-05 4.463803635030351782e-03 -2.506633322539589194e-05 -1.381009515211380906e-02 1.697950024403072165e-04 1.571569139449408570e-01 4.996065182049214126e-01 1.570941195853672312e-01 -5.846410557077187133e-04 -1.379852211940054557e-02
-1.381882890843454809e-02 -3.983163880341982106e-05 4.463240428407591782e-03 -8.195298236427430859e-05 -1.379337821104418930e-02 9.987611086341566030e-05 1.570941195853672312e-01 5.013753128553665173e-01 1.572392844744309182e-01 5.194556176952008081e-04
3.897878712689106968e-04 -1.380426842101438456e-02 -4.189432219238193450e-05 4.464766523962996475e-03 5.028274113363592496e-05 -1.381425455633439672e-02 -5.846410557077187133e-04 1.572392844744309182e-01 4.988942112563884423e-01 1.570617923402887472e-01
1.572553529109279591e-01 -4.807277164889413312e-04 -1.382129706722160303e-02 1.443392420823969903e-04 4.461881667329892741e-03 -6.955012653320307413e-05 -1.379852211940054557e-02 5.194556176952008081e-04 1.570617923402887472e-01 4.992410025705172893e-01
5.018099907290893835e-01 1.571768030481343614e-01 5.061257704338335481e-05 -1.381625754160789935e-02 9.733176680764091000e-06 4.471702818561502576e-03 3.842004683712207285e-06 -1.381565572315256694e-02 4.190738103492502170e-04 1.572030383548607968e-01
1.571768030481343614e-01 4.998010701205356510e-01 1.571613929950627098e-01 5.314120149353604439e-04 -1.381265976212084357e-02 -1.019290551726581285e-04 4.472194398449601954e-03 1.972340111926595540e-04 -1.381274236520979408e-02 -8.193104621675109276e-04
5.061257704338335481e-05 1.571613929950627098e-01 4.988222141793678954e-01 1.571354219048415324e-01 -3.860078756933433110e-04 -1.380437412338933294e-02 9.089895297151004991e-05 4.467308734265150114e-03 -6.468038011482666987e-06 -1.381802970879337372e-02
-1.381625754160789935e-02 5.314120149353604439e-04 1.571354219048415324e-01 5.010978603425040312e-01 1.571600695766152689e-01 2.639181163861258105e-04 -1.382158832048893497e-02 -1.888183019680830734e-04 4.468025085936208271e-03 6.443970912642501755e-05
9.733176680764091000e-06 -1.381265976212084357e-02 -3.860078756933433110e-04 1.571600695766152689e-01 4.990745375866600386e-01 1.571185514669742322e-01 -4.278189609377356902e-04 -1.382111473889633714e-02 1.877575045672960510e-05 4.468721120941884263e-03
4.471702818561502576e-03 -1.019290551726581285e-04 -1.380437412338933294e-02 2.639181163861258105e-04 1.571185514669742322e-01 5.013648648880804082e-01 1.572162960136083698e-01 1.003868252580415775e-03 -1.382469769595991854e-02 -8.791250960579353926e-05
3.842004683712207285e-06 4.472194398449601954e-03 9.089895297151004991e-05 -1.382158832048893497e-02 -4.278189609377356902e-04 1.572162960136083698e-01 4.976955869380734754e-01 1.572615773203342449e-01 -2.876776843921697441e-04 -1.382543325032896050e-02
-1.381565572315256694e-02 1.972340111926595540e-04 4.467308734265150114e-03 -1.888183019680830734e-04 -1.382111473889633714e-02 1.003868252580415775e-03 1.572615773203342449e-01 5.008155059457310987e-01 1.571274904208334044e-01 -3.472544399309995811e-04
4.190738103492502170e-04 -1.381274236520979408e-02 -6.468038011482666987e-06 4.468025085936208271e-03 1.877575045672960510e-05 -1.382469769595991854e-02 -2.876776843921697441e-04 1.571274904208334044e-01 5.007314657705171923e-01 1.571250876509449057e-01
1.572030383548607968e-01 -8.193104621675109276e-04 -1.381802970879337372e-02 6.443970912642501755e-05 4.468721120941884263e-03 -8.791250960579353926e-05 -1.382543325032896050e-02 -3.472544399309995811e-04 1.571250876509449057e-01 4.987869034994393269e-01
4.997117264717063634e-01 1.571326057912137142e-01 2.096845572262850997e-04 -1.380044925998885619e-02 2.290559839483082287e-05 4.466810170549445971e-03 1.537271953513471461e-04 -1.382711140904724877e-02 -7.401574890257296008e-04 1.571183878739025874e-01
1.571326057912137142e-01 4.996626652086591514e-01 1.571221152668346721e-01 -8.133943179217074590e-05 -1.380964230437896345e-02 -3.178733673397241065e-05 4.465928211924102484e-03 -8.716694621514579910e-05 -1.382014558707325008e-02 3.695980795990415043e-06
2.096845572262850997e-04 1.571221152668346721e-01 5.000181822472634652e-01 1.571088982684633872e-01 -4.422531682476220881e-04 -1.380904683877480499e-02 -4.007871790487717908e-06 4.467308611878314205e-03 6.978970572232184085e-05 -1.380270009498209619e-02
-1.380044925998885619e-02 -8.133943179217074590e-05 1.571088982684633872e-01 5.010911947876570682e-01 1.572143249928625863e-01 5.868033465210984899e-04 -1.380871780225337297e-02 -1.127365817399249623e-04 4.467157164048594399e-03 3.453357944557306934e-05
2.290559839483082287e-05 -1.380964230437896345e-02 -4.422531682476220881e-04 1.572143249928625863e-01 4.986090548208599316e-01 1.571263550093596750e-01 -2.542383362393279937e-06 -1.381464244492083132e-02 7.761926781398895234e-05 4.470344184644604521e-03
4.466810170549445971e-03 -3.178733673397241065e-05 -1.380904683877480499e-02 5.868033465210984899e-04 1.571263550093596750e-01 5.003803432940883145e-01 1.571181673713330229e-01 1.862414490075372814e-04 -1.381457503513836178e-02 -1.229709629254411489e-04
1.537271953513471461e-04 4.465928211924102484e-03 -4.007871790487717908e-06 -1.380871780225337297e-02 -2.542383362393279937e-06 1.571181673713330229e-01 4.992185497381338433e-01 1.571801378444058206e-01 -7.561173113337016014e-04 -1.383886884655297772e-02
-1.382711140904724877e-02 -8.716694621514579910e-05 4.467308611878314205e-03 -1.127365817399249623e-04 -1.381464244492083132e-02 1.862414490075372814e-04 1.571801378444058206e-01 5.020452951289213761e-01 1.572402069635046029e-01 1.036883563745602012e-03
-7.401574890257296008e-04 -1.382014558707325008e-02 6.978970572232184085e-05 4.467157164048594399e-03 7.761926781398895234e-05 -1.381457503513836178e-02 -7.561173113337016014e-04 1.572402069635046029e-01 4.973324247147569710e-01 1.573176023649817123e-01
1.571183878739025874e-01 3.695980795990415043e-06 -1.380270009498209619e-02 3.453357944557306934e-05 4.470344184644604521e-03 -1.229709629254411489e-04 -1.383886884655297772e-02 1.036883563745602012e-03 1.573176023649817123e-01 5.019305635879582894e-01
4.998690962437113416e-01 1.571463081843658682e-01 2.253652048855333927e-04 -1.382594536673372940e-02 -1.251897934057811753e-04 4.463863676924618128e-03 3.906900111461656571e-06 -1.380076125161589298e-02 -4.062457640806932044e-04 1.570972270983168051e-01
1.571463081843658682e-01 4.992292402832743670e-01 1.571231773009692523e-01 -8.329447191427106177e-04 -1.382098640668735258e-02 1.089962412208836520e-04 4.463614459074053374e-03 -3.112809752678526295e-05 -1.380758995365658284e-02 6.646584062170520120e-05
2.253652048855333927e-04 1.571231773009692523e-01 5.021334035266319384e-01 1.573375867960968844e-01 9.760245938850572664e-04 -1.382629367105148860e-02 -7.651948979651274595e-05 4.466498264383037334e-03 4.721178048598228660e-05 -1.379773733266354691e-02
-1.382594536673372940e-02 -8.329447191427106177e-04 1.573375867960968844e-01 4.976030350312606876e-01 1.571678543857512877e-01 -3.113010409196983411e-04 -1.380317120450364095e-02 5.121954273153459880e-05 4.463777036037552652e-03 1.069885884625565420e-04
-1.251897934057811753e-04 -1.382098640668735258e-02 9.760245938850572664e-04 1.571678543857512877e-01 5.009380741586525465e-01 1.571345145038845204e-01 -2.945203839013309103e-04 -1.380777381533770942e-02 2.019323172466552601e-06 4.464394588164488469e-03
4.463863676924618128e-03 1.089962412208836520e-04 -1.382629367105148860e-02 -3.113010409196983411e-04 1.571345145038845204e-01 5.004154288249963445e-01 1.571172247056783489e-01 4.793631602255848728e-05 -1.379853435105314781e-02 -8.761782960569326306e-05
3.906900111461656571e-06 4.463614459074053374e-03 -7.651948979651274595e-05 -1.380317120450364095e-02 -2.945203839013309103e-04 1.571172247056783489e-01 4.999291437087524659e-01 1.571463530309780698e-01 3.033594370716956833e-04 -1.380707049624932750e-02
-1.380076125161589298e-02 -3.112809752678526295e-05 4.466498264383037334e-03 5.121954273153459880e-05 -1.380777381533770942e-02 4.793631602255848728e-05 1.571463530309780698e-01 4.995021278561535549e-01 1.570967696314471973e-01 2.263160916569769907e-04
-4.062457640806932044e-04 -1.380758995365658284e-02 4.721178048598228660e-05 4.463777036037552652e-03 2.019323172466552601e-06 -1.379853435105314781e-02 3.033594370716956833e-04 1.570967696314471973e-01 4.995016960000446260e-01 1.571811078024504260e-01
1.570972270983168051e-01 6.646584062170520120e-05 -1.379773733266354691e-02 1.069885884625565420e-04 4.464394588164488469e-03 -8.761782960569326306e-05 -1.380707049624932750e-02 2.263160916569769907e-04 1.571811078024504260e-01 5.008787543665338404e-01
5.003829499114448298e-01 1.571027997373344032e-01 -3.195002292078849993e-04 -1.379811773796076058e-02 -1.407844198673247451e-05 4.459209050721787450e-03 -1.943601114248386238e-05 -1.380186309343302449e-02 4.324452551696935862e-04 1.571493197146763832e-01
1.571027997373344032e-01 5.006139433118463877e-01 1.571555502647406510e-01 2.066062231737273488e-04 -1.380278039583057725e-02 -1.269694369858588448e-05 4.458932290383110439e-03 2.144790027014712667e-05 -1.379855704983188637e-02 -1.686597880859779452e-04
-3.195002292078849993e-04 1.571555502647406510e-01 4.996098617524469820e-01 1.571002876020355099e-01 3.148474518407158194e-04 -1.379760159417177043e-02 -1.909665514153281534e-05 4.459166911493265065e-03 -3.667070206160713206e-06 -1.380232861673813365e-02
-1.379811773796076058e-02 2.066062231737273488e-04 1.571002876020355099e-01 4.993506672445959804e-01 1.571580221129644239e-01 -2.937920006813873148e-04 -1.380137723506318775e-02 4.138782259483501013e-06 4.459365954498030818e-03 1.434423211449901850e-05
-1.407844198673247451e-05 -1.380278039583057725e-02 3.148474518407158194e-04 1.571580221129644239e-01 5.006416078075934806e-01 1.571048606803925884e-01 -8.493218938138223217e-05 -1.379693561063751600e-02 3.886007348421325236e-05 4.459027742026007435e-03
4.459209050721787450e-03 -1.269694369858588448e-05 -1.379760159417177043e-02 -2.937920006813873148e-04 1.571048606803925884e-01 5.001741956922880483e-01 1.571321326903634685e-01 3.061461536047211524e-04 -1.380037816818425501e-02 -9.827938758208334263e-06
-1.943601114248386238e-05 4.458932290383110439e-03 -1.909665514153281534e-05 -1.380137723506318775e-02 -8.493218938138223217e-05 1.571321326903634685e-01 4.992983160877596527e-01 1.571276181684138906e-01 -2.485489583539130659e-04 -1.379799645712214903e-02
