4.966693146271378145e-01 1.575140065438897785e-01 -2.725665875889070854e-03 -1.395688339878320416e-02 2.732865685486541457e-04 4.547527879363561128e-03 1.512433339671334772e-04 -1.387595993387021401e-02 -3.306116831025733907e-04 1.573512447677248849e-01
1.575140065438897785e-01 5.062258251395170827e-01 1.584880113371276156e-01 7.485965844259249991e-04 -1.411543375003988104e-02 -1.993054566135938222e-04 4.539246430168787129e-03 -1.654312283186976432e-04 -1.387804636076768114e-02 1.065916198167685472e-03
-2.725665875889070854e-03 1.584880113371276156e-01 4.976474798003515110e-01 1.569172414277181238e-01 7.157907872539312098e-04 -1.380611672364360012e-02 -5.039978854263840735e-04 4.523189296487806904e-03 4.616625875531026328e-04 -1.402261197965391608e-02
-1.395688339878320416e-02 7.485965844259249991e-04 1.569172414277181238e-01 4.988904050829922054e-01 1.574575743076341849e-01 -1.298428434437504109e-05 -1.395939837093281705e-02 -2.344449164004807750e-06 4.529264219837035588e-03 -4.278386222719688086e-05
2.732865685486541457e-04 -1.411543375003988104e-02 7.157907872539312098e-04 1.574575743076341849e-01 5.008060100555844496e-01 1.568734080063474978e-01 1.736890692437841922e-03 -1.389130137323654757e-02 -1.354916239027642306e-04 4.549058131750834122e-03
4.547527879363561128e-03 -1.993054566135938222e-04 -1.380611672364360012e-02 -1.298428434437504109e-05 1.568734080063474978e-01 4.961207168130680190e-01 1.582149735230255483e-01 -9.433935954266239659e-04 -1.398952825149858345e-02 1.683533102790793858e-04
1.512433339671334772e-04 4.539246430168787129e-03 -5.039978854263840735e-04 -1.395939837093281705e-02 1.736890692437841922e-03 1.582149735230255483e-01 5.022950502798346761e-01 1.568432940701320333e-01 -7.153562320790780686e-04 -1.378842069605032243e-02
-1.387595993387021401e-02 -1.654312283186976432e-04 4.523189296487806904e-03 -2.344449164004807750e-06 -1.389130137323654757e-02 -9.433935954266239659e-04 1.568432940701320333e-01 5.012322518109173508e-01 1.574121573569708110e-01 4.442410733322688099e-04
-3.306116831025733907e-04 -1.387804636076768114e-02 4.616625875531026328e-04 4.529264219837035588e-03 -1.354916239027642306e-04 -1.398952825149858345e-02 -7.153562320790780686e-04 1.574121573569708110e-01 4.986918983032102570e-01 1.569883433242375559e-01
1.573512447677248849e-01 1.065916198167685472e-03 -1.402261197965391608e-02 -4.278386222719688086e-05 4.549058131750834122e-03 1.683533102790793858e-04 -1.378842069605032243e-02 4.442410733322688099e-04 1.569883433242375559e-01 5.014210480873892983e-01
4.947859562284812052e-01 1.564749460657269275e-01 1.289674610682364471e-03 -1.402249473557736457e-02 -1.044821951734244668e-04 4.644928849986133118e-03 2.805648783194444841e-04 -1.418330625363735734e-02 -7.831406656296706174e-04 1.590248624064237726e-01
1.564749460657269275e-01 4.971524239930010802e-01 1.595689480619747747e-01 -3.010387515992164580e-03 -1.414432796303871989e-02 3.003294904401521441e-04 4.579918392461926335e-03 -1.280714514434842669e-04 -1.392491586784247101e-02 2.736222503634317370e-03
1.289674610682364471e-03 1.595689480619747747e-01 5.064746222533644815e-01 1.568435468298282620e-01 3.966734603914717468e-04 -1.382227308511391195e-02 2.737974613049000351e-04 4.583624332886768182e-03 -3.658947422355592191e-04 -1.422467627331615650e-02
-1.402249473557736457e-02 -3.010387515992164580e-03 1.568435468298282620e-01 4.988721149060799664e-01 1.577390296382356616e-01 1.456840080520992262e-03 -1.415562733249750224e-02 -4.450963576492130021e-04 4.594133221258201241e-03 -6.291532469015174859e-05
-1.044821951734244668e-04 -1.414432796303871989e-02 3.966734603914717468e-04 1.577390296382356616e-01 4.962391780943173902e-01 1.573196033106271097e-01 -2.708834701235451458e-03 -1.397354579181920090e-02 3.072560416429432717e-04 4.565072336934754282e-03
4.644928849986133118e-03 3.003294904401521441e-04 -1.382227308511391195e-02 1.456840080520992262e-03 1.573196033106271097e-01 5.069018900635766656e-01 1.590990029082349211e-01 2.551399174045333468e-03 -1.410906679423668333e-02 -5.985653777842246518e-05
2.805648783194444841e-04 4.579918392461926335e-03 2.737974613049000351e-04 -1.415562733249750224e-02 -2.708834701235451458e-03 1.590990029082349211e-01 4.936619504161633976e-01 1.570112987770498347e-01 -3.536648831426666972e-04 -1.380181082282598559e-02
-1.418330625363735734e-02 -1.280714514434842669e-04 4.583624332886768182e-03 -4.450963576492130021e-04 -1.397354579181920090e-02 2.551399174045333468e-03 1.570112987770498347e-01 5.013369936313923914e-01 1.578028110658397098e-01 -1.607799673269506152e-03
-7.831406656296706174e-04 -1.392491586784247101e-02 -3.658947422355592191e-04 4.594133221258201241e-03 3.072560416429432717e-04 -1.410906679423668333e-02 -3.536648831426666972e-04 1.578028110658397098e-01 5.025059498900846799e-01 1.566747040819821413e-01
1.590248624064237726e-01 2.736222503634317370e-03 -1.422467627331615650e-02 -6.291532469015174859e-05 4.565072336934754282e-03 -5.985653777842246518e-05 -1.380181082282598559e-02 -1.607799673269506152e-03 1.566747040819821413e-01 5.020689205235422392e-01
5.042339502199676415e-01 1.580659403723129741e-01 1.452105321327484995e-03 -1.392116767463922461e-02 -1.675360852694461296e-04 4.495316809690370376e-03 -1.773021939929990236e-04 -1.381278391355584070e-02 9.000914275641891307e-04 1.570626243786676646e-01
1.580659403723129741e-01 4.965832541417495860e-01 1.568640849972831042e-01 6.670647693432360179e-04 -1.384358909739157907e-02 -1.745221182063096295e-05 4.522308473627726505e-03 2.733450264125673163e-04 -1.397813754759818193e-02 -1.637920937230219172e-03
1.452105321327484995e-03 1.568640849972831042e-01 4.991424973762945694e-01 1.575750051119317874e-01 -5.685556816427292338e-04 -1.388179327918769718e-02 5.232172776801116807e-05 4.497758951812253284e-03 -2.394099518326056782e-04 -1.384843784013230564e-02
-1.392116767463922461e-02 6.670647693432360179e-04 1.575750051119317874e-01 5.009225492256407231e-01 1.569444317105392062e-01 -7.094319093089147907e-04 -1.381445041295821866e-02 2.303905045598541516e-04 4.492448828484848014e-03 -2.983413595920522427e-05
-1.675360852694461296e-04 -1.384358909739157907e-02 -5.685556816427292338e-04 1.569444317105392062e-01 5.017184925662113715e-01 1.574135052117284217e-01 9.908753531890398657e-04 -1.390436224316593007e-02 -1.488445100193869122e-04 4.504786320421914902e-03
4.495316809690370376e-03 -1.745221182063096295e-05 -1.388179327918769718e-02 -7.094319093089147907e-04 1.574135052117284217e-01 4.972234226037460791e-01 1.571988477801165573e-01 -1.273682701005933579e-03 -1.382957725177424296e-02 2.245435894521525698e-04
-1.773021939929990236e-04 4.522308473627726505e-03 5.232172776801116807e-05 -1.381445041295821866e-02 9.908753531890398657e-04 1.571988477801165573e-01 5.033975013497016260e-01 1.575641066193698980e-01 8.993491799896258763e-04 -1.391533668059268328e-02
-1.381278391355584070e-02 2.733450264125673163e-04 4.497758951812253284e-03 2.303905045598541516e-04 -1.390436224316593007e-02 -1.273682701005933579e-03 1.575641066193698980e-01 4.972652526560537578e-01 1.570194753742378269e-01 -7.260829155583395020e-04
9.000914275641891307e-04 -1.397813754759818193e-02 -2.394099518326056782e-04 4.492448828484848014e-03 -1.488445100193869122e-04 -1.382957725177424296e-02 8.993491799896258763e-04 1.570194753742378269e-01 5.023733718900003087e-01 1.575076666348200760e-01
1.570626243786676646e-01 -1.637920937230219172e-03 -1.384843784013230564e-02 -2.983413595920522427e-05 4.504786320421914902e-03 2.245435894521525698e-04 -1.391533668059268328e-02 -7.260829155583395020e-04 1.575076666348200760e-01 4.971397079706374456e-01
4.946210899335150568e-01 1.565695559028612016e-01 -2.834351759737343494e-04 -1.372886091709234202e-02 5.221216245666505788e-05 4.514491826260647392e-03 3.576809191674430364e-04 -1.409562472892806305e-02 -2.414776700562454824e-03 1.594254824228449885e-01
1.565695559028612016e-01 5.014186841032151065e-01 1.576680077551653458e-01 -2.563960943545735144e-04 -1.394015688798404609e-02 -3.674522011415737115e-05 4.526902009047319500e-03 7.303530337669458285e-05 -1.389659803032803828e-02 2.164535136531023016e-03
-2.834351759737343494e-04 1.576680077551653458e-01 5.001259731693901145e-01 1.566997057889562284e-01 -1.968465927146618348e-04 -1.375298222170522056e-02 -1.287335753098567089e-04 4.501950019713883526e-03 3.077686038857733487e-04 -1.413227232866183514e-02
-1.372886091709234202e-02 -2.563960943545735144e-04 1.566997057889562284e-01 5.005844771740496357e-01 1.576402990384517255e-01 5.638917504208915089e-04 -1.390981235539655997e-02 -1.875946899000234687e-04 4.533617746398029523e-03 -2.659288984067788948e-04
5.221216245666505788e-05 -1.394015688798404609e-02 -1.968465927146618348e-04 1.576402990384517255e-01 4.988736501149731994e-01 1.567037155278137028e-01 3.256366783224915167e-04 -1.373800991176826400e-02 -2.850656010323356451e-04 4.572879635195763355e-03
4.514491826260647392e-03 -3.674522011415737115e-05 -1.375298222170522056e-02 5.638917504208915089e-04 1.567037155278137028e-01 4.995453170612216276e-01 1.576199695061588357e-01 2.130942176273228363e-04 -1.405245349851755310e-02 1.159638849458129731e-04
3.576809191674430364e-04 4.526902009047319500e-03 -1.287335753098567089e-04 -1.390981235539655997e-02 3.256366783224915167e-04 1.576199695061588357e-01 4.999906027320349389e-01 1.566140873407126377e-01 9.381090980863698772e-04 -1.388944310034925453e-02
-1.409562472892806305e-02 7.303530337669458285e-05 4.501950019713883526e-03 -1.875946899000234687e-04 -1.373800991176826400e-02 2.130942176273228363e-04 1.566140873407126377e-01 4.979240493857721161e-01 1.583560899585651494e-01 -1.042135825806735083e-03
-2.414776700562454824e-03 -1.389659803032803828e-02 3.077686038857733487e-04 4.533617746398029523e-03 -2.850656010323356451e-04 -1.405245349851755310e-02 9.381090980863698772e-04 1.583560899585651494e-01 5.015243408407363823e-01 1.564606036649629217e-01
1.594254824228449885e-01 2.164535136531023016e-03 -1.413227232866183514e-02 -2.659288984067788948e-04 4.572879635195763355e-03 1.159638849458129731e-04 -1.388944310034925453e-02 -1.042135825806735083e-03 1.564606036649629217e-01 5.053918154850942646e-01
5.062908952360758441e-01 1.612349875759819251e-01 4.759379258689472834e-03 -1.434586327064488187e-02 -4.474201909689895593e-04 4.571354643850814373e-03 1.424914689022404831e-04 -1.381964045855286691e-02 -8.808113179187358321e-04 1.564345870301619423e-01
1.612349875759819251e-01 4.892561150334803211e-01 1.581155924711381555e-01 -7.628166403600257842e-04 -1.403677395750161511e-02 7.853745774324491654e-05 4.619256676164135503e-03 6.193898130699521066e-04 -1.443511162978598598e-02 -2.223922875638711851e-03
4.759379258689472834e-03 1.581155924711381555e-01 5.027396821337453137e-01 1.575941896756369309e-01 -1.691823051245700893e-03 -1.393052924183923666e-02 3.495272888021502475e-04 4.595280925500431699e-03 -4.470943360119378771e-04 -1.423168453351728729e-02
-1.434586327064488187e-02 -7.628166403600257842e-04 1.575941896756369309e-01 5.031098016810318097e-01 1.572014775823941946e-01 7.079803251539712201e-04 -1.384678233404864310e-02 -2.313427395703040817e-04 4.576942003752911686e-03 8.414513324966422028e-05
-4.474201909689895593e-04 -1.403677395750161511e-02 -1.691823051245700893e-03 1.572014775823941946e-01 4.979911452142129491e-01 1.573230797309286277e-01 -3.587780255001477014e-04 -1.387846651281249809e-02 -1.357374797390075577e-04 4.592145256470868582e-03
4.571354643850814373e-03 7.853745774324491654e-05 -1.393052924183923666e-02 7.079803251539712201e-04 1.573230797309286277e-01 5.011359159579655831e-01 1.570303979897861302e-01 5.321116013191877362e-04 -1.385086755870397826e-02 -2.282531249936763638e-05
1.424914689022404831e-04 4.619256676164135503e-03 3.495272888021502475e-04 -1.384678233404864310e-02 -3.587780255001477014e-04 1.570303979897861302e-01 4.991607303861433920e-01 1.573029520949252580e-01 1.050505982849814744e-03 -1.399429436528200343e-02
-1.381964045855286691e-02 6.193898130699521066e-04 4.595280925500431699e-03 -2.313427395703040817e-04 -1.387846651281249809e-02 5.321116013191877362e-04 1.573029520949252580e-01 4.976931703887598757e-01 1.574062095958537466e-01 -1.036877910016308253e-03
-8.808113179187358321e-04 -1.443511162978598598e-02 -4.470943360119378771e-04 4.576942003752911686e-03 -1.357374797390075577e-04 -1.385086755870397826e-02 1.050505982849814744e-03 1.574062095958537466e-01 5.023927513060582051e-01 1.575975698172704942e-01
1.564345870301619423e-01 -2.223922875638711851e-03 -1.423168453351728729e-02 8.414513324966422028e-05 4.592145256470868582e-03 -2.282531249936763638e-05 -1.399429436528200343e-02 -1.036877910016308253e-03 1.575975698172704942e-01 5.002297926625416391e-01
4.948430716997526679e-01 1.576172731386435433e-01 -1.474459696376176137e-03 -1.388174314309487123e-02 3.530950901426586843e-04 4.508612136629600378e-03 -5.593720217816758929e-05 -1.393498228591557100e-02 -1.111412145814258661e-03 1.578564145215288761e-01
1.576172731386435433e-01 5.040892711903655066e-01 1.574123791421075946e-01 6.383454490319884732e-04 -1.389776881204188123e-02 -1.020323820745103237e-04 4.507563088118366791e-03 -6.792644571583338195e-05 -1.388526556042850302e-02 2.098753140451682046e-03
-1.474459696376176137e-03 1.574123791421075946e-01 4.976911074861803952e-01 1.570665893608719776e-01 -9.285147295639589087e-04 -1.381873483464181145e-02 -5.302544937850852715e-05 4.507264794083630857e-03 2.814871222054530836e-04 -1.396984858339186085e-02
-1.388174314309487123e-02 6.383454490319884732e-04 1.570665893608719776e-01 5.023437851330769810e-01 1.574739189792933591e-01 4.778027341979600683e-04 -1.388169656238787651e-02 7.669719353639581350e-05 4.508330619467076222e-03 -3.262074258395097209e-04
3.530950901426586843e-04 -1.389776881204188123e-02 -9.285147295639589087e-04 1.574739189792933591e-01 4.990600375465362171e-01 1.569649460306716260e-01 9.281537275059642458e-04 -1.384424878224107744e-02 -3.993041419505785812e-04 4.520253083581893261e-03
4.508612136629600378e-03 -1.020323820745103237e-04 -1.381873483464181145e-02 4.778027341979600683e-04 1.569649460306716260e-01 4.977028285407011365e-01 1.575869858199808737e-01 -1.438066576310036582e-03 -1.398776269512938368e-02 2.919165070663146924e-04
-5.593720217816758929e-05 4.507563088118366791e-03 -5.302544937850852715e-05 -1.388169656238787651e-02 9.281537275059642458e-04 1.575869858199808737e-01 5.039219342793697098e-01 1.573308004860098919e-01 1.909452409239742422e-03 -1.386902902466677530e-02
-1.393498228591557100e-02 -6.792644571583338195e-05 4.507264794083630857e-03 7.669719353639581350e-05 -1.384424878224107744e-02 -1.438066576310036582e-03 1.573308004860098919e-01 4.952739927688036281e-01 1.579390336834692876e-01 -1.085254198146501717e-03
-1.111412145814258661e-03 -1.388526556042850302e-02 2.814871222054530836e-04 4.508330619467076222e-03 -3.993041419505785812e-04 -1.398776269512938368e-02 1.909452409239742422e-03 1.579390336834692876e-01 5.024630850576164987e-01 1.568629175064778503e-01
1.578564145215288761e-01 2.098753140451682046e-03 -1.396984858339186085e-02 -3.262074258395097209e-04 4.520253083581893261e-03 2.919165070663146924e-04 -1.386902902466677530e-02 -1.085254198146501717e-03 1.568629175064778503e-01 5.026108862975970926e-01
5.016602241306060694e-01 1.570719245574690448e-01 9.172752283615864246e-04 -1.405449529213320670e-02 3.755820131561576512e-04 4.556437696784614369e-03 -7.869294148050442225e-05 -1.403554254569251356e-02 -2.581780256775438251e-04 1.574608252544088816e-01
1.570719245574690448e-01 4.982189967809058651e-01 1.574472165579433591e-01 3.127392499490129051e-04 -1.402506627297898240e-02 2.814788700614149954e-04 4.575055636199575407e-03 -3.653742455982445024e-04 -1.402229765032851627e-02 -8.463396121119455377e-04
9.172752283615864246e-04 1.574472165579433591e-01 4.986495119104417117e-01 1.578558288829707279e-01 -2.995477128434657736e-03 -1.399772102856933556e-02 3.789269620704844460e-04 4.580217645254226061e-03 -1.338387657790635890e-04 -1.396696618267967253e-02
-1.405449529213320670e-02 3.127392499490129051e-04 1.578558288829707279e-01 5.062017810861760836e-01 1.580690582652230503e-01 1.142958059876858154e-04 -1.418788209172628517e-02 -4.273337020318937821e-05 4.760860981251239556e-03 1.093179225335094338e-04
3.755820131561576512e-04 -1.402506627297898240e-02 -2.995477128434657736e-03 1.580690582652230503e-01 4.989354581766864416e-01 1.573339850673907692e-01 9.204142327049681833e-04 -1.388070764475441039e-02 -4.925251648035350273e-05 4.579179937812806640e-03
4.556437696784614369e-03 2.814788700614149954e-04 -1.399772102856933556e-02 1.142958059876858154e-04 1.573339850673907692e-01 4.985895498509583801e-01 1.573743624808183472e-01 1.784399268255460152e-04 -1.407133142213331731e-02 -4.728562625744665241e-04
-7.869294148050442225e-05 4.575055636199575407e-03 3.789269620704844460e-04 -1.418788209172628517e-02 9.204142327049681833e-04 1.573743624808183472e-01 4.992184733558793219e-01 1.568989552035449098e-01 -1.277380528973897072e-03 -1.396567432638053802e-02
-1.403554254569251356e-02 -3.653742455982445024e-04 4.580217645254226061e-03 -4.273337020318937821e-05 -1.388070764475441039e-02 1.784399268255460152e-04 1.568989552035449098e-01 5.037228889939411314e-01 1.584758467385252168e-01 2.936360875690825680e-03
-2.581780256775438251e-04 -1.402229765032851627e-02 -1.338387657790635890e-04 4.760860981251239556e-03 -4.925251648035350273e-05 -1.407133142213331731e-02 -1.277380528973897072e-03 1.584758467385252168e-01 4.934834527387676473e-01 1.576724911952870900e-01
1.574608252544088816e-01 -8.463396121119455377e-04 -1.396696618267967253e-02 1.093179225335094338e-04 4.579179937812806640e-03 -4.728562625744665241e-04 -1.396567432638053802e-02 2.936360875690825680e-03 1.576724911952870900e-01 5.013196629756324629e-01
5.025596604891490182e-01 1.574196953960466383e-01 -1.135683066097144863e-05 -1.389636141460311169e-02 -2.785571197213567666e-05 4.510724535532461069e-03 -2.529581892888779337e-04 -1.389470745696167950e-02 -3.522116541456610933e-04 1.570743229558482779e-01
1.574196953960466383e-01 4.996362011755062227e-01 1.570113639544074569e-01 1.931838404750395918e-04 -1.379515367992573995e-02 -1.635257657442987299e-04 4.493751764566648529e-03 6.146429834350203639e-05 -1.392419643563147340e-02 -1.325902444084781865e-03
-1.135683066097144863e-05 1.570113639544074569e-01 4.997667764214441255e-01 1.573097102229581157e-01 2.627674512311440431e-04 -1.384687793583679050e-02 -8.786158431328478706e-05 4.502602135035384430e-03 2.181248741503397743e-04 -1.379864082931288836e-02
-1.389636141460311169e-02 1.931838404750395918e-04 1.573097102229581157e-01 4.995930835505517642e-01 1.569589870155141120e-01 4.259429370119366919e-04 -1.379968506545782223e-02 1.934793307230196172e-04 4.496081930892037795e-03 2.073119556286888735e-04
-2.785571197213567666e-05 -1.379515367992573995e-02 2.627674512311440431e-04 1.569589870155141120e-01 4.994101087074775958e-01 1.573404749849862949e-01 1.555687524572636239e-04 -1.392985744495125848e-02 -1.252535661116320476e-04 4.487783842522508754e-03
4.510724535532461069e-03 -1.635257657442987299e-04 -1.384687793583679050e-02 4.259429370119366919e-04 1.573404749849862949e-01 4.991093001627660564e-01 1.570134019819762750e-01 -1.811218410221944811e-03 -1.385569483930702492e-02 -2.305974788531739384e-05
-2.529581892888779337e-04 4.493751764566648529e-03 -8.786158431328478706e-05 -1.379968506545782223e-02 1.555687524572636239e-04 1.570134019819762750e-01 5.041988461068673821e-01 1.581420109702899868e-01 1.427231890989803147e-03 -1.393089708065969878e-02
-1.389470745696167950e-02 6.146429834350203639e-05 4.502602135035384430e-03 1.934793307230196172e-04 -1.392985744495125848e-02 -1.811218410221944811e-03 1.581420109702899868e-01 4.967595581432895369e-01 1.568101974351585048e-01 1.028526661522211234e-03
-3.522116541456610933e-04 -1.392419643563147340e-02 2.181248741503397743e-04 4.496081930892037795e-03 -1.252535661116320476e-04 -1.385569483930702492e-02 1.427231890989803147e-03 1.568101974351585048e-01 4.984584014127075857e-01 1.577007293085279094e-01
1.570743229558482779e-01 -1.325902444084781865e-03 -1.379864082931288836e-02 2.073119556286888735e-04 4.487783842522508754e-03 -2.305974788531739384e-05 -1.393089708065969878e-02 1.028526661522211234e-03 1.577007293085279094e-01 5.005080638302374929e-01
5.014766625729283334e-01 1.577162250037895119e-01 1.373807561579853910e-03 -1.396032621556602543e-02 -4.377925336717045372e-05 4.641424559187984009e-03 7.518802873779788535e-04 -1.413997840721585228e-02 -5.624344880122444414e-04 1.568889707595942373e-01
1.577162250037895119e-01 4.972292524459128171e-01 1.569687265598515014e-01 5.243176251667710543e-05 -1.386847095431427077e-02 1.365888524369851900e-05 4.643163288188033831e-03 -1.546571309336823466e-04 -1.397727131595453628e-02 -7.620349742856476856e-04
1.373807561579853910e-03 1.569687265598515014e-01 4.996208494160577773e-01 1.575820825153613214e-01 -1.741820582308190642e-03 -1.401804667849186614e-02 1.663032217969356321e-04 4.685525282180376568e-03 -2.049105698692355558e-04 -1.385200391163469123e-02
-1.396032621556602543e-02 5.243176251667710543e-05 1.575820825153613214e-01 5.040891755370610072e-01 1.574763299518406323e-01 1.212130130857276035e-03 -1.396824382531276776e-02 -7.089782439710178409e-04 4.664313147620268232e-03 1.226222587967745032e-04
-4.377925336717045372e-05 -1.386847095431427077e-02 -1.741820582308190642e-03 1.574763299518406323e-01 4.963292006203575135e-01 1.577517417636347397e-01 -5.547085142754837458e-04 -1.459646042384032082e-02 6.427874429989835492e-04 4.646621103545151704e-03
4.641424559187984009e-03 1.365888524369851900e-05 -1.401804667849186614e-02 1.212130130857276035e-03 1.577517417636347397e-01 5.034716919351280850e-01 1.569182148776063768e-01 3.700790585191563418e-03 -1.451228951061529944e-02 -5.756876109335093677e-04
7.518802873779788535e-04 4.643163288188033831e-03 1.663032217969356321e-04 -1.396824382531276776e-02 -5.547085142754837458e-04 1.569182148776063768e-01 4.896821051190781704e-01 1.627274986583343019e-01 -5.528646635252967324e-03 -1.472694587577902392e-02
-1.413997840721585228e-02 -1.546571309336823466e-04 4.685525282180376568e-03 -7.089782439710178409e-04 -1.459646042384032082e-02 3.700790585191563418e-03 1.627274986583343019e-01 5.138045089796794418e-01 1.595257516281977095e-01 2.694625911484786925e-03
-5.624344880122444414e-04 -1.397727131595453628e-02 -2.049105698692355558e-04 4.664313147620268232e-03 6.427874429989835492e-04 -1.451228951061529944e-02 -5.528646635252967324e-03 1.595257516281977095e-01 4.920421773457920311e-01 1.577977551039327075e-01
1.568889707595942373e-01 -7.620349742856476856e-04 -1.385200391163469123e-02 1.226222587967745032e-04 4.646621103545151704e-03 -5.756876109335093677e-04 -1.472694587577902392e-02 2.694625911484786925e-03 1.577977551039327075e-01 5.022543760280161473e-01
5.061770037506814202e-01 1.575982895849849519e-01 -3.802971552938359855e-04 -1.420435471570946975e-02 3.237184363181098631e-04 4.589714669247464685e-03 -1.964911823634492110e-04 -1.401703242842042806e-02 3.103407790229721804e-03 1.585586962475888650e-01
1.575982895849849519e-01 5.011436536236246742e-01 1.576235447035172488e-01 3.693966691173186743e-03 -1.416047403039441023e-02 -4.891717084340466105e-04 4.585144080113893149e-03 4.031472878392834626e-04 -1.414436572509925050e-02 -2.678150519954972109e-03
-3.802971552938359855e-04 1.576235447035172488e-01 4.913029199044756101e-01 1.601552015663184891e-01 -3.279202961642936013e-03 -1.419399498355375377e-02 2.977952003805021800e-04 4.621711189422422761e-03 -2.908914202966523437e-04 -1.402682462098722715e-02
-1.420435471570946975e-02 3.693966691173186743e-03 1.601552015663184891e-01 5.082079714339730048e-01 1.573177383936482099e-01 6.184038465728126195e-04 -1.386162126429513197e-02 -1.968202265604833759e-04 4.582087239999999354e-03 -1.380677946579765385e-04
3.237184363181098631e-04 -1.416047403039441023e-02 -3.279202961642936013e-03 1.573177383936482099e-01 4.976529870128099109e-01 1.574609187344601924e-01 9.800240373328624084e-04 -1.396176601162811559e-02 5.500369126423133696e-05 4.586487069346743828e-03
4.589714669247464685e-03 -4.891717084340466105e-04 -1.419399498355375377e-02 6.184038465728126195e-04 1.574609187344601924e-01 4.986609051158237271e-01 1.569778187891246179e-01 2.860541776466124769e-04 -1.385750696310990640e-02 2.301143652988121542e-04
-1.964911823634492110e-04 4.585144080113893149e-03 2.977952003805021800e-04 -1.386162126429513197e-02 9.800240373328624084e-04 1.569778187891246179e-01 4.992328188633338160e-01 1.576785619042785358e-01 -1.446018919389716354e-03 -1.399766994608976634e-02
-1.401703242842042806e-02 4.031472878392834626e-04 4.621711189422422761e-03 -1.968202265604833759e-04 -1.396176601162811559e-02 2.860541776466124769e-04 1.576785619042785358e-01 5.024948731260148183e-01 1.569349502440189614e-01 -8.651311905685660220e-04
3.103407790229721804e-03 -1.414436572509925050e-02 -2.908914202966523437e-04 4.582087239999999354e-03 5.500369126423133696e-05 -1.385750696310990640e-02 -1.446018919389716354e-03 1.569349502440189614e-01 5.025245504224600257e-01 1.581798759625513973e-01
1.585586962475888650e-01 -2.678150519954972109e-03 -1.402682462098722715e-02 -1.380677946579765385e-04 4.586487069346743828e-03 2.301143652988121542e-04 -1.399766994608976634e-02 -8.651311905685660220e-04 1.581798759625513973e-01 4.926023167467945552e-01
4.992318980470904499e-01 1.570545831698686168e-01 2.186425321463649624e-04 -1.383418952317023130e-02 -6.990303084368045873e-05 4.531629096246233765e-03 4.708188810259795109e-04 -1.396526332772379288e-02 -1.696397880770751133e-03 1.575044863705979403e-01
1.570545831698686168e-01 4.997281397456690422e-01 1.573318400457755506e-01 -6.499455295313539584e-05 -1.391673667167913492e-02 -1.762446438562848450e-04 4.505484024055541117e-03 -7.990346677233599012e-05 -1.385384852626677168e-02 4.840980196028476373e-05
2.186425321463649624e-04 1.573318400457755506e-01 5.000868379232563665e-01 1.569845505721726708e-01 -9.408687852252041722e-05 -1.380669130209297851e-02 -3.995747318279724422e-04 4.546194501795642294e-03 2.541659622281359186e-04 -1.394835282782580857e-02
-1.383418952317023130e-02 -6.499455295313539584e-05 1.569845505721726708e-01 5.003916788075893907e-01 1.574941459139999056e-01 8.936887875833687605e-04 -1.395719494921828646e-02 -1.341793463373752325e-04 4.526203334472687738e-03 2.901974533384675276e-05
-6.990303084368045873e-05 -1.391673667167913492e-02 -9.408687852252041722e-05 1.574941459139999056e-01 4.986681354737267369e-01 1.568191966274517513e-01 1.503998795751976128e-03 -1.401797738647275575e-02 4.982288112613192182e-05 4.588132764756839427e-03
4.531629096246233765e-03 -1.762446438562848450e-04 -1.380669130209297851e-02 8.936887875833687605e-04 1.568191966274517513e-01 4.970301125320916169e-01 1.582874097277069403e-01 -8.881607940780589846e-04 -1.401395646952134297e-02 5.546064800365277218e-05
4.708188810259795109e-04 4.505484024055541117e-03 -3.995747318279724422e-04 -1.395719494921828646e-02 1.503998795751976128e-03 1.582874097277069403e-01 5.016372752014928160e-01 1.570110373775426282e-01 -1.579502780948822960e-03 -1.389710057772009649e-02
-1.396526332772379288e-02 -7.990346677233599012e-05 4.546194501795642294e-03 -1.341793463373752325e-04 -1.401797738647275575e-02 -8.881607940780589846e-04 1.570110373775426282e-01 5.035492803269479012e-01 1.577135781009965654e-01 1.662954644748078185e-03
-1.696397880770751133e-03 -1.385384852626677168e-02 2.541659622281359186e-04 4.526203334472687738e-03 4.982288112613192182e-05 -1.401395646952134297e-02 -1.579502780948822960e-03 1.577135781009965654e-01 4.955227446178430695e-01 1.575032636370745087e-01
1.575044863705979403e-01 4.840980196028476373e-05 -1.394835282782580857e-02 2.901974533384675276e-05 4.588132764756839427e-03 5.546064800365277218e-05 -1.389710057772009649e-02 1.662954644748078185e-03 1.575032636370745087e-01 5.041538973243080424e-01
5.034007496140140425e-01 1.566950322669866669e-01 2.537715383921405150e-04 -1.375162038139021714e-02 1.675158378661646577e-04 4.511052102748863007e-03 -5.076285773788618292e-05 -1.400457277274249485e-02 1.162781850367332857e-03 1.583715649030942307e-01
1.566950322669866669e-01 4.986591727620516279e-01 1.575974813517222184e-01 -9.186165151347669032e-04 -1.394245973163470848e-02 7.785610388591329408e-05 4.519714978677059729e-03 -1.215057227611353883e-04 -1.387200550746063056e-02 -1.438697100103569163e-03
2.537715383921405150e-04 1.575974813517222184e-01 5.018421130820526210e-01 1.568302041718021289e-01 -5.336660464750354318e-04 -1.384588063604523175e-02 -7.708880103672703925e-05 4.514724808556493801e-03 -1.249456273798072890e-04 -1.402669740366584844e-02
-1.375162038139021714e-02 -9.186165151347669032e-04 1.568302041718021289e-01 5.010362009805131578e-01 1.578080442371780079e-01 8.464358959802361672e-04 -1.392481844361859525e-02 -2.461251152713111383e-04 4.528480950541920874e-03 4.358608704105786731e-04
1.675158378661646577e-04 -1.394245973163470848e-02 -5.336660464750354318e-04 1.578080442371780079e-01 4.982428320120930731e-01 1.567863290041965341e-01 5.116577473169061632e-04 -1.377352652667898116e-02 1.497172859621322865e-04 4.502321934858757348e-03
4.511052102748863007e-03 7.785610388591329408e-05 -1.384588063604523175e-02 8.464358959802361672e-04 1.567863290041965341e-01 4.995043894641993387e-01 1.574817250055830231e-01 3.016143358850989931e-04 -1.396249239946463147e-02 -2.110345587542709596e-04
-5.076285773788618292e-05 4.519714978677059729e-03 -7.708880103672703925e-05 -1.392481844361859525e-02 5.116577473169061632e-04 1.574817250055830231e-01 4.988211752179283476e-01 1.569135659303438901e-01 -1.759149551187012264e-03 -1.381986888995510865e-02
-1.400457277274249485e-02 -1.215057227611353883e-04 4.514724808556493801e-03 -2.461251152713111383e-04 -1.377352652667898116e-02 3.016143358850989931e-04 1.569135659303438901e-01 5.041524989534048595e-01 1.582257297469107649e-01 1.560602145692053383e-03
1.162781850367332857e-03 -1.387200550746063056e-02 -1.249456273798072890e-04 4.528480950541920874e-03 1.497172859621322865e-04 -1.396249239946463147e-02 -1.759149551187012264e-03 1.582257297469107649e-01 4.966524055871784915e-01 1.566236305297042386e-01
1.583715649030942307e-01 -1.438697100103569163e-03 -1.402669740366584844e-02 4.358608704105786731e-04 4.502321934858757348e-03 -2.110345587542709596e-04 -1.381986888995510865e-02 1.560602145692053383e-03 1.566236305297042386e-01 4.976884623265643293e-01
5.054807145070950858e-01 1.576615490202924463e-01 1.512202739755496368e-04 -1.398194564900569724e-02 3.035091824754354616e-05 4.593411946866572497e-03 1.085339841880254689e-05 -1.397705413837696704e-02 1.255890382064428447e-03 1.578980055314667952e-01
1.576615490202924463e-01 4.993969078179008592e-01 1.575231810018986045e-01 1.602151642463966585e-03 -1.394892824439666716e-02 -3.079809910590683777e-04 4.597794316807683052e-03 6.047765796572400791e-04 -1.394928219459757451e-02 -2.481623395588134374e-03
1.512202739755496368e-04 1.575231810018986045e-01 4.964477110657224967e-01 1.572872099921781286e-01 -1.158836271308206047e-03 -1.387358150587100769e-02 2.724818361251307025e-04 4.552026918498113320e-03 -1.855602299025821932e-05 -1.399768300856872594e-02
-1.398194564900569724e-02 1.602151642463966585e-03 1.572872099921781286e-01 5.033044198314486906e-01 1.575097387176063179e-01 7.863127730799064630e-04 -1.402979624969838933e-02 -5.788439115075233237e-04 4.558741374809088982e-03 1.984417944862059021e-04
3.035091824754354616e-05 -1.394892824439666716e-02 -1.158836271308206047e-03 1.575097387176063179e-01 4.972164285440749398e-01 1.571363532459387757e-01 -1.278067430720061532e-03 -1.402535916630184148e-02 5.525367129616593387e-05 4.565243184033665122e-03
4.593411946866572497e-03 -3.079809910590683777e-04 -1.387358150587100769e-02 7.863127730799064630e-04 1.571363532459387757e-01 5.041243286784824473e-01 1.580155349866492476e-01 3.055161332645385877e-03 -1.405898543762540594e-02 -2.724436612750730366e-04
1.085339841880254689e-05 4.597794316807683052e-03 2.724818361251307025e-04 -1.402979624969838933e-02 -1.278067430720061532e-03 1.580155349866492476e-01 4.929881473708436213e-01 1.584308712343627246e-01 -8.596038329956512056e-04 -1.406674316726424026e-02
-1.397705413837696704e-02 6.047765796572400791e-04 4.552026918498113320e-03 -5.788439115075233237e-04 -1.402535916630184148e-02 3.055161332645385877e-03 1.584308712343627246e-01 5.024936402708313210e-01 1.572183692095222574e-01 -1.050325821250516767e-03
1.255890382064428447e-03 -1.394928219459757451e-02 -1.855602299025821932e-05 4.558741374809088982e-03 5.525367129616593387e-05 -1.405898543762540594e-02 -8.596038329956512056e-04 1.572183692095222574e-01 5.022079448661678214e-01 1.571946317437711294e-01
1.578980055314667952e-01 -2.481623395588134374e-03 -1.399768300856872594e-02 1.984417944862059021e-04 4.565243184033665122e-03 -2.724436612750730366e-04 -1.406674316726424026e-02 -1.050325821250516767e-03 1.571946317437711294e-01 4.963397570474341602e-01
4.991397748119187905e-01 1.572638866680345360e-01 6.299200906686585211e-04 -1.383809934355104132e-02 6.706834362101628689e-05 4.547416005910053134e-03 4.706153616104036415e-04 -1.408001421944513401e-02 -2.234684704668409364e-03 1.571300833927262719e-01
1.572638866680345360e-01 4.989879449364710284e-01 1.571662804565788774e-01 -2.481689154539288081e-04 -1.392068982558539517e-02 -9.581653236191745341e-05 4.539260362510437290e-03 -2.667409668239869290e-04 -1.401648697369323876e-02 1.824871895527363031e-06
6.299200906686585211e-04 1.571662804565788774e-01 5.000575507506768158e-01 1.570490659037498682e-01 -1.329235482023053859e-03 -1.391571759560050747e-02 -1.423833209631300925e-05 4.551877424236686759e-03 2.110500670305689823e-04 -1.385775947219364951e-02
-1.383809934355104132e-02 -2.481689154539288081e-04 1.570490659037498682e-01 5.032993769052944710e-01 1.579997388690908000e-01 1.769373231189743430e-03 -1.391207980960591437e-02 -3.418557026360066818e-04 4.550245120893805020e-03 1.106446918997997626e-04
6.706834362101628689e-05 -1.392068982558539517e-02 -1.329235482023053859e-03 1.579997388690908000e-01 4.957966723749045457e-01 1.572058541411907040e-01 1.267872720828655195e-06 -1.396674989712638239e-02 2.331241783567420539e-04 4.579952462355189706e-03
4.547416005910053134e-03 -9.581653236191745341e-05 -1.391571759560050747e-02 1.769373231189743430e-03 1.572058541411907040e-01 5.011390110919921037e-01 1.571313547291724455e-01 5.520968550451209366e-04 -1.396498882013831426e-02 -3.764553898393677503e-04
4.706153616104036415e-04 4.539260362510437290e-03 -1.423833209631300925e-05 -1.391207980960591437e-02 1.267872720828655195e-06 1.571313547291724455e-01 4.976413665535255326e-01 1.576919246101912142e-01 -2.281987124372601705e-03 -1.418853226331914796e-02
-1.408001421944513401e-02 -2.667409668239869290e-04 4.551877424236686759e-03 -3.418557026360066818e-04 -1.396674989712638239e-02 5.520968550451209366e-04 1.576919246101912142e-01 5.062038784613689391e-01 1.582305590551130459e-01 3.164443297839079211e-03
-2.234684704668409364e-03 -1.401648697369323876e-02 2.110500670305689823e-04 4.550245120893805020e-03 2.331241783567420539e-04 -1.396498882013831426e-02 -2.281987124372601705e-03 1.582305590551130459e-01 4.918549237237982430e-01 1.589409827826769872e-01
1.571300833927262719e-01 1.824871895527363031e-06 -1.385775947219364951e-02 1.106446918997997626e-04 4.579952462355189706e-03 -3.764553898393677503e-04 -1.418853226331914796e-02 3.164443297839079211e-03 1.589409827826769872e-01 5.058795003900482534e-01
4.996095416290772251e-01 1.573892900818203988e-01 6.691939196785815554e-04 -1.406976560555529138e-02 -3.823732235626900412e-04 4.520338153458440013e-03 1.189693603464517528e-05 -1.383989963132128964e-02 -1.219651150749970648e-03 1.569402995921492516e-01
1.573892900818203988e-01 4.976869750352583832e-01 1.571701833195302822e-01 -2.521625204295873182e-03 -1.402365901838080638e-02 3.314875345544006282e-04 4.518070327726575811e-03 -9.479769114592204952e-05 -1.390265009491945501e-02 1.998618802490844683e-04
6.691939196785815554e-04 1.571701833195302822e-01 5.064982826830161100e-01 1.591256592093240052e-01 2.969028762036196589e-03 -1.407307886319427055e-02 -2.321409814031663175e-04 4.544454864761929454e-03 1.438413549872259419e-04 -1.381234956272159309e-02
-1.406976560555529138e-02 -2.521625204295873182e-03 1.591256592093240052e-01 4.926936536741843287e-01 1.575725919509269324e-01 -9.308997003071751031e-04 -1.386127342222436346e-02 1.526023663547333340e-04 4.519527686326815438e-03 3.240715771417613513e-04
-3.823732235626900412e-04 -1.402365901838080638e-02 2.969028762036196589e-03 1.575725919509269324e-01 5.028296739212887445e-01 1.572834282789429827e-01 -8.890416819715832916e-04 -1.390447008527975238e-02 6.811930284279961445e-06 4.525203521152706271e-03
4.520338153458440013e-03 3.314875345544006282e-04 -1.407307886319427055e-02 -9.308997003071751031e-04 1.572834282789429827e-01 5.012500231714522858e-01 1.571203953641686635e-01 1.469941071137384069e-04 -1.381972329584133657e-02 -2.645082030445424924e-04
1.189693603464517528e-05 4.518070327726575811e-03 -2.321409814031663175e-04 -1.386127342222436346e-02 -8.890416819715832916e-04 1.571203953641686635e-01 4.997884388306461645e-01 1.573881631662654434e-01 9.119995448760177120e-04 -1.389782027276594174e-02
-1.383989963132128964e-02 -9.479769114592204952e-05 4.544454864761929454e-03 1.526023663547333340e-04 -1.390447008527975238e-02 1.469941071137384069e-04 1.573881631662654434e-01 4.985021805018897689e-01 1.569368735633374645e-01 6.766114903834496985e-04
-1.219651150749970648e-03 -1.390265009491945501e-02 1.438413549872259419e-04 4.519527686326815438e-03 6.811930284279961445e-06 -1.381972329584133657e-02 9.119995448760177120e-04 1.569368735633374645e-01 4.984947386146973414e-01 1.577016092592054552e-01
1.569402995921492516e-01 1.998618802490844683e-04 -1.381234956272159309e-02 3.240715771417613513e-04 4.525203521152706271e-03 -2.645082030445424924e-04 -1.389782027276594174e-02 6.766114903834496985e-04 1.577016092592054552e-01 5.026464919384887597e-01
5.011533573956542531e-01 1.569934082049029289e-01 -9.590927147291255324e-04 -1.381638598440008102e-02 -4.227824788523095486e-05 4.477965498798407509e-03 -5.834341053368984086e-05 -1.385018327611693863e-02 1.300540453311921189e-03 1.574123718577825348e-01
1.569934082049029289e-01 5.018469536729772695e-01 1.574685641745817710e-01 6.189019613786876390e-04 -1.385848911498551231e-02 -3.806290749998922059e-05 4.475458207753082833e-03 6.452837312033140107e-05 -1.382033006093852032e-02 -5.050568201988577628e-04
-9.590927147291255324e-04 1.574685641745817710e-01 4.988245452419797221e-01 1.569707863471724862e-01 9.448885361779415203e-04 -1.381172733456465483e-02 -5.758298905626923624e-05 4.477579928313840489e-03 -1.132020895323469951e-05 -1.385439711043461031e-02
-1.381638598440008102e-02 6.189019613786876390e-04 1.569707863471724862e-01 4.980461417712077066e-01 1.574908835400079532e-01 -8.815213582511235556e-04 -1.384578557826874994e-02 1.210924219099314696e-05 4.479377892482776582e-03 4.307954844878558514e-05
-4.227824788523095486e-05 -1.385848911498551231e-02 9.448885361779415203e-04 1.574908835400079532e-01 5.019300785775933083e-01 1.570118916235336004e-01 -2.545047996085945214e-04 -1.380572130213639399e-02 1.170149359803857004e-04 4.476328815950759120e-03
4.477965498798407509e-03 -3.806290749998922059e-05 -1.381172733456465483e-02 -8.815213582511235556e-04 1.570118916235336004e-01 5.005241422046871058e-01 1.572575051858587647e-01 9.198601480223802607e-04 -1.383678309618184554e-02 -2.947125061471096642e-05
-5.834341053368984086e-05 4.475458207753082833e-03 -5.758298905626923624e-05 -1.384578557826874994e-02 -2.545047996085945214e-04 1.572575051858587647e-01 4.978921310794705013e-01 1.572168231867376031e-01 -7.466960767111450667e-04 -1.381528545634978442e-02
