4.653496044491913786e-01 1.466457308438182394e-01 3.491530123389119736e-03 -2.231226282017518062e-02 -1.082312324492630193e-02 1.026290316396394342e-02 1.247048178426544453e-02 4.635700068634081793e-04 -2.778301089972210272e-02 -1.298805734381930539e-02 1.093608682808229066e-01 2.027141412898627315e-01
1.466457308438182394e-01 5.175609946693995322e-01 1.979272876427398686e-01 2.152633435800567832e-02 -2.992169866800059932e-02 -3.988189278340996402e-02 1.702142716467142580e-03 1.277569201375867644e-02 2.881067786349782341e-03 -1.162259888915205194e-02 -1.971071060932324398e-02 1.738732892759361701e-02
3.491530123389119736e-03 1.979272876427398686e-01 4.613153874361451967e-01 1.518242819713377934e-01 3.270358754992175321e-02 -3.197419212961261081e-02 -1.703438447648232892e-02 5.109319293317579613e-03 1.312327351687402749e-02 2.744633405933501885e-03 -3.640056900539347107e-02 -3.659441749198757282e-02
-2.231226282017518062e-02 2.152633435800567832e-02 1.518242819713377934e-01 4.081436436566846515e-01 2.309867649481379404e-01 1.434712690043074002e-01 -2.160040193515418844e-02 -3.638611181543176254e-02 4.019325528940980233e-03 1.665067140955927422e-02 8.765398861166302097e-03 -1.626287484862307814e-02
-1.082312324492630193e-02 -2.992169866800059932e-02 3.270358754992175321e-02 2.309867649481379404e-01 3.849804992546866922e-01 2.341893133164881236e-01 3.502695387381749015e-02 -3.130032886967563932e-02 -1.281131725480209871e-02 8.483116885073626115e-03 2.451015680765120108e-02 1.169958227931689257e-02
1.026290316396394342e-02 -3.988189278340996402e-02 -3.197419212961261081e-02 1.434712690043074002e-01 2.341893133164881236e-01 2.680658966917448538e-01 1.553834227153947922e-01 5.113482752614625926e-02 -2.167378753686997547e-02 -1.913040253179647612e-02 1.498876355059134725e-02 2.579540602296070267e-02
1.247048178426544453e-02 1.702142716467142580e-03 -1.703438447648232892e-02 -2.160040193515418844e-02 3.502695387381749015e-02 1.553834227153947922e-01 4.710617896063238330e-01 2.000003410345258248e-01 7.495468280634659530e-03 -3.103941027588247303e-02 -2.280340645732419763e-02 7.127790855885756532e-03
4.635700068634081793e-04 1.277569201375867644e-02 5.109319293317579613e-03 -3.638611181543176254e-02 -3.130032886967563932e-02 5.113482752614625926e-02 2.000003410345258248e-01 4.897960268139927575e-01 1.335402555444035744e-01 8.793137178648924995e-03 -2.018507604439072345e-02 -1.440443583674495646e-02
-2.778301089972210272e-02 2.881067786349782341e-03 1.312327351687402749e-02 4.019325528940980233e-03 -1.281131725480209871e-02 -2.167378753686997547e-02 7.495468280634659530e-03 1.335402555444035744e-01 4.763908306406891002e-01 2.080656531769609630e-01 7.043500636236743606e-02 -2.873371862851289288e-02
-1.298805734381930539e-02 -1.162259888915205194e-02 2.744633405933501885e-03 1.665067140955927422e-02 8.483116885073626115e-03 -1.913040253179647612e-02 -3.103941027588247303e-02 8.793137178648924995e-03 2.080656531769609630e-01 4.749804597394974293e-01 1.546530676014161165e-01 3.389229256002105478e-02
1.093608682808229066e-01 -1.971071060932324398e-02 -3.640056900539347107e-02 8.765398861166302097e-03 2.451015680765120108e-02 1.498876355059134725e-02 -2.280340645732419763e-02 -2.018507604439072345e-02 7.043500636236743606e-02 1.546530676014161165e-01 1.928223554657816086e-01 2.150108447935723532e-01
2.027141412898627315e-01 1.738732892759361701e-02 -3.659441749198757282e-02 -1.626287484862307814e-02 1.169958227931689257e-02 2.579540602296070267e-02 7.127790855885756532e-03 -1.440443583674495646e-02 -2.873371862851289288e-02 3.389229256002105478e-02 2.150108447935723532e-01 3.895325115758868084e-01
5.039422239289426120e-01 2.009420793248513637e-01 2.686571954805620777e-02 -3.294586749611536081e-02 -4.081997327538707671e-02 3.717921860853337299e-03 1.351684611484133859e-02 4.396685102559962262e-03 -1.233709488341353661e-02 -2.594599968514069849e-02 2.091992239277758875e-02 1.467127823027088163e-01
2.009420793248513637e-01 4.618355093040356074e-01 1.438095387643269496e-01 1.409285025818928470e-02 -3.462556955721449864e-02 -1.798325143593155692e-02 5.517009832888610313e-03 1.974432237004917004e-02 4.918695252441158960e-03 -4.558565639399317360e-02 -4.138903621689461743e-02 1.339716033975245357e-02
2.686571954805620777e-02 1.438095387643269496e-01 3.976153146821660989e-01 2.420955859114181374e-01 1.406212618194130348e-01 -3.063324946284014250e-02 -3.861768102573613637e-02 7.777122453188107729e-03 1.916440569159598775e-02 8.870718764239947027e-03 -2.070221883965025350e-02 -2.353775573519191824e-02
-3.294586749611536081e-02 1.409285025818928470e-02 2.420955859114181374e-01 4.913343546905530879e-01 1.963350698277582795e-01 1.934497289278082344e-02 -2.339387367428078651e-02 -1.379997968504235312e-02 5.049454010649006078e-03 2.629652649196504571e-02 1.268084231903862658e-02 -1.019110894676276101e-02
-4.081997327538707671e-02 -3.462556955721449864e-02 1.406212618194130348e-01 1.963350698277582795e-01 2.071795777288315543e-01 1.688443161993300468e-01 7.762098646796276868e-02 -2.908008161136101111e-02 -3.125665962874440984e-02 1.008246931392636596e-02 3.008794989375246018e-02 1.439567652355230182e-02
3.717921860853337299e-03 -1.798325143593155692e-02 -3.063324946284014250e-02 1.934497289278082344e-02 1.688443161993300468e-01 4.474230789842547074e-01 2.096386002215861744e-01 1.374364503094678037e-02 -3.555896715815688724e-02 -3.006210409258468219e-02 9.338086892276884973e-03 1.822387602529813855e-02
1.351684611484133859e-02 5.517009832888610313e-03 -3.861768102573613637e-02 -2.339387367428078651e-02 7.762098646796276868e-02 2.096386002215861744e-01 4.850334194586821690e-01 1.380530025059615307e-01 1.357087141929948573e-02 -2.239817650056933826e-02 -1.564960429154652749e-02 1.032659770860315475e-03
4.396685102559962262e-03 1.974432237004917004e-02 7.777122453188107729e-03 -1.379997968504235312e-02 -2.908008161136101111e-02 1.374364503094678037e-02 1.380530025059615307e-01 4.625221124026284159e-01 2.113983890837923263e-01 7.857259811807651428e-02 -3.718056061962699693e-02 -3.908259919216639650e-02
-1.233709488341353661e-02 4.918695252441158960e-03 1.916440569159598775e-02 5.049454010649006078e-03 -3.125665962874440984e-02 -3.555896715815688724e-02 1.357087141929948573e-02 2.113983890837923263e-01 4.695540397229607810e-01 1.706444545757174192e-01 3.568089473422643432e-02 -1.978178648610309787e-02
-2.594599968514069849e-02 -4.558565639399317360e-02 8.870718764239947027e-03 2.629652649196504571e-02 1.008246931392636596e-02 -3.006210409258468219e-02 -2.239817650056933826e-02 7.857259811807651428e-02 1.706444545757174192e-01 2.504677083009849703e-01 2.258764105113096610e-01 1.162581329281660719e-01
2.091992239277758875e-02 -4.138903621689461743e-02 -2.070221883965025350e-02 1.268084231903862658e-02 3.008794989375246018e-02 9.338086892276884973e-03 -1.564960429154652749e-02 -3.718056061962699693e-02 3.568089473422643432e-02 2.258764105113096610e-01 3.660483682097281366e-01 2.076558815364654975e-01
1.467127823027088163e-01 1.339716033975245357e-02 -2.353775573519191824e-02 -1.019110894676276101e-02 1.439567652355230182e-02 1.822387602529813855e-02 1.032659770860315475e-03 -3.908259919216639650e-02 -1.978178648610309787e-02 1.162581329281660719e-01 2.076558815364654975e-01 4.570442925862156502e-01
4.774381148007633135e-01 1.871744430807596726e-01 1.305871071576524683e-02 -3.283048785857484164e-02 -1.264655891045632710e-02 2.102780861202082491e-02 2.809902267610227267e-02 -9.384849438168803987e-04 -3.113841562837099328e-02 -2.633245308399938603e-02 6.159143187728032681e-02 1.858382369471888729e-01
1.871744430807596726e-01 4.607961318470238377e-01 1.642949083875190897e-01 1.774907821701317279e-02 -2.982629134357612025e-02 -2.308375001815276412e-02 2.699852534368447909e-02 2.887729094524801171e-02 8.950815887753403761e-04 -4.177998220021991033e-02 -4.307697469046389838e-02 5.157417808578931145e-02
1.305871071576524683e-02 1.642949083875190897e-01 5.007238663358128949e-01 1.776685468559068559e-01 1.520410926742826914e-02 -3.411692282611157589e-02 -3.220061998510499041e-02 8.620072412301919493e-03 2.182412047439356850e-02 5.060181426462805575e-03 -2.678794180730793145e-02 -3.150272200549987522e-02
-3.283048785857484164e-02 1.774907821701317279e-02 1.776685468559068559e-01 4.608838303579121387e-01 1.719231360713761869e-01 3.655731638572456976e-02 -4.822849250031174817e-02 -3.403252617539345021e-02 1.133135707371526503e-02 2.950982070493615023e-02 1.774330120688466170e-02 -2.916226951336024775e-02
-1.264655891045632710e-02 -2.982629134357612025e-02 1.520410926742826914e-02 1.719231360713761869e-01 4.763840110207154810e-01 1.983529604706137095e-01 7.200058421261879005e-02 -3.114398303787851985e-02 -3.523641639478611309e-02 4.469373207008174934e-03 2.721336470355599502e-02 2.187986271315834480e-02
2.102780861202082491e-02 -2.308375001815276412e-02 -3.411692282611157589e-02 3.655731638572456976e-02 1.983529604706137095e-01 3.941055182174053595e-01 2.121874387737057444e-01 6.506882129782078084e-02 -3.704508905205632779e-02 -3.955409239588658643e-02 -7.759153562793132813e-03 3.185507716088221281e-02
2.809902267610227267e-02 2.699852534368447909e-02 -3.220061998510499041e-02 -4.822849250031174817e-02 7.200058421261879005e-02 2.121874387737057444e-01 2.953249705192316776e-01 2.080999448188847190e-01 8.259574502436207999e-02 -3.652349896831728893e-02 -5.440566172546744406e-02 -2.213965293912833338e-02
-9.384849438168803987e-04 2.887729094524801171e-02 8.620072412301919493e-03 -3.403252617539345021e-02 -3.114398303787851985e-02 6.506882129782078084e-02 2.080999448188847190e-01 4.307599599382534450e-01 2.023386516809157487e-01 4.279520700714077586e-02 -3.384554926493514582e-02 -4.746358086093088735e-02
-3.113841562837099328e-02 8.950815887753403761e-04 2.182412047439356850e-02 1.133135707371526503e-02 -3.523641639478611309e-02 -3.704508905205632779e-02 8.259574502436207999e-02 2.023386516809157487e-01 4.340171235066854760e-01 1.862193595931944667e-01 6.747741153859758423e-02 -2.721030879798684229e-02
-2.633245308399938603e-02 -4.177998220021991033e-02 5.060181426462805575e-03 2.950982070493615023e-02 4.469373207008174934e-03 -3.955409239588658643e-02 -3.652349896831728893e-02 4.279520700714077586e-02 1.862193595931944667e-01 4.108473579936072761e-01 2.158709363156427474e-01 9.948260981862008800e-02
6.159143187728032681e-02 -4.307697469046389838e-02 -2.678794180730793145e-02 1.774330120688466170e-02 2.721336470355599502e-02 -7.759153562793132813e-03 -5.440566172546744406e-02 -3.384554926493514582e-02 6.747741153859758423e-02 2.158709363156427474e-01 3.169849700214855126e-01 2.259715845462778594e-01
1.858382369471888729e-01 5.157417808578931145e-02 -3.150272200549987522e-02 -2.916226951336024775e-02 2.187986271315834480e-02 3.185507716088221281e-02 -2.213965293912833338e-02 -4.746358086093088735e-02 -2.721030879798684229e-02 9.948260981862008800e-02 2.259715845462778594e-01 3.417341454411558233e-01
4.012323410567840143e-01 1.653304908298264264e-01 3.400188985251260954e-02 -1.348482259357718441e-02 -8.413565785641639871e-03 1.056961077309148678e-02 2.469966971372975634e-02 7.975270270439299009e-03 -6.648106674358472690e-02 -4.766930382444440478e-02 1.158902541254457352e-01 2.267901112958661813e-01
1.653304908298264264e-01 4.512064116157216698e-01 1.910245048317021355e-01 6.800594660811198379e-03 -2.715704069840706170e-02 -1.542236087722613155e-02 -3.099106776719212294e-03 6.877919692190785292e-03 1.631971320633487238e-02 -1.478385292711601254e-02 -3.959459633472597190e-02 3.700219785250206950e-02
3.400188985251260954e-02 1.910245048317021355e-01 4.985482661929008241e-01 1.296524300585794043e-01 -3.200933402507921514e-03 -1.311328284408988173e-02 -1.135839359755290434e-02 -4.671403337321581228e-04 2.480785468865017579e-02 1.043774559739656105e-02 -4.080712849426716693e-02 -3.008305618668217704e-02
-1.348482259357718441e-02 6.800594660811198379e-03 1.296524300585794043e-01 5.042583935391938832e-01 2.021373004520587158e-01 4.522168409206300810e-02 -8.681876496835851803e-03 -1.003240491864502114e-02 -1.263087870081699483e-04 5.850926969673790265e-03 4.889065325594704574e-03 -7.567051737461204935e-03
-8.413565785641639871e-03 -2.715704069840706170e-02 -3.200933402507921514e-03 2.021373004520587158e-01 4.796213644697327472e-01 1.023789478626240534e-01 1.852385866652483601e-02 -3.278119496595348955e-03 -1.206522951531524210e-02 -3.518250689541764075e-03 1.302732392917940567e-02 9.687219612750428907e-03
1.056961077309148678e-02 -1.542236087722613155e-02 -1.311328284408988173e-02 4.522168409206300810e-02 1.023789478626240534e-01 6.226180248670552808e-02 1.334597856703932661e-01 6.779837356809791105e-02 -1.327949268570557777e-02 -2.071970838983814775e-02 -4.345486578652787112e-03 1.365206557460779853e-02
2.469966971372975634e-02 -3.099106776719212294e-03 -1.135839359755290434e-02 -8.681876496835851803e-03 1.852385866652483601e-02 1.334597856703932661e-01 4.609237964238837026e-01 2.068732955725495204e-01 1.339005906030354617e-02 -3.093084894674102969e-02 -2.589613228717588256e-02 1.464387254193572595e-02
7.975270270439299009e-03 6.877919692190785292e-03 -4.671403337321581228e-04 -1.003240491864502114e-02 -3.278119496595348955e-03 6.779837356809791105e-02 2.068732955725495204e-01 4.934160518113044902e-01 1.366447517338954531e-01 1.342601762544957250e-02 -1.974589196656684198e-02 -1.071835038120228303e-02
-6.648106674358472690e-02 1.631971320633487238e-02 2.480785468865017579e-02 -1.263087870081699483e-04 -1.206522951531524210e-02 -1.327949268570557777e-02 1.339005906030354617e-02 1.366447517338954531e-01 4.495572622744816171e-01 2.069807044734849610e-01 7.435693893041230018e-02 -5.312874737161012162e-02
-4.766930382444440478e-02 -1.478385292711601254e-02 1.043774559739656105e-02 5.850926969673790265e-03 -3.518250689541764075e-03 -2.071970838983814775e-02 -3.093084894674102969e-02 1.342601762544957250e-02 2.069807044734849610e-01 4.509420449438634182e-01 1.896330901364076393e-01 3.643838929193449899e-02
1.158902541254457352e-01 -3.959459633472597190e-02 -4.080712849426716693e-02 4.889065325594704574e-03 1.302732392917940567e-02 -4.345486578652787112e-03 -2.589613228717588256e-02 -1.974589196656684198e-02 7.435693893041230018e-02 1.896330901364076393e-01 3.741569275126342964e-01 2.243058580376242339e-01
2.267901112958661813e-01 3.700219785250206950e-02 -3.008305618668217704e-02 -7.567051737461204935e-03 9.687219612750428907e-03 1.365206557460779853e-02 1.464387254193572595e-02 -1.071835038120228303e-02 -5.312874737161012162e-02 3.643838929193449899e-02 2.243058580376242339e-01 3.738753376728276012e-01
4.812047210615794657e-01 2.071686457067525577e-01 6.649060822533456316e-02 -2.876157724019334783e-02 -3.701308333346223223e-02 1.037983727232492936e-02 2.619353671690514626e-02 5.103707558072220242e-03 -1.876728382721518443e-02 -3.071437732285182270e-02 1.307540609143662859e-02 1.405446809969125299e-01
2.071686457067525577e-01 4.637417843496336456e-01 1.662203623904880412e-01 2.323491765937574227e-02 -2.739761786610218214e-02 -1.820963076218106921e-02 6.665215415486090353e-03 2.435021053366460617e-02 1.163297958227569977e-02 -2.570551347126472791e-02 -4.039638676923916483e-02 1.045556137780675326e-02
6.649060822533456316e-02 1.662203623904880412e-01 2.625082194917474632e-01 2.078008481741875357e-01 1.245955161493813301e-01 -4.743141001139647428e-02 -7.565255476038934557e-02 5.694409556199202249e-03 4.798789423583884467e-02 4.602868433145700100e-02 -3.375517903924613039e-02 -3.534561125762518408e-02
-2.876157724019334783e-02 2.323491765937574227e-02 2.078008481741875357e-01 4.649691276929865946e-01 2.226467161244242710e-01 1.684829563695483187e-02 -4.999963024770756603e-02 -2.944726721018388338e-02 1.233363452008396158e-02 3.882214871934946965e-02 1.111670229277397608e-02 -1.594034295777492158e-02
-3.701308333346223223e-02 -2.739761786610218214e-02 1.245955161493813301e-01 2.226467161244242710e-01 4.121666041704883932e-01 1.674234116269536221e-01 5.808858714305433629e-02 -2.906261191027675189e-02 -3.337903066034648286e-02 -1.061277702716559128e-02 2.204744625963134946e-02 1.189161961664574052e-02
1.037983727232492936e-02 -1.820963076218106921e-02 -4.743141001139647428e-02 1.684829563695483187e-02 1.674234116269536221e-01 4.664182811542251783e-01 2.143649789456972821e-01 6.085889224682385079e-02 -3.727972332401682798e-02 -6.191314518919589782e-02 -4.170655650385865498e-04 2.075896213018105230e-02
2.619353671690514626e-02 6.665215415486090353e-03 -7.565255476038934557e-02 -4.999963024770756603e-02 5.808858714305433629e-02 2.143649789456972821e-01 4.077516593390854704e-01 1.805771663045023512e-01 3.836406376120714973e-02 -3.952280506752925415e-02 -2.434187569202721224e-02 4.226304123693309239e-03
5.103707558072220242e-03 2.435021053366460617e-02 5.694409556199202249e-03 -2.944726721018388338e-02 -2.906261191027675189e-02 6.085889224682385079e-02 1.805771663045023512e-01 3.485756926894568730e-01 2.298226917196698194e-01 1.455497562813189427e-01 -2.522646437221621324e-02 -4.178955387359997720e-02
-1.876728382721518443e-02 1.163297958227569977e-02 4.798789423583884467e-02 1.233363452008396158e-02 -3.337903066034648286e-02 -3.727972332401682798e-02 3.836406376120714973e-02 2.298226917196698194e-01 4.508691423080830596e-01 2.231140255438068820e-01 2.635759696260308108e-02 -3.067284799830304748e-02
-3.071437732285182270e-02 -2.570551347126472791e-02 4.602868433145700100e-02 3.882214871934946965e-02 -1.061277702716559128e-02 -6.191314518919589782e-02 -3.952280506752925415e-02 1.455497562813189427e-01 2.231140255438068820e-01 2.913076884817935586e-01 1.589605813806015677e-01 5.489530799049563425e-02
1.307540609143662859e-02 -4.039638676923916483e-02 -3.375517903924613039e-02 1.111670229277397608e-02 2.204744625963134946e-02 -4.170655650385865498e-04 -2.434187569202721224e-02 -2.522646437221621324e-02 2.635759696260308108e-02 1.589605813806015677e-01 4.692231207439592211e-01 2.048472102667264205e-01
1.405446809969125299e-01 1.045556137780675326e-02 -3.534561125762518408e-02 -1.594034295777492158e-02 1.189161961664574052e-02 2.075896213018105230e-02 4.226304123693309239e-03 -4.178955387359997720e-02 -3.067284799830304748e-02 5.489530799049563425e-02 2.048472102667264205e-01 4.812639585169687928e-01
4.641802472297468785e-01 1.776285422604831632e-01 1.776452338421925792e-02 -2.878415123031644735e-02 -6.603241118417093117e-03 3.691666342607454604e-02 2.013730907368454365e-02 -1.846805433756456422e-02 -3.272246882918806998e-02 -4.185794839282563906e-02 1.645178622948954145e-02 1.886724490650458774e-01
1.776285422604831632e-01 4.522832474357355581e-01 1.714942059446442346e-01 1.668248287296314816e-02 -4.507857933026371278e-02 -4.618406438725269902e-02 3.822294188224936023e-02 4.747305541143212460e-02 8.739805774029316132e-03 -3.853565002947520468e-02 -3.181085546306719469e-02 4.369612450201330184e-02
1.776452338421925792e-02 1.714942059446442346e-01 4.798551559752576301e-01 1.774292133565817942e-01 -4.073033140476343440e-03 -4.827622125601040842e-02 -1.278424650575925997e-02 2.302080840611151619e-02 1.973805062037560509e-02 1.354858406719025923e-02 -1.086698622633922896e-02 -2.759718508203495152e-02
-2.878415123031644735e-02 1.668248287296314816e-02 1.774292133565817942e-01 5.180807913289124933e-01 1.768880552530917583e-01 2.740225147418325069e-02 -3.071268926480601527e-02 -2.896436983021226375e-02 -2.945442757713420592e-03 1.924579756446453613e-02 1.262982935750292871e-02 -1.966999767884832981e-02
-6.603241118417093117e-03 -4.507857933026371278e-02 -4.073033140476343440e-03 1.768880552530917583e-01 4.687584778228836013e-01 1.806564562844038824e-01 4.291151961421878214e-02 -2.665218162166657287e-02 -2.716919719520769980e-02 -2.428280133061230806e-02 7.458930676017873525e-03 3.175251528074626156e-02
3.691666342607454604e-02 -4.618406438725269902e-02 -4.827622125601040842e-02 2.740225147418325069e-02 1.806564562844038824e-01 3.905180268195429516e-01 2.025701887593627792e-01 8.807905330196530436e-02 -3.257535245126526053e-03 -5.399618153643517826e-02 -2.523614691344296806e-02 5.209889629634569669e-02
2.013730907368454365e-02 3.822294188224936023e-02 -1.278424650575925997e-02 -3.071268926480601527e-02 4.291151961421878214e-02 2.025701887593627792e-01 3.637032051576318814e-01 2.197120162560203815e-01 8.522744802343332204e-02 1.888047100987368804e-02 -2.648207207861996010e-02 -3.520702124215420448e-02
-1.846805433756456422e-02 4.747305541143212460e-02 2.302080840611151619e-02 -2.896436983021226375e-02 -2.665218162166657287e-02 8.807905330196530436e-02 2.197120162560203815e-01 4.145626004610666882e-01 1.536306151616688709e-01 7.661552974059179788e-02 4.341233697251357243e-03 -5.732210300065818109e-02
-3.272246882918806998e-02 8.739805774029316132e-03 1.973805062037560509e-02 -2.945442757713420592e-03 -2.716919719520769980e-02 -3.257535245126526053e-03 8.522744802343332204e-02 1.536306151616688709e-01 1.207619770649751845e-01 1.682646246522096767e-01 7.604832830592689330e-02 -2.520525785457294887e-02
-4.185794839282563906e-02 -3.853565002947520468e-02 1.354858406719025923e-02 1.924579756446453613e-02 -2.428280133061230806e-02 -5.399618153643517826e-02 1.888047100987368804e-02 7.661552974059179788e-02 1.682646246522096767e-01 4.014127951619775314e-01 2.074213562056836657e-01 4.685307568303180570e-02
1.645178622948954145e-02 -3.181085546306719469e-02 -1.086698622633922896e-02 1.262982935750292871e-02 7.458930676017873525e-03 -2.523614691344296806e-02 -2.648207207861996010e-02 4.341233697251357243e-03 7.604832830592689330e-02 2.074213562056836657e-01 4.787968316957132986e-01 1.705495739811390687e-01
1.886724490650458774e-01 4.369612450201330184e-02 -2.759718508203495152e-02 -1.966999767884832981e-02 3.175251528074626156e-02 5.209889629634569669e-02 -3.520702124215420448e-02 -5.732210300065818109e-02 -2.520525785457294887e-02 4.685307568303180570e-02 1.705495739811390687e-01 4.470866438466556958e-01
4.260407607936175234e-01 2.034013123260531852e-01 8.474173566243306532e-02 -3.799328074625794860e-02 -4.074204758260366321e-02 1.332502599500234126e-03 3.684162982220137023e-02 2.496526952407390060e-02 -2.650200421684381635e-02 -4.655785199723913581e-02 2.760062283618365531e-02 1.798640530439465368e-01
2.034013123260531852e-01 3.799161306471371402e-01 2.245857769785440938e-01 7.056426500040674510e-02 -3.644809063817247563e-02 -4.745198317618076755e-02 -1.351116158584888746e-02 2.600924151023376735e-02 2.223284314114241933e-02 -3.485587470891732959e-02 -5.175381758276269978e-02 3.670999596716031932e-02
8.474173566243306532e-02 2.245857769785440938e-01 3.655896995878758493e-01 1.980730612208048691e-01 5.337536060881047095e-02 -3.712249553019945914e-02 -5.396790393401330876e-02 -1.436120987191756224e-02 3.703104997718287966e-02 3.068863225852414695e-02 -4.214043289157526351e-02 -3.856340619944723103e-02
-3.799328074625794860e-02 7.056426500040674510e-02 1.980730612208048691e-01 4.114818533421105151e-01 2.013917439042648416e-01 6.847576420082890358e-02 -3.033132818024530594e-02 -3.842585859419992561e-02 -4.179185681615983682e-04 3.543598865511647655e-02 1.880567523705797481e-02 -3.045138833271386972e-02
-4.074204758260366321e-02 -3.644809063817247563e-02 5.337536060881047095e-02 2.013917439042648416e-01 4.657294444967193803e-01 1.856815913093679549e-01 7.078048883529929058e-02 -1.594245402792095548e-02 -3.259866545099650986e-02 -2.402687955635431820e-04 2.880604623258332248e-02 7.449547987160504321e-03
1.332502599500234126e-03 -4.745198317618076755e-02 -3.712249553019945914e-02 6.847576420082890358e-02 1.856815913093679549e-01 2.888645152482498535e-01 2.255027724282751556e-01 9.085398584805935707e-02 -3.710771902381621024e-02 -5.046265052273174456e-02 7.052591332209564960e-03 2.800813943389279803e-02
3.684162982220137023e-02 -1.351116158584888746e-02 -5.396790393401330876e-02 -3.033132818024530594e-02 7.078048883529929058e-02 2.255027724282751556e-01 3.315407413582370233e-01 2.013231521961556525e-01 4.664124900700810511e-02 -5.223490679881977183e-02 -3.672553733134120008e-02 1.906328907794274663e-02
2.496526952407390060e-02 2.600924151023376735e-02 -1.436120987191756224e-02 -3.842585859419992561e-02 -1.594245402792095548e-02 9.085398584805935707e-02 2.013231521961556525e-01 4.488216389282235208e-01 1.824706125491611652e-01 2.879587656753742481e-02 -3.233183640371525835e-02 -1.450991493428898001e-02
-2.650200421684381635e-02 2.223284314114241933e-02 3.703104997718287966e-02 -4.179185681615983682e-04 -3.259866545099650986e-02 -3.710771902381621024e-02 4.664124900700810511e-02 1.824706125491611652e-01 4.800332557680866419e-01 1.842738453972979362e-01 2.796251173997298112e-02 -2.911774089419795486e-02
-4.655785199723913581e-02 -3.485587470891732959e-02 3.068863225852414695e-02 3.543598865511647655e-02 -2.402687955635431820e-04 -5.046265052273174456e-02 -5.223490679881977183e-02 2.879587656753742481e-02 1.842738453972979362e-01 4.414924786574527804e-01 1.726102136779238960e-01 2.060959271416087230e-02
2.760062283618365531e-02 -5.175381758276269978e-02 -4.214043289157526351e-02 1.880567523705797481e-02 2.880604623258332248e-02 7.052591332209564960e-03 -3.672553733134120008e-02 -3.233183640371525835e-02 2.796251173997298112e-02 1.726102136779238960e-01 4.677403017937516450e-01 1.849616306930253473e-01
1.798640530439465368e-01 3.670999596716031932e-02 -3.856340619944723103e-02 -3.045138833271386972e-02 7.449547987160504321e-03 2.800813943389279803e-02 1.906328907794274663e-02 -1.450991493428898001e-02 -2.911774089419795486e-02 2.060959271416087230e-02 1.849616306930253473e-01 4.927491793785796492e-01
4.190949147077339121e-01 2.220231109178999462e-01 9.618400383530695263e-02 -2.260050102010256051e-02 -3.243255766096710124e-02 8.756500881891251392e-03 9.838486876502220216e-03 -4.805599769728836033e-03 -2.638067450380776613e-02 -2.650196973274416071e-02 3.307114255554387955e-02 1.874363374468125398e-01
2.220231109178999462e-01 4.576577547575568783e-01 1.939768070922500143e-01 3.293298718206287556e-02 -4.841168485019740897e-02 -2.553500104373741461e-02 9.478241723968394011e-03 2.120701610252841499e-02 -1.031160132929053114e-03 -2.517478978867425388e-02 -2.972909267655291995e-02 4.876975528812420302e-02
9.618400383530695263e-02 1.939768070922500143e-01 2.422775993006017758e-01 1.839454795542987409e-01 6.538956210267524161e-02 -2.610514531432600593e-02 -1.462558560138049919e-02 2.118431184375928894e-02 2.426645979650585150e-02 1.039791034432081818e-02 -3.377825047674866410e-02 -6.312031606058603195e-02
-2.260050102010256051e-02 3.293298718206287556e-02 1.839454795542987409e-01 5.604093519616962782e-01 2.468947087299466214e-01 1.279436922943316332e-02 -2.608545318589862785e-02 -5.939045731724311786e-03 1.281365504937095022e-02 1.950893661174767091e-02 9.772373573538164007e-04 -4.324428643202525568e-02
-3.243255766096710124e-02 -4.841168485019740897e-02 6.538956210267524161e-02 2.468947087299466214e-01 4.101263087375058847e-01 1.484421127300050158e-01 1.300551636592828589e-02 -2.569762243536156260e-02 -2.490333360910923499e-02 -7.574202373649282886e-03 1.674368684704355403e-02 3.693073123452768336e-02
8.756500881891251392e-03 -2.553500104373741461e-02 -2.610514531432600593e-02 1.279436922943316332e-02 1.484421127300050158e-01 4.939347302088112901e-01 1.609491897334177080e-01 5.371732461200696279e-03 -2.580770300631245184e-02 -2.113557951408774616e-02 4.350866902487635079e-03 3.513825318722433450e-02
9.838486876502220216e-03 9.478241723968394011e-03 -1.462558560138049919e-02 -2.608545318589862785e-02 1.300551636592828589e-02 1.609491897334177080e-01 4.987740077265035432e-01 1.838202628317280318e-01 5.950820326610799238e-02 -7.716016383801825411e-03 -1.720858867136370110e-02 -4.863296921474941081e-03
-4.805599769728836033e-03 2.120701610252841499e-02 2.118431184375928894e-02 -5.939045731724311786e-03 -2.569762243536156260e-02 5.371732461200696279e-03 1.838202628317280318e-01 4.456687230368843178e-01 1.587034575987050777e-01 3.941253330319849368e-02 -2.133048146620256796e-02 -3.696407476581343304e-02
-2.638067450380776613e-02 -1.031160132929053114e-03 2.426645979650585150e-02 1.281365504937095022e-02 -2.490333360910923499e-02 -2.580770300631245184e-02 5.950820326610799238e-02 1.587034575987050777e-01 1.184054215925041537e-01 1.500653175346280399e-01 8.460592371418865221e-02 -2.711082099709875154e-02
-2.650196973274416071e-02 -2.517478978867425388e-02 1.039791034432081818e-02 1.950893661174767091e-02 -7.574202373649282886e-03 -2.113557951408774616e-02 -7.716016383801825411e-03 3.941253330319849368e-02 1.500653175346280399e-01 4.947457098228591477e-01 2.203000355952816347e-01 3.050147290318706850e-02
3.307114255554387955e-02 -2.972909267655291995e-02 -3.377825047674866410e-02 9.772373573538164007e-04 1.674368684704355403e-02 4.350866902487635079e-03 -1.720858867136370110e-02 -2.133048146620256796e-02 8.460592371418865221e-02 2.203000355952816347e-01 4.364599725778026129e-01 1.659486910128312731e-01
1.874363374468125398e-01 4.876975528812420302e-02 -6.312031606058603195e-02 -4.324428643202525568e-02 3.693073123452768336e-02 3.513825318722433450e-02 -4.863296921474941081e-03 -3.696407476581343304e-02 -2.711082099709875154e-02 3.050147290318706850e-02 1.659486910128312731e-01 4.224455055695738870e-01
4.766114333916138812e-01 1.424505391309700553e-01 5.558466266248568086e-03 -3.099349157068490707e-02 -1.485187906171211644e-02 6.600170180707506939e-03 1.753015642889671488e-02 5.180546591613332391e-03 -2.998848428662369281e-02 -3.110032579910107856e-02 4.007298656631457824e-03 1.842551234971979424e-01
1.424505391309700553e-01 4.918260427886702590e-01 2.020617755566035401e-01 7.085364126503951310e-02 -1.903256807164056125e-02 -2.241981945916194860e-02 5.795653993553249658e-03 1.313961395654526972e-02 6.445682336412249941e-03 -1.128225710338610389e-02 -1.716712650363263343e-02 1.048137455289274711e-02
5.558466266248568086e-03 2.020617755566035401e-01 4.604740647621562433e-01 1.593803753264766976e-01 2.783846569279197283e-02 -1.858349189922545858e-02 -1.864379522113828944e-02 1.128067810807169193e-03 1.813472043839889705e-02 1.683605398814842433e-02 -3.783573767502710836e-03 -2.702642625119379416e-02
-3.099349157068490707e-02 7.085364126503951310e-02 1.593803753264766976e-01 1.549579245925996607e-01 1.786579558856367655e-01 9.974936993805888497e-02 -3.484849847518046301e-02 -4.430107252565569642e-02 -8.690844377998184489e-03 2.924120417919993595e-02 2.133393457471637403e-02 -2.489872406114029824e-02
-1.485187906171211644e-02 -1.903256807164056125e-02 2.783846569279197283e-02 1.786579558856367655e-01 4.571856712576550241e-01 2.158311713836704171e-01 1.620303343886654590e-02 -3.624986892485628637e-02 -3.162853099431012921e-02 5.249845441175416891e-03 1.729925982960954511e-02 2.760607778384299715e-03
6.600170180707506939e-03 -2.241981945916194860e-02 -1.858349189922545858e-02 9.974936993805888497e-02 2.158311713836704171e-01 4.634077096796775375e-01 1.486030149461165240e-01 2.572880419107567707e-02 -2.126415027628052179e-02 -2.147582691657674500e-02 -1.836975499363472254e-03 1.053349159864125362e-02
1.753015642889671488e-02 5.795653993553249658e-03 -1.864379522113828944e-02 -3.484849847518046301e-02 1.620303343886654590e-02 1.486030149461165240e-01 4.600560640468695506e-01 2.030222301749979585e-01 8.294385965161921170e-02 -3.665013361173122264e-02 -3.859440872716569937e-02 3.875729763762404082e-03
5.180546591613332391e-03 1.313961395654526972e-02 1.128067810807169193e-03 -4.430107252565569642e-02 -3.624986892485628637e-02 2.572880419107567707e-02 2.030222301749979585e-01 4.212349632132036392e-01 2.027449391234575904e-01 6.267108746845061196e-02 -2.216562575881366251e-02 -1.432431302287490854e-02
-2.998848428662369281e-02 6.445682336412249941e-03 1.813472043839889705e-02 -8.690844377998184489e-03 -3.162853099431012921e-02 -2.126415027628052179e-02 8.294385965161921170e-02 2.027449391234575904e-01 2.925155840772551419e-01 2.273362264406492694e-01 8.831386098703000731e-02 -2.355109454041373271e-02
-3.110032579910107856e-02 -1.128225710338610389e-02 1.683605398814842433e-02 2.924120417919993595e-02 5.249845441175416891e-03 -2.147582691657674500e-02 -3.665013361173122264e-02 6.267108746845061196e-02 2.273362264406492694e-01 3.353331479456986841e-01 1.843823091509603496e-01 1.973993469110860155e-02
4.007298656631457824e-03 -1.716712650363263343e-02 -3.783573767502710836e-03 2.133393457471637403e-02 1.729925982960954511e-02 -1.836975499363472254e-03 -3.859440872716569937e-02 -2.216562575881366251e-02 8.831386098703000731e-02 1.843823091509603496e-01 4.791565710222089880e-01 1.512066976047092282e-01
1.842551234971979424e-01 1.048137455289274711e-02 -2.702642625119379416e-02 -2.489872406114029824e-02 2.760607778384299715e-03 1.053349159864125362e-02 3.875729763762404082e-03 -1.432431302287490854e-02 -2.355109454041373271e-02 1.973993469110860155e-02 1.512066976047092282e-01 5.072408232224463465e-01
4.114456316705371597e-01 1.685752144138131792e-01 1.165424578001761358e-02 -2.611314207442697044e-02 -9.069896571733397639e-03 2.315601822231688756e-02 2.127890663545335334e-02 -2.499489460570904903e-02 -3.781438009588300453e-02 -1.475169133774847582e-02 1.036635093019369208e-01 2.105345628646713152e-01
1.685752144138131792e-01 4.973531819378010366e-01 1.671785778915463871e-01 4.548605142563778327e-03 -2.246247781233929458e-02 -6.618951234033972411e-03 2.132427128892639551e-02 2.071235584755018455e-02 -5.727166875098282581e-03 -2.717524226318629443e-02 -2.181403744848816467e-02 4.766070297828538249e-02
1.165424578001761358e-02 1.671785778915463871e-01 4.955686153074217448e-01 1.603224970663636728e-01 7.446179690902411490e-03 -2.317292732480099454e-02 -1.388936598902194668e-02 1.421863390451504061e-02 1.719567811525324341e-02 1.242568831880369812e-03 -2.700576452438073483e-02 -3.062459419294642771e-02
-2.611314207442697044e-02 4.548605142563778327e-03 1.603224970663636728e-01 4.866120035774101904e-01 1.650383823706541020e-01 8.552826509948440598e-03 -3.123523820078944954e-02 -2.688044160059913784e-02 1.037300173670402392e-02 1.919051742566573251e-02 7.433825864475738197e-03 -1.997459983490999791e-02
-9.069896571733397639e-03 -2.246247781233929458e-02 7.446179690902411490e-03 1.650383823706541020e-01 4.957690089609415041e-01 1.694126823066034737e-01 2.825278952479444439e-02 -3.270438152346683003e-02 -2.648282840664978321e-02 5.357954117363571828e-03 1.903219281017511783e-02 1.581669648335234241e-02
2.315601822231688756e-02 -6.618951234033972411e-03 -2.317292732480099454e-02 8.552826509948440598e-03 1.694126823066034737e-01 4.691430481080026138e-01 1.828218542607726038e-01 7.081724753171023123e-02 -3.003666506751777668e-02 -3.510758221460590772e-02 -4.254615836355303375e-03 2.389722762491958488e-02
2.127890663545335334e-02 2.132427128892639551e-02 -1.388936598902194668e-02 -3.123523820078944954e-02 2.825278952479444439e-02 1.828218542607726038e-01 3.610942843521351975e-01 2.280680213593437311e-01 9.010293937433430655e-02 -3.117046201688195364e-02 -4.412022840666117440e-02 -2.640560403491727312e-02
-2.499489460570904903e-02 2.071235584755018455e-02 1.421863390451504061e-02 -2.688044160059913784e-02 -3.270438152346683003e-02 7.081724753171023123e-02 2.280680213593437311e-01 3.295842370839420776e-01 2.155917812389654409e-01 6.948033155197747002e-02 -2.479130350213641643e-02 -5.575038111591676393e-02
-3.781438009588300453e-02 -5.727166875098282581e-03 1.719567811525324341e-02 1.037300173670402392e-02 -2.648282840664978321e-02 -3.003666506751777668e-02 9.010293937433430655e-02 2.155917812389654409e-01 3.808486205834060723e-01 1.968342664613673410e-01 6.632121926253611854e-02 -1.957908157843956873e-02
-1.475169133774847582e-02 -2.717524226318629443e-02 1.242568831880369812e-03 1.919051742566573251e-02 5.357954117363571828e-03 -3.510758221460590772e-02 -3.117046201688195364e-02 6.948033155197747002e-02 1.968342664613673410e-01 4.589815714934081248e-01 1.819292768687157946e-01 7.666615201241158695e-02
1.036635093019369208e-01 -2.181403744848816467e-02 -2.700576452438073483e-02 7.433825864475738197e-03 1.903219281017511783e-02 -4.254615836355303375e-03 -4.412022840666117440e-02 -2.479130350213641643e-02 6.632121926253611854e-02 1.819292768687157946e-01 2.864675410302826575e-01 2.307590017281347938e-01
2.105345628646713152e-01 4.766070297828538249e-02 -3.062459419294642771e-02 -1.997459983490999791e-02 1.581669648335234241e-02 2.389722762491958488e-02 -2.640560403491727312e-02 -5.575038111591676393e-02 -1.957908157843956873e-02 7.666615201241158695e-02 2.307590017281347938e-01 3.271322558947332149e-01
5.108114602725097875e-01 1.715446640510067677e-01 3.134662184042363159e-02 -2.523776496715534126e-02 -2.316063039250160910e-02 3.564776341745035017e-03 1.008598026853998499e-02 1.072460816100741926e-02 -3.525329738393472457e-03 -2.289309559092738561e-02 4.391139242368518984e-03 1.730814915813962407e-01
1.715446640510067677e-01 4.517987569122831060e-01 1.783344482867905978e-01 6.222797431772586485e-02 -4.154331279434864826e-02 -5.408641436600133967e-02 -2.575982770033431735e-02 1.145600463723807361e-02 1.278110743763366183e-02 -9.521116581326793601e-03 -2.293883185961410193e-02 6.171835319920401450e-03
3.134662184042363159e-02 1.783344482867905978e-01 3.161401362894258327e-01 2.285707734783034573e-01 1.073232167036077545e-01 -3.339298393181115709e-02 -3.324434937777691335e-02 -1.923957728945271950e-02 1.120863729805331513e-02 2.078252766917560584e-02 -1.181457610635341937e-02 -3.407880914005791129e-02
-2.523776496715534126e-02 6.222797431772586485e-02 2.285707734783034573e-01 4.226969227686462327e-01 2.202755561877902668e-01 7.021817785139922163e-02 8.516652896135422368e-03 -2.589194656262814448e-02 -8.535900089071729938e-03 2.065177093373634157e-02 1.126270680349444712e-02 -2.369961212268981154e-02
-2.316063039250160910e-02 -4.154331279434864826e-02 1.073232167036077545e-01 2.202755561877902668e-01 3.367897154475829602e-01 1.920190370222167320e-01 7.559998381036903137e-02 -5.430668350186025834e-04 -1.785163258882185855e-02 -1.112044947234938803e-02 1.086420047834359831e-02 1.818193767758882057e-02
3.564776341745035017e-03 -5.408641436600133967e-02 -3.339298393181115709e-02 7.021817785139922163e-02 1.920190370222167320e-01 4.306785917786727369e-01 1.575999378422945352e-01 4.873875482457501462e-02 -9.911804826219181366e-03 -2.746484271132351024e-02 -1.796291053711622163e-03 2.587617698720907217e-02
1.008598026853998499e-02 -2.575982770033431735e-02 -3.324434937777691335e-02 8.516652896135422368e-03 7.559998381036903137e-02 1.575999378422945352e-01 1.153626490786350822e-01 1.552576731094933438e-01 6.590059847453173802e-02 -2.726848838337655317e-02 -1.959008884579875251e-02 1.457943591958218467e-02
1.072460816100741926e-02 1.145600463723807361e-02 -1.923957728945271950e-02 -2.589194656262814448e-02 -5.430668350186025834e-04 4.873875482457501462e-02 1.552576731094933438e-01 4.552831028998115537e-01 1.964307676577186634e-01 8.106713250063818377e-03 -2.470852633795704578e-02 -7.480166822839907220e-03
-3.525329738393472457e-03 1.278110743763366183e-02 1.120863729805331513e-02 -8.535900089071729938e-03 -1.785163258882185855e-02 -9.911804826219181366e-03 6.590059847453173802e-02 1.964307676577186634e-01 4.939037797902852134e-01 1.461218324090440279e-01 7.391705690757475675e-03 -1.589055689717314146e-02
-2.289309559092738561e-02 -9.521116581326793601e-03 2.078252766917560584e-02 2.065177093373634157e-02 -1.112044947234938803e-02 -2.746484271132351024e-02 -2.726848838337655317e-02 8.106713250063818377e-03 1.461218324090440279e-01 4.838877840259187546e-01 1.738734493427415151e-01 6.924231799409612600e-03
4.391139242368518984e-03 -2.293883185961410193e-02 -1.181457610635341937e-02 1.126270680349444712e-02 1.086420047834359831e-02 -1.796291053711622163e-03 -1.959008884579875251e-02 -2.470852633795704578e-02 7.391705690757475675e-03 1.738734493427415151e-01 4.992395132647274858e-01 1.516098471520675450e-01
