1.124663512473067506e-01 2.996254061012460501e-01 9.183800521224896873e-02 2.642992257652094362e-02 1.382065364861244545e-02 1.788698732928377388e-02 7.031733268783432744e-02 1.217471488514269562e-01 1.059971988618922945e-01 8.190543943177412689e-02 2.337561122069427982e-02 3.458994283115914697e-02
2.043451175404444875e-01 1.018910057669991098e-01 6.643283374045055867e-02 1.145852902778555366e-01 4.356223285233513931e-02 7.117899189926629733e-02 1.038833818423072902e-01 7.456994777438372135e-02 6.193859466405068903e-02 2.485442029699543379e-02 3.516301788082771412e-02 9.759516546408394944e-02
1.230924002584458943e-01 1.484647958330668760e-01 2.395754048652126156e-01 1.529201626436187955e-01 1.396159554812880232e-01 5.895980093906466601e-02 2.533708011064456783e-02 2.348535640497246418e-02 1.835904135831424935e-02 1.521560904220713856e-02 1.655747975154365365e-02 3.841691331162133682e-02
1.977709741531934878e-02 7.078734467026713550e-02 2.548239094788826709e-01 3.977146139189142726e-01 2.014784396602523342e-01 2.091199461841424662e-02 1.141600555818801307e-02 8.485039499824657133e-03 3.460948785871417570e-03 2.541023046364132044e-03 2.675218999929736708e-03 5.928364347772321560e-03
2.038215319866492625e-01 1.490963240537512280e-01 6.265341858910113138e-02 8.462716214879020815e-02 4.972874812766454183e-02 4.173790530082273353e-02 2.102583555042502467e-02 1.688502021538603945e-02 3.205292384480087908e-02 3.688958675088262196e-02 1.171069577164570441e-01 1.843745857152695733e-01
2.482961316299218263e-02 6.177808540500176471e-02 1.955677596674801344e-01 4.573193735044847053e-01 1.838278713155858113e-01 4.581495951144543000e-02 1.083999410099687269e-02 3.001870233624540953e-03 6.247227230159540460e-04 1.371253718147696053e-03 5.174639544908934789e-03 9.849857112316225821e-03
1.113186061322770370e-01 5.303305734394667126e-02 3.300309010028002615e-02 3.245354380876779021e-02 4.128492412244547105e-02 2.003328238339694908e-02 2.791504741851098120e-02 7.283901582402879660e-02 1.193888016920023887e-01 9.942677198801130878e-02 1.556371085369139262e-01 2.336667506494189417e-01
6.422447620291286616e-03 2.540905390417292145e-02 6.495965849374246703e-02 4.815417727913428037e-01 1.313629702485011319e-01 1.350457454181497319e-01 1.091432245378403387e-01 2.957686830113231968e-02 5.124702947868136488e-03 6.582668563862747145e-03 2.477568412975067209e-03 2.353318760120752442e-03
1.683810061310055950e-01 1.915797258768673350e-01 1.102755681736409810e-01 2.731283018442434013e-02 2.660418368645428924e-02 1.652977436441176867e-02 9.271530899633397341e-03 6.356084134072331054e-03 8.229849777923872040e-03 2.800894230687851066e-02 1.382105808831258220e-01 2.692399235815615688e-01
4.892449918701663458e-02 1.920388389114561778e-01 2.244410237229625960e-01 1.840616021791777746e-01 1.895281456797429098e-01 9.922622209119624781e-02 2.710611848361165616e-02 8.871225419551964295e-03 4.741844275567836178e-03 5.257287404445392352e-03 4.078545563980176189e-03 1.172464708129065600e-02
3.239619272213419277e-01 1.225592695655554343e-01 3.066804449285896045e-02 1.473246264209162291e-02 4.576482258697382732e-03 3.629998739692015704e-03 3.905371802497557051e-03 2.325984471859481387e-02 6.304906188359608865e-02 8.000332179488317541e-02 1.412512446116564457e-01 1.884029702685343921e-01
4.434614389365445358e-02 4.326362068396713556e-02 1.858101599586809913e-02 2.681900232908817142e-02 5.066995844988796821e-02 1.290273646030747068e-01 7.837001133168247646e-02 2.177417127026366472e-01 1.265360275830366976e-01 9.786809303650495506e-02 1.307966050309622430e-01 3.598044435963671656e-02
1.656637736956134144e-01 1.627148888687811601e-01 9.115440764149448927e-02 5.521081233949447220e-02 7.009907103628892910e-02 1.301764720470305614e-01 8.754467134452108279e-02 5.700251599314402201e-02 2.524862188077223873e-02 2.182565962383070310e-02 4.850118085791815803e-02 8.485792467111068216e-02
4.490193319398207150e-02 3.079949504690532996e-02 1.981418804592923258e-02 1.486472174599449275e-02 3.214571639666536501e-02 6.235954332536042255e-02 1.284569730506424090e-01 1.331481277854374978e-01 1.008560933319341824e-01 9.225653425445265454e-02 2.141731391229277359e-01 1.262235346997687413e-01
8.069984412427246012e-02 3.901695864957699378e-02 3.757018659541551397e-02 4.443748670541737555e-02 2.785432002497215814e-02 3.339443956483571785e-02 4.760942749362641335e-02 9.607318175805321103e-02 9.331451669225326873e-02 1.282939566689391131e-01 1.707094262024576869e-01 2.010262555201800805e-01
1.552842473752854280e-01 1.706552962978953036e-01 4.227539830104350138e-02 3.383709367126958717e-02 2.309724790336862774e-02 9.403577849574119851e-02 5.891188502517713532e-02 4.221684517276856619e-02 1.230628624072147292e-01 1.311280767589776686e-01 6.215053521340199727e-02 6.334473337785653801e-02
1.408721062994885975e-01 1.253673125647219444e-01 5.314917394890562863e-02 1.133156933323129639e-02 9.521721727088495665e-03 2.235123295282682304e-02 4.581133585838700201e-02 3.877022413663319678e-02 2.334605188997299768e-02 5.943919215750052831e-02 2.469911477174965564e-01 2.230489314137468759e-01
2.366290215968061203e-02 3.052966983149988170e-02 1.252466899995960392e-01 6.917247783600252720e-02 3.511000002544614057e-02 6.179128433394819736e-02 2.227559822345801244e-01 1.861231597549845573e-01 9.484006642983046353e-02 8.084969281810727715e-02 3.892319222517837823e-02 3.099488235114577356e-02
8.416865189625334642e-02 2.303567955311043858e-01 1.334933053065755215e-01 6.157906960008160957e-02 1.136401174786345197e-01 7.107260488701475087e-02 8.896299222450788913e-02 5.698935241064560786e-02 1.743305831221044974e-02 1.395701272862290288e-02 2.834020603303093883e-02 1.000068335913185391e-01
1.451322028155896740e-02 1.374104494748100078e-02 1.956609873753841627e-02 6.214067004811282130e-02 3.083171049454206947e-01 1.685769492470548803e-01 8.957637971566298485e-02 6.628247467290482309e-02 9.531429119453616039e-02 9.050223029853915468e-02 4.853902687568557861e-02 2.293050903550455238e-02
2.969632585435508926e-02 4.741391790730702105e-02 4.043580709822337804e-02 4.759548632309615335e-02 2.345590992647401604e-02 5.516044115942651122e-02 5.110646809960671388e-02 6.119037740569807649e-02 2.090521659980207614e-01 2.450131889598874124e-01 1.060689739994790104e-01 8.381093726842607505e-02
9.703050011889686674e-03 4.496879988260127359e-02 9.612743964259216900e-02 1.221205465352236674e-01 1.126458841424526902e-01 2.103476654940952262e-01 8.534535164805306939e-02 6.871679505794910103e-02 1.374766546572014358e-01 7.210780137499719911e-02 3.184132051266379271e-02 8.598691040280589948e-03
1.423897773868789685e-01 1.110049590654821200e-01 9.552443228475461512e-02 4.644949926971498472e-02 5.861334175509611000e-02 1.358620630751799507e-01 4.766630530342012839e-02 2.118775652879145016e-02 2.096307804245689174e-02 2.624295152493869715e-02 6.916392622756073472e-02 2.249319095357256992e-01
1.675518936233985623e-02 1.631305928524609539e-02 3.481633852125567280e-02 8.960231095879336860e-02 1.668034034256735687e-01 2.181372989836251608e-01 2.392965476240365430e-01 8.802863603698644901e-02 5.018891195302657010e-02 4.373274702805737824e-02 1.710108264901381500e-02 1.922447417194551519e-02
1.806675166089958817e-01 1.328202845051642544e-01 6.619632660856336615e-02 1.831950001095837208e-02 8.783855732912805234e-03 3.092845630679084794e-03 2.664917075564025677e-03 4.696451378630982394e-03 2.696075046562923516e-02 1.089575410077233547e-01 3.008636755136916419e-01 1.459763354614871667e-01
1.524569873307508004e-02 4.200348412608340132e-02 6.634793389238187455e-02 7.991273520567265809e-02 1.079037977738672716e-01 1.186044139320854701e-01 2.106717621804273521e-01 1.764107398659176540e-01 1.284831326238127236e-01 3.728248371434988995e-02 1.034428956571001312e-02 6.789528386616450195e-03
6.814945501609713518e-02 3.915029762988000983e-02 3.030479802351706067e-02 5.407078895965233140e-02 9.285522851289719493e-02 6.835464561405146799e-02 8.307580314792095688e-02 1.120386213839350553e-01 7.689820909732272836e-02 1.062172406121825313e-01 1.669008232779770617e-01 1.019840887245666017e-01
6.760764956255746472e-02 2.348509997764609836e-02 1.877095309724206157e-02 2.891938800010418475e-02 4.132393785998019625e-02 7.026756379328433222e-02 9.091989049548263035e-02 1.232141804003315938e-01 6.728903653267281904e-02 1.037482873660592053e-01 8.970472618508824880e-02 2.747492867295514563e-01
9.927614288815841959e-02 5.763251142274400385e-02 2.484309136228211867e-02 1.668686200224082580e-02 2.218781981712250953e-02 1.751604924201688451e-02 2.611501385904354405e-02 6.306254392472003534e-02 1.013803203682900195e-01 2.750867392046018045e-01 1.978669480422657889e-01 9.834595786651431637e-02
4.066627720409709407e-02 3.490038355653422852e-02 6.470637245783607272e-02 8.207175431531860132e-02 1.652748138942187750e-01 2.106629522776171659e-01 1.368216666656618952e-01 3.927745415279847163e-02 3.837661022316542908e-02 3.765961630395750492e-02 8.687640451319109114e-02 6.270569443560403133e-02
1.779769155566366182e-02 3.652917298099411098e-02 8.537468896635608262e-02 2.286543346045439573e-01 3.958837316516330973e-02 6.113369247503935150e-02 1.599083025877683084e-01 1.218623135943584512e-01 1.129233089783203137e-01 5.700216591444216829e-02 5.483445724134535654e-02 2.439149793600502159e-02
5.044376143669507956e-02 8.264960380716152022e-02 7.005268339694145641e-02 1.045901294531081521e-01 1.519952071288758477e-01 1.278016278649100057e-01 1.095847094614092743e-01 9.849818335938409497e-02 7.754880396431336476e-02 6.065654532155126399e-02 2.945154140905118650e-02 3.672720339659928113e-02
2.521339046083873395e-02 2.280701271994452911e-02 4.599629635023477769e-02 5.912072374422724930e-02 1.120988977297569661e-01 1.266224768234321396e-01 6.366573592028228201e-02 7.684439744213178436e-02 1.330327152848355676e-01 1.866381396324486297e-01 9.876059789792646093e-02 4.919961599394092472e-02
7.386556390714711651e-02 5.945165015683834264e-02 6.782057678894654051e-02 1.192897362215380730e-01 3.712298285320965452e-02 5.157394024850670000e-02 1.388119650314142417e-01 4.347642075301188375e-02 4.602972948182670887e-02 1.134771718292528486e-01 1.541484383830538651e-01 9.493182434525433699e-02
1.672645667186536123e-01 7.418737341947773123e-02 4.340404018837436956e-02 9.967689121613507175e-02 4.254196034786723868e-02 1.008459709760193765e-02 6.363099275475314967e-03 2.014471850793102953e-02 5.603619107408783911e-02 7.669307206613514005e-02 1.832973139257755013e-01 2.203061761624850179e-01
1.300728037264017693e-02 2.630257174091993333e-02 5.626244545984295659e-02 1.574616165752033559e-01 1.633655913320051778e-01 1.714608811622475026e-01 1.669745031887032716e-01 7.859741483050530775e-02 5.977908726162677044e-02 6.152415574160313011e-02 2.393332543429476170e-02 2.133112690040809417e-02
1.944557165567035451e-01 1.078589288234021448e-01 4.474656935731807783e-02 2.651550606044351943e-02 2.400533842035949134e-02 2.389584587726480830e-02 6.097072844974645023e-02 1.901918460662137822e-01 1.245931987424605536e-01 1.681442541994779966e-02 2.670266216836680168e-02 1.592492340577734700e-01
6.633101684314567092e-02 1.805483234660542891e-01 2.073672114418375900e-01 1.532844977464849490e-01 6.169884300958504431e-02 1.394795352666857238e-02 5.436155310322115901e-03 6.174996736621090818e-03 1.774825528410682585e-02 4.613193803481582811e-02 1.026097608171141484e-01 1.387210477832436784e-01
2.075086408810661656e-02 9.078204489145483280e-02 1.763387467908296424e-01 6.362809005415190344e-02 7.412626090404135504e-02 5.357937200206147610e-02 7.936985490103093399e-02 1.821911737704461909e-01 9.872882601928548163e-02 5.975228515184899392e-02 7.281518916055389201e-02 2.793729226618879569e-02
4.362704166424098695e-02 3.500055717002200500e-02 2.894765642172210385e-02 6.503782187923044800e-02 1.670778386834085860e-01 1.799642715507978330e-01 8.361674462072027358e-02 9.492973859139486326e-02 9.490695720755866482e-02 9.605831934358398383e-02 5.569024928745910930e-02 5.514280357986123954e-02
1.369637271069270856e-01 8.734652359610617367e-02 5.115620059816750054e-02 3.370572417593516168e-02 1.315866360731908768e-01 9.413152439197958188e-02 1.561199098030998100e-01 1.068088516283945411e-01 5.383108329627746963e-02 4.279525903555535943e-02 3.405299246355416448e-02 7.150156783081250411e-02
6.416039563887966646e-02 1.398680961665271782e-01 4.499662778216642067e-01 1.734314027649940526e-01 3.611072869365111043e-02 7.118322603635139981e-03 2.279082823398487397e-03 1.777624251481201316e-03 4.044434161023276707e-03 8.961053321146300599e-03 6.978307740426036021e-02 4.249950434933907201e-02
3.357947980887261707e-02 2.169065555423313127e-02 2.940986557612918634e-02 9.993012165822484638e-02 2.032172458266176540e-01 2.181853834783878121e-01 1.614728769195475921e-01 1.623044312989497251e-01 2.896336259480145059e-02 1.473758606443077365e-02 7.454109300756006466e-03 1.905488191904941911e-02
4.494469178926870090e-02 2.540049622564358178e-02 1.673292380688776171e-02 1.337447180488134449e-02 5.923173929147441605e-03 1.197313288982378848e-02 1.888702551979430308e-02 4.031068722043123359e-02 1.101741557274695804e-01 2.331340093877199982e-01 3.468469283960630700e-01 1.322983033028690691e-01
2.723740531915770369e-01 1.517630689170899050e-01 5.200622437142854437e-02 2.229998183464442993e-02 2.017580355642478035e-02 1.840822656093149198e-02 1.326436310128526266e-02 1.646453375740297362e-02 2.840355984843766224e-02 1.004993084673097697e-01 1.007019044964333060e-01 2.036389718970347817e-01
8.171173139402448937e-02 2.262437511176708660e-01 2.830819300707013708e-01 1.017486494927434537e-01 4.429441423511601417e-02 3.724375253357574411e-02 5.591632646127766421e-02 2.886039677836080286e-02 1.613637097830328965e-02 2.506354600901367427e-02 4.255191649757468497e-02 5.714721443163782444e-02
9.984763506871262642e-03 6.487617385578420097e-03 1.807549897293165078e-02 8.701575631577126990e-02 2.033981947785739597e-01 9.823177914472920602e-02 1.733893084686440322e-01 1.354696147259379368e-01 1.372857538177680026e-01 4.452303161173176010e-02 5.502171011326539851e-02 3.111697115819718473e-02
3.661724742638969993e-02 9.813436615477334757e-02 3.229758106237831661e-01 3.210491163363198286e-01 8.321143164355201960e-02 2.159793741103250425e-02 1.243025478131092737e-02 1.326523664863252065e-02 2.276715089205069015e-02 1.292077505165281984e-02 3.430275016865934334e-02 2.072792286184318988e-02
2.105659721080071767e-01 1.842620396481253198e-01 1.238443154219572850e-01 1.005760076751710808e-01 4.144043662209673240e-02 1.150825723712157675e-02 6.091928908591228223e-03 6.920648720443467634e-03 1.211556728467493710e-02 1.909919773076386093e-02 4.236909903626236151e-02 2.412065296067849862e-01
1.492679946184904093e-02 2.983705527615946457e-02 6.701231392601243730e-02 3.213173648666719506e-01 1.364539452770698880e-01 1.110886630847844614e-01 1.633356145880200394e-01 6.890482147062480800e-02 3.768615903054355065e-02 1.797270768298096094e-02 1.236947872698960713e-02 1.909507660829396630e-02
1.728856621490248990e-01 5.513068613655121297e-02 9.925452737581679299e-03 9.159454859262486717e-03 2.019648874537919789e-02 1.539317791302472448e-02 4.075836288168954713e-02 7.233351345934166399e-02 8.013700474765969584e-02 8.241539942690281895e-02 1.251663527274369803e-01 3.164984442161454248e-01
2.940909654578483662e-02 2.636679664778072626e-02 5.025930336097816920e-02 5.039172563638173730e-02 1.065653047565609662e-01 1.795490496409845871e-01 9.675862842955891552e-02 1.674767779138602863e-01 1.411782166954736739e-01 7.248413274737705581e-02 4.610594440282976547e-02 3.345502322242963761e-02
1.561372946112758904e-02 4.071931358917603438e-02 1.034954581114895800e-01 9.755933332962020421e-02 1.068309021582205809e-01 1.225285789848709339e-01 9.375428815576408725e-02 5.804840610029247949e-02 4.604166985230644105e-02 1.646235905923639775e-01 1.205375489214166318e-01 3.024718074335155243e-02
8.315995989122722601e-03 2.156595509311470035e-03 1.404657574936277534e-03 3.050243416508246520e-03 1.241663235983914496e-02 5.420593789886404834e-02 1.211532033625777327e-01 2.489529244157432097e-01 2.334012113143483225e-01 1.508428989692403022e-01 1.098152049674374908e-01 5.428449422207110714e-02
1.873539322791186942e-02 5.152244106810748014e-03 4.854642950648773402e-03 3.005192462069556075e-03 9.346548041155091149e-03 1.672708052911459423e-02 8.903818606103644506e-02 4.325305171807523053e-01 2.336883119632257033e-01 1.361731948258772529e-01 3.205618987901492911e-02 1.869249877238273599e-02
6.501741923319399874e-02 4.709317997450990917e-02 5.871796969935440258e-02 5.753752722345874260e-02 1.057629416142187029e-01 8.193078405792249275e-02 4.277965677781274401e-02 9.922134978823393681e-02 1.807378767862500846e-01 6.918466076301139911e-02 6.720640560232535310e-02 1.248102284797082684e-01
4.257863331516631433e-02 1.050649631325194927e-01 2.867913430534156372e-01 1.676957226785389665e-01 2.666349604280732200e-01 8.321939427893959573e-02 2.404195307638553811e-02 5.427275159666337945e-03 2.015550605376840738e-03 1.328700583445447704e-03 3.571508889314393542e-03 1.162999479915853909e-02
1.728730753075736690e-02 8.919173448784957839e-03 7.253770308775491817e-03 1.757710804363406612e-02 4.983309996059923086e-02 1.127683732854460330e-01 2.248716090760272679e-01 1.089433086106250947e-01 8.429052162431846518e-02 2.538763815423318304e-01 7.316404852979155327e-02 4.121529803890861682e-02
3.319395525975595267e-03 1.171654091736467652e-03 7.428097753079752463e-04 5.823043052029451029e-03 4.246805297330970286e-02 1.453636142965320788e-01 4.745827224860702520e-01 1.521736177555756409e-01 5.389815201975404341e-02 9.152391901823336839e-02 2.250217001569535316e-02 6.430848989780332640e-03
8.022359591277064550e-02 1.110544589041847913e-01 1.779001873410412937e-02 7.975788041804024800e-03 5.473307579833378532e-03 7.198116772495978706e-03 9.536315088540286283e-03 1.629710243639772085e-02 7.696770586149703774e-02 2.302245324104909563e-01 1.934534365940051570e-01 2.438056216638758988e-01
3.866883960246452617e-02 3.903440547659275950e-02 1.015884648325647704e-01 7.536023526377691462e-02 3.348042201218814212e-02 2.545179360919087169e-02 5.319706471405208359e-02 1.939014455370521584e-01 2.257325606476203173e-01 8.714538487171624714e-02 4.806620895733984544e-02 7.837317447544153715e-02
2.228045284558301531e-01 2.515987942042519632e-01 1.446634551043717298e-01 9.175087987992133765e-02 3.366742592754855962e-02 1.274824039512032631e-02 5.936116833800422765e-03 8.391853246964316518e-03 1.538242106191957566e-02 2.572171917106228639e-02 6.853958305196208856e-02 1.187949826672475978e-01
1.449229457227048032e-02 2.570903376078689448e-02 1.209352686145603525e-02 2.173655694555907958e-02 8.557432818286872522e-02 6.819051726760105847e-02 1.120230698470049691e-01 1.549479654813808449e-01 1.862778473866031903e-01 2.415221917664158169e-01 5.999013344504029732e-02 1.744253448301294473e-02
5.714855802465627216e-02 4.007235405759682068e-02 2.672858590730545214e-02 1.192549293345659261e-02 9.620888999710813447e-03 2.117636784119807103e-02 2.753970488454585835e-02 7.331428413667381849e-02 9.414352119238784955e-02 1.930242923312426306e-01 3.023670641649754409e-01 1.429388855262508362e-01
4.461344141626314569e-02 3.568980672939654764e-02 2.946312543172074569e-02 5.492832955039283344e-02 1.012912132672817433e-01 2.113467294655372863e-01 1.167187140750526736e-01 1.683249021210853069e-01 5.425435718345097275e-02 2.605056376300072737e-02 4.831359166320935150e-02 1.090052253336087351e-01
1.456896529123777838e-02 7.518851743038792827e-03 1.967868572522151437e-03 2.118708697329797167e-03 5.295622998335250235e-03 1.279606999361960692e-02 2.908219764046750255e-02 5.554541736357284515e-02 1.305316298309706080e-01 3.026987011529542748e-01 3.786432512039039078e-01 5.923271551204765950e-02
5.701921192852526035e-03 2.623799742956412634e-02 1.035246520701772616e-01 4.490271414094517688e-01 2.480207812417891122e-01 8.189120197803426149e-02 5.527816165159531864e-02 2.058066943978479474e-02 3.696296452617644709e-03 1.732251775348035315e-03 1.813799921404933308e-03 2.495125437380191474e-03
1.269514366477841327e-01 1.046500894765470258e-01 9.535008610952089292e-02 8.340345917573545320e-02 3.796835848070958391e-02 9.659768429851077476e-03 5.406779454210901108e-03 3.604934822850406912e-03 8.178497678359304343e-03 5.359867964276515684e-02 2.923519793237002729e-01 1.788759307579657898e-01
3.291729076540227117e-02 2.069350282903254304e-02 3.705537674096182066e-02 1.387600013525391515e-02 3.718828752704199381e-02 3.025443486695158363e-02 6.087778613483296741e-02 9.845781775502152056e-02 1.759731580846984056e-01 2.358209437673955966e-01 1.862261134400753915e-01 7.065928795333194234e-02
1.041533271013937167e-01 6.991539570660243452e-02 5.972103940200114425e-02 2.140473254759222427e-02 2.181999214761360176e-02 1.747419334953182954e-02 7.915348018378987049e-02 2.909595107542020109e-01 1.367883769406941785e-01 7.195404292120256839e-02 5.248371007246118575e-02 7.417219887291537361e-02
5.967652080455623440e-03 1.423813561985394840e-02 2.921050440553467353e-02 8.510457132558731097e-02 1.441744981174042928e-01 1.687219078860969779e-01 1.775489271401183844e-01 1.477685122798074180e-01 1.033758902796414469e-01 9.093409505121208269e-02 2.572945825859956556e-02 7.225847555688186090e-03
4.390693679113407549e-02 8.581944645752866141e-02 1.722030052353948626e-01 5.120345171736333245e-02 2.020285739830535859e-02 1.458071870573680699e-02 2.921602892226500547e-02 4.085083836343527536e-02 6.250060897394893455e-02 1.817064225712619885e-01 1.876969227477744973e-01 1.101127621158513314e-01
4.527476956557145715e-02 4.500127891807240849e-02 4.920930273969606472e-02 1.042963472038997280e-01 1.375784224749354023e-01 1.084992994175946884e-01 1.026827074523482264e-01 1.071677306159986021e-01 8.437440573458972193e-02 1.221284500300412190e-01 5.804059191330601664e-02 3.574669393394620809e-02
2.456343106840416096e-02 8.536155634188124022e-03 5.262019803233564455e-03 7.079132747719579094e-03 4.082442509793056395e-02 1.754079349742779237e-01 1.460315303372079210e-01 1.219355415935966386e-01 7.342989577895607523e-02 1.375955106658637850e-01 1.966264079759998951e-01 6.270801432262165798e-02
1.770905215240834996e-01 9.944544548984726728e-02 3.804251617156759885e-02 1.182675065536787501e-02 7.972548265002670290e-03 8.000734661793275360e-03 7.636691189966163598e-03 2.223236156329665147e-02 5.810141569641665005e-02 1.665414911993980396e-01 2.412919829060817256e-01 1.618175406771784341e-01
4.318634547416168833e-03 2.049780703186420902e-02 1.169457713774437191e-01 2.430231033864601597e-01 1.268713717475828950e-01 1.368930628825804074e-01 1.948794398073115386e-01 9.834108429111923511e-02 4.061991364918344366e-02 1.092671213319557771e-02 4.392834562242420998e-03 2.290264583600530070e-03
7.314984819913858405e-02 6.977867154740280409e-02 1.621075960803778637e-01 1.209070394319266273e-01 4.298586505471886643e-02 3.153881340321323251e-02 8.175837738862204440e-02 1.315902668718618718e-01 5.721250284997927982e-02 8.232042403520632712e-02 7.999765690939383833e-02 6.665293822815851477e-02
1.611904964555789174e-02 4.761948756155885698e-02 6.980539282279904501e-02 1.456837520348131243e-01 2.402593593382532089e-01 1.278195667637954114e-01 1.098037771055341838e-01 1.037465122816538521e-01 8.020274425431192511e-02 2.298853192987183186e-02 1.996480535282778648e-02 1.598702090902300033e-02
6.075764328853398843e-02 4.372181577878625491e-02 4.165103684924569005e-02 1.756097210945861686e-02 1.538815825976407904e-02 3.718837488612912467e-02 7.706273726544879410e-02 2.860761289464649471e-01 8.959361124004264210e-02 9.760752999439892275e-02 1.229692368766260868e-01 1.104227545051009174e-01
1.347871548209816916e-01 8.776118418548502220e-02 5.609338550748822066e-02 6.845575395048630885e-02 5.417782611944228777e-02 6.847009120631372681e-02 1.100687944889780084e-01 6.579134036185275980e-02 4.095383999961560439e-02 5.815870436399193932e-02 1.577088615628761126e-01 9.757306343248817182e-02
9.229868979546566876e-02 1.348720475289324761e-01 1.403360128335438550e-01 9.071691439875782803e-02 1.735767728424567613e-01 1.491766678840632521e-01 4.472959533095872964e-02 5.536864088564007191e-02 3.338209529062451109e-02 2.160436928861138306e-02 2.858255488767137004e-02 3.535563903327407220e-02
9.929999413296983213e-02 4.940627379462295132e-02 4.719649247845419948e-02 5.760566880653801569e-02 9.593254408184519189e-02 1.159552546765687808e-01 8.221231831868824891e-02 6.598350971255297071e-02 5.175772279903404632e-02 6.172651998480652852e-02 1.239301496124103341e-01 1.489935516015090111e-01
8.898034637829065063e-02 4.759826837425339824e-02 3.292523067363536948e-02 1.512397080828277798e-02 6.229105413161024896e-03 4.201862978334781895e-03 7.459146546273964264e-03 1.801425826012864953e-02 7.725654962583007601e-02 3.271314949735011912e-01 2.407099843995416932e-01 1.343697815687664443e-01
2.621697345617264238e-02 1.011870501872346867e-01 2.129477186242209608e-01 1.250899053949611484e-01 7.052286892435299936e-02 5.875985065637147342e-02 4.131732023409681598e-02 6.333529269795049044e-02 7.900936653008250321e-02 1.235727785583000116e-01 7.392238276683377185e-02 2.411849196942240231e-02
9.350581747451333636e-02 1.990797270544566178e-01 2.536949644032002738e-01 7.564260006267801983e-02 5.906179725708086969e-02 3.163816848357405009e-02 2.873580119503887573e-02 1.526583897110660518e-02 2.357466567377987376e-02 5.765264348189940574e-02 6.822439598688978535e-02 9.392357995578215490e-02
1.555725342043838902e-02 1.312127932487305859e-02 1.145438625536762678e-02 1.363367422371991947e-02 1.851849413998852417e-02 1.029286990328158041e-01 2.055875677803398194e-01 3.447992497021698521e-01 1.588175949417868493e-01 5.779657982512538539e-02 4.045387285406046307e-02 1.733134849931469018e-02
4.502871690905507068e-02 1.433525671281774168e-02 5.204526661103612076e-03 2.183625873182010006e-03 1.352593981108307034e-03 3.202731908353462220e-03 8.363338633494584590e-03 3.171482085235968751e-02 1.000017080896185018e-01 2.688169064118034468e-01 3.211636339954119235e-01 1.986321399716917402e-01
3.870273784166174819e-02 3.985763324038724131e-02 4.049600785134629954e-02 5.222649214666752471e-02 1.294392524446033033e-01 1.936544245733701763e-01 5.935306735373283710e-02 2.301861680982297126e-02 5.072703189637610410e-02 1.080904655379203022e-01 9.533707055299159294e-02 1.690971997511201974e-01
1.524095018940094803e-01 1.698919395800557730e-01 8.051120224817648330e-02 2.325501271236456516e-02 1.946894449764536780e-02 1.570715667285277339e-02 1.255203459196339855e-02 1.606305219102052706e-02 5.721622938219234761e-02 7.023655957949957729e-02 1.409750298694343873e-01 2.417133367807852151e-01
1.504929819647402578e-01 2.642904669557016306e-01 2.294047426852911797e-01 1.170181076946406884e-01 3.263056228395429248e-02 2.409121960789302463e-02 9.532434266881308071e-03 7.078094673289130230e-03 1.373690927068295375e-02 3.139157806895662844e-02 5.666151980272352701e-02 6.367138272524547338e-02
4.114100881893963807e-02 9.887053385390479066e-02 1.940767331694405184e-01 8.787174573898422214e-02 5.404726945627655321e-02 6.336482322716606441e-02 7.541242973095663160e-02 6.881428808767899030e-02 9.502245543834442199e-02 1.115673880370542936e-01 6.608308790188970050e-02 4.372823653936437627e-02
5.224302758001497099e-02 5.705215426141396068e-02 1.484693979457201718e-01 1.768289558668471595e-01 7.333673930652150064e-02 1.913951480148359807e-02 4.001880242480641142e-02 3.147096521446811346e-02 6.694219655125652202e-02 2.014162571227020304e-01 7.577417758652105206e-02 5.730781133824441875e-02
1.064770366860473411e-01 1.097595812861993092e-01 3.520138871789012247e-02 1.719552384393514474e-02 6.624280760376502833e-03 3.812188008193845550e-03 9.890066089110496200e-03 2.337952674250389981e-02 4.979403319133785671e-02 2.620764066909132550e-01 1.431180435834284448e-01 2.326719244000640119e-01
3.288574762603957424e-02 1.673766034498272992e-01 2.871196862721933085e-01 9.399653546058964193e-02 9.344865854328478216e-02 5.762134682489901405e-02 6.181113816122636717e-02 6.515287404552455586e-02 3.717634141021965155e-02 3.310536225422908152e-02 4.668511881102363481e-02 2.362058714094320000e-02
1.718756591121293753e-01 1.178441003221670086e-01 9.485680448313457691e-02 3.814214149642002061e-02 1.840932662561725955e-02 1.187071492468793482e-02 1.455268032214825091e-02 2.624981267059556950e-02 5.487313325017549592e-02 4.902162676603710745e-02 1.439049345559076654e-01 2.583990654709799051e-01
2.176248695731714533e-01 1.361645516080810803e-01 6.647228926246037672e-02 9.841302160710635460e-02 2.150295897329963513e-01 1.105742262098095563e-01 2.878237715978508582e-02 1.440099127759478410e-02 1.967633853420458490e-02 2.043691078091085592e-02 1.760762759525047114e-02 5.481720665862883923e-02
1.865102728831686540e-01 5.038104081169745285e-01 1.750163671931493081e-01 3.471988964239688946e-02 1.306343971362361467e-02 3.109205075113809572e-03 1.399177755201147857e-03 1.175342576106696429e-03 2.028665038202406325e-03 4.642626134297811111e-03 1.506457870383461246e-02 5.946002716793071657e-02
5.134176898760244717e-02 6.230812623400816541e-02 3.018430078994327470e-02 5.142711123501622628e-02 4.488581115962210488e-02 2.110127250508920735e-02 5.160494032645476098e-02 2.348180865880684087e-01 2.278195572994548279e-01 1.461013662029159443e-01 5.626249929985063097e-02 2.214515937197428230e-02
1.959818432729999726e-02 1.984166502805142368e-02 2.424541595041318151e-02 3.225656424100780545e-02 3.968850201027178393e-02 8.824827861249404104e-02 5.211982958827387352e-02 7.084846075902664908e-02 1.706840812693778964e-01 3.471549881323555686e-01 1.054680960058122230e-01 2.984593407561594858e-02
7.952159898018274636e-03 2.549786342372010149e-03 1.724450087677917645e-03 9.442391776463028921e-03 3.826312896910434580e-02 5.927336155597873191e-02 1.847493222094312160e-01 1.964791428282391950e-01 2.441076131899315715e-01 1.490592705392632944e-01 8.216920627861271087e-02 2.423016632490782030e-02
