1.124663512473067506e-01 1.823600261724003246e-01 1.012826442400089344e-01 5.380988982830124667e-02 3.594874306145590115e-02 3.460152420837367404e-02 6.246907323845175830e-02 8.032573936512224511e-02 7.590922985112588672e-02 7.013547289929727979e-02 4.345908255203875803e-02 6.099618153346307581e-02
1.823600261724003246e-01 2.996254061012460501e-01 1.651307893770642687e-01 8.643895187347452880e-02 5.614966826084124424e-02 5.215530278669066461e-02 9.246462225305830673e-02 1.183520535480564462e-01 1.120887473159359049e-01 1.045191663085416056e-01 6.662781144704091330e-02 9.704258940918697451e-02
1.012826442400089344e-01 1.651307893770642687e-01 9.183800521224896873e-02 4.863895696545592062e-02 3.229299735763383611e-02 3.084804496845816590e-02 5.548282734464907856e-02 7.126601814467468932e-02 6.735473420031916347e-02 6.231136785112644655e-02 3.878596136589716747e-02 5.475866750961029539e-02
5.380988982830124667e-02 8.643895187347452880e-02 4.863895696545592062e-02 2.642992257652094362e-02 1.837020585302975850e-02 1.852981613157221596e-02 3.421574389642493413e-02 4.422716032722676799e-02 4.165152293141845263e-02 3.799924882695409484e-02 2.263965438983579423e-02 3.005573888576588623e-02
3.594874306145590115e-02 5.614966826084124424e-02 3.229299735763383611e-02 1.837020585302975850e-02 1.382065364861244545e-02 1.514360144298615082e-02 2.899515525446456216e-02 3.779519034877650702e-02 3.542885371311363385e-02 3.172412854150932771e-02 1.775313099107346873e-02 2.131657843906619929e-02
3.460152420837367404e-02 5.215530278669066461e-02 3.084804496845816590e-02 1.852981613157221596e-02 1.514360144298615082e-02 1.788698732928377388e-02 3.527132031153919212e-02 4.627963242034306701e-02 4.322673594870642122e-02 3.814073518451475964e-02 2.023975239552221889e-02 2.199847817579504705e-02
6.246907323845175830e-02 9.246462225305830673e-02 5.548282734464907856e-02 3.421574389642493413e-02 2.899515525446456216e-02 3.527132031153919212e-02 7.031733268783432744e-02 9.248404033507909294e-02 8.627204149754721940e-02 7.571700707460135571e-02 3.938195896302533472e-02 4.104944209814040401e-02
8.032573936512224511e-02 1.183520535480564462e-01 7.126601814467468932e-02 4.422716032722676799e-02 3.779519034877650702e-02 4.627963242034306701e-02 9.248404033507909294e-02 1.217471488514269562e-01 1.135544964953488084e-01 9.955193575345688828e-02 5.154661692415764968e-02 5.320913936977171577e-02
7.590922985112588672e-02 1.120887473159359049e-01 6.735473420031916347e-02 4.165152293141845263e-02 3.542885371311363385e-02 4.322673594870642122e-02 8.627204149754721940e-02 1.135544964953488084e-01 1.059971988618922945e-01 9.301469412697231653e-02 4.827295136986129581e-02 5.007961885050256357e-02
7.013547289929727979e-02 1.045191663085416056e-01 6.231136785112644655e-02 3.799924882695409484e-02 3.172412854150932771e-02 3.814073518451475964e-02 7.571700707460135571e-02 9.955193575345688828e-02 9.301469412697231653e-02 8.190543943177412689e-02 4.293391616510574410e-02 4.549338820489118307e-02
4.345908255203875803e-02 6.662781144704091330e-02 3.878596136589716747e-02 2.263965438983579423e-02 1.775313099107346873e-02 2.023975239552221889e-02 3.938195896302533472e-02 5.154661692415764968e-02 4.827295136986129581e-02 4.293391616510574410e-02 2.337561122069427982e-02 2.668318502549143698e-02
6.099618153346307581e-02 9.704258940918697451e-02 5.475866750961029539e-02 3.005573888576588623e-02 2.131657843906619929e-02 2.199847817579504705e-02 4.104944209814040401e-02 5.320913936977171577e-02 5.007961885050256357e-02 4.549338820489118307e-02 2.668318502549143698e-02 3.458994283115914697e-02
2.043451175404444875e-01 1.433478625651534166e-01 1.120886553271747688e-01 1.402807690964442688e-01 8.397867076633909467e-02 1.022658153240572632e-01 1.207880552054866330e-01 1.034874718949931049e-01 9.738810884998588824e-02 6.600482188727380128e-02 8.324385503952369536e-02 1.407356493465648783e-01
1.433478625651534166e-01 1.018910057669991098e-01 8.095393497989880616e-02 1.025876070565381049e-01 6.167685184147018995e-02 7.544380631772749923e-02 8.918883713202721553e-02 7.618230524495869793e-02 7.126453322286975534e-02 4.770603320888507082e-02 5.918055997447019267e-02 9.908082372715851238e-02
1.120886553271747688e-01 8.095393497989880616e-02 6.643283374045055867e-02 8.628171755434799195e-02 5.236361899246187723e-02 6.469891998742775818e-02 7.669418121722917925e-02 6.519041563913793857e-02 6.034806430957219414e-02 3.949493694424446866e-02 4.748951550956408141e-02 7.803495767489655732e-02
1.402807690964442688e-01 1.025876070565381049e-01 8.628171755434799195e-02 1.145852902778555366e-01 7.010955135660036641e-02 8.738931099465896413e-02 1.038576565402252738e-01 8.796199126912636335e-02 8.077062803172997685e-02 5.190735745493768594e-02 6.079759708609602104e-02 9.828854822771118660e-02
8.397867076633909467e-02 6.167685184147018995e-02 5.236361899246187723e-02 7.010955135660036641e-02 4.356223285233513931e-02 5.517082538001143177e-02 6.598845118879512195e-02 5.583664865268841287e-02 5.100377392447193181e-02 3.232335554299856778e-02 3.708793678057797916e-02 5.918722722752803311e-02
1.022658153240572632e-01 7.544380631772749923e-02 6.469891998742775818e-02 8.738931099465896413e-02 5.517082538001143177e-02 7.117899189926629733e-02 8.576709250590146272e-02 7.251805862476068398e-02 6.588691621161044121e-02 4.114128969753433340e-02 4.615003729056624260e-02 7.257406396295001949e-02
1.207880552054866330e-01 8.918883713202721553e-02 7.669418121722917925e-02 1.038576565402252738e-01 6.598845118879512195e-02 8.576709250590146272e-02 1.038833818423072902e-01 8.788031355630612773e-02 7.971009889156607797e-02 4.948516049797628547e-02 5.500926179766018470e-02 8.598347607653115954e-02
1.034874718949931049e-01 7.618230524495869793e-02 6.519041563913793857e-02 8.796199126912636335e-02 5.583664865268841287e-02 7.251805862476068398e-02 8.788031355630612773e-02 7.456994777438372135e-02 6.778451808557306446e-02 4.216810823680720854e-02 4.702221060840205275e-02 7.364372458109283426e-02
9.738810884998588824e-02 7.126453322286975534e-02 6.034806430957219414e-02 8.077062803172997685e-02 5.100377392447193181e-02 6.588691621161044121e-02 7.971009889156607797e-02 6.778451808557306446e-02 6.193859466405068903e-02 3.882760091217666437e-02 4.380496080666353848e-02 6.912205068054093349e-02
6.600482188727380128e-02 4.770603320888507082e-02 3.949493694424446866e-02 5.190735745493768594e-02 3.232335554299856778e-02 4.114128969753433340e-02 4.948516049797628547e-02 4.216810823680720854e-02 3.882760091217666437e-02 2.485442029699543379e-02 2.891157612200601773e-02 4.650742425650581519e-02
8.324385503952369536e-02 5.918055997447019267e-02 4.748951550956408141e-02 6.079759708609602104e-02 3.708793678057797916e-02 4.615003729056624260e-02 5.500926179766018470e-02 4.702221060840205275e-02 4.380496080666353848e-02 2.891157612200601773e-02 3.516301788082771412e-02 5.808493604301424862e-02
1.407356493465648783e-01 9.908082372715851238e-02 7.803495767489655732e-02 9.828854822771118660e-02 5.918722722752803311e-02 7.257406396295001949e-02 8.598347607653115954e-02 7.364372458109283426e-02 6.912205068054093349e-02 4.650742425650581519e-02 5.808493604301424862e-02 9.759516546408394944e-02
1.230924002584458943e-01 1.343368201389319172e-01 1.676481892447248545e-01 1.327875248458338375e-01 1.252849573813996642e-01 8.170347334620002566e-02 5.394976820637079062e-02 5.224368091420439342e-02 4.646462937564233703e-02 4.262889986106122020e-02 4.484482102631940498e-02 6.864386988890258667e-02
1.343368201389319172e-01 1.484647958330668760e-01 1.867790084399423012e-01 1.475114983296993698e-01 1.386098120893822505e-01 9.012099038384643879e-02 5.933746870502577125e-02 5.731289925964779680e-02 5.088961619303444817e-02 4.662527429535128637e-02 4.898230497733134514e-02 7.489349468213046812e-02
1.676481892447248545e-01 1.867790084399423012e-01 2.395754048652126156e-01 1.892797709862417965e-01 1.774268402536437750e-01 1.149479266609327865e-01 7.538177429353790093e-02 7.253367862520042342e-02 6.422329366880719093e-02 5.867063177900671417e-02 6.142037536223901584e-02 9.360711221891741818e-02
1.327875248458338375e-01 1.475114983296993698e-01 1.892797709862417965e-01 1.529201626436187955e-01 1.449194392468205472e-01 9.382525337151698119e-02 6.133723677135010516e-02 5.881588291418202163e-02 5.190262964117474398e-02 4.721048914420278297e-02 4.913516158401054490e-02 7.446174042442019192e-02
1.252849573813996642e-01 1.386098120893822505e-01 1.774268402536437750e-01 1.449194392468205472e-01 1.396159554812880232e-01 9.050553473202094246e-02 5.907900782460648315e-02 5.653901379348785783e-02 4.977689100084346785e-02 4.512590912479085004e-02 4.674539929097056706e-02 7.051419873565807628e-02
8.170347334620002566e-02 9.012099038384643879e-02 1.149479266609327865e-01 9.382525337151698119e-02 9.050553473202094246e-02 5.895980093906466601e-02 3.857468846013151209e-02 3.697057630841325132e-02 3.256037333481759388e-02 2.950905023497683508e-02 3.054317233191610609e-02 4.603145754924388433e-02
5.394976820637079062e-02 5.933746870502577125e-02 7.538177429353790093e-02 6.133723677135010516e-02 5.907900782460648315e-02 3.857468846013151209e-02 2.533708011064456783e-02 2.435431099021737045e-02 2.147824155674375735e-02 1.947926843999764346e-02 2.016981904938347503e-02 3.040336410784402754e-02
5.224368091420439342e-02 5.731289925964779680e-02 7.253367862520042342e-02 5.881588291418202163e-02 5.653901379348785783e-02 3.697057630841325132e-02 2.435431099021737045e-02 2.348535640497246418e-02 2.074608189868006047e-02 1.883541664550899761e-02 1.951985011688497917e-02 2.944128227870086711e-02
4.646462937564233703e-02 5.088961619303444817e-02 6.422329366880719093e-02 5.190262964117474398e-02 4.977689100084346785e-02 3.256037333481759388e-02 2.147824155674375735e-02 2.074608189868006047e-02 1.835904135831424935e-02 1.669360435180752486e-02 1.732768458657516289e-02 2.616916105298261463e-02
4.262889986106122020e-02 4.662527429535128637e-02 5.867063177900671417e-02 4.721048914420278297e-02 4.512590912479085004e-02 2.950905023497683508e-02 1.947926843999764346e-02 1.883541664550899761e-02 1.669360435180752486e-02 1.521560904220713856e-02 1.583759992892485452e-02 2.397685412096225294e-02
4.484482102631940498e-02 4.898230497733134514e-02 6.142037536223901584e-02 4.913516158401054490e-02 4.674539929097056706e-02 3.054317233191610609e-02 2.016981904938347503e-02 1.951985011688497917e-02 1.732768458657516289e-02 1.583759992892485452e-02 1.655747975154365365e-02 2.516526858153919632e-02
6.864386988890258667e-02 7.489349468213046812e-02 9.360711221891741818e-02 7.446174042442019192e-02 7.051419873565807628e-02 4.603145754924388433e-02 3.040336410784402754e-02 2.944128227870086711e-02 2.616916105298261463e-02 2.397685412096225294e-02 2.516526858153919632e-02 3.841691331162133682e-02
1.977709741531934878e-02 3.738076142718347455e-02 7.063313553709869852e-02 8.724259570843026501e-02 6.212691546486114047e-02 2.013663457848868105e-02 1.494997469612707741e-02 1.290571633395573917e-02 8.248598359894165899e-03 7.073547229394379701e-03 7.264855038900774713e-03 1.082362567524858613e-02
3.738076142718347455e-02 7.078734467026713550e-02 1.339186794743532638e-01 1.649895795706859958e-01 1.172183706042876777e-01 3.799586839232810265e-02 2.820735569740502949e-02 2.434896916048399917e-02 1.556355357463121841e-02 1.334855249529629320e-02 1.371395594406010429e-02 2.044195868872625277e-02
7.063313553709869852e-02 1.339186794743532638e-01 2.548239094788826709e-01 3.137760119796353386e-01 2.220630478832351928e-01 7.192557122570233941e-02 5.333289600948307174e-02 4.600744375955548304e-02 2.940049084668501511e-02 2.521321438494962541e-02 2.590351168157993197e-02 3.861540014394124198e-02
8.724259570843026501e-02 1.649895795706859958e-01 3.137760119796353386e-01 3.977146139189142726e-01 2.802578550540977265e-01 9.033592942818706450e-02 6.658477707690066416e-02 5.726476359113271547e-02 3.654271751170215521e-02 3.130065420253658193e-02 3.211526825234052585e-02 4.779556015775830724e-02
6.212691546486114047e-02 1.172183706042876777e-01 2.220630478832351928e-01 2.802578550540977265e-01 2.014784396602523342e-01 6.483028010047139911e-02 4.768757382032239728e-02 4.097159383840418001e-02 2.613003986259034017e-02 2.236756708573553118e-02 2.292991986570017474e-02 3.408640255995304402e-02
2.013663457848868105e-02 3.799586839232810265e-02 7.192557122570233941e-02 9.033592942818706450e-02 6.483028010047139911e-02 2.091199461841424662e-02 1.542168954610422145e-02 1.326517643582577829e-02 8.463334554964441897e-03 7.246322601166910009e-03 7.429509065982060900e-03 1.104599108928741927e-02
1.494997469612707741e-02 2.820735569740502949e-02 5.333289600948307174e-02 6.658477707690066416e-02 4.768757382032239728e-02 1.542168954610422145e-02 1.141600555818801307e-02 9.836610519032120206e-03 6.279329889359627770e-03 5.377887387053964866e-03 5.514485112842375594e-03 8.199685784634466734e-03
1.290571633395573917e-02 2.434896916048399917e-02 4.600744375955548304e-02 5.726476359113271547e-02 4.097159383840418001e-02 1.326517643582577829e-02 9.836610519032120206e-03 8.485039499824657133e-03 5.418394515218266476e-03 4.641408244286356413e-03 4.759717435772523215e-03 7.077920826921879627e-03
8.248598359894165899e-03 1.556355357463121841e-02 2.940049084668501511e-02 3.654271751170215521e-02 2.613003986259034017e-02 8.463334554964441897e-03 6.279329889359627770e-03 5.418394515218266476e-03 3.460948785871417570e-03 2.965195356705647121e-03 3.041247140368797276e-03 4.523168434173096067e-03
7.073547229394379701e-03 1.334855249529629320e-02 2.521321438494962541e-02 3.130065420253658193e-02 2.236756708573553118e-02 7.246322601166910009e-03 5.377887387053964866e-03 4.641408244286356413e-03 2.965195356705647121e-03 2.541023046364132044e-03 2.606796342013677128e-03 3.877958376021810837e-03
7.264855038900774713e-03 1.371395594406010429e-02 2.590351168157993197e-02 3.211526825234052585e-02 2.292991986570017474e-02 7.429509065982060900e-03 5.514485112842375594e-03 4.759717435772523215e-03 3.041247140368797276e-03 2.606796342013677128e-03 2.675218999929736708e-03 3.981324233592472249e-03
1.082362567524858613e-02 2.044195868872625277e-02 3.861540014394124198e-02 4.779556015775830724e-02 3.408640255995304402e-02 1.104599108928741927e-02 8.199685784634466734e-03 7.077920826921879627e-03 4.523168434173096067e-03 3.877958376021810837e-03 3.981324233592472249e-03 5.928364347772321560e-03
2.038215319866492625e-01 1.727909732615682814e-01 1.104078891756128389e-01 1.252191029869411665e-01 9.530257323297822158e-02 8.719952037227271524e-02 6.234155790080150861e-02 5.652720989536897528e-02 7.853164613776993097e-02 8.493735051382766965e-02 1.516986216425175171e-01 1.920274389263237902e-01
1.727909732615682814e-01 1.490963240537512280e-01 9.586741704674864306e-02 1.092717028121921730e-01 8.316416099459761346e-02 7.598311649215115648e-02 5.414186700964122856e-02 4.880576157354983569e-02 6.739896985154672504e-02 7.238476043182290320e-02 1.284977484246138113e-01 1.621237428104468359e-01
1.104078891756128389e-01 9.586741704674864306e-02 6.265341858910113138e-02 7.232739692019754529e-02 5.519204859361505344e-02 5.042346512235418299e-02 3.582042792971038697e-02 3.209981279344530092e-02 4.405431012688047071e-02 4.695037882346203562e-02 8.279306995347296416e-02 1.038472625646753994e-01
1.252191029869411665e-01 1.092717028121921730e-01 7.232739692019754529e-02 8.462716214879020815e-02 6.476356941664287992e-02 5.918217224837834384e-02 4.193311965611098979e-02 3.738188683340004648e-02 5.101880402926725622e-02 5.399305910612722803e-02 9.463209861624349850e-02 1.180581265166686655e-01
9.530257323297822158e-02 8.316416099459761346e-02 5.519204859361505344e-02 6.476356941664287992e-02 4.972874812766454183e-02 4.551190697109776251e-02 3.224363194611953171e-02 2.871885706922576442e-02 3.915073666970882160e-02 4.135357625261032455e-02 7.234951189377608616e-02 9.005021335003074445e-02
8.719952037227271524e-02 7.598311649215115648e-02 5.042346512235418299e-02 5.918217224837834384e-02 4.551190697109776251e-02 4.173790530082273353e-02 2.959285791496383405e-02 2.637473503930286289e-02 3.596904549819510827e-02 3.798491148260525752e-02 6.643215588849424313e-02 8.257278064991091515e-02
6.234155790080150861e-02 5.414186700964122856e-02 3.582042792971038697e-02 4.193311965611098979e-02 3.224363194611953171e-02 2.959285791496383405e-02 2.102583555042502467e-02 1.879220866364294390e-02 2.569364871011288812e-02 2.719128288809642691e-02 4.762859920461803842e-02 5.918114466095808490e-02
5.652720989536897528e-02 4.880576157354983569e-02 3.209981279344530092e-02 3.738188683340004648e-02 2.871885706922576442e-02 2.637473503930286289e-02 1.879220866364294390e-02 1.688502021538603945e-02 2.320070881609108404e-02 2.466339933591538483e-02 4.334709896386889499e-02 5.386714341722212418e-02
7.853164613776993097e-02 6.739896985154672504e-02 4.405431012688047071e-02 5.101880402926725622e-02 3.915073666970882160e-02 3.596904549819510827e-02 2.569364871011288812e-02 2.320070881609108404e-02 3.205292384480087908e-02 3.424716168975229513e-02 6.042449942119345468e-02 7.511845909461206672e-02
8.493735051382766965e-02 7.238476043182290320e-02 4.695037882346203562e-02 5.399305910612722803e-02 4.135357625261032455e-02 3.798491148260525752e-02 2.719128288809642691e-02 2.466339933591538483e-02 3.424716168975229513e-02 3.688958675088262196e-02 6.549960692656817129e-02 8.155934829945007958e-02
1.516986216425175171e-01 1.284977484246138113e-01 8.279306995347296416e-02 9.463209861624349850e-02 7.234951189377608616e-02 6.643215588849424313e-02 4.762859920461803842e-02 4.334709896386889499e-02 6.042449942119345468e-02 6.549960692656817129e-02 1.171069577164570441e-01 1.461224660953242271e-01
1.920274389263237902e-01 1.621237428104468359e-01 1.038472625646753994e-01 1.180581265166686655e-01 9.005021335003074445e-02 8.257278064991091515e-02 5.918114466095808490e-02 5.386714341722212418e-02 7.511845909461206672e-02 8.155934829945007958e-02 1.461224660953242271e-01 1.843745857152695733e-01
2.482961316299218263e-02 3.912103616793756455e-02 6.924387852390162523e-02 1.042921878111910811e-01 6.670792512114029349e-02 3.347383095251988544e-02 1.633256749255093676e-02 8.610298491315464611e-03 3.932866004901960921e-03 5.830405325107151579e-03 1.132769370796359032e-02 1.563369263289603531e-02
3.912103616793756455e-02 6.177808540500176471e-02 1.095638913325749364e-01 1.650449527260524629e-01 1.052592875640703807e-01 5.276509126167765878e-02 2.573493984587484074e-02 1.356365149145113275e-02 6.193543032216889885e-03 9.178817191889090260e-03 1.783201116861390587e-02 2.461544177941039913e-02
6.924387852390162523e-02 1.095638913325749364e-01 1.955677596674801344e-01 2.955595617474334746e-01 1.874162510313925334e-01 9.371841468350992910e-02 4.565297649816191933e-02 2.404178046671984897e-02 1.096915569590828192e-02 1.624262442228216821e-02 3.154724104670179885e-02 4.354948971089822596e-02
1.042921878111910811e-01 1.650449527260524629e-01 2.955595617474334746e-01 4.573193735044847053e-01 2.869523330464074373e-01 1.426672111737306015e-01 6.927356155960411044e-02 3.640424429812857965e-02 1.657854504805433143e-02 2.450421290013631709e-02 4.756256299413014199e-02 6.562523504245491857e-02
6.670792512114029349e-02 1.052592875640703807e-01 1.874162510313925334e-01 2.869523330464074373e-01 1.838278713155858113e-01 9.156685032674892477e-02 4.444844670767928579e-02 2.334904388774575873e-02 1.062958978957043513e-02 1.570629488240155025e-02 3.047883068211330870e-02 4.202906801796668645e-02
3.347383095251988544e-02 5.276509126167765878e-02 9.371841468350992910e-02 1.426672111737306015e-01 9.156685032674892477e-02 4.581495951144543000e-02 2.226913643013940861e-02 1.170590014714059483e-02 5.332018182036552499e-03 7.882817844375568025e-03 1.529925335400469238e-02 2.109611184356673802e-02
1.633256749255093676e-02 2.573493984587484074e-02 4.565297649816191933e-02 6.927356155960411044e-02 4.444844670767928579e-02 2.226913643013940861e-02 1.083999410099687269e-02 5.702495250871500790e-03 2.599158958762798604e-03 3.845021720003541713e-03 7.464151824465713181e-03 1.029328087876577383e-02
8.610298491315464611e-03 1.356365149145113275e-02 2.404178046671984897e-02 3.640424429812857965e-02 2.334904388774575873e-02 1.170590014714059483e-02 5.702495250871500790e-03 3.001870233624540953e-03 1.369011703972113081e-03 2.026370995875940734e-03 3.934473014511503941e-03 5.426305878924840218e-03
3.932866004901960921e-03 6.193543032216889885e-03 1.096915569590828192e-02 1.657854504805433143e-02 1.062958978957043513e-02 5.332018182036552499e-03 2.599158958762798604e-03 1.369011703972113081e-03 6.247227230159540460e-04 9.252638848052889943e-04 1.796916410572801850e-03 2.478508996915339269e-03
5.830405325107151579e-03 9.178817191889090260e-03 1.624262442228216821e-02 2.450421290013631709e-02 1.570629488240155025e-02 7.882817844375568025e-03 3.845021720003541713e-03 2.026370995875940734e-03 9.252638848052889943e-04 1.371253718147696053e-03 2.663653292048136310e-03 3.674371283538405922e-03
1.132769370796359032e-02 1.783201116861390587e-02 3.154724104670179885e-02 4.756256299413014199e-02 3.047883068211330870e-02 1.529925335400469238e-02 7.464151824465713181e-03 3.934473014511503941e-03 1.796916410572801850e-03 2.663653292048136310e-03 5.174639544908934789e-03 7.138569354275129189e-03
1.563369263289603531e-02 2.461544177941039913e-02 4.354948971089822596e-02 6.562523504245491857e-02 4.202906801796668645e-02 2.109611184356673802e-02 1.029328087876577383e-02 5.426305878924840218e-03 2.478508996915339269e-03 3.674371283538405922e-03 7.138569354275129189e-03 9.849857112316225821e-03
1.113186061322770370e-01 7.642910917098774681e-02 5.948825479505169544e-02 5.799160948082271450e-02 6.465253697871013727e-02 4.483264939749225658e-02 5.251940787729701687e-02 8.435984108441099694e-02 1.086416793385145407e-01 1.019736669055633232e-01 1.300566205588555846e-01 1.603879024931386676e-01
7.642910917098774681e-02 5.303305734394667126e-02 4.161612296365765906e-02 4.080555244231203610e-02 4.561706971548745715e-02 3.163527044848649800e-02 3.703525572163017532e-02 5.942139451190077415e-02 7.627046456249012008e-02 7.094141631351187638e-02 8.946777276554973568e-02 1.095444385021493022e-01
5.948825479505169544e-02 4.161612296365765906e-02 3.300309010028002615e-02 3.260787877087677200e-02 3.658964621978745557e-02 2.539226690118918939e-02 2.972806943274523134e-02 4.766191809463039136e-02 6.097002494802952755e-02 5.615332190670184465e-02 6.995349830290381599e-02 8.496692940199788990e-02
5.799160948082271450e-02 4.080555244231203610e-02 3.260787877087677200e-02 3.245354380876779021e-02 3.655105958993894177e-02 2.539121047342366572e-02 2.974511443584058543e-02 4.767746419376894806e-02 6.083039274764794752e-02 5.556777022215844686e-02 6.851141234929325474e-02 8.264319932135645586e-02
6.465253697871013727e-02 4.561706971548745715e-02 3.658964621978745557e-02 3.655105958993894177e-02 4.128492412244547105e-02 2.871536496182467563e-02 3.368062880685544769e-02 5.400910182471058835e-02 6.882407406186913379e-02 6.256700742266284310e-02 7.665860110529980342e-02 9.206478271152557236e-02
4.483264939749225658e-02 3.163527044848649800e-02 2.539226690118918939e-02 2.539121047342366572e-02 2.871536496182467563e-02 2.003328238339694908e-02 2.358367724488998410e-02 3.790271242096891063e-02 4.831341818204840100e-02 4.378551707689579825e-02 5.340864473326142892e-02 6.390262492629135427e-02
5.251940787729701687e-02 3.703525572163017532e-02 2.972806943274523134e-02 2.974511443584058543e-02 3.368062880685544769e-02 2.358367724488998410e-02 2.791504741851098120e-02 4.501965918129102739e-02 5.743431090259334265e-02 5.187652519024458370e-02 6.295816463943390562e-02 7.498794966563127051e-02
8.435984108441099694e-02 5.942139451190077415e-02 4.766191809463039136e-02 4.767746419376894806e-02 5.400910182471058835e-02 3.790271242096891063e-02 4.501965918129102739e-02 7.283901582402879660e-02 9.304044459951529844e-02 8.390441009078329626e-02 1.015597883593558071e-01 1.206417919547104478e-01
1.086416793385145407e-01 7.627046456249012008e-02 6.097002494802952755e-02 6.083039274764794752e-02 6.882407406186913379e-02 4.831341818204840100e-02 5.743431090259334265e-02 9.304044459951529844e-02 1.193888016920023887e-01 1.080016823632326817e-01 1.310764779628314503e-01 1.557717710841644565e-01
1.019736669055633232e-01 7.094141631351187638e-02 5.615332190670184465e-02 5.556777022215844686e-02 6.256700742266284310e-02 4.378551707689579825e-02 5.187652519024458370e-02 8.390441009078329626e-02 1.080016823632326817e-01 9.942677198801130878e-02 1.227465308764855573e-01 1.470485479119433836e-01
1.300566205588555846e-01 8.946777276554973568e-02 6.995349830290381599e-02 6.851141234929325474e-02 7.665860110529980342e-02 5.340864473326142892e-02 6.295816463943390562e-02 1.015597883593558071e-01 1.310764779628314503e-01 1.227465308764855573e-01 1.556371085369139262e-01 1.888385593016505548e-01
1.603879024931386676e-01 1.095444385021493022e-01 8.496692940199788990e-02 8.264319932135645586e-02 9.206478271152557236e-02 6.390262492629135427e-02 7.498794966563127051e-02 1.206417919547104478e-01 1.557717710841644565e-01 1.470485479119433836e-01 1.888385593016505548e-01 2.336667506494189417e-01
6.422447620291286616e-03 1.273677327319125765e-02 2.004389368316288403e-02 5.326126876700052609e-02 2.885166845289567975e-02 2.917414637106554784e-02 2.598786985805357982e-02 1.352495221868680111e-02 5.638658382873341923e-03 6.405990258052152858e-03 3.947455030585949459e-03 3.875968899564127650e-03
1.273677327319125765e-02 2.540905390417292145e-02 4.032524963725877404e-02 1.078675864666860523e-01 5.757840487591300155e-02 5.733529216554901498e-02 5.081019828754001350e-02 2.643583431816509677e-02 1.102716394321779335e-02 1.254005585987581252e-02 7.743670068832182382e-03 7.642008819522217063e-03
2.004389368316288403e-02 4.032524963725877404e-02 6.495965849374246703e-02 1.757740004482211127e-01 9.166677145777575586e-02 8.911541258587256376e-02 7.834117341592344852e-02 4.073843110817397528e-02 1.700538384594472985e-02 1.936547276815603000e-02 1.199542888414754926e-02 1.192559733537794722e-02
5.326126876700052609e-02 1.078675864666860523e-01 1.757740004482211127e-01 4.815417727913428037e-01 2.460614480903610124e-01 2.344921120071530030e-01 2.047949407965892754e-01 1.064491651455796994e-01 4.446026403061847238e-02 5.068800546423939818e-02 3.147578133985846904e-02 3.147835947226023529e-02
2.885166845289567975e-02 5.757840487591300155e-02 9.166677145777575586e-02 2.460614480903610124e-01 1.313629702485011319e-01 1.302453081459433171e-01 1.151561366413747650e-01 5.988595684650153267e-02 2.497519791917695436e-02 2.839631801844443720e-02 1.753560973305888504e-02 1.730796633752656327e-02
2.917414637106554784e-02 5.733529216554901498e-02 8.911541258587256376e-02 2.344921120071530030e-01 1.302453081459433171e-01 1.350457454181497319e-01 1.209747087775625285e-01 6.294045546643736722e-02 2.620859062493651609e-02 2.971710858726687304e-02 1.824936813863209037e-02 1.777356954758032778e-02
2.598786985805357982e-02 5.081019828754001350e-02 7.834117341592344852e-02 2.047949407965892754e-01 1.151561366413747650e-01 1.209747087775625285e-01 1.091432245378403387e-01 5.680253438903058033e-02 2.364010381795345062e-02 2.678061768642801127e-02 1.641528864151499401e-02 1.591539225036257138e-02
1.352495221868680111e-02 2.643583431816509677e-02 4.073843110817397528e-02 1.064491651455796994e-01 5.988595684650153267e-02 6.294045546643736722e-02 5.680253438903058033e-02 2.957686830113231968e-02 1.231024620020537003e-02 1.394633381464280286e-02 8.547646197697841494e-03 8.285257779782870952e-03
5.638658382873341923e-03 1.102716394321779335e-02 1.700538384594472985e-02 4.446026403061847238e-02 2.497519791917695436e-02 2.620859062493651609e-02 2.364010381795345062e-02 1.231024620020537003e-02 5.124702947868136488e-03 5.807145013153835328e-03 3.559926787166252469e-03 3.452286184788016209e-03
6.405990258052152858e-03 1.254005585987581252e-02 1.936547276815603000e-02 5.068800546423939818e-02 2.839631801844443720e-02 2.971710858726687304e-02 2.678061768642801127e-02 1.394633381464280286e-02 5.807145013153835328e-03 6.582668563862747145e-03 4.036849490500503401e-03 3.918160841896945780e-03
3.947455030585949459e-03 7.743670068832182382e-03 1.199542888414754926e-02 3.147578133985846904e-02 1.753560973305888504e-02 1.824936813863209037e-02 1.641528864151499401e-02 8.547646197697841494e-03 3.559926787166252469e-03 4.036849490500503401e-03 2.477568412975067209e-03 2.409212715436664324e-03
3.875968899564127650e-03 7.642008819522217063e-03 1.192559733537794722e-02 3.147835947226023529e-02 1.730796633752656327e-02 1.777356954758032778e-02 1.591539225036257138e-02 8.285257779782870952e-03 3.452286184788016209e-03 3.918160841896945780e-03 2.409212715436664324e-03 2.353318760120752442e-03
1.683810061310055950e-01 1.769109290403215740e-01 1.331763365309041325e-01 6.640290067717694034e-02 6.553439245102976596e-02 5.173902875174413857e-02 3.889298564916349177e-02 3.236686188138952064e-02 3.687759356618110912e-02 6.771761012338124719e-02 1.496098638000871450e-01 2.095105730421562840e-01
1.769109290403215740e-01 1.915797258768673350e-01 1.447694029879720012e-01 7.190759977998543995e-02 7.064667472286728644e-02 5.557354788255134542e-02 4.157795500732270472e-02 3.432027955676392184e-02 3.864790111244981174e-02 7.027206281406997435e-02 1.541856858293919053e-01 2.153415156908837780e-01
1.331763365309041325e-01 1.447694029879720012e-01 1.102755681736409810e-01 5.479575281678365078e-02 5.383899836271778538e-02 4.232435658664689127e-02 3.162301004454941278e-02 2.603745624416428997e-02 2.921656509182978673e-02 5.297427647676369866e-02 1.160146757498572850e-01 1.617539980339911532e-01
6.640290067717694034e-02 7.190759977998543995e-02 5.479575281678365078e-02 2.731283018442434013e-02 2.690954645341018386e-02 2.117379396301987890e-02 1.582589514947148335e-02 1.303376512016361961e-02 1.463057480492495691e-02 2.654011691008258816e-02 5.814403821568529807e-02 8.098736776554552041e-02
6.553439245102976596e-02 7.064667472286728644e-02 5.383899836271778538e-02 2.690954645341018386e-02 2.660418368645428924e-02 2.095881910285363539e-02 1.567396459521877214e-02 1.291501836505920021e-02 1.450747460131839722e-02 2.633651654326647773e-02 5.772846280432365751e-02 8.032232202931914589e-02
5.173902875174413857e-02 5.557354788255134542e-02 4.232435658664689127e-02 2.117379396301987890e-02 2.095881910285363539e-02 1.652977436441176867e-02 1.237158920818078739e-02 1.020463939340444590e-02 1.147933841040322395e-02 2.086468952620318743e-02 4.577006052004698594e-02 6.365363313839447756e-02
3.889298564916349177e-02 4.157795500732270472e-02 3.162301004454941278e-02 1.582589514947148335e-02 1.567396459521877214e-02 1.237158920818078739e-02 9.271530899633397341e-03 7.662503872575081830e-03 8.642665071218035705e-03 1.574282235928354742e-02 3.458117811831566690e-02 4.807955351418236045e-02
3.236686188138952064e-02 3.432027955676392184e-02 2.603745624416428997e-02 1.303376512016361961e-02 1.291501836505920021e-02 1.020463939340444590e-02 7.662503872575081830e-03 6.356084134072331054e-03 7.205602940671740342e-03 1.317894397307044392e-02 2.902311001494776305e-02 4.033980922035598771e-02
3.687759356618110912e-02 3.864790111244981174e-02 2.921656509182978673e-02 1.463057480492495691e-02 1.450747460131839722e-02 1.147933841040322395e-02 8.642665071218035705e-03 7.205602940671740342e-03 8.229849777923872040e-03 1.514283532151996896e-02 3.347236177102536070e-02 4.650054483420223289e-02
6.771761012338124719e-02 7.027206281406997435e-02 5.297427647676369866e-02 2.654011691008258816e-02 2.633651654326647773e-02 2.086468952620318743e-02 1.574282235928354742e-02 1.317894397307044392e-02 1.514283532151996896e-02 2.800894230687851066e-02 6.211423849885966408e-02 8.623682333718296622e-02
1.496098638000871450e-01 1.541856858293919053e-01 1.160146757498572850e-01 5.814403821568529807e-02 5.772846280432365751e-02 4.577006052004698594e-02 3.458117811831566690e-02 2.902311001494776305e-02 3.347236177102536070e-02 6.211423849885966408e-02 1.382105808831258220e-01 1.918844676019505757e-01
2.095105730421562840e-01 2.153415156908837780e-01 1.617539980339911532e-01 8.098736776554552041e-02 8.032232202931914589e-02 6.365363313839447756e-02 4.807955351418236045e-02 4.033980922035598771e-02 4.650054483420223289e-02 8.623682333718296622e-02 1.918844676019505757e-01 2.692399235815615688e-01
4.892449918701663458e-02 9.676383525815646092e-02 1.039443034040873071e-01 9.238088975480561460e-02 9.121411057268261069e-02 6.582714435277714493e-02 3.468560927102468106e-02 2.005380569280438077e-02 1.483874544081356141e-02 1.578530596101818811e-02 1.403650770237013790e-02 2.392032821497524706e-02
9.676383525815646092e-02 1.920388389114561778e-01 2.058547523569372317e-01 1.819960789654770650e-01 1.789430573326559748e-01 1.290404066441611930e-01 6.803104972391849081e-02 3.936787769169411422e-02 2.916531641851646123e-02 3.106622450260776436e-02 2.767250852616279233e-02 4.723842345524182501e-02
1.039443034040873071e-01 2.058547523569372317e-01 2.244410237229625960e-01 2.000165950447910512e-01 1.972699431855878260e-01 1.420649618714439621e-01 7.474251191321563959e-02 4.313983250358402466e-02 3.185097025524334657e-02 3.380383089341813807e-02 2.997236866888051965e-02 5.092519564352322725e-02
9.238088975480561460e-02 1.819960789654770650e-01 2.000165950447910512e-01 1.840616021791777746e-01 1.845480165813914719e-01 1.328663683992276912e-01 6.960474181876427635e-02 3.994866038853387563e-02 2.927896565433028148e-02 3.083429110871137649e-02 2.707547893636513131e-02 4.556912890479267869e-02
9.121411057268261069e-02 1.789430573326559748e-01 1.972699431855878260e-01 1.845480165813914719e-01 1.895281456797429098e-01 1.366973779121308796e-01 7.136910107499844225e-02 4.077157674182234348e-02 2.970321994424887993e-02 3.108440910959659603e-02 2.708132002356306717e-02 4.523339751759906935e-02
6.582714435277714493e-02 1.290404066441611930e-01 1.420649618714439621e-01 1.328663683992276912e-01 1.366973779121308796e-01 9.922622209119624781e-02 5.181291301971241436e-02 2.957975779276930672e-02 2.152866319891356961e-02 2.250636570838605854e-02 1.958218952034439936e-02 3.266879574752053900e-02
3.468560927102468106e-02 6.803104972391849081e-02 7.474251191321563959e-02 6.960474181876427635e-02 7.136910107499844225e-02 5.181291301971241436e-02 2.710611848361165616e-02 1.549292130704515297e-02 1.128969571236961185e-02 1.181625141742122589e-02 1.029479157568096055e-02 1.719762648351675499e-02
2.005380569280438077e-02 3.936787769169411422e-02 4.313983250358402466e-02 3.994866038853387563e-02 4.077157674182234348e-02 2.957975779276930672e-02 1.549292130704515297e-02 8.871225419551964295e-03 6.477145794504122339e-03 6.792226872884419425e-03 5.930662034083839657e-03 9.928429707960435835e-03
1.483874544081356141e-02 2.916531641851646123e-02 3.185097025524334657e-02 2.927896565433028148e-02 2.970321994424887993e-02 2.152866319891356961e-02 1.128969571236961185e-02 6.477145794504122339e-03 4.741844275567836178e-03 4.985726523490704130e-03 4.366676873083246216e-03 7.331824011050785961e-03
1.578530596101818811e-02 3.106622450260776436e-02 3.380383089341813807e-02 3.083429110871137649e-02 3.108440910959659603e-02 2.250636570838605854e-02 1.181625141742122589e-02 6.792226872884419425e-03 4.985726523490704130e-03 5.257287404445392352e-03 4.620096035356570721e-03 7.782525216256053202e-03
1.403650770237013790e-02 2.767250852616279233e-02 2.997236866888051965e-02 2.707547893636513131e-02 2.708132002356306717e-02 1.958218952034439936e-02 1.029479157568096055e-02 5.930662034083839657e-03 4.366676873083246216e-03 4.620096035356570721e-03 4.078545563980176189e-03 6.900174340495345698e-03
2.392032821497524706e-02 4.723842345524182501e-02 5.092519564352322725e-02 4.556912890479267869e-02 4.523339751759906935e-02 3.266879574752053900e-02 1.719762648351675499e-02 9.928429707960435835e-03 7.331824011050785961e-03 7.782525216256053202e-03 6.900174340495345698e-03 1.172464708129065600e-02
3.239619272213419277e-01 1.980942312428404517e-01 9.856080007859116532e-02 6.774996433517627148e-02 3.743125146211521981e-02 3.287637224659427371e-02 3.358359437964306138e-02 8.130969476382185479e-02 1.335768811688518853e-01 1.517655426423978604e-01 2.049644144673966051e-01 2.433965387641880418e-01
1.980942312428404517e-01 1.225592695655554343e-01 6.113782727435570358e-02 4.209783163334688411e-02 2.328428681035740744e-02 2.047824558819675775e-02 2.094325193771387136e-02 5.073180231792873141e-02 8.333583644925689204e-02 9.452201519688423204e-02 1.271885987087265912e-01 1.499502646347912194e-01
9.856080007859116532e-02 6.113782727435570358e-02 3.066804449285896045e-02 2.120544557610387626e-02 1.176236627584573841e-02 1.037870454931191615e-02 1.064397750728485366e-02 2.581544712199337552e-02 4.241799562557443948e-02 4.803338904219097566e-02 6.438257663648497275e-02 7.527298076853142228e-02
6.774996433517627148e-02 4.209783163334688411e-02 2.120544557610387626e-02 1.473246264209162291e-02 8.198501526832269182e-03 7.260791717307996801e-03 7.469672247974209860e-03 1.814191447816260183e-02 2.981928071737177319e-02 3.370987611935565009e-02 4.500387144840901910e-02 5.218217589596578498e-02
3.743125146211521981e-02 2.328428681035740744e-02 1.176236627584573841e-02 8.198501526832269182e-03 4.576482258697382732e-03 4.067252653951174829e-03 4.196715070089405801e-03 1.020639381636061563e-02 1.678182132891255576e-02 1.894399551318232122e-02 2.520514459772922253e-02 2.902651237257163064e-02
3.287637224659427371e-02 2.047824558819675775e-02 1.037870454931191615e-02 7.260791717307996801e-03 4.067252653951174829e-03 3.629998739692015704e-03 3.759063335402457098e-03 9.156927912473408065e-03 1.506258489684408723e-02 1.697287541510152792e-02 2.249004391796731450e-02 2.569388487714490202e-02
3.358359437964306138e-02 2.094325193771387136e-02 1.064397750728485366e-02 7.469672247974209860e-03 4.196715070089405801e-03 3.759063335402457098e-03 3.905371802497557051e-03 9.527455408594329156e-03 1.567825594188363911e-02 1.763849996844654017e-02 2.328790053823183437e-02 2.642293890275069362e-02
8.130969476382185479e-02 5.073180231792873141e-02 2.581544712199337552e-02 1.814191447816260183e-02 1.020639381636061563e-02 9.156927912473408065e-03 9.527455408594329156e-03 2.325984471859481387e-02 3.828364436886425026e-02 4.303823479827471876e-02 5.672963311327657021e-02 6.416722025731985690e-02
1.335768811688518853e-01 8.333583644925689204e-02 4.241799562557443948e-02 2.981928071737177319e-02 1.678182132891255576e-02 1.506258489684408723e-02 1.567825594188363911e-02 3.828364436886425026e-02 6.304906188359608865e-02 7.089145412462746765e-02 9.342225538603436685e-02 1.055537881418493473e-01
1.517655426423978604e-01 9.452201519688423204e-02 4.803338904219097566e-02 3.370987611935565009e-02 1.894399551318232122e-02 1.697287541510152792e-02 1.763849996844654017e-02 4.303823479827471876e-02 7.089145412462746765e-02 8.000332179488317541e-02 1.058105629025290761e-01 1.198281240772026135e-01
2.049644144673966051e-01 1.271885987087265912e-01 6.438257663648497275e-02 4.500387144840901910e-02 2.520514459772922253e-02 2.249004391796731450e-02 2.328790053823183437e-02 5.672963311327657021e-02 9.342225538603436685e-02 1.058105629025290761e-01 1.412512446116564457e-01 1.611611170150368810e-01
2.433965387641880418e-01 1.499502646347912194e-01 7.527298076853142228e-02 5.218217589596578498e-02 2.902651237257163064e-02 2.569388487714490202e-02 2.642293890275069362e-02 6.416722025731985690e-02 1.055537881418493473e-01 1.198281240772026135e-01 1.611611170150368810e-01 1.884029702685343921e-01
4.434614389365445358e-02 4.373598336131313130e-02 2.852685958297714042e-02 3.378490777550004903e-02 4.565233912319996423e-02 7.190046064891025823e-02 5.604550254863538417e-02 9.195271543314723073e-02 7.194621415992266678e-02 6.473499431432347406e-02 7.526083848677066201e-02 3.979453102715342638e-02
